0.504 -0.501
-77.498 15.502
-107.502 31.500
-19.501 -113.513
112.502 35.502
98.496 109.501
151.510 19.500
63.510 -170.508
-104.499 -172.502
105.507 -186.501
30.500 -219.505
223.507 -20.501
-101.501 -213.504
-50.498 -243.497
-224.502 -110.504
225.504 117.504
-145.507 209.497
128.496 237.501
243.497 127.502
291.496 -112.503
-266.501 178.500
-60.504 -316.498
-54.500 318.500
324.494 -54.499
223.503 -244.501
323.496 -123.496
263.505 -226.504
299.500 182.499
211.497 291.505
91.503 -356.511
246.500 277.500
-380.497 -3.500
-161.505 -350.495
-208.500 -329.497
-363.505 141.501
172.892 -353.768
177.859 -358.855
368.503 161.504
275.496 -301.500
-368.494 -176.499
254.505 324.501
0.496 413.503
407.500 -80.504
-129.501 396.503
-212.503 -360.500
141.797 394.952
-154.503 393.494
-69.497 420.501
-427.502 -37.505
-280.502 325.497
-424.500 -79.492
-291.505 -323.499
218.497 -377.497
-340.502 271.504
150.496 411.501
114.499 426.495
-313.501 321.499
-449.496 -20.502
-231.005 -388.767
-235.993 -386.421
-12.493 -457.509
-299.503 -352.502
-253.256 -390.456
-253.110 -390.891
-425.502 200.503
231.502 410.507
-393.505 -267.513
-386.495 -297.499
-253.991 -416.993
181.499 -455.490
105.496 479.502
-95.502 -482.504
120.500 -478.500
226.501 -443.506
498.503 7.500
484.493 138.500
419.506 -283.497
-503.493 -45.505
455.496 223.504
216.821 -460.053
-252.095 -444.028
385.501 -338.504
-499.505 111.497
473.501 203.498
457.497 252.497
-520.851 -96.836
-400.500 349.501
41.498 -533.501
-528.176 -97.467
208.495 -500.505
55.503 539.504
-205.503 -507.504
-499.500 -275.108
-499.500 -275.499
562.152 133.501
576.509 42.493
562.500 134.642
-465.495 -342.497
430.507 -395.500
378.499 -449.497
587.508 24.499
540.498 -232.503
77.494 582.503
-215.498 -554.500
395.500 451.504
283.505 -539.498
432.499 431.497
611.492 61.507
164.500 593.493
-565.704 -247.348
-192.502 -587.502
595.502 -184.498
-572.926 -249.697
304.500 553.504
623.501 156.502
482.499 -426.494
-378.499 521.494
157.504 626.505
-526.500 -379.500
610.502 -238.502
-192.495 -628.498
317.503 -577.499
340.499 569.505
-661.494 54.508
-665.499 -56.503
573.500 345.499
-291.503 -604.496
-248.498 -624.500
482.504 471.496
-663.497 131.498
-390.506 -563.505
-281.497 -626.502
-686.501 27.498
683.496 -86.496
-673.497 -167.499
-623.496 308.496
-202.503 666.507
231.493 -661.500
653.502 253.500
701.507 12.500
-569.499 418.501
-96.501 701.501
-328.497 -629.496
692.498 159.500
366.500 -611.500
26.499 -713.497
-708.676 138.864
652.503 312.502
-709.505 152.500
-190.496 -701.495
-590.500 -425.501
350.500 -639.501
-301.501 -669.498
-196.502 707.502
-664.495 -320.492
-581.498 -457.503
669.493 322.504
673.905 315.837
-599.504 441.503
-393.494 -638.497
-605.506 -447.502
107.504 757.501
-398.504 653.498
376.497 667.509
375.503 -673.501
453.498 -626.497
-444.502 635.499
-174.500 -759.501
-581.500 519.499
-52.501 -779.506
-771.497 131.497
-554.495 -556.503
-404.502 -675.497
-429.880 -663.579
789.502 96.493
376.501 -702.500
-791.509 139.503
-380.505 -710.499
670.502 449.504
771.504 -262.498
-800.491 170.505
259.501 778.500
647.505 509.499
-633.503 -527.503
-560.497 606.505
151.503 -814.502
4.502 840.502
-331.500 -775.495
-734.504 -417.500
841.497 -115.499
-594.503 616.501
648.500 -572.506
859.491 131.506
686.503 536.504
-395.498 -778.495
477.503 -733.496
-836.501 259.496
-778.497 -402.496
88.504 882.499
638.505 -621.501
800.497 -395.498
-104.498 890.502
551.500 -714.498
-813.496 389.495
720.499 -545.504
696.505 577.506
753.498 502.496
102.502 -900.504
-316.503 -853.501
-879.501 -244.501
-915.963 51.454
381.505 -837.500
-833.502 -389.497
-279.505 -878.497
-372.503 -843.502
725.498 570.501
-218.503 -897.500
-169.502 909.501
829.504 -415.499
924.511 -112.505
-930.503 50.499
-930.489 -59.500
-877.502 315.501
469.499 814.503
-467.499 -817.507
868.492 366.491
673.502 -661.498
818.499 -470.499
946.497 106.500
804.496 509.505
717.499 -631.503
945.506 -158.501
-217.505 936.507
628.499 730.496
-423.503 -867.494
-29.501 968.501
389.500 889.496
102.506 -967.502
343.218 909.519
56.507 973.507
340.499 914.501
-640.498 -743.493
338.501 -925.502
257.495 -951.506
-543.499 -831.496
275.500 955.501
984.504 150.492
522.001 849.738
529.362 847.010
-169.496 986.499
116.501 996.488
827.490 583.501
444.498 910.497
723.501 710.502
409.493 927.498
1013.500 50.494
-883.502 -511.503
684.503 759.504
-859.498 558.501
-110.490 -1021.510
914.493 -469.497
-141.499 1017.490
254.957 997.175
-1007.500 -213.498
237.496 -1003.510
807.502 641.500
528.500 889.499
248.503 1005.510
642.493 -815.496
-1010.500 -251.504
447.490 -941.499
918.500 496.498
-327.497 -995.497
1008.500 286.495
17.494 1047.500
-775.501 -706.502
-1054.500 -2.499
854.501 624.504
1052.500 147.503
-768.494 733.496
-731.499 -772.497
99.498 1060.500
583.506 892.501
215.501 1044.500
-574.501 901.503
1070.490 24.501
591.501 -895.499
-20.497 -1073.110
-20.496 -1073.500
-1022.500 -327.496
-236.507 1048.500
-50.501 1075.500
825.493 701.500
877.501 649.497
-531.507 -954.497
-400.502 -1017.500
938.502 564.505
575.498 934.501
-255.501 1068.500
1076.500 235.506
937.502 584.502
-237.504 -1081.500
882.235 675.025
865.503 700.498
881.499 685.497
1117.490 -84.499
360.503 -1061.500
1120.510 92.498
368.508 1061.500
-401.508 1049.500
1033.500 443.499
-1006.500 -503.503
-792.029 -811.947
1071.500 -374.495
-993.502 -549.495
-799.024 -813.393
931.501 669.500
-3.506 1148.500
1144.510 -146.490
898.501 733.506
951.499 -664.501
949.508 -667.818
1049.490 503.504
120.501 1157.500
1055.240 497.474
460.499 -1077.500
291.495 1135.510
-1057.500 -509.512
-33.510 1177.500
954.503 693.501
1167.500 -173.499
219.499 1161.500
1182.500 74.495
792.500 -881.510
394.499 1117.500
-794.505 881.503
1018.500 611.493
581.496 1036.500
-4.501 -1190.490
-1123.500 397.493
-430.501 1113.510
1159.500 -289.501
1150.500 325.506
1085.500 505.499
-127.507 -1191.500
70.496 -1199.500
-283.495 1168.500
-254.498 -1179.500
217.498 1188.500
1189.490 -218.495
-86.503 -1211.500
1213.500 75.506
-448.502 -1133.510
409.497 1150.510
-281.498 -1190.500
-539.506 1099.500
-1198.500 -273.507
665.502 1034.510
981.498 744.499
-1067.500 613.499
1143.500 475.500
871.502 880.497
428.500 1164.500
1192.500 346.503
-912.509 848.501
-884.498 886.500
-1015.500 -734.500
376.495 1198.500
1140.490 538.493
1118.500 600.505
-1082.490 661.507
-1179.500 -477.500
1269.500 122.501
-1271.500 -128.500
-1084.490 -677.505
981.500 824.494
584.501 1141.490
-682.496 1090.500
-844.500 -984.498
651.503 -1122.500
1095.500 -700.501
-1273.500 -268.500
-631.503 -1141.500
-1244.500 401.503
-1302.500 198.497
908.496 -956.502
1001.500 -859.503
642.500 -1153.510
1030.500 825.496
1188.510 -588.497
1315.500 -175.502
1314.500 -248.505
1124.500 726.506
1181.500 647.499
-1332.510 -199.507
1351.500 94.507
726.497 -1145.500
955.664 964.949
-1329.500 -306.503
-804.502 -1106.500
-1140.510 -755.500
976.501 962.509
1290.510 -467.497
-869.502 -1061.500
960.498 981.502
1126.500 801.504
1179.500 725.505
-1351.510 -300.503
1395.490 -27.501
-1397.500 18.503
977.491 -1001.500
1031.510 953.495
1053.500 930.498
1387.500 241.498
1267.500 625.502
1317.500 516.493
1233.510 711.497
1403.500 -319.498
1439.500 68.488
929.500 -1102.490
1441.490 119.495
811.499 1199.500
-867.497 -1173.500
1448.500 -185.509
1388.500 455.500
-1083.510 -989.498
-1470.500 14.499
987.497 1097.500
1329.330 648.388
872.503 -1196.500
1230.500 825.501
1249.500 -798.494
1306.500 703.503
860.501 1212.500
-1485.500 67.503
-1001.500 1106.500
-913.501 1181.510
1230.500 856.505
905.492 -1201.490
-1274.500 807.509
-1377.500 625.495
-1024.500 -1119.500
-1537.510 -3.493
1042.510 -1137.500
1274.490 -877.500
1098.500 -1092.500
-1076.500 1112.500
1448.500 561.495
1526.500 325.503
1514.500 -387.498
1290.510 -882.499
-1535.490 -369.499
1477.500 590.502
-1459.500 677.500
1110.500 1176.500
1218.500 -1086.500
-1524.500 -589.503
-1317.500 981.503
-1284.500 -1029.500
-1517.500 -663.506
1404.500 -900.502
1217.510 1158.500
1213.500 -1166.500
1619.500 462.497
-1552.500 655.504
-1215.500 -1172.500
1341.510 -1029.500
-1570.500 623.497
1274.510 1119.500
1380.500 -994.500
1380.800 -994.120
1385.540 -994.501
1403.500 978.501
1232.500 -1206.500
1591.500 672.500
-1517.500 -842.501
-1424.500 -998.500
1550.500 -796.494
1298.500 1212.490
-1492.490 1010.500
-1520.510 968.505
-1406.500 -1130.500
-1384.510 -1201.500
-1545.500 -998.492
1458.500 1122.500
1473.500 1139.510
-1559.500 -1032.500
1485.510 1199.490
-1554.510 1138.500
-1565.510 -1169.500
