0.504 -0.503
16.510 69.501
-76.494 51.499
-84.498 -46.499
-57.500 -87.504
-43.498 -137.505
-27.981 152.661
-27.762 154.842
-112.508 -131.504
-189.494 -37.496
187.496 -58.497
-181.499 105.511
-44.508 -215.495
187.497 135.504
230.491 46.493
218.497 103.498
-239.500 -40.495
-216.499 116.491
-249.020 32.512
55.500 246.502
-119.503 -240.503
-172.496 -214.495
228.498 168.498
218.494 -230.498
97.496 -308.497
257.502 -196.498
200.503 -260.505
-208.495 -255.495
-179.492 280.502
272.498 214.503
-166.499 305.498
-338.496 -83.501
-294.500 -221.503
-100.494 361.491
379.504 40.498
-361.503 131.500
163.498 355.498
-85.503 385.496
-336.501 -235.505
24.498 -421.502
-313.497 -292.502
411.502 128.501
127.501 -418.497
-0.499 438.500
-37.501 -439.499
96.503 -432.501
361.500 -260.499
5.500 -446.494
17.506 445.495
316.498 -318.499
-91.503 -440.499
-13.500 -461.507
-343.497 -309.500
-19.502 -473.157
364.507 302.499
-112.496 461.502
-274.497 -389.507
157.500 449.643
383.392 -287.944
-460.499 -161.502
402.031 -280.979
402.860 -283.830
66.499 -491.502
397.501 -307.500
-259.501 429.496
60.500 511.509
237.497 -464.497
-158.501 -501.505
-391.496 -356.496
-522.500 106.497
283.493 -467.499
-193.503 -512.501
-458.498 -300.503
548.501 94.498
-199.312 -519.604
353.499 430.497
414.494 372.504
-559.501 -16.500
363.502 -431.498
455.503 334.502
563.496 -80.496
-305.500 480.504
570.505 -40.494
210.506 -536.512
536.503 -245.501
-92.498 -583.505
-567.505 164.501
-67.496 -591.501
40.500 -595.503
143.494 -580.501
570.500 -187.500
-287.502 -541.500
355.494 499.499
-106.502 -604.501
-191.497 -583.499
-450.507 -421.497
-177.851 -592.210
485.501 -388.498
-604.499 160.501
-626.496 24.501
-290.506 555.505
627.222 -55.791
633.202 -47.762
539.494 -336.503
15.498 -639.497
604.500 -224.502
444.502 -467.506
633.495 -129.498
655.496 55.498
82.495 -656.501
559.503 -354.500
-398.508 -528.504
593.500 301.498
-515.497 -423.503
416.499 -526.499
-515.497 -431.387
624.500 271.500
-20.498 681.492
-77.495 -678.499
-553.501 400.499
-535.497 -432.498
375.503 -579.493
-533.294 -439.932
436.499 -541.496
-336.569 -610.752
85.499 -693.502
-237.501 -657.499
693.497 -104.499
-337.540 -615.706
460.488 -533.504
21.502 -705.492
435.500 -565.499
-691.505 187.501
676.498 -240.502
714.503 78.500
-414.497 586.503
-580.500 -427.501
-690.499 206.496
720.496 104.506
141.498 724.496
386.499 -634.498
723.500 -169.501
615.493 -419.503
477.500 572.497
676.501 314.500
-235.504 -708.504
-558.503 -498.496
745.496 75.502
-276.506 -696.499
531.496 -530.501
-386.493 642.501
749.491 -119.503
675.496 -348.500
742.497 180.502
439.503 -625.500
686.495 340.500
728.503 -241.490
196.502 744.501
718.503 -285.499
726.498 -266.507
748.505 205.497
635.501 -449.501
777.500 -83.498
762.500 -174.498
-96.499 -777.497
-43.501 -782.500
-565.503 543.492
758.500 -214.504
726.498 -312.506
620.499 -491.499
727.946 -318.344
727.830 337.777
-775.504 211.505
361.504 -722.500
-42.498 -808.499
641.502 501.503
801.925 -148.016
-668.497 466.502
806.490 -148.692
553.498 -609.497
799.502 -200.498
-334.501 752.499
341.490 750.500
194.509 802.503
810.499 174.497
-233.507 -796.505
779.499 -288.505
525.502 -644.499
-606.506 -580.492
744.014 -407.039
206.501 -822.502
847.501 -69.502
363.499 -775.503
-309.500 -798.497
-533.500 -671.504
492.498 -715.496
113.508 -864.503
311.496 813.495
433.498 759.504
415.496 -772.490
-858.499 -176.501
66.499 -878.508
479.499 753.499
-14.500 -894.495
-889.501 93.497
-398.492 803.501
-661.500 -608.497
-891.496 127.500
824.501 389.495
881.508 -236.499
-575.505 710.500
914.498 -74.498
-684.502 614.492
268.507 880.503
-467.506 793.499
345.862 860.196
-360.502 -856.501
350.358 861.743
-866.501 -343.498
-912.502 218.497
758.496 -555.500
-342.493 -877.505
-241.495 -913.498
463.496 -824.505
-359.574 -880.481
911.505 272.503
-885.501 -346.494
714.492 629.494
-359.555 -882.036
-417.502 -857.499
-616.505 -730.503
286.499 920.496
863.497 431.494
-203.502 -946.488
-451.498 -856.499
547.499 798.503
648.500 722.496
-627.499 -747.506
882.499 -437.498
986.496 -13.502
-840.502 515.499
-681.504 -715.497
-74.504 -989.499
14.494 -993.499
964.501 248.502
973.500 213.503
-978.498 203.495
983.496 -198.499
316.501 -955.502
46.499 -1006.500
996.506 166.509
351.497 -953.503
-617.497 -809.498
-80.495 -1016.500
202.494 -1004.500
-500.496 -897.501
932.498 -451.498
-933.498 -452.492
-1040.490 -7.493
799.499 -669.503
356.498 -981.502
-486.498 -923.502
650.496 816.504
-1033.500 -148.494
-679.502 -795.496
941.495 457.501
1007.500 -289.501
674.499 805.501
-831.493 -650.500
-225.495 1033.500
-1055.500 81.501
-416.495 -980.500
-895.505 584.500
-580.498 900.495
215.501 -1052.500
-1007.500 376.497
-1050.510 -240.499
777.495 -752.497
1079.500 -75.503
936.499 552.499
1071.500 -194.498
1065.500 -228.505
990.500 -458.496
898.501 -636.496
-548.495 957.493
-1084.500 211.504
1088.290 214.359
70.503 -1110.510
-366.500 -1053.500
1031.500 431.504
623.499 930.501
1112.490 -139.494
-437.506 -1033.490
-308.500 1078.500
872.495 -715.501
1088.500 -301.501
45.502 -1130.500
1130.380 -72.705
-842.505 -756.500
-1104.490 -248.500
-632.507 941.500
947.508 -629.500
850.498 761.498
1141.200 -63.731
-880.501 -732.497
1141.500 -112.503
-789.502 835.501
-667.501 -937.495
-604.499 -979.496
-1076.500 -437.504
495.498 -1057.500
-258.490 -1139.500
-1160.500 158.504
1137.500 289.497
-1134.500 -304.500
-532.501 1048.500
1130.490 -357.505
720.501 943.492
575.981 1037.980
1155.500 -286.500
-780.510 -903.494
1197.510 -99.507
-989.500 -687.503
648.503 -1018.500
558.499 1069.500
-963.496 -726.497
1170.500 -315.503
-396.501 -1146.500
1070.510 580.498
-558.495 -1090.500
-1189.500 -292.500
416.499 1155.500
-302.501 -1193.510
1157.500 -422.501
-779.495 -957.502
-745.497 -991.500
-951.500 -799.494
-511.501 -1133.500
-667.498 -1049.500
1245.500 15.498
1241.500 101.501
-1126.500 -531.497
332.504 -1201.500
1136.490 512.500
451.499 -1164.500
-1208.500 315.504
-654.495 -1066.500
590.498 -1104.500
863.490 911.502
-414.494 -1188.500
1107.500 603.497
-1063.500 -680.501
1264.510 198.498
863.499 946.506
624.501 1119.500
-676.504 -1091.500
-753.505 1039.500
1235.500 356.503
1265.490 -237.505
1291.490 -1.497
1280.510 -170.505
865.502 -965.501
1310.500 -14.495
571.504 -1180.500
1302.500 -175.499
-811.501 -1037.500
-1127.510 -680.498
-689.502 -1124.500
1200.500 553.500
-1196.510 -567.501
-1320.490 -107.503
-929.503 -946.491
-660.497 -1153.490
-923.695 -963.064
1210.500 -576.498
-1248.500 -490.496
-1319.490 -283.502
832.501 -1065.490
-1359.500 93.508
1044.490 -886.500
1199.490 678.494
-1231.500 -623.499
-930.503 1019.500
-1379.500 -127.507
-877.501 -1077.500
1368.500 -260.499
-876.141 -1088.230
-1165.490 -779.492
921.501 1057.490
-1233.500 -667.503
-1331.500 -446.108
-1331.500 -446.501
1119.500 849.499
-1133.500 -841.503
-1070.500 920.494
1247.500 -667.519
1247.500 -667.594
-1318.500 -520.492
-895.511 -1100.500
-817.503 1161.490
1278.500 625.500
-1336.490 493.493
-886.500 -1119.500
-1354.500 -465.503
-1124.510 -890.506
1428.500 146.500
1200.500 794.496
-1369.500 461.501
1146.500 886.496
-828.502 -1189.500
-1333.500 571.505
1348.490 -544.500
1100.750 -955.203
1107.510 -947.498
1428.500 317.497
-1368.500 522.486
1099.140 -973.052
1474.500 94.495
-1080.500 1009.500
-1254.500 -786.500
-1478.490 -174.502
1430.490 434.501
1452.500 -355.506
-1393.500 -582.496
-1163.550 -969.781
-1169.510 -963.502
1303.510 775.506
-973.505 -1164.500
1364.500 672.497
-1232.500 892.505
-1476.500 369.503
1322.500 -762.503
1409.510 -589.502
-1402.500 604.497
-1190.500 -958.493
-1521.490 181.498
1404.510 616.497
1522.500 -231.497
-1448.500 520.494
-1418.500 598.494
1140.500 1039.500
-1516.500 -283.505
1496.500 388.500
-1318.500 810.505
987.497 1203.500
-1380.500 729.504
1372.500 748.502
1270.510 945.499
1044.500 1190.500
-1411.500 -721.497
1433.510 688.499
-1566.500 -278.496
-1547.500 -374.499
-1449.500 688.504
1243.510 -1020.500
1510.500 557.498
1510.500 557.888
1565.500 -381.499
-1238.500 -1044.500
-1384.500 -857.498
-1135.490 1167.500
1371.500 891.496
1416.510 827.502
-1176.490 1143.510
-1511.500 -651.503
1600.500 400.496
-1254.500 -1074.490
-1500.510 695.498
-1514.490 675.492
1309.500 -1022.500
1562.500 -569.497
1553.500 -610.502
1574.620 -569.497
1330.500 1016.500
-1235.500 -1131.500
-1586.500 550.503
-1449.500 901.502
1593.500 655.509
1486.500 -878.499
1358.490 1088.510
1292.490 -1181.500
-1378.500 -1084.500
-1397.500 1099.500
1583.900 812.111
-1485.540 979.965
1500.500 -977.506
1615.500 825.500
1460.500 1076.500
1611.500 857.505
-1426.500 -1155.500
-1420.510 1193.510
-1516.500 -1102.500
1444.510 1211.510
1530.500 -1107.500
-1479.500 1180.500
