0.505 -0.502
-46.503 -0.503
25.493 65.495
-66.499 65.505
100.505 -25.495
-104.496 38.496
52.501 99.493
-93.507 75.498
11.502 120.502
122.497 34.494
122.507 52.500
-126.505 -41.492
74.500 118.495
-142.495 18.501
47.502 -140.502
79.799 142.401
79.808 152.351
32.503 172.503
122.497 130.497
67.498 166.498
-57.496 194.500
194.493 67.498
144.508 148.497
-137.489 -161.494
197.505 -86.507
98.491 191.495
-133.891 -169.532
214.504 -33.508
218.434 -38.911
-154.503 -169.500
245.498 -35.502
170.500 190.500
-225.497 -129.497
-89.504 244.503
-142.497 225.506
-158.499 -226.492
166.501 -228.497
279.505 45.507
294.493 -12.500
293.497 -68.501
-301.503 1.505
175.500 261.503
289.500 156.499
216.498 255.499
84.497 325.511
333.499 79.499
-129.504 -321.497
-353.501 -30.499
291.504 -206.494
223.501 -282.495
23.505 -363.503
335.495 148.496
295.499 221.500
-195.508 -318.495
328.504 -191.500
137.497 -354.503
-387.504 -6.503
-43.501 -391.503
379.506 129.500
-346.501 -208.505
403.504 50.502
100.506 -394.501
197.504 -363.498
-225.628 347.390
-170.497 378.501
241.499 343.499
-230.871 350.422
-255.505 -334.359
-255.852 -335.502
179.504 382.499
-335.498 -258.505
-351.496 -237.509
163.698 392.970
224.509 366.503
-283.496 325.502
166.498 400.504
-385.504 202.498
439.498 -50.502
381.494 228.504
-221.510 385.505
-430.504 113.504
438.497 113.499
-174.494 417.492
454.649 63.349
383.500 255.503
-331.497 -324.504
-214.498 -412.506
156.489 -453.493
-467.498 103.501
-133.505 -467.497
253.495 -420.503
-250.502 -428.505
-86.506 492.500
-240.504 -446.497
495.499 -112.508
-297.500 417.493
206.504 -482.500
-444.500 -290.499
195.508 496.499
-161.498 508.491
306.498 -442.503
-351.493 406.500
546.497 -25.498
-329.501 438.512
333.503 -443.502
-542.496 -115.507
382.499 -404.507
-556.502 -27.502
-330.502 -457.499
570.509 -2.498
485.499 -304.500
-512.500 -262.502
-555.505 -161.503
-393.694 432.525
-487.503 323.499
-158.502 -565.506
-395.508 437.498
-10.493 -604.502
-589.506 -143.500
65.498 -606.499
52.497 611.497
-149.497 599.501
301.497 543.504
95.497 614.505
525.492 335.498
-603.495 161.498
449.497 -436.501
111.952 621.987
429.503 470.500
241.502 -590.492
-607.498 194.498
-638.501 -16.500
386.503 511.504
600.502 -240.500
98.500 639.504
-650.178 -32.047
-576.499 -313.501
82.504 -653.506
661.499 54.501
263.498 608.492
-454.504 485.498
-355.501 566.506
524.499 -419.493
-674.500 3.505
-595.496 -322.495
-677.494 57.501
677.497 -128.498
-430.499 -540.497
310.491 620.496
-326.495 612.498
521.506 -466.499
357.646 601.840
261.496 -651.507
361.061 602.504
-252.499 -660.505
452.502 543.501
-470.509 527.397
91.497 701.506
-682.501 -189.493
-308.498 638.494
-290.502 647.504
-693.499 162.497
-189.503 687.496
-475.491 536.503
-642.503 327.502
-513.497 -508.498
704.498 -190.498
576.187 449.938
-721.507 122.501
481.498 -553.501
279.500 -679.498
584.502 458.509
320.500 675.497
-88.507 -749.499
110.496 746.501
-242.501 -716.498
212.502 730.499
-288.509 705.492
466.499 604.507
-335.500 687.499
-503.504 577.500
18.507 768.503
-614.501 -465.500
-311.496 -706.493
-421.496 646.507
453.496 627.496
315.437 708.496
315.031 710.633
-520.497 -580.493
595.505 504.503
297.507 -724.503
-646.498 448.502
-553.501 -566.501
370.735 699.821
375.109 700.070
-795.503 4.501
-730.503 -318.499
330.504 725.495
407.500 -688.498
725.501 -337.498
-685.499 -417.500
50.502 811.496
-605.503 550.495
-725.502 -396.502
390.503 729.501
2.503 832.505
266.496 -793.505
-487.501 682.493
824.499 174.510
-738.501 423.498
775.497 -357.501
847.503 -135.505
403.505 -758.506
-486.498 707.501
-668.506 540.498
866.497 65.503
535.491 684.499
-615.503 613.497
870.501 20.498
-869.499 20.498
440.502 753.503
-868.499 -85.496
-439.501 -755.501
519.501 -704.506
754.490 -459.501
-71.502 -888.498
889.495 -82.497
182.496 -875.497
-25.503 907.499
871.497 -258.509
-596.497 -686.508
-45.497 -909.504
-584.504 697.500
674.500 614.500
-860.506 305.512
766.498 -503.493
765.495 504.504
664.501 633.501
346.499 850.496
-114.500 911.494
389.502 840.497
-699.501 616.499
505.500 784.493
666.498 655.938
-756.506 550.497
-938.497 3.496
-481.499 -812.500
429.496 841.500
716.507 619.504
-641.500 -702.493
-851.502 -425.500
476.504 -831.494
-966.504 4.500
31.506 -967.498
-60.503 -966.499
-593.499 -767.499
-25.503 975.494
-844.500 489.507
-440.501 -875.506
711.496 681.500
205.499 964.494
976.498 -146.498
542.502 827.498
-389.507 -911.502
-761.506 -634.496
870.500 477.498
968.506 222.497
858.503 -513.499
-983.505 -188.505
102.500 996.500
-266.503 967.501
725.502 -695.501
742.498 677.498
-707.498 713.502
-764.498 654.503
-540.500 853.500
-805.498 -613.498
939.500 -388.490
-935.501 -402.500
1001.500 197.496
-967.500 327.505
-980.504 287.496
620.502 820.506
821.500 621.492
61.499 1031.500
527.507 894.498
-967.498 -382.505
372.498 -973.503
-889.505 -546.511
1047.500 20.503
-734.497 745.503
-910.502 520.492
466.506 944.492
-162.501 -1043.500
-501.504 -932.499
996.493 366.496
58.502 1060.500
567.499 -901.506
-866.510 617.500
-663.500 -847.493
643.502 863.503
-848.505 -665.497
-900.502 593.499
-710.499 -820.508
-704.357 -827.003
966.500 -510.507
-235.501 -1071.510
-552.502 952.499
461.497 1003.500
-957.493 554.498
-694.498 861.499
799.495 -770.500
449.501 1020.500
1105.500 170.503
-1118.500 -50.497
326.508 1076.490
275.502 -1094.500
-662.503 -921.500
462.495 1036.500
-799.497 -819.496
-1126.500 -208.498
-171.499 -1135.490
52.505 1147.510
-250.490 -1124.500
82.729 1149.160
1009.500 559.501
-147.499 1144.500
71.841 1152.360
-675.496 -939.502
951.497 659.500
-1156.490 -50.499
-994.505 -604.496
601.498 999.501
-944.493 -687.504
-962.495 665.499
52.498 -1172.500
-712.502 -933.501
50.481 -1176.260
1137.500 -316.503
1142.500 298.498
1131.510 344.503
1119.500 386.506
-631.504 1004.500
852.494 827.497
-219.505 -1168.500
-997.505 -650.497
665.497 -995.504
473.504 1099.500
-980.502 687.501
-613.503 -1030.490
-1196.500 -100.500
-689.496 -984.492
577.498 1057.510
1016.500 -655.499
460.505 1118.500
-1198.490 167.499
378.495 1150.500
-441.500 -1128.500
362.502 1161.500
1085.500 555.501
-580.502 -1072.500
184.497 -1210.490
-531.503 -1111.500
-965.498 -768.502
748.504 984.503
-783.502 -957.498
-1200.500 305.493
372.090 1183.560
543.501 1115.500
-1123.500 -528.512
1203.500 310.500
-628.499 1072.500
368.502 1188.500
1145.500 -500.502
987.493 768.505
-564.508 1117.500
-1253.500 -9.501
-933.501 841.504
-1244.500 -237.499
-552.501 -1143.500
-995.494 787.505
-851.502 941.492
-1255.500 295.497
-529.499 -1181.500
910.497 920.499
1222.500 -435.501
788.496 -1032.500
1296.500 -175.502
612.497 1161.500
-931.500 -929.503
-1308.500 -166.502
697.505 -1123.500
-1141.500 698.502
764.497 1102.510
-880.506 -1017.510
1121.500 -745.501
-1289.500 -395.500
-1088.500 -802.495
-685.503 -1167.500
996.510 -931.497
858.497 1060.500
763.497 1134.500
1058.500 875.508
-1141.500 -776.493
-1022.500 932.505
-969.493 988.500
1008.510 950.504
-1163.510 765.501
1368.500 -279.499
1384.500 250.501
1004.500 -986.495
-1032.500 -956.498
-1150.500 -811.504
1016.900 -977.820
930.510 1061.500
1023.640 -974.782
-1353.500 -429.498
-1395.500 284.507
-1307.500 -591.508
-1412.500 -255.498
-1376.500 -408.501
-1357.500 -476.496
1354.500 491.493
-1441.510 86.501
-1177.400 -843.375
-1436.500 196.502
-1183.380 -839.267
-1239.490 -765.505
-1435.500 300.494
1245.500 -781.496
-1204.900 -843.346
-1204.490 -844.304
868.163 1192.480
-1473.500 116.500
-1360.500 587.500
-1254.500 -798.496
-1209.480 -874.994
878.503 1207.500
1489.500 -142.501
-1287.500 775.503
-1448.500 -431.502
1513.510 -59.497
-1212.610 -907.027
-956.498 1175.510
1110.500 1036.500
-1353.500 -695.499
-1166.500 -982.510
-1528.500 -24.502
-1350.500 -729.502
1116.500 1074.500
-1475.800 -489.471
-1489.500 -488.509
1362.510 -778.504
1153.500 -1076.510
-1187.500 -1038.500
-1164.500 -1077.500
1564.510 298.498
1324.910 893.593
1333.060 889.143
1548.500 457.496
-1263.500 1015.490
-1171.500 -1125.500
1318.500 949.494
-1613.500 -215.507
1566.500 -466.499
-1487.500 -697.107
-1487.500 -697.498
-1457.500 -778.505
1322.500 1000.500
-1453.510 797.496
1597.510 468.499
1168.500 1188.500
-1239.500 -1120.500
1423.500 -877.498
-1288.500 -1096.500
1370.500 -996.501
-1563.680 -659.557
-1341.500 1039.500
-1280.500 -1122.500
-1577.090 -663.339
1334.500 -1081.500
1240.490 1203.500
1354.500 -1090.500
1615.500 653.495
1608.510 -681.501
-1542.510 -819.503
-1339.500 -1125.490
1522.500 865.503
-1405.500 -1045.500
1620.080 -668.847
-1313.500 -1174.500
1555.510 862.503
1338.500 1177.500
-1369.510 1154.500
-1452.490 1066.490
-1536.510 963.502
-1424.500 -1136.510
1468.500 1122.500
-1445.500 -1182.490
1485.500 1141.500
-1475.350 -1167.580
-1615.490 -1033.500
1608.500 -1177.510
