0.499 -0.497
-11.503 -32.502
-35.503 -31.503
55.506 45.496
-82.505 -82.504
-122.261 105.445
-122.970 106.176
-137.500 -99.496
43.507 169.492
174.508 33.502
-14.501 -177.495
131.504 129.495
193.499 33.501
71.502 -185.500
-80.493 -181.501
-168.499 -171.499
15.500 -244.493
-194.502 -161.503
130.501 -228.498
144.132 -222.695
206.501 171.499
17.721 -280.839
-213.503 -184.501
10.237 -283.613
-233.501 168.502
286.495 -86.495
161.502 251.497
30.502 -300.500
10.505 -302.501
-131.504 274.498
250.501 -180.497
-269.501 -160.501
-205.502 247.489
279.499 173.499
341.505 -65.496
300.499 -180.497
-359.496 -43.503
-341.505 134.499
308.503 -201.508
374.503 -27.503
348.499 152.496
368.507 97.496
292.501 264.498
389.500 -72.506
-268.501 290.501
-229.505 327.499
-347.494 198.496
-317.500 -264.500
-166.498 -388.501
-89.501 413.498
333.969 263.581
333.300 265.801
-20.496 -433.501
324.501 -289.501
416.497 146.498
309.499 327.502
-446.507 -98.499
-110.497 445.505
280.501 367.495
113.500 448.502
-154.503 438.499
-359.491 -330.503
490.498 -12.501
490.497 -78.504
290.506 415.497
-345.500 -375.497
510.494 26.495
-508.503 55.501
195.500 -475.499
-316.503 404.500
151.494 -492.496
-503.734 115.165
-503.903 115.933
-197.498 478.494
-510.570 89.433
-504.493 147.496
494.764 183.269
498.494 178.505
-491.496 -200.501
400.502 -350.500
381.498 371.497
-58.497 530.493
-538.501 64.513
-388.495 -382.504
-461.506 -293.499
430.498 -345.500
145.495 -534.504
515.504 -206.499
481.506 286.503
-559.080 -88.467
-248.840 -520.488
-248.615 -521.609
350.498 -464.497
79.496 -576.494
568.500 149.500
-177.507 559.500
499.510 328.491
-598.503 -16.502
312.500 -513.503
-604.504 56.503
59.492 -611.498
180.495 -588.499
-11.498 618.499
-38.496 -624.497
622.502 -105.502
-504.498 -385.496
-545.500 -325.509
279.508 -573.497
385.504 -508.502
635.503 133.501
-442.500 -478.500
-410.505 506.495
644.506 -112.504
-608.505 -266.497
-298.495 -601.497
-99.504 664.501
677.502 -49.513
-661.501 168.502
701.502 67.500
-669.506 229.499
700.495 137.499
-560.503 442.499
293.505 -653.496
-355.494 627.491
-164.493 702.506
720.498 -100.498
-715.503 128.502
730.495 16.503
-212.500 -699.499
-570.502 -456.495
-549.509 484.500
-382.495 628.496
741.497 -53.497
-186.503 722.499
452.501 595.503
-683.499 344.498
-740.492 -196.505
703.499 305.505
171.497 749.504
-705.495 -308.500
-392.494 -674.498
715.497 322.496
549.502 563.497
-182.501 765.499
-368.501 699.496
-197.499 774.497
-689.501 413.493
-801.493 -86.507
487.498 646.501
141.525 -798.645
134.091 -800.856
-774.497 249.498
-492.500 651.498
-818.500 19.506
-797.498 -213.502
-325.500 -759.501
99.502 -826.497
783.505 290.792
411.503 -728.500
-833.497 -59.501
552.501 632.503
-256.494 800.504
783.498 308.507
-819.503 197.499
-222.497 -817.498
-278.495 -804.496
846.499 110.497
-368.496 771.502
235.502 -828.503
765.504 -396.504
598.498 -629.494
-193.500 850.495
250.499 836.501
-703.503 521.494
-373.494 -794.499
758.500 -458.496
874.501 -150.500
125.506 -880.500
858.506 259.509
-715.491 -543.498
-792.504 433.501
-717.501 556.503
-317.503 852.500
-741.501 559.496
487.502 -794.492
-574.509 -739.922
-574.491 -740.023
866.505 358.495
-87.503 -939.498
605.500 -731.500
-5.500 954.499
-385.492 876.493
953.508 110.511
-210.505 941.498
713.499 -651.503
-900.496 351.501
271.500 -931.505
839.498 499.499
544.504 -817.500
-820.500 -543.495
-307.497 -947.506
-131.501 987.502
268.501 -966.497
832.507 -561.501
-173.494 990.499
649.495 773.501
-427.982 914.461
-430.328 919.260
-692.498 743.496
286.493 -983.497
-402.500 941.501
-353.499 -963.500
-1024.550 -52.797
-1024.600 -52.731
-647.497 800.497
-866.501 556.496
-1030.500 5.490
-930.499 -446.505
-1031.500 44.503
-719.504 745.497
686.498 781.502
-1019.500 208.497
287.502 -1001.500
-971.494 -375.489
-626.506 -835.506
741.510 739.502
185.501 1040.500
-704.497 792.501
-548.499 911.499
-1041.500 -220.493
106.507 1059.510
408.502 -987.499
-1068.500 44.506
645.503 -867.498
812.498 -714.504
552.495 -930.495
-692.496 838.499
413.497 1016.500
567.504 -947.502
-548.501 958.497
976.496 521.492
753.498 -812.497
-916.502 -623.498
1032.500 -413.503
229.496 1090.500
738.186 -838.841
745.651 -839.956
-167.500 1109.510
926.494 -639.503
133.506 1119.510
-1017.500 -488.501
-1134.490 -54.503
369.502 -1081.500
1132.510 159.501
-982.499 584.499
-640.495 951.503
1032.500 -514.501
90.506 1149.500
789.504 -843.499
-923.500 -693.501
1128.500 267.499
354.498 1111.500
962.502 -669.502
-1090.510 -430.495
748.491 -912.495
478.495 -1082.510
-684.507 969.501
-1177.500 -162.510
-1091.500 -484.503
-690.501 -978.495
-927.495 758.502
209.498 -1183.490
1117.500 443.498
705.496 -974.502
-903.501 792.501
495.501 -1099.500
-39.494 1205.500
-381.495 -1147.510
324.498 -1167.500
-1098.500 -510.495
-1141.500 411.503
-1025.500 -651.496
796.500 -921.504
-494.496 1112.500
-726.506 977.499
456.506 -1136.500
-861.500 879.503
798.500 942.496
1109.500 -546.498
796.494 -946.501
875.504 -876.498
1215.500 -250.505
-1213.500 322.500
-1250.500 -160.499
1261.500 84.502
-1193.500 417.500
-1001.500 -774.497
-1185.500 446.496
-1269.500 55.505
-1052.500 -725.503
-1277.500 -93.508
-1007.500 791.498
-1276.500 153.499
1092.500 -687.498
1291.500 109.501
-944.501 -892.502
-1271.500 266.500
-839.501 -992.497
1305.490 -35.505
-1174.500 -583.500
948.501 -907.499
1103.500 -716.495
1012.500 841.497
1318.500 -64.493
-1261.500 -402.502
-1306.500 217.497
-1322.500 -78.500
-1207.500 557.506
763.500 1093.500
1066.500 -811.494
885.499 -1016.500
-734.794 1128.690
1344.500 -111.506
-728.505 1138.500
-1362.500 -82.501
811.496 1100.500
1076.500 849.504
-1241.500 -595.501
951.496 -1005.500
1228.350 -640.702
1226.190 -645.107
-1316.500 488.505
-1246.500 646.505
-1238.490 665.498
831.500 1140.490
-1210.500 -726.505
-868.497 -1115.510
-1293.500 -570.506
-1325.500 -493.503
1416.500 48.502
1148.490 -833.507
-1412.500 239.507
-1067.500 -958.499
1426.500 -179.497
-1279.500 660.499
-1245.500 -724.510
-1428.500 188.496
-1333.500 -553.504
821.505 -1191.500
1396.500 388.502
-1452.500 83.505
-1425.500 299.499
1401.500 413.504
-1320.490 -638.502
1079.500 -1008.500
1216.500 -849.499
-1448.510 317.505
-1051.500 -1053.500
-1366.740 -603.309
-1374.490 -599.150
-1497.500 106.499
-1461.510 365.494
-1474.510 -314.494
-1318.670 732.497
1441.500 -458.506
-1401.500 -567.498
-1418.500 525.497
-1228.500 891.503
-1387.500 -642.502
-1527.510 82.502
1058.500 1106.500
1445.500 -508.501
974.498 -1184.500
-966.500 1195.500
-1338.500 -764.500
1145.500 -1038.490
-1276.220 -879.990
-1397.500 -672.494
-1021.500 -1167.500
-1437.500 583.498
1447.500 563.498
-1349.500 771.496
1502.500 -410.503
-1152.500 1053.500
-1286.500 -888.481
1150.500 -1065.500
-1018.490 1194.500
1488.500 -503.497
-1238.500 -969.502
-1503.500 468.500
1407.500 714.501
-1531.500 -394.503
-1425.500 686.497
-1569.500 360.504
-1564.500 -390.500
-1596.510 262.499
-1321.500 -935.501
-1587.490 398.491
-1406.500 -849.498
-1567.490 -495.500
1332.500 967.497
1182.500 -1177.500
-1483.500 772.495
-1341.500 1007.510
-1601.500 534.507
1356.490 -1011.500
1456.500 -899.502
-1586.500 -640.502
1552.510 730.498
1405.500 994.499
1610.500 618.504
-1483.500 -885.494
-1476.500 -935.495
-1432.500 1039.500
-1593.500 809.502
1555.500 -925.499
1492.500 1031.500
1448.510 -1119.500
-1457.500 -1119.510
1478.500 -1125.500
-1610.500 956.502
-1550.510 -1092.500
1508.490 -1163.500
-1537.500 1135.500
