0.495 -0.506
59.495 -32.497
-71.505 -6.501
-44.495 -106.504
2.500 -122.503
-135.498 -43.504
75.508 -139.495
104.506 143.496
89.505 158.498
107.496 167.502
29.498 197.496
-152.501 134.501
212.505 8.504
65.503 205.501
-206.495 62.501
74.496 -212.500
-157.501 172.502
-14.506 -237.499
277.499 -26.508
-286.502 56.498
-263.501 153.500
294.510 -84.499
-191.494 -241.500
93.503 297.501
193.503 -251.502
8.495 356.493
-212.499 292.505
-95.501 369.499
-171.837 -345.204
-220.497 315.503
-173.048 -347.496
64.501 -389.503
-280.502 303.499
-370.496 193.504
-263.736 327.676
-48.498 419.498
-266.504 343.502
-440.493 -44.503
58.505 -445.503
437.498 112.506
280.499 -358.499
-53.503 463.502
469.497 17.496
-470.490 -0.504
168.500 450.504
-23.491 481.507
-137.501 463.498
416.495 248.503
-430.498 231.505
-279.290 401.922
-487.497 91.504
-288.162 408.263
-210.498 454.497
-385.496 320.500
-499.503 -104.498
512.508 55.495
-527.501 -62.496
-478.499 231.510
-425.500 327.507
476.505 -265.491
468.505 -286.498
551.491 -104.497
-533.494 172.500
-67.499 -563.506
-337.497 456.498
-362.509 -440.501
241.502 -517.507
-519.503 -255.492
-547.501 218.503
179.501 -581.511
-568.493 214.507
607.501 -42.507
-307.505 -540.502
70.494 619.496
-545.498 -303.501
275.500 564.505
628.495 74.498
-616.500 141.508
-457.495 -439.503
-610.501 -183.492
46.500 -643.500
-212.497 609.497
644.504 59.501
-406.498 506.497
-563.503 325.501
-236.496 617.502
145.501 647.499
662.497 52.508
-442.500 -498.498
114.499 -665.501
631.502 251.496
-390.496 577.503
154.503 -681.504
465.500 522.499
706.509 39.504
423.489 573.499
550.504 455.496
570.501 -431.507
-695.501 -188.501
658.498 297.499
607.503 411.497
707.491 214.496
-738.496 73.503
270.497 -703.504
755.503 -113.492
-705.492 295.496
757.505 123.504
-579.499 -503.502
-492.503 590.495
495.492 -590.504
-67.502 -768.504
-465.597 621.391
-683.068 370.937
-683.877 369.621
-498.493 -602.499
-464.506 630.499
70.498 781.500
293.500 -730.507
-782.498 -191.501
-716.502 -379.504
-732.499 349.501
-415.435 -699.460
598.505 -565.504
-807.502 158.497
-708.496 -430.500
-695.177 459.035
837.497 29.499
-706.121 456.620
82.505 840.506
-807.505 249.500
15.500 847.499
-517.494 673.499
247.496 813.497
621.504 -582.505
599.499 610.494
327.498 -791.500
535.497 668.501
216.504 -831.510
-561.502 650.487
112.506 -853.498
851.500 -132.495
-238.494 -828.501
734.502 454.497
821.499 268.505
850.500 182.499
199.491 -847.498
-694.503 -531.502
661.495 -577.501
433.507 -767.497
-192.502 -868.506
850.504 -271.498
-31.497 -895.499
-411.504 795.501
590.504 675.502
896.501 56.492
769.497 465.503
-777.505 -458.497
-687.504 -588.509
312.501 853.493
347.377 842.717
-584.492 699.498
-901.498 148.501
836.495 379.496
341.504 856.500
-915.505 134.501
-916.505 -132.507
138.501 921.498
-469.496 808.496
-909.496 -232.492
96.502 -949.499
-30.497 955.500
945.496 -163.503
-80.501 -972.499
-159.496 -964.501
-760.501 -615.494
961.501 191.500
-946.503 252.503
64.508 994.498
-411.498 -908.500
-806.499 -592.492
-507.504 863.506
509.502 866.502
731.499 708.492
-562.497 -863.505
-789.493 666.497
276.494 1001.510
-1028.500 -153.495
-475.496 928.499
-99.497 1041.510
-1034.510 -186.501
322.498 1001.500
-1030.500 211.492
-370.500 -986.492
-276.500 1016.500
-463.499 -947.502
2.504 -1055.500
1032.500 229.498
701.502 793.498
768.562 739.045
768.616 739.142
-1020.510 -309.496
-483.501 950.497
-871.498 -621.502
508.492 -959.500
-1021.500 -366.499
-432.495 -998.496
581.498 -923.506
817.501 738.493
146.503 -1094.500
-502.496 993.496
-1084.060 -258.100
1100.500 -195.491
1113.510 -102.496
-1091.500 -244.496
854.221 726.483
1098.500 -255.498
823.496 774.501
-1042.500 438.499
-1089.500 -309.491
-172.495 1119.500
-1112.500 -227.503
-125.494 1128.500
1047.500 -447.502
865.500 740.503
-710.503 890.494
-878.499 -727.500
382.495 -1076.500
847.501 770.503
765.499 854.501
-1128.500 211.501
606.497 977.499
-1152.500 19.498
-1144.500 -144.496
670.501 939.502
865.501 766.493
1094.500 374.501
979.494 616.499
-957.502 650.498
1098.500 -380.506
1119.490 -314.496
649.499 -966.502
-1161.500 125.503
-1045.500 -531.507
1176.500 104.500
-755.503 -914.495
1186.500 -64.499
-20.502 1188.500
-631.506 -1012.500
1042.510 587.502
975.504 -697.500
-1196.500 108.501
934.504 -760.502
-380.504 1144.500
-1014.500 -653.497
-1202.500 -100.498
293.496 1180.500
910.170 809.833
911.077 810.110
1184.490 293.505
920.353 807.627
-505.502 1116.490
-1187.510 -330.500
954.503 782.505
-313.500 1197.500
-1256.500 -61.501
1127.500 563.496
-805.501 970.503
-544.500 -1144.500
-596.502 1119.500
-1268.970 1.456
577.498 1131.510
538.494 -1155.510
-1163.510 -524.496
-1246.500 -288.499
1252.510 274.505
1017.500 780.500
1276.500 128.501
-1232.500 -355.500
-1283.500 0.501
1079.500 696.503
1139.500 -594.507
-1257.500 -265.498
-676.507 1106.500
1266.500 290.494
1208.500 477.499
-984.497 860.506
-1310.510 -8.507
799.500 1040.510
-1310.500 -100.508
1216.490 514.499
-1165.500 637.500
974.509 905.502
973.507 -909.498
-1192.500 596.500
1121.500 725.501
-1008.500 876.497
1231.500 521.501
1334.490 -104.500
-1163.510 663.493
-1234.500 529.499
-708.497 -1159.500
-775.497 1117.500
1351.500 174.490
1065.500 -852.507
-1233.500 580.498
-1279.500 -472.503
-1079.500 842.498
-801.494 1121.490
-1337.510 -348.502
-1364.500 -228.499
893.497 1061.500
-1169.500 -746.499
-707.501 -1201.490
1380.490 215.508
1131.510 -821.499
1255.500 617.499
-1304.500 507.504
1229.500 678.504
1102.500 875.501
-1091.500 -893.507
-1371.490 331.499
1368.500 -354.504
-1410.500 -94.504
943.499 1088.500
842.498 -1170.500
-1337.500 557.503
-1436.500 228.498
876.502 1169.510
1159.500 895.497
-1448.490 -216.497
-1464.500 -84.503
1412.500 403.509
1370.500 -530.501
-1115.490 964.495
-1138.500 948.504
-1050.500 -1060.500
-887.500 -1201.500
-1004.500 1115.500
-945.497 1171.510
-1438.500 -449.497
-1466.500 351.505
-1335.500 718.497
1181.500 952.496
1504.510 205.504
1443.500 -483.502
-1479.490 -369.500
-1172.500 -975.498
1378.500 675.498
1478.500 -422.495
1139.510 -1039.500
1466.500 487.503
-1107.490 -1078.500
-1167.490 1012.500
-1546.500 76.493
1552.500 -80.493
-1428.500 -653.499
1521.500 413.506
1436.500 -653.498
1187.500 1042.500
-1095.500 -1140.490
1502.500 -510.499
1512.500 -486.499
-1550.510 346.501
-1583.500 211.503
1582.500 -238.501
-1514.500 -516.502
-1404.500 -771.496
-1367.510 -835.508
-1281.500 985.497
-1591.500 451.493
1573.500 -522.495
-1519.500 -663.495
-1354.490 -965.496
-1414.490 874.499
-1518.490 726.506
-1472.500 -826.496
1603.500 -544.500
-1378.500 997.497
1581.500 -676.497
-1404.510 1006.500
-1592.500 694.501
-1437.500 -977.490
-1502.500 -879.501
-1295.510 1166.500
1335.500 -1129.500
-1517.500 874.497
1602.490 -725.498
-1520.490 -920.494
-1592.500 788.505
1555.490 866.502
-1540.500 893.499
1396.500 1128.500
-1363.500 1208.500
1549.500 1016.500
1583.500 1187.510
