0.502 -0.491
4.496 -84.501
49.502 122.499
-112.496 69.504
5.489 -145.497
27.507 143.501
-47.500 -140.504
-31.502 153.499
-179.500 -10.504
193.497 56.502
130.503 -166.501
-131.512 170.506
-95.499 194.500
223.495 27.506
234.499 61.505
233.498 126.503
6.499 -267.502
-170.496 207.496
-105.501 -252.491
222.496 -161.507
-126.503 243.508
279.496 -4.496
282.494 68.491
294.501 -2.502
265.497 150.495
-101.497 -305.500
-324.501 -102.500
338.502 67.499
-276.498 -209.502
-322.051 128.071
-324.266 125.747
-329.726 123.003
335.505 -128.508
103.504 346.500
307.508 199.495
-358.501 95.497
-145.494 343.501
235.497 -316.498
388.504 89.498
304.495 -266.498
-339.501 -230.506
-248.505 328.497
25.500 420.500
-386.503 174.503
-407.889 125.749
-145.499 404.499
-421.513 108.502
-437.503 -35.503
-318.498 303.506
-424.457 133.486
-268.500 355.504
-340.499 288.497
22.498 -449.506
456.497 28.501
-446.495 99.503
-444.989 120.554
-444.949 120.965
-438.505 -153.498
453.502 120.503
-157.502 -444.505
457.498 -122.496
-476.498 22.495
-479.500 -31.501
-426.498 227.497
-450.499 177.500
8.505 485.499
-472.501 133.502
-447.654 -216.763
-495.545 43.557
347.501 -358.500
463.504 184.496
-453.950 -211.907
-466.505 -185.660
-471.500 177.500
-197.501 465.500
-490.503 -125.496
-507.503 39.502
-503.503 76.500
506.499 -77.498
317.496 -406.499
470.501 212.499
173.502 487.499
-449.499 259.505
197.498 -482.499
331.499 401.638
331.500 410.500
-533.501 -20.496
528.496 -99.500
502.496 191.494
536.502 -74.503
-147.501 520.500
328.496 432.500
453.502 -301.498
142.504 -527.499
-374.501 401.501
545.499 -95.502
-537.499 -136.502
-278.508 -483.498
-533.852 -166.244
525.494 196.502
-541.501 156.500
353.501 440.497
-549.505 129.493
496.495 271.494
-527.505 206.503
-547.501 -158.505
-563.506 -111.496
-470.494 347.506
-552.499 207.496
204.500 -561.499
-208.502 560.495
-488.499 -351.502
-349.490 -505.500
-336.501 514.499
543.500 -293.499
334.495 -520.498
217.499 589.505
176.502 -606.503
473.504 426.497
635.495 -79.498
371.496 527.499
639.497 -101.501
-191.491 -619.500
511.492 407.498
92.504 649.497
-192.498 628.501
464.501 -469.496
608.499 258.513
548.501 -378.496
-661.499 -71.498
324.502 -583.508
491.507 -454.497
-508.500 -437.502
286.497 608.505
-518.500 432.500
628.499 -253.497
-490.503 476.504
79.502 -680.498
-189.505 -677.491
258.505 -663.496
-696.509 144.495
-109.501 -704.502
343.502 -627.496
706.492 156.504
106.504 -716.505
-687.495 231.504
696.498 -208.506
591.501 422.497
-701.393 -194.725
668.510 311.508
-616.493 -405.506
694.496 -253.497
736.502 -93.502
115.500 -735.502
-401.508 629.504
-630.496 401.507
121.401 -741.726
193.505 730.499
754.501 85.504
-700.506 -296.502
496.504 578.498
87.504 -763.504
-767.501 -10.507
-434.497 -635.494
76.498 766.504
-623.505 457.501
775.492 -4.501
773.491 -66.499
708.494 -320.501
-641.501 438.501
664.502 412.498
762.495 179.501
582.503 527.497
582.502 527.886
759.495 208.508
757.495 -230.504
243.499 752.498
334.504 717.506
149.505 779.501
197.307 -773.709
795.494 81.497
199.604 -774.699
297.501 742.504
394.500 698.488
-166.841 786.131
-159.722 787.833
-659.491 -466.494
494.501 -660.498
-567.505 598.514
803.500 194.507
-795.501 -225.494
-789.498 -259.505
-652.503 516.504
-105.502 826.496
262.499 -793.505
-794.502 270.498
-649.501 -535.507
219.500 817.498
563.501 -634.496
837.503 165.503
-20.489 853.491
819.776 261.567
-865.499 24.502
283.494 819.499
828.497 271.503
861.499 149.504
-442.672 -766.717
853.497 -242.499
-792.505 396.496
-443.006 -770.071
-151.505 -887.500
-151.493 891.499
-879.510 -223.493
-772.492 488.493
234.509 886.503
879.499 -287.504
727.492 -579.501
-688.500 627.505
848.500 388.505
-878.500 -316.504
-878.500 -316.588
-485.497 -801.495
-892.504 -284.496
905.494 251.497
929.502 140.494
167.503 -926.499
-856.504 -389.492
-372.499 864.502
442.501 835.503
209.507 922.498
-178.507 -930.505
939.497 -137.499
714.501 625.500
-85.499 -948.498
184.123 935.422
-898.687 -320.399
-588.503 -763.489
-913.503 -314.494
-953.503 -166.505
-482.498 844.498
-918.654 -340.170
-921.251 -335.670
54.497 -980.495
314.499 929.501
-921.677 -338.782
-930.483 -325.594
-928.931 -330.800
220.500 961.499
-921.344 -359.206
568.493 813.496
428.493 895.496
-987.498 -108.504
-792.496 600.498
720.496 690.498
677.503 -737.503
-786.502 629.499
-257.510 -977.499
-770.494 -657.495
286.500 972.504
-960.496 328.499
-442.498 919.502
-74.502 -1029.510
335.490 975.495
850.495 587.500
433.500 -946.502
369.497 977.499
1037.500 159.498
-779.499 -703.495
55.501 1048.500
325.502 999.508
-872.502 596.499
428.496 973.501
222.500 1042.500
1024.500 309.504
1030.400 295.681
108.497 -1070.500
1075.500 39.501
-26.500 1078.500
877.506 636.501
522.498 -953.504
871.501 -655.496
-936.509 568.500
656.502 882.501
780.497 776.498
-793.499 766.498
971.503 528.497
964.503 -542.499
430.502 1018.500
-374.503 1050.490
-1055.500 -362.501
407.503 -1044.500
-52.502 -1121.500
-274.502 1092.500
1128.500 -30.496
-13.498 -1129.500
405.500 1054.500
118.492 -1124.500
144.495 -1122.500
431.496 -1046.490
-824.501 -775.504
-737.508 -866.500
-707.502 -899.500
1127.500 211.501
-791.495 -837.498
23.501 1157.500
-888.503 -744.504
995.503 -599.494
1015.510 -565.499
-595.501 -1003.500
1091.500 -414.503
-393.504 1099.500
-2.494 1168.500
967.498 660.500
132.500 -1165.500
-440.501 1092.490
902.504 -766.506
-302.502 -1144.500
-1024.490 591.498
418.497 1107.500
587.500 -1033.490
1074.500 510.500
12.501 1192.500
1182.500 192.498
-1181.500 219.506
-135.501 1198.500
-145.500 -1208.500
1203.500 208.500
1166.500 369.497
-1209.500 -195.505
-899.504 -837.500
1072.500 -614.500
369.908 1178.970
-1199.500 302.505
1238.500 30.496
-520.501 -1127.500
1216.500 -258.496
-1181.510 -397.498
-1232.500 -195.500
-828.499 934.503
-1183.500 407.501
1206.500 -354.500
-560.493 1124.490
539.497 1137.490
1083.500 642.497
369.010 1211.010
-1249.490 -219.503
1027.500 749.504
1269.500 174.494
688.495 1081.500
885.498 939.498
-860.507 -966.501
-1185.500 -552.504
-1256.500 383.499
1234.500 -454.502
-849.501 1005.510
1254.510 432.501
-697.502 -1131.500
-1218.500 -530.497
633.502 1168.500
1331.500 180.498
1270.500 461.493
-1124.510 750.494
-1197.490 -633.501
-1335.500 -227.495
-1295.490 418.500
-890.500 -1036.500
-1062.500 -864.503
1042.500 893.503
1102.500 -820.501
-999.496 -942.501
1384.510 17.501
783.503 1146.500
1047.500 925.500
1338.500 -413.502
-1392.500 -166.495
-1109.510 -861.494
1023.510 963.501
1411.500 -18.513
1396.490 -226.501
1347.500 437.501
1420.510 53.497
905.499 -1100.500
-1074.500 937.504
881.495 1122.500
1251.500 687.501
1385.510 348.498
-1316.500 -561.493
1392.500 -338.500
995.497 1034.500
1153.500 859.496
1127.500 -902.500
-1246.500 -728.499
962.498 1077.500
1047.510 995.499
-958.502 1087.500
856.493 1175.500
-1216.500 -812.500
-1086.500 986.499
1302.500 -688.503
896.496 1170.510
921.492 -1160.490
1180.500 -901.503
-1172.510 -916.503
-1186.500 897.493
-1333.510 -666.497
910.494 1191.500
-1478.490 249.500
1502.500 9.495
918.497 -1189.510
-1425.500 -474.495
1145.500 979.496
1482.500 285.497
1241.500 880.500
-956.499 -1187.500
1326.500 770.499
1475.500 -438.499
-1529.500 171.507
1495.500 384.500
1432.500 -580.498
-1462.510 -550.499
-1395.500 710.490
1574.490 -14.500
1499.480 -485.495
1531.500 378.504
-1553.500 -282.499
1392.500 -763.501
-1500.500 537.504
-1576.500 -249.503
-1424.500 727.503
1089.500 1186.500
1285.500 -977.505
1483.490 -652.499
1484.500 697.502
1609.500 -346.499
1582.500 471.497
-1138.500 -1204.490
1398.500 940.502
1366.500 986.504
1476.500 -828.491
-1466.490 -866.507
1598.490 617.496
1390.490 1043.500
1606.500 -671.492
-1620.500 -635.500
-1407.500 -1041.500
1459.500 975.496
1618.590 -682.740
-1480.500 978.495
-1359.500 -1206.500
1486.500 1077.500
-1506.500 -1067.500
1617.500 -922.507
-1573.510 995.504
1458.500 -1174.500
