0.504 -0.501
2.501 54.498
-112.503 -125.494
130.494 -120.504
6.504 -191.499
186.497 -54.497
-89.497 196.504
73.505 -206.496
-2.500 230.504
118.502 202.498
212.501 104.506
113.498 -217.504
-235.567 76.797
-236.463 74.568
-8.506 302.504
-265.498 177.508
227.500 -228.495
-83.497 313.498
-93.495 -319.500
-132.504 325.500
251.495 -251.493
-349.500 -125.501
86.500 -382.496
184.500 -352.508
169.500 -368.500
-34.500 409.500
-414.506 -33.493
288.507 -305.500
205.506 378.497
392.501 191.499
-48.493 -434.502
-229.496 381.493
437.495 -100.503
-96.500 437.511
398.503 213.503
-169.498 424.505
-253.504 -391.497
-204.497 -423.497
184.505 434.501
388.499 -273.494
79.495 -471.505
116.495 465.499
-486.499 -96.503
501.499 58.510
-508.498 -41.505
-87.500 -509.500
-437.857 -285.837
-437.919 -285.934
-164.506 -509.497
535.506 -67.504
558.502 -81.495
-530.502 -201.500
-1.498 -576.500
-312.493 483.503
-4.493 595.502
463.492 380.506
597.501 -73.500
-592.510 133.502
-21.502 609.503
137.499 -598.506
-393.499 470.502
-612.499 84.499
-3.501 620.499
-264.497 562.500
374.503 497.500
-411.501 -480.499
-622.500 -114.496
-538.496 353.506
470.504 -443.491
-85.501 645.500
-590.505 286.496
-363.502 -548.505
-49.495 656.501
-274.496 602.505
359.501 -561.506
538.494 -403.501
335.499 592.507
415.500 540.496
515.506 448.502
-381.500 573.505
-457.496 -521.504
-573.501 394.494
-623.497 326.494
-421.502 -565.499
-123.497 -706.504
-692.504 197.506
-562.508 -452.497
-139.501 -717.498
604.501 -437.503
-717.501 -206.495
-731.507 -151.495
-29.506 756.501
-758.503 -55.494
666.497 388.505
-773.508 -6.506
-602.494 488.504
529.505 570.504
546.495 555.497
-495.500 605.504
566.495 549.494
305.499 732.497
-777.494 184.497
510.500 -618.493
-344.507 723.502
766.492 240.497
610.490 541.506
220.498 -787.498
-785.497 -238.508
-122.500 811.500
-354.497 747.494
-823.500 -88.505
-415.494 729.500
-231.502 815.506
762.500 378.503
-561.499 640.498
-611.500 -596.505
-400.560 755.712
-834.505 -220.502
-660.500 568.500
-512.505 -706.511
-404.503 773.501
387.503 -789.503
-864.502 173.502
-610.507 636.503
288.498 -841.501
866.491 -222.498
-187.502 873.497
-743.505 -517.501
-525.497 737.500
-741.501 528.500
657.502 631.492
903.500 -159.502
741.496 541.503
-680.503 615.498
523.504 754.504
856.505 356.500
34.498 926.501
-894.499 -254.497
-701.501 610.497
-422.847 832.755
-568.505 741.497
97.503 -933.504
602.490 722.495
-196.495 921.497
-436.507 840.502
-887.502 -354.504
-285.503 913.502
-168.502 942.502
-267.494 -922.501
700.498 -666.499
-359.500 897.496
-857.500 448.509
965.500 85.509
548.499 805.497
908.494 -356.500
-437.502 -874.497
799.501 575.503
-667.503 -735.503
-84.507 -990.490
-988.499 121.496
794.496 -604.494
-492.498 888.502
-661.496 -772.500
-711.498 727.501
-382.498 -945.490
1012.490 155.500
748.506 701.500
-1009.500 220.497
993.493 -295.497
-582.499 -866.509
490.500 922.499
1009.490 277.501
1032.490 221.500
428.504 964.497
1057.500 -47.499
1010.500 337.498
715.501 789.499
135.498 1059.490
-1030.500 -297.496
-941.498 529.506
-1080.510 -21.504
335.498 1030.500
1055.500 -261.508
-1088.500 34.498
-854.496 682.491
-1080.510 -183.507
-571.500 936.504
-82.500 1102.500
1020.500 431.493
-703.498 -859.507
289.507 1082.500
859.505 720.500
-335.501 -1081.510
-1121.490 155.506
-380.497 1066.500
-561.504 -986.501
-1120.500 190.493
-842.682 764.135
-841.751 766.514
-7.500 1140.510
-954.509 625.500
-832.499 -789.500
-405.496 1073.510
-1036.500 511.498
-890.508 737.496
617.498 979.500
-1158.500 28.500
-1048.500 494.501
1067.500 -459.504
-562.496 1016.490
725.495 908.500
-1159.780 79.154
-1170.500 92.501
-772.498 -886.505
652.506 994.508
1091.510 477.502
-419.498 -1115.510
-1071.500 -529.496
-1193.500 107.507
930.505 766.500
83.504 -1205.500
-1198.510 -187.505
821.502 -894.500
-1008.500 -677.497
571.505 -1077.500
-865.829 860.377
-672.500 1021.500
289.500 -1193.500
-276.503 -1196.500
-879.493 856.501
469.498 1137.500
-1169.490 -399.505
-648.506 1053.250
-648.498 1067.500
-1252.490 -1.494
-1239.500 188.497
1077.500 648.497
-1099.500 615.499
399.499 1196.500
-1060.500 -699.504
1093.500 -663.502
1278.500 33.500
-1039.500 -754.504
1273.500 203.499
838.504 -981.499
456.500 1208.490
-1138.500 -611.501
-812.498 -1005.500
-928.498 -902.504
-1294.490 -29.503
769.503 -1052.500
824.498 -1012.500
-1180.500 565.500
1238.500 448.498
-709.505 1110.500
-754.502 1080.500
-1319.500 35.499
-1274.500 354.500
-1306.510 227.500
-1322.500 -148.500
-1334.500 57.501
1341.500 -76.495
1347.500 85.498
988.501 924.502
1250.500 -523.494
1176.500 681.507
-884.500 -1041.500
1081.500 847.496
-784.497 1133.500
-805.510 -1122.500
-1301.500 463.502
1161.500 -755.503
1381.500 147.496
-746.495 -1171.500
-1368.500 261.499
-771.495 -1165.500
-1281.500 556.493
-1401.490 -32.495
1403.500 64.500
-1335.500 443.502
965.500 -1035.500
1413.500 88.500
1150.500 832.491
-1391.500 325.493
-1416.500 217.502
-1349.500 -501.501
-1146.500 -872.499
1164.500 851.497
-1407.490 323.502
1251.500 736.496
-1449.500 84.502
1125.490 -923.497
-1316.510 -619.495
862.498 1177.510
985.502 -1085.490
-1432.500 311.497
-1397.500 -444.503
-999.503 1079.500
-1230.510 807.496
1472.500 59.500
928.495 1150.500
-1440.500 -336.500
1479.500 -85.500
-1485.500 -140.502
1280.500 781.503
1500.490 40.510
1146.500 -973.497
1499.510 -130.500
1163.500 -967.503
1287.500 -799.502
1481.500 337.499
1102.510 1045.500
1017.500 1131.500
-1265.500 -851.497
1404.500 -612.502
1451.510 492.505
1293.500 -827.503
-1395.500 -638.500
-1520.500 214.509
-1454.500 -502.499
-1537.500 88.498
-1541.500 -65.500
1108.500 1086.500
-1550.500 -212.505
1124.500 1095.500
-1529.500 -353.504
1546.500 -284.505
-1175.500 1046.500
-1474.500 -554.495
1571.500 -139.499
1335.500 -840.504
1589.510 116.502
-1577.500 220.495
1599.500 26.497
-1485.490 -593.508
1404.500 781.504
1309.500 -937.500
1613.500 -43.502
1448.500 -721.501
1579.500 354.500
-1274.510 -999.496
1310.500 983.500
-1234.500 -1111.490
1147.500 1201.500
-1212.500 -1167.500
1576.490 -606.498
-1558.500 662.498
-1607.510 546.503
-1449.500 888.505
-1417.500 965.498
1362.500 -1044.500
-1395.500 1013.500
-1458.500 944.503
1420.500 1002.500
1364.500 1078.500
-1398.500 1042.500
-1519.500 857.501
1476.500 -955.496
1564.500 -808.497
1360.500 -1185.500
-1565.500 910.505
-1408.500 -1147.490
-1416.500 -1175.500
1490.500 -1109.500
-1593.500 1088.500
