0.499 -0.500
9.491 -59.498
-50.502 -42.503
-82.504 71.497
110.262 50.713
112.392 54.231
131.498 65.496
135.500 -104.499
-69.499 -180.501
86.502 188.502
124.500 -176.509
-13.500 217.498
-218.505 54.498
-163.500 -168.498
-234.494 46.504
142.499 -197.501
199.499 -171.505
-119.501 -240.502
226.503 166.499
246.288 -137.102
167.501 228.505
253.156 -138.987
19.498 291.495
-260.502 -152.507
-100.499 348.493
-23.498 364.497
366.498 -207.499
-74.492 -434.503
432.500 124.497
-322.504 -328.496
-422.497 200.500
478.506 193.496
300.498 -423.500
-78.504 -522.498
-434.498 318.500
399.501 370.498
238.498 -491.501
-261.503 481.500
-235.504 510.499
358.501 435.495
527.501 231.503
-536.500 -213.498
-146.500 558.499
-224.502 -540.496
465.506 357.501
558.495 181.501
-366.496 -471.500
89.499 -601.499
90.503 600.498
-316.499 -522.505
-580.502 -202.497
-75.504 612.501
394.502 -483.498
-132.499 612.501
628.500 66.503
-303.988 553.499
-307.095 553.502
637.500 -46.495
-258.502 585.496
-635.498 153.499
-657.506 102.501
-73.496 -669.502
526.502 -420.501
157.501 -660.505
446.500 518.501
-488.499 -489.499
-691.497 51.500
-543.503 435.497
-270.504 653.494
596.496 396.499
-552.453 467.500
620.503 -396.499
-612.500 412.490
388.493 631.503
-736.493 107.498
493.491 561.491
-664.499 -351.494
-359.502 675.500
739.507 221.494
-784.499 -42.505
789.499 30.500
67.502 791.498
-569.494 -563.503
378.504 -707.494
-88.501 -797.496
-400.498 695.503
-574.505 577.504
-394.502 -716.490
431.506 699.501
251.494 782.501
-570.500 -595.504
-475.505 674.501
-700.504 -442.498
-284.511 -782.501
-780.497 -293.507
317.507 -788.501
130.502 843.499
-729.381 -444.575
581.501 -627.503
653.506 552.495
488.501 -704.502
150.497 844.505
798.500 -324.496
735.497 448.487
840.501 -197.507
405.503 764.502
388.498 -774.505
-850.502 -187.503
-846.496 -220.502
-725.497 -498.503
-8.035 887.367
856.451 -249.515
-666.493 595.497
-575.497 691.500
252.497 870.501
250.493 -872.500
-510.500 -753.501
905.504 -141.507
923.497 -5.496
-596.501 708.493
-217.502 903.500
275.501 889.498
408.490 -841.495
-355.504 871.504
-842.502 -422.494
-896.495 -304.507
953.497 67.493
-554.507 779.499
-66.498 -955.500
-934.499 -208.498
950.502 -135.498
192.499 -941.500
593.163 -767.043
592.876 -767.649
804.501 -550.504
-288.505 -933.496
784.500 591.489
702.502 694.496
16.494 987.502
361.502 925.499
-196.491 975.504
705.504 -714.498
-974.504 244.499
384.499 945.501
-799.506 638.500
944.497 408.499
-870.500 556.496
-794.505 671.497
924.491 489.496
-951.505 449.501
-161.497 -1041.500
-731.493 -789.503
-598.504 894.500
161.506 1065.490
806.502 -720.496
-1056.500 -235.504
-240.502 1057.490
-1037.500 338.506
-246.498 -1064.510
-1075.500 -226.505
-755.500 808.500
1107.500 41.498
-1000.490 477.498
-500.497 1000.500
-1096.500 -227.502
-1099.500 223.498
-1055.500 387.496
-745.500 -843.504
720.492 -869.508
-170.503 1115.490
-769.507 -827.502
-271.501 1113.500
288.503 -1121.500
1133.500 -241.505
224.504 -1144.510
1155.500 -166.504
728.508 -915.501
-1139.500 261.493
279.942 1139.340
280.628 1141.640
-1097.510 421.500
1056.500 -528.497
-49.500 1179.500
-132.495 -1181.500
1011.490 -632.499
-23.500 -1206.510
1188.490 -248.505
487.500 1111.500
629.496 1041.490
-715.503 -989.504
1220.500 81.500
457.500 1136.500
-1180.500 -337.506
-1162.500 395.499
-1230.500 66.499
-1237.500 -74.499
822.504 932.499
-1069.500 640.503
-991.505 -760.498
925.504 844.499
-1251.500 -125.497
861.502 922.508
-403.502 1198.490
-1246.490 -227.498
935.502 863.496
-1056.500 -721.504
1149.500 565.497
-1034.510 -761.496
802.496 -1004.500
1285.060 -100.987
1006.500 809.501
1292.500 -29.499
804.497 1011.500
-508.503 1189.490
1222.500 -447.496
-1025.500 811.499
-1055.500 784.511
557.502 1194.970
-802.491 1048.500
1315.490 129.507
-1251.500 -432.494
-548.761 1206.760
-548.921 1206.780
-1321.500 -119.503
-1311.500 -203.503
819.504 -1058.490
-1258.500 454.503
932.495 -961.506
-706.504 1152.500
-658.499 1184.500
-946.502 -977.505
1138.490 754.498
-1371.500 164.493
1354.500 280.498
1131.500 -798.111
1131.500 -798.503
-790.502 1151.510
1398.510 143.503
-1180.500 768.493
-1096.510 892.495
1394.500 -248.504
1399.500 228.493
-940.500 1065.500
1210.500 746.499
950.494 1063.500
825.496 -1167.500
1417.500 229.500
-1344.500 503.498
-1243.500 721.495
-1276.500 664.502
-980.497 1054.490
1398.500 348.508
1439.500 121.504
1164.500 855.499
1411.500 311.501
-1185.500 -830.497
1186.500 -833.494
902.498 1134.500
1032.500 -1021.500
1463.490 133.500
-1473.500 -43.502
-1080.500 1007.500
1181.500 892.498
1373.510 556.502
-1364.500 581.497
1310.490 701.504
1445.490 366.502
-1487.500 95.497
-877.506 1211.510
-1500.500 139.497
1486.500 288.495
-1194.500 944.494
-996.503 1159.510
-1270.500 852.505
-1369.500 707.499
-1503.510 -347.503
1412.500 -627.503
-1065.510 1138.510
-1492.490 495.504
-1569.500 163.497
1559.500 -252.499
-1152.500 1089.500
1414.500 728.499
1354.500 846.495
1308.490 -929.501
-1258.500 994.498
-1308.500 930.495
1596.500 218.504
-1392.500 -811.506
-1415.500 -779.499
1340.500 -919.502
-1206.500 -1088.500
-1175.500 -1143.500
-1242.500 1070.490
1597.510 415.500
-1416.510 -890.505
1586.500 -546.500
1389.510 947.495
-1312.500 1076.490
-1276.500 1141.500
-1553.500 740.498
-1573.500 748.497
1492.490 -948.501
1301.500 1208.500
-1468.890 1000.890
-1498.500 964.499
-1616.500 -760.501
1467.510 -1045.500
-1500.490 997.506
1467.500 1109.500
1529.500 -1044.500
-1584.500 994.503
-1468.490 1166.500
-1606.500 1050.490
1542.500 1210.510
1604.500 1199.500
