0.499 -0.500
72.502 -74.497
83.507 74.504
29.500 -109.504
120.499 -113.504
174.496 -11.498
-163.511 -71.915
-163.493 -72.014
-67.503 180.499
123.831 154.387
123.492 155.502
175.499 -121.503
-201.494 -161.495
105.507 -243.501
64.498 -260.497
-192.502 192.497
-25.506 277.498
15.497 288.507
-137.504 265.499
-1.505 330.503
-317.504 99.507
338.492 71.496
193.505 290.506
-182.499 320.508
-105.496 359.496
-243.507 -291.496
312.493 -224.504
32.496 400.507
54.495 -421.491
-415.506 91.496
342.502 257.500
435.503 90.499
-250.504 373.492
-338.502 323.496
453.491 125.507
-145.502 448.493
-375.500 -309.500
-488.503 -52.501
-491.501 11.497
487.506 -110.498
128.504 490.498
-84.505 -503.501
70.499 510.499
-54.505 -521.501
519.747 -84.343
526.660 -81.365
-481.502 -229.497
364.497 391.496
145.498 516.498
173.501 508.498
515.500 -157.500
517.500 172.497
362.781 410.684
385.502 396.509
369.921 413.764
-528.496 173.491
-546.956 -128.501
521.497 213.502
-385.497 -416.498
555.502 121.499
-112.500 556.499
262.505 506.498
-385.495 430.503
366.493 451.498
262.500 -525.976
-586.497 -20.501
262.506 -529.805
-437.507 408.500
-224.567 555.019
-599.507 -88.496
564.503 233.495
330.499 517.502
-602.504 128.500
197.506 585.497
-31.501 622.499
-577.504 237.496
622.505 -103.496
-579.501 -292.501
253.500 609.496
-552.492 -372.498
68.501 -663.496
420.501 518.498
655.501 143.503
672.496 66.498
-671.497 103.503
483.504 478.502
-669.507 126.507
-271.496 625.505
662.499 -196.504
-511.503 -466.499
482.499 -502.501
498.505 486.504
660.500 -229.499
-676.505 177.504
-458.498 533.506
687.499 206.500
679.500 -243.501
314.505 -657.496
681.426 -259.989
-728.497 31.499
298.503 668.501
-191.510 709.494
322.508 669.497
-493.496 557.497
-738.501 -98.500
612.502 -427.494
-222.497 715.494
-287.498 700.495
-664.505 380.499
724.499 258.497
-198.578 744.430
-768.503 -98.507
238.500 -741.498
332.500 705.499
-536.501 -568.505
-62.499 -782.506
-785.505 15.502
-725.495 -309.500
761.500 217.501
796.503 3.502
-194.445 772.883
-194.872 772.964
-194.585 773.794
-490.505 639.506
280.493 -757.498
-774.085 -237.589
606.500 540.502
-32.498 811.501
689.497 434.500
-778.391 -242.929
-305.506 -767.500
198.071 805.128
195.372 806.060
724.487 -407.501
765.505 -328.499
-199.504 807.493
801.493 -240.498
-835.494 34.502
-848.499 -27.499
669.500 525.501
-802.506 -285.496
387.497 760.506
-843.499 -139.500
-834.497 190.497
660.495 545.493
773.497 378.504
74.496 860.505
-405.503 762.505
-675.234 546.205
-675.289 546.271
-873.495 47.499
875.500 -55.495
-45.504 879.507
-876.499 102.502
-358.503 811.496
803.504 386.510
-893.735 0.378
-901.270 3.801
-462.500 -774.499
-798.497 424.500
-905.501 -34.497
770.500 -481.511
640.496 643.506
-909.504 -62.496
-887.496 -216.497
-690.495 603.501
514.495 761.505
873.508 -323.496
853.510 -373.509
-930.500 30.501
534.506 763.506
935.498 -73.499
-776.498 534.495
283.498 -903.499
-697.504 643.500
-374.494 875.499
891.502 -338.502
95.490 950.504
-865.500 419.501
946.502 -178.490
366.499 895.496
699.499 673.499
-731.501 639.503
542.502 -808.506
-517.493 824.509
-932.491 -293.502
462.498 861.504
961.502 -194.508
-947.504 -251.497
26.505 990.501
-887.507 -444.499
988.496 113.503
997.496 13.511
171.497 990.497
750.499 670.503
-481.496 883.501
-748.493 -697.498
-901.493 482.502
732.496 717.500
62.508 1036.500
891.499 540.509
-255.498 -1011.500
897.649 -535.600
-822.499 -645.497
1040.500 -114.509
234.496 -1031.500
-969.502 -426.500
-589.492 -887.495
540.998 917.504
-945.501 493.500
-1038.500 255.501
938.217 -516.501
836.498 -674.503
602.500 -891.496
945.699 -516.500
-404.500 997.494
-1076.500 -45.499
149.501 -1068.500
-712.496 812.496
-932.498 -557.504
-1073.500 177.505
640.504 -881.489
-1086.500 83.501
-465.497 -988.500
860.500 674.501
-980.502 485.499
-594.501 -928.500
-783.498 -789.502
-36.500 1112.500
1110.500 100.495
487.502 1002.500
619.503 928.496
-920.507 630.501
-1113.500 -74.493
-1103.500 178.505
721.493 855.500
1103.500 -212.495
-1095.510 -258.502
-874.501 -715.500
-176.499 -1117.500
1134.830 -80.567
859.497 747.502
-1129.500 -183.499
1145.640 -82.161
696.499 914.507
-420.502 1072.500
1153.500 -54.502
-747.503 -882.500
1147.500 -151.497
-620.497 978.500
-293.506 1121.510
203.498 1152.510
-1138.500 -272.501
-792.506 -871.505
131.499 1172.500
880.501 792.501
1191.500 -82.501
-945.499 728.503
1158.500 299.496
772.498 915.502
177.496 1186.500
-1105.490 -468.494
954.502 -732.494
-526.500 1081.510
1006.490 660.497
866.507 -838.496
-287.505 1171.500
1198.500 -156.498
629.501 1033.500
1198.500 -180.496
81.494 1212.500
1216.500 45.500
574.499 -1076.500
1031.500 654.501
1166.510 363.501
1001.500 -718.498
676.450 1038.600
-1216.500 -241.503
675.564 1040.810
541.499 -1118.500
1238.500 200.498
-984.498 790.497
663.503 -1077.500
-1093.500 640.496
-450.499 1191.500
-960.501 845.501
646.502 1108.500
592.500 -1139.500
1281.500 -108.497
-944.495 -872.504
1222.500 -405.501
863.311 961.377
1067.500 728.496
-916.499 910.496
857.509 967.497
1220.500 -447.502
-1243.500 -389.504
611.506 1151.500
1116.500 676.501
-734.501 -1086.500
1290.500 -240.500
-1138.500 658.497
-1160.500 631.502
-1091.500 748.501
-1283.500 330.501
-1230.500 -502.501
942.499 938.500
-864.496 1012.500
-1276.510 -398.495
1028.500 -867.508
1340.490 128.502
-1086.500 801.500
1139.500 730.497
620.491 1208.490
-619.501 1208.510
1358.500 -132.500
-1308.500 -388.509
-915.502 1013.490
-1304.500 411.503
840.506 1084.500
724.493 1170.500
1018.500 928.494
1360.490 -226.501
1379.500 101.499
1118.500 -816.503
1126.500 807.499
-912.498 1045.500
1169.500 -753.497
-1384.500 139.499
-794.496 -1143.500
1093.490 862.495
-1400.500 -64.507
-1111.490 862.501
860.503 1136.500
1144.500 -858.493
1380.500 -392.493
1371.490 -424.500
-1135.500 878.491
1289.500 638.498
-1429.500 157.498
-858.500 -1155.500
1317.500 -588.503
1092.500 942.503
1233.510 -767.491
-1413.500 407.499
882.499 -1180.500
-1156.500 926.495
1459.500 265.503
1488.500 -31.504
-1259.500 805.506
-1482.680 -199.485
-1046.500 1074.500
-954.500 1163.500
-1493.490 -191.500
-1302.500 -759.497
1462.500 371.501
1495.500 -222.504
-1433.500 510.499
1520.500 92.501
1531.500 64.500
-1528.500 121.504
-1513.500 274.510
-1308.510 -809.495
-1255.510 908.500
-1424.500 -617.504
1544.500 238.496
1260.490 928.498
1577.500 -48.495
1094.500 1138.500
1566.500 -246.491
1229.500 -1002.500
-1565.500 265.505
-1372.500 802.498
-1279.500 946.504
-1149.500 1101.500
1570.500 -271.500
-1216.500 1029.500
1108.500 1160.490
-1153.500 -1129.500
-1446.500 -733.505
-1505.500 603.488
1235.500 -1059.500
-1147.500 -1153.490
-1127.500 -1174.500
-1528.490 578.496
1528.510 -596.498
1187.500 1131.500
1600.490 -375.502
-1179.500 1160.510
1188.500 1152.500
1385.500 943.501
-1332.500 1028.500
1275.490 1105.490
1370.500 -987.499
-1476.500 825.496
-1322.500 1088.500
1316.500 -1143.500
1443.500 -990.503
-1569.500 -778.501
-1538.500 879.500
-1620.500 722.496
1583.500 -847.499
-1390.500 1145.500
-1610.500 877.498
-1555.500 -994.495
1527.500 -1038.500
1491.500 -1113.500
1519.490 -1091.500
1598.500 1024.500
-1617.500 1116.500
1599.500 1153.500
-1604.500 1152.500
