0.497 -0.505
1.500 -100.499
158.492 -42.501
-150.501 65.492
167.499 -125.498
-239.503 57.498
-176.498 -173.506
-240.494 -103.505
-250.502 106.496
202.506 217.493
-254.498 218.499
-339.501 1.495
186.504 -290.503
-207.496 -276.495
361.501 -18.496
-279.499 234.501
64.501 -373.506
377.508 55.501
-386.501 96.503
-140.500 387.498
274.495 320.502
381.498 212.502
106.500 427.499
327.489 295.502
224.503 398.501
455.500 -63.498
-315.502 -334.493
244.510 399.500
347.497 -318.497
361.499 -306.505
470.496 83.500
445.490 186.503
-427.498 248.502
460.504 -206.501
-150.503 -488.503
449.497 -252.498
-440.502 290.493
-393.496 371.504
430.502 348.499
494.504 -293.512
163.495 552.498
562.499 -130.500
607.502 51.506
-221.497 567.504
274.496 559.503
581.497 233.497
387.500 -500.499
-444.500 452.502
-634.492 -44.503
-378.496 516.499
-267.503 584.505
-417.502 -527.503
-432.498 -521.508
-193.509 -652.496
612.503 317.499
395.501 571.499
640.507 333.501
493.504 -529.502
17.502 -730.496
-343.498 645.503
-675.495 285.503
-612.492 405.499
-497.503 543.502
336.496 -664.498
-485.501 592.495
-182.496 754.493
-64.495 775.497
-112.503 813.507
-769.494 -291.504
-513.498 651.499
-417.500 -728.498
470.502 739.503
875.502 -87.505
-809.500 356.504
289.505 -837.497
744.506 -482.499
346.501 -821.493
494.491 -745.508
-903.498 106.502
-151.503 -907.496
571.497 729.501
-165.492 924.508
903.499 264.499
-940.500 -61.500
418.508 849.493
952.500 -35.501
607.503 -740.499
-106.497 -952.508
-669.501 717.497
774.501 -613.499
-961.492 266.506
724.503 687.501
-677.500 -749.502
742.496 691.498
242.504 986.498
954.500 365.506
-552.496 -860.508
485.500 901.497
-794.501 -652.496
1021.500 126.495
1009.500 -249.500
-98.503 -1053.500
844.506 -639.505
-1056.500 75.507
993.501 396.497
-735.499 780.503
-81.497 1078.500
284.501 -1048.510
188.489 -1079.500
-1096.500 1.493
-968.496 -518.507
1027.500 -392.504
-154.498 -1091.490
-294.500 1061.500
-39.501 1115.510
-1064.500 349.499
762.494 822.501
997.502 -514.495
-1050.500 -404.498
-673.491 -906.500
812.498 789.495
101.498 -1131.500
-1079.500 408.505
1072.510 -439.497
-1150.500 208.499
257.496 -1153.500
232.494 -1165.500
-87.501 -1187.490
-621.501 -1020.500
1179.500 -194.505
-975.499 693.504
991.502 -686.503
-689.497 994.498
444.503 -1129.500
886.498 831.504
-517.503 -1101.510
642.501 1049.500
554.497 1100.500
-1218.510 -183.500
-307.503 1193.500
509.495 1125.500
969.492 767.506
-1018.500 -724.495
-326.500 1208.500
-873.499 -908.505
-755.502 -1009.500
579.495 -1129.500
623.501 1106.500
1194.490 -439.500
1046.500 725.499
-1239.500 -366.501
906.500 946.506
-851.500 -1002.500
-1107.500 -714.498
-1157.510 -637.505
-923.501 945.502
592.497 1185.500
1011.500 880.504
-887.510 -1005.500
-666.503 1163.500
865.500 -1037.500
-798.501 1105.500
1232.500 -603.506
-1214.500 643.501
-908.505 1045.500
-1231.500 -651.497
-1393.510 49.501
-981.495 -1002.500
1392.500 -250.496
-1299.490 -557.499
-903.499 1088.500
-1257.490 -671.501
1435.500 209.501
1066.500 989.507
-854.506 1177.500
1174.500 -878.500
-1403.500 427.501
1446.780 312.988
1336.490 686.500
1286.500 780.491
-1220.500 -894.502
-1511.500 194.509
-1465.500 -423.504
1525.500 97.497
1059.510 -1117.500
-1225.500 939.500
1321.500 812.495
-1269.340 904.310
1183.500 -1017.510
-1270.810 904.565
1179.190 -1023.350
-1412.510 -670.499
1564.500 74.507
1374.500 756.498
1339.500 826.500
-1483.500 542.499
1466.510 -598.500
1341.500 853.500
1533.500 -429.495
1599.500 63.508
-1566.490 335.499
-1604.500 -63.493
1340.500 885.512
-1607.510 -10.502
-1503.500 608.497
1485.500 -665.500
1508.500 620.500
1442.500 792.494
1618.500 -312.502
-1601.490 402.501
-1594.490 -441.496
-1201.500 -1155.500
1364.500 967.505
-1186.500 1182.490
-1338.500 -1018.500
-1581.510 -603.498
-1190.500 -1209.500
-1522.500 -768.494
-1474.500 -984.507
1482.500 979.503
1451.500 -1028.500
-1534.500 -914.496
1578.500 861.501
1529.490 1015.500
-1612.500 -923.503
1571.490 1204.500
