0.500 -0.506
-86.499 66.501
0.488 -110.501
-68.500 -86.502
-141.503 -59.498
98.503 -121.508
-119.497 101.500
-68.500 164.504
-165.499 -68.500
163.498 -96.496
-198.500 66.500
-75.496 -200.509
-5.503 -216.501
254.498 34.493
-101.501 235.500
-22.497 -260.500
35.500 -264.501
129.501 248.494
36.497 278.499
36.497 278.891
-277.504 -118.502
283.496 -117.499
-296.503 -84.495
-79.491 299.504
-175.504 263.500
269.496 203.501
-355.495 9.490
70.500 -361.508
106.501 -357.491
-345.499 -143.500
266.502 -265.492
186.503 -331.507
-377.505 -39.501
-317.499 208.495
300.506 234.498
62.502 376.502
-347.506 157.498
264.495 285.504
249.040 304.119
125.496 376.499
-346.497 -197.503
303.497 -277.494
288.508 297.499
29.122 -420.597
31.433 -421.582
-49.496 -423.501
98.500 424.501
-114.501 -425.505
259.502 -364.497
-408.497 -205.506
-25.490 -463.495
-306.652 -350.579
-59.499 -462.783
-59.501 -463.976
-192.501 426.498
162.499 442.506
-319.503 351.499
362.506 -311.503
473.498 -68.502
-320.035 -356.219
-105.497 -468.495
43.501 477.495
386.500 -286.498
-303.494 -384.507
232.498 432.505
-476.503 -132.503
391.497 -304.498
-339.501 -365.504
-264.493 -437.504
-33.495 518.500
-522.509 -43.503
526.499 78.500
-409.501 338.502
170.498 504.503
301.503 -447.496
544.502 -9.496
545.494 -47.493
-489.498 244.502
-483.503 264.503
-295.498 -473.501
-276.499 485.502
276.499 486.506
70.498 559.498
-83.490 558.500
161.499 -543.499
-483.495 305.507
461.502 -351.502
482.221 328.163
-114.496 -572.497
340.502 -481.498
481.497 339.503
-462.502 -370.500
224.502 -561.497
-605.497 15.503
567.498 229.503
-13.505 612.502
-602.500 -124.500
-357.170 501.633
166.503 594.496
21.501 -619.497
424.505 -459.497
601.507 -210.497
-40.495 636.495
433.499 474.501
315.499 -565.500
-181.501 622.499
600.495 249.505
21.504 -651.504
-616.507 -209.494
-166.508 -631.498
234.500 -611.498
302.503 583.503
-631.502 197.498
367.499 557.496
-634.497 216.599
-593.503 -320.496
-601.502 306.499
-663.503 -148.501
-314.503 -606.499
534.510 -426.500
-486.500 -480.497
668.502 150.501
684.502 109.498
641.503 264.496
-683.500 118.497
-591.298 364.848
-390.498 -579.504
700.502 65.497
428.491 557.500
-248.498 -659.501
543.504 -452.500
233.497 668.504
-602.987 371.479
197.504 680.499
-603.276 372.078
-429.495 565.501
-695.504 -158.499
34.499 -716.501
700.500 -165.499
-393.492 601.501
-364.496 621.500
296.495 -658.489
-718.500 -64.503
-632.502 347.502
-690.496 -214.502
584.502 -430.504
721.499 80.500
-700.500 205.503
-397.507 -618.503
-182.498 711.498
-735.501 24.503
722.509 150.503
392.497 -625.503
-621.502 411.505
534.502 527.501
-98.506 746.497
326.495 -680.500
-95.504 -751.503
-667.499 361.500
-358.499 677.503
-460.507 -624.507
704.492 328.502
424.498 -657.500
-18.500 -785.500
-596.505 512.492
731.499 294.497
581.502 -538.495
793.502 -90.504
448.505 -661.500
-662.502 -453.504
-787.499 -159.502
358.503 720.502
-227.501 774.497
656.498 471.496
813.499 -78.498
136.505 -812.507
591.501 573.501
-733.497 377.489
-785.504 275.500
571.493 -613.503
-122.499 -834.502
87.498 -839.504
-278.498 797.500
-806.500 253.500
356.500 -769.505
-606.502 -594.505
844.494 -97.497
-501.499 -688.502
-767.504 370.508
194.500 -834.500
489.505 -703.507
829.503 -221.494
274.506 -815.500
-723.498 -470.499
794.499 -349.497
-681.497 556.498
573.499 -671.499
-483.499 738.499
-878.185 -127.736
-825.497 326.503
-879.495 -125.500
599.500 657.500
-135.496 -880.502
-771.499 451.500
66.500 894.502
819.985 376.956
-861.509 271.506
823.092 376.020
504.496 -752.498
-742.497 -525.501
824.502 413.498
-592.501 -707.497
-918.501 -133.496
80.501 -926.498
-635.499 -680.505
-847.500 398.499
-702.494 619.501
-475.495 807.499
-909.499 227.509
923.495 -176.506
932.492 136.501
-856.502 -392.495
-942.502 36.496
-356.664 873.076
-356.810 873.464
-265.504 -907.496
629.492 -710.495
-501.500 805.506
201.501 929.494
789.498 -533.498
877.508 378.497
-958.498 -24.504
-794.502 -547.500
231.493 941.497
467.497 851.497
-937.508 -256.496
612.501 758.500
-601.502 766.502
560.496 798.505
338.505 921.501
121.446 -975.875
109.496 -977.506
-367.502 914.502
-876.498 -452.497
-86.497 983.499
501.494 -853.502
-582.511 801.512
993.508 -31.503
972.494 -229.499
-395.498 916.496
-850.495 529.487
-110.503 -998.503
-610.503 797.501
956.500 311.498
-466.499 -894.497
-744.504 680.495
544.495 -851.500
1011.500 -72.503
493.500 -886.498
-403.498 -932.507
-797.056 631.688
470.501 905.503
-798.407 636.286
958.504 -363.501
573.499 849.504
947.500 407.503
1003.500 256.504
-1029.500 130.499
-227.503 1014.490
955.501 -433.506
690.503 -790.497
-849.497 617.502
-791.500 694.501
1038.500 192.502
-455.507 955.500
240.502 -1042.500
-839.498 662.502
-1026.500 -305.497
-655.507 848.495
-1016.500 354.498
610.496 888.506
1061.500 209.504
-16.500 1081.500
66.498 1081.500
-436.499 997.501
-455.497 -993.497
230.508 -1073.500
-881.498 652.502
-800.497 -751.501
201.495 1079.500
1096.500 76.499
-799.505 754.497
850.493 -700.496
-1098.650 69.927
-730.501 -827.501
-851.498 702.498
1059.500 -318.496
1031.500 411.495
-944.502 -583.494
725.497 840.499
879.498 -681.502
70.496 1110.500
-1036.500 407.500
977.500 548.494
-945.499 605.503
-770.554 835.444
-921.498 671.505
-1045.500 457.504
906.503 697.497
-782.496 839.499
324.499 -1103.500
976.503 609.504
-1152.500 -20.499
905.500 -716.503
-947.501 665.501
1051.500 494.495
744.502 892.502
-442.502 -1075.500
-545.497 -1029.500
1108.500 -367.498
1088.500 -434.495
-851.498 805.499
-659.494 973.502
-970.495 665.500
-508.499 -1065.500
1099.500 433.496
728.502 -933.505
701.508 -955.504
169.493 1174.510
-996.519 645.874
860.499 -822.501
-944.502 723.505
-1004.210 641.722
-1182.500 -180.501
672.507 990.501
1013.500 638.498
-788.507 902.499
1118.500 437.500
-1097.500 -486.507
772.502 -926.490
29.499 1211.500
1144.510 402.500
-1080.500 -551.504
-1136.510 -430.500
-435.503 -1136.510
947.013 -765.816
948.855 -765.949
-885.495 -841.500
-832.504 895.494
1073.490 -590.502
-1082.030 596.967
460.500 -1153.500
-453.505 1156.500
1178.500 402.504
-1121.500 -544.501
-1204.500 329.500
1251.490 55.506
374.501 -1196.500
-962.500 801.496
-1055.500 685.502
-939.499 850.497
949.501 859.502
833.500 -974.495
-1266.500 -224.497
-1236.490 370.502
892.496 -941.497
1264.490 -290.506
1268.500 280.501
1114.500 -671.495
1237.500 -433.506
1308.500 200.495
-682.506 1135.500
1288.400 -318.801
1289.000 -318.036
1264.490 421.502
-1016.500 864.502
-1226.500 529.502
-1217.500 -558.500
1162.500 -679.506
1143.500 711.496
1301.970 -347.094
1293.500 -386.504
-1159.500 719.498
-1180.500 688.505
-1119.500 800.494
-1329.500 364.492
1329.500 -376.507
1382.500 -9.494
-1268.500 -548.492
1375.510 -143.504
-1111.490 827.499
-788.501 1140.500
1297.500 -497.495
-847.501 -1102.500
1391.500 49.503
1379.500 197.499
-1322.500 448.500
1043.500 -930.492
-1369.490 -290.502
-1353.500 -372.489
-1401.500 -104.495
-1232.500 688.501
-1407.510 153.503
-1096.500 -897.500
1093.500 923.499
-1432.500 -54.496
1416.500 235.501
-1434.500 79.504
1430.500 -197.504
1402.500 344.498
1381.500 451.502
-1451.500 83.500
1169.490 873.500
-1374.500 -505.495
-1467.500 74.498
1477.500 -3.499
-1195.500 866.501
-1155.500 -923.500
1463.500 224.500
1151.500 937.493
-1420.490 438.488
1256.510 -798.499
1389.920 -543.015
1297.510 -750.500
-1126.740 996.477
-1129.080 994.318
-1123.590 1000.530
1512.500 -93.497
-1155.490 994.498
-1323.500 765.495
-1142.500 1016.330
-1142.500 1017.330
1531.500 73.503
-1123.500 1052.510
-1349.500 -747.496
-1363.500 -728.497
977.502 -1209.500
1254.500 924.502
-1561.500 -150.505
-1397.500 712.503
-1304.510 881.495
1510.500 -483.504
1554.500 -375.500
1212.500 -1048.500
1258.500 996.501
-1368.490 840.502
-1590.500 277.510
1458.500 698.499
-1451.500 728.501
-1212.500 1082.500
-1599.500 -300.497
1144.500 -1160.500
-1109.500 1197.500
-1391.500 862.503
-1312.500 985.500
1415.490 -842.505
-1387.500 890.494
-1396.510 -880.499
1479.500 -745.505
-1419.500 855.494
1207.500 1136.500
1546.500 -612.497
1199.500 1156.500
1201.500 1180.500
1468.490 831.501
-1314.500 -1061.500
-1483.500 827.496
1303.500 -1100.500
-1551.500 736.501
1252.500 -1185.510
-1472.500 916.499
1358.500 1118.500
-1401.500 1065.500
-1527.500 883.505
1593.500 -770.496
-1306.500 -1201.500
-1427.510 1121.490
1490.510 1105.500
1486.500 -1148.500
-1529.500 1126.500
1595.510 -1094.500
