0.498 -0.496
92.500 119.503
-57.491 -156.499
-147.507 -107.496
-111.497 152.497
-42.497 185.505
-191.502 10.502
-210.503 -51.500
-218.506 -9.495
-76.502 -251.498
-251.505 -105.497
234.502 141.504
-110.495 -262.499
-30.507 -284.499
280.498 96.497
-47.507 -295.506
-302.492 -17.507
-30.498 -308.504
266.502 -172.503
-128.498 304.494
38.504 349.502
370.505 40.502
-373.500 -33.496
-122.499 360.502
96.499 391.497
-388.495 116.502
-187.498 360.501
329.500 240.494
128.596 388.217
-372.510 -170.505
-362.505 -193.499
123.494 397.502
-296.502 -307.500
303.495 -305.500
-412.499 121.507
431.490 4.501
397.497 191.499
92.496 -433.494
-419.501 -148.498
-76.499 439.500
-416.056 -162.520
-437.314 -92.328
-287.495 -345.496
381.500 251.507
-448.159 -86.737
-431.502 -189.497
-119.494 -466.504
161.499 -462.499
474.499 -147.498
-57.493 -493.502
-500.496 -44.507
495.503 -100.504
280.497 420.499
-241.496 456.504
-192.502 -480.504
384.502 -354.495
-153.513 499.501
-401.495 -337.495
46.502 523.499
347.506 -396.497
89.504 527.501
-336.496 -424.497
546.500 57.503
185.503 -519.501
-562.504 68.501
-538.495 -183.496
-573.499 -1.499
553.501 -176.508
578.499 71.501
-253.511 -525.504
510.500 294.502
495.496 -322.499
470.503 370.502
-513.500 -309.497
-155.508 -580.506
-105.491 -592.503
-29.504 -601.497
-416.507 -439.497
-579.509 -180.497
513.503 -336.502
-314.498 529.494
540.551 327.049
540.603 327.143
532.494 -341.504
359.499 529.497
-577.499 -276.498
-640.050 103.384
-639.498 112.510
654.503 -3.494
422.504 499.499
-598.501 274.498
491.495 -442.502
655.498 -112.505
614.491 -260.498
-664.495 71.501
586.506 330.497
577.499 -349.500
444.500 -511.498
-22.503 -677.495
522.503 431.494
-625.504 -281.493
43.501 685.504
-482.499 491.497
586.494 363.500
-347.499 605.498
623.736 324.989
609.501 361.499
-694.507 148.498
102.503 -704.504
-391.496 593.504
-252.495 667.495
630.501 336.502
-656.497 281.501
696.500 -193.502
-110.503 -714.508
627.497 360.497
313.498 663.501
-719.503 -196.504
-738.492 122.500
-625.503 -426.504
-695.493 -302.500
-678.503 -347.501
-246.504 723.500
-697.498 329.500
663.224 403.237
664.054 403.102
-670.500 393.501
-716.506 -308.500
-763.496 167.494
671.444 401.847
-39.498 782.504
706.496 -345.500
390.501 -686.495
755.496 232.492
-601.500 -519.492
-293.505 -739.504
-679.497 413.501
-240.498 759.500
-567.500 -561.509
529.498 600.497
707.501 382.494
386.500 -709.496
647.494 -498.498
801.501 -173.496
759.500 -312.505
204.493 -807.505
-700.505 451.496
136.495 827.509
-531.505 651.505
-592.499 599.498
818.497 210.500
-761.502 -388.495
766.501 385.503
-843.627 -163.063
-844.223 -164.325
709.497 494.501
-861.184 -77.119
-13.503 -866.503
-291.504 817.500
863.507 -129.507
-140.495 862.505
612.503 626.501
-872.128 -80.348
-656.496 -590.505
-262.165 -846.626
-624.493 -631.495
-263.457 -849.908
836.501 314.496
-862.495 -241.499
899.500 15.501
744.495 -507.493
-260.501 863.501
-711.497 563.500
-893.506 -190.505
-531.504 750.500
901.502 195.507
655.499 654.496
-13.496 -927.495
583.495 720.499
324.502 875.504
871.493 344.495
26.502 954.497
831.498 478.497
-899.510 336.495
-967.501 116.506
-800.501 559.502
563.496 800.502
-609.499 775.511
508.491 -849.494
841.501 -528.505
990.500 123.498
997.496 -52.505
282.498 957.497
184.504 -983.499
-883.497 -471.502
764.505 -649.502
991.497 158.500
488.498 883.501
-965.498 -298.502
880.510 501.500
-634.502 -794.500
3.496 1017.490
1005.490 166.502
978.500 311.501
-194.505 1007.500
-877.498 540.499
-734.502 -728.499
-960.505 -392.507
1011.500 257.500
1020.500 -236.502
892.492 553.496
420.509 965.502
-121.505 1049.510
610.494 865.494
-736.498 762.501
451.510 960.503
1064.490 -64.507
128.505 -1060.490
278.504 1035.490
559.500 916.497
-658.493 -848.500
-454.496 -975.498
1075.500 -47.505
-997.502 403.497
-132.501 -1072.500
883.496 633.501
995.499 -448.497
-342.500 1036.500
518.507 962.495
-446.499 998.501
678.504 869.497
-824.501 -743.500
-974.498 541.501
454.505 -1029.500
1111.500 -203.504
248.510 1102.500
-554.492 -985.497
1058.500 -402.509
556.502 -989.495
-1057.500 -412.488
-572.496 980.498
998.500 -543.506
-1000.500 543.492
-1136.500 84.497
-387.501 -1077.510
-3.507 -1145.500
823.502 801.497
-1109.490 -311.501
-707.501 912.499
-1072.500 -429.498
1115.500 321.503
582.497 -1005.490
69.500 -1161.500
1005.500 -605.501
622.498 -995.488
-534.499 -1048.510
15.502 1176.500
114.505 -1173.500
1174.500 -150.493
-847.503 825.507
-274.502 1152.500
-915.498 -757.496
1192.500 73.503
1195.500 -108.498
-1171.500 284.495
237.506 -1183.500
294.495 1180.490
264.498 1191.500
-1215.500 -132.501
1036.510 -663.501
459.503 1143.490
-1196.500 297.504
1227.500 156.499
264.504 -1210.500
538.501 1125.500
-1196.500 -361.495
-612.502 1093.500
1027.490 -733.498
-835.500 -953.502
-680.503 -1072.500
-1085.510 662.503
-1061.500 -710.499
988.508 -810.504
1208.490 -426.501
1058.500 724.497
-1144.490 577.494
-1267.500 258.499
1292.510 91.501
-823.499 -1008.500
941.498 903.496
-1201.500 521.497
-586.496 -1172.490
1313.500 -106.509
-1036.500 823.501
-1049.500 -816.493
1244.500 507.501
-1348.500 51.498
-1347.490 77.496
-1298.500 -372.498
-1306.500 370.506
-1104.500 796.503
1214.500 638.506
893.496 1041.500
-1079.500 846.504
763.499 1143.490
-1375.500 9.502
-1329.500 353.506
-802.502 -1118.490
-896.505 -1048.500
1000.500 953.494
-1180.500 -745.498
-1330.510 -465.498
-962.498 1034.500
-1417.500 -10.495
-1417.500 -61.500
-1185.510 -782.506
-1359.500 411.503
-790.494 -1182.500
-1318.510 -575.512
838.505 1170.500
876.499 1145.500
1395.510 376.495
959.503 -1085.500
1215.500 788.501
-1136.500 901.503
-1367.500 -486.499
1286.490 -676.503
1104.510 -954.499
1411.500 -379.503
-1165.500 -914.499
928.504 -1159.510
-1489.490 -90.496
1404.500 507.499
1170.500 944.498
-1304.500 -750.490
1029.500 1098.500
1481.500 284.507
-1244.500 -852.496
-1235.920 -866.450
-1001.490 1128.500
-919.502 -1201.510
1514.500 68.506
-1267.500 -836.498
-1164.500 -977.494
-1474.500 376.498
1160.500 991.500
-1525.500 -43.500
-1525.500 114.502
1126.500 1047.500
-1368.500 -710.501
-1240.500 -923.500
1514.500 363.505
1470.500 -533.500
-1442.510 -608.496
1321.490 -858.505
1555.500 257.501
-1428.500 -674.498
-1458.510 -611.494
-1557.490 -275.499
1406.500 -733.500
-1491.500 543.497
1129.500 1127.500
1383.500 -800.497
1602.500 76.492
1602.500 76.884
1088.500 1189.500
-1486.510 -624.497
-1573.500 378.502
-1608.510 258.498
-1599.500 385.504
1564.500 -514.500
-1203.500 1126.490
-1484.500 -723.504
-1345.500 -959.493
1138.510 -1200.500
1451.500 -795.505
-1184.500 -1165.490
1445.500 -821.509
-1560.500 577.505
-1456.500 810.504
1555.500 631.489
-1424.500 -895.494
-1411.500 -919.506
1212.490 1182.500
1363.500 1022.500
-1394.500 -992.504
1442.500 929.502
1409.500 -980.506
1517.500 -825.493
-1264.500 1200.490
-1428.500 1001.500
-1593.500 -728.502
-1314.500 -1172.500
1550.500 -845.498
-1541.500 -868.502
1506.310 939.436
1509.280 943.315
-1510.510 -997.509
-1443.490 -1130.500
1556.500 -987.498
1587.500 -1036.500
1612.500 1082.500
-1620.500 -1125.500
