0.494 -0.503
-51.500 -49.496
-48.501 -107.500
27.499 -139.505
-147.498 76.502
168.501 150.495
48.492 -224.503
-228.506 117.496
-90.505 -242.496
-272.496 55.499
-26.504 291.504
286.501 -77.500
-277.498 111.493
-234.495 -197.502
270.503 161.500
-127.495 288.506
193.497 251.501
-337.507 -18.504
-98.504 337.505
114.501 -349.501
-68.504 361.503
141.501 341.494
-116.502 -352.503
25.501 -373.496
-338.503 -176.504
370.495 96.497
199.501 328.500
-89.494 -378.496
116.501 -372.490
142.500 366.501
142.500 366.892
-299.502 -298.503
260.507 -344.501
183.507 -396.496
302.505 -319.503
221.500 385.494
-380.501 -232.503
317.504 314.502
344.508 286.501
-340.496 290.498
437.497 -100.505
407.499 203.502
4.498 -458.495
-136.496 -442.498
-118.494 447.502
-72.499 -468.502
42.502 472.502
303.500 368.504
293.504 -386.497
309.500 -375.498
114.501 -475.504
-349.491 -355.502
280.499 -414.501
511.501 -27.505
401.503 -320.504
20.510 -516.496
-370.496 365.498
460.494 255.496
-459.504 262.497
258.500 -463.497
523.500 -88.496
146.507 -510.507
-37.499 -536.502
152.510 -517.463
324.499 430.497
421.500 337.497
-480.505 245.500
-225.491 -491.499
-95.500 534.496
-119.509 -539.496
-330.503 -443.496
-313.508 -461.496
126.501 544.493
520.500 235.501
556.496 135.495
-253.498 -518.503
577.501 61.498
172.499 -557.501
564.495 -152.497
585.498 36.498
-76.500 582.493
573.843 143.467
557.496 210.507
168.503 571.494
464.499 374.501
295.505 521.502
584.710 142.657
454.509 -398.503
-582.495 -199.498
-7.505 -622.497
591.498 -208.501
631.505 14.495
-492.495 -400.496
615.497 -162.493
-302.497 -564.502
-195.497 -610.493
236.663 -597.692
-257.498 -590.503
149.496 627.501
239.213 -602.022
-471.496 -457.499
302.497 -586.500
519.503 413.495
-90.502 -660.500
459.498 -490.503
-646.501 -191.495
-670.497 -101.497
285.499 -622.500
337.506 -603.495
177.507 667.501
563.509 403.501
-524.503 472.505
-621.490 347.492
619.506 364.501
688.501 -213.494
400.503 601.497
-597.502 -409.503
678.500 -259.504
-236.501 687.497
537.497 -493.505
738.501 4.503
461.502 -583.496
161.503 -726.499
10.494 -744.504
656.502 -353.501
-381.497 641.504
124.494 740.495
419.498 -624.490
-752.500 -54.501
-734.502 -186.495
697.497 -318.500
626.505 449.500
700.838 -343.158
415.033 -662.283
472.507 -623.506
729.500 283.497
366.498 -695.507
422.386 -664.996
714.948 -333.020
361.175 706.412
745.496 276.503
-796.506 115.496
607.496 534.501
669.497 457.501
372.499 720.501
-195.494 -796.498
794.499 -210.507
20.496 832.495
-297.504 -788.500
-734.500 -414.504
834.500 126.496
-801.499 -284.506
-623.508 585.502
853.513 209.019
-171.499 862.501
59.507 -878.499
-654.503 -589.499
259.506 842.501
852.457 230.848
-306.511 -830.500
-53.501 883.497
281.499 -840.488
858.157 226.976
870.497 200.500
813.500 399.504
905.495 -73.493
67.503 -913.504
-909.498 115.501
849.495 364.491
-21.493 -924.495
876.499 294.501
905.870 -212.324
-768.498 522.490
906.427 -213.844
-490.500 790.509
875.500 -320.501
-812.499 465.504
918.509 -195.497
830.502 -444.497
529.494 -782.506
919.501 -244.507
582.499 -753.501
952.501 -74.501
765.504 588.501
897.496 362.499
-165.500 954.504
922.504 -300.505
-45.496 -970.500
248.499 -943.508
970.845 101.031
958.500 188.505
707.496 676.503
820.497 534.505
-508.495 -839.505
212.506 -959.498
749.500 -640.500
979.493 117.497
821.495 -548.487
-312.496 937.505
966.382 -213.109
975.502 175.494
987.497 87.504
819.306 -559.912
-992.505 38.499
971.536 -212.073
992.501 -66.496
-938.504 -329.502
979.496 -179.500
931.503 -379.503
1006.490 35.492
839.498 -566.506
41.505 1015.510
625.499 -803.498
-556.502 -857.502
976.810 -310.993
829.498 602.496
925.497 446.496
981.260 -309.842
-1027.500 34.496
-95.506 1027.500
826.501 621.490
5.499 -1036.510
1026.510 -147.500
731.497 735.497
15.500 1039.510
880.503 566.501
-503.496 924.498
891.501 -575.495
1043.500 202.504
997.495 372.501
-876.503 -604.493
1017.500 338.501
1027.490 310.501
-671.504 836.499
644.501 865.505
1081.500 1.499
-585.499 909.495
1019.500 368.495
-65.509 1089.500
1087.490 -105.502
728.505 -814.498
916.496 -596.495
712.500 829.496
14.503 -1095.500
-510.508 968.505
-501.499 -980.506
1003.500 458.503
1092.490 158.496
1030.500 -397.501
1073.500 -268.500
-1035.500 -392.498
864.500 -696.501
-548.494 966.500
1069.500 308.499
-106.496 -1108.500
-181.492 -1099.500
53.496 -1114.500
1114.500 -58.497
311.505 -1072.510
795.500 -784.500
-680.496 -885.495
854.498 721.502
767.496 -816.500
612.494 -941.501
139.494 -1116.510
401.503 -1052.510
683.818 896.277
1100.490 256.507
694.633 890.707
-715.504 -874.496
1094.500 -289.502
717.500 -876.499
43.497 -1133.510
-1085.500 326.506
-964.503 -597.498
1132.500 111.500
785.491 -831.502
910.497 -696.500
643.494 -949.495
1094.490 -353.501
698.278 913.196
351.496 -1096.490
693.833 918.248
-247.502 -1126.500
-875.511 -750.498
787.846 -843.439
607.497 -985.501
-243.502 1131.500
-274.501 -1129.510
570.497 -1013.500
1146.500 -197.508
876.491 -774.500
-1105.500 -385.496
-566.504 1024.500
1089.500 -432.498
786.501 -869.497
-627.081 989.638
767.497 -894.499
-625.500 998.499
-999.495 -633.501
1114.500 412.495
1036.500 583.497
857.501 -825.501
837.502 -849.502
27.500 1194.510
745.501 -936.504
1200.500 -50.507
274.495 1173.500
-1147.500 381.502
1065.490 574.493
1212.500 -5.506
-729.498 967.496
-716.501 -979.499
-1220.500 15.497
745.498 971.498
679.503 -1022.500
1050.490 646.497
600.502 -1080.500
-738.494 991.500
1007.500 -721.501
650.495 1058.500
-709.499 1021.500
356.497 1197.500
732.495 -1016.500
1183.500 412.495
856.498 -938.498
867.499 929.501
1081.500 670.496
-416.502 -1206.500
1097.500 -670.503
544.496 1166.500
861.501 -959.505
1263.500 263.507
1018.500 -795.499
-452.500 -1210.500
1273.500 235.501
1289.500 127.503
1182.490 529.504
-545.499 -1175.500
508.506 -1197.510
-747.499 -1065.510
1166.500 582.502
934.490 -911.499
747.495 1070.500
1103.500 -700.504
-719.500 -1093.500
-708.500 1101.500
1298.060 -202.060
-1180.490 575.495
1265.500 -368.495
1302.500 -224.494
1260.350 -429.088
1266.500 -419.505
1131.500 711.503
1073.500 -797.502
851.494 -1032.500
983.623 911.293
1319.500 -242.491
980.718 916.251
1150.510 693.404
1150.350 693.821
-1342.500 -93.501
1340.500 -168.504
-1275.500 445.500
1236.500 -560.495
1163.040 709.032
-1003.500 -931.493
753.499 1147.500
1305.490 436.493
-1367.500 -167.496
1318.500 403.500
1294.500 478.496
-1355.500 -256.500
1260.510 564.494
1365.510 -229.499
1375.500 -166.498
1138.500 793.501
1037.510 -924.493
1129.500 -813.508
1356.790 338.047
1090.500 -877.500
-1398.500 83.502
1385.500 217.500
975.500 1009.490
1362.490 351.491
767.499 1187.500
-1412.500 -84.496
1096.500 896.499
-741.499 1206.490
984.505 -1027.500
-1408.500 228.501
819.499 -1178.500
993.569 -1036.110
874.507 1143.490
1387.870 398.694
1387.170 401.951
1021.500 -1025.510
1451.500 1.502
1392.500 412.504
1202.500 -822.501
-1370.490 -498.505
1071.500 -991.496
-870.502 1170.500
-1213.500 -818.505
1106.500 958.503
979.504 -1093.510
1144.500 920.511
1208.500 853.494
-1381.500 527.500
1461.490 233.500
1412.500 445.501
1181.500 -901.503
1484.500 100.500
-1209.500 -868.490
1282.500 757.505
1439.500 385.494
1457.500 -338.495
-990.497 -1122.510
1483.500 -207.499
1413.500 507.500
-1136.510 984.495
1041.500 1093.510
1236.990 -878.881
1087.500 -1059.500
1094.490 1056.500
1040.500 1112.490
-1373.500 -666.505
-1497.490 300.501
-946.499 1198.940
-946.499 1199.040
1419.500 577.496
1115.500 1061.500
1341.500 761.501
1468.500 521.501
1066.500 1153.510
-1528.490 401.496
1582.500 148.490
-1118.500 1136.500
-1558.500 -352.501
-1534.500 -468.500
1255.500 -1017.500
1521.500 543.500
-1077.500 -1208.500
1619.500 -144.491
1589.500 -348.499
1194.500 1112.500
-1537.500 572.502
1191.500 1142.500
1329.510 979.505
-1574.500 -506.499
1276.510 1077.500
1166.500 -1207.500
1223.500 1158.500
1398.490 -941.499
1378.490 -972.500
1607.500 562.502
1513.500 802.503
1601.500 609.503
1501.490 828.490
1490.500 -859.505
1387.500 1020.500
1407.500 999.498
1343.510 -1086.500
-1327.500 -1107.510
-1533.500 -849.500
1498.500 954.494
-1603.500 -793.501
-1458.500 1039.490
1343.500 1193.500
1399.500 1141.490
-1584.500 867.494
-1460.500 -1100.510
1598.490 897.501
-1560.500 975.497
1573.500 1036.500
1459.490 1212.500
1578.500 -1082.500
1616.500 1090.500
