0.502 -0.498
-22.506 65.499
-53.501 56.024
-156.503 36.505
-171.507 -49.508
87.501 169.509
250.503 -25.502
-263.499 35.505
-206.504 -169.495
-127.493 -235.497
203.497 180.501
-278.495 16.499
-252.494 129.505
-236.498 -164.502
300.504 -46.494
-27.495 -310.501
295.497 -121.505
-143.500 294.460
-143.503 299.270
-274.500 201.500
-74.494 338.497
-346.505 55.497
-257.498 241.500
-51.497 -353.500
350.498 -79.510
165.498 -336.499
-104.500 363.503
-175.500 340.497
-362.497 -127.500
78.498 -389.496
32.497 -404.495
-240.501 328.500
1.497 -440.498
-449.510 16.494
-198.502 -409.505
442.498 -168.501
-153.500 452.496
185.495 -448.497
27.497 -498.508
151.495 -482.503
-441.494 244.501
52.512 502.497
-352.499 -366.500
-206.499 465.501
-327.497 -393.494
357.112 371.899
350.496 385.490
-551.500 108.496
-209.503 523.499
-24.497 -578.506
34.502 580.501
-307.498 -500.493
-574.500 -165.503
-420.501 -425.505
607.495 24.489
-479.495 377.507
-264.498 -555.499
183.508 594.505
333.498 525.501
-212.497 -585.507
620.501 67.497
585.500 -233.498
107.501 627.508
-580.498 -286.497
-66.502 -648.498
-569.497 -321.503
334.500 -568.500
563.502 344.502
619.503 -230.502
-522.499 -408.508
-135.497 -663.499
-547.500 397.494
-672.507 -78.499
604.504 -312.501
-666.510 -153.501
-461.497 -506.503
-377.503 -574.499
-246.496 -661.502
-704.500 -35.500
694.508 -170.501
-620.500 353.502
452.501 562.499
-204.502 693.502
242.497 -686.500
-720.504 101.499
212.499 701.504
583.499 445.494
-732.502 64.191
-732.502 64.619
409.507 614.504
-659.504 -332.500
-669.504 323.504
467.500 -580.498
-636.494 -391.496
-443.504 -602.501
-712.496 -228.504
-500.499 -558.499
-588.497 -467.497
-743.500 116.494
701.503 -279.498
-476.369 585.968
627.502 -424.501
757.497 -58.495
618.502 -442.494
-736.504 198.500
618.506 -460.503
-389.502 664.502
-55.505 -772.499
471.507 626.505
-566.506 -542.500
516.498 -594.497
-774.499 176.497
746.498 282.500
-678.503 421.498
170.501 786.493
597.496 544.497
357.624 730.013
354.402 732.438
660.498 493.499
-568.496 -599.495
341.494 753.496
509.499 -655.496
-573.498 607.501
265.496 -796.498
306.495 -787.503
-625.504 -568.500
-840.495 -92.493
-442.505 727.507
-268.498 -810.494
823.492 -230.504
615.503 -594.508
850.499 -95.503
851.106 -122.894
851.151 -122.797
-273.475 -824.129
-444.498 749.507
-872.500 72.498
590.502 -650.495
-494.897 -730.430
235.498 852.507
244.495 -851.498
-462.496 -755.500
-877.502 -135.496
435.508 -782.506
-490.500 -755.495
-896.500 83.501
724.503 -540.496
62.500 -905.502
907.500 -120.504
910.501 113.498
-918.499 21.498
-831.503 -393.498
-746.501 538.498
521.500 763.502
-875.505 -297.493
-915.500 -138.496
896.506 238.501
-77.490 -929.504
42.546 -935.683
44.529 -939.035
-390.496 857.505
-483.502 -823.504
-703.500 -648.111
-703.501 -648.500
-633.500 -723.498
598.490 753.500
93.502 -963.489
-872.494 422.504
-940.103 -241.756
-940.445 -240.604
-161.501 -960.501
-68.500 -974.493
-204.496 -955.504
284.498 -935.502
-475.497 854.498
-970.501 122.501
-799.502 -568.500
-969.507 -149.497
163.496 -968.497
983.502 32.505
-941.502 293.503
-784.502 597.494
-46.495 986.491
-244.499 -959.504
-528.497 -837.495
621.500 774.507
954.500 289.506
-657.503 753.498
-998.500 133.498
-495.498 878.505
-1008.500 104.492
816.496 -607.499
1017.500 31.498
595.501 836.493
871.500 544.496
-1008.500 197.506
236.506 -1004.500
19.497 1034.500
-810.501 650.500
-247.495 1010.500
559.896 890.063
979.500 386.504
300.499 -1013.500
-858.494 -617.508
561.496 896.501
-852.498 628.503
-911.498 -552.499
317.500 -1018.500
-995.504 -396.502
133.501 -1065.500
-961.503 479.504
-134.500 1079.500
-381.496 1023.500
724.499 -822.500
-317.495 1054.500
-191.507 -1087.500
-536.502 968.502
31.498 1108.500
968.503 542.492
326.496 -1064.500
-918.501 633.502
-868.499 -704.500
278.502 1083.490
-142.500 -1113.490
354.500 -1079.500
-1095.500 306.499
-558.500 991.495
-735.052 873.595
-736.462 873.967
-180.495 1130.500
-1089.510 -360.502
-356.498 -1091.500
150.511 -1140.490
204.499 1132.500
-1123.800 251.260
677.496 -933.500
-196.499 -1137.490
-1127.500 255.496
-1156.510 -107.494
1160.500 210.494
431.501 -1101.490
-1138.500 323.499
-635.502 -1001.510
-1188.500 38.500
-1189.500 110.501
1192.510 90.497
163.509 1186.500
-176.502 -1185.510
-839.503 854.497
1120.500 -440.508
-1082.490 -531.504
-203.495 -1191.490
639.501 1026.500
-957.501 -739.500
-1209.500 -25.504
-1194.500 198.499
1214.490 -130.505
1164.500 -380.498
-1181.500 -351.494
-1224.500 146.496
-946.500 -792.506
1163.500 -420.503
-1210.500 265.500
537.496 -1125.510
-1026.500 712.495
-385.500 -1192.500
1132.500 550.501
-1245.510 -182.500
1253.500 -168.490
-1207.500 -390.502
-1248.820 -238.156
-1268.150 101.396
-1269.430 98.162
-1254.220 -226.280
-1253.740 -229.009
-1144.500 -564.490
-836.496 964.495
1271.500 -146.501
-902.496 -907.497
-914.497 897.502
1242.510 324.500
-1056.500 -733.498
-1275.500 184.503
1066.500 728.499
-1226.490 -405.505
-747.497 1060.500
-1289.500 146.503
878.495 961.496
952.500 892.490
-1263.500 345.500
-726.501 1095.500
-1298.500 -233.500
-1295.510 -288.497
-1327.500 115.490
-1322.500 -202.507
-1335.500 159.499
1224.500 -563.502
-1314.510 321.502
-801.493 -1094.500
-1363.500 -66.506
-695.500 -1178.500
-1348.500 250.500
-1361.500 197.498
1275.500 536.501
-1324.490 397.497
-945.499 1010.500
-1376.500 -152.499
1154.500 -768.502
-1205.500 683.499
-1386.500 42.502
1139.500 807.506
-881.500 -1087.500
-1082.500 -894.505
1189.500 -748.504
-1389.500 206.500
-1026.500 -961.496
1046.500 -946.505
-1000.500 995.503
-972.494 -1024.500
-811.980 1166.020
-1414.500 -140.506
-1113.500 -890.499
-1411.510 218.500
-1304.500 590.498
951.502 1072.490
-1390.510 -353.402
-1427.500 156.502
1434.500 -118.497
-1252.510 -708.501
-1236.500 737.500
1399.500 -344.503
1033.500 -1011.500
-908.504 1126.500
1412.490 321.495
-1338.100 552.437
-1400.500 -372.505
-1345.530 551.496
-1062.500 998.494
-1444.490 216.494
-1343.310 574.695
-1343.290 574.773
1122.500 -941.502
-1473.500 -71.501
-1459.500 217.491
-1369.500 566.506
-1269.510 768.498
1268.500 -774.506
-898.507 1185.500
-1039.500 1075.490
-1436.510 420.502
-1463.500 -328.504
-1478.500 280.495
-1309.500 -746.503
-1257.510 -837.497
-1503.500 -147.497
-1499.500 -215.501
-1365.510 658.506
-1461.500 404.505
1153.510 -1017.500
-1262.500 -883.498
-1048.500 -1137.500
-1156.490 1030.500
-1109.500 -1082.500
-1536.500 -225.500
1459.500 564.500
-1509.490 -421.506
-1488.500 494.504
-1564.060 223.993
-1304.500 902.739
-1578.500 -178.500
-1553.500 363.498
1493.500 -593.508
-1505.500 -565.501
-1462.500 -671.500
-1096.500 -1178.500
1567.500 368.500
-1351.500 -874.497
1211.500 1065.500
1549.500 461.497
-1170.500 1128.510
-1124.500 1180.500
-1595.500 350.506
1301.500 997.500
-1518.500 643.503
1556.510 -567.505
1394.500 923.492
-1391.500 -932.500
-1480.500 -790.502
-1580.510 564.501
1290.500 1080.500
1470.510 858.499
1216.500 1197.510
-1450.500 910.501
-1546.500 747.501
-1463.500 -907.509
-1533.500 799.503
-1462.500 951.498
-1609.500 -712.499
1373.500 1109.500
-1431.490 1032.500
1507.500 -998.502
-1460.500 1065.500
-1441.500 1115.500
-1533.490 1011.500
-1476.490 1094.500
-1463.500 -1128.500
-1431.510 1181.500
-1494.500 1110.500
-1483.500 -1127.500
-1511.510 -1127.500
-1488.490 -1169.500
