0.497 -0.499
-31.490 -5.495
52.502 10.502
58.456 -10.482
58.643 -11.477
73.671 -4.730
-66.500 -50.503
-48.503 -69.506
28.506 -106.500
87.502 71.502
19.500 -155.496
174.501 -17.500
158.498 88.493
88.498 -160.506
-191.504 4.499
96.498 170.495
-140.501 -138.505
-147.505 142.494
138.498 166.503
215.500 -39.496
-215.335 57.961
-210.493 74.499
22.022 232.278
-206.494 -113.507
-76.503 -223.502
21.538 237.251
126.499 213.503
-251.501 5.499
-25.502 -251.497
79.501 -242.505
-165.495 -219.500
-180.505 -207.505
-272.492 75.497
72.500 -280.500
202.490 -213.507
-179.505 -243.501
-55.499 300.498
284.503 131.504
-263.500 -172.496
53.496 311.492
173.506 -265.501
-236.502 211.499
68.500 -312.494
-151.496 -290.499
-183.499 -272.502
154.495 291.494
-280.503 175.505
-314.499 -104.496
169.502 286.494
-300.498 -149.496
343.507 -53.504
150.505 -315.496
215.500 -276.493
343.497 -78.490
119.933 -336.897
341.500 113.501
114.969 -341.936
115.267 -342.500
335.496 136.500
283.492 226.493
-212.503 296.496
240.498 288.500
134.371 351.597
-148.501 -346.496
80.500 -371.504
258.496 -279.504
-309.497 -221.500
137.499 358.503
72.223 -379.297
384.500 41.499
249.500 312.499
147.502 -374.509
-24.496 -405.500
-406.505 9.500
-203.714 357.497
-129.496 391.505
169.498 377.496
276.498 309.499
-188.885 368.983
-207.497 363.492
-190.505 375.497
334.500 -259.503
-215.498 -369.501
428.499 -40.508
-27.498 -432.489
-423.499 105.492
-250.498 358.496
322.497 -297.496
383.498 220.495
-356.500 -264.502
-354.209 -270.052
-445.498 24.500
-288.500 -347.501
-280.510 -365.505
365.495 281.500
-426.637 -175.590
32.498 460.495
461.499 -47.496
458.499 70.495
-356.199 -297.382
-366.499 -286.503
-434.498 -166.503
-195.509 -426.504
-88.497 467.499
46.505 -489.497
-490.496 -46.494
221.502 449.504
329.495 -380.504
480.500 -153.501
382.502 328.494
444.501 245.507
501.493 92.504
-302.503 -417.500
434.499 278.503
106.504 -505.498
-184.502 -483.494
501.499 -132.501
416.496 -310.503
-520.498 14.501
371.507 -373.498
299.255 432.592
-53.505 523.496
-316.496 -428.496
-58.494 -530.504
-166.498 507.497
274.492 463.502
303.500 446.508
-308.497 -446.504
-416.499 -349.499
360.490 -412.504
-28.500 546.493
311.501 -453.500
378.494 -404.503
-553.501 43.493
349.490 -439.504
319.500 465.506
388.493 434.498
369.499 -456.493
-315.504 -500.498
260.500 -535.494
333.506 494.499
-64.502 598.502
584.499 148.503
481.498 364.500
609.504 -16.502
66.497 608.501
252.497 -566.496
-270.504 -559.499
-620.503 36.498
-26.500 622.503
-568.498 263.497
72.493 -624.509
629.503 -56.502
-615.502 -152.498
-170.499 -614.497
159.493 -618.499
407.504 499.497
-636.495 -113.499
-537.497 378.499
152.504 643.490
-626.223 -223.900
93.503 658.497
443.502 -498.500
-554.499 371.497
-631.632 -220.741
-675.505 24.502
-203.501 644.495
641.494 -221.501
435.495 520.506
-198.500 -649.502
-269.498 -624.497
-681.498 -66.498
541.501 422.491
-653.496 -219.501
-371.504 -585.497
-554.500 -418.497
10.511 -695.501
654.208 -237.126
656.498 -255.498
-408.498 -576.504
651.496 -280.504
712.505 48.507
-447.495 -556.498
634.506 -333.495
578.496 -425.498
222.510 687.500
193.504 -697.498
-312.499 -656.496
-669.501 -295.505
385.498 625.504
-718.499 154.499
-644.501 -363.494
-700.508 249.499
556.503 499.499
-674.503 -322.500
747.502 57.502
694.496 -292.499
755.501 33.497
-102.502 753.496
-755.499 -88.493
732.504 224.498
420.503 -643.500
135.496 757.504
-380.504 -671.502
-771.509 16.501
723.500 273.502
-768.502 110.507
762.496 -165.506
-782.510 55.497
540.497 -571.502
554.497 -559.495
603.503 506.498
121.497 -780.492
-578.496 540.498
206.502 769.499
413.502 -686.507
-433.510 -682.498
-138.503 -803.499
-303.504 -760.501
784.494 237.501
734.504 364.502
-111.502 -814.501
-14.490 823.499
715.501 415.503
-492.503 -673.498
181.494 818.497
-185.499 -819.064
34.504 838.500
-453.887 -708.772
-338.492 770.500
-458.535 -708.087
415.990 -737.678
481.499 698.497
-774.511 -349.498
420.801 -742.463
-511.050 -684.035
-836.501 168.500
-510.895 -686.294
-735.499 437.501
-843.499 -168.501
-191.497 -840.497
840.504 198.493
144.503 855.499
-791.496 359.493
788.503 384.497
-144.505 -866.501
873.509 -111.500
76.496 -877.500
680.500 560.500
-185.498 -862.495
-607.503 -639.506
-514.501 -719.493
495.494 734.498
-781.502 418.501
-46.504 -887.510
750.495 476.502
-394.504 -799.499
774.495 442.495
-793.497 -411.510
-887.504 128.501
-415.495 796.500
-42.022 898.502
902.503 -9.491
772.503 466.498
612.498 666.504
854.500 307.501
-905.501 -60.500
-745.500 -521.494
-386.503 -825.494
-747.494 529.511
-844.496 359.503
-703.500 -598.499
-788.499 -489.497
795.498 480.505
-932.507 60.494
-490.011 -803.502
-921.500 191.500
-537.504 -773.505
-921.501 191.890
529.499 779.500
-493.117 -803.500
770.495 543.501
-936.499 169.503
222.504 926.494
879.503 384.493
-881.500 -384.497
-791.500 -554.505
-335.501 908.495
-588.503 -773.505
130.501 963.499
-736.502 -639.503
-415.500 -884.501
917.500 -343.507
649.500 738.503
678.040 714.093
695.499 697.498
572.496 -803.504
115.501 -988.500
-181.503 977.503
9.494 995.503
992.505 -105.497
903.494 424.494
-281.496 -958.502
-29.496 998.503
-119.499 -994.506
1001.500 -33.502
869.501 499.499
697.876 723.474
696.576 726.444
598.507 -811.497
928.498 -393.495
430.495 911.502
-1011.500 -19.507
801.496 633.507
-962.497 341.499
-567.503 -850.494
183.500 -1008.500
-747.498 -702.499
-488.500 -903.506
224.498 1007.500
-739.046 -724.502
762.501 -702.498
-396.495 960.498
-432.494 946.501
-798.499 667.501
-23.505 -1045.500
-302.500 -1005.500
-757.502 -728.502
1050.500 54.496
-1017.500 -293.501
-454.496 -957.492
-688.497 805.497
1040.490 -218.508
-316.504 -1015.490
951.510 -483.503
-803.499 -720.505
1008.500 -394.493
-526.502 953.503
-700.495 840.500
158.459 1089.170
851.504 700.502
157.813 1092.420
957.501 559.501
-530.503 973.496
875.503 687.500
-688.496 -876.498
-840.501 752.497
455.493 1038.500
943.503 632.497
-615.503 957.501
-1021.500 506.504
968.496 605.502
-1130.500 214.498
879.500 -748.490
834.499 797.505
-1066.500 475.500
-1134.500 302.501
431.501 1099.500
-1034.500 -582.503
78.502 -1189.500
-389.502 -1127.490
-31.502 1192.500
391.502 1127.500
-749.490 929.502
1153.510 332.504
414.496 -1127.500
640.499 -1017.500
195.491 -1191.500
-808.497 898.501
-1137.500 409.493
699.489 -991.502
-1179.500 296.497
862.501 869.509
-748.499 -974.501
1112.500 525.500
-1023.500 -682.507
998.499 721.504
905.498 836.499
1094.500 -571.497
618.501 1072.500
-697.495 -1025.500
1168.490 418.499
-756.064 -984.976
1241.500 46.497
-740.499 -998.499
429.506 1178.510
-1134.500 -538.506
894.507 -884.500
-964.506 806.506
-685.499 -1055.500
1178.500 -454.504
-1237.500 268.499
-911.501 880.499
-1269.500 -77.507
1080.530 675.967
1266.510 146.495
-992.500 -812.501
985.502 837.501
839.498 985.499
1052.430 766.671
-1158.490 -597.499
1050.500 772.504
1250.500 389.497
1038.500 799.503
-1193.500 -544.500
-558.490 -1189.500
1309.500 -151.501
-1069.500 -777.496
-1124.500 694.502
924.500 949.501
-1182.490 -601.499
1043.500 822.501
578.505 -1199.500
841.509 1033.490
-1322.500 -228.495
637.504 1182.500
1043.500 850.492
620.504 -1197.510
-863.503 -1040.500
1271.500 474.495
-1354.500 -98.506
-1212.500 -624.498
-739.509 -1152.510
1105.500 811.501
1355.500 -225.501
907.751 1031.340
-663.490 -1210.500
-783.499 -1136.510
913.498 1041.510
1028.500 928.500
-1384.500 76.491
-1350.500 -324.507
1073.500 887.498
-1386.500 -157.500
-894.497 1076.500
987.498 993.498
1234.490 677.497
1323.500 492.500
1415.500 -64.494
-1119.500 -873.501
1411.500 -173.504
-1305.490 -563.498
1073.500 933.501
796.507 1182.500
-1264.500 -665.499
-1063.510 959.503
-1352.490 -483.506
1117.500 914.494
1051.500 991.497
1290.500 674.496
-1364.500 -508.507
-1130.500 -919.499
-1450.500 161.504
1448.510 259.499
1113.060 972.662
1120.510 973.208
922.506 1167.500
-1186.500 -899.504
1078.500 1039.500
-893.497 -1203.500
-1302.500 745.498
1212.500 894.502
1355.490 681.500
-1261.490 -844.493
-1509.490 183.498
-1468.500 394.493
1511.380 188.248
1510.290 202.032
-1289.510 -812.492
-1209.290 -941.181
-1213.240 -936.707
1519.490 213.501
-1456.490 484.506
-1467.500 -466.501
-1516.500 -273.502
-1537.510 125.494
1466.510 -490.500
-1090.500 -1096.500
-1429.500 -613.498
-976.496 -1212.510
986.496 1210.500
-1415.500 -665.504
-1412.600 -682.028
-1329.490 -842.502
1156.490 1075.500
-1367.500 -796.502
-1073.500 -1165.500
-1367.500 -803.426
1291.500 -928.499
-1414.500 -726.494
-1284.500 -954.498
-1161.500 -1107.500
1360.500 869.501
1617.500 -63.498
1480.500 -679.500
1433.490 -781.494
1331.500 -945.502
1230.510 -1074.500
-1332.500 949.500
-1543.490 -545.493
1324.510 964.500
1233.500 1087.500
-1602.500 -415.503
-1618.510 -375.499
-1268.500 1073.500
-1249.500 1117.510
-1562.500 -615.500
1598.500 -521.504
1354.500 -999.498
1452.500 877.493
-1564.500 681.494
1421.500 952.506
1505.490 825.506
1540.510 761.503
1609.500 609.504
-1290.500 1141.500
1598.500 -656.499
1529.510 -815.495
1425.500 993.499
-1276.500 1203.500
-1364.500 1117.510
1311.500 1180.500
1529.500 911.500
1420.510 -1074.500
-1533.500 -905.503
1548.500 882.507
1469.500 1068.500
-1466.490 -1078.500
1425.500 1133.500
-1608.500 853.500
-1367.500 1211.500
1500.500 1106.500
1478.690 1146.370
-1504.500 1113.500
1513.500 -1104.490
1483.810 1149.930
1497.500 1164.500
1565.500 1138.500
-1569.500 -1180.500
