0.502 -0.497
-24.504 -9.502
22.544 -31.298
-86.493 1.501
-83.493 42.497
115.501 -66.494
-59.494 -130.495
88.495 133.499
-80.495 -142.503
167.498 -67.494
-44.497 -193.502
84.508 -200.501
-145.506 164.504
-149.505 -174.494
229.505 -105.498
-171.500 -187.500
-154.496 -211.497
-142.501 220.494
-263.501 -57.497
98.502 -252.506
220.493 160.501
-225.495 -160.503
79.505 -280.500
292.501 -43.497
41.504 299.497
-225.496 213.504
262.497 -183.504
59.499 -326.499
-137.493 302.501
-326.500 65.495
-84.504 345.506
247.499 266.500
-319.008 -212.834
145.753 -357.426
-350.500 -161.501
-328.319 -213.480
385.504 -118.504
224.494 -342.499
386.500 145.497
-413.503 31.503
-351.499 226.501
-251.502 -337.499
-197.504 -376.496
375.503 -204.491
-385.497 -183.494
-319.498 -292.506
319.504 298.497
419.497 -129.500
-72.494 -434.490
171.500 410.492
313.493 321.505
-295.495 -341.500
-160.496 -425.504
243.499 386.496
-376.497 -266.496
149.493 448.498
-415.508 231.495
-283.684 -395.611
324.500 -365.504
-282.086 -398.841
436.501 -221.494
-348.498 -355.496
-327.511 -386.490
-316.495 402.499
-473.502 195.500
88.499 513.494
-469.500 240.494
-461.493 -259.502
-247.890 467.573
-509.500 148.502
233.496 -483.497
517.503 -145.495
-322.501 -429.494
-61.495 -537.506
494.504 225.505
-359.505 -410.506
155.501 -529.499
377.511 411.507
439.499 347.499
-467.498 -308.502
-31.965 -568.517
-432.499 -370.500
-19.314 -570.499
-399.496 -407.502
525.497 -229.502
517.508 246.486
116.496 575.497
588.493 11.498
-298.508 -509.506
-207.503 -553.494
98.504 -587.502
-528.498 -273.499
-419.496 -422.502
594.498 -76.506
174.457 574.778
171.757 576.405
-51.496 -601.496
-86.504 -600.497
-438.509 -430.498
-401.496 -474.503
-3.504 623.496
626.504 15.504
-150.510 -608.499
-8.501 -629.493
-620.498 111.498
-471.498 418.501
113.494 -627.507
-453.716 -453.712
-263.494 585.502
-457.496 -458.837
599.503 -257.497
401.501 -514.496
-178.496 -627.499
479.494 -443.499
634.503 -156.489
114.503 -647.503
-51.505 654.497
37.501 660.505
583.495 -316.498
424.976 510.495
138.501 650.497
-342.497 577.499
-646.895 -198.892
-659.496 -155.495
-514.499 -441.501
621.503 272.504
-257.505 -629.500
-648.908 -202.266
-681.502 -34.502
288.501 -620.504
177.495 660.502
-596.500 -337.502
652.499 -217.504
-360.502 587.500
-665.831 -190.591
-665.801 -191.044
436.497 542.498
-596.500 -364.499
483.497 -513.497
-671.494 -213.497
644.505 -292.497
-637.498 331.493
-216.499 -689.508
726.500 -33.502
506.503 522.498
-9.506 -728.501
721.500 109.505
599.498 -420.106
599.499 -420.498
-735.504 -27.498
279.497 -682.505
-602.850 423.109
-602.789 423.202
-513.530 -529.041
-2.254 -742.802
-165.498 -724.500
724.503 -198.505
-673.501 -334.493
742.502 -131.498
-736.498 -161.506
-609.499 -447.503
-65.506 -762.499
-705.502 298.504
-177.495 -752.502
-458.497 621.504
-772.506 -34.498
-187.500 758.508
-446.501 -643.500
-618.503 -482.501
545.500 -570.503
-231.500 -754.507
-487.504 619.507
800.504 -31.504
-424.501 -686.495
-416.494 694.490
750.498 310.501
770.499 264.498
703.499 -413.501
417.502 701.495
-718.501 395.506
-392.499 -729.504
-661.499 -499.500
520.501 -653.490
-792.504 -274.495
-20.501 -842.500
-763.501 -358.501
458.505 -717.498
796.033 -313.890
-261.503 -814.495
859.500 -7.498
-577.498 636.503
-817.503 285.504
-803.500 335.497
-606.497 632.501
116.505 871.508
819.505 -325.501
567.501 -675.504
-848.499 240.500
-752.499 -463.500
-884.503 12.504
-617.504 -639.502
837.502 -304.502
328.497 -834.499
40.502 901.499
900.497 -81.505
-805.494 -414.503
-878.502 -238.506
-750.500 517.496
-831.503 -378.498
880.487 256.504
869.501 304.500
-828.499 -403.498
86.496 -918.507
-909.497 -202.504
-913.507 188.497
-894.502 300.501
481.502 812.499
-848.495 -418.496
-766.497 554.500
878.504 -360.499
325.503 -893.503
861.497 -403.498
887.503 352.502
-38.504 -955.498
-953.506 -86.496
-800.496 -534.499
-543.502 797.501
187.500 -949.500
-873.498 428.496
976.495 7.499
946.503 242.495
-902.505 -385.501
-585.495 -789.503
-548.498 -817.493
683.500 -712.495
979.501 149.500
-987.502 -72.504
566.498 -826.496
689.503 728.498
423.501 -910.495
-847.501 -538.504
546.498 -845.505
-893.494 -464.501
-677.498 -745.503
-859.503 525.033
-339.503 -951.497
901.499 460.500
1010.500 71.490
-988.502 -232.502
-464.499 904.500
-990.500 231.495
-535.503 869.499
-912.497 468.493
1010.500 -188.503
-1032.500 -8.493
1015.420 -197.501
-939.496 -431.500
8.501 -1041.500
-232.496 -1015.500
455.494 -939.514
-1008.490 293.507
652.502 -827.501
265.499 -1026.500
-663.498 -826.506
742.501 761.497
-1059.500 -90.494
398.502 -991.502
-1067.500 -11.497
803.499 710.498
140.501 -1064.510
1018.500 357.498
-928.502 -564.498
925.504 -578.501
-756.493 -788.492
1013.500 409.506
-1095.510 -7.507
-1095.500 28.503
-1075.500 -212.501
-860.493 687.498
-383.353 -1036.350
733.495 -827.499
-227.503 -1083.500
-1070.510 295.509
90.493 -1110.510
-1113.500 -10.497
-338.504 1069.490
1123.500 5.504
804.499 787.505
419.502 -1049.500
63.501 -1132.500
-1029.500 -475.502
361.504 -1080.500
-1137.500 70.503
-461.489 1043.500
399.505 1074.510
-1024.500 521.499
418.502 1072.500
-525.495 1032.500
838.505 -801.508
-24.499 -1166.510
894.503 -750.506
-122.497 -1162.500
-1030.500 -550.498
158.501 -1159.510
-119.478 -1164.830
-1108.500 390.500
-1167.500 -143.502
696.501 -951.496
1151.500 -259.501
-1071.500 -514.504
-156.496 -1183.510
88.497 -1191.500
1175.500 -226.497
-1186.500 -218.498
-342.495 1157.500
-1037.510 -621.509
-405.500 -1146.500
775.502 -943.503
1210.510 -195.497
-1153.500 416.500
-1223.500 -154.498
-1184.500 356.501
-1214.500 -247.503
-1241.500 81.489
1242.510 -108.502
-1247.500 -55.500
947.498 816.496
-677.495 -1056.500
1184.500 -426.501
1029.500 -726.497
-1260.510 -29.498
-1236.500 256.500
778.498 -998.503
-1222.500 370.498
-1279.500 102.495
-1289.500 -33.503
840.496 -981.492
-1004.500 811.497
-1275.500 -206.502
1287.500 -130.506
-778.496 1035.500
1261.510 310.494
-1298.500 100.506
-1230.500 -431.494
1224.500 465.495
525.497 -1203.500
-861.502 -996.500
-1187.510 573.497
1321.500 19.500
-668.499 1139.500
-681.505 -1139.500
1296.510 -296.504
-988.510 891.497
1334.210 -15.493
-1330.500 -109.501
-1335.510 32.507
-697.503 -1141.510
-1339.500 50.501
1341.690 -15.501
1205.510 -599.500
1249.490 -508.497
-706.231 -1151.450
-1301.510 378.503
-1139.500 761.503
1335.500 -331.499
-1020.500 922.499
1353.500 -274.505
-1228.510 -632.496
-1059.500 -888.502
1271.500 -548.489
-1380.500 158.498
-1306.500 474.503
1395.490 9.506
-1338.500 -392.500
-1257.490 -608.495
1375.500 261.500
1085.500 -892.501
-1393.510 -211.498
-1248.500 -656.499
892.492 1096.500
924.498 -1076.500
-964.489 -1045.500
1409.510 207.505
1376.500 -369.510
862.498 1136.510
962.500 -1057.500
1398.490 302.508
1390.500 -345.503
-1415.500 -230.504
-809.498 1184.510
-1156.500 849.496
1109.500 911.497
1034.500 -997.496
-1388.490 -366.505
1132.500 -892.675
-1432.500 -165.502
-1442.500 34.489
826.498 -1192.500
1451.500 65.501
-1205.500 -810.499
1334.510 578.499
-1407.500 382.503
908.081 -1158.330
-1048.500 1031.500
1130.510 945.504
912.655 -1159.350
-1065.500 1019.500
1194.500 878.502
-1172.500 -910.501
-1461.500 262.498
-1485.510 -3.497
-1484.930 149.654
-1388.500 -560.495
-1492.260 145.679
-1467.500 -315.495
1226.500 -869.503
-1508.500 39.498
1513.500 -21.502
1131.500 -1007.500
1384.500 614.495
1214.500 -906.497
1513.500 189.500
1242.500 -887.505
-1464.260 437.002
-1473.960 429.914
1538.500 104.498
1434.500 569.504
-1419.510 -605.502
1491.500 420.498
1132.500 1057.500
1323.500 809.500
1314.490 828.493
-1488.500 449.508
-1494.260 441.278
1340.500 797.498
-1561.490 -69.495
-1250.500 -953.504
-1111.500 1113.500
-1516.500 -444.503
-1328.490 -857.507
1421.500 -700.500
-1531.500 -409.493
1237.490 994.507
1594.500 -54.497
1586.500 -202.493
-1522.500 492.495
1596.500 153.502
1076.500 1191.490
1614.500 165.502
1460.500 707.492
1505.500 -611.505
-1568.490 422.504
1345.500 -912.502
1492.500 647.496
1221.500 -1085.500
-1601.500 -337.503
1564.500 -493.502
1579.500 -472.499
-1454.510 -800.501
-1587.500 -539.498
1283.500 -1109.500
-1339.500 -1076.500
1496.500 847.501
1285.500 1146.490
1365.500 -1051.500
-1280.500 1166.500
-1309.500 1141.500
-1597.510 -731.498
1470.500 -969.497
-1607.500 -755.500
-1530.500 924.499
1496.490 -996.506
1529.500 -955.501
-1554.500 -1068.500
1592.490 -1083.500
-1552.500 -1187.510
-1605.500 -1117.500
