0.498 -0.499
-38.508 31.504
-68.497 66.500
140.496 -50.499
155.499 8.485
104.498 118.502
-121.500 -108.499
156.504 70.499
-162.502 -91.506
207.490 21.501
97.501 -185.502
212.504 49.494
39.507 220.497
-159.010 157.459
178.502 136.503
-227.494 36.493
-66.497 231.505
136.507 199.497
202.507 159.500
-223.494 -137.503
-255.495 -70.499
-122.874 235.284
-120.505 240.499
75.959 -266.260
-112.500 265.499
-2.505 291.502
-96.502 277.504
-181.492 238.505
209.497 -221.501
-42.499 301.499
-80.493 295.502
314.498 35.502
261.499 180.501
-267.503 178.499
29.868 329.128
29.049 330.311
-16.505 331.499
-316.501 -121.499
-302.497 153.500
-267.502 212.504
-120.498 323.503
296.499 187.501
227.498 -278.498
-44.504 356.504
153.501 330.506
273.492 245.502
361.399 77.498
79.495 -362.506
373.500 -28.501
370.546 67.281
308.031 222.492
-181.495 -335.502
342.510 169.505
3.497 382.489
106.501 370.501
320.691 222.953
44.501 396.503
378.501 -133.497
-277.504 293.500
-169.502 375.501
241.493 341.503
-31.501 424.500
-284.493 318.497
-395.503 168.504
-420.502 94.504
-168.390 -404.376
-179.168 -408.337
-93.501 436.499
-182.995 -414.548
-176.500 424.505
-236.498 395.507
312.505 -350.499
-461.500 81.497
-356.497 305.499
340.071 -326.764
344.041 -328.453
-356.496 -316.506
438.504 -199.492
490.503 -75.495
439.499 232.500
-456.502 202.501
467.499 178.491
462.505 197.503
-59.323 499.576
-49.983 502.167
-434.495 263.504
-104.501 -507.495
133.497 -504.497
-480.498 207.498
-527.502 41.494
-495.497 189.499
-121.497 516.497
431.498 -312.501
-60.502 -534.506
-523.501 138.493
-490.509 230.500
110.500 542.504
-93.507 545.503
88.504 562.506
484.496 300.502
-386.494 421.499
506.506 -268.499
-368.819 437.118
-433.509 -374.497
-368.102 441.116
29.497 577.504
528.498 -244.504
92.497 -575.495
360.501 -462.494
-483.501 336.505
-387.359 444.635
-387.372 444.716
107.497 581.499
348.498 478.505
-553.497 209.500
-573.498 159.499
592.509 -84.496
567.496 -194.495
-608.507 -29.503
-555.501 -261.503
-391.496 480.499
-621.500 34.495
540.501 -313.497
314.504 -542.500
216.492 587.505
359.503 528.499
441.747 467.505
-461.495 456.510
-641.503 101.494
-149.497 -634.496
168.501 630.498
601.507 -274.493
636.502 180.503
554.502 362.499
-668.502 58.498
-389.503 -547.496
-572.498 351.501
48.502 -671.507
-33.504 672.502
372.497 561.501
187.495 647.499
634.499 241.506
681.495 -138.502
-265.499 -647.495
348.499 611.499
710.493 49.503
-646.497 -299.505
717.500 -5.502
-611.502 378.501
519.510 500.499
494.504 -542.495
-701.506 -222.498
98.499 -730.505
-445.505 594.502
290.497 -692.494
-674.505 333.494
-510.496 -556.492
-204.501 727.505
681.505 -359.503
-498.496 588.503
-770.497 -75.507
-108.505 -767.500
-457.500 -625.493
-700.500 -347.504
-531.502 573.507
-781.496 -99.510
129.497 777.501
510.504 -602.505
-232.689 -758.656
-127.505 784.499
-237.297 -762.269
782.501 -167.499
624.502 500.499
348.497 -723.501
-803.505 -60.496
195.502 782.501
804.497 -80.498
248.536 771.705
816.503 -1.501
730.500 370.502
-526.499 -635.500
218.501 798.499
-759.508 333.505
122.501 822.499
351.504 758.499
-685.498 480.497
-831.493 100.499
821.497 185.506
-792.496 -283.497
834.499 -128.498
649.494 -551.502
852.496 -21.502
527.498 672.506
692.490 -508.501
146.493 -847.492
358.504 -782.492
394.504 -771.498
-720.502 486.499
405.501 770.501
-428.503 758.503
-740.494 -461.503
246.508 -842.497
290.508 -832.498
-650.499 593.497
478.506 746.507
-329.500 824.494
826.494 -340.501
662.498 -607.502
814.495 389.495
628.502 -649.505
-781.503 452.497
521.497 -743.500
-856.493 303.499
874.495 261.500
-872.498 270.494
798.503 458.500
-929.496 -43.497
929.506 83.499
-307.503 883.496
30.505 937.498
648.501 679.500
-862.511 378.503
-937.496 113.504
-942.493 -88.501
-781.500 538.500
-914.505 -257.505
886.497 347.503
947.497 105.500
-323.501 -897.503
926.494 249.497
-194.494 949.505
-63.500 967.506
-813.503 527.503
-259.510 936.497
865.496 -451.500
937.506 -275.491
-909.497 355.498
531.500 828.509
715.488 676.500
-315.502 932.497
-939.505 295.501
955.239 -251.114
960.504 -245.501
-839.500 525.501
-988.495 127.500
19.504 998.499
-855.502 517.495
643.508 772.502
279.495 965.504
-850.497 560.503
982.504 -275.497
819.497 -608.497
682.501 769.497
1034.500 122.497
-334.498 -986.501
-919.497 -490.502
-357.505 -979.499
920.501 511.498
920.501 511.888
-884.495 -581.499
-731.501 764.495
-962.499 443.503
262.506 -1028.510
811.498 690.496
-797.506 -720.502
-1074.510 32.506
281.506 -1039.500
-1042.500 266.502
-1052.500 -226.495
1050.500 240.495
887.509 614.504
-903.501 591.496
-685.499 834.499
-1053.500 -247.502
-1054.500 244.498
-617.506 -891.503
-1072.500 157.499
-188.506 -1069.500
-1018.500 375.505
-946.503 -536.501
-982.503 466.498
-564.510 931.506
4.502 1090.500
1050.500 -303.503
841.492 -698.499
1095.500 14.504
-1064.750 -261.491
1042.490 -351.501
-1097.490 60.500
-1006.500 455.497
-1104.500 -62.505
-1061.500 -316.504
789.494 778.500
733.502 -832.500
-508.503 985.504
413.500 1032.500
-670.500 889.501
-548.505 -975.496
-56.503 -1119.510
894.491 679.495
-1088.500 -279.498
1117.500 140.504
972.501 -569.496
1012.500 -495.507
-1089.500 300.493
-817.497 789.497
896.502 -703.501
-1138.500 -66.497
947.497 654.500
193.502 1137.510
-231.496 -1131.500
48.500 1153.490
-1000.510 578.505
1028.500 -534.499
-748.504 885.502
-672.496 946.494
1028.510 543.494
969.503 -646.503
-991.501 -622.504
-205.496 1152.500
1175.500 39.490
708.501 -946.499
1184.490 -11.505
-368.501 1125.500
-1143.510 -312.493
-1180.500 110.502
-1070.910 511.535
945.503 736.494
-607.502 1032.500
-1042.500 590.501
-1079.500 525.485
1102.500 -484.508
-1200.500 91.500
-854.498 848.497
-501.419 1095.140
-500.957 1096.310
-180.502 -1194.490
838.497 -870.499
311.501 -1168.500
-1058.500 584.498
1191.500 -214.496
559.499 -1075.500
916.500 797.495
-941.503 -770.494
595.494 1061.500
859.495 872.493
420.496 1158.490
523.495 -1119.500
1223.500 187.504
-913.501 834.508
1246.500 17.503
-632.494 -1079.490
1227.500 -249.493
-1165.500 486.498
1256.500 -178.499
-1190.500 440.496
-729.497 -1045.500
1020.500 774.498
838.501 968.504
-769.506 1026.500
-531.502 -1173.510
-1235.500 362.492
1271.390 -219.777
1271.980 -220.972
-1054.500 753.501
1198.500 -500.499
1275.510 249.500
1114.500 670.123
-1284.500 216.500
-1151.500 621.499
-1261.500 -353.500
-1225.500 476.495
879.504 983.500
1141.490 663.507
1306.500 -202.503
-1318.500 -150.503
1282.500 -352.501
-1305.500 265.500
1197.500 593.500
1264.500 -434.497
1030.490 852.506
-819.497 1058.490
1334.170 -131.675
-676.503 1158.490
1343.500 -53.503
1341.640 -132.222
-980.499 924.500
1158.500 690.501
-1352.510 -50.498
1287.500 427.499
-1040.510 869.503
1211.500 642.495
698.505 1183.500
-1313.500 405.499
-1242.550 588.630
-1245.320 585.403
1380.510 -29.500
-828.496 -1104.500
-786.508 1136.020
998.496 956.499
-704.500 1194.500
-1080.490 874.499
1123.500 -821.500
-1031.500 939.503
-1394.500 -74.499
-782.503 -1175.510
-1410.500 -173.497
-1389.960 354.498
-945.498 1086.500
-1440.500 -14.502
-1439.500 82.508
-1156.500 861.498
-1428.500 -203.505
-1260.500 704.503
1416.500 303.499
1448.500 41.502
-1397.500 384.494
-1409.560 362.289
-1410.030 360.894
1079.500 979.505
-1390.500 -451.502
884.502 -1167.500
-1456.500 -149.505
1208.500 -830.499
-1452.500 -198.508
970.501 1116.500
-1479.500 19.497
-1444.490 -327.504
-1411.490 -453.498
-1246.510 -803.497
-1313.500 -699.494
1454.510 -325.499
1126.490 -981.500
1192.500 -910.497
1493.500 152.507
-1485.500 -214.498
-1481.490 -242.496
1414.490 -513.503
-1254.500 840.501
-1511.500 59.503
-1457.510 417.496
1475.510 -356.498
-1506.500 214.502
1333.500 -744.495
1198.500 951.499
1141.500 1022.500
-1195.500 961.510
-1534.500 -199.501
1184.500 -1000.510
1542.500 163.333
-1520.500 306.507
1551.500 53.497
-1493.490 438.501
-1037.500 -1161.500
1437.510 -606.491
-1117.510 1098.500
1559.500 -176.495
-1017.500 -1194.510
-1577.500 35.493
1531.500 -413.492
1335.490 862.496
1343.780 852.045
-1585.500 151.494
-1330.290 875.966
1255.500 -982.505
1452.500 -657.499
-1326.500 882.504
-1571.510 272.502
1518.510 -507.494
-1354.970 874.914
-1566.500 399.497
-1352.500 888.500
-1620.500 38.502
-1482.500 659.501
-1567.500 430.490
-1337.500 -929.500
-1415.500 840.500
-1587.490 -439.508
1299.500 -1038.490
1595.500 473.500
1272.500 1072.500
-1399.500 923.508
1556.500 649.497
-1554.500 -699.497
-1512.500 794.509
-1571.500 -676.496
1501.500 821.507
1555.500 -761.503
-1606.500 658.500
1303.500 1157.500
1526.500 864.488
-1589.500 804.507
1562.500 908.503
1442.500 1113.500
-1605.510 -918.494
1592.500 1015.500
