0.495 -0.501
-47.503 -10.503
-36.502 -65.501
84.504 -33.496
-95.507 -144.503
85.498 178.501
-123.504 160.499
192.494 -150.498
110.497 229.496
239.505 -97.495
-237.506 120.496
186.502 191.497
-256.500 102.500
-159.496 230.495
200.495 -208.500
137.494 255.499
-82.496 -301.493
22.502 -314.503
80.504 336.501
279.497 -234.497
-118.498 -361.502
170.505 -347.498
394.497 69.493
-32.494 -420.501
349.492 256.500
95.501 423.494
309.506 -318.502
-401.503 188.497
410.496 172.504
238.500 377.497
348.504 281.501
348.504 281.891
-317.496 319.500
-319.501 -344.501
408.497 249.505
-412.500 -255.497
110.501 472.495
154.504 -461.498
-77.501 -481.505
497.491 89.497
-381.503 -342.499
183.500 -485.498
426.503 309.499
-193.491 498.502
-495.506 -215.496
-550.505 -52.507
315.505 456.499
536.496 -149.500
299.500 -471.501
-56.503 558.506
142.506 -552.501
-51.503 -569.500
-214.496 -537.497
-467.506 -343.503
530.502 247.497
387.496 -439.498
-32.504 -585.511
511.498 300.500
-422.500 418.497
561.503 222.501
355.502 488.506
605.506 33.505
392.501 -463.498
209.495 -574.500
58.498 -609.497
-188.499 -592.504
286.493 -558.496
330.496 540.499
-315.501 -554.502
32.500 -639.497
526.502 364.496
632.495 145.506
-555.500 343.496
-592.498 284.499
-657.504 -62.509
487.501 451.501
462.500 -482.502
168.507 -650.501
536.497 -423.500
355.504 583.506
-523.495 -445.502
251.502 -640.498
-12.496 -688.506
308.493 -617.496
399.501 -567.498
634.505 281.496
577.498 -394.495
-311.501 631.493
682.494 202.501
34.506 -711.501
694.500 -159.499
295.496 649.504
-448.500 -569.501
98.498 -727.495
-7.498 735.501
574.496 -463.498
435.505 -601.506
590.493 -450.498
-730.494 -144.501
674.492 322.506
563.498 -492.503
183.503 728.496
442.898 -609.212
764.498 -78.506
746.500 188.501
545.499 -544.496
106.504 769.501
-763.502 -151.499
289.507 -726.500
679.493 -387.492
782.500 -139.502
467.502 -647.496
793.499 91.493
208.496 -771.504
587.498 542.498
787.494 167.497
-151.504 792.501
727.497 367.499
810.496 100.494
-487.494 655.507
-357.497 -738.503
-651.496 -500.504
823.501 18.495
-10.502 825.503
-334.499 757.503
824.145 101.466
834.501 -6.505
537.674 643.242
-410.503 734.501
-839.503 125.508
773.500 362.496
831.500 -201.499
546.510 657.503
537.670 -683.695
-344.502 799.500
421.505 765.498
742.505 -462.491
540.233 -688.053
-380.501 793.490
884.504 -25.495
835.497 328.494
603.504 -668.499
866.502 -256.497
51.498 904.502
319.494 -850.500
886.503 -207.505
12.496 -915.506
-900.498 171.496
589.502 -705.502
115.494 -917.493
188.500 908.503
-456.932 807.635
833.499 415.498
-738.497 -569.503
-456.501 814.495
641.498 -682.500
-402.504 846.501
756.501 -557.506
159.495 928.502
805.498 498.505
472.504 -822.493
-552.500 774.506
-570.502 -768.498
7.505 -958.505
-942.505 -186.502
75.502 966.497
-562.493 795.497
878.500 427.499
-806.503 -568.495
-537.501 827.499
-101.505 986.496
958.494 258.504
997.499 -24.506
-192.500 -980.506
968.492 -253.505
839.503 -555.502
975.499 253.500
768.503 -653.497
962.498 -302.503
-655.504 -766.498
-944.501 353.502
729.505 -698.498
-239.503 -1001.500
949.498 -400.498
681.490 -776.504
727.797 -737.619
738.433 -740.738
784.500 -693.503
-1023.500 221.502
989.498 -360.495
-542.506 902.500
382.502 -985.501
-686.498 -805.505
994.849 -386.114
-558.494 -913.503
1008.950 -374.529
303.496 -1037.500
1085.500 108.493
-1048.510 -301.501
158.502 1079.500
393.503 -1021.500
-358.496 -1037.510
-393.499 -1028.500
1034.500 384.502
894.497 651.502
1080.500 -241.495
607.496 -931.494
1095.490 192.497
1093.460 216.881
963.497 569.505
-1111.490 -135.499
1101.200 212.731
283.496 -1086.500
-1066.500 -374.492
1115.490 188.502
-1130.490 2.500
1075.500 352.503
-173.498 -1123.500
-1048.500 -460.501
1111.500 283.490
1027.500 521.495
-1113.510 -298.503
-581.493 998.498
913.492 713.501
809.497 833.501
227.149 1139.950
405.502 1089.500
-1126.500 288.498
213.502 1153.490
-699.504 949.502
1126.500 355.502
1182.500 -89.490
1029.490 591.500
1024.490 609.503
547.500 -1059.500
583.500 -1040.500
-932.504 744.493
883.507 804.504
-385.505 -1133.500
342.494 -1151.500
860.497 -854.499
847.827 868.303
858.616 863.547
-1217.500 62.496
1199.050 -233.331
1199.790 -234.860
1086.500 560.499
484.504 1123.500
1210.500 184.497
1177.500 -348.493
1209.510 -214.505
913.503 -821.501
1146.510 444.507
1232.500 -86.498
857.466 889.152
1232.510 95.503
862.319 885.337
-772.991 967.459
1143.510 -481.500
304.498 1202.510
1230.510 172.502
1216.500 -265.495
1240.510 113.507
1252.500 83.493
-1046.500 -697.501
-1252.510 155.505
357.495 -1212.500
1042.500 714.503
1226.500 -323.499
-612.494 1116.500
1275.500 -74.497
1278.500 31.512
1079.500 -691.492
1261.690 -228.705
1262.890 -228.420
-927.503 889.502
1231.500 376.500
1145.500 -590.498
1268.940 -227.077
1274.500 -193.499
-668.500 -1102.510
1144.670 -604.176
796.505 1024.510
965.497 -870.502
1256.490 344.507
677.496 1117.500
1244.500 -405.499
1270.500 315.497
1254.500 374.499
-1271.500 315.499
903.496 949.499
1228.490 464.500
1166.500 -607.498
1298.500 207.504
1285.810 -329.824
1320.500 -155.500
1290.270 -328.290
-876.500 -1001.500
662.498 -1172.500
-1037.500 -861.492
-1311.500 -325.493
1315.500 318.496
-1229.510 -567.498
1363.510 4.498
-869.502 -1051.500
1356.500 167.501
1223.500 -612.502
754.506 -1146.500
895.503 1048.490
-1200.500 -678.497
1354.500 268.500
1249.510 594.503
1381.510 -106.503
1034.500 922.499
1075.500 -875.495
706.496 -1194.500
-836.503 1106.500
965.493 -1016.500
1252.500 -633.504
1405.500 -54.498
1404.510 122.502
1281.500 589.502
1385.500 -277.502
1353.490 -415.504
1207.500 -741.505
1351.500 429.503
1144.510 -839.499
1117.490 -875.503
1257.500 660.501
1070.500 -941.500
-925.496 1087.500
-1235.500 -717.499
999.502 -1022.500
964.499 -1062.500
928.499 -1094.500
893.502 1125.500
1409.500 -297.499
1138.500 -889.501
-1230.500 761.509
835.501 1184.500
1142.410 -901.444
-1332.500 587.497
1257.500 -738.504
1287.500 687.504
1417.510 -363.499
-917.498 1142.500
1456.490 -196.501
1143.510 -929.498
903.497 1166.510
1125.500 -957.499
1157.670 918.812
1154.980 922.238
1229.500 -823.500
-1318.500 690.505
1421.500 -447.502
1425.510 437.505
1107.510 -1003.500
1497.500 -38.499
1215.500 -878.498
1196.500 -904.506
-1502.500 27.501
1505.500 9.503
967.499 -1163.500
1388.500 608.505
1046.500 -1097.500
1411.510 557.502
1336.500 735.507
1018.500 1136.500
1138.500 1016.500
1358.060 719.244
1358.930 718.869
1101.490 -1088.500
1370.040 737.029
1528.500 293.506
1365.500 -758.503
1333.500 819.497
1543.510 265.498
1278.500 918.497
-1174.500 -1050.500
-1143.500 1089.500
1226.500 -997.506
1573.500 154.503
-1242.500 -1000.500
1234.500 -1020.500
1490.500 600.500
-1609.500 -38.500
1281.490 981.506
1457.500 -698.500
1386.500 -836.500
1537.500 516.499
1308.500 -964.499
1554.500 475.499
-1330.490 932.504
1325.500 948.498
-1611.500 246.495
1571.500 442.498
1198.490 1108.490
1467.510 -728.508
1195.500 1127.500
-1482.500 709.500
1605.500 -365.499
1231.500 -1097.490
1258.500 1078.500
-1567.500 538.502
1401.500 888.495
1604.780 -435.014
1620.500 376.497
1612.500 -418.503
1446.500 -834.493
1279.510 1085.500
-1337.500 -1026.500
1217.500 1170.510
1491.500 800.499
1596.500 -570.500
-1518.500 766.501
-1533.490 -760.500
1421.510 -971.499
-1362.500 -1061.500
-1601.500 -646.500
1509.500 -846.502
1474.500 -918.494
1375.500 -1084.500
1555.500 811.504
1390.500 -1096.500
1357.500 1147.500
1416.490 -1080.500
1351.510 1176.500
1377.510 -1155.500
1466.510 -1041.010
1591.500 -852.507
1383.500 1196.500
1449.500 1122.500
1577.490 -937.500
1517.500 1031.500
1491.500 -1112.490
1573.500 1079.500
1597.500 1061.500
-1584.500 -1118.500
