0.504 -0.503
66.501 25.501
-50.501 80.502
36.491 113.497
-75.497 -102.499
-117.507 65.501
-51.494 -179.499
99.492 159.498
152.501 -161.501
-230.502 104.500
-216.502 -138.493
-145.500 224.505
18.494 296.508
190.508 -238.499
-308.501 -92.496
-34.499 -326.498
-347.498 7.501
184.500 309.508
73.497 -356.502
146.497 335.493
338.489 -257.509
-450.502 62.498
278.501 -368.495
405.499 -227.500
466.502 71.503
-409.508 -253.509
-201.501 -445.498
186.499 454.506
227.501 439.503
-368.495 333.502
-436.496 -252.498
-273.499 -425.500
286.495 418.503
-507.504 -19.494
-323.505 412.495
226.498 -476.501
-429.498 -307.496
-388.500 -367.488
-547.499 18.493
-466.500 -288.500
549.494 -171.499
-563.504 117.498
498.494 -327.495
-385.499 458.499
77.494 600.499
592.492 189.501
-619.502 112.506
526.502 357.491
337.503 543.503
-355.494 540.503
315.496 -567.506
-610.503 -264.495
591.496 340.497
-560.502 -405.500
-342.496 613.501
-367.498 608.501
218.499 677.496
-330.496 634.505
398.503 596.503
-645.505 -315.509
343.495 632.502
-97.504 -724.498
-498.494 542.497
-620.498 409.492
10.510 746.494
749.506 -95.502
-490.500 -575.496
71.500 -760.502
264.496 -717.504
751.501 -208.501
-417.501 -692.496
-104.503 806.501
598.499 -582.503
-714.498 -435.502
293.493 784.499
727.497 -425.505
814.509 222.497
-655.499 540.500
490.497 -711.507
-781.503 -371.497
-79.505 866.492
73.499 868.505
50.500 875.504
-44.502 883.493
329.487 -823.504
-870.503 170.500
-330.507 831.503
-632.500 -667.509
-889.496 243.508
-30.494 922.504
-843.500 376.500
-47.503 930.498
718.497 -602.505
-936.498 -57.498
-148.503 -937.496
-287.497 913.499
935.499 -230.498
-785.500 -560.504
-964.493 -71.508
-956.502 165.501
-981.499 -56.497
301.499 936.503
-942.511 -294.499
-454.507 -878.501
332.494 -932.497
-647.504 747.492
709.505 698.508
543.498 -840.498
-1002.500 94.498
855.500 536.501
747.502 -680.500
217.498 990.507
1010.500 -120.489
-242.495 -988.503
950.504 410.500
-575.500 -868.502
-298.502 -1009.490
786.494 703.506
210.501 1034.500
-56.935 1063.750
-1062.500 -130.507
-58.500 1069.490
-1055.500 235.498
-26.499 1083.500
132.503 -1079.490
1080.500 -221.505
-215.497 -1083.500
-698.496 854.501
-1025.500 412.508
-4.504 1105.500
632.493 -908.493
313.494 1070.510
60.505 1118.500
956.495 -593.501
1106.500 215.499
-1040.500 -458.500
863.507 741.501
-723.501 881.501
1141.500 -20.500
816.490 -804.502
-806.501 -822.496
-1120.510 -274.498
779.505 858.497
-635.506 971.501
899.505 749.495
1133.500 294.499
344.495 1126.500
-634.505 995.501
-944.501 714.499
1175.510 191.495
182.498 -1189.500
997.500 673.508
-456.501 -1114.500
-1123.500 444.501
-1204.500 -157.498
1019.490 672.503
-285.500 1189.490
-1083.500 570.504
1031.500 693.497
-706.497 -1032.500
1109.510 578.503
650.499 -1085.500
1075.500 -668.497
-1130.500 570.500
-1190.500 -440.500
432.496 1194.500
-663.504 -1085.500
-1270.500 -100.503
-1276.500 181.495
721.503 -1072.510
707.496 1096.500
-1292.510 212.494
1313.500 -158.499
1013.510 -852.499
816.502 -1048.510
845.503 -1040.490
987.500 -908.507
761.503 1105.490
956.497 -945.504
-1315.500 278.503
-1344.510 132.504
-1031.500 875.503
1248.490 531.496
-1330.500 -272.498
-1348.500 -191.504
-1294.500 -436.497
1246.500 599.501
1033.500 -931.503
-781.501 1151.510
-730.493 1191.500
-1137.500 845.507
-1323.500 513.500
-1323.500 -532.497
-1223.500 782.507
-1386.500 -482.501
1318.500 -653.504
1406.490 -486.496
1483.500 -131.499
1387.500 544.499
-1222.510 -871.497
1240.390 -857.853
1240.440 -857.949
-1456.510 396.498
1290.500 -817.504
-1551.500 17.502
1058.510 -1138.500
1295.510 874.501
1519.500 367.499
-1213.500 -997.494
1537.500 -334.502
1379.510 -777.497
-1288.500 919.500
1595.500 -37.499
1361.490 -833.496
1279.510 960.502
-1585.500 -379.495
1575.500 483.501
-1608.490 -434.487
-1478.500 -784.507
1619.490 -447.503
-1421.500 -913.496
1518.510 796.497
-1219.500 -1213.500
-1451.500 -928.502
-1258.500 1189.500
-1609.500 674.500
1565.500 -777.509
-1487.500 922.491
1472.500 -956.501
1416.510 1040.500
-1564.510 -801.500
1436.500 1026.500
-1590.510 805.506
1566.500 1077.500
-1528.500 -1130.500
-1592.510 1091.510
