0.496 -1.927
-56.497 -3.490
-68.499 37.501
-68.499 37.892
17.496 -87.501
3.500 94.352
94.499 -95.500
127.496 61.503
92.245 126.103
68.495 145.498
-183.497 -1.495
95.491 -207.502
-90.497 242.491
270.497 12.507
219.498 160.507
-251.498 -133.501
-236.504 158.498
-289.499 25.503
-78.503 290.501
55.500 296.497
299.500 58.498
53.015 329.609
53.505 335.503
125.505 317.499
-329.497 131.498
144.506 327.499
-7.499 365.499
-348.498 133.503
-317.490 -202.495
141.498 -352.500
34.499 374.492
156.495 353.499
344.499 -197.495
230.499 333.505
400.499 136.492
207.505 370.491
-326.497 277.492
33.501 -437.499
-121.497 429.503
85.504 -443.494
267.501 -364.495
-439.495 128.494
-456.501 79.502
446.505 135.501
-465.498 -55.497
444.498 -163.502
278.501 389.503
-369.501 -308.507
-176.499 -463.497
490.497 95.503
-194.497 462.501
-334.498 376.497
-392.497 330.504
466.503 219.500
483.498 -189.500
-246.496 458.496
446.503 -275.501
71.500 -533.501
125.500 -526.495
530.496 -145.496
-249.498 506.496
-389.501 413.500
102.503 561.504
476.501 -320.497
569.495 64.502
233.500 522.509
592.507 9.498
514.493 -308.505
-29.507 -606.507
603.501 -100.506
-73.503 -616.493
619.500 -10.501
415.499 462.503
15.502 623.497
590.499 218.488
-393.504 501.501
-481.500 422.503
21.507 -645.503
57.492 -645.498
182.497 -624.494
-539.500 -363.498
366.495 -539.502
-641.507 -148.496
620.498 235.497
164.506 643.490
592.502 304.500
181.502 640.499
672.501 -8.508
667.495 -101.502
408.872 -542.041
675.499 64.496
-495.500 467.497
154.494 -670.503
558.501 -411.495
345.496 -608.498
-357.503 -603.500
383.503 -589.499
530.498 459.504
702.497 97.498
324.499 -635.500
574.500 419.503
551.501 -455.499
-420.507 -579.495
243.496 -677.506
670.493 268.504
709.501 154.499
726.500 52.505
632.502 -364.496
-538.495 -493.493
495.520 538.476
-574.498 455.493
-405.500 634.490
418.501 630.499
-237.505 -727.495
-761.500 -111.502
-6.496 -775.495
-775.505 28.507
-170.494 761.508
245.498 741.497
-286.501 726.495
39.494 782.502
-104.495 776.501
-772.503 152.504
-135.490 775.498
119.503 -783.500
511.502 604.500
-622.500 -497.500
-710.503 361.501
802.493 91.499
-808.499 -63.502
-699.503 -414.495
650.501 -493.500
823.499 43.496
-630.496 528.497
-543.491 624.500
-256.494 788.501
604.503 -578.499
-834.497 7.504
113.501 827.496
-767.506 333.497
774.497 350.496
-432.504 -737.498
493.504 -701.502
-73.500 -855.502
494.400 703.807
494.287 704.369
743.239 -443.456
854.497 -143.501
536.496 -682.507
-866.498 24.498
190.495 -851.501
825.509 278.507
779.492 -392.495
389.495 -782.495
875.498 33.496
861.501 -164.498
567.490 -670.496
-548.505 -688.497
376.501 798.487
-867.498 -180.494
892.495 -33.501
-621.502 638.496
747.498 -494.505
88.500 -894.500
86.500 891.500
-862.498 247.496
-283.502 855.502
-244.497 867.506
913.500 14.506
656.497 633.499
-890.501 209.502
202.501 -897.501
-787.507 471.500
907.504 -152.497
830.500 -418.508
840.500 394.499
323.497 878.504
9.502 937.499
923.505 181.503
-339.493 -879.502
-726.499 -606.501
-447.491 832.499
941.497 112.497
-950.495 48.507
608.499 -740.499
-126.500 -951.504
960.502 -22.503
707.501 648.503
363.008 888.641
356.222 893.971
-503.996 -829.001
-600.496 -762.505
50.504 -976.498
836.500 507.499
-701.641 688.237
-696.495 697.495
985.498 -79.501
-565.498 809.505
-504.991 861.494
-423.497 908.497
48.503 1002.500
759.496 662.507
-824.497 585.500
-1010.500 93.514
821.497 -606.493
-929.496 425.502
-626.500 811.500
-764.503 689.498
1033.500 12.498
-499.496 902.495
853.501 -593.499
-426.494 949.497
921.499 -495.498
468.498 -937.494
859.273 -609.983
793.003 696.983
785.498 708.504
1036.500 236.501
-1053.500 146.502
25.498 1065.500
975.501 434.505
-116.496 1062.500
493.745 952.971
135.504 1068.500
485.808 963.755
493.408 960.292
-975.505 -491.498
1072.500 -218.499
955.499 532.504
877.533 653.882
877.298 655.103
1100.490 58.499
771.493 788.495
669.499 -881.505
1011.500 -451.495
-324.506 1059.500
-708.502 -856.497
1076.500 -281.501
1004.500 475.504
972.676 537.843
-268.504 1078.500
618.504 -929.503
473.503 -1011.500
163.498 1109.500
978.496 551.495
-670.500 902.499
-955.500 595.496
595.498 958.498
448.504 -1052.500
-1109.500 274.501
864.502 750.496
-170.499 1131.510
-32.509 -1148.500
-12.503 -1160.510
-960.498 650.495
931.500 -699.501
1126.500 313.503
283.501 1135.500
-1161.500 -173.501
1065.500 -517.496
1024.510 -597.504
1028.500 591.498
-677.498 973.499
952.502 711.500
1113.500 -422.499
-818.512 862.505
1197.500 12.505
-941.501 737.505
-491.504 -1094.500
739.500 -945.500
-1180.510 214.502
-1027.500 621.502
-1013.500 -670.494
-1080.500 -568.498
1137.500 -450.504
1122.500 -488.501
488.496 1122.510
1225.500 -45.505
1059.500 636.505
-1183.500 -375.499
1228.500 182.503
-1241.510 68.499
-412.500 -1175.500
678.499 1050.500
779.498 978.496
-556.503 1123.500
1158.490 -488.497
1102.500 -606.507
1257.500 83.503
-1141.500 -536.504
1261.500 59.500
1060.500 700.496
765.504 1014.500
1239.510 288.504
1184.500 -473.498
1238.500 -309.501
1072.500 -695.499
-1240.490 302.494
-712.503 1058.500
1236.500 -351.502
694.500 1079.500
-870.511 953.502
1042.500 -769.496
-956.498 -874.997
497.506 -1198.510
1128.500 637.500
1136.500 -627.501
-1172.500 556.491
-1248.500 -370.501
1176.490 -566.499
-944.507 898.498
900.498 946.505
1065.510 -764.501
-813.501 -1035.500
655.505 1140.500
-1317.500 181.505
1311.500 248.502
976.501 909.504
1259.500 -474.495
-880.503 -1022.500
826.496 -1072.500
1356.510 83.495
1194.500 -661.501
1283.500 493.501
-1237.500 -622.503
-1379.500 -166.502
-1177.500 748.494
-796.493 1151.500
1389.500 -227.494
738.493 -1207.500
940.505 1056.500
-1386.500 -302.504
-1237.500 706.493
897.499 1111.500
918.496 1100.500
-998.502 -1034.500
-901.501 1119.510
-1320.500 573.498
963.504 -1086.500
-1055.510 1000.500
1094.500 -965.503
1222.500 793.502
999.499 1075.490
-1407.510 423.503
1431.500 356.499
1344.500 615.501
-1408.500 -469.499
1392.500 -535.498
-1495.500 1.511
-1495.500 2.120
1267.490 -809.494
-1375.500 -607.503
1405.500 535.508
-1024.500 1107.500
-1096.500 1038.490
1495.500 -230.500
1474.500 356.499
1004.500 1137.500
1513.500 -154.505
1463.500 415.497
1491.500 -308.502
1137.500 -1016.500
1292.510 -815.505
1306.500 826.495
1390.500 -702.498
-1348.500 783.501
1556.500 150.502
1542.500 -261.506
-1374.500 -748.494
-1404.500 -690.500
-1555.490 -179.510
-1566.500 145.496
1350.500 -812.497
1209.510 1008.490
1395.490 739.490
-1585.490 -37.498
1243.500 -1008.500
1398.500 775.506
-1587.500 -195.499
1435.500 -715.496
-1336.500 -894.503
1608.510 -87.505
1607.490 192.495
1374.500 -899.500
1165.490 1171.490
1505.500 -693.501
-1212.500 -1134.500
1340.490 -989.500
-1573.500 -562.500
-1390.500 928.503
-1566.500 -595.500
1531.500 -694.503
-1189.510 1206.500
-1607.500 -572.499
1421.500 -1007.500
-1405.510 -1102.490
1520.500 -944.503
-1361.490 1204.490
1560.510 938.501
-1503.490 -1036.500
1517.740 1085.380
1519.200 1083.800
1481.500 1168.500
-1512.490 1129.500
1516.500 1168.500
-1593.500 1065.500
1597.510 1126.500
1540.500 -1208.500
