0.498 -0.501
62.501 -95.501
48.502 142.501
-184.508 -45.495
65.506 -194.503
215.499 11.509
-38.508 228.497
263.501 -103.500
12.504 335.505
319.501 135.501
-350.499 -16.500
-121.503 -331.502
343.500 -162.503
-192.498 344.501
-73.499 -425.501
228.503 380.502
-392.501 -215.498
432.500 119.503
71.505 448.499
457.498 47.498
-77.490 464.504
355.497 -316.501
-302.497 372.494
138.500 478.505
419.500 -303.500
515.502 -63.498
-6.500 -522.505
-466.498 249.501
446.503 288.502
-480.502 -265.497
-204.505 -514.500
-116.504 543.497
-450.501 -349.500
506.501 -278.502
532.500 -270.505
222.498 -559.497
-263.505 -542.505
-540.504 268.502
-533.505 -285.495
281.500 537.501
-324.498 522.504
118.499 -614.501
312.497 -543.505
100.496 -643.495
636.494 -184.014
654.496 133.502
-670.503 2.502
506.497 -454.502
665.495 -150.503
478.500 503.501
317.499 -620.496
692.500 -100.500
-352.499 603.497
-694.504 -172.496
121.497 -714.502
705.498 -169.499
-662.493 324.505
-366.496 -647.494
-498.496 563.503
521.501 -544.494
-97.504 -755.505
-752.502 114.500
759.505 67.487
-276.499 712.496
-209.501 740.497
480.495 617.498
-680.500 -386.498
717.499 -346.499
-509.495 -615.504
-709.500 384.501
654.500 482.500
286.502 -763.504
202.502 791.500
-692.498 440.501
-815.506 -167.503
-353.496 -757.503
-492.500 -684.502
-459.501 -710.502
-721.508 441.502
-749.500 403.498
-596.506 611.497
-333.497 799.503
-242.501 836.504
-706.503 -521.501
-404.494 782.497
-838.509 281.505
-889.503 21.507
565.498 -692.489
287.496 -850.498
895.938 -98.462
-177.501 886.507
668.506 -618.499
770.493 -488.495
93.499 -913.497
-194.499 -898.511
793.499 493.500
732.502 594.499
942.501 -60.498
656.502 -685.498
-884.500 -368.502
781.499 -565.502
-645.500 719.498
333.489 919.505
-526.499 826.503
980.505 88.502
120.491 -977.506
-932.497 -322.504
-904.502 426.498
1004.500 -72.507
-935.500 372.501
79.502 -1014.500
148.499 -1011.500
1024.510 -22.491
-997.502 248.504
-440.498 959.503
-90.502 1054.500
-1052.510 -132.499
-1058.490 121.496
-815.496 688.503
-267.500 1040.510
-760.501 778.504
-131.501 1083.500
623.497 -902.498
1074.500 243.500
1090.500 -176.497
559.501 954.502
865.507 697.505
316.499 -1071.500
-1074.500 311.504
-373.504 -1064.510
-481.506 -1020.500
-861.500 730.498
335.496 1086.500
269.498 1106.500
-953.501 -624.499
476.501 -1036.510
43.502 -1143.500
-933.500 -668.508
1018.500 559.500
-336.501 -1116.510
17.498 1177.500
1188.500 -17.500
628.503 -1018.500
-42.499 -1202.490
-46.495 1203.490
1012.490 -675.503
-889.498 839.503
-753.492 -965.503
398.505 -1170.500
-1124.490 -521.496
1242.500 -147.505
-757.494 -1006.500
-949.491 834.495
1245.500 -227.498
1207.500 390.497
849.502 946.508
-692.506 1085.500
760.504 -1043.500
1238.500 -373.500
915.501 920.494
1270.500 285.502
1306.500 -78.502
527.499 -1204.500
-1257.500 388.503
1178.500 588.509
1266.500 -379.495
-829.506 -1040.500
1154.500 -680.496
-647.493 1177.500
-1069.500 -825.508
881.507 1031.500
-1340.500 217.500
707.502 1161.490
1077.490 -834.497
-1210.500 -624.502
879.504 -1042.490
1227.490 -599.497
980.507 -953.498
-747.499 -1192.500
1321.500 -517.504
1390.490 -352.506
-1281.500 642.504
1390.500 -396.500
-1310.510 627.501
1365.500 -514.491
1293.500 683.493
-1305.510 -661.505
-915.495 -1155.500
-1331.500 643.500
-1449.500 -311.498
-1476.500 -193.505
1477.510 -195.501
1398.500 -534.491
-1405.490 -514.510
-1453.500 406.504
-1425.500 -507.497
1491.500 -292.501
-1411.510 562.499
-1505.500 232.496
1034.490 -1123.500
-948.499 -1199.500
-1237.500 899.505
-983.506 1178.500
1244.490 -911.502
1374.500 709.499
-1436.500 -584.499
1554.490 24.500
1493.500 -506.494
-1408.500 -707.497
1126.500 -1109.500
1486.500 -546.499
1394.500 -780.503
1582.500 -236.505
-1377.500 813.500
-1260.500 -992.501
-1268.500 983.501
-1313.480 -923.844
-1335.500 893.500
-1317.150 -924.907
-1619.510 234.495
1475.490 711.508
1597.500 394.491
-1565.500 531.502
1499.500 -713.499
-1191.500 -1158.500
1620.500 376.501
1309.500 -1030.490
1508.500 730.498
-1234.500 1140.500
1267.510 1108.500
1408.510 -963.492
-1614.500 -585.501
1420.500 -996.500
1267.500 -1189.500
1412.500 -1016.500
-1458.500 975.505
-1589.490 -746.502
1553.500 884.502
1616.500 -806.501
-1610.510 -834.498
1568.500 912.499
1580.490 -923.498
-1452.490 1185.500
1620.500 -1106.510
1605.490 1144.500
1588.500 -1196.500
