0.501 -0.498
26.498 30.505
-59.498 -22.495
-87.500 24.502
24.506 111.502
192.503 -60.499
-6.500 -229.501
157.495 -234.495
-186.501 -211.498
-291.499 -35.497
275.504 145.504
-284.502 -129.498
-236.500 221.501
331.508 148.498
-384.499 56.501
381.497 88.487
332.502 268.501
-428.500 12.507
-403.500 -155.498
-292.497 -359.501
-28.496 475.502
154.501 -460.496
489.500 51.498
276.499 407.498
-148.499 -488.498
-146.540 -506.242
411.509 347.500
503.498 -202.492
-531.505 -110.505
-298.504 463.501
-545.504 -129.503
480.499 -304.497
-555.506 117.503
-38.499 578.502
-487.503 324.503
579.497 147.505
254.503 548.504
605.502 -71.498
-612.504 -39.501
-574.503 -238.499
616.499 -116.500
335.504 -530.510
538.499 344.492
-560.493 357.504
559.498 361.495
354.501 566.495
498.494 446.502
-666.502 108.498
118.502 -672.500
-654.503 215.507
-175.501 -669.495
-340.500 -617.508
-181.289 -684.782
-182.037 -686.574
614.499 -362.503
623.502 373.501
471.500 -554.497
-726.504 -34.498
-723.501 -112.495
670.502 301.500
665.501 -314.492
-650.501 -361.493
-490.505 -587.500
-771.501 -4.494
-773.502 38.498
791.497 37.501
254.498 -756.503
-84.497 797.507
-180.496 -784.505
751.508 289.505
669.504 -463.498
-647.505 502.499
724.499 -387.499
540.499 626.501
-509.494 658.494
479.494 -685.494
112.502 -832.503
403.503 -760.500
-184.503 850.490
878.498 27.502
-462.503 -749.499
890.504 113.500
-533.506 -722.501
-748.500 505.501
-267.499 869.499
912.502 26.505
218.500 893.500
712.500 595.503
793.504 484.503
904.494 -275.508
-450.497 -832.493
908.891 -289.670
-784.490 558.497
211.504 943.497
-925.508 -307.499
550.495 806.501
906.489 -375.499
-789.500 587.499
-701.493 -696.501
-498.506 858.496
787.499 -625.511
1006.500 11.508
-183.498 -991.495
-972.502 327.502
967.500 351.504
-1035.500 -99.494
-725.497 749.504
879.499 -576.497
991.503 -353.502
48.499 1070.500
141.494 -1065.500
-368.500 -1020.510
77.509 1082.500
-1077.500 183.503
382.504 1024.500
1090.500 100.503
-844.508 710.506
-814.497 760.495
1087.500 252.504
-274.500 1081.500
62.495 -1134.500
61.499 1134.500
1142.500 -10.502
-281.504 1106.500
-20.498 1145.490
-12.498 -1156.500
-1156.500 -168.501
-778.499 -876.496
-344.501 1122.500
-548.494 -1054.500
272.501 1158.500
-979.501 -681.500
716.497 -957.508
-349.499 -1144.500
-1193.500 -159.501
655.502 1010.500
-1158.240 -356.823
-1161.500 -349.498
-823.501 899.493
1221.500 136.503
-1221.500 133.501
995.497 723.496
-965.498 780.507
499.503 -1138.500
-1151.500 471.505
1251.490 -97.501
813.495 958.498
-1179.510 -452.498
1083.500 -669.493
-624.507 -1130.500
692.505 1095.500
1268.500 -343.502
-1026.500 824.501
-922.503 954.495
-1321.500 135.502
-1317.490 -196.501
-972.505 912.496
-1056.500 -823.503
-971.498 -930.504
-1343.500 103.498
1191.500 -635.494
-1357.500 -91.499
-1372.500 141.506
-667.501 1209.510
-1368.500 -231.500
1381.500 262.509
-1071.490 920.500
1321.500 -505.495
767.494 -1189.500
-1081.880 911.315
-1323.500 -521.498
849.493 1153.500
-1409.500 262.500
-939.503 1092.500
1374.500 484.502
-1055.490 -1016.490
-971.497 -1101.510
1392.490 478.505
-1472.500 -78.501
-1371.510 550.496
-1280.500 743.493
1233.500 -830.501
1165.510 -926.503
-1482.500 135.493
-1346.500 635.499
-934.506 -1170.500
-1390.500 559.501
-1477.490 263.500
-1328.500 -704.499
-1506.500 84.502
1145.500 -1003.500
-1522.500 -16.504
1149.500 1014.500
-1134.500 -1033.510
-1090.490 1126.500
-1328.500 844.505
1309.500 -892.493
1435.500 -696.499
-1514.490 -546.504
1275.490 -992.507
-1579.500 -338.501
1308.500 -954.495
1528.510 -570.498
-1485.500 -673.503
-1616.510 -256.502
1562.500 -503.495
-1141.510 -1191.500
1332.490 -974.494
1226.500 -1117.500
1414.500 -875.500
-1249.500 -1106.500
-1578.500 568.495
-1450.510 854.503
1534.500 702.493
1434.500 -906.494
1500.500 -807.496
1397.500 -977.495
1365.500 -1024.500
1355.500 -1048.500
-1484.490 -883.498
1573.510 -731.504
1357.500 -1108.500
-1585.500 907.505
1529.500 1116.500
-1536.500 -1124.500
-1535.500 1176.490
