51.337 0.143
52.006 0.140
51.903 1.141
46.516 112.609
48.925 114.737
46.447 114.693
44.366 115.994
48.862 117.105
46.561 118.183
188.895 -83.860
188.341 -84.857
189.012 -84.860
54.757 178.713
52.900 180.130
54.815 180.221
56.324 180.283
54.900 182.133
211.333 116.143
212.008 116.145
211.903 117.144
176.336 220.143
177.003 220.136
176.889 221.141
-137.109 -200.858
-137.000 -201.860
-137.671 -201.860
349.328 -70.871
-246.986 70.141
349.889 -69.860
-247.091 71.148
350.004 -70.867
-247.662 70.139
193.330 280.145
194.005 280.144
193.893 281.143
-70.233 297.708
-68.669 299.272
-70.180 299.221
-72.100 299.144
-70.101 301.138
5.895 -324.859
6.009 -325.864
5.331 -325.864
-186.114 -269.853
-185.994 -270.853
-186.669 -270.847
412.326 51.141
413.010 51.140
412.897 52.136
156.334 376.143
157.009 376.145
156.901 377.146
235.331 348.133
236.000 348.136
235.888 349.134
116.331 391.142
117.003 391.144
116.899 392.142
-122.113 -381.859
-121.996 -382.855
-122.666 -382.852
457.332 -123.854
457.912 -122.864
458.017 -123.856
127.332 419.142
128.005 419.141
127.896 420.141
373.333 287.129
374.011 287.134
373.907 288.142
399.896 303.140
401.756 301.717
401.814 303.224
403.326 303.281
401.900 305.141
-65.998 462.150
-66.661 462.154
-66.114 463.142
-108.993 457.141
-109.661 457.140
-109.099 458.145
477.336 246.139
478.007 246.138
477.900 247.138
-390.995 221.145
-391.105 222.139
-391.665 221.140
-328.106 -321.855
44.891 -497.852
-327.995 -322.857
-328.663 -322.858
44.998 -498.855
44.327 -498.859
-330.994 348.145
-331.672 348.151
566.335 53.143
-331.105 349.142
566.901 54.137
567.006 53.142
350.902 -424.862
350.330 -425.862
351.004 -425.862
-472.998 5.140
-473.111 6.140
-473.670 5.136
-85.109 -508.864
-84.996 -509.867
-85.672 -509.868
-91.998 530.142
-92.669 530.146
-92.111 531.138
-392.977 333.131
-393.668 333.127
-393.084 334.131
594.901 143.136
596.760 141.713
596.814 143.221
596.894 145.134
286.331 514.139
598.332 143.278
287.001 514.136
286.896 515.140
-310.106 -446.865
-309.996 -447.858
-310.668 -447.864
306.890 -530.859
306.334 -531.853
307.004 -531.855
-473.093 -281.862
-472.989 -282.853
-473.657 -282.852
169.327 591.132
169.994 591.136
-221.107 -537.849
169.889 592.141
-220.995 -538.852
-221.670 -538.851
-199.997 550.137
-200.666 550.140
-199.095 -550.865
-200.108 551.140
-198.988 -551.861
-199.667 -551.861
657.334 -167.866
657.904 -166.868
658.011 -167.863
-564.993 184.136
-565.094 185.138
-565.661 184.134
-85.993 651.151
-86.664 651.152
-86.096 652.145
-588.998 207.138
-589.110 208.134
-589.671 207.135
-521.003 357.139
-521.674 357.137
-521.112 358.137
714.340 -181.848
714.908 -180.855
715.012 -181.850
-435.088 -489.855
-434.986 -490.853
-435.664 -490.856
-47.104 -686.866
-47.002 -687.869
-47.666 -687.868
572.899 -460.860
572.335 -461.864
573.016 -461.865
605.902 427.133
607.753 425.705
607.814 427.227
607.903 429.139
609.331 427.291
749.341 -164.861
749.910 -163.857
750.011 -164.859
-639.990 198.142
-640.103 199.145
-640.667 198.149
-603.990 303.133
-604.092 304.133
-604.667 303.127
190.342 712.153
191.007 712.151
190.904 713.148
-559.672 412.289
-561.246 410.714
-561.187 412.230
-561.101 414.144
-563.099 412.142
58.899 -739.860
58.338 -740.874
59.012 -740.871
-619.992 343.142
-620.103 344.141
-620.668 343.142
-697.994 131.139
-698.101 132.137
-698.673 131.139
-686.103 -200.852
-685.993 -201.858
-686.659 -201.855
-679.984 259.149
-680.084 260.137
-680.662 259.147
-23.087 -779.860
-22.989 -780.859
-23.658 -780.852
663.891 -493.856
663.334 -494.853
664.000 -494.855
-347.985 683.141
-348.660 683.140
-348.084 684.138
841.336 125.144
842.004 125.141
841.896 126.142
-319.000 717.145
-319.676 717.140
-319.108 718.136
228.894 -794.859
228.333 -795.859
229.006 -795.863
424.767 725.707
422.899 727.148
424.823 727.225
241.337 795.156
770.338 -388.864
770.903 -387.858
242.009 795.155
771.012 -388.864
426.335 727.277
241.899 796.143
424.905 729.142
811.338 312.146
812.010 312.146
811.906 313.152
713.905 -511.853
713.339 -512.858
714.014 -512.856
895.330 109.134
895.995 109.131
895.885 110.140
722.331 528.143
723.005 528.142
722.888 529.143
-802.997 -48.864
-803.102 -47.866
-803.672 -48.864
835.337 371.139
836.010 371.140
835.903 372.138
256.338 844.137
257.015 844.137
256.910 845.139
149.907 -864.858
149.336 -865.853
150.014 -865.854
764.332 503.135
765.003 503.134
764.888 504.138
-287.102 -807.855
-286.992 -808.856
-287.668 -808.860
895.332 245.141
896.003 245.141
895.899 246.136
382.331 817.141
383.006 817.139
382.899 818.137
-622.999 583.143
-623.671 583.144
-623.106 584.143
130.901 -890.862
130.331 -891.854
131.012 -891.859
-840.983 200.134
-841.083 201.135
-841.662 200.130
167.907 -908.857
167.332 -909.870
168.005 -909.864
-533.995 707.141
-534.659 707.138
-534.089 708.139
679.331 672.147
680.008 672.145
679.889 673.149
-748.107 -472.861
659.899 -701.861
-747.990 -473.860
659.342 -702.852
660.010 -702.854
-748.670 -473.860
708.334 665.146
709.006 665.145
708.891 666.147
795.902 581.145
975.336 197.141
797.753 579.709
976.007 197.139
975.895 198.138
797.809 581.229
799.324 581.286
797.891 583.146
-503.248 791.718
-501.677 793.286
-503.189 793.227
-739.992 558.139
-505.102 793.140
-740.666 558.134
-740.099 559.133
-503.100 795.147
246.330 950.132
247.001 950.138
246.907 951.133
-857.105 -343.853
-856.997 -344.854
-857.662 -344.849
-864.991 332.136
-865.101 333.146
-865.663 332.135
-265.001 923.148
-265.670 923.151
-265.107 924.141
-918.674 -124.712
-920.100 -122.850
-453.994 839.137
-920.185 -124.770
-920.243 -126.284
-454.669 839.137
-147.097 -959.864
-454.103 840.142
-146.992 -960.862
-147.664 -960.859
-922.102 -124.855
648.342 796.136
649.014 796.137
648.913 797.143
-756.070 584.746
-758.479 582.614
-756.134 587.101
-758.544 584.699
-758.422 588.181
-760.639 585.992
1049.340 89.141
1049.900 90.148
1050.000 89.143
-948.995 -95.862
-949.104 -94.859
-949.666 -95.861
264.322 992.141
265.006 992.144
264.899 993.141
-621.244 766.713
-619.676 768.288
-621.190 768.232
-623.104 768.149
-621.110 770.142
626.435 848.004
628.638 846.706
631.754 846.776
626.443 851.227
628.605 851.068
631.916 849.573
629.570 853.179
-940.085 -282.861
632.075 852.071
-939.986 -283.861
-940.657 -283.860
-933.098 -317.862
-932.995 -318.858
-933.667 -318.863
-226.994 1000.140
-227.663 1000.140
-227.101 1001.140
-957.141 -266.901
-957.078 -269.257
-942.003 322.134
-942.113 323.136
-942.672 322.132
-959.436 -265.823
-959.544 -269.302
-959.474 -271.392
-961.637 -267.999
-240.086 -1007.860
-239.987 -1008.860
-240.667 -1008.860
-293.240 1010.710
-291.667 1012.280
999.334 -493.863
999.901 -492.865
-293.182 1012.230
1000.010 -493.860
-295.098 1012.140
-293.096 1014.140
-597.001 881.135
-597.672 881.133
-597.110 882.137
845.896 -761.862
965.897 613.145
845.338 -762.854
846.011 -762.858
967.758 611.709
967.813 613.226
99.566 -1101.820
967.894 615.147
969.325 613.282
101.862 -1102.900
-934.672 497.286
-936.254 495.714
97.362 -1104.000
-936.192 497.226
-936.101 499.143
99.451 -1105.300
101.925 -1105.260
-278.098 -1056.850
-938.105 497.138
-277.989 -1057.860
-278.659 -1057.860
99.518 -1107.390
-1029.110 -248.855
-1028.990 -249.859
-704.105 -811.865
-944.669 488.283
-1029.670 -249.857
-703.995 -812.862
-946.239 486.711
-704.669 -812.858
150.900 -1105.860
-946.187 488.227
-946.108 490.139
150.343 -1106.870
151.002 -1106.870
-948.102 488.146
-517.095 -961.863
-516.991 -962.870
-517.661 -962.873
1043.330 -527.870
1043.890 -526.866
1044.000 -527.870
662.912 -944.863
662.335 -945.868
663.005 -945.863
422.331 1074.130
423.001 1074.140
422.894 1075.140
1100.350 443.137
1101.010 443.139
1100.900 444.141
-1088.000 -30.862
-1088.100 -29.862
-1088.670 -30.862
-1053.000 293.139
-1053.120 294.143
-1053.670 293.138
1025.330 605.150
1026.000 605.145
1025.890 606.141
-584.107 -961.859
-583.997 -962.863
-584.665 -962.858
211.805 1145.630
212.898 1145.540
212.894 1147.140
-386.094 -1072.860
-385.992 -1073.860
-386.663 -1073.860
217.832 1148.270
220.004 1149.140
219.889 1150.140
1130.320 -443.858
1130.890 -442.859
1131.000 -443.860
-794.093 -805.864
-793.993 -806.861
-794.664 -806.862
341.326 1133.130
342.008 1133.120
341.890 1134.140
-942.000 626.136
-942.665 626.133
-942.105 627.137
-968.093 -587.856
-967.991 -588.854
-968.662 -588.855
-1018.100 -493.866
-1017.990 -494.855
-1018.670 -494.850
15.008 1180.140
14.337 1180.140
14.907 1181.140
-611.092 -978.860
-610.993 -979.859
-611.665 -979.863
-1125.090 -150.855
-1124.990 -151.857
-1125.670 -151.858
-1144.000 -87.858
-1144.110 -86.864
-1144.670 -87.863
642.332 1044.140
643.010 1044.140
642.892 1045.140
-387.086 -1118.860
-386.982 -1119.870
-387.663 -1119.870
-954.100 -663.859
-953.993 -664.870
-954.667 -664.871
-646.108 -985.858
-645.995 -986.857
-646.674 -986.858
779.891 -966.855
779.337 -967.859
780.002 -967.858
-840.108 -824.864
-838.672 -826.729
-840.187 -826.784
-840.241 -828.292
-842.097 -826.863
-647.108 -997.861
-646.991 -998.852
-647.673 -998.851
-1182.990 -33.868
-1183.100 -32.867
948.337 849.146
-1183.660 -33.870
948.999 849.143
948.891 850.137
-542.986 1088.130
-543.663 1088.130
-230.992 1208.150
-543.099 1089.140
-231.668 1208.150
-231.106 1209.140
-313.082 -1191.850
-312.983 -1192.850
-313.662 -1192.850
-1108.000 465.139
-1108.110 466.136
-1108.670 465.135
1276.330 -259.855
1276.900 -258.861
1277.010 -259.856
1287.330 232.138
1288.000 232.138
1287.890 233.140
-1122.990 456.140
-1123.100 457.138
-1123.670 456.139
-982.676 -729.712
-984.105 -727.862
-984.194 -729.777
-984.255 -731.286
-986.104 -729.871
1338.900 80.135
1325.320 -205.848
1325.890 -204.857
1326.000 -205.849
1340.750 78.705
1340.820 80.224
1340.910 82.142
1342.330 80.285
-1201.680 -327.713
1130.330 717.139
1131.000 717.136
-1203.110 -325.858
1130.880 718.138
-1203.190 -327.775
-1203.250 -329.284
-1205.110 -327.866
998.903 -895.856
998.338 -896.844
999.009 -896.851
-787.989 1001.140
-788.672 1001.130
-788.098 1002.140
747.756 1109.720
745.892 1111.140
747.815 1111.220
749.327 1111.280
747.901 1113.140
1199.340 642.131
1200.010 642.137
1199.910 643.145
526.185 1228.290
527.442 1227.990
525.570 1228.800
524.900 1229.140
526.392 1228.650
527.409 1228.650
528.988 1228.050
525.569 1229.470
528.397 1228.630
526.399 1229.640
529.400 1228.640
527.403 1229.630
528.396 1229.640
529.405 1229.640
530.224 1229.470
-1039.080 746.744
-1041.480 744.611
-1039.140 749.102
-1041.540 746.695
-1041.420 750.178
-1043.640 747.995
1377.330 8.132
1377.900 9.141
1378.010 8.133
1372.340 -200.859
1372.920 -199.859
1373.010 -200.858
-672.104 -1129.870
-671.997 -1130.860
-672.668 -1130.860
-657.098 -1141.860
-656.995 -1142.860
-657.662 -1142.860
-635.995 1168.130
-636.669 1168.140
-636.095 1169.140
1129.330 830.138
1130.010 830.138
1129.890 831.130
-584.115 -1207.860
-584.001 -1208.850
-584.671 -1208.850
-562.120 -1220.870
-561.999 -1221.860
-562.664 -1221.870
-1261.990 425.140
-1262.100 426.136
-1262.670 425.136
-682.097 -1180.860
-681.992 -1181.860
-682.660 -1181.870
1051.900 -977.868
1053.910 -975.862
1053.820 -977.775
1053.760 -979.295
1055.330 -977.712
934.334 1094.140
935.007 1094.140
934.905 1095.140
-1330.110 -275.860
-1330.000 -276.852
-1330.670 -276.851
1052.890 -991.867
1052.330 -992.855
1053.010 -992.858
-724.108 -1192.850
-723.993 -1193.850
-724.667 -1193.850
-1375.000 151.142
-1375.110 152.142
-1375.670 151.148
1426.330 -443.863
1426.900 -442.860
1427.010 -443.865
-1390.990 160.146
-1391.100 161.143
-1391.670 160.144
1508.330 43.152
1508.890 44.142
1509.000 43.147
-1336.090 -457.857
-1335.980 -458.862
-1336.670 -458.863
1512.340 -101.863
1512.910 -100.862
1513.020 -101.862
1452.330 -431.860
1452.890 -430.860
-1412.990 81.137
-1413.100 82.135
1453.010 -431.859
-1413.660 81.140
-1362.990 411.142
1520.330 -109.870
-1363.100 412.138
-1363.670 411.141
1520.900 -108.861
1521.000 -109.869
1422.340 -546.850
1422.900 -545.853
-932.097 -1100.860
-1420.980 111.143
-1421.090 112.144
1423.010 -546.845
-931.998 -1101.860
-1421.660 111.143
-932.660 -1101.860
1527.870 155.135
1529.740 153.681
1529.800 155.232
1529.900 157.167
1531.360 155.298
-806.985 1219.130
-807.655 1219.140
-807.088 1220.140
1456.330 514.138
1457.000 514.144
1456.900 515.137
-892.995 1164.150
-893.669 1164.150
-893.105 1165.140
1328.900 -806.856
1328.330 -807.856
1329.010 -807.860
-1426.990 376.135
-1427.100 377.138
-1427.670 376.139
-1199.990 874.144
-1200.660 874.147
-1200.090 875.148
-1290.110 -733.865
-1290.000 -734.869
-1290.670 -734.870
1230.900 -976.865
1230.330 -977.865
1556.340 -287.860
1231.000 -977.863
1556.910 -286.860
1557.010 -287.859
988.900 -1219.860
988.332 -1220.860
989.004 -1220.860
-1448.670 396.289
-1450.240 394.712
-1450.180 396.228
-1450.090 398.144
-1452.100 396.137
-1497.990 -169.863
-1498.100 -168.860
-1498.660 -169.863
-1467.110 -363.860
-1467.000 -364.858
-1467.670 -364.857
-1008.100 -1181.850
-1008.000 -1182.860
-1008.660 -1182.860
-1361.100 -760.859
-1360.990 -761.856
-1361.670 -761.853
-1431.100 -623.865
-1430.990 -624.858
-1431.660 -624.852
1607.330 419.129
1608.010 419.129
1607.900 420.132
-1273.100 -943.857
-1272.990 -944.854
-1273.670 -944.848
-1283.670 -969.720
-1285.100 -967.860
-1285.190 -969.777
-1285.240 -971.291
-1287.100 -969.862
1588.340 612.130
1589.000 612.133
1588.900 613.147
-1579.100 -294.854
-1579.000 -295.857
-1579.660 -295.857
1217.330 1180.140
1218.010 1180.140
1217.890 1181.130
1335.340 1086.140
1336.010 1086.140
1335.900 1087.140
-1411.000 862.150
-1411.670 862.151
-1411.110 863.147
-1580.090 -518.854
-1579.990 -519.854
-1580.670 -519.854
1435.900 -1023.860
1435.330 -1024.870
1436.010 -1024.860
-1550.990 710.139
-1551.090 711.143
-1551.670 710.137
1401.890 -1172.860
1401.330 -1173.850
1402.010 -1173.860
-1552.990 806.133
-1553.090 807.128
-1553.660 806.132
-1425.110 -1045.870
-1425.000 -1046.870
-1425.660 -1046.870
-1408.670 -1080.720
-1410.110 -1078.860
-1410.190 -1080.780
-1410.240 -1082.280
-1412.100 -1080.850
-1636.090 758.144
-1636.090 759.140
-1637.160 757.962
-1405.090 -1211.860
-1404.990 -1212.850
-1405.660 -1212.850
