0.494 -0.495
35.504 -22.498
84.503 12.506
-48.493 115.505
-83.498 102.499
-161.498 -31.502
-142.504 -116.500
167.504 -113.497
53.501 -198.503
-9.495 206.503
-152.504 -161.499
50.504 -226.495
-186.496 -146.505
-241.502 -25.504
241.500 39.505
-250.401 -39.873
67.496 -246.495
262.497 -19.497
-218.497 150.499
-276.497 -7.500
-104.503 -258.500
241.505 -149.493
278.497 62.502
-37.494 -283.496
-282.501 44.498
-223.495 182.503
258.496 -140.497
262.355 -147.159
288.490 99.502
240.503 -206.501
75.497 -311.507
315.505 91.506
-272.501 -196.503
228.504 246.502
-303.500 145.502
-117.501 317.498
339.501 26.498
-328.499 105.497
83.507 335.497
151.501 -318.359
-162.504 -312.503
151.154 -319.501
210.504 -300.501
-181.505 -321.503
316.498 221.507
138.361 361.986
387.498 29.496
133.520 364.300
281.502 269.504
-390.496 -13.500
276.500 -300.501
-265.498 309.505
10.499 410.501
391.497 152.498
409.498 97.505
140.495 400.498
62.498 425.492
-32.228 432.965
-34.355 437.303
196.492 -394.500
191.503 397.498
162.497 -411.493
30.496 443.507
-309.504 -323.509
84.499 -443.498
434.495 133.505
444.492 -109.495
409.502 206.503
-461.501 -2.501
172.495 -429.504
-452.502 -104.500
184.494 436.502
455.495 154.497
445.498 202.497
-94.501 480.495
-260.502 -417.495
492.496 11.501
460.195 179.417
459.144 188.957
-190.495 -461.491
-300.499 -399.501
-90.499 -500.500
-277.494 428.500
510.499 72.491
509.500 91.500
367.501 -366.500
-524.493 -23.505
281.499 -446.499
475.497 230.502
-7.502 -529.504
505.496 170.497
-112.981 520.913
-361.504 396.493
-117.497 528.505
-469.497 272.498
434.498 -334.506
-549.502 -24.502
526.501 190.495
192.500 528.504
-2.499 568.495
-126.505 -558.498
-93.495 -571.499
452.502 365.505
-244.501 530.499
269.498 519.505
-148.498 566.502
-553.502 -209.496
583.494 110.512
596.497 -45.498
550.500 235.501
-303.501 515.501
-417.496 -432.495
572.499 -191.499
262.493 -545.500
610.789 9.278
614.911 4.598
23.492 616.496
515.504 -362.503
-579.502 246.507
551.498 307.502
550.506 -321.497
-570.503 285.503
643.496 9.504
-257.505 591.502
38.502 644.502
-72.498 641.504
-496.501 -413.500
-386.503 517.503
-466.502 451.505
198.496 620.504
56.494 654.496
-527.498 -394.495
174.493 -642.498
593.502 304.504
-337.502 586.502
672.501 95.506
635.510 -243.503
-138.507 671.502
530.012 439.406
8.495 690.500
-685.500 -85.494
692.503 36.491
613.506 -327.493
695.498 -21.496
-159.492 -677.500
532.497 448.506
547.498 430.500
118.503 -690.500
-320.502 -630.496
-445.502 -549.502
677.490 208.491
-362.495 -611.498
-139.493 696.506
413.501 -579.490
-528.503 475.502
576.503 -420.502
54.494 713.498
-232.507 677.497
701.492 -162.490
153.502 704.504
187.496 -698.506
-201.495 -694.495
-683.498 -235.502
-719.506 -87.498
595.508 418.496
614.501 396.500
678.499 276.499
-401.502 617.500
727.497 133.501
-3.499 -741.500
739.498 -145.505
725.502 204.493
-494.495 573.502
-523.505 547.497
492.496 -579.499
-752.502 -136.500
-574.504 504.500
402.505 651.494
-351.495 680.498
-151.505 -756.494
629.502 -448.501
-399.494 -663.505
675.493 -383.503
-770.495 117.503
557.497 548.500
773.490 188.505
446.498 659.496
-40.499 -798.505
344.494 -726.498
-378.507 709.497
512.501 -626.510
804.499 108.502
-809.502 -53.498
-539.504 -608.497
462.605 668.883
448.499 685.502
-781.499 248.501
769.497 290.500
769.499 317.504
-787.495 -268.504
732.504 -403.495
-487.503 -686.491
-538.501 -652.500
-585.510 610.500
848.497 6.501
-260.115 -810.769
-660.501 -539.502
-255.137 -815.862
837.497 175.505
-200.501 833.495
2.499 -858.495
760.501 -403.506
-213.494 -835.497
-829.500 234.499
437.499 746.501
857.351 125.069
-603.503 630.501
673.502 -557.496
-849.498 -204.503
-344.500 -810.500
357.503 807.499
810.505 -361.499
54.496 -893.501
-347.499 826.492
664.495 606.508
620.497 669.500
912.498 -53.500
453.497 794.497
-502.507 -765.499
-52.496 -916.501
-819.494 -420.501
-208.500 -907.501
698.500 -619.501
337.501 869.505
388.489 854.501
370.507 -865.497
913.504 -253.498
-219.495 -925.506
-255.497 -919.501
756.497 582.501
-217.500 929.497
-623.503 724.497
669.505 686.506
214.500 937.498
962.497 39.498
719.495 -646.495
884.500 -391.497
559.505 789.495
-569.498 782.501
398.502 -886.500
805.501 544.501
59.502 975.506
-953.497 214.498
-750.497 626.502
-936.500 -293.506
-982.504 26.497
718.756 671.594
-873.500 -454.495
986.497 64.501
725.595 673.324
304.501 943.494
-984.501 129.500
-895.500 -434.505
-230.499 -969.496
-321.502 -943.495
916.503 411.501
676.499 744.511
-874.496 -498.503
-613.498 -799.502
740.502 -692.498
-1011.500 52.502
-989.503 227.498
-296.500 972.494
-499.502 887.496
386.502 -944.501
-662.498 -775.504
-822.495 -605.495
-154.493 -1012.510
669.077 777.174
668.689 778.724
-461.490 -919.498
963.506 -370.498
824.496 621.505
-774.500 688.501
713.503 -763.500
683.494 795.508
1034.510 -180.499
963.504 -419.495
-669.505 -809.496
-1051.500 -82.496
300.501 1011.500
925.496 -510.506
630.506 -848.492
479.506 -943.505
-120.495 -1053.500
288.499 -1022.500
-957.497 -459.496
728.438 773.767
733.106 774.495
-940.491 502.496
216.506 -1051.500
-752.500 -767.495
855.505 -652.504
-297.502 1038.500
836.503 685.501
-656.502 860.508
-408.505 -1003.490
820.505 708.502
-691.395 -839.771
-696.705 -836.683
1082.500 130.500
-71.495 -1091.500
-552.509 -945.514
961.748 533.211
746.502 807.491
-716.259 -841.260
-716.122 -841.683
-763.501 -799.495
-979.052 -514.497
-612.496 920.497
17.498 -1108.500
-857.499 -703.494
1111.500 -59.497
972.504 545.504
-990.082 -514.496
-238.499 1090.500
855.500 -724.501
205.497 -1103.510
-886.497 686.503
-89.505 -1122.500
-853.493 -736.503
-718.492 -870.995
429.502 1047.500
385.501 1077.500
-1114.500 -264.497
981.500 594.501
284.497 -1114.500
1145.500 -123.501
-719.613 -901.031
692.503 926.502
798.503 837.504
538.505 1027.500
-64.497 -1160.500
-215.499 -1146.510
380.498 1107.500
238.502 -1147.510
-1121.500 -346.501
166.496 1167.500
976.498 -666.498
739.498 921.505
-673.500 -971.511
-1163.500 -239.490
-1163.500 -256.037
905.497 776.497
-65.498 -1192.500
-976.499 -709.109
-976.499 -709.500
1177.490 -276.506
113.499 -1204.500
-1151.500 -373.493
780.500 926.501
-1162.500 356.499
-945.500 -784.504
-1137.500 -465.502
937.493 -798.498
865.502 876.499
-689.501 -1025.500
-1034.500 691.502
-1047.690 -676.338
368.500 1194.500
-1250.500 12.503
-665.500 -1062.500
-1054.920 -678.688
514.504 -1150.500
-397.501 1195.500
-611.505 1101.490
-1234.500 -258.499
512.482 -1154.260
836.502 -946.503
387.502 1202.510
401.139 1200.570
1234.500 -294.499
-879.498 915.500
-1174.500 502.505
1059.500 716.501
1047.500 736.499
-1255.500 -249.499
1216.490 -402.498
-1262.500 -216.495
-436.501 -1205.500
1254.500 269.489
902.502 925.500
-668.500 -1108.500
1048.500 759.938
-1280.500 188.508
-1290.510 -120.499
-1159.510 -585.504
-537.498 1182.500
1300.500 -56.494
741.502 -1070.510
-1017.500 -824.500
1233.500 -447.500
1166.500 610.499
1307.500 156.490
814.499 1037.500
1315.510 110.492
1106.510 726.494
-731.497 -1103.500
882.503 993.496
-950.504 929.497
-776.492 -1080.510
657.505 1156.510
-1330.500 -60.498
1343.490 2.501
-767.501 -1105.500
1333.500 -185.501
1096.500 791.501
1040.500 -868.503
988.501 926.498
653.499 -1189.490
-883.504 -1033.500
805.508 1097.500
1199.500 -650.497
791.496 1113.500
-673.491 -1192.500
-1269.500 515.492
-820.501 -1108.500
1130.500 790.505
803.500 1132.500
-1166.500 -755.504
-1304.500 480.501
-1116.500 838.507
-794.497 -1154.490
-1094.490 -875.500
1009.510 974.508
1336.500 -454.507
-1049.490 943.499
1285.500 592.504
-1087.500 -911.503
-981.499 1036.510
1222.500 740.503
-1113.500 -898.497
-894.508 -1119.500
1445.500 -60.504
-1406.500 -337.505
811.501 1199.500
1412.500 330.497
1419.500 -318.508
-1423.500 -338.496
956.492 1111.500
-910.500 -1161.500
1287.500 -727.500
-1068.490 -1024.500
-937.884 -1147.580
1451.510 307.497
926.503 1168.500
-886.505 -1202.500
-1266.500 799.504
1153.500 -965.497
-1438.500 -457.500
1434.500 487.500
1514.500 122.502
-1155.500 -990.501
1458.490 -447.499
-1502.500 260.496
-1258.490 -863.496
-1078.500 1099.500
-1513.500 309.492
-1404.490 -664.501
-1367.500 738.498
-1307.500 -845.499
1243.500 961.498
1117.500 1114.500
1365.500 794.499
1436.500 694.498
-1595.500 41.495
1572.500 287.508
-1369.500 -829.509
-1573.500 -389.493
1196.500 -1098.500
-1447.500 751.508
1291.500 -1003.500
1523.500 -599.491
1573.500 520.510
1589.500 476.499
1605.500 428.500
1398.490 913.496
-1549.500 -626.502
1523.500 697.504
1301.500 1066.500
-1558.500 -668.502
1234.490 1208.500
-1445.500 -969.499
-1583.490 -754.491
1519.500 -894.503
1409.500 1111.500
1471.510 1036.500
-1343.510 -1198.490
1531.500 -951.506
1546.430 -942.510
1553.070 -938.828
-1590.500 -958.497
-1581.490 -1012.500
