0.497 -0.489
3.506 -40.497
5.499 -83.497
57.503 -84.502
-105.497 5.498
-0.496 156.501
-62.492 176.499
-154.497 -121.500
-45.500 -193.504
-129.501 -150.501
204.500 45.503
-195.498 132.503
192.503 -168.502
-94.498 278.494
-290.500 -139.499
-284.500 180.502
-120.504 -322.499
346.496 -19.498
-213.509 274.493
-47.506 366.505
-272.496 -250.502
336.499 -157.501
383.503 -19.501
-276.495 -293.501
-307.491 298.506
421.493 132.509
425.498 -121.495
-274.499 345.505
28.504 442.503
242.915 389.541
240.130 393.115
-347.507 303.504
-300.495 356.504
-151.500 452.499
-352.498 323.502
-278.496 -395.500
-346.497 343.940
-440.503 219.501
-459.834 178.283
478.501 152.504
382.496 325.495
-472.144 169.813
242.499 442.498
405.490 316.497
-211.495 -469.509
-464.497 -225.499
-0.499 520.502
247.499 -462.507
-86.504 518.498
413.504 -328.499
508.501 -177.500
57.507 -539.488
253.507 483.499
-540.501 74.501
-325.491 -440.507
480.493 -298.499
216.501 -532.505
94.503 567.497
575.494 -51.499
440.504 -404.490
105.505 597.495
-462.502 404.500
485.500 -384.498
565.792 -256.057
-357.500 506.505
574.498 -239.496
-564.504 -265.501
-329.497 539.503
-485.503 -407.505
-47.501 636.503
-570.500 292.494
-543.497 346.498
-606.495 227.499
99.497 -643.499
-327.508 -563.504
-214.503 619.497
-592.503 -284.503
-99.504 -652.500
-107.497 654.499
-551.505 371.507
378.500 547.494
-471.503 -473.501
482.499 -469.496
392.493 558.497
-672.497 -124.509
-428.500 535.504
290.502 625.494
-666.355 -177.649
-471.498 505.494
162.498 678.498
-698.496 27.498
-641.504 278.499
-705.506 1.501
575.496 410.497
220.497 671.492
697.499 -127.500
672.505 238.501
202.506 689.506
-539.505 494.506
-728.512 -97.495
345.503 -653.499
-429.496 600.500
-180.501 718.501
-720.504 -181.493
-646.010 371.893
-649.120 372.126
215.495 717.497
-662.505 -362.498
-288.495 -698.498
-342.494 674.494
235.499 725.507
-705.493 -290.504
-593.498 485.495
-176.503 746.505
-613.901 461.235
678.498 362.501
1.500 769.497
-76.697 767.514
-618.556 461.921
-770.004 -69.006
-583.499 -508.497
-46.504 -774.494
186.507 752.501
-66.504 776.499
-435.503 -649.499
320.501 -718.495
-479.496 -623.500
-532.499 579.499
230.505 757.502
-720.496 330.505
-795.498 13.504
-787.501 -138.495
-694.498 402.492
-29.061 805.502
-29.303 806.069
-24.062 811.101
-673.507 453.498
-353.495 733.503
432.503 692.500
-477.504 663.503
-816.501 -51.500
-571.493 590.497
-653.504 498.492
-671.244 486.468
-671.148 488.575
8.497 832.500
-123.498 -828.498
-825.501 148.501
-76.504 840.498
825.500 -194.500
-745.496 404.496
-838.500 175.500
-470.502 719.501
187.503 841.497
229.497 -834.496
-611.504 612.497
-852.502 -162.495
282.505 821.501
-285.499 -822.499
-303.500 816.503
123.500 864.497
78.501 870.505
-871.501 65.492
-70.500 875.497
-849.495 -225.509
-373.495 795.503
-479.493 738.507
-463.499 749.501
36.498 884.500
752.505 -468.499
-476.502 -749.502
-839.498 312.499
-387.507 -814.495
202.499 881.497
-713.499 -557.503
-883.500 202.497
-862.500 -283.502
-441.501 803.506
-60.497 915.504
-914.502 80.500
-892.505 224.496
-897.138 216.805
359.499 -852.497
-473.499 -795.499
-171.497 912.499
-305.494 877.505
500.499 784.496
-935.502 9.495
602.500 -719.494
-906.499 -240.498
-449.495 824.503
-771.503 537.495
69.499 940.499
943.502 62.500
-938.500 -123.505
-852.495 -416.501
-338.501 899.496
-936.985 -238.569
-940.491 -232.494
-224.500 947.504
-974.494 -27.494
-697.498 -682.500
-334.498 931.503
525.502 840.499
-896.496 -426.499
567.500 824.496
790.497 614.509
-1002.500 -42.495
-266.497 -969.504
738.504 -684.505
871.506 -504.496
-47.498 1007.500
-319.499 957.500
-900.565 460.017
-971.501 -284.506
-999.494 168.497
-585.497 829.491
-1015.500 27.493
534.498 867.498
-710.502 -731.500
-520.875 879.995
-119.494 1017.500
-919.496 457.494
-335.505 971.507
-1021.500 -123.500
-910.498 481.501
-1025.500 -142.505
535.500 886.497
-778.503 -691.500
1025.500 185.492
-533.497 895.496
-1044.500 -10.496
523.504 904.498
-1047.450 -20.982
376.507 -980.496
912.502 520.508
-520.463 911.634
-873.496 583.500
241.128 -1024.730
783.501 706.499
-903.495 543.505
366.498 989.498
-728.502 763.504
-1056.490 7.505
-523.501 918.498
230.748 -1034.190
-1059.500 -43.498
-843.499 -648.497
918.491 -550.496
1058.500 168.496
1067.510 120.508
-966.503 466.504
-473.499 963.503
331.500 -1025.500
-108.501 1072.510
-187.497 -1066.500
-1064.500 -200.496
390.504 1011.500
-291.499 1047.500
781.501 758.505
-1088.500 -59.502
-1093.500 22.500
-423.499 1016.500
-988.502 -496.501
230.500 1084.510
1110.510 55.498
862.497 701.496
15.489 -1112.500
-84.502 -1109.500
-771.501 -817.503
-1039.490 -429.498
470.497 -1027.500
-1129.500 -27.499
-1127.510 -89.502
-552.505 -988.502
-905.500 -684.500
-189.508 1120.510
233.497 1112.500
-922.498 665.503
-362.500 1080.500
97.507 1137.500
-464.506 1045.510
281.500 -1115.510
-934.503 -680.494
-967.497 632.501
656.508 958.506
-208.493 1144.500
324.500 1121.500
358.501 1111.490
54.498 1166.500
-826.508 827.501
-494.499 -1072.510
-988.501 -649.498
-1173.490 -154.508
-70.971 1181.950
-599.681 1021.090
-71.135 1183.520
1186.500 27.500
-1037.500 -580.496
-53.957 1189.040
-1191.500 66.499
-1153.500 -314.498
1016.510 631.497
-970.501 700.499
-480.500 1098.500
1190.500 -165.498
-609.495 1035.500
928.502 -766.497
338.501 -1157.500
-168.501 1194.500
-133.496 1199.500
50.502 -1210.510
-76.507 1208.510
-1149.500 386.492
535.503 1089.490
-1215.500 127.498
1184.490 309.496
-862.497 874.501
-1234.500 -69.507
-1228.490 -144.497
-1103.510 -562.504
-764.509 -983.500
-858.502 903.500
520.498 1137.490
-982.500 784.502
996.503 -775.500
-1263.500 -52.510
484.501 -1172.500
-1056.500 -710.498
-814.295 979.833
779.502 1010.500
928.504 883.503
1007.500 -800.497
1168.500 -539.495
-825.500 986.496
-967.497 850.510
-1283.500 120.505
-1287.500 -89.503
1263.500 274.501
-1106.500 -672.494
-880.502 -956.495
-846.503 988.491
-1155.490 -600.500
-1196.510 514.499
-1232.500 423.499
-1276.500 290.504
574.500 -1179.500
1250.500 400.501
-1271.500 333.497
800.500 -1048.500
-1042.500 -833.504
-809.500 1062.500
-1338.500 -103.500
-1334.500 -172.495
-1079.490 818.507
902.499 1011.490
-1238.500 -554.495
-676.496 1179.500
639.500 1206.510
-1219.500 616.506
682.498 1185.500
-901.508 -1032.490
-1335.500 311.500
-1035.500 -903.503
-1351.650 272.649
-1021.500 -935.506
-1358.510 278.503
-835.500 1110.490
-839.497 -1116.500
828.504 1125.510
1282.500 580.502
-1377.100 -316.444
-1380.500 -302.499
-1012.500 -987.503
-757.496 -1198.500
1364.500 416.511
927.503 1090.500
1338.500 -515.499
-1403.500 -308.497
-1326.500 -576.504
-1427.500 264.500
1274.500 -707.498
1050.510 -1019.500
-1420.490 367.501
-888.498 1168.490
-1424.500 -371.496
1456.500 -253.503
-1349.500 608.500
-1332.500 668.501
-1413.500 -484.497
-1061.500 1059.500
1399.500 544.499
-1374.500 605.494
-1063.500 -1061.500
-1481.500 -249.499
-969.501 1148.500
-1251.500 -833.499
1240.490 857.504
-1453.490 399.500
-1402.500 583.502
1449.500 -476.493
-1244.500 -887.497
1500.500 -307.506
1213.510 940.496
-1489.500 372.497
1370.500 -709.500
-1540.500 -86.501
-1393.500 665.502
1149.500 -1034.510
-1238.500 927.501
-1450.490 544.500
997.499 1189.500
1551.310 106.980
1519.490 387.499
-1495.510 -469.495
1371.500 -776.501
-1344.490 -822.504
1579.490 159.497
-1535.480 412.593
-1536.510 419.499
1309.500 909.499
1402.480 -760.506
1505.500 -531.499
-1459.490 -650.509
-1590.500 158.495
-1617.500 -110.505
-1510.490 651.494
-1182.500 -1148.490
-1578.500 -478.359
-1578.850 -479.500
-1547.500 -574.510
-1143.500 1192.500
1621.500 -391.495
1193.500 1167.500
-1597.500 490.503
1280.500 -1088.500
-1603.690 534.955
1342.510 1029.500
-1519.500 -760.500
-1609.490 551.496
-1598.500 -587.499
-1591.500 -610.500
-1583.490 713.508
1616.490 644.504
-1575.500 739.498
1614.500 -659.495
1612.500 739.503
-1481.510 -982.507
1608.500 -895.503
-1602.500 913.502
1545.500 1016.500
-1471.490 -1175.490
-1499.500 -1148.500
-1589.500 1022.500
-1557.500 1198.500
