0.494 -0.501
6.500 27.501
37.501 7.502
59.500 14.497
-5.498 -63.497
27.505 86.500
-67.494 -97.499
-152.494 7.513
2.505 -154.502
135.499 77.504
-115.507 -121.494
-191.499 -42.500
-170.501 -123.507
34.487 218.501
189.505 130.500
-222.491 -67.501
234.499 -17.500
-2.500 235.503
-154.505 -193.495
-139.063 208.630
-217.501 -132.507
-139.500 215.502
-169.501 -196.498
110.502 235.501
57.499 -256.503
85.499 -251.508
-119.493 246.503
-143.504 237.493
280.495 34.505
-227.504 -167.506
285.503 7.503
79.502 -276.505
95.499 -271.491
179.496 227.502
283.497 -83.504
-259.507 -140.498
11.497 -304.497
181.496 -250.503
323.507 23.492
186.505 -272.501
322.500 -86.496
-107.502 -317.495
335.786 90.357
-106.493 330.501
96.498 336.500
96.498 336.890
308.501 -169.502
341.503 98.507
356.499 -3.499
277.505 -258.501
379.494 -16.501
11.498 382.500
310.502 -229.497
-363.503 145.500
353.498 209.499
-299.497 286.497
-407.497 -80.498
-218.503 -357.506
413.501 81.494
-431.503 -60.495
442.499 -23.498
246.496 -373.497
-193.508 407.504
184.503 -423.502
-260.500 387.501
-130.498 -457.507
104.503 -468.493
215.504 430.493
-312.504 -368.505
17.504 -483.502
247.499 -418.497
-491.504 -53.503
305.503 -391.500
-445.502 216.502
-452.496 -208.501
-93.499 496.505
342.499 397.499
-444.503 -293.495
-152.500 513.494
518.494 140.503
216.500 492.507
523.010 131.125
539.502 -0.501
-465.500 280.501
-198.492 -513.497
469.505 -289.504
265.495 -483.499
-83.504 -548.496
-559.508 -15.501
396.496 -397.500
114.500 -552.497
-440.505 -356.501
-189.503 537.499
456.506 345.497
364.504 444.503
-572.498 -142.498
-388.501 445.508
582.494 -112.502
-593.495 33.504
-596.503 -41.506
-243.502 547.503
-291.505 524.492
423.499 -438.497
-111.502 -599.501
-496.504 -353.497
66.499 607.498
617.496 51.493
-53.496 627.504
-618.495 133.498
267.506 574.498
63.497 -634.499
-638.500 -4.496
549.500 330.495
444.496 467.500
-206.504 611.505
-433.500 -481.503
-620.492 195.499
37.495 -651.499
634.500 -176.505
-337.492 571.499
-269.496 609.496
667.503 36.495
641.495 201.498
-639.496 -229.503
684.500 51.501
145.500 672.500
-70.493 684.492
-409.505 558.502
-627.499 312.495
549.491 452.502
-87.503 -714.507
-676.499 255.500
-227.501 -687.505
-258.497 675.501
-551.500 -474.499
-725.494 115.503
728.500 -113.500
492.496 551.497
-182.496 716.502
746.501 22.500
-544.495 -528.506
-747.503 141.500
715.502 262.505
-74.495 758.499
-284.502 710.503
-131.494 762.497
-692.500 350.497
-164.492 760.501
727.498 289.495
-408.496 -668.497
-94.493 -779.499
-211.500 757.501
-310.872 722.409
-281.498 -738.502
298.501 -739.507
-275.496 747.492
-678.495 418.502
-217.505 -768.500
799.491 30.503
-796.503 -93.930
-174.492 783.491
-797.323 -94.838
-798.500 87.496
-75.496 800.498
353.498 725.498
-805.518 -99.832
-510.499 643.507
144.503 -810.498
-821.507 70.500
728.497 -389.496
-73.506 -823.497
627.500 -547.504
795.497 269.500
-100.498 834.502
-834.497 -129.499
497.501 683.506
78.500 -842.505
-243.512 -817.502
694.498 495.499
835.503 188.502
519.505 -682.499
-734.500 -442.502
-596.494 615.500
-790.502 -333.502
857.506 -118.500
-866.502 -48.499
499.503 712.500
726.495 -481.495
-650.712 577.836
-277.503 825.499
164.497 857.498
-657.854 576.132
-825.506 301.500
-861.499 185.505
-156.504 -868.502
597.499 652.497
475.507 747.495
-90.503 884.499
886.503 -83.496
-887.492 -100.504
883.497 -150.500
567.500 -700.496
-597.497 -678.504
-902.499 -119.501
-906.930 -93.525
22.502 911.493
-912.504 3.505
439.502 -802.506
551.494 -736.494
495.491 776.499
446.494 812.493
-802.498 -469.500
923.499 133.490
-928.497 -107.024
-928.497 -107.439
-928.508 -129.499
-936.506 -49.501
-646.511 679.503
-937.501 35.501
260.500 -902.496
-443.495 832.501
108.505 939.497
413.499 851.503
754.503 572.502
247.504 916.504
885.503 -347.504
673.496 671.503
758.499 -576.501
927.504 224.505
-914.498 -270.501
338.505 893.502
583.498 761.495
-959.497 -49.498
-958.501 -95.504
-141.089 952.971
-339.493 -904.497
960.497 -120.498
623.502 -744.509
-963.503 126.487
957.494 220.503
-959.497 -212.501
-309.497 -938.499
-899.506 415.500
312.505 942.504
-911.504 -394.496
-143.988 983.005
847.496 -528.500
-961.503 -268.509
890.503 -453.496
-980.935 -190.336
349.498 937.500
-299.500 -958.502
-991.498 -156.507
-292.257 -964.746
-526.501 862.491
-212.438 -989.560
-211.027 -990.054
-145.506 -1002.500
-993.499 -196.502
360.505 955.498
-121.385 1014.220
-1021.500 -22.498
-144.484 1012.330
-989.498 258.497
-144.651 1012.750
-127.660 1016.940
476.502 -909.507
-916.583 -463.969
895.495 508.506
-725.496 -731.496
1023.490 -139.504
-927.499 -457.494
-941.501 -430.083
-941.501 -430.186
-1035.520 -75.502
-970.500 -369.506
994.495 305.503
-1018.500 212.497
-327.498 -990.501
-1043.500 -103.499
-1048.500 -22.499
-102.503 1045.500
-480.495 936.504
-1020.500 -260.498
-48.499 1057.490
1060.500 63.494
-627.507 -867.503
-194.496 1054.510
-505.493 948.500
220.503 1052.490
520.500 948.502
804.506 725.506
-99.498 1080.490
355.494 1029.500
774.498 766.502
-492.502 971.501
998.500 437.498
-536.499 -949.505
-1021.500 -383.497
-875.498 652.498
313.674 1048.960
1083.500 -165.505
-1015.500 -415.508
58.509 1096.490
307.497 1055.500
-187.505 1086.490
-801.501 -760.493
-430.500 1022.500
-1032.510 -407.501
970.502 -542.490
-1051.500 -358.497
-622.510 -929.498
-370.500 1064.500
1058.500 396.499
1097.500 273.503
-960.495 -609.504
791.499 817.501
855.497 756.503
33.505 -1142.500
-1077.500 381.499
122.503 -1140.500
664.500 -943.503
994.504 -585.496
-290.498 1116.500
836.497 -796.494
-1140.500 176.503
-1133.500 235.498
942.501 -681.499
633.504 974.497
580.505 1009.500
1078.510 -446.503
1111.500 -371.502
-642.509 979.501
-1153.500 214.491
-780.498 878.499
-991.506 632.502
-236.492 -1153.500
69.503 1181.500
-952.503 708.505
-299.504 1150.500
421.494 1115.510
-1198.490 -3.508
537.505 1073.500
1159.500 313.499
-1167.500 294.502
-979.500 -703.498
1204.500 74.502
-1162.510 -322.502
-1207.500 -96.502
-689.501 996.498
870.499 846.494
-412.498 1141.500
-412.498 1141.890
-884.502 837.497
158.502 1210.500
1115.500 -503.494
1106.500 528.498
1177.490 -371.504
-581.495 1088.500
693.499 -1023.500
368.502 1183.490
992.496 -746.499
1228.500 197.497
-747.500 1009.500
1180.490 -434.498
741.499 -1016.510
921.496 -860.503
1103.490 -613.497
-905.502 886.497
1269.500 50.504
-490.863 1171.260
-485.659 1173.480
-890.504 -909.498
413.498 1204.500
580.504 1137.500
-1210.500 408.504
1255.500 247.500
1263.500 -216.503
1266.500 213.496
-573.499 -1149.490
-1202.870 -458.179
-1203.060 -458.327
-1101.490 -678.498
-955.501 879.497
1089.060 718.693
1297.500 -154.502
-499.502 -1207.500
1091.510 722.501
-1283.500 -264.492
1277.490 317.493
-1320.500 33.499
-1198.510 -567.497
-1300.510 262.504
-1320.500 165.505
1100.500 -753.500
-599.495 -1198.500
1114.330 -765.311
986.500 927.500
1000.510 -916.504
841.501 -1080.500
-1148.500 -748.497
-1325.500 379.495
-895.536 -1051.740
-1320.490 409.496
-896.008 -1056.570
1366.510 -262.501
719.502 1199.500
-1309.500 -498.491
1160.170 -788.685
-1135.500 -823.504
1165.230 -782.735
-1301.500 -535.500
980.498 1010.490
1234.510 684.505
1008.490 989.500
-1395.500 -233.499
-1084.500 912.497
1428.500 -84.496
-819.494 1173.510
1089.500 929.507
796.495 1192.500
-953.501 1078.500
-1331.500 550.496
-941.500 -1096.500
1314.500 -609.502
1251.500 -744.501
1409.500 368.510
-1416.500 372.511
1377.510 511.497
1393.500 506.499
1454.500 -321.500
1370.500 587.496
-1406.500 -503.497
-1058.500 -1066.500
1129.500 -992.500
-956.503 1164.500
1456.500 400.502
1457.010 400.869
1460.510 400.499
-1511.500 87.497
972.499 1165.510
1518.490 92.498
1384.500 -633.499
-1488.500 342.501
-1403.250 -604.538
-1403.240 -604.618
-1419.510 -571.499
-1376.500 -683.503
1369.500 -708.499
-959.502 1208.500
1211.500 -965.502
-1426.500 -610.501
-1374.490 722.497
-1494.500 -446.502
-1444.500 -605.498
1197.500 -1016.500
1355.500 801.492
1502.510 488.491
-1449.900 -631.239
-1449.300 -634.517
-1535.490 -385.495
-1455.710 -632.441
-1463.500 -619.595
-1462.910 -623.519
1333.500 -876.497
-1453.230 -657.051
-1269.500 -970.495
1367.500 -835.500
-1399.490 796.497
-1148.500 1137.500
-1591.490 364.488
1582.500 -420.502
-1279.500 -1022.500
1279.500 1036.500
-1227.500 1143.500
-1276.500 1100.500
1490.510 -793.502
-1299.510 1106.500
1234.500 -1186.500
-1226.500 -1198.500
1222.500 -1211.500
-1329.500 -1107.500
1284.500 -1165.500
-1289.500 -1173.500
-1611.510 -671.501
-1523.500 880.503
1496.500 933.493
-1405.500 -1080.500
1610.500 -743.501
1350.500 -1150.500
-1469.490 1028.510
1399.500 1136.500
1399.490 -1153.500
-1416.510 -1186.500
-1568.500 1027.500
1585.500 1187.500
