0.500 -0.499
121.499 42.503
-146.499 1.500
-15.498 -157.501
-133.497 -109.499
146.676 125.163
144.500 132.507
-239.497 -11.498
-15.494 259.501
-183.498 185.504
27.502 286.503
-270.493 -127.499
-143.498 -283.502
272.498 -191.503
-207.501 259.495
133.502 309.500
162.496 297.506
195.497 -303.501
-368.488 17.496
352.497 144.503
2.506 384.493
-264.498 -283.498
-87.501 405.497
-410.500 -173.502
273.499 352.501
-328.505 302.495
-122.498 463.500
115.501 -469.507
257.499 -412.501
-495.503 68.496
-501.507 27.502
180.499 -470.499
-195.506 -469.505
19.494 -508.495
-264.497 -439.506
-461.495 231.494
-371.492 -361.501
-332.501 425.501
-222.508 506.498
-550.500 98.495
-553.510 -100.496
-103.492 553.499
27.499 563.501
520.500 -251.506
431.496 -401.499
47.506 592.498
-477.496 -362.505
6.492 600.506
131.500 586.501
-82.504 599.498
97.497 -599.495
604.504 59.504
243.506 -559.499
561.505 312.499
-442.497 -478.498
-334.499 -562.499
-669.501 -41.502
526.499 424.500
261.495 627.501
269.506 -626.500
567.496 390.501
79.501 -694.501
529.505 467.505
170.493 -686.499
-555.498 -437.494
151.501 -693.504
-14.503 714.498
695.501 171.503
-69.497 717.501
123.496 -717.499
-589.500 436.505
678.496 -307.500
-666.502 -331.497
-752.501 -7.498
-735.496 164.500
736.506 -184.497
-697.499 337.498
-665.503 -400.503
680.490 376.507
737.501 278.499
-728.502 -329.497
753.502 296.496
245.495 -773.501
-232.502 781.495
-642.499 -510.501
745.498 -345.501
-530.508 637.503
643.502 531.500
-833.495 77.499
-849.500 13.508
370.494 767.507
90.500 -851.505
546.503 -662.503
748.503 -427.500
-661.503 -555.501
309.499 -816.503
625.494 -612.502
-753.506 -466.500
369.497 -809.501
-877.495 -207.495
-102.490 -897.498
-893.500 -149.498
473.497 -782.497
883.493 236.504
888.506 -241.501
340.503 -857.499
667.502 642.503
757.498 534.496
-524.500 768.508
-900.505 264.497
220.499 914.500
-560.500 -766.502
-574.501 774.499
-921.504 -288.509
-953.492 -166.500
879.502 415.499
974.499 10.502
-819.493 -528.500
-821.499 -534.015
476.503 -859.499
-597.501 -781.502
-120.498 -982.509
-909.501 -394.499
36.502 990.499
340.497 -933.502
-967.499 -245.491
21.502 998.500
-743.502 -674.503
-964.501 277.500
-804.688 614.501
-130.508 1004.500
-807.742 614.858
-808.471 614.501
-867.501 -529.500
807.498 -622.500
-842.505 581.497
-882.498 -523.499
-1025.510 24.502
-937.504 419.502
213.505 -1011.500
-661.502 797.498
-745.499 -723.500
933.499 457.498
517.498 -902.502
-646.493 -819.497
-968.508 399.501
1018.500 250.498
-786.499 699.493
499.498 -931.507
-954.501 451.497
594.498 -875.497
358.487 -1010.490
64.494 1073.500
1024.500 351.498
-949.501 521.502
-807.503 -727.495
-1089.500 37.506
-1016.490 -402.491
-682.503 -856.499
810.504 -743.495
1048.960 -340.576
1050.280 -338.524
111.500 -1102.490
1059.510 -325.501
-548.495 966.499
-1049.500 -368.502
783.500 790.493
-686.495 -881.503
-251.508 1092.500
1036.490 -439.495
1116.500 -145.502
1116.490 151.508
-1099.510 244.503
-238.477 1101.480
-982.502 -553.500
1116.490 -164.505
-233.874 1103.200
606.500 951.498
-885.875 710.666
857.501 753.500
-457.496 1052.490
-899.500 715.501
-1157.510 41.498
576.494 1006.490
-589.498 -1000.500
-1044.490 -510.505
-253.497 1146.500
-938.500 -707.498
-1060.500 506.511
710.507 949.495
574.499 1038.500
1003.490 -641.498
-1150.500 -306.501
129.503 1184.510
-1180.510 -202.500
150.501 -1192.500
-1111.500 460.500
495.496 -1107.490
-922.503 788.505
-1230.500 -5.497
-1024.500 -686.497
-575.495 1093.500
-1175.510 -393.502
-653.496 -1056.500
-1243.510 63.500
565.500 -1126.510
526.502 -1147.510
-1265.500 21.500
861.500 -933.501
533.501 1169.500
1126.500 630.501
-1258.500 293.499
-1123.500 -658.508
-1242.500 388.494
-1224.500 481.497
-1180.510 581.501
-856.492 -1009.500
1326.500 107.501
1271.500 398.503
-1276.500 389.492
1297.490 344.502
-1258.500 -471.493
-1162.510 720.492
-1338.500 -291.499
-1316.500 -386.500
-674.498 1195.510
-1368.500 164.505
1049.490 -903.495
-1071.500 883.497
1063.490 -895.509
-1253.500 619.496
-1052.500 -926.496
-981.503 1000.500
-1410.490 -3.506
-1369.500 338.505
1083.500 -905.502
1092.500 906.496
1376.500 362.493
880.504 1125.490
-882.494 1124.490
-1426.500 145.504
1167.500 -846.511
1400.500 -391.505
1415.500 395.500
1365.500 -557.499
-1167.500 -910.500
1484.500 -171.499
-1412.500 -489.496
-1435.510 419.495
-1504.500 -95.497
1427.500 488.492
1255.500 -847.497
-1507.500 165.501
-954.497 -1180.500
1082.500 -1072.500
1163.500 -995.500
-1364.500 -693.506
-1523.500 145.501
-1226.180 918.753
1531.490 79.506
-1224.500 922.499
-1216.500 -939.500
-1267.500 -875.496
-1384.500 688.493
1359.510 -801.496
-1529.500 401.495
-1522.510 433.501
-1586.500 -38.506
-1440.500 -672.507
-1589.500 151.506
-1449.490 -715.498
1088.500 -1205.500
1612.500 273.496
-1602.490 322.502
1554.500 -512.503
-1502.490 -674.506
1203.500 -1180.500
1427.500 921.498
-1277.500 1144.500
-1568.500 752.500
1417.500 -1027.500
-1491.500 -931.504
1457.500 -997.495
1441.510 -1023.500
1435.500 1047.500
-1567.500 -836.509
-1498.490 962.502
-1391.500 1148.500
-1550.500 927.504
-1505.500 1064.510
-1598.500 975.495
-1593.500 1034.500
