0.497 3.026
0.496 4.230
33.496 4.495
9.503 42.496
-44.501 -1.492
-55.501 39.499
87.142 47.400
89.435 46.419
-50.502 -102.495
126.501 105.500
83.496 -144.502
-99.495 -159.509
163.497 110.497
84.501 -174.500
32.498 203.499
-202.508 24.506
90.505 201.502
219.503 -69.499
-230.498 -11.494
48.502 248.505
-242.500 74.500
97.499 -236.497
-21.507 263.506
-178.497 -187.501
-247.063 108.223
-26.498 -271.499
241.495 138.503
-257.208 103.896
-244.494 -139.501
-278.496 93.498
281.498 -84.501
48.497 -302.498
292.497 -133.497
315.500 107.496
-319.496 -114.498
-50.500 -349.501
52.502 355.507
357.502 27.493
-324.501 -152.504
151.497 346.497
-17.500 378.492
321.498 206.499
371.499 -87.505
198.509 -324.503
151.500 -350.500
-293.501 259.500
353.497 -176.501
396.502 -4.504
-62.499 -392.493
359.498 194.329
-227.501 341.494
-399.503 85.507
-116.501 394.504
-92.496 404.501
-384.499 -159.502
-417.497 -21.509
-294.498 313.501
216.506 373.494
254.493 -343.497
382.494 -196.500
-354.501 250.502
-247.499 374.507
418.500 162.498
146.501 -431.501
-185.497 -419.503
332.498 -324.500
49.497 468.506
447.499 -143.506
446.497 170.497
478.504 17.503
441.495 188.504
-422.504 -220.498
338.504 355.502
411.494 -279.501
-35.500 -500.497
478.495 -172.502
174.683 -476.478
183.968 -475.835
516.502 125.494
-331.500 418.500
-425.503 321.501
502.498 -175.503
-40.496 535.494
-528.505 -133.500
-531.498 131.503
-316.496 -445.494
-153.499 532.503
-310.502 469.498
-378.506 -410.494
-508.500 -239.506
-75.505 570.498
541.495 -215.497
589.499 53.503
-591.501 0.497
307.498 510.497
-551.506 -215.494
598.504 27.500
-560.501 240.498
300.493 -533.496
556.505 -261.496
-363.504 -501.498
-476.495 411.503
-24.497 638.499
291.501 -562.504
634.501 -55.501
623.496 -128.503
638.500 49.501
-552.500 326.498
-649.499 -17.499
624.502 -182.501
552.499 -355.500
544.501 -386.498
-664.495 -71.494
531.509 410.506
-346.492 -575.499
-633.503 234.492
-611.496 301.505
593.511 -353.499
-309.499 622.502
-446.499 -536.501
380.499 -587.504
-409.490 -567.499
-642.498 290.505
658.503 269.503
-61.506 712.506
679.501 -218.499
-338.497 -629.506
-713.492 -92.496
-633.495 -353.502
-280.503 676.493
-563.504 469.491
604.506 433.501
-137.499 739.503
177.494 732.494
322.503 688.501
-705.499 -285.498
80.498 761.497
80.497 761.890
603.503 473.500
25.500 -764.502
-671.506 384.501
-39.498 780.504
-115.500 -774.500
-733.507 287.508
-785.510 55.490
737.502 -293.503
428.498 -670.498
-799.494 -3.498
354.497 722.499
586.502 564.498
510.496 -631.490
760.501 317.498
316.504 775.497
-694.496 474.495
840.493 -46.500
-458.496 710.494
300.042 795.120
341.501 789.499
-29.497 -854.503
-453.493 731.498
851.499 135.496
-648.496 572.494
-780.494 -369.495
-855.496 -129.502
744.508 -446.494
105.499 867.504
-289.497 828.500
269.495 -835.495
771.503 -425.507
170.503 869.495
-825.908 316.251
-827.498 318.501
-601.508 657.508
555.499 -696.501
-143.500 -878.508
-874.495 186.494
-382.501 812.501
-507.500 -736.500
-456.493 775.494
-605.501 676.509
-258.499 -865.497
398.501 -821.503
813.495 -418.501
-865.505 309.500
896.503 -205.502
362.497 -845.503
-160.501 914.494
889.500 264.505
142.509 920.499
-216.503 -907.502
856.498 396.503
-671.502 663.503
248.508 -906.504
765.501 554.500
926.499 -186.495
-726.494 -606.502
630.498 724.505
902.493 -319.498
750.500 600.503
208.502 941.498
-576.497 772.501
-75.502 -956.501
877.498 408.502
-957.496 136.506
-581.497 -773.507
247.500 -935.504
788.502 571.500
282.499 933.501
734.503 643.500
949.501 -219.500
83.499 977.501
543.468 823.980
872.502 -461.503
909.500 390.502
245.504 -960.494
-989.493 -102.497
542.500 840.486
665.502 747.502
230.498 -971.490
-913.501 419.496
-251.508 975.509
-569.338 835.183
1009.500 55.502
-1011.500 -40.507
-10.501 -1010.500
1.494 1019.500
-612.504 815.498
790.495 645.492
200.495 -996.499
-582.978 841.974
-902.499 481.500
1015.500 124.498
-583.566 843.186
989.744 -265.501
930.504 -430.511
216.502 1010.500
-454.500 -923.500
987.504 311.500
-1029.500 -96.507
502.497 -904.500
-294.496 -993.502
708.498 764.502
-335.711 991.173
-335.763 991.264
327.499 994.495
788.501 -682.505
-312.499 -994.503
-648.502 830.502
-552.505 -894.512
-1054.500 12.496
-782.501 710.503
-763.499 735.500
544.497 -907.496
-51.501 1062.500
329.499 -1009.500
438.499 -967.502
1034.500 258.500
-975.511 -425.497
-604.504 884.499
110.496 1067.500
273.501 -1033.510
763.499 -780.503
492.506 986.502
790.499 -771.495
-717.502 845.501
-840.494 728.501
-885.492 680.496
20.500 1123.500
-752.493 836.496
-1028.500 -449.497
239.494 -1095.500
1121.500 -95.500
211.497 1109.500
-808.499 787.510
-1121.500 -112.505
803.508 799.505
1119.500 171.502
-414.501 1058.500
776.507 834.506
-156.500 1129.500
1143.500 57.500
-9.504 1150.500
-1122.500 256.505
-998.502 576.499
-585.492 995.503
424.502 1075.500
355.502 1102.490
1077.500 -417.507
1081.500 419.500
1064.510 462.498
-378.500 1099.510
1158.490 -172.496
1166.500 124.511
-349.498 1122.510
-1170.500 -102.501
-1062.260 511.953
488.503 1077.500
-1107.500 417.498
1008.510 636.493
818.500 -868.500
-762.503 923.501
-836.495 864.497
600.502 1047.500
1003.500 -673.496
1205.510 -178.504
-1200.510 211.497
281.490 1195.500
729.498 989.498
243.496 1207.500
-345.501 1185.500
-676.498 1040.500
383.498 -1187.510
-664.501 -1061.500
898.983 890.948
-1228.500 -291.496
902.091 890.010
607.500 -1112.500
1004.510 -777.500
-1270.500 64.494
-1243.500 -274.500
-1276.500 -64.496
661.500 1100.500
-1005.510 812.503
1293.510 61.503
904.497 930.499
-1294.500 142.499
-1166.500 -576.504
1175.500 577.501
960.504 894.496
-702.507 1109.500
-849.510 1005.510
986.501 -871.501
1120.500 698.499
-797.499 -1052.500
1291.500 -289.500
1165.500 -625.490
1040.500 824.501
1087.490 766.494
-1260.500 -415.498
1033.500 -833.509
884.505 -998.493
-1104.510 -750.505
1236.510 -522.500
1328.500 204.500
-1145.500 -700.506
-1030.490 868.499
1145.500 717.497
1350.500 -0.498
862.499 -1040.500
1352.490 109.500
1334.500 -243.499
1025.500 -888.507
1351.230 176.893
1352.020 176.839
1352.560 178.037
1077.500 -833.500
671.498 1195.500
1039.060 -891.376
1363.500 148.890
-802.046 1120.180
1198.500 -675.500
-803.498 1125.500
-1345.500 327.506
1034.490 928.508
-1044.500 921.510
-920.499 -1040.500
-751.502 1176.500
1389.500 120.507
-856.494 1103.500
1208.500 -701.495
1041.500 -932.498
1136.510 -836.495
1095.500 -905.505
1267.500 -647.497
-1194.510 780.497
1051.500 -962.500
-849.504 1152.510
-1382.500 376.499
1187.500 -799.502
-801.506 1190.500
1439.930 -42.500
1322.500 -569.494
-955.498 1086.490
-892.496 1140.500
1335.500 559.502
-1244.500 -747.500
1124.500 934.499
896.498 -1161.510
-865.501 1197.500
-1230.500 822.504
1446.510 -329.502
-1398.500 512.497
-936.507 1160.500
1451.500 356.503
-962.499 1152.510
-1380.500 589.500
-1416.500 515.510
-986.507 1151.490
-1011.600 1130.110
-1018.040 1125.000
-1430.510 507.499
-1497.490 277.490
-1517.500 128.501
1073.500 1085.500
-1095.530 1072.960
1196.500 961.505
1504.490 302.503
1516.500 -236.498
1149.500 1027.500
1213.500 -955.504
1156.500 -1025.500
1467.490 495.501
1243.510 928.500
1217.500 966.494
-1325.500 813.502
-1025.490 -1177.500
1245.510 -944.508
1565.510 18.504
1074.510 1153.500
1404.490 714.503
1279.490 930.506
1481.490 556.494
1366.510 799.502
-1237.510 994.499
1367.500 -802.503
-1076.500 1171.500
1591.500 -106.500
-1327.500 903.492
1150.510 -1126.500
1495.500 -609.499
1617.500 126.500
1107.500 -1184.500
1115.500 1187.500
1455.500 -729.498
1478.500 713.500
1566.500 503.497
1595.500 411.496
1392.500 -884.504
-1363.500 -947.498
1371.490 953.496
-1426.500 889.504
-1207.500 1170.500
-1412.490 -918.498
-1188.500 1205.500
1520.500 755.508
1497.500 -800.500
-1479.490 -832.495
1284.500 -1111.500
1605.500 -559.503
1281.890 -1120.010
-1261.500 1168.510
-1579.500 713.504
1475.490 -910.505
1569.500 744.495
1278.500 -1179.330
1514.500 873.494
-1338.500 -1181.500
1498.500 990.499
1377.500 -1185.500
-1582.500 -976.502
-1435.500 1190.490
1537.500 -1117.500
1616.500 -1006.500
-1493.500 1206.490
