0.495 -0.499
15.499 -6.498
20.507 -195.500
109.502 181.496
234.497 -125.505
273.503 31.498
-221.499 -212.499
215.500 240.491
-101.501 -314.493
-333.500 -122.498
-328.491 217.494
-210.503 -354.500
244.504 344.498
179.501 414.493
277.508 -363.498
-159.500 -456.503
442.498 -201.501
-499.495 1.493
-212.500 462.502
490.494 146.505
321.500 -406.497
-280.507 -443.502
77.500 518.506
-391.502 -352.502
-61.503 -530.502
-531.500 -186.496
-366.502 -435.495
-580.498 107.500
-398.499 -437.497
331.497 -498.501
277.498 -531.506
425.494 423.503
176.504 579.504
26.502 615.500
-610.503 -176.496
-481.503 -432.496
268.493 590.499
165.503 630.501
617.504 232.504
-501.497 437.499
-659.497 -106.497
424.506 527.498
341.497 -618.501
599.495 401.501
-723.500 -119.511
-744.506 -137.508
-30.505 -762.504
-751.495 141.500
158.503 748.503
590.503 488.501
-476.493 606.502
-696.500 -334.497
-18.505 773.498
132.495 764.505
523.507 -574.493
715.500 -306.504
766.503 -140.504
-789.509 -34.504
610.504 -530.495
-747.501 313.501
786.502 205.496
362.498 -729.504
-33.505 816.502
-650.501 496.499
-358.503 -737.502
824.495 21.496
773.501 -292.499
-353.404 -750.323
801.506 217.494
-618.503 570.498
-267.495 800.503
-273.502 -805.494
705.498 -503.499
-662.500 -558.502
-648.499 -603.498
-878.499 -135.500
652.497 -610.494
-787.504 -439.503
677.496 -599.502
219.500 -878.501
11.507 906.503
-351.488 -838.504
25.500 -912.498
335.498 -855.500
935.502 -7.498
898.500 275.498
-542.497 767.501
-944.500 86.508
928.501 -221.493
-210.495 930.497
-402.486 868.500
808.495 519.503
197.496 -946.498
911.496 323.502
945.504 233.496
274.507 937.500
-963.500 -220.501
-43.498 990.499
-904.502 -407.502
-590.505 -806.495
641.494 769.496
-715.503 700.502
712.491 -722.509
-961.506 -346.504
828.499 600.498
-528.500 -876.503
484.502 -905.507
910.501 474.500
512.502 -892.498
-1027.500 -75.491
-764.501 -707.497
866.495 -583.500
-1053.500 70.505
-76.499 -1060.510
22.506 1064.500
-645.503 847.500
-923.500 533.499
1049.500 -217.502
-641.502 -865.501
-1024.490 -353.504
132.503 -1080.500
-100.499 1087.500
1025.500 405.505
622.500 -920.499
-366.499 -1051.500
245.496 -1093.500
-170.496 -1112.500
-664.499 908.500
931.505 634.503
-581.508 -966.494
856.496 -738.501
538.505 996.503
-786.497 -821.499
836.501 772.500
721.506 887.505
-89.499 1141.490
185.502 1132.500
137.500 1148.500
779.503 862.502
1003.500 -588.500
907.503 746.501
-1098.490 419.497
667.498 971.497
416.502 -1111.500
689.501 973.495
194.496 -1178.510
-1106.500 469.502
-454.501 -1119.500
1209.500 40.495
-120.497 1205.500
55.493 1211.500
1235.500 -92.495
1083.500 604.501
-1043.500 671.500
577.495 -1117.500
-1118.500 -586.501
895.503 927.505
603.503 1142.500
1310.500 -118.502
-968.503 911.500
577.500 -1200.490
1062.490 805.496
-789.499 -1101.500
1179.500 -677.500
726.502 1158.500
-1106.500 810.500
-1323.500 -407.498
-1388.500 -4.497
-1159.500 -787.499
1308.490 -509.504
-1258.500 620.500
-1399.510 107.499
-812.500 1147.500
-1320.500 -498.500
1101.500 902.492
-1292.500 611.497
1141.500 -873.499
-1143.500 875.507
-1277.500 673.496
-943.503 -1099.490
1380.500 461.496
-1354.500 -536.502
1135.500 922.505
864.499 1181.500
-1052.510 1024.500
1111.490 -963.505
1469.500 -167.505
1489.510 8.502
-1454.510 342.500
1021.500 -1095.510
1271.500 -823.498
-1261.500 866.505
-1077.500 1092.500
1532.500 136.506
-1372.500 694.497
-1431.500 -567.513
1523.500 289.503
-1467.500 -516.509
1194.500 -1001.510
1473.500 521.497
-1161.500 -1053.500
1580.500 86.489
-1364.510 -806.503
1215.500 -1031.500
1512.500 -592.500
-1579.500 406.499
1146.510 -1189.500
1439.500 858.503
1502.510 -753.500
-1445.500 888.495
1568.500 705.498
1583.500 -764.500
1555.510 -893.503
-1604.500 -811.504
1508.500 979.505
1592.500 -961.498
1558.490 1019.500
1535.500 -1110.500
1530.910 -1125.810
1530.500 -1127.500
-1558.500 -1150.500
-1554.490 -1172.500
