0.502 -0.499
-25.499 1.499
-19.506 -52.502
-54.498 -33.495
20.493 -111.508
101.504 157.498
-193.496 -6.487
-145.500 -144.502
132.500 -171.501
191.505 109.502
-225.505 -55.500
-93.495 231.498
64.505 257.500
202.504 -193.499
-130.509 270.508
-36.502 313.500
-79.502 -309.498
-291.499 -168.502
357.497 66.502
334.506 144.503
-353.499 -105.496
371.496 -81.493
-146.504 368.499
181.498 355.498
-200.497 363.506
-10.498 -424.513
295.491 314.493
-213.495 -390.503
-357.498 -283.501
414.500 246.499
363.499 329.503
481.497 -113.500
-503.507 -27.501
-499.502 198.499
270.499 477.506
483.501 273.503
300.505 -468.501
-525.497 185.498
567.500 80.500
-541.491 200.504
454.502 363.501
46.497 587.503
-47.504 -598.499
-160.501 -581.500
604.495 1.501
-439.494 421.500
-590.499 -180.504
-614.505 130.497
-374.499 -528.499
-562.504 347.504
521.497 410.499
-665.501 -5.499
-520.502 416.497
-457.507 493.499
92.501 668.503
635.501 -239.502
-201.506 661.495
469.498 -512.501
693.510 -131.509
440.494 553.503
246.505 -670.499
31.498 714.500
154.501 -713.499
101.501 -729.500
-725.496 -158.493
-742.506 107.495
-415.507 625.503
759.499 -20.498
-282.495 -726.494
-612.496 484.503
724.500 -333.499
62.488 800.498
-80.497 799.501
-242.500 -778.494
-50.501 -817.498
-802.497 162.501
667.501 -480.502
179.496 -804.500
575.498 594.499
-234.497 794.500
-817.505 -152.508
832.501 7.499
614.503 568.497
-853.502 1.503
50.502 871.501
-870.512 77.500
-842.496 -240.495
75.498 876.499
-586.504 658.501
88.500 899.503
-897.500 -191.503
-813.498 431.500
-747.496 -552.496
927.500 -96.495
730.500 -586.501
-827.493 460.498
621.500 721.502
-872.499 384.505
-86.498 -955.502
909.502 318.498
-677.502 688.500
664.493 706.493
522.508 -823.499
989.506 62.508
-737.494 -666.504
727.501 684.496
-850.500 524.502
730.502 -694.503
509.492 874.498
-476.503 -906.504
903.498 -485.495
-226.501 1007.510
-642.496 815.510
-685.501 814.498
-970.502 -462.505
-1071.500 -91.501
-330.503 -1031.500
1023.500 -360.496
101.499 -1081.500
-919.499 -580.504
-1052.490 276.492
569.499 -931.508
-513.499 963.502
359.500 -1035.500
423.493 -1012.500
-1090.500 -141.499
90.509 1106.500
-944.499 -592.504
-1111.490 120.503
443.490 1029.500
-315.499 -1080.500
-723.491 -867.499
-739.504 -858.500
954.498 -615.491
322.492 1088.500
787.505 819.499
1052.500 443.503
-861.507 753.498
-1043.500 -474.499
-564.494 -999.506
-277.504 1116.500
245.507 -1137.500
113.499 -1159.510
987.504 623.501
662.500 961.502
-978.503 637.501
-1162.490 113.501
-1127.500 347.498
-301.490 1142.500
1171.500 -204.495
-1160.500 297.506
145.496 -1192.510
-758.503 -933.502
135.499 1195.490
350.501 1154.510
1209.500 20.502
797.500 916.501
1153.500 -385.499
-653.497 -1025.490
1057.500 605.499
1212.500 139.504
638.500 -1048.500
856.499 878.495
388.499 1174.500
1045.500 -688.499
-1242.500 -222.503
-1005.500 -766.496
488.502 1170.500
1180.500 -466.498
513.501 1162.500
-1126.510 -588.496
-598.506 1124.500
-1106.510 -636.500
-775.501 1024.500
-908.499 -914.503
-696.503 1090.500
-747.502 -1058.500
748.501 1081.510
1056.490 -863.506
-1014.500 -915.506
1249.510 -595.500
-1383.500 48.491
1303.500 478.504
-1243.500 628.496
-906.503 -1074.500
775.501 -1173.500
-1407.500 18.495
1414.500 -7.500
1132.500 -856.500
753.493 -1203.500
-838.493 1159.500
896.501 -1125.500
-1121.510 905.499
1416.490 -387.499
-1214.510 -838.502
-1222.500 842.502
-1010.490 -1091.510
-1339.500 -646.498
-934.495 -1159.500
-1304.500 718.495
1237.500 -839.494
-1494.510 -131.501
1002.500 -1119.490
-1496.500 127.501
1506.490 107.498
-1107.500 1034.500
1268.500 -833.500
-1390.500 609.503
-1019.500 1154.490
-1556.580 -141.140
-1556.590 -141.244
-1293.500 -889.499
1209.500 1001.490
1006.500 -1211.510
1580.500 -1.497
1395.500 -746.015
-1335.500 -874.501
1368.500 824.501
1431.500 -711.498
1464.500 -655.500
-1459.500 667.501
1545.500 -470.494
1236.490 -1044.510
-1277.500 -996.500
1470.500 687.506
-1228.500 -1069.500
1297.500 1010.500
-1504.500 667.490
1481.490 -736.507
-1190.500 1199.500
1253.500 -1154.490
-1419.500 964.501
1390.500 1055.490
1298.500 1184.500
1497.500 -946.507
1432.500 1065.490
1542.510 983.490
1569.510 982.500
-1450.500 1155.500
1584.500 1007.500
1567.500 -1125.500
