0.494 -0.503
108.493 -30.498
-16.497 145.504
-164.501 -116.494
-40.501 222.503
225.499 85.512
188.495 163.499
-235.502 -96.501
-181.500 186.496
258.505 -148.506
311.502 -42.497
36.498 325.501
-349.493 -39.500
-273.498 233.494
102.503 351.504
372.498 67.500
-372.494 71.510
-60.500 -385.504
-391.497 18.489
-83.504 392.506
-398.499 73.499
-15.505 407.496
344.503 -236.501
-427.496 37.498
103.496 -420.505
73.503 441.509
440.500 96.504
-313.501 333.499
-197.499 432.498
293.501 -381.496
137.497 488.501
-446.504 -242.501
-373.502 -354.503
-517.506 -77.505
531.491 -2.500
-473.501 306.498
-111.493 555.489
-417.502 389.500
-571.499 61.506
-110.500 -586.507
354.491 -481.502
-604.499 11.495
586.501 152.502
-514.493 345.497
55.501 630.493
514.505 -376.498
508.506 398.501
-200.499 -634.501
-406.500 -530.499
-582.507 -329.502
623.490 -252.500
-669.500 -105.498
225.502 644.502
356.501 -584.500
186.496 670.503
-533.501 446.497
-253.502 -652.501
-588.507 440.500
-522.504 -519.508
160.496 -720.499
-736.497 -43.499
-173.499 -722.499
-339.497 668.503
563.503 -498.499
756.497 -100.500
-735.500 -226.505
742.500 -272.509
788.504 115.494
-294.502 751.498
790.504 228.504
640.498 519.489
270.496 781.499
331.504 758.503
228.505 796.494
768.497 -347.496
207.495 -822.504
-403.500 -749.500
647.495 -563.502
-358.497 799.500
-746.496 -475.490
-898.503 32.505
577.500 695.507
69.500 -909.500
-644.503 -672.499
642.498 677.500
7.505 -936.495
-601.499 -721.494
-901.497 268.499
-328.498 887.501
831.500 -466.505
-598.502 748.507
117.497 951.498
-928.502 254.501
275.503 -930.499
386.497 891.501
972.501 92.502
-843.502 499.499
660.505 -728.499
-945.495 269.505
-437.498 -888.499
-987.504 -127.497
-476.500 888.494
977.506 -264.503
-317.504 964.502
-342.497 959.498
729.500 -717.504
-245.496 -999.499
868.500 553.495
-304.503 987.508
-865.504 575.498
-1023.510 195.503
-101.498 -1043.500
450.502 948.495
-930.508 495.014
-973.501 422.499
394.504 987.500
264.498 1035.500
1053.500 202.497
-1073.500 52.497
822.501 -695.501
-823.500 713.503
-636.501 886.498
850.494 -687.495
-231.502 -1074.510
48.503 1109.500
516.503 -985.500
405.494 -1038.500
-199.503 -1104.500
1118.490 101.499
962.493 -599.502
385.501 -1069.500
-1134.500 -109.501
1091.510 -337.500
1022.500 -512.493
994.491 -565.500
613.505 -972.507
-92.506 -1163.500
-1162.500 169.498
-71.501 1173.500
-1032.490 566.494
174.504 -1178.500
1038.500 -586.504
-686.505 -982.504
344.501 1151.500
-843.502 -866.509
824.501 -886.495
406.496 -1148.500
618.504 -1058.500
-669.499 -1030.500
1191.500 303.496
-306.501 1200.500
-1236.500 -105.503
-1230.500 226.497
-1145.500 -520.499
-1010.500 750.507
1016.510 751.499
-1260.500 -198.498
-634.501 1108.500
923.496 884.501
-1281.500 55.501
1167.500 546.504
840.503 -987.493
-1131.500 -637.499
1053.500 -779.495
-1302.500 135.499
777.501 1058.490
-1323.500 -149.505
1237.500 522.500
-933.497 -967.498
1245.430 -518.456
-1252.500 511.498
1199.490 629.500
-1110.500 783.497
1358.500 164.505
858.501 1065.500
1333.500 -323.500
-1269.500 542.504
1296.500 -480.503
-1108.510 -843.502
-1317.490 461.507
-1126.500 -835.496
-1076.500 917.501
-940.497 1071.500
-1296.500 611.503
-1027.500 -1000.500
1430.500 -161.494
-813.494 -1187.500
-1333.500 -558.505
1365.500 -495.500
-1124.490 917.503
941.498 1106.500
1385.500 -442.504
1115.500 -940.500
890.508 -1156.500
-1395.500 -437.492
-1143.500 -913.508
1005.500 -1079.500
-1361.500 -571.495
979.498 1115.500
1077.490 1032.510
1101.500 1031.510
1190.510 930.492
992.509 -1154.500
-1523.500 -49.500
1130.500 -1027.500
1115.500 1054.500
-1128.500 -1041.500
1531.500 191.506
-1477.500 -453.499
-1543.500 -102.502
-1516.510 344.501
1572.490 -12.504
-1318.510 855.499
-1577.500 177.504
1466.490 -613.503
-1309.500 -904.499
1333.500 880.500
-1423.500 -757.505
-1446.500 733.499
1569.490 -443.506
1334.500 953.500
-1604.500 421.502
-1541.500 -627.506
-1566.490 -577.510
-1231.500 1144.500
-1301.500 -1070.500
-1427.500 -914.506
1478.500 894.503
1604.500 706.500
-1329.510 -1160.500
-1416.490 -1096.500
1397.500 -1168.500
1562.500 -1185.500
-1610.510 1167.500
