0.500 -0.504
179.501 -4.500
-154.495 -90.505
-199.501 -23.497
86.500 219.499
-96.510 266.501
138.499 -263.508
156.501 -258.502
-305.498 -39.494
-135.508 -283.500
198.495 245.499
-120.497 296.496
-11.498 -345.501
327.495 -115.501
-95.503 386.502
400.496 112.506
279.497 309.499
390.501 149.499
426.500 0.502
-354.495 -250.504
-119.498 -419.500
49.501 -435.491
-377.494 252.493
437.498 -129.497
122.502 -459.507
471.498 109.502
-10.499 -494.500
-474.505 -154.495
509.503 5.505
378.499 344.496
471.495 -206.504
-154.494 -502.505
519.494 123.496
-238.511 -489.505
537.504 112.505
-258.504 -501.493
136.502 -553.496
322.498 -483.498
180.499 567.493
-499.501 -325.505
381.501 -485.492
-1.503 -621.494
174.508 -600.499
609.498 -145.496
501.494 -380.502
-558.500 287.506
-632.494 -54.504
-374.495 -513.503
-145.502 625.495
621.504 193.501
522.163 390.309
529.286 384.493
602.496 -256.503
-69.482 650.741
-71.505 654.499
350.505 -562.501
-577.500 -341.490
404.501 -538.497
-621.495 270.495
-357.495 -578.500
-659.495 173.505
-88.499 682.490
-643.497 250.502
-627.503 -289.497
-235.495 -656.492
-341.496 -608.503
-481.492 -513.498
-316.501 629.491
343.500 616.505
-335.498 622.499
-199.501 -680.500
-138.502 -717.503
-741.503 -81.498
655.502 -365.497
-531.562 544.921
653.499 -400.492
569.496 -514.492
712.502 -298.505
-533.497 561.501
-553.495 569.503
667.507 439.497
-284.502 -749.496
-622.500 504.505
488.496 -637.496
-735.504 328.499
-15.500 809.505
813.496 -40.497
45.505 819.504
-42.499 -823.495
-735.495 373.500
325.403 -764.035
-328.503 763.495
781.502 -294.495
834.497 -52.503
856.503 -99.501
841.499 -201.500
810.500 306.495
645.503 581.504
-363.498 -799.502
24.497 879.501
842.502 295.503
-593.503 -669.497
816.500 403.506
818.507 -401.502
193.501 -901.499
615.496 688.499
268.495 884.497
677.498 -631.503
913.502 -190.505
-628.496 690.503
321.491 877.498
-196.502 -917.503
-917.497 283.496
393.495 876.502
-710.504 646.500
394.505 -881.498
-720.503 -649.499
-466.494 850.500
-703.504 -671.498
-917.504 329.499
61.496 975.506
-944.510 -272.501
929.501 -326.500
-750.504 646.503
-934.499 329.503
-990.500 57.505
996.504 22.497
-761.496 -645.500
-217.497 -976.498
1019.510 55.498
-20.513 1021.500
-723.506 722.509
-53.504 1023.500
-1015.500 155.497
322.501 -977.497
554.503 884.504
-960.499 -412.495
232.501 -1020.500
815.502 664.503
-447.493 -958.501
-1050.500 -129.497
20.520 -1076.300
17.740 -1079.510
-720.505 -813.506
807.497 729.494
-1050.500 -302.494
329.499 -1044.500
581.505 -937.502
-483.508 992.506
463.498 -1003.500
356.501 1049.500
1090.500 211.500
963.505 -558.501
1006.500 -496.506
1085.500 285.502
-1023.500 -461.500
-625.502 934.505
1065.500 370.501
-1073.500 345.500
-1103.500 253.507
-1109.510 228.499
657.504 -926.500
-477.494 1034.510
783.496 -838.499
-13.499 1156.500
1016.500 -554.494
583.497 -1000.500
943.499 672.500
851.498 786.506
-1020.500 552.499
-388.501 -1098.490
-1077.500 444.501
-1123.510 -315.505
-1135.500 275.501
-172.498 -1164.500
242.499 1159.500
702.503 -961.498
-1192.500 -17.495
-664.500 -992.506
1126.500 -418.500
15.502 -1203.500
-274.502 -1172.500
-95.501 1200.490
769.498 -945.501
-679.503 -1014.500
997.494 -722.496
800.493 944.495
1230.500 -176.500
587.503 -1112.500
1242.500 -231.499
1076.510 -662.495
1141.010 545.453
1145.380 547.447
1244.490 260.497
-761.506 1019.500
-1161.490 530.504
-1211.490 406.504
770.496 1021.500
661.504 -1098.500
1284.500 -101.493
-1293.500 105.499
-1285.500 209.500
1264.500 -342.499
591.503 -1172.500
914.503 -945.503
1234.510 -473.498
1213.500 530.501
-1221.500 -522.490
972.497 916.503
-1102.500 796.504
1200.500 645.505
1356.510 157.503
-1193.500 -687.500
-1350.500 314.500
1070.500 -884.492
-871.508 1100.500
-1066.500 -918.497
1182.500 767.497
-928.502 1074.490
1406.500 -249.501
941.503 -1081.500
-843.507 1159.500
1417.500 -228.502
-778.498 1205.500
-818.505 -1180.490
1249.510 -710.502
-1137.490 895.500
1435.500 251.503
-1451.500 150.504
-1273.500 -744.495
-1451.500 266.496
-1148.500 934.494
-1208.500 855.501
-995.498 1112.500
1328.510 -716.499
1263.500 -838.501
-1032.500 -1118.500
-1526.500 171.499
-1483.500 -402.494
1061.500 -1116.510
-1355.500 739.493
-1381.500 703.500
-1324.500 -808.510
-1126.500 -1073.500
1252.500 932.500
-1476.500 -532.500
-1550.500 245.496
1237.110 978.225
1014.500 1210.500
1241.730 977.878
-1212.500 -1015.500
-1575.510 -142.497
-1548.500 325.512
1471.500 592.497
1302.500 -911.501
-1589.500 53.499
-1329.500 -876.499
1206.500 1071.500
1409.500 -788.502
1393.500 -824.498
1367.500 -870.501
1479.500 663.505
1221.500 1069.510
-1607.500 -301.500
1332.500 951.502
-1610.500 -350.502
1620.490 -312.503
1456.500 777.491
-1360.490 -941.496
1231.500 1109.500
-1243.500 1095.500
-1313.500 1020.500
-1570.500 -562.496
1180.500 -1200.500
1329.490 -1038.500
-1614.500 -523.498
-1558.500 -708.501
-1520.500 809.500
-1568.500 720.501
1570.500 -753.500
-1418.500 -1042.500
1420.500 -1048.500
1349.500 1145.500
-1517.500 1010.500
-1548.500 1015.490
-1515.490 -1069.510
1423.500 -1207.500
1581.500 1170.500
1584.500 -1178.500
