-65.099 32.144
-80.097 -43.858
-163.092 -54.857
-218.098 4.133
114.899 128.152
131.900 93.136
139.898 -5.858
-284.106 -77.867
160.892 -89.860
181.895 -38.863
205.902 85.136
-326.091 124.139
195.913 139.672
196.804 142.123
-279.102 -167.866
87.900 -235.867
-289.160 257.619
35.916 348.147
-291.101 275.156
269.906 69.138
-75.091 385.143
-427.098 76.138
-422.247 -46.616
-424.150 -43.106
-417.094 -71.865
-359.101 -198.870
-447.090 140.129
321.897 141.146
-487.102 90.135
353.899 170.128
180.892 400.135
263.907 -283.856
212.374 395.617
-163.095 -420.867
364.901 245.141
-238.103 -434.865
186.903 471.138
315.895 371.143
-580.102 -8.862
374.305 -250.791
285.898 -358.862
-522.101 297.137
-468.103 381.144
278.902 -377.853
-571.103 214.136
464.903 -70.858
187.903 -446.853
487.895 63.136
2.907 -517.864
-275.106 -490.854
415.910 327.138
-120.092 -530.867
-36.108 599.144
-645.111 29.136
-480.093 -375.851
437.904 339.145
366.900 446.139
482.916 274.130
-609.087 285.135
517.891 -115.861
-433.119 -443.862
-656.297 -100.846
263.897 -477.868
-74.103 640.137
-673.097 20.136
-670.091 -43.860
-659.723 -105.891
450.902 -308.858
-100.105 -589.859
46.900 -580.855
271.905 -504.867
114.901 -579.861
-416.094 -503.859
-107.103 693.150
-39.103 710.146
602.902 -106.864
-476.095 -514.857
-290.107 -625.850
595.897 269.146
270.900 -594.855
648.906 142.144
-416.097 664.144
463.911 -463.862
625.900 -188.861
-611.106 513.154
452.902 546.141
478.891 529.135
660.904 -99.864
279.902 -622.863
-773.097 -187.855
-388.096 700.137
579.899 440.141
-169.107 -732.858
407.892 643.138
634.905 -317.859
-157.100 818.145
-613.102 -538.855
-817.099 323.147
642.906 -382.862
482.774 -595.262
346.906 759.148
-296.097 -772.860
777.899 -15.863
642.907 -438.853
-727.091 -506.857
-509.103 -698.862
-60.093 -825.850
174.891 867.153
806.900 79.129
388.902 791.143
821.899 55.140
-734.098 616.140
821.903 -10.860
690.893 -436.862
-961.096 -39.856
-903.100 364.133
835.699 108.181
-184.114 -866.857
799.900 -267.860
-496.095 843.133
581.892 -619.854
280.901 883.137
383.908 -769.865
416.899 -750.858
-804.095 591.138
-861.109 512.138
796.901 388.140
-267.098 943.137
330.902 878.139
-1003.100 47.140
855.901 211.147
846.894 264.142
532.907 -706.862
-300.104 954.135
-702.106 740.133
-395.105 926.129
746.899 -466.852
-713.100 -678.859
272.900 -874.850
553.908 784.141
376.895 901.143
680.897 675.139
875.892 337.142
203.908 988.142
852.898 -352.853
628.897 -683.861
669.899 713.130
-1060.100 -106.860
-1052.100 236.135
920.896 -182.856
-253.093 1030.140
429.384 -858.864
-570.101 918.146
959.910 42.140
251.892 1008.130
-1052.100 -258.853
-332.099 -962.852
858.898 500.146
377.905 970.134
-559.740 945.575
977.903 22.140
-415.094 -954.866
-359.105 1038.150
105.892 -1012.850
864.900 539.146
607.908 -786.867
-741.096 849.139
806.904 -575.854
-1054.100 423.146
772.896 705.141
527.896 -864.861
-1067.110 -358.864
954.908 389.148
181.908 -1022.860
-613.104 967.147
82.893 -1045.850
1009.910 207.136
-1142.090 195.137
-772.098 864.140
1026.900 70.138
495.902 -906.864
1026.900 -42.857
-493.097 1041.140
661.898 -795.855
1026.910 -125.864
700.900 828.142
-803.099 -793.857
-743.095 -846.864
861.899 644.134
-10.113 -1078.870
1046.900 -64.856
-958.096 -644.865
0.772 -1091.190
955.902 511.144
464.896 1029.150
-230.085 1154.130
1069.910 -41.860
-214.099 1168.130
1064.890 233.142
684.888 902.138
-929.096 -727.862
-967.100 751.146
1053.900 -256.868
714.901 -821.860
112.903 1175.140
661.895 -874.870
-207.094 1187.140
-1068.100 -558.858
962.895 579.146
-1015.850 -640.507
-1016.090 -641.824
648.902 955.150
-73.094 -1141.870
850.907 767.140
462.899 -1021.850
1100.900 219.149
-941.101 -772.864
1103.900 -211.865
1084.900 -289.851
1105.860 -220.366
-1080.110 676.134
953.899 674.139
-1178.100 493.149
802.897 872.139
537.904 1084.140
-1284.100 0.133
251.897 -1148.860
172.897 -1170.860
-956.103 880.141
977.908 -620.849
1156.900 207.147
610.894 1068.140
914.903 803.145
781.892 -883.856
-1287.100 -231.860
1141.890 387.137
718.897 1018.140
-349.092 -1196.860
980.899 -677.852
969.895 758.144
879.891 872.152
1175.370 306.397
690.905 -988.856
1175.420 307.067
-1328.110 -108.863
-831.099 -984.850
1176.900 -267.856
-1342.110 93.128
1195.900 -201.859
751.902 -965.871
-1358.100 18.142
995.898 -715.868
1147.900 498.138
1233.900 -121.862
1186.910 -358.860
609.895 -1096.860
441.899 -1185.860
999.899 815.137
1038.900 759.140
1107.900 -582.856
1247.900 -167.867
700.907 -1052.870
1267.910 -56.863
-1302.100 -478.864
-1402.100 194.131
591.902 -1143.850
965.898 -837.863
1156.130 -564.924
-900.096 1107.140
1216.900 -427.860
1150.210 -585.298
1275.910 -222.855
1162.050 -566.642
1244.890 -357.860
-1234.100 748.134
-1438.100 25.126
-837.103 -1107.870
1310.890 89.135
1130.900 -663.862
-1352.100 541.133
1318.860 -6.864
1310.830 -144.284
1176.900 -588.864
1312.750 -142.826
-1438.710 -185.800
-1438.950 -185.213
1307.910 -194.853
-1056.100 -959.865
658.893 -1170.860
-1450.100 281.143
-1431.100 -317.846
1309.900 -310.855
-922.093 1162.150
-1123.110 -912.866
993.773 980.609
-948.094 1147.140
1305.900 430.135
1206.900 683.146
1342.900 -225.860
650.901 -1210.860
974.901 1021.150
814.789 1166.400
1357.890 -182.857
1154.900 805.138
1154.900 805.192
1347.900 -268.860
1001.900 1009.140
825.897 1177.140
1305.900 -492.857
1368.900 -287.863
-1153.100 -964.848
1375.900 356.137
1124.880 913.140
-1402.110 673.138
-977.098 -1138.850
1089.900 -901.861
-1482.110 -415.859
1381.890 -307.855
1018.900 -990.860
1305.900 619.140
1336.900 -488.863
1431.890 122.146
1080.900 -938.860
-1045.610 -1108.430
1317.900 -575.859
1288.910 707.142
-1391.100 767.139
1028.890 1082.140
989.904 -1058.850
1427.890 -259.860
1415.330 -320.739
1027.890 -1027.860
1448.890 -141.858
951.906 -1105.860
-1386.090 -734.860
1271.900 -711.859
1423.490 -324.759
1463.410 161.169
1461.900 179.139
1463.140 167.853
1412.900 -388.869
1028.900 -1056.850
1481.900 -33.864
1458.910 308.143
1212.890 -843.863
1080.900 1077.140
-1111.100 1188.130
1248.900 -807.861
1036.900 -1075.860
-1602.110 -271.863
-1476.100 -651.863
1114.900 -1012.860
1507.900 147.140
1513.900 108.135
1439.900 -490.876
1364.900 -670.863
1503.900 334.142
1343.900 790.144
1458.900 525.147
1537.900 40.138
1532.910 200.134
-1372.100 -927.857
1529.890 341.142
1567.890 12.144
1518.450 -374.366
1483.900 -495.869
1262.900 -925.857
-1565.090 708.140
1586.900 -74.861
1403.900 -740.853
-1240.090 -1164.860
1536.900 531.141
1440.900 -708.850
1513.890 -540.860
1432.910 -735.854
1257.900 -1020.850
1448.900 787.142
1489.900 -645.866
-1538.100 886.135
1196.890 -1122.860
1454.910 -755.866
1113.900 -1213.860
1426.900 -818.864
1466.900 846.137
1541.900 738.146
1221.900 -1182.870
1272.900 1202.130
1489.900 -853.862
1288.910 -1138.860
1519.890 -800.860
1585.900 -689.859
1485.900 984.140
-1616.100 986.143
1601.910 -740.862
1327.900 -1167.870
1562.890 -948.872
1563.900 1184.130
1551.900 -1173.870
