0.497 -0.501
39.503 28.504
25.498 45.505
-33.500 49.496
12.495 -72.498
70.496 72.500
-122.506 1.504
95.506 82.497
124.498 -77.507
184.498 13.498
73.498 173.495
144.500 141.494
225.504 7.503
201.499 120.502
-136.496 199.497
258.500 51.501
-15.501 -272.499
-109.499 268.497
-200.499 -210.505
-245.500 -165.507
46.504 310.496
-164.504 -280.501
-301.497 -155.507
-330.499 87.494
359.498 -28.503
-267.507 247.502
-349.502 -127.494
157.505 -374.495
-422.503 -3.498
-420.500 -75.499
9.497 -446.499
160.503 -439.505
455.507 163.503
-94.501 481.504
-440.496 -235.499
46.504 -507.506
77.494 511.500
-225.495 477.496
-390.504 -362.498
534.504 -32.494
541.498 115.496
457.493 321.502
323.502 -458.497
442.496 -345.503
-542.500 150.495
175.493 -537.498
434.502 361.497
-566.502 66.502
260.502 521.502
-508.495 -298.500
-113.493 579.494
-548.496 224.500
514.501 319.498
-508.501 343.501
564.497 -272.499
-569.500 263.505
614.498 -147.503
638.495 -90.500
126.505 637.507
-315.502 572.491
496.501 446.494
-653.491 -173.494
-568.497 -371.501
665.503 158.495
-126.502 677.498
-206.495 -663.501
-656.499 -235.498
-674.500 200.500
350.503 614.500
706.505 -77.498
582.498 415.504
-681.503 218.490
564.495 443.502
663.504 -289.497
351.503 636.499
499.505 -533.502
-218.504 -701.499
723.500 -157.504
-132.494 727.495
-739.499 15.502
-722.498 160.503
-740.497 -57.506
502.498 559.505
-242.502 -714.498
679.498 347.500
769.501 -8.501
595.499 489.499
-371.490 -681.497
247.504 738.504
780.496 -85.504
-533.495 575.506
370.500 694.501
659.500 440.501
598.495 -522.500
-709.496 372.495
-787.500 -151.505
-493.502 632.499
765.505 -244.501
-493.502 632.890
-730.502 -341.499
-668.497 450.500
674.502 -444.496
-780.496 -258.497
339.501 -756.500
698.506 -452.500
286.501 783.502
-87.501 829.495
696.507 463.488
359.505 756.497
722.500 -426.498
-834.496 131.506
-705.502 -467.498
115.507 -842.500
-763.499 -374.492
-263.503 -822.500
573.502 649.502
-675.499 -548.507
-780.500 -387.496
841.505 230.488
225.507 845.498
-753.501 448.497
56.496 -886.502
-880.496 -134.499
689.500 569.505
-802.497 -394.502
-564.496 -694.498
-548.498 -711.502
-868.499 265.503
911.499 102.501
-890.497 -257.504
790.509 -490.505
853.501 -372.501
335.497 871.502
816.501 455.506
355.507 -871.498
-895.793 293.103
-894.509 302.498
-514.500 798.497
723.502 -630.504
-649.499 716.502
-132.496 -961.490
60.501 -971.501
-973.496 -68.496
-845.504 -508.495
-492.498 854.500
770.497 -619.503
-709.501 689.503
770.498 -636.055
1007.500 41.490
-833.494 -566.502
234.491 982.498
-967.501 -305.498
-984.499 247.501
890.499 -498.505
-490.498 897.500
-994.500 -259.499
-514.495 890.495
-965.496 365.500
1033.500 68.501
235.501 1010.510
234.508 -1024.500
-227.497 1027.500
-249.504 1023.500
596.505 -876.500
601.501 878.501
-953.498 478.497
977.504 -431.506
-752.499 759.495
-1051.500 195.500
-79.502 1069.500
-643.495 858.498
-829.500 695.499
-536.506 940.502
219.501 1063.500
-154.500 -1076.500
-574.497 -929.505
-942.503 -552.494
-1091.500 -82.500
-684.505 859.504
662.496 877.500
-1032.490 377.506
-1100.500 -117.499
-223.505 -1085.500
764.499 -818.496
559.502 972.506
-1113.500 161.505
-257.497 -1097.500
677.495 -904.497
-442.498 -1043.510
-830.501 -787.506
-151.498 1137.510
115.502 -1143.500
1002.500 -564.502
-240.501 1128.500
812.498 -826.498
1154.500 -102.498
-1133.500 -248.503
699.491 -931.499
-1130.500 277.498
1145.490 -255.504
-1132.500 322.501
-896.510 -776.497
-611.498 1018.490
-730.499 943.509
-1087.500 -505.498
-412.496 -1137.500
-722.495 -970.498
-510.506 1096.500
1182.490 -281.500
-927.506 786.501
-164.504 -1209.500
715.505 -1003.510
-1027.510 686.504
-1211.500 -278.506
1243.500 -149.498
-330.503 -1208.500
-1242.500 272.499
-970.500 -826.496
1278.500 -14.498
-764.501 1023.500
860.505 962.491
-1288.770 117.049
1161.500 573.502
699.499 1092.500
1246.510 370.497
-1281.500 225.504
-1295.500 133.497
-1322.500 94.501
-1320.500 147.503
-1280.500 383.502
-1266.510 434.493
1327.500 185.496
-1322.920 212.266
-936.500 958.494
-867.501 1023.500
-1335.500 134.503
-1333.500 -155.500
-655.507 -1174.500
-1346.510 8.493
-604.496 -1207.500
-1334.530 204.369
-1334.760 204.370
-1354.010 54.584
-1354.230 56.799
1255.500 -516.497
-1353.500 117.497
956.498 -967.501
-827.501 -1079.500
1359.490 134.507
942.504 990.502
-1332.500 -322.503
-853.496 1073.500
1310.500 -424.501
668.499 -1205.500
-900.496 -1044.500
-1157.490 756.498
-1304.500 479.498
1111.500 -849.489
1393.490 203.499
-1404.500 -129.501
-1385.490 303.497
1389.500 306.510
1112.500 -893.498
-1020.500 -1011.490
1358.500 -494.505
-1434.500 -182.496
-1411.500 -334.503
-1450.500 26.498
1446.500 -144.495
1445.500 -169.500
904.507 1150.500
-852.500 -1191.500
-1175.500 -874.504
1410.500 418.500
1003.500 -1076.490
-1469.500 111.502
1031.500 -1055.500
-962.495 -1118.510
-1199.500 -859.494
-1384.510 528.505
1400.500 -489.494
1022.500 -1077.500
1197.500 -890.498
-1201.500 -884.504
920.501 1175.510
1475.500 -347.496
-1340.500 713.493
-1091.490 -1061.500
1521.500 143.499
1166.490 -990.499
-1007.500 -1164.510
972.497 1199.500
-1267.500 -887.499
-1287.500 861.499
-1347.500 -809.493
-1505.500 -483.504
-1283.510 -930.502
-1458.500 -652.500
-1131.490 -1147.490
1562.500 -419.493
1411.490 793.503
-1618.500 75.505
-1589.510 321.512
-1581.500 373.496
1561.500 466.497
-1253.500 1098.500
-1219.990 1142.940
-1221.500 1148.500
1579.500 566.503
-1590.500 605.499
-1471.500 -873.496
1483.500 870.505
1578.490 -724.505
-1459.500 944.495
1612.500 -661.503
-1595.500 764.498
1536.500 -895.501
-1341.500 -1171.500
1452.500 -1033.500
-1389.490 1119.490
-1510.500 973.502
1616.510 -788.497
-1598.500 840.507
-1388.500 -1159.500
1367.510 -1207.500
-1585.490 -905.497
-1563.500 -985.495
-1588.500 993.497
-1566.500 -1165.500
-1599.500 -1162.500
