-1.563 0.016
-50.508 64.492
107.494 8.505
80.500 -97.492
-68.503 133.500
23.498 148.493
-7.496 151.495
-19.499 -177.504
14.964 180.420
182.508 76.501
-153.498 -129.495
17.546 206.877
17.125 206.957
17.404 207.788
124.502 -182.498
-227.497 -34.499
50.500 -225.501
11.504 238.501
-103.491 -231.506
-203.501 -153.498
-183.506 184.503
-261.503 -13.500
-260.510 63.498
-140.501 231.502
289.499 -24.509
259.499 -134.500
98.496 -278.503
170.502 253.502
229.497 -204.501
-157.504 289.505
209.507 -259.500
250.502 -246.496
154.504 316.500
349.501 -40.505
46.500 -354.499
364.503 -14.502
-290.506 233.501
-257.494 289.508
392.499 -20.500
172.506 -359.507
271.499 306.494
411.495 55.502
-433.552 -35.473
-189.489 397.501
-448.498 18.502
-455.502 55.498
-74.497 -454.494
-421.496 -193.507
-334.504 -328.503
464.501 82.500
392.597 264.024
217.495 421.501
395.066 263.404
-285.505 -390.499
482.499 -16.507
286.495 390.497
-488.488 49.498
429.499 -234.504
-171.495 -467.495
-206.499 462.500
-471.502 209.498
-89.500 515.498
504.495 141.502
369.048 -375.611
369.276 -376.173
249.499 465.503
-529.500 -52.500
-389.503 365.504
150.503 525.507
528.500 144.504
549.501 -1.495
-304.503 463.496
356.502 431.501
-357.496 -439.497
-86.496 559.496
535.504 178.500
333.506 -460.500
-549.493 -158.496
-430.502 -394.499
591.501 -64.492
253.496 -542.496
590.778 -105.255
-244.494 -552.500
598.855 -100.075
595.494 -123.499
42.495 608.503
-237.494 564.501
-422.495 -444.509
616.494 -117.500
-424.500 -468.503
89.495 -624.919
89.513 -625.019
585.493 234.499
-612.497 -166.499
584.499 -259.500
639.502 4.498
-255.497 595.498
-647.508 -109.497
-278.499 594.506
552.492 358.498
-239.502 -618.499
-664.494 29.501
305.501 592.499
256.498 623.507
-337.501 -590.498
-391.491 567.498
376.496 579.497
-688.507 -101.503
-686.497 118.504
433.499 -545.494
-583.500 -389.498
348.498 607.501
332.504 -616.500
707.500 -30.503
-659.498 284.506
290.501 -655.504
-611.503 379.504
55.501 -720.496
721.500 -21.499
-479.495 -543.500
-720.499 -110.495
650.505 334.502
-700.498 223.502
-60.502 734.510
49.497 735.497
-722.504 172.503
75.496 739.496
-349.494 -661.494
597.502 -450.504
711.500 243.507
263.498 708.496
-658.500 376.502
-500.508 571.502
-296.502 -700.500
384.500 -655.503
-655.495 404.499
731.501 247.500
-535.500 -562.498
-623.499 -478.491
443.500 -661.504
-583.501 -545.502
388.495 705.494
51.498 808.509
662.500 465.495
711.501 -388.501
-620.503 -533.497
696.502 -425.506
-823.498 28.500
723.002 391.494
-263.502 782.497
-820.500 127.499
773.499 -294.497
827.497 37.502
-289.510 778.500
-815.505 175.496
-487.502 -677.500
-227.502 -804.499
-777.501 -334.500
773.499 -337.499
-595.496 -609.498
-517.504 -679.504
-693.504 504.506
816.500 -270.498
18.498 -861.502
850.505 140.501
-864.503 41.499
-640.759 -582.609
-836.506 228.502
-648.258 -579.203
-675.504 -553.504
-282.502 827.494
-230.499 847.501
579.499 658.500
-775.499 421.500
39.504 880.494
379.499 -796.495
337.501 -815.501
-885.500 15.502
881.499 46.499
-480.506 749.505
-858.505 241.498
252.501 856.498
-116.498 -886.499
324.495 832.497
892.501 26.499
-651.497 -619.497
799.501 408.492
227.500 871.498
819.505 -387.506
-811.495 -413.499
421.506 805.495
-464.492 785.501
-278.499 875.500
-876.499 283.506
-655.501 -647.502
906.503 172.501
924.499 -61.500
-325.499 -875.500
-591.497 -724.502
-840.494 -413.493
-741.504 580.503
223.501 916.498
207.501 921.497
-557.499 764.501
144.498 934.496
799.501 505.494
-738.499 599.500
935.493 217.498
877.498 399.498
-825.489 -507.497
-772.499 586.496
-867.498 437.504
597.501 -766.495
-520.950 -822.737
909.504 346.493
75.502 973.505
959.504 173.502
5.492 981.497
-526.395 -829.764
769.500 609.499
-441.504 879.507
-971.497 168.502
844.453 512.565
844.225 513.151
922.504 -358.509
-156.499 979.503
807.505 574.501
947.500 -292.500
-928.497 369.500
-965.493 260.498
771.495 -635.502
-296.500 -961.502
803.755 -606.339
-41.474 1008.960
-123.504 -1002.500
981.498 -237.497
810.666 -603.358
-43.457 1012.310
-892.499 486.505
-472.502 -899.502
772.504 661.500
199.496 1000.500
1017.500 -111.510
-634.507 -807.494
-986.501 292.500
-249.502 997.493
-549.503 -876.498
-817.500 -637.504
-164.496 1025.500
953.502 407.497
-1005.500 -274.496
-816.503 647.493
-1023.500 -198.502
-22.505 1042.500
-293.506 1005.500
949.501 -438.500
338.494 -993.506
1048.490 -102.499
-333.501 1003.500
807.497 -685.493
1025.500 -276.500
-899.503 584.501
-1073.500 158.496
-854.504 -669.496
877.501 635.499
-849.499 677.509
1071.500 185.502
-1030.500 361.505
-252.500 -1062.500
-693.496 -845.500
1061.500 255.498
-1020.500 413.503
167.500 1088.500
196.491 -1089.500
915.499 -621.502
-766.499 813.501
-679.501 -889.503
1077.490 299.501
1120.500 56.508
1032.500 461.497
229.499 -1109.500
1041.650 454.258
-1123.500 -208.496
-1137.510 -112.502
590.501 982.494
1002.500 566.506
-962.501 652.494
194.502 1146.510
-871.501 -781.500
-1078.500 458.504
-1164.500 172.504
237.499 1153.500
1015.500 615.500
-1199.500 -30.499
-1105.500 -466.503
-138.495 1191.500
-839.501 -858.497
1089.500 -499.500
-367.476 1147.860
1121.490 440.503
-275.503 -1176.510
970.502 -721.507
371.506 1152.500
-362.506 1161.500
-727.504 981.501
-1221.500 -54.497
-635.503 -1050.500
-1147.510 -450.496
972.503 -757.504
-1217.490 216.507
1223.500 181.502
-881.489 -875.497
571.878 -1104.970
572.197 -1108.800
-1058.500 665.499
-716.499 -1033.500
-882.499 898.499
995.499 -772.497
1250.500 177.501
-1220.510 -340.509
999.500 -790.499
-957.501 -846.500
659.500 1093.500
918.494 888.497
1200.500 437.498
-1100.500 680.498
-1281.500 210.496
-1297.900 71.648
-587.497 1159.510
1277.500 250.496
-633.501 1146.500
1183.500 -557.505
-1128.510 -670.498
-1312.500 75.496
-1269.490 -352.504
-963.499 908.499
-1323.500 132.511
-1170.490 641.481
-1241.510 -490.498
-1290.500 349.493
1281.500 -372.498
-1174.230 646.259
-1264.500 449.490
-1276.500 418.508
1285.490 380.504
809.492 -1070.510
949.504 950.505
1335.500 204.505
1273.500 455.502
-1096.500 796.504
1031.500 876.499
-681.500 -1176.510
944.499 -980.499
1127.500 -763.498
1327.500 331.503
1351.500 258.497
1250.510 -574.500
-853.503 -1083.500
1305.510 -478.502
-1251.500 626.496
1024.500 951.493
1100.490 -863.498
-1367.500 -312.499
1249.510 636.495
-987.502 -1003.500
-1377.510 306.504
-1121.500 869.498
1259.510 656.501
-1160.500 832.502
1065.500 -953.495
-1262.500 679.502
-1020.500 -1013.500
-1290.480 643.544
1435.500 -103.499
-1289.590 645.772
-1067.500 976.512
1437.500 -169.497
-1051.500 -1004.500
1278.500 -689.500
-1211.700 -812.478
-1222.500 -804.505
-1377.500 -498.502
1415.500 -379.499
-1422.490 -373.498
1297.500 -706.501
1343.510 636.500
-977.500 -1124.500
-1435.510 -402.500
1219.490 -853.501
-1017.500 1093.490
1341.500 656.495
-1452.510 373.495
-1346.510 662.503
1373.500 -613.506
-1401.510 561.501
-1449.500 -425.493
-1194.500 925.499
1203.500 -910.499
-1339.500 711.505
1241.490 -869.497
1447.500 455.497
-1471.500 -431.501
1127.500 -1036.500
-1450.500 -504.500
1522.490 179.500
-1135.490 1042.490
-1517.500 304.505
-1395.500 -682.503
1538.500 -267.498
1436.500 620.495
-1552.490 265.499
-1569.500 141.507
-1487.500 527.497
-1517.500 -446.507
1471.500 -572.501
1109.500 1127.500
1488.500 -543.488
1486.500 -574.502
1540.500 -433.499
1430.500 729.494
-1515.500 -555.499
-1619.490 -154.499
1151.500 1146.500
1458.500 -719.504
1374.500 877.499
1497.500 -649.497
1534.500 -571.491
-1209.500 1116.500
1574.500 478.499
1221.500 1114.500
-1242.500 1122.500
-1358.490 -995.496
1278.080 -1094.610
-1599.500 539.498
1555.500 -652.499
1319.510 -1071.500
1559.500 -679.497
1333.140 -1070.530
-1525.490 780.500
-1579.500 758.497
-1552.500 859.497
-1540.500 897.501
1533.500 935.506
-1561.490 899.497
-1402.500 1138.510
-1589.500 901.499
-1410.500 1188.500
-1595.610 -976.346
-1526.490 1092.490
-1500.490 1153.510
-1610.500 1123.500
