1.015 1.560
1.056 1.970
-1.498 -19.507
21.545 13.486
23.501 -11.501
-24.503 15.498
35.511 5.954
-1.500 57.498
-21.498 58.497
-58.491 -39.503
61.504 51.501
83.492 -27.499
-53.792 -72.005
-90.499 40.494
-63.328 -75.413
-34.497 -93.499
-99.501 15.497
24.498 105.502
111.588 -3.322
-74.502 88.505
121.115 2.233
122.002 3.065
-98.500 90.497
4.499 137.496
-40.503 -146.501
0.501 -153.501
-91.504 -132.503
112.502 162.496
134.505 176.495
-11.503 225.494
-238.503 35.500
-56.498 -238.505
107.502 -226.497
-224.496 119.502
-126.499 -220.504
-102.497 -246.497
-6.510 -269.494
-217.503 -175.500
204.497 198.494
276.506 75.503
84.501 274.501
186.494 226.493
-113.497 -267.490
256.495 -142.498
-99.846 -277.186
-36.039 -299.660
-53.502 308.495
313.491 36.494
-162.497 282.497
-24.516 -327.224
327.500 -64.500
-313.497 -110.505
-19.252 -331.751
322.502 109.497
-24.503 350.501
351.505 59.505
-170.501 318.500
-323.492 161.505
85.508 -353.500
-151.499 336.502
149.498 -335.499
307.502 209.499
-262.401 -293.729
127.500 384.510
-403.497 -72.503
311.499 271.498
414.500 15.497
-313.494 281.503
262.499 332.495
-175.502 392.499
439.503 -141.499
-290.498 368.504
-66.500 -462.498
474.501 3.500
383.503 -280.503
-352.509 -318.501
-266.504 -393.507
-91.502 470.496
440.499 -227.493
314.499 385.501
256.504 426.498
496.495 -19.506
-348.500 -351.503
69.504 496.501
319.499 -391.499
-472.497 222.496
438.500 -289.500
-430.507 -311.498
-204.505 499.498
-193.497 -506.498
321.494 -445.501
-90.497 -547.501
-495.504 -251.500
484.504 281.499
-523.502 -193.502
274.501 492.496
-302.502 476.500
-445.503 -369.498
470.503 346.495
-295.500 503.504
-435.250 -400.543
-435.240 -400.623
562.500 204.509
433.496 -414.502
-376.499 473.499
-456.434 -402.209
-238.494 -563.498
-467.039 -396.753
-437.508 448.501
133.494 -612.495
62.506 -627.498
-483.499 -407.027
-477.304 -414.987
-419.495 -473.505
-473.712 -421.108
-482.134 -411.979
-476.175 -419.844
257.503 -582.500
642.497 -94.505
-476.358 -437.931
566.506 -318.500
-232.499 -633.508
673.498 -125.503
688.502 -23.494
-678.506 126.497
686.496 -90.503
-294.495 633.495
-515.497 471.499
3.495 705.495
308.137 647.131
315.283 648.838
-689.501 204.503
722.504 -1.504
641.501 344.505
110.497 724.498
-668.495 302.499
663.500 -320.505
737.487 -86.498
-600.503 -433.498
441.515 -602.494
731.500 -161.501
-28.498 -752.498
564.499 509.501
747.508 -160.498
769.500 47.509
-729.507 -263.500
44.508 777.499
371.505 686.508
-735.503 282.500
213.510 -758.508
-749.502 -262.497
796.500 -90.488
328.496 750.495
-766.493 -284.500
691.495 446.500
-353.501 -743.506
670.496 -481.505
-767.502 316.509
553.503 625.499
785.501 -293.498
803.500 251.440
803.506 262.496
458.499 712.509
213.497 -817.503
801.501 284.503
-317.504 791.496
-716.501 -458.500
851.498 -70.498
-596.498 620.503
746.496 -434.501
-365.502 -788.502
828.501 292.496
-44.684 -883.709
-185.507 -866.492
-45.015 -887.088
672.499 589.497
-843.506 -287.501
764.501 464.504
563.503 -693.500
629.499 638.504
623.498 -651.499
292.501 -852.504
117.499 903.503
-889.499 -225.502
-332.497 858.502
-87.507 -914.499
923.488 -41.498
851.501 380.493
922.501 -137.501
935.506 24.498
55.497 942.497
-469.495 -818.493
945.500 53.501
725.500 611.502
-729.497 -606.498
-411.504 -855.504
753.499 -582.494
-937.500 164.502
788.502 -534.505
102.500 950.504
-758.495 -582.500
-540.499 793.501
917.498 -295.506
626.499 -734.492
217.502 945.503
-56.506 972.502
703.505 675.495
978.500 29.503
489.493 -846.501
975.496 113.497
595.504 -779.497
781.497 599.496
-986.497 94.493
-642.501 757.501
957.502 273.494
-384.506 -919.492
819.505 574.500
-548.499 839.500
972.498 -251.500
1004.510 34.492
-334.500 -953.493
-745.499 -683.501
-836.500 586.496
770.500 678.505
-427.497 933.502
905.503 -483.495
516.498 -886.501
997.503 253.493
-485.497 -908.497
995.500 -275.496
-938.495 429.492
1005.500 -249.501
721.503 745.499
671.122 793.415
-307.500 -990.500
882.498 554.502
463.494 934.493
767.493 -703.494
-847.496 -605.495
697.505 781.505
524.493 -907.502
1014.500 -272.502
-861.504 601.502
544.501 905.501
493.507 -933.499
530.961 -915.835
240.505 -1037.500
-938.500 -514.497
988.498 429.496
754.494 -768.508
710.502 819.500
680.502 -847.505
-1036.500 -325.500
-1054.500 -293.494
211.500 -1078.500
1097.500 95.500
-1090.500 -162.501
259.501 1075.500
359.503 1049.500
314.496 1064.500
-796.503 -770.504
-1095.430 -176.023
1004.500 -482.503
1084.500 266.500
-869.496 -704.502
-637.499 -920.499
772.498 -817.504
910.493 -661.499
128.497 -1117.500
807.500 788.495
-206.502 -1106.500
-372.496 1069.510
491.501 1021.500
516.496 1011.500
73.503 1134.500
610.078 -956.966
-974.500 -583.502
611.975 -958.335
780.498 830.499
-456.504 -1040.500
-1097.490 306.501
-680.500 -912.503
1079.500 375.495
1079.500 375.888
940.501 -647.502
1115.500 -261.501
716.497 900.495
305.498 -1108.500
1118.500 -285.496
-774.493 -854.505
-452.501 1064.500
1007.500 -572.502
-207.498 1142.490
507.496 1045.500
-584.500 -1002.510
939.502 692.493
-226.505 1147.500
1165.500 147.497
-1173.500 -19.499
831.496 834.501
-94.489 1183.500
822.502 857.500
1100.500 -446.500
1164.500 253.504
926.494 753.503
-162.501 1185.510
678.492 -984.501
-1188.500 -144.498
1202.500 -16.497
868.502 836.498
-1193.510 -188.502
-488.499 -1106.500
-741.502 -959.504
-892.498 830.494
-1088.420 554.238
-610.505 1059.500
-1089.500 559.502
312.504 -1193.500
428.495 1161.500
574.496 1100.490
449.498 -1158.510
1177.490 -402.494
930.496 832.500
570.494 -1114.490
-632.505 1083.500
1253.490 -94.500
1173.500 -450.506
1227.510 -283.492
1263.490 35.498
1074.500 670.501
1266.500 5.497
-1068.510 679.500
-1266.500 -41.498
-1145.510 -545.505
935.502 -867.506
933.499 877.499
-1280.500 108.497
909.502 913.502
-971.500 845.497
1274.510 -190.505
-743.498 1055.500
-1117.500 -651.501
1270.500 -256.505
1187.500 -523.496
-1264.500 -289.496
1300.500 -100.495
641.500 1146.500
1313.500 18.509
1229.500 473.502
-1296.510 230.501
1245.510 -431.501
1013.500 -847.498
1333.010 88.437
-998.503 -883.512
925.502 967.497
1343.500 99.503
-645.500 1184.500
1237.500 541.500
1351.500 -13.498
876.378 1038.960
-1298.500 -398.498
-1130.500 -762.500
1377.500 -31.499
876.512 1070.010
-1196.500 -691.505
1173.500 739.501
1371.500 221.506
-1399.500 97.500
-1236.500 -664.500
878.891 1101.110
878.747 1101.540
731.504 1204.500
827.504 1143.500
899.278 1107.330
904.601 1104.230
-1327.500 520.497
1354.490 -451.499
-958.501 -1057.500
1430.500 74.496
1199.500 -804.503
838.504 1178.500
1380.500 431.506
856.499 -1167.510
1307.500 630.498
1055.500 999.506
1454.500 -44.500
-948.496 1110.500
928.497 1139.500
1383.490 -502.499
-1435.500 350.495
-1164.500 919.497
1411.500 483.503
1136.500 -969.500
-1368.510 600.495
1457.500 -344.505
-1047.490 -1071.500
935.501 1176.500
-1451.490 396.503
-1180.500 938.499
-1385.490 -594.495
990.491 1154.500
954.500 -1186.500
-1462.500 466.497
1215.500 944.499
1159.500 1032.500
1515.500 367.504
-1085.500 1126.500
-1217.500 992.499
1570.500 131.510
1580.510 -30.498
1577.290 114.915
-1558.500 301.503
1515.500 506.494
-1591.500 179.498
-1372.920 -853.239
-1380.510 -844.497
1621.500 -161.497
1360.500 -902.498
1431.500 798.500
-1448.510 763.501
1117.500 1202.500
-1609.500 -340.494
-1429.500 822.502
-1240.500 -1101.500
1323.500 1011.500
1473.500 -788.498
-1371.490 -966.502
-1558.500 651.502
-1278.500 -1103.490
1586.510 599.494
-1596.500 -630.507
-1515.500 -820.499
-1588.500 -671.502
1393.500 -1027.500
1508.490 -854.495
1531.490 -818.498
1432.500 988.497
1305.500 1162.510
1405.500 1042.500
-1274.500 -1199.490
-1587.500 768.499
1609.500 750.497
1450.500 1038.500
1588.500 824.500
-1576.500 844.498
1522.500 942.503
1615.500 784.503
1559.500 898.506
-1507.500 983.506
1467.510 1059.500
1597.490 -878.498
1617.500 857.495
1412.490 1170.500
1420.180 1162.450
-1591.500 -940.499
1469.500 1143.500
-1486.500 -1124.500
-1510.510 -1102.490
-1487.500 -1148.510
