0.503 -0.495
-20.501 -59.502
10.505 -78.504
32.491 -72.492
-26.500 -87.501
108.496 -8.502
6.489 131.503
-30.497 147.501
-32.500 -150.488
161.498 43.498
82.500 147.506
-179.501 -79.502
-166.974 119.630
151.497 140.498
-94.497 -184.499
-167.500 128.505
-146.497 158.499
-171.501 149.504
206.495 -103.504
-24.501 -241.499
-142.498 -209.506
-219.504 -130.497
253.496 -51.500
68.497 248.498
68.497 248.891
258.493 -78.498
-134.494 242.497
-197.495 -210.505
-249.508 -155.493
-16.497 294.501
295.506 -62.504
307.307 2.842
256.506 -170.501
313.501 12.505
-245.499 -220.497
-182.918 -281.609
329.506 -89.499
295.500 -172.495
59.500 -339.503
30.494 -344.503
-196.494 -284.500
324.501 122.501
-254.502 -255.503
351.496 -102.504
69.502 -359.506
-286.504 -228.496
52.494 -364.505
155.493 -338.501
282.495 -256.506
-326.497 198.504
385.494 -4.504
-220.498 318.490
185.496 342.497
-14.500 -392.501
160.501 -359.503
-390.499 57.497
-288.499 298.502
284.504 -316.501
-121.506 407.501
251.496 -345.510
414.497 -108.499
-134.504 -406.501
312.502 309.497
186.504 403.497
-180.495 424.502
-435.506 -169.500
-459.501 -148.494
333.503 355.499
-473.501 128.493
489.505 54.499
493.989 45.165
426.501 257.506
-217.496 447.500
-246.492 -447.503
220.501 -461.501
511.508 -86.506
37.501 516.496
-493.499 192.503
-270.501 457.498
159.505 -511.495
236.501 483.493
-520.496 -142.492
-318.498 435.503
-82.495 536.495
-415.498 355.496
222.502 -506.490
280.501 -479.494
413.500 379.505
79.506 -558.499
-481.503 -297.497
-157.499 -548.505
-340.504 -458.503
-234.508 521.492
-8.505 -573.493
519.500 243.506
444.494 -376.499
588.500 -33.502
555.500 -197.497
115.499 580.496
-588.501 -103.499
-296.507 518.499
-99.505 592.499
-364.501 481.505
-473.498 -383.498
371.500 -484.499
240.502 -572.500
611.500 115.503
-622.499 -55.504
517.506 364.498
-625.499 -129.500
639.496 -48.503
-436.503 468.499
-602.506 -231.495
-225.504 -605.500
-110.491 -639.503
-646.510 45.499
-470.497 -446.505
89.502 -643.509
-285.495 584.511
460.501 461.495
655.500 -33.499
-648.508 107.504
-210.495 624.501
399.499 -526.494
607.504 -262.494
-102.500 665.499
-667.503 -93.502
-525.500 -444.496
-159.499 669.501
-311.501 618.502
-655.495 223.503
-191.501 667.505
683.496 176.498
-138.501 -692.506
-238.493 664.504
321.498 632.498
-103.501 706.498
-336.881 630.419
-202.501 689.502
717.499 -62.495
-302.502 655.502
695.496 202.501
-704.496 166.499
37.501 -726.499
701.490 -198.499
-463.503 -573.499
-669.500 -319.500
12.500 -743.505
-128.498 740.504
464.499 591.500
-754.506 26.496
-719.492 262.504
-536.503 552.498
770.500 -54.500
133.500 763.499
465.506 620.500
661.488 407.501
-775.505 53.499
-705.499 329.493
763.498 182.501
442.492 654.495
-304.501 731.500
563.492 560.501
-119.501 789.509
803.500 102.497
-581.499 -567.497
-622.502 524.505
-114.498 -808.513
-7.497 816.501
-255.498 -781.500
461.501 682.499
-827.501 -1.496
413.500 718.504
-676.603 487.697
-683.847 485.347
78.506 842.492
-826.602 -182.938
380.501 756.498
-575.501 -622.501
703.498 -475.495
215.499 820.495
-828.137 -184.981
-850.499 -18.501
829.496 -203.496
305.503 797.506
-837.920 -191.474
638.506 580.499
548.499 668.499
719.503 482.495
857.495 -168.498
-169.083 856.970
-468.503 738.499
275.507 -832.502
604.495 -635.500
-853.497 212.499
-438.505 -763.495
-120.498 -875.496
856.504 -235.500
-310.498 -834.503
279.510 845.506
891.503 47.496
-865.497 -219.498
-672.499 588.492
-890.505 96.506
315.496 840.502
-245.495 -864.506
-171.993 886.004
703.499 -568.500
894.490 138.501
-897.499 -138.492
120.499 -904.501
497.493 -773.496
327.505 858.500
-99.503 -920.506
-822.499 -425.501
-149.419 916.242
-172.106 914.107
-172.253 914.541
-155.698 918.939
924.497 134.495
-767.498 -535.497
-919.507 -190.495
53.507 -938.499
-551.500 767.498
-942.501 -85.505
-271.502 -914.500
932.499 -205.498
859.501 419.503
-938.448 -183.028
-130.500 947.496
-934.496 -209.507
545.501 -791.497
-77.497 958.497
860.495 -432.497
-968.501 -53.495
188.498 953.496
-967.501 -138.501
484.497 851.500
-960.504 -197.021
-960.504 -197.436
-222.500 955.504
530.501 -827.504
-505.497 841.502
-926.499 326.500
-183.507 -966.502
321.504 930.504
960.498 219.495
-960.504 -220.498
417.504 -895.502
281.003 948.994
-127.500 981.503
736.492 -663.504
273.499 955.503
767.495 632.502
-993.501 37.501
28.511 996.501
737.502 673.499
-630.504 -775.508
-990.499 -139.495
-530.506 852.498
-835.499 -562.505
-990.500 -185.501
-215.496 987.501
-947.508 -362.500
-517.499 874.506
995.496 -223.498
866.502 -539.501
961.504 349.503
237.502 -998.504
1028.500 -20.498
824.503 -615.505
602.498 -835.505
-455.500 925.510
-1018.500 169.499
-992.504 -303.501
752.503 723.499
-395.493 965.502
-1012.910 -280.759
816.501 663.498
-1024.490 -247.501
-1048.500 123.501
-995.495 -360.504
-1053.500 -112.501
596.498 877.502
543.502 911.505
-901.499 561.501
-946.503 -487.500
-316.500 1016.500
-1027.500 -287.498
1022.500 309.499
-368.497 -1004.500
1062.510 188.492
38.512 1079.500
-1067.500 -165.502
1054.500 -249.495
385.498 1014.500
-1080.510 -112.496
-338.498 -1039.500
-1076.500 -193.502
500.499 973.505
-325.496 1049.490
455.504 -1004.500
-951.570 -557.979
-1004.500 -461.497
-666.492 882.501
-328.491 -1058.500
-976.500 -524.078
-976.500 -524.180
-962.504 -551.494
-1054.500 -351.506
-321.274 -1065.350
-16.500 1114.500
126.497 1107.500
-172.501 -1103.500
-240.693 -1090.700
-238.392 -1091.680
830.498 751.492
-804.497 783.504
-760.494 -829.492
-437.501 1040.500
-437.501 1040.890
333.492 1080.500
947.498 -628.494
-1105.500 291.500
1123.500 227.500
-712.504 899.501
-356.493 -1092.510
-1017.500 541.501
1067.500 439.497
-977.497 615.502
-1056.500 -477.500
-604.495 989.496
-20.504 1162.510
377.504 1100.510
207.491 1146.500
-1051.500 -509.497
542.496 1035.510
1171.500 -9.498
-660.492 -968.496
-1163.500 146.505
-908.504 744.501
-1171.500 87.490
1085.510 -455.505
162.504 1165.500
-1087.500 -451.501
1054.500 -531.497
-1068.500 -501.499
972.495 -672.506
-509.378 1072.680
-516.924 1069.510
-1184.500 125.496
-770.504 912.509
-569.504 -1051.500
-305.495 1155.500
1193.490 112.492
-837.497 -859.496
922.504 -770.496
816.496 -887.492
-1197.500 205.502
1047.330 625.884
-928.499 791.498
-997.502 -705.500
645.494 -1038.490
-656.504 -1031.500
1050.500 629.493
1219.500 162.498
1236.500 -33.499
-1232.500 -93.510
1230.500 128.500
1152.500 -455.500
1092.500 -589.511
-1241.500 -186.490
-979.496 785.493
943.502 830.505
1239.500 231.499
1156.500 -519.499
-1198.500 -415.500
1235.490 -299.499
-1239.500 318.499
972.492 -835.494
1081.500 -700.503
1267.500 -237.506
678.495 1096.500
-1017.500 -802.504
675.500 -1119.500
936.506 911.494
903.500 -952.503
964.501 890.498
753.504 1089.510
-633.497 1163.500
724.500 -1111.490
1190.500 593.498
1044.510 832.506
-1331.500 172.498
-1353.510 75.496
-1354.500 -57.501
-1241.870 -553.179
-1242.060 -553.326
-840.500 1073.500
-1320.510 -357.492
1081.500 -842.496
744.499 1152.500
-928.494 -1013.500
-1106.510 818.499
1337.490 -345.500
-1141.500 -777.500
-975.496 980.495
-1355.500 289.499
-1349.500 319.501
1095.330 -853.322
1369.490 282.501
1334.500 422.504
1396.490 -167.504
-1239.500 -664.505
983.499 -1007.500
926.489 1062.490
1350.500 417.489
1327.500 497.495
-1358.500 460.496
825.500 -1177.500
1142.330 -876.541
1145.290 -872.683
-977.500 1064.500
1414.500 313.497
1415.000 313.867
1418.520 313.498
-1190.500 -849.503
1292.500 -694.503
-1434.490 -326.502
-1446.510 282.503
-1350.500 -595.500
-980.509 1107.500
1481.500 9.503
1426.510 -404.502
-1343.500 -632.502
1231.500 -832.499
1308.500 707.499
-935.529 -1159.740
-936.003 -1164.570
-1177.490 -925.503
1458.500 400.504
-1399.500 630.506
1362.500 -719.500
-1520.490 252.502
1229.510 936.497
-1547.500 -2.496
1114.500 -1085.500
-982.499 -1205.500
-1168.500 1038.500
1348.500 -794.502
-1449.500 -600.498
-1423.500 703.500
1195.500 -1057.490
-1463.500 -669.509
-1448.240 -703.533
-1448.230 -703.612
-1101.500 -1175.500
1182.500 -1108.500
-1421.500 -783.494
-1247.500 1044.500
-1537.510 -542.499
1607.500 -282.501
1316.500 -965.495
-1471.500 -710.496
1349.500 -923.500
1556.500 -503.503
-1296.490 1002.500
1136.500 1185.500
-1489.510 -704.497
-1578.500 -480.499
-1319.500 1008.490
-1494.530 -729.895
-1494.110 -733.543
1444.510 835.506
-1501.120 -732.007
-1508.500 -718.503
-1508.000 -722.713
-1499.500 -758.500
1344.500 1033.500
-1316.510 -1077.500
1471.500 -880.497
-1323.500 1121.500
-1546.500 786.504
-1327.500 -1131.500
-1276.500 1204.500
-1489.500 931.493
1395.510 1115.510
1590.500 -828.493
1380.500 1169.500
1362.500 1202.500
-1588.500 930.498
1525.510 1082.500
1607.500 -977.504
-1456.500 -1192.500
1603.510 1000.500
1546.500 1168.500
