-2.157 2.960
-10.499 13.506
-71.497 -37.502
78.498 36.495
101.495 63.499
152.498 -76.499
171.497 50.498
-94.500 -168.498
-166.507 -118.506
-71.505 -192.501
226.500 -62.502
-43.502 241.498
-199.506 -169.504
-164.505 211.501
270.501 176.499
-326.498 -67.503
-307.506 134.503
-172.505 -301.497
-272.499 -228.504
-144.497 335.492
-107.499 -354.495
123.499 -365.499
-269.495 305.500
-385.497 146.495
397.505 -104.502
-288.502 -310.504
434.504 34.497
-13.504 -450.506
420.981 180.502
387.507 265.498
-70.494 468.502
75.498 468.506
-414.498 -230.499
142.502 464.502
478.495 133.505
421.498 281.502
302.501 412.495
-259.505 445.506
295.500 439.500
33.497 -525.498
35.502 533.505
-88.504 528.501
492.504 -205.494
514.497 169.502
226.497 -490.499
539.498 -77.495
215.999 -501.572
561.505 -38.503
2.505 -562.494
-372.502 -470.496
585.502 -137.491
305.506 528.498
597.498 -104.500
-475.502 389.498
581.492 -203.500
488.508 -376.499
18.493 -619.502
-241.503 578.500
539.502 315.501
-599.505 -185.495
-225.496 -587.498
300.506 557.501
226.490 593.501
536.023 -334.798
525.654 -353.241
538.754 -338.279
-599.503 -226.506
533.833 -357.209
-25.503 -642.495
601.502 236.496
-125.497 643.500
581.503 -289.500
652.503 -6.497
-643.493 -131.503
652.507 49.495
640.507 152.500
-635.495 -184.494
505.380 426.627
505.040 427.203
-202.501 633.505
250.497 -609.495
-249.495 -634.504
-383.498 574.500
652.500 224.503
552.497 -416.508
141.500 -680.504
-607.503 -350.502
694.499 -151.500
-442.503 567.501
712.502 65.494
636.505 331.501
-680.497 -233.506
-704.502 -149.489
599.498 396.500
-116.496 -709.505
-706.415 -155.035
-522.504 -502.502
699.501 197.504
326.489 658.505
-697.491 264.503
-399.496 636.502
503.497 557.502
334.500 677.499
-764.491 -53.500
753.493 137.493
572.503 -506.503
-776.499 37.500
695.498 -337.504
-282.503 -721.501
-776.496 144.496
-779.496 -121.503
550.498 -560.504
-674.495 421.504
167.497 -776.503
-580.508 552.503
-757.498 317.494
59.494 -815.497
321.498 757.497
-812.506 -146.501
-809.503 -167.501
-776.504 -292.504
143.497 821.500
453.505 -693.496
-22.498 -829.110
-22.498 -829.501
-447.493 710.493
792.501 -274.499
-241.502 -817.500
143.509 -841.499
-25.498 -856.500
846.497 -191.497
690.499 -529.506
847.753 -202.491
33.500 -875.497
510.501 719.502
801.717 -358.751
877.497 -67.498
866.493 -158.503
804.623 -363.702
-274.503 -840.505
364.501 -811.495
687.505 571.499
608.494 -652.503
438.896 785.570
-903.502 18.494
307.501 -848.496
-694.504 592.502
155.500 -900.498
472.498 -782.494
667.506 -625.509
-204.500 -896.495
920.501 -29.495
408.498 -825.507
263.502 -883.498
735.501 570.499
828.501 424.500
670.508 -644.501
898.508 -244.499
696.496 628.502
516.494 -778.503
-776.495 -537.501
-321.504 892.491
-311.496 -890.496
-236.498 920.496
916.499 -241.498
787.502 536.500
937.501 167.497
-892.497 345.506
181.494 -933.507
-695.502 -660.498
957.490 -29.492
958.495 27.502
-883.495 388.498
22.501 -959.500
-554.493 -786.495
961.494 -4.495
961.387 -46.103
-969.496 49.454
914.498 -331.502
664.505 -711.500
698.504 696.488
910.496 -386.496
465.503 -872.497
979.498 -177.500
721.500 -684.498
233.497 977.485
-990.498 180.506
983.499 -203.500
-535.502 -869.504
1006.500 -167.503
952.492 -368.499
300.506 -977.495
-916.500 469.493
987.502 277.499
980.502 314.500
1027.500 70.504
-108.498 1039.510
-238.506 1021.500
1045.500 2.499
1042.500 102.496
988.501 369.502
243.498 -1030.500
260.498 1034.500
362.505 -1004.500
-12.502 -1070.500
97.504 -1067.500
956.498 -485.500
-1056.500 227.501
-973.995 476.545
-973.768 478.772
661.497 -851.500
883.497 -619.507
1061.500 -240.503
911.499 -598.493
-1081.500 182.496
219.506 1075.510
709.501 835.504
-380.497 1037.490
607.495 923.495
1099.500 -96.495
-937.496 -588.495
1017.500 -434.500
873.504 -680.505
956.498 -562.498
401.508 -1035.500
-666.499 -891.500
915.499 646.499
771.506 -810.501
1110.510 -147.505
558.503 978.502
-386.164 1067.260
578.499 -968.502
-821.498 -783.495
698.507 -891.501
-389.498 1072.500
974.903 -581.057
975.927 -581.855
902.500 -691.491
986.496 -566.958
-691.504 -907.500
-1144.500 12.502
876.504 738.498
595.502 -977.506
698.494 928.506
-442.504 -1075.500
1117.500 -330.502
747.494 -896.499
200.497 -1150.500
-1032.510 562.498
848.497 -805.494
1130.500 319.499
1176.500 -12.498
1171.500 146.496
1164.500 -195.499
-995.498 -643.498
-360.503 -1129.500
1180.500 -115.502
-496.492 -1078.500
417.504 -1112.500
399.507 -1120.500
1125.500 398.505
-754.504 931.504
-638.118 1015.670
431.151 -1114.440
-631.895 1024.140
-1196.500 -117.506
761.507 931.502
1201.500 70.502
1166.500 -299.493
367.503 1154.500
729.502 -969.499
999.497 -692.499
1095.500 -530.500
1211.500 -141.499
1213.500 177.504
1165.680 392.890
1186.510 -319.505
848.493 -895.492
-555.505 1121.500
1176.590 412.918
-499.494 -1144.510
1180.770 411.223
1192.490 388.502
870.495 -900.495
706.505 -1036.500
-651.491 1087.510
1020.500 -746.505
715.180 -1043.290
1150.500 -532.493
870.498 -932.502
603.497 1131.500
707.498 -1064.510
421.500 -1208.500
1257.500 264.495
-1047.500 767.500
962.503 -862.500
727.492 -1072.500
-1291.500 229.496
1019.510 821.494
882.501 -964.496
1092.500 -718.504
-626.505 1171.500
1274.500 -367.504
-656.501 1162.490
925.500 -970.493
692.500 -1154.510
1031.500 -868.495
-1040.500 873.501
1141.500 733.497
1166.500 696.507
902.510 1019.500
1332.500 -300.496
819.494 -1093.500
1268.500 544.499
1292.510 -482.505
-1327.500 409.496
1333.500 391.495
1357.500 297.501
1364.500 -257.500
1381.500 156.501
837.501 -1110.490
950.502 1021.500
1134.500 -808.502
1254.500 617.496
1378.510 228.495
1307.500 -508.501
960.497 -1029.490
905.499 -1084.500
1342.500 474.495
1414.500 -159.494
1204.500 766.956
1407.500 232.498
-1273.500 657.504
1204.510 778.496
1149.500 -852.503
-1348.490 -499.494
1432.500 120.502
1244.500 -718.505
1373.500 -426.496
1143.500 878.500
1424.500 212.498
1422.500 256.496
1314.500 614.491
845.498 -1176.500
1266.500 713.505
1374.500 476.505
963.500 1098.500
837.510 -1196.500
-963.500 1112.500
1165.500 -888.496
952.499 1126.510
1411.510 -416.499
1247.500 -787.499
-1063.500 -1027.510
1478.500 31.500
-1062.500 1043.500
1475.500 167.507
855.499 -1212.500
-1493.500 -41.502
959.504 -1138.500
-1425.500 495.503
1178.500 944.499
1162.500 970.492
1299.500 -778.494
1301.510 782.499
1485.500 313.504
1254.510 -852.501
1521.500 -9.495
990.675 1158.960
990.786 1159.400
-1319.510 -766.504
1238.510 -885.498
1235.070 -895.494
1235.860 -899.301
1125.500 -1034.490
-1531.500 133.505
1124.500 1048.500
-1369.500 -702.497
1392.500 659.499
1111.490 1073.490
1216.500 -947.499
1208.500 968.497
1347.500 -760.500
1477.500 467.498
1211.680 -964.007
1139.500 -1066.500
-1187.510 -1018.500
1005.500 -1196.500
1568.500 30.502
1379.500 755.500
-1287.510 918.504
1415.500 -701.497
1476.490 572.499
1551.500 -308.506
1569.500 216.500
1289.500 -918.506
1519.500 459.503
1511.500 -482.505
1365.510 816.494
1568.500 265.504
1504.500 -515.497
1537.500 413.506
1594.500 133.502
1442.490 701.497
1467.500 657.491
-1485.500 -622.496
1459.500 679.505
-1612.500 -88.496
1362.510 867.506
1428.500 -748.499
1189.500 1101.500
1420.510 783.501
1497.580 641.805
1448.490 747.503
1617.500 -189.499
-1463.500 734.499
1505.440 637.561
1600.500 -338.500
-1426.500 834.503
-1571.500 -529.504
1434.750 835.720
1255.500 -1095.500
1442.620 840.785
1168.490 -1191.500
1476.500 793.501
1527.500 705.502
1588.550 579.983
1416.500 938.499
1540.500 -715.496
-1301.500 -1101.500
-1346.500 1058.500
1492.500 -835.499
1331.500 -1084.490
1534.490 -806.497
-1342.500 -1103.500
-1452.680 979.118
-1453.810 981.127
-1314.500 1181.500
1549.500 -855.500
1564.500 -836.503
1522.500 -925.500
1484.460 991.490
1583.500 831.506
1556.500 -891.502
1590.500 -900.507
-1610.490 896.500
-1396.490 1207.500
1523.500 -1044.500
1503.490 1103.490
1535.500 -1084.500
1467.500 -1190.500
-1567.500 -1109.500
