0.497 -0.501
41.495 -9.499
-1.500 71.495
-132.491 -7.508
19.498 155.499
-90.500 133.503
184.498 -7.506
184.504 -43.502
74.497 -182.495
-52.501 198.498
27.492 -230.500
-25.500 -241.496
292.498 99.500
-161.499 272.491
307.500 -92.499
203.501 287.494
-274.507 -225.504
-246.497 -260.496
-266.620 -243.272
-136.500 380.500
291.496 -294.499
217.499 387.501
-211.500 391.502
-444.497 33.495
-309.500 -322.500
-446.499 75.499
442.493 114.502
-324.497 342.502
122.504 -457.495
200.498 -440.499
168.501 476.505
507.500 -106.505
-3.501 522.504
-425.500 303.502
-77.501 539.494
229.501 -504.504
-196.501 520.500
336.498 447.504
134.506 553.500
-566.504 91.495
-260.494 -517.500
-469.502 -352.500
360.507 -464.500
-60.975 585.045
-56.780 591.248
-567.503 191.504
-215.494 559.496
-454.497 405.501
406.502 -456.494
589.502 -198.494
-165.508 599.499
-481.503 394.496
-610.496 -125.503
-337.500 -533.499
-133.503 -626.501
-346.503 539.500
-382.501 522.493
-509.505 401.507
338.500 554.495
17.501 -655.503
-655.499 49.495
428.503 -508.506
224.496 626.494
479.494 -466.505
-255.503 -630.504
685.495 111.495
-135.502 680.501
350.498 -615.513
-455.502 544.499
-388.492 608.503
-32.497 -724.510
252.498 -680.497
-526.506 -502.497
-70.495 729.505
-40.498 733.495
148.506 724.498
652.500 -361.505
-322.501 -680.501
471.500 587.500
649.501 384.500
-651.507 -388.500
-620.503 -446.505
92.497 759.501
151.500 -752.498
685.506 -351.494
682.502 368.501
-207.494 751.503
652.507 -440.496
440.500 -668.506
-337.499 -730.502
-207.509 779.503
-154.508 793.500
-686.499 -430.495
-644.496 -499.498
-391.500 716.495
-362.497 749.497
-40.498 -834.496
199.499 811.500
-310.494 -777.497
98.497 832.499
-201.726 817.747
-209.044 819.911
818.506 234.501
-101.496 846.498
-859.503 14.501
-772.508 394.508
-47.505 869.513
-151.493 860.498
-239.502 843.496
794.503 -382.510
-686.706 561.129
506.507 729.495
-188.503 868.503
-880.510 146.506
-697.495 567.500
189.501 879.502
474.507 -771.496
-50.501 -905.500
-894.500 -160.503
-867.488 -273.501
-907.502 161.503
797.497 -466.495
913.493 -147.501
794.499 479.506
-918.495 -192.505
420.497 -840.492
-199.499 925.495
796.499 -515.491
-642.496 696.501
-1.504 954.499
-937.500 187.500
-866.505 -405.492
-392.501 879.499
-702.499 -662.506
-2.510 980.495
540.507 830.972
540.488 831.075
64.504 991.497
-857.501 -518.501
-923.497 -403.503
1002.500 -111.493
260.498 977.495
1002.500 167.509
-437.499 -920.502
258.495 -991.501
799.502 652.502
974.498 -349.500
-15.502 1034.510
-172.500 1025.500
-997.499 306.499
957.505 -421.498
-1005.490 -294.506
-972.917 400.081
1053.500 11.505
571.501 -885.501
-459.497 -949.504
-395.502 978.508
1048.500 154.495
134.505 1052.500
-422.501 975.505
362.499 1000.500
526.502 -926.501
844.508 675.501
1027.200 384.201
1026.880 388.037
-876.504 668.498
362.501 -1042.490
755.501 814.500
-1105.510 -121.502
1086.500 257.498
-665.499 899.507
77.504 1117.510
937.499 -618.498
-375.500 1066.500
-373.502 -1071.500
999.500 -545.508
171.504 -1129.500
-707.500 911.497
-179.501 -1152.500
-784.499 864.495
801.498 859.501
717.502 933.506
-304.499 -1139.500
-1089.500 -450.505
857.502 822.503
474.502 -1094.510
-1082.500 -512.499
-262.497 -1195.490
766.507 -958.497
490.502 1126.500
920.505 819.500
944.500 -803.501
-906.502 845.496
916.497 -870.507
-612.498 1110.500
678.499 -1073.490
-970.502 833.496
-1014.500 780.503
507.495 -1190.490
849.498 -978.508
630.502 1133.500
-802.503 1019.510
657.507 -1121.500
1082.510 720.495
-1303.500 -48.502
809.500 1033.500
-845.496 1003.510
917.500 945.503
651.502 -1148.500
1174.500 -646.498
1334.500 -184.506
1231.500 -547.496
-990.505 912.504
1343.500 117.499
1279.510 432.501
-1008.500 905.496
-647.501 1193.500
-1326.510 -294.498
-984.502 937.502
1153.500 -741.497
-1045.510 886.501
-980.498 967.504
1372.490 -143.506
-742.501 1172.500
-1313.500 -458.501
1390.500 -203.501
-947.500 1036.500
1066.500 -918.509
1409.500 37.499
1346.510 -438.502
854.283 1134.930
853.438 1137.000
805.495 -1175.500
-1166.490 -855.499
-1418.500 305.502
1454.500 48.502
1472.500 -143.504
-1456.500 -291.499
-1495.510 -87.504
1431.500 -473.502
1323.490 -736.505
-1499.510 -239.500
-1403.510 595.493
1421.500 -563.500
1438.510 527.507
-1524.500 147.507
1081.500 -1089.500
1112.500 1070.500
-978.500 -1201.500
1422.500 -643.505
1293.500 875.500
1327.500 823.504
-1452.500 574.501
-1176.490 -1055.490
-1291.500 919.500
1493.500 -541.499
-1553.490 -368.495
-1418.510 -737.500
-1528.500 479.501
1334.510 910.506
1348.510 918.503
1232.490 1110.500
1567.500 -577.498
-1198.230 -1168.800
1577.500 561.504
-1194.320 -1176.160
-1430.510 -877.505
1578.630 -586.607
-1591.500 -551.506
1566.500 -626.504
1506.500 759.506
-1439.440 -887.719
-1367.500 994.503
1532.500 725.495
1530.500 744.495
-1302.490 1094.500
-1226.500 1181.500
1255.500 1157.500
1511.500 798.508
1463.500 904.495
1554.500 -901.497
1386.500 1170.500
-1449.500 1098.500
1559.500 -951.496
-1407.510 1212.500
-1585.500 -1000.500
-1545.500 1086.500
1537.490 1122.500
-1527.500 -1172.500
-1601.500 1146.500
-1611.500 -1179.500
