0.505 -0.509
31.501 -32.494
-58.500 20.506
80.504 23.500
13.497 -83.500
130.499 -84.498
17.500 -157.504
-44.500 -176.496
-125.493 154.497
153.500 135.499
-166.499 122.507
61.505 -224.507
-124.497 211.500
-139.496 222.493
240.499 -143.506
240.501 152.503
-194.498 214.501
298.505 61.504
-164.499 -270.500
-314.505 35.502
314.500 160.502
43.507 -370.499
186.497 -338.496
-373.498 105.498
-392.499 130.503
398.503 116.500
-327.496 260.501
303.498 -298.499
427.493 -28.506
-20.499 431.501
409.499 -194.493
-280.509 -377.494
-470.504 -31.506
143.500 -451.498
-458.488 114.506
25.504 -477.506
-291.503 -404.496
-497.498 -64.498
-188.502 -468.498
375.493 -352.496
-93.492 508.507
-511.493 112.502
-510.496 -135.499
241.504 472.503
348.495 404.498
340.494 -412.499
165.499 -518.502
-164.505 -522.508
418.500 -356.499
105.393 -541.474
106.837 -541.978
-148.496 533.497
466.502 308.507
-306.500 493.503
388.504 435.497
248.504 531.499
474.500 -355.502
593.508 -11.502
545.501 -235.507
-330.500 494.496
502.505 -356.499
-532.504 326.496
568.505 267.507
-332.497 -539.502
327.497 545.497
-453.502 -447.499
640.499 -102.500
283.495 590.498
625.504 -241.497
189.499 649.504
-270.506 632.510
64.498 685.497
-609.502 -331.495
295.499 -631.509
242.503 653.500
320.500 -640.498
-486.501 526.502
8.493 -718.496
-409.503 597.505
475.510 555.502
310.506 -668.499
305.497 682.498
-568.494 -489.497
631.497 -423.498
562.505 -528.499
-465.505 622.503
-620.501 470.502
359.501 695.498
-766.496 160.506
-287.497 730.498
426.498 665.501
-368.499 -704.501
470.510 -649.496
639.502 494.500
560.500 589.499
322.502 748.503
-359.495 -742.504
441.496 729.500
603.501 606.496
258.506 815.505
714.503 471.499
157.495 -843.501
842.504 -169.502
-260.506 -819.495
803.508 308.499
76.501 -861.500
797.501 344.494
-748.501 459.501
-748.255 461.685
-746.509 474.493
429.503 -775.498
886.501 59.499
847.498 -294.499
-132.500 -888.495
-475.337 763.254
809.498 395.503
371.502 -824.500
-477.253 767.074
-904.499 19.499
630.501 -652.497
-118.502 -914.501
-932.501 -44.501
-720.498 611.503
-889.496 -332.501
-891.845 -338.190
177.496 937.497
793.499 -533.497
364.488 -886.496
962.497 -101.495
677.502 -691.501
-957.509 -179.496
198.497 965.495
-935.507 310.500
969.502 -199.503
-475.495 868.500
-642.497 -765.496
-756.504 662.496
518.503 -863.493
-189.506 -998.508
-548.500 -863.503
1027.510 152.489
-1038.490 87.501
153.502 -1036.510
-981.501 -382.501
-900.878 -547.504
630.500 -848.502
-369.501 -1006.500
322.493 -1023.500
1061.500 -178.500
793.498 731.496
-750.494 782.497
1046.500 -313.489
-1049.500 316.501
-877.502 -677.501
4.503 -1116.500
-1016.500 471.496
-416.499 -1041.500
-1023.500 -461.506
1057.510 -380.503
661.507 -911.502
-817.501 780.490
592.500 963.508
1147.500 87.495
-1040.500 493.501
1105.500 333.501
330.504 1109.500
183.503 -1145.500
-1040.500 -514.500
-493.498 1057.500
-1144.500 236.503
-1170.500 120.508
1088.500 -450.500
1163.490 236.502
305.500 1161.500
786.501 -909.498
610.509 1038.500
1036.500 619.493
-1003.500 673.496
-590.492 -1058.500
1139.490 463.500
663.498 -1039.500
-1122.500 508.496
-431.500 -1156.500
-1180.510 366.504
907.498 861.501
-830.500 935.506
-508.502 -1146.500
1044.500 -700.502
1154.500 -516.504
1239.510 252.505
-1112.500 600.501
-727.223 1039.060
-723.493 1045.500
1231.500 -336.499
-527.505 -1175.500
1009.500 804.498
1177.500 -549.500
1132.510 653.502
-621.504 -1153.500
1308.500 -124.502
1279.500 -315.506
1316.510 89.501
632.501 1158.500
1163.500 -629.504
-1243.490 -462.507
-1265.500 -412.499
-1331.500 128.500
1118.510 747.495
-771.500 -1103.500
-1154.510 -713.502
1246.500 -563.495
1372.500 39.504
-1114.500 800.506
1183.500 -700.513
1318.500 -449.495
-1177.500 -745.502
-738.506 1183.500
831.506 1121.500
1397.490 91.497
-1008.500 -997.500
-1194.500 -767.497
-1025.500 992.500
-1225.500 -738.498
-891.501 -1128.500
-1442.500 -117.501
1424.510 -283.503
-1292.500 -668.504
1297.500 683.498
1463.490 163.506
1076.500 -1023.500
1480.510 -144.497
1311.500 710.497
-1387.500 -547.503
1503.500 -21.500
1117.500 1014.500
944.507 -1180.500
-1508.500 -121.497
1286.500 -811.503
1216.500 915.499
1502.510 -285.499
960.503 1201.500
1465.500 479.505
1347.500 755.503
1485.500 434.492
-1312.500 864.497
-1543.500 -311.492
1547.500 309.510
-1431.500 674.505
1458.350 648.503
1279.500 957.501
1106.500 -1157.500
-1222.500 -1039.500
-1606.500 138.499
1197.500 1088.500
-1456.500 -719.505
1575.500 522.494
1270.510 -1090.500
-1465.500 845.503
1183.500 1210.500
-1541.500 -706.503
1483.500 869.491
-1600.500 660.502
1536.500 -839.505
-1296.490 -1194.500
-1567.500 -824.499
1573.500 844.504
-1434.500 -1151.500
1495.510 -1168.500
