0.504 -0.507
76.496 2.497
-40.503 74.509
83.498 -41.499
-139.504 -72.501
53.497 154.502
-17.500 174.496
178.504 23.493
170.500 -61.505
-193.500 38.502
156.498 -140.502
-196.502 -92.502
185.497 150.502
219.498 -103.503
-83.087 228.668
-76.501 235.497
-209.505 146.500
-140.496 235.502
213.499 -200.499
315.500 -34.504
319.503 12.502
-328.503 10.497
58.504 325.509
3.500 333.504
-297.494 -162.509
82.490 -332.499
-229.506 -263.497
-325.501 167.501
368.501 -36.501
171.496 336.497
172.498 -340.497
-328.496 -194.496
58.498 -378.496
312.499 224.500
122.492 367.504
-320.495 218.497
190.489 -344.504
-290.503 293.499
-23.503 417.495
132.498 404.494
-162.504 393.492
-383.501 197.497
287.498 -330.497
437.503 -77.490
348.492 278.498
204.495 403.505
-252.498 -383.951
331.493 343.502
-20.501 481.503
206.502 441.497
428.501 246.494
-309.499 -395.503
-336.503 -374.500
215.501 -457.498
369.497 351.499
-268.497 434.493
463.502 -220.503
30.503 -512.502
-195.506 477.497
444.505 -266.505
-513.504 -108.501
465.500 255.507
-409.501 -340.497
-485.490 -233.503
-455.501 -289.506
-520.503 154.496
-297.500 -469.506
495.507 254.498
-40.498 557.496
545.501 -154.502
-261.498 -523.502
-493.501 323.499
318.495 -501.493
-153.507 -578.503
597.503 96.494
-585.504 -155.498
589.496 -151.499
109.501 604.506
317.510 532.504
-551.498 291.494
-621.507 -67.490
604.495 -192.504
602.901 -199.696
-349.496 530.500
601.498 -232.497
442.498 -478.112
442.498 -478.501
-101.503 643.492
-198.501 623.494
372.493 545.499
231.499 -626.505
-643.503 182.498
523.546 -431.454
680.503 25.506
-377.500 566.506
-371.502 -574.499
640.497 246.501
449.503 -523.495
-305.502 620.500
156.502 -687.501
677.497 -220.502
597.502 -388.493
-663.502 -282.505
-709.499 -168.506
698.497 -213.505
-630.497 367.499
516.496 519.506
509.025 -530.939
714.503 -188.501
627.504 394.501
-741.503 58.495
620.779 -412.433
473.501 585.500
753.500 99.498
720.499 281.495
770.499 94.502
699.501 344.501
770.505 -177.498
87.499 -788.500
516.495 -622.500
-640.497 493.504
650.503 -484.503
673.504 452.494
812.499 -28.498
790.498 -218.496
-88.496 -816.500
-637.499 -523.500
657.497 511.505
-430.497 712.503
-190.499 814.497
760.499 -395.500
847.504 -167.499
848.495 186.495
-252.495 -840.504
596.505 -645.498
768.501 506.497
-572.501 720.502
388.500 840.495
-568.502 745.500
-924.504 -172.500
-901.503 274.512
-892.501 -312.892
-892.501 -312.991
-825.505 -485.508
-108.510 -952.501
-191.511 -940.493
584.504 -764.499
799.501 542.500
-552.496 792.502
-920.500 307.498
-706.499 667.500
799.503 -559.505
835.505 -515.499
-396.508 897.496
-200.500 970.499
942.501 311.504
-925.503 358.501
206.504 974.499
-692.503 -717.501
-781.504 619.498
1002.490 -111.504
-1003.500 -99.490
-525.494 -869.502
991.497 229.502
1021.500 57.501
263.502 -990.502
-474.503 909.498
-750.499 -702.502
979.789 322.565
-975.500 -337.496
985.350 317.654
206.496 1018.500
955.499 -448.498
-857.501 -614.499
-747.503 753.509
-336.506 1007.500
834.501 659.495
-4.503 -1067.500
-311.506 -1034.500
925.497 557.495
-977.500 -472.499
1097.500 -44.496
1036.500 -370.501
1005.500 -456.503
834.919 726.735
56.500 -1106.500
838.501 735.497
1110.280 123.381
1110.400 122.813
489.502 -1005.500
617.502 -932.500
-1007.490 -483.505
1119.490 21.505
-685.507 -885.503
-310.502 1077.500
-1046.500 412.504
-636.490 -928.501
1128.500 -129.505
-1128.500 171.496
441.505 1054.500
576.502 991.501
360.505 1098.500
544.502 -1021.500
-119.499 1151.500
30.500 1164.500
918.504 717.501
-712.498 922.507
1051.490 -506.504
-150.505 -1158.500
858.504 -800.505
-866.492 791.501
-670.500 967.497
-1066.490 -507.497
1122.810 378.747
1174.500 -176.502
-1134.510 -348.498
-1174.500 -173.498
1130.130 368.407
1130.350 375.050
-908.505 -772.498
-593.497 -1046.500
-1133.500 418.508
1037.510 641.496
1185.500 -300.513
754.497 -970.500
-1113.490 -522.502
351.499 -1180.500
517.500 -1119.500
-788.500 -954.500
1175.510 -390.493
399.500 -1179.490
974.510 -781.500
1057.500 668.498
479.509 1156.500
1138.500 531.502
-1055.500 685.508
-1260.510 -35.500
577.498 -1123.500
397.503 1200.510
1138.500 -553.495
1210.490 -377.499
-1255.500 184.505
591.500 1127.510
-1130.500 -598.504
1283.510 33.498
-906.503 -914.503
-984.499 832.502
1240.500 364.502
964.501 866.498
1016.500 -817.504
-832.503 1003.490
-1213.500 -498.494
1159.500 -617.505
1270.500 -349.503
-1212.500 524.503
965.499 -906.503
1074.500 -778.499
-783.502 1081.500
1341.500 42.499
-1253.500 497.512
1188.500 -644.499
-1068.500 -836.496
-1355.490 -127.494
1123.500 783.500
-949.493 -992.498
-1373.500 -17.501
1162.510 -741.499
-1069.500 -869.504
1106.500 827.499
1260.510 -571.496
-1099.500 -840.503
995.500 -964.500
1306.510 -479.498
716.493 1192.510
1232.490 649.512
-1345.500 -364.498
1293.490 -540.500
1401.490 51.492
1136.500 829.505
845.499 1124.500
-1336.500 443.498
1337.500 446.501
1250.490 -652.506
-934.506 -1057.500
1041.500 -957.501
1210.500 739.499
981.501 1026.500
1396.500 -277.499
1319.500 535.493
-1392.510 295.501
1423.500 178.497
1434.500 94.497
1358.500 473.501
1202.500 801.495
1443.290 82.404
1318.500 -593.498
1236.500 -754.495
-1428.500 252.498
-834.501 1196.510
-1334.500 -592.503
-1459.500 -50.494
846.499 -1191.500
1479.510 -119.502
1432.500 403.496
1445.500 367.499
1476.500 -239.499
1451.510 -363.501
894.339 -1203.500
-1289.500 -790.495
1411.500 -563.501
-1341.500 -732.500
1081.510 -1085.490
1527.500 129.499
1536.080 30.659
1536.540 28.359
-1434.500 549.498
-1502.500 -347.499
1039.510 1150.490
1069.500 -1134.490
-1507.500 397.495
1432.500 -621.496
1409.510 674.503
-1560.500 -100.498
-1442.500 620.503
-1045.490 1172.500
1173.500 -1047.500
-1150.510 1081.500
-1350.320 -845.885
-1357.220 -846.472
1579.500 324.497
-1586.500 295.499
-1531.500 -529.499
1620.500 -108.503
-1355.500 893.498
1494.500 -641.502
-1609.500 -251.501
-1174.500 -1129.490
-1527.500 567.502
1561.510 -485.493
-1580.500 435.497
-1601.500 362.505
-1496.500 -696.496
1459.490 784.501
1586.500 488.493
1510.500 -720.495
-1361.500 973.503
1579.500 -565.504
1538.500 -669.501
1609.500 475.502
-1589.500 541.504
1456.500 -839.500
-1615.500 -477.496
1182.510 -1202.500
-1475.500 -820.504
1463.500 -864.502
-1594.500 617.505
1552.510 775.503
-1261.500 -1195.500
1299.270 -1165.110
1520.500 -859.492
1347.500 -1112.510
1593.510 -720.504
1394.500 1055.500
1534.500 849.506
-1381.500 1102.490
-1400.500 -1086.500
-1338.500 1190.500
1407.500 -1155.500
1611.500 854.494
1572.500 1031.510
1504.500 1174.510
