179.900 4.141
177.904 79.145
300.902 41.136
113.904 -155.857
324.902 109.133
300.899 136.149
243.899 -213.855
275.912 219.139
411.900 -75.862
291.903 229.142
1.899 -232.859
249.896 297.139
118.905 -297.860
391.895 -224.343
335.896 -272.866
-103.100 151.134
95.908 319.132
153.909 -325.858
122.903 339.138
53.893 -332.858
83.903 -348.864
481.900 -204.858
365.903 -313.858
-9.095 -318.853
492.912 -240.853
182.907 404.140
-163.091 -201.866
-132.658 -254.827
-145.622 -242.178
-93.102 -304.864
-141.761 -255.561
527.905 228.146
-149.991 -246.971
171.907 -417.866
-240.569 72.369
225.899 -426.859
-249.107 82.123
137.895 445.144
-59.094 378.142
-166.097 297.143
329.899 -432.851
24.898 -434.860
1.907 436.140
-210.099 -256.868
418.908 -408.856
517.888 355.144
644.902 -143.861
506.904 -360.857
233.905 -486.860
-245.095 262.144
398.908 -455.864
673.899 -141.860
-154.102 -404.860
89.907 527.137
364.902 -495.865
-354.105 63.127
-277.097 297.140
724.901 7.139
-298.102 -261.861
296.904 -537.861
640.898 317.142
259.899 560.149
739.898 74.131
624.534 -346.782
507.896 -457.858
9.900 554.140
-347.103 -232.857
461.894 512.145
-107.087 -506.857
-334.097 290.133
578.897 -432.859
762.899 -165.861
-34.106 -570.870
-409.098 178.132
-50.106 -569.859
766.897 222.142
-351.106 337.136
-6.101 -595.852
-193.169 -503.914
79.895 -620.853
-196.859 -505.230
630.899 449.141
792.904 -164.858
-335.096 -369.859
814.906 104.141
-459.095 -119.851
486.892 591.138
108.900 671.146
842.908 -97.854
-92.098 -610.862
110.901 -667.865
-441.095 -272.855
-92.103 -625.359
757.899 -365.858
830.899 231.144
-422.103 -332.861
-271.093 528.136
-503.094 167.146
-440.096 -332.869
104.899 -701.855
-177.110 -611.853
87.895 -702.859
127.899 -710.859
159.897 -713.856
-403.102 435.137
774.895 419.143
-228.097 -598.856
-136.105 660.142
298.899 -716.858
-40.097 -697.855
-545.105 -123.857
-559.102 -17.857
-313.105 558.134
891.905 -206.855
-65.101 -697.855
-547.103 -166.861
-502.098 -315.864
-526.102 277.136
-217.103 -640.859
-34.097 -724.854
-578.094 -57.870
909.905 -218.856
-484.099 -373.857
-561.110 200.144
-587.095 42.139
569.905 -658.865
740.900 -547.864
190.896 -784.867
-530.099 360.138
-530.099 360.192
123.898 -789.864
-615.092 90.142
-328.100 -624.861
219.902 -804.861
731.904 -594.863
-628.099 -103.861
957.905 252.136
398.900 -783.852
-555.094 366.129
687.893 -638.852
-580.098 312.138
-111.096 -762.862
-618.101 197.147
911.898 381.133
-443.106 -534.858
436.908 -783.851
-393.099 603.140
-427.106 -564.863
-288.093 -689.866
796.886 -565.851
20.899 -823.859
921.899 -399.868
995.901 -218.858
-400.095 -611.864
961.898 333.152
-652.100 175.138
181.896 856.149
-29.098 -824.854
-499.095 -515.862
140.900 862.137
488.909 -800.856
-632.096 -291.864
754.898 652.138
-412.711 -632.582
-419.739 -626.230
-419.688 -626.414
-147.107 818.137
-491.108 574.136
-513.093 -541.357
-607.100 -400.860
-707.095 68.145
188.897 894.131
-203.101 -799.864
1003.510 -340.254
243.904 896.127
17.902 886.131
-658.094 334.136
865.912 -579.863
-82.099 -866.860
-673.108 -320.862
1095.900 -49.856
-509.099 611.138
89.913 -909.866
-8.098 -894.868
932.895 530.133
-739.100 12.128
-611.101 -473.857
-181.101 -849.870
-571.095 548.136
-730.105 -196.850
243.910 -931.851
-750.100 130.139
-387.097 -744.860
-684.100 -364.861
-736.616 -205.895
145.902 947.147
-37.101 -917.870
-525.097 -630.855
-202.099 -864.857
165.896 -946.866
-772.105 -19.864
417.901 -924.854
936.904 593.136
233.224 962.322
224.625 967.344
-552.092 654.145
1001.900 538.140
266.901 -976.861
-767.105 276.139
776.902 -779.864
-396.105 -795.854
-748.109 -336.850
-694.101 -458.853
495.899 -933.864
-577.101 -640.859
-701.094 -477.866
-758.100 383.129
661.897 903.132
484.600 -971.330
484.605 -971.412
342.899 1013.150
-845.312 -22.236
-730.104 -472.857
-847.185 -29.672
-560.105 -711.863
-850.095 -4.867
-677.092 -568.848
1005.910 -614.868
877.905 -759.864
-808.542 -305.980
-258.094 -936.866
274.902 1038.140
502.362 -983.741
500.174 -987.324
475.898 -994.858
438.905 1015.140
-816.884 -310.297
344.903 -1033.860
-856.097 188.140
100.892 1055.150
-832.102 -301.853
-761.105 -478.860
945.897 740.140
550.902 1001.140
-421.095 886.147
823.895 858.143
-840.781 -316.757
232.895 1074.140
255.899 1076.140
1089.890 578.142
-203.107 -1001.860
1242.890 -165.859
-690.105 -630.863
1115.890 -530.850
-771.106 -517.856
-367.100 -932.847
-167.098 -1037.860
728.901 960.135
-392.107 -941.866
-505.100 876.141
-647.099 -734.866
-279.098 1015.140
-933.096 -12.863
1103.900 -620.851
1181.900 -491.854
-871.095 -400.860
-913.100 -274.858
-146.106 1084.140
221.900 -1127.860
-82.100 -1099.860
1297.900 -202.864
-326.098 -1015.860
-961.099 -15.851
-577.095 -849.868
1274.890 326.138
1095.900 -681.858
-689.098 -740.867
-828.107 -540.856
-888.104 -414.856
291.891 -1137.860
361.906 -1131.860
1260.890 419.141
-872.107 -480.863
456.906 -1126.860
-321.101 -1051.860
179.908 -1167.860
290.898 -1164.870
-995.097 -58.854
-724.089 -749.862
-641.109 -840.850
440.894 1153.140
617.898 -1094.860
268.903 -1176.860
936.905 -910.866
1009.900 856.144
311.897 -1182.850
784.911 -1026.870
-1018.100 69.141
88.899 -1192.860
-774.093 733.144
-712.106 809.131
-949.089 -411.862
826.908 -1010.860
535.899 -1150.850
-639.099 -887.859
691.898 -1094.850
-965.096 -400.854
-700.105 -834.853
-1025.100 -162.861
-509.100 1013.140
-889.116 596.143
-927.103 -521.858
-736.400 -810.439
-738.554 -808.639
-739.741 -809.156
-982.098 -415.861
-709.093 863.145
532.897 -1180.870
-628.104 -934.855
-851.103 -689.855
-782.463 -785.624
-1031.100 312.140
-797.116 -777.858
-522.094 1040.140
782.901 1101.140
678.901 -1149.860
826.899 1086.140
-582.093 -1005.860
845.901 -1074.860
-1088.100 69.135
-394.098 -1129.860
-239.107 -1195.860
-881.110 -696.862
-423.101 -1116.860
-1085.100 160.146
858.667 -1077.300
-764.098 -855.867
785.904 -1124.850
1333.900 -562.851
-384.094 1160.150
-771.105 874.139
1159.900 -833.860
-983.096 -554.867
-933.092 665.136
-626.099 -1008.870
-1041.110 -427.851
971.900 -1038.860
1152.900 -881.859
919.895 1112.130
-1168.090 40.139
847.899 -1169.870
-1000.110 678.139
-1141.100 -315.854
-919.094 -795.869
-1091.110 -494.857
-1189.110 -10.857
-609.100 -1114.860
-1052.100 604.139
-995.106 -701.868
-1150.100 -360.862
-712.094 -1050.860
1033.900 -1084.870
-1149.090 -401.865
1229.900 -907.859
1061.890 -1074.860
937.933 1174.130
-917.099 -864.853
-691.090 -1092.860
-840.101 969.152
1261.900 -902.860
-1237.110 22.139
1051.900 -1117.860
-736.095 -1097.860
1148.900 -1052.860
-721.103 -1113.860
-1162.110 -519.863
-1121.110 -617.855
-1260.100 -76.856
-795.103 -1061.860
1176.900 -1044.860
-769.091 -1097.860
1289.040 -945.250
1289.070 -945.316
-1156.100 604.137
-1276.100 -184.866
-1209.100 -487.851
-1168.090 -602.863
-781.100 -1125.860
-1245.110 -423.864
-1312.100 -57.861
-1280.100 -310.861
-1273.100 -373.856
-901.100 -1041.850
-1298.790 -296.450
1190.900 -1124.860
-1057.080 -877.866
-1149.100 763.147
-1308.210 -353.687
-1308.030 -357.545
-938.091 -1045.860
-1335.100 245.144
-1315.100 351.144
-1069.100 912.146
-1024.100 -967.867
-1337.090 -304.861
-1384.110 -67.864
-1338.110 404.141
-1022.100 1023.140
-1155.100 -840.852
-1407.410 -78.693
-1321.100 -535.863
-1414.100 -65.862
-1317.110 565.138
-1419.110 -18.853
-1384.100 357.146
-1402.100 -300.861
-1417.100 -249.857
-1395.110 378.130
-1346.100 569.135
-1438.100 205.130
-1391.090 -455.853
-1423.770 -354.174
-1423.110 -357.808
-1388.090 501.137
-1101.100 -1037.850
-1331.100 672.145
-1427.100 399.126
1358.910 -1169.860
-1081.110 1090.120
-1418.110 -472.860
-1321.100 -724.860
-1279.090 827.147
-1351.660 -680.859
-1325.090 -757.863
-1176.100 1018.140
-1315.100 804.146
-1379.100 -682.855
-1497.110 -297.848
-1218.090 -993.856
-1484.100 436.138
-1402.100 -697.859
-1493.100 -465.868
-1394.100 -742.866
-1553.090 221.147
-1559.090 -183.858
-1571.090 136.135
-1474.100 601.137
-1535.100 -396.866
-1432.110 720.136
-1389.080 -855.851
-1237.090 1097.140
-1386.100 878.130
-1525.100 574.127
-1431.100 813.141
-1542.100 567.138
-1341.100 -985.863
-1586.110 -451.867
-1539.100 -632.872
-1510.090 720.149
-1589.100 557.130
-1524.100 793.141
-1352.100 1107.140
-1599.100 -629.862
-1433.090 999.133
-1615.100 -618.858
-1378.110 1093.150
-1535.100 -822.859
-1514.100 890.132
-1463.090 1042.150
-1459.100 -1077.860
-1566.100 -947.861
-1463.100 -1161.860
-1514.100 1118.150
-1594.100 1005.140
-1556.090 1073.140
