0.507 -0.497
-31.501 4.500
54.499 -6.497
11.504 64.502
-25.502 -80.504
-94.502 -17.505
-89.508 64.499
-54.504 109.500
-27.500 122.500
-8.500 -140.497
-13.504 144.499
-24.495 -152.496
-56.496 147.498
43.498 169.497
152.502 -98.499
-83.497 162.495
-153.504 100.500
-132.501 -138.500
172.501 -94.500
207.501 30.501
-210.503 28.496
211.496 -71.498
158.493 165.497
-223.433 -87.827
241.497 35.498
-230.502 -80.504
-12.500 264.504
-252.501 -103.500
253.506 -129.498
283.492 77.501
75.496 -288.497
-24.496 301.498
302.500 85.499
-159.504 270.503
-312.504 61.493
195.510 -264.499
256.501 -212.501
122.505 -311.506
-353.499 -36.502
-364.507 64.501
316.503 -195.498
-184.507 323.499
-376.099 5.337
-376.118 5.261
364.498 -111.500
349.492 181.497
161.496 383.496
61.502 420.509
18.502 -437.506
-437.493 -75.498
-200.493 -420.495
337.498 321.499
139.498 450.501
-344.504 325.499
-444.502 -169.505
182.504 439.495
385.493 282.004
383.429 285.570
376.512 298.503
-379.892 298.991
-278.506 -398.496
-381.494 -306.496
-90.504 -485.504
-501.499 31.503
-392.501 314.498
-441.498 -264.503
-305.495 418.500
326.504 414.502
129.502 519.493
448.500 -301.502
-122.499 525.499
535.503 86.504
-539.504 -82.502
-464.505 -288.500
125.503 -537.507
-304.496 -460.498
-550.499 -40.496
354.501 -427.505
262.496 489.505
256.503 -494.497
558.496 63.503
249.491 512.499
0.504 -573.505
-347.495 461.504
538.504 -219.495
410.498 418.499
-400.498 428.503
-495.499 -323.504
-164.503 568.502
366.503 -470.498
-298.495 516.493
456.501 394.495
76.497 -601.495
620.505 29.503
-401.493 479.503
276.503 -562.502
177.499 604.497
-630.505 35.495
-259.496 579.502
-113.501 -631.496
-574.508 285.496
-129.496 630.502
-440.496 484.495
-660.496 8.500
190.500 -634.498
-140.500 650.503
667.499 -37.500
-634.131 -221.047
656.504 145.503
401.498 -547.505
658.502 -183.501
-63.500 679.503
-490.507 476.503
-427.496 -535.506
-633.492 262.502
614.496 -310.501
-637.500 -274.501
476.504 -506.502
-79.502 -695.498
-555.501 -440.496
-707.499 38.500
-682.496 192.501
-413.497 579.503
-606.492 374.501
-673.501 -237.500
-396.502 -595.496
495.505 -522.507
287.496 -660.506
-708.496 133.496
497.719 -526.042
455.499 -571.500
722.501 -111.507
272.502 -679.500
-665.501 -308.504
-581.498 451.493
-528.495 514.498
700.502 -236.499
110.503 -734.504
-654.503 353.498
686.499 302.500
219.506 717.498
222.501 -721.504
-673.505 -341.502
-401.501 -640.497
-198.502 732.502
-224.502 -734.494
-756.501 142.494
445.503 -631.505
-632.499 445.497
-688.498 362.491
-164.500 -763.500
-272.501 -733.502
-455.498 638.497
-621.498 485.500
291.501 733.501
259.501 -746.503
728.505 -310.502
66.497 794.503
-307.494 -736.503
796.505 102.500
-378.501 725.501
433.492 -697.504
624.501 -541.497
730.500 394.506
-154.500 815.497
-638.501 542.502
569.505 -616.500
-732.503 407.505
-838.496 68.502
-732.496 -417.498
-204.501 -820.497
376.506 -762.499
-841.491 -120.504
90.497 845.494
136.501 843.498
107.499 -852.495
655.495 -561.505
-226.505 832.495
868.497 22.493
370.498 -787.498
315.501 -818.499
362.306 -799.878
-331.507 -823.503
-329.497 824.499
863.505 258.504
-812.498 -398.497
-581.499 700.505
913.504 -6.505
-822.504 409.498
444.496 -809.499
736.500 556.497
745.500 -548.492
-679.497 -629.502
-709.500 -595.506
476.500 -799.495
898.497 256.500
-302.505 -884.503
-820.490 -454.499
344.504 -879.502
-77.504 -945.494
907.504 -280.499
941.494 129.503
294.507 -904.503
-96.498 947.508
719.715 634.430
721.104 634.184
932.499 -233.501
-62.499 958.496
-756.504 592.501
-777.500 565.501
-722.492 641.498
943.502 213.492
143.499 -957.497
-911.496 -336.495
977.505 -38.488
536.498 818.504
941.499 276.494
-884.502 432.491
-972.503 -165.503
-805.503 -572.503
988.499 34.497
-657.495 754.507
998.495 104.501
795.501 -627.503
962.501 -320.500
-91.497 1009.500
-930.506 416.497
306.504 974.505
484.498 900.501
-614.504 818.504
-988.499 -277.500
-507.497 896.499
-962.496 -368.505
-1006.500 242.503
-812.492 651.489
50.500 -1041.500
-900.498 523.499
545.495 -889.507
-926.501 -478.502
-998.501 299.502
-788.496 -685.502
460.501 -943.498
1007.500 -297.499
577.510 888.498
1061.500 101.499
-497.499 945.507
-263.500 1037.510
-264.497 -1042.500
1063.500 168.496
1067.490 -162.505
-962.496 -496.500
-1044.500 -297.503
-1087.500 -47.496
277.495 1054.500
1043.500 -320.497
-175.498 -1078.500
786.503 -763.503
1097.500 26.507
1100.500 48.500
-790.504 -776.494
877.504 -679.498
1059.500 330.500
991.497 -510.500
808.490 -769.500
-500.505 -1001.500
-178.499 1106.500
723.499 860.497
-933.492 -628.504
948.506 623.500
-552.863 994.712
-564.169 988.732
-1031.500 -486.498
1095.500 -321.501
-664.497 929.504
-1142.490 61.499
-551.504 1013.500
1154.510 -39.506
1118.500 -310.496
-881.503 761.498
129.505 -1162.500
1136.500 326.504
556.501 -1045.500
513.505 1068.500
-521.502 1066.490
-1130.500 371.496
819.510 865.500
-1073.500 -517.509
-332.502 -1145.500
278.502 1160.510
-256.501 1167.500
33.503 -1204.500
-1182.500 233.504
610.498 1043.500
245.506 1185.500
1158.510 360.502
-964.504 -735.502
868.504 -850.500
-632.506 -1039.500
314.503 -1178.500
-449.507 1137.500
180.502 -1212.500
-504.500 -1118.500
-302.502 -1189.500
-943.502 788.504
-1229.500 36.497
-510.497 1119.500
745.499 985.501
-772.499 -967.496
-379.499 -1183.500
352.510 1192.500
954.504 -805.497
-796.505 -968.490
912.500 866.501
829.500 -958.489
413.495 -1201.510
1270.500 13.502
1278.500 -6.504
603.499 -1130.500
-1251.610 286.386
-1252.400 285.181
-686.914 1088.890
-687.504 1090.110
-974.503 -849.499
-1290.970 115.118
-535.502 1183.500
-1065.500 753.494
792.694 1045.980
782.500 1056.490
1233.500 -478.501
-1288.510 295.501
-1202.510 554.503
-1257.500 -425.504
1327.490 -76.502
-729.499 -1112.500
-639.501 1167.510
-1016.670 859.500
-804.499 1066.500
-1177.500 631.502
1135.500 713.502
-850.504 1037.500
-894.499 1007.490
-1336.500 216.500
-782.501 1108.500
-1354.510 88.500
1330.500 -288.500
1137.500 765.505
1095.510 -826.505
-798.498 1120.500
1060.490 -880.502
-1246.500 585.497
-1194.490 -707.501
-778.504 -1150.510
1030.500 935.506
-1031.500 934.506
-1294.500 516.500
1384.500 177.501
-1389.500 126.500
-1389.500 126.890
-740.499 1186.490
1386.500 -194.502
-1312.500 498.497
-1294.500 548.499
966.504 -1046.500
1416.500 -204.497
1424.500 -143.496
1144.760 -862.982
1149.200 -863.644
-873.502 -1142.500
1408.500 -327.501
1409.500 -354.501
1216.500 -796.502
-1381.500 449.495
1225.900 -805.481
1467.500 80.502
-847.502 1201.500
1474.500 16.500
-1141.500 933.499
-1400.530 481.770
-1403.500 490.502
1362.500 -613.500
-1293.500 757.500
-1503.500 32.504
1070.490 -1059.500
-1095.710 1035.810
-1095.940 1036.370
-1512.500 -135.494
-1231.500 -905.496
1087.490 -1079.500
1050.500 -1117.510
-1388.500 -657.501
-1445.500 524.497
1184.500 -1005.500
-1524.500 332.501
999.503 -1210.500
-1553.510 -239.499
-1490.500 499.497
-1535.500 389.497
-1559.500 -374.500
-1473.500 -669.506
1148.510 -1146.500
1433.500 765.502
-1406.510 -827.506
1563.500 496.501
1583.500 453.503
-1465.500 754.508
-1414.500 869.500
1335.500 1005.510
-1436.510 867.503
1182.500 -1199.500
-1272.490 1106.500
1588.500 575.505
1312.500 1075.500
-1392.500 1003.500
1285.500 -1154.500
-1441.000 -955.993
1515.500 -838.510
1548.500 -789.505
-1291.510 -1191.500
1308.500 -1203.500
1508.500 -941.495
-1567.500 -849.500
1542.500 902.498
-1328.510 1200.500
-1605.500 794.503
1575.500 -871.501
-1344.510 1207.500
-1374.500 1181.500
1555.500 -954.500
1573.500 -949.498
1489.500 -1078.500
-1589.500 -952.497
1579.500 -1058.490
1492.500 -1184.500
-1597.500 1060.500
