0.491 -0.499
111.503 -18.497
-118.504 -134.503
-49.497 185.497
-79.495 -183.500
150.491 148.496
-207.507 55.498
104.500 -224.505
84.500 263.497
253.497 -146.503
305.502 -132.501
-191.498 293.509
67.498 -349.496
327.501 -218.502
397.492 -93.492
-301.506 -294.500
-126.497 408.496
20.498 431.489
-163.500 -411.498
459.499 99.497
-148.504 -455.495
188.495 462.504
300.507 399.504
-189.497 473.504
243.501 -467.502
-60.506 523.498
371.494 376.501
-381.502 -375.503
149.498 523.496
113.499 544.503
-552.501 -67.498
-565.502 39.496
-27.499 574.503
-423.508 400.504
-532.990 -252.150
252.502 -537.508
144.503 580.495
-547.500 -244.504
170.504 578.508
-463.503 -396.500
626.505 53.500
281.493 -567.499
-279.498 -577.501
-562.497 -311.499
379.498 -521.505
-340.502 554.492
491.504 -434.499
-548.501 -422.492
555.504 -415.491
-557.503 423.500
661.512 -244.496
-727.506 16.501
380.498 -630.492
550.496 490.502
-750.501 6.497
-667.503 344.503
-15.502 -757.497
-701.503 -290.494
-502.502 579.502
-648.501 431.499
701.496 -346.498
372.496 693.498
-781.505 129.499
-22.502 -794.493
-489.147 -626.959
280.499 745.500
662.499 454.502
-798.504 -154.504
-693.497 -432.496
-89.504 -813.506
-724.508 393.497
-450.506 -695.495
78.503 826.503
829.503 81.498
543.499 645.505
-800.502 -288.496
-455.502 721.505
-850.502 119.504
-366.507 778.497
-340.496 792.502
39.511 868.509
814.499 323.498
-715.495 -505.501
-382.510 794.505
876.501 -127.494
760.500 -454.501
885.504 -24.500
243.502 854.496
230.497 -859.503
523.500 729.499
-899.496 -31.497
-787.495 -443.496
-689.501 588.498
-583.499 697.503
-174.504 -902.497
-921.496 13.500
898.502 226.499
139.511 915.506
639.504 -673.494
-407.502 -853.501
524.500 -797.496
-206.499 -934.500
-30.496 -967.490
-31.494 971.494
-709.504 667.504
-151.499 -963.511
-239.499 -945.501
24.506 976.506
330.500 -922.499
881.504 433.499
799.504 574.495
-645.499 755.500
-987.504 -214.502
766.503 659.504
-914.500 445.497
-898.499 495.496
371.501 961.500
-8.496 -1033.500
-407.502 953.504
490.501 915.502
614.499 840.497
360.499 -979.505
861.497 -596.495
-421.502 -960.507
885.494 -570.499
-65.498 -1053.500
-124.503 -1048.510
200.503 -1048.500
1069.500 71.500
-986.505 -418.493
-282.501 1034.500
44.502 -1073.500
213.498 -1066.500
-1056.500 -258.497
564.501 932.493
-365.497 1029.500
-1034.500 -353.500
50.503 -1096.500
876.502 -672.505
960.502 549.500
689.493 869.499
1109.500 -57.500
-1115.490 -36.501
-1055.500 367.502
-1096.490 -243.495
-48.511 -1127.500
1006.500 -531.507
123.505 -1142.500
-946.498 -653.505
280.501 -1117.510
-250.504 -1128.500
-301.501 1115.500
-681.506 -945.502
664.501 970.498
-950.501 713.502
1040.500 578.505
-736.500 -936.499
-154.499 -1185.500
471.501 1098.500
822.498 -869.500
-462.502 1104.500
1195.500 -129.500
-102.494 -1198.500
-400.503 -1135.500
-32.503 -1208.510
384.502 -1149.500
1206.500 194.498
1131.500 466.507
1189.500 -296.500
-1001.490 707.495
1110.500 -530.497
-726.500 994.496
-1020.500 -691.502
-668.502 1045.500
796.499 -968.495
-902.499 877.506
844.504 -939.503
740.497 1023.490
1106.500 -612.500
-826.502 -970.503
401.501 -1212.500
569.501 -1144.510
-684.496 1078.490
-1141.500 -589.496
-916.504 -913.501
-937.498 -893.494
1053.500 -755.500
1266.500 -292.506
647.507 -1127.500
-739.500 -1077.490
-728.590 -1088.860
-724.173 -1092.350
871.497 -980.493
743.508 -1088.500
-1040.500 -820.504
-789.499 -1067.490
-1193.500 -600.499
1043.500 -845.495
1338.510 165.501
-710.502 1149.500
-1011.500 900.502
661.498 1186.500
1358.500 84.501
-981.501 954.504
1214.500 636.497
-1211.500 641.500
-1232.500 610.507
-1210.490 -658.498
-1303.490 460.505
1373.510 -278.498
-994.505 -996.509
-1409.490 -56.493
1414.490 -45.497
-1076.500 -927.499
1379.500 350.500
-1408.500 -218.503
1349.500 -469.499
1406.500 -273.500
-1360.600 451.299
-1047.500 -1000.500
-1005.500 -1066.500
1354.500 -569.503
1155.500 918.495
854.502 1204.500
-1395.500 -531.497
1049.500 -1078.500
-1328.500 722.500
-1438.500 -488.497
-1434.500 -552.506
-1133.490 -1064.500
1546.500 -194.020
-1541.500 232.495
1447.500 588.501
1387.500 -736.501
-1342.500 -822.496
-1531.500 394.503
-1554.500 295.501
1588.500 -161.502
-1560.500 -415.497
1615.500 158.492
-1477.500 675.497
1466.510 718.499
-1481.500 -706.500
1236.500 -1081.500
1129.500 -1201.500
-1543.500 582.498
-1496.490 700.498
1524.500 -677.497
1500.490 -747.500
-1416.510 -900.501
-1433.500 -881.495
1328.500 1060.500
-1386.500 -1016.500
-1522.500 -811.502
1429.510 -973.504
-1576.500 -712.503
-1448.500 -983.499
-1596.500 766.501
1419.500 -1098.500
-1576.500 -1008.500
1614.500 1102.490
1578.500 -1158.500
-1618.510 -1100.490
