0.500 -0.493
-20.503 -2.502
-12.244 18.440
-19.750 16.214
-14.496 54.505
99.505 69.508
42.492 113.496
-43.498 121.500
114.498 75.503
-51.510 -131.502
-110.500 118.501
-196.505 -86.501
117.499 -190.500
-197.502 128.502
161.499 -174.500
-111.501 217.505
220.497 116.500
111.502 -230.500
-166.494 200.499
-224.505 139.499
-242.503 115.494
-39.503 266.494
45.493 -271.500
-63.503 268.501
291.496 7.506
270.496 115.503
278.500 95.494
-27.495 299.503
25.505 -304.502
144.499 -283.503
-70.503 -316.505
-299.503 140.502
258.508 209.495
28.496 345.508
276.503 -211.496
-346.500 37.503
-277.508 -214.486
-277.167 -215.616
314.496 -163.498
242.501 -269.502
147.499 332.493
366.491 -52.498
166.501 332.488
-373.502 -71.505
-387.499 -27.501
314.495 231.504
395.506 -48.506
347.501 -206.505
-416.495 -78.496
361.500 223.497
254.499 -346.495
-151.266 408.443
-151.974 409.173
-325.501 -292.499
347.500 268.499
105.496 429.505
-241.505 -387.494
-389.506 259.502
17.504 472.497
-490.506 10.502
483.499 88.502
102.498 -484.096
95.748 -486.368
-469.496 -172.504
182.495 472.505
461.500 216.500
62.498 -510.502
-476.496 204.499
344.496 395.500
-521.498 102.503
-531.500 -81.505
255.503 474.505
-263.503 473.506
464.500 283.508
194.497 -512.495
-417.503 -362.503
367.500 -418.505
325.502 452.488
-250.501 -499.506
86.495 -560.507
-351.504 -444.502
138.499 555.500
-573.494 -21.503
-306.501 -487.499
-373.498 439.502
485.503 321.498
394.499 445.509
-235.500 554.501
-159.506 582.502
-596.504 -149.505
-398.506 -476.505
593.501 188.501
-120.501 -615.501
-590.559 215.042
-590.583 215.105
271.495 567.502
-379.504 505.500
-637.504 38.501
552.502 -325.498
615.494 180.503
312.972 566.075
312.624 567.260
227.496 -609.502
-541.501 361.503
439.498 -482.507
-299.508 600.508
-544.574 395.431
477.506 476.991
473.498 482.496
224.500 -642.505
-572.502 370.492
-537.725 422.168
-537.893 422.932
-260.500 637.507
650.500 244.489
-631.501 288.495
290.493 632.498
556.514 -423.504
241.500 -658.502
494.497 -504.498
-333.505 -622.498
-539.498 455.497
547.502 447.502
242.474 -674.978
691.502 192.506
261.507 674.500
724.501 -100.494
-596.001 -423.917
-595.992 -424.019
715.497 -160.501
-733.503 -3.501
-639.497 363.494
-116.502 726.500
-377.499 -636.503
463.502 587.504
664.502 -346.503
614.510 429.501
713.498 239.496
358.499 -662.493
92.499 761.501
678.504 362.499
363.504 677.506
705.501 309.500
-138.504 760.507
272.500 724.501
-738.491 -233.502
-183.496 753.498
-770.495 108.502
500.502 -610.502
483.495 631.501
-349.506 719.510
679.504 433.500
591.500 -551.506
513.126 -626.017
319.501 -750.502
783.500 -261.506
-645.501 -514.503
-227.499 796.507
-827.498 92.503
-698.501 478.497
842.503 141.498
-83.493 849.501
697.506 -500.504
681.188 -525.015
163.498 -844.499
758.495 -408.504
423.502 -752.501
-834.502 219.500
688.650 -526.671
-752.503 437.495
274.495 -829.495
-842.501 -233.498
440.499 -767.497
-708.500 541.501
401.501 -801.508
731.497 -529.501
-867.503 246.506
-404.502 -807.497
-206.503 881.493
688.495 -594.494
-854.499 327.495
28.508 -916.499
645.499 -652.501
689.494 606.506
825.497 403.500
872.501 -337.501
701.506 623.496
-446.494 827.505
-34.496 941.496
735.498 -603.500
-197.497 -930.971
-197.501 -934.797
-705.508 -649.509
315.496 -908.504
734.505 -626.500
-954.498 -137.497
769.516 589.795
-599.496 762.501
906.501 -365.504
-724.502 660.492
770.504 607.501
-935.499 -310.501
813.501 -561.501
-816.503 562.500
986.499 -118.505
-589.495 806.500
-997.497 -67.506
-860.505 509.506
-125.501 992.496
981.497 -217.509
843.498 557.489
-940.503 -377.503
442.499 912.492
933.492 403.504
540.498 876.507
-391.500 956.502
-732.500 732.499
-418.495 957.500
-559.507 -888.498
-192.504 1033.490
-529.497 -909.499
-1039.500 -178.498
881.500 -590.503
435.646 -971.048
476.220 -953.496
483.708 -953.497
816.501 -692.495
-1072.490 87.505
-850.493 -661.502
-215.499 1055.500
480.500 966.501
856.497 658.500
1055.500 -248.504
-155.506 -1074.490
155.502 1079.500
-1061.550 255.198
-1061.590 255.263
-1042.490 -336.502
546.503 950.504
1031.500 -384.499
-404.496 1033.500
-955.499 -567.503
-1014.500 -454.505
881.505 -682.494
-1069.490 314.491
1000.510 -500.499
1040.510 -411.503
-533.498 982.511
-1114.500 -120.497
-211.499 1101.510
-1113.500 -173.504
-1071.500 354.505
-839.494 755.506
-749.497 847.492
748.496 -853.494
-227.499 1111.500
-1119.500 -198.498
-1066.500 -407.502
-413.501 -1071.500
834.505 806.494
-948.507 670.499
745.502 -895.505
-1109.500 355.500
-764.495 884.502
-875.492 -776.500
368.500 -1114.500
1174.500 39.503
-288.510 1140.490
-405.502 1111.500
-1065.500 522.504
-789.503 887.499
-241.492 -1164.510
1078.500 -522.502
239.506 1173.490
-199.493 -1182.490
-1172.500 254.500
1114.500 451.497
1163.610 -344.219
1166.330 -339.703
1003.510 -686.505
-222.501 1194.510
-1211.500 146.499
-1191.500 -269.501
894.497 -847.501
-1073.510 -629.501
885.504 -880.499
-352.503 1198.500
1116.500 562.501
1142.490 -537.501
480.498 -1179.510
-1054.500 -718.502
-918.502 886.503
650.499 1099.500
975.508 828.493
526.496 -1167.500
1065.500 -713.503
-1221.500 -406.507
-1257.500 -281.508
-1286.500 -92.503
1239.510 374.494
-1285.500 148.496
744.498 1062.500
1068.500 -738.501
1276.500 252.502
689.499 1108.500
1287.500 223.496
-1021.500 -824.499
-742.505 1084.490
-1256.500 -404.502
1310.510 175.501
-567.501 -1197.500
1271.500 398.498
-771.504 1086.510
831.506 -1043.510
-1316.500 216.501
-1310.500 -256.503
1115.510 744.500
-696.496 1145.510
-1346.500 -180.495
-1314.500 368.496
-756.498 1137.500
-1351.500 -239.499
-1334.500 -322.499
1093.500 -842.498
-1362.500 232.503
-1040.500 917.490
686.494 -1209.500
1387.500 108.497
1384.500 -165.506
-1239.500 -637.496
-1281.820 -553.368
1385.500 -213.502
-744.495 1187.500
-1198.500 735.499
-1326.500 468.506
-1291.360 -562.315
-1380.670 -288.091
-1064.500 -936.496
-1347.500 -442.498
-1391.220 -282.698
-1402.500 228.505
-1268.500 643.502
1391.500 336.506
-832.501 -1171.500
-1400.500 -324.496
-1418.510 -252.502
1427.500 -209.491
1268.500 -689.502
-1326.500 585.502
1447.500 -119.498
-1409.490 -354.501
-1322.490 -605.497
-1252.510 743.495
-1359.500 535.501
1166.500 -885.497
-1244.500 772.494
1024.500 -1060.500
-988.500 1104.510
1371.510 -585.501
-964.494 1140.500
-1503.500 -3.500
-1409.500 -524.505
1170.500 -952.496
-1009.500 -1174.500
1394.510 684.495
-1272.510 891.504
-1502.500 398.501
1028.500 1168.500
-1556.500 -82.504
1349.500 -789.503
-1073.490 1141.500
-1483.510 506.497
1401.500 710.496
-1469.500 558.497
1464.500 -610.497
-1484.500 -557.500
1378.490 -795.492
-1590.510 -78.505
-1474.510 -605.489
-1587.500 -181.508
-1549.500 422.499
1095.500 1176.500
-1383.500 819.496
-1486.500 621.496
1337.500 -909.500
-1578.500 398.501
1403.490 -831.501
-1598.500 -322.498
-1510.500 640.497
-1447.490 -777.500
-1317.500 986.496
-1310.500 1007.500
-1526.500 690.496
-1353.500 1002.500
1458.500 866.502
-1326.500 -1073.500
-1539.500 -751.496
-1490.500 860.499
-1404.500 -1010.500
1427.500 1027.500
-1396.500 1081.500
-1575.500 800.505
-1519.500 -903.505
1362.490 -1134.500
-1513.500 921.503
1616.500 -798.496
-1383.500 -1179.500
-1431.500 1123.490
-1507.490 1032.500
-1477.500 -1088.500
1576.500 1042.500
-1572.500 1125.500
1600.500 -1098.500
