0.500 -0.503
-23.502 -11.504
75.505 -21.502
46.497 129.499
-64.501 121.500
-130.500 -68.503
145.491 -41.505
137.493 68.499
76.498 -136.498
-151.509 -36.498
10.503 161.505
147.495 -147.502
-195.499 -98.496
-216.491 53.503
133.497 -192.500
-234.496 2.499
57.494 228.495
-192.502 -151.493
244.497 -45.497
191.502 -193.505
18.504 296.502
-219.501 200.501
-252.497 -163.499
308.507 -16.492
-193.493 253.505
-56.497 319.499
-141.797 -300.653
-325.498 -96.500
-152.230 -305.883
-136.505 -334.495
-173.501 -317.502
36.497 362.508
52.504 -362.502
233.502 -287.504
117.503 -356.498
-377.499 -10.502
154.500 350.500
154.500 350.890
269.504 -280.501
-94.500 -383.504
196.230 -348.263
198.439 -348.964
390.503 121.505
65.497 -404.496
110.502 -395.764
110.502 -396.966
250.509 327.495
144.506 -394.499
347.501 -249.501
430.502 -28.499
-121.502 -421.505
-293.499 -329.498
-205.501 395.499
423.502 -177.499
-365.506 276.506
-449.495 -97.493
-462.509 41.501
-360.497 296.507
-294.501 375.500
173.492 451.503
-84.502 481.500
-456.500 -181.503
394.505 293.497
-364.500 337.502
462.501 -187.497
423.500 -278.497
63.501 -507.503
236.498 456.502
-425.503 -289.503
-507.500 -124.497
424.499 326.501
383.500 374.504
366.572 392.112
-309.502 -439.497
206.500 502.498
-501.705 220.070
-537.504 -136.497
-506.498 237.502
-173.498 533.505
-528.502 -191.500
406.505 389.508
-545.503 137.496
523.497 -217.496
16.494 -568.500
-131.499 -553.501
-566.502 -45.500
-207.500 -530.500
147.500 551.501
337.503 -462.500
546.503 -190.502
202.498 -545.502
-479.501 329.502
552.498 -208.495
66.498 586.497
269.496 525.499
471.502 -357.498
-590.496 40.502
-253.707 543.106
-62.507 -601.507
-212.498 -569.497
-569.503 221.504
205.502 -577.499
-474.305 387.585
620.503 33.499
401.501 -475.499
14.497 622.500
341.501 521.501
-486.474 393.468
-486.822 394.070
-514.495 367.500
-273.493 -579.496
-483.508 -423.497
-626.501 -143.499
513.501 -388.502
273.497 589.499
168.506 635.500
-507.506 432.500
-548.497 379.500
415.501 -525.501
626.502 -250.498
221.496 -641.501
493.500 -474.503
-88.503 678.507
-330.502 600.495
80.498 682.499
663.499 186.504
95.502 -683.501
691.504 60.502
381.505 579.496
688.496 99.499
596.500 -362.500
-418.509 -558.505
-541.500 -444.500
-297.497 639.501
51.507 704.502
-309.501 -644.499
-270.502 661.497
-657.498 285.501
-676.500 261.498
-491.497 534.500
-716.910 -118.748
-718.498 -116.501
-614.497 390.504
263.501 679.506
174.497 -712.500
601.953 435.177
480.499 -568.501
-555.503 -499.511
600.503 446.502
-647.496 380.501
759.491 -99.497
-755.504 -126.504
-268.500 718.510
74.501 -766.502
-676.506 -375.494
-95.501 768.505
695.506 342.504
706.496 -321.498
-700.497 332.499
-396.506 -667.501
512.501 -588.503
-440.501 -644.502
-730.492 275.499
575.500 -530.498
401.501 680.502
-791.497 37.499
542.501 580.502
717.499 -347.497
-604.501 -523.502
330.502 -729.495
-801.497 -22.505
-657.498 460.500
-763.492 -249.491
-774.494 227.497
469.501 659.497
283.500 -759.499
-14.502 810.508
-577.500 571.500
64.498 -812.495
728.507 365.500
-690.495 -436.499
288.503 769.498
757.501 -323.495
610.499 -559.503
325.493 760.510
-727.502 401.499
-145.487 827.499
389.497 -748.496
634.499 -562.503
-61.498 -845.501
804.507 270.499
531.503 663.502
824.496 229.501
858.497 -47.502
769.502 383.501
843.500 185.495
469.500 -725.500
-396.502 769.501
548.497 -674.500
-197.496 846.502
-602.501 632.499
761.501 -431.499
-259.499 -843.506
864.504 202.493
282.501 -846.508
-882.498 124.494
-845.497 -302.501
-195.504 -878.501
860.500 274.500
678.496 -602.500
642.497 642.498
756.496 -507.498
-739.496 531.494
-394.497 839.499
97.503 -927.502
-419.509 834.500
-594.504 -723.504
-745.500 -567.502
448.503 824.505
-515.498 787.502
-695.576 636.672
830.499 453.498
-944.264 59.957
-648.508 689.502
315.672 -894.459
-520.494 -792.499
762.499 -564.507
-697.383 641.277
949.497 34.510
324.978 -893.175
697.500 -649.499
-887.499 345.495
859.501 421.501
-280.936 916.136
-281.038 916.546
-499.500 824.499
-745.497 618.490
-242.496 -939.501
969.501 48.502
-526.497 817.495
771.497 595.497
697.499 694.502
141.498 975.504
-695.499 699.500
-988.493 -32.502
967.498 -226.502
-910.509 395.500
-739.496 663.494
994.498 -94.504
-294.501 956.500
1003.500 31.495
-322.491 955.509
-779.493 650.499
822.494 -600.500
-900.500 -482.493
-1005.500 -189.509
-923.499 444.501
700.498 -750.503
-838.500 598.494
-754.502 702.498
-326.490 -980.502
-879.502 -544.507
-942.496 -430.499
-708.501 758.498
-574.497 865.491
-222.498 -1019.500
695.499 -783.495
699.501 781.501
450.505 -951.501
-20.502 1051.500
-287.498 -1013.500
744.495 -746.501
-669.503 -814.492
-820.499 665.501
974.492 -413.503
274.501 1022.500
-384.504 989.495
-918.503 -540.502
-845.499 657.509
945.118 512.659
442.497 -982.504
949.716 511.636
304.500 1037.500
-163.506 1070.500
-685.537 841.251
-867.500 656.514
1089.500 -43.502
-891.337 634.708
948.500 549.502
-697.501 844.494
-897.046 630.800
-369.496 1033.510
-212.502 -1078.500
-1081.500 -238.498
414.499 1027.500
-846.496 715.498
-762.506 805.495
-1066.500 306.498
1078.490 276.500
551.502 967.502
889.499 -676.502
651.499 921.509
-969.526 578.959
1006.500 518.500
706.500 885.505
538.501 -1007.500
1143.500 -93.500
-707.495 907.499
-587.500 989.503
-1099.500 344.502
-1009.500 -559.504
1152.500 109.501
43.507 1157.500
1137.500 -230.500
-950.496 668.504
551.503 1023.500
-750.504 896.507
127.499 1165.500
1174.500 68.503
1138.500 -301.498
-869.502 792.498
660.500 974.506
1092.510 456.501
-1058.510 -552.499
1047.500 -577.505
-851.501 842.498
129.503 1194.500
264.500 1175.500
1076.510 554.503
1076.500 -556.506
-1102.500 501.503
1144.500 404.499
-1174.490 -309.502
-1152.500 -387.499
-1219.500 -130.495
-613.499 -1065.500
1185.500 341.499
696.493 1018.500
-1188.490 331.502
-867.499 -880.502
911.500 -840.505
937.503 -817.496
595.500 -1097.500
678.499 -1050.500
1239.500 -177.511
1105.490 -589.507
-1246.500 119.498
-1253.500 -84.490
-398.497 1192.500
-927.498 850.499
-1188.500 414.502
-1071.500 661.485
-385.499 -1200.500
1208.500 360.500
-1053.500 693.503
-1265.510 45.500
981.500 -808.507
-1161.500 -517.498
1065.500 -698.497
1253.500 227.500
818.498 979.507
-1021.500 777.499
-1283.180 47.096
-921.503 -907.500
1164.510 565.506
-1295.150 39.774
-1016.500 805.501
-1121.500 657.502
1099.510 701.503
-622.498 1149.500
1277.500 -293.497
1293.500 -224.498
1152.010 -637.499
1153.850 -637.501
1015.490 849.513
834.500 1034.500
1093.510 764.497
733.499 -1121.510
-1280.500 396.496
-1119.490 -748.507
1179.500 652.493
1271.500 -452.500
-1133.510 -731.501
1047.510 -852.501
-726.505 1144.500
752.498 1129.500
1233.510 594.502
1106.500 -816.978
-1367.500 -185.501
-1100.510 836.498
1130.500 797.498
1253.510 599.499
1283.500 565.499
-1214.500 725.498
1319.500 -532.502
-1043.910 971.030
-1041.080 975.667
-1391.500 -333.498
1416.500 217.496
1318.500 568.506
-1071.510 966.500
-1280.500 667.502
-1429.500 227.506
-1153.500 -879.496
-1060.500 989.655
-1060.500 991.307
1451.500 -135.502
1432.500 -282.498
1049.500 1019.500
-1045.500 1027.500
1368.500 -536.502
-1205.500 842.495
980.499 -1098.500
1479.150 -162.359
1479.860 -161.789
1420.500 449.499
1261.510 -796.505
-1062.500 -1048.490
-1263.500 795.501
-1333.500 678.512
1488.500 -231.502
1494.500 -190.111
-1502.500 -144.503
1467.500 370.504
-1287.500 816.501
1407.500 595.507
1499.500 -343.499
-1285.500 843.497
1525.490 -218.506
1262.500 884.498
-1313.500 806.503
-1519.850 -268.622
-1221.500 943.497
-1133.500 1048.500
963.501 -1208.500
991.496 -1197.500
-1533.500 -272.504
1559.500 23.501
-1547.500 210.493
1558.500 161.497
-1043.500 1172.500
-1372.500 773.496
-1043.500 -1181.490
1564.510 222.502
-1429.500 678.501
1542.500 373.501
-1589.500 15.509
1474.500 -651.502
-1368.500 861.506
1621.500 -28.495
1210.500 -1080.500
1196.500 1099.500
1514.510 -600.495
-1103.490 1201.500
1580.490 415.496
-1418.500 825.504
1599.410 -384.012
1558.500 527.501
1529.500 636.505
1279.500 1055.500
-1313.500 1015.500
-1147.500 1208.500
-1516.500 -697.494
1256.510 1119.490
-1562.510 656.497
1444.500 -906.505
-1543.500 728.497
1224.500 -1197.500
-1341.500 1068.500
1380.500 -1022.510
-1529.500 809.501
1365.510 1116.500
-1584.500 781.498
1422.500 -1076.500
-1439.500 1064.490
1436.500 -1105.500
1365.500 1191.510
1542.500 -954.501
1493.500 -1042.500
1596.500 900.501
-1539.490 1121.510
1599.500 1039.510
