0.505 -0.505
22.497 42.498
86.501 -46.497
58.503 -83.496
131.497 -29.499
-81.499 111.497
-140.498 -63.498
86.502 -137.498
214.491 27.499
39.500 -217.498
207.499 -116.495
-163.502 173.508
240.496 -81.497
-193.506 176.513
-144.501 -233.500
-269.497 -53.491
-196.499 -207.497
1.502 -287.505
-242.502 -157.501
-295.499 -28.500
-64.499 -304.503
-135.503 295.513
-172.504 -308.499
33.499 354.497
-358.500 -89.500
-306.507 -230.494
-322.503 207.503
19.494 -403.498
-126.495 384.501
-23.496 410.020
336.501 249.497
6.499 420.499
-392.503 -170.501
305.490 -307.490
391.497 -190.495
-248.494 357.492
-234.498 377.507
286.502 343.504
-367.499 -261.500
-459.501 -78.505
338.506 324.497
-427.498 -222.497
-184.513 -450.501
390.496 294.497
-187.586 -459.520
-318.501 393.508
-512.503 4.505
-228.501 473.501
332.503 -410.501
-526.502 37.501
485.498 209.505
-492.498 -210.494
-519.503 -138.500
139.496 -523.499
-418.501 347.505
371.504 -400.500
112.497 534.502
6.504 -552.497
-530.502 157.500
-375.497 -407.500
-489.507 -265.493
523.505 -194.499
313.496 -464.498
-408.887 -385.420
123.215 -553.824
124.038 -555.038
-402.501 -409.497
-572.494 -68.502
-73.504 -585.498
16.503 -593.493
-114.501 -582.501
-547.504 -237.506
230.504 552.497
-600.496 -10.497
172.502 -576.492
-256.499 546.496
-152.507 -587.501
571.497 -206.496
-391.499 -471.494
566.504 -264.499
240.503 -577.501
497.498 -389.506
-241.499 588.497
-621.500 165.504
355.495 -540.499
631.492 152.508
-433.506 -488.500
651.500 75.503
-128.994 649.960
-543.492 -385.493
-660.503 88.504
-129.496 655.511
669.499 -52.499
669.504 -70.491
678.498 -34.498
-634.501 239.493
311.495 -606.500
664.510 157.504
-528.500 434.509
645.497 -256.496
-617.502 -317.108
-617.502 -317.500
669.499 -200.494
215.496 -667.501
-61.509 700.504
-94.496 -703.495
-165.500 696.498
374.498 -612.507
-230.494 680.495
-428.500 581.493
-46.499 -724.502
-669.495 281.490
391.503 -616.500
-93.493 725.504
-96.499 -749.498
748.499 112.503
-251.501 -714.503
-716.500 -246.498
-763.495 -79.504
647.502 414.494
401.497 -658.497
739.509 221.504
235.505 -736.502
776.498 -142.500
428.501 -670.494
-74.504 -792.504
-706.505 380.195
-706.506 380.618
659.504 459.503
-99.494 -798.494
-697.491 418.504
-814.500 11.495
-769.496 -296.499
-799.507 216.497
-149.504 815.499
-524.501 -644.499
131.500 -821.500
-722.498 432.503
267.501 -802.497
242.496 -810.501
-832.493 170.498
503.501 -687.492
381.094 761.505
-272.497 -807.503
-204.495 826.496
-771.499 -378.501
-826.496 -236.499
372.501 775.505
-477.495 717.503
801.501 337.510
780.496 -413.495
60.497 881.496
-869.498 166.497
870.499 167.495
-883.638 62.713
-883.866 63.286
-722.506 516.494
868.499 -203.498
-287.496 -846.493
737.498 -520.504
-758.503 491.501
-211.503 887.504
-364.503 -838.493
-548.502 734.497
-618.497 684.503
-922.501 -90.505
605.508 -704.492
-846.500 380.498
-665.505 650.500
-921.503 152.500
462.496 -816.506
897.106 277.620
897.393 278.204
-887.498 326.498
896.493 305.502
-853.494 -416.506
594.501 745.502
-872.501 390.504
-838.503 -465.501
37.501 964.498
-786.505 -569.501
250.500 -942.503
-55.504 -984.500
-567.500 -808.505
349.501 923.509
-79.499 -988.494
954.497 283.497
-674.497 -737.508
590.501 -808.497
191.499 988.490
121.498 -1007.500
-35.493 -1016.500
-684.504 751.500
469.500 -905.496
-994.500 -225.505
-1018.500 -61.500
110.496 1019.500
-949.504 -415.509
-950.504 426.502
783.503 689.506
-194.501 -1027.500
611.500 853.500
-750.508 -734.507
-491.368 937.966
122.496 -1056.500
-985.503 405.502
526.497 -934.500
-978.505 436.502
568.502 -913.505
-306.503 -1034.500
472.501 970.495
-842.494 -680.507
-1051.500 -260.500
374.500 -1021.490
954.501 523.505
-217.490 1071.500
-899.495 -625.500
-407.499 1028.500
425.502 1024.500
-1108.500 -56.499
-959.506 -566.498
-995.500 500.499
-938.502 602.501
602.500 -941.503
1030.500 443.494
-592.500 956.494
4.495 -1126.500
-1111.500 184.501
-1130.500 -95.497
-988.496 -564.503
-99.496 -1135.500
690.498 908.503
940.493 652.496
624.506 959.496
490.501 1040.500
-881.489 741.494
-1147.500 -111.499
1065.500 444.500
797.504 -838.503
-656.499 -954.502
-763.507 871.499
-548.512 -1025.500
-624.509 -982.499
1170.490 -24.491
-551.505 -1047.500
489.496 -1079.500
-1186.630 49.875
-467.502 1093.500
-583.497 -1042.500
-1189.500 105.508
-1193.350 59.222
-1193.940 61.727
-903.498 -787.503
27.501 -1199.500
-1171.510 263.501
366.898 1146.660
-1158.500 328.503
361.881 1149.080
-1139.490 -400.493
1098.500 -514.507
-471.497 1116.500
1213.500 -3.512
1215.510 36.499
-966.500 -740.501
462.501 -1132.500
998.500 710.506
-1226.500 -0.506
1085.490 -576.504
-887.500 -856.504
-505.504 -1125.500
-808.505 932.497
-1167.500 401.505
-1236.500 52.499
-1115.470 548.137
-1131.500 -522.502
1204.500 -340.505
-1121.490 553.496
-1093.500 607.499
-769.492 -991.499
-945.502 -826.504
-976.496 796.509
610.504 -1107.510
-1130.500 -565.504
-1263.510 81.502
-1190.500 -439.498
-712.500 -1057.500
1172.500 -506.503
1238.500 -320.498
-1182.490 490.501
1274.500 -139.505
-1205.500 435.499
543.507 -1162.500
998.500 -815.499
-839.497 987.501
1266.510 289.498
-1140.500 623.501
-1244.940 384.696
-1243.590 389.294
-881.498 960.503
-691.495 1107.500
1024.500 813.501
538.501 1193.500
-863.491 -985.501
-1312.500 -69.492
-1319.500 -88.497
-1321.500 128.492
-903.505 -974.500
-1205.490 558.499
1305.500 253.501
1009.490 -870.495
1202.500 -576.494
910.501 977.498
-1318.500 213.497
619.507 1187.500
-1216.500 -560.504
-1270.510 432.500
-1260.500 472.498
1245.490 515.494
-949.505 962.494
1324.500 277.502
1315.500 -341.493
-711.501 -1164.500
-1304.500 398.495
-1360.500 138.495
1213.500 638.500
643.506 1212.500
-1386.500 -48.492
-1317.500 443.500
1116.500 -832.499
-1248.500 -615.514
1060.500 -904.500
-1355.500 321.492
934.497 -1039.500
-1345.490 -376.495
1012.500 980.500
-980.306 -1016.730
-977.510 -1021.490
-1267.500 638.496
-1398.500 -278.502
-1419.500 -140.501
-1347.500 480.501
-1348.510 -489.502
-1434.500 59.502
-1427.500 202.504
842.496 -1173.500
-1341.500 535.498
-1319.500 -596.504
-1316.490 610.501
1071.500 -981.501
-1446.510 125.495
-1063.500 -990.500
1451.510 84.499
-1377.500 487.503
-1469.500 48.496
-1409.490 435.501
1117.110 -967.736
1117.920 -968.920
-1400.500 499.497
-1133.500 -964.498
-1060.500 -1044.500
-1068.500 1041.500
-890.491 1206.500
-1094.860 -1028.220
-1335.500 689.494
-1096.080 -1030.530
1298.500 764.503
1021.500 -1117.510
-1433.490 495.497
-1516.510 92.507
1268.490 -840.493
-1295.500 -797.498
1490.500 314.499
958.499 -1193.500
-1448.500 495.501
-1148.510 -1015.490
-1313.510 -798.498
-1480.500 -422.486
-1532.500 -207.502
1542.500 -155.502
1184.500 999.507
1101.500 -1091.500
1270.510 -893.500
-1313.500 -836.500
-1340.500 -798.495
-1474.500 558.504
-1302.500 -911.503
-1595.490 73.502
-1568.500 -305.499
-1248.510 997.502
-1338.500 892.499
1605.500 -126.502
-1368.110 850.438
-1450.500 706.502
1190.500 -1093.500
-1561.500 -417.493
-1375.540 849.001
-1474.510 687.498
-1547.500 -504.498
-1375.610 874.003
-1375.520 874.453
1114.500 1190.500
-1553.550 495.989
-1599.500 353.502
1549.510 -542.498
-1401.500 863.499
-1619.510 304.500
-1357.500 -938.502
-1603.500 -412.496
-1478.490 -748.499
-1219.490 -1129.500
1334.500 993.498
-1286.500 1054.500
1475.500 771.500
1272.490 -1077.500
1340.500 -1007.500
-1561.490 640.503
1356.500 -1016.510
1243.500 -1152.490
1512.500 -772.507
-1512.500 780.503
1509.500 -795.495
-1409.500 961.503
-1323.510 1085.500
-1592.500 -633.501
-1601.490 624.501
-1312.500 -1174.500
1445.500 -1021.500
1599.500 -765.501
1609.510 -785.498
-1576.500 -859.496
-1462.500 -1080.510
-1562.500 936.499
-1614.500 849.498
-1530.490 -1015.500
1534.500 -1018.500
-1421.500 -1170.500
1528.500 1035.500
1621.500 928.502
1451.500 -1192.500
1608.510 -990.498
-1564.500 -1057.500
-1605.500 1045.500
-1598.500 1102.500
