0.503 -0.500
-71.503 -31.505
-99.504 46.502
-135.497 8.496
35.500 137.503
-96.496 -110.501
-29.505 159.493
17.027 -166.823
17.736 -167.553
12.505 168.498
180.503 -95.500
-73.501 196.498
-187.505 117.493
-209.505 -86.501
-201.501 -149.502
61.496 253.496
-57.498 275.505
293.501 -8.498
198.505 -220.498
235.499 183.499
270.497 -132.498
145.492 -268.491
111.496 -301.503
135.502 -301.493
343.499 -86.005
-282.499 211.495
102.500 341.491
66.494 -355.504
11.504 -375.496
14.496 380.502
319.504 -226.504
-212.502 -328.504
-363.500 -144.500
-360.981 -175.120
-361.019 -176.053
338.504 -225.509
-234.499 331.500
-50.502 413.504
-367.043 -202.583
406.498 112.502
-260.498 330.503
416.503 -80.505
424.499 11.497
-363.500 -235.499
-72.500 431.501
-43.499 -440.506
413.501 160.501
438.498 74.502
-426.495 141.491
-15.498 -450.499
-393.502 -228.497
-416.497 183.505
-118.494 -443.507
72.506 -456.502
465.992 13.262
466.458 12.073
-60.507 -465.510
139.500 -449.504
-248.502 399.498
-71.497 472.501
-296.503 -388.491
-86.497 480.500
487.502 -97.504
-367.503 346.495
227.500 -453.504
-458.496 -239.503
506.497 122.507
-144.506 501.500
-526.501 -71.496
-251.502 468.501
512.494 -152.499
-517.502 -131.501
173.501 -517.507
-543.505 40.499
-450.508 -312.496
275.507 477.494
440.505 -343.498
-84.497 553.505
-409.566 -383.471
-550.501 106.503
557.501 -100.498
289.498 -495.491
-161.503 -551.505
303.133 -488.731
177.361 -554.202
169.775 -558.287
-204.499 547.499
495.499 -318.500
525.495 -278.505
-568.504 -173.496
-338.494 -493.503
409.500 -441.500
171.495 -577.502
192.510 -573.501
-567.507 210.496
614.500 42.502
-271.505 566.501
-581.501 243.504
-629.500 -57.510
544.494 -324.503
629.497 85.499
633.833 -59.733
461.496 -439.503
638.489 -64.492
-104.498 638.497
-604.507 244.497
-201.500 -621.503
470.496 -459.500
563.502 345.498
-305.497 -586.504
-650.505 120.498
348.500 566.507
92.505 662.493
-4.493 -673.500
-312.975 598.949
-314.636 602.312
-671.495 -110.499
-31.503 685.499
-72.501 685.501
-290.500 626.497
-185.507 -666.498
644.507 -257.500
662.500 -217.501
-561.498 422.498
-519.498 479.495
-228.496 -675.497
595.503 397.502
711.494 -89.498
-452.502 -565.500
-587.496 423.498
648.496 -325.499
-667.510 -286.501
146.501 -714.495
-428.498 589.500
-388.502 -623.501
663.487 319.493
492.499 -550.501
-574.490 468.501
-753.499 36.498
-647.508 -391.501
-723.504 235.502
-563.505 512.503
-345.495 -683.503
-429.501 633.503
661.501 387.493
-585.494 -499.497
-680.495 -366.496
782.500 -102.501
195.501 767.497
-70.502 797.503
273.508 754.500
-517.492 621.499
-81.834 -813.490
-81.607 -814.617
683.507 -455.505
-548.496 -612.487
-641.498 -519.505
-280.502 -777.499
327.492 -769.501
371.506 -750.501
575.503 -610.503
838.500 73.495
-559.502 635.492
848.494 91.496
848.505 -95.497
218.504 825.505
605.499 -604.507
786.491 -346.497
-409.494 -759.502
313.501 804.507
-382.500 779.508
175.497 851.507
854.496 -166.494
-865.501 -109.503
-835.496 255.506
323.492 -813.499
-599.501 640.500
810.498 -353.500
839.497 -286.500
-762.499 456.500
-785.496 424.502
47.497 894.497
257.502 -860.493
498.498 746.503
531.495 -732.507
-725.500 541.502
-128.505 -900.497
888.500 -217.502
-874.501 -270.504
748.503 529.496
920.473 62.796
919.502 80.501
138.499 -915.498
-873.500 -309.492
494.503 -785.501
238.494 -898.498
434.498 832.501
362.503 -869.500
-866.549 -367.806
-866.595 -367.741
887.500 -337.495
905.500 -288.497
-910.499 -272.495
785.502 539.502
569.496 -776.500
464.503 -850.498
-861.506 450.505
843.500 501.503
-373.498 907.499
-984.495 81.501
-609.606 780.294
-604.505 789.493
961.490 273.504
1000.500 35.494
-36.493 -1001.510
357.501 937.500
-221.496 -980.500
1000.490 -116.505
1000.490 134.499
-446.505 908.497
-551.500 -854.504
-317.499 970.503
363.500 957.498
-880.497 -536.506
-1026.500 112.501
-116.500 1029.510
-1034.500 85.497
-972.502 -374.500
377.489 973.491
483.502 -934.500
-1051.500 -7.500
-72.499 1057.500
-810.497 -691.496
-1047.490 218.503
-247.509 1043.500
-149.498 -1068.500
-657.495 -858.503
-768.497 -762.500
-561.499 937.502
-1107.500 -64.498
1112.500 -110.500
1051.490 -381.503
-100.495 -1115.500
-1013.490 -483.507
-197.503 -1107.500
-1078.500 319.503
-1111.490 -174.505
-1085.500 300.503
-41.496 -1127.500
884.508 700.499
-404.505 -1055.930
-404.486 -1056.030
-514.501 1009.500
-1103.510 -270.504
1099.500 302.497
333.659 -1095.370
-262.497 1113.500
326.753 -1098.340
-1140.500 -113.503
959.503 -644.493
-1116.500 311.500
-1151.500 147.497
292.498 -1126.500
-171.505 1150.500
389.497 1099.500
-222.496 1145.500
-828.504 826.505
-853.497 -809.493
612.497 -1010.510
838.495 841.497
-1084.500 -484.496
-1111.510 -419.496
-67.497 1187.500
957.497 -709.497
-926.504 -752.496
-1070.500 531.496
-800.502 890.502
-565.500 1055.500
802.499 -897.505
-877.503 822.499
434.496 -1124.500
-751.502 -945.500
-1000.510 684.502
-1152.500 377.332
497.497 1110.500
-830.508 897.494
-1155.490 -405.498
322.499 -1183.500
885.506 851.495
-926.498 -807.495
-454.502 -1158.510
-1240.500 -97.505
-832.357 925.035
-933.503 -834.502
-1182.490 412.501
-1253.500 -39.502
397.492 1191.500
-1246.500 177.494
-1192.500 -411.495
432.500 1186.510
-1256.500 -147.499
1107.500 616.503
902.494 890.500
-756.504 -1018.500
-690.506 1064.500
1250.500 233.494
-1275.500 -23.494
1278.500 57.510
-605.499 1127.500
697.512 -1079.500
-1264.500 230.499
-1287.500 21.499
-472.498 1201.500
1292.500 -51.507
-1253.500 328.500
817.496 -1007.510
635.497 1132.500
-764.497 1049.500
-859.502 -978.506
925.499 -917.497
-1279.500 -251.496
-1094.500 -730.503
1043.500 -816.496
1171.500 628.497
-1326.500 117.492
-1175.510 631.502
759.495 -1102.500
-1321.500 -231.506
-1007.500 -912.496
-1307.510 405.497
-1350.500 -256.496
-981.504 966.500
-885.497 -1056.500
-833.499 -1105.500
-823.498 1113.490
-1388.500 11.497
-774.497 1162.500
1243.490 -650.497
-1405.500 46.491
-901.494 1085.500
-1414.490 -83.504
-1073.490 -927.502
-1259.500 655.502
-1156.490 -825.507
1036.490 -982.497
1130.510 872.505
-1418.500 176.496
1435.500 -121.497
-1124.500 -903.500
871.493 -1153.500
-1440.500 124.499
-1300.500 -648.494
-895.513 1148.500
1151.510 -897.496
-1163.500 -886.502
1252.500 -758.506
1464.500 -94.499
982.500 -1090.490
-1408.500 434.497
965.828 -1118.600
976.642 -1120.980
-1041.500 -1062.500
-962.496 1135.500
-1473.500 230.497
1421.500 -471.503
-1055.500 1066.500
-1055.500 1066.890
-1151.500 -974.506
1192.500 -927.501
-1076.490 -1061.510
1494.510 -243.503
1023.510 -1122.490
-1196.720 -940.014
-1451.500 455.499
-1204.950 -934.863
-1230.500 -904.495
1074.500 1089.500
-1281.500 839.494
-1530.500 -79.501
-1423.500 569.501
1511.500 -271.501
-1356.510 -732.497
-1356.500 737.511
984.496 -1199.500
1338.510 -790.504
1055.500 1141.500
1544.500 194.505
-1216.500 -980.508
1547.500 219.503
1102.500 1109.500
-1388.500 -729.492
-1435.500 643.504
1543.500 -320.502
-1226.500 -1012.500
1037.490 -1207.500
-1535.500 428.998
-1538.500 434.503
1118.500 -1155.500
1522.500 517.500
-1485.510 614.497
1602.500 -150.496
-1168.500 -1106.500
1420.500 757.493
-1552.500 -470.494
1580.500 371.504
-1392.500 -836.500
-1241.500 1047.500
1333.500 -942.506
-1415.500 812.504
-1548.510 -555.501
-1329.500 970.498
-1160.500 1182.500
1348.500 -973.496
-1502.510 710.495
1267.500 1098.500
-1228.500 1141.500
1199.500 -1187.500
1492.490 788.502
-1341.500 1030.500
1317.500 -1078.500
-1235.500 -1197.500
1475.500 -886.499
1473.190 -891.567
-1411.500 -985.492
-1479.510 895.504
-1514.500 906.504
-1460.510 -1018.500
1577.500 830.507
1409.500 -1099.500
1480.500 1005.500
-1455.500 1063.510
1484.500 -1114.500
-1505.500 -1147.510
