0.505 -0.504
92.502 -77.500
119.505 19.495
16.493 -126.490
-67.507 -113.503
-132.501 53.499
-71.501 -146.502
-94.500 -154.501
-185.504 -37.494
204.499 -69.503
-211.503 100.495
68.509 -236.504
73.807 -244.318
39.499 -270.502
-206.494 188.503
-109.501 -258.497
148.502 240.500
-271.500 -78.507
187.504 238.498
-301.496 49.498
-268.499 155.496
-315.496 109.498
-257.497 244.500
351.499 97.498
-178.498 -323.501
77.498 363.494
-327.497 -207.497
344.501 192.501
163.504 370.494
-103.506 406.506
203.499 -369.499
166.498 -391.505
408.494 163.496
-430.502 99.503
-98.492 439.502
-208.500 407.493
433.497 187.502
417.498 -223.502
120.497 491.500
439.500 -255.498
-359.502 -368.497
148.490 -505.501
414.500 329.493
492.496 -208.500
76.500 -531.491
372.503 -394.492
177.497 -513.497
-432.501 327.500
310.501 449.499
299.503 469.498
-509.492 226.499
-578.505 6.501
-332.504 476.500
503.498 316.498
519.508 -297.502
225.499 -557.499
-181.495 -594.498
463.496 -417.506
455.795 -448.170
468.499 -437.508
-609.494 220.504
102.495 644.503
653.500 102.507
645.500 163.506
53.499 671.500
-545.498 -401.503
-505.500 -452.509
-435.501 -522.501
-105.502 -673.499
704.499 -40.498
704.501 74.500
-712.500 15.493
-714.502 -41.510
91.502 714.502
491.496 527.499
-528.501 493.503
716.498 -180.502
208.493 724.496
-651.498 384.491
-754.501 -60.503
765.495 80.499
-752.502 -173.500
747.502 246.503
-701.500 355.499
-99.494 783.492
294.501 -734.507
36.504 794.497
-804.511 40.504
-562.499 -579.497
-478.501 652.497
743.494 -345.502
-649.502 501.505
-599.508 562.501
-744.504 377.489
311.511 776.503
-582.507 600.495
837.503 56.501
-630.503 -553.499
826.501 162.495
635.495 -572.495
-682.494 516.504
-310.501 -803.499
-758.500 -425.503
-869.503 25.498
478.502 728.504
-115.499 -868.501
652.501 -585.494
-876.496 -53.502
847.503 -262.501
-742.497 484.507
-856.493 -237.504
-681.506 571.499
-5.503 893.504
-893.494 -78.496
-894.490 -134.499
756.497 -504.501
884.501 -245.501
-918.501 -128.501
-912.504 -183.491
193.501 913.500
-333.490 -877.501
-649.504 688.493
-271.496 910.504
-954.506 11.493
75.497 -963.493
-281.506 -940.507
-975.504 -161.501
-805.503 585.506
76.505 995.497
1003.510 -6.501
-888.503 -528.500
-142.498 -1037.500
755.502 -739.499
-1028.500 -258.503
-796.494 700.510
483.500 -948.499
148.496 -1057.500
-1066.500 115.501
39.502 1082.500
-965.491 -492.501
578.503 -920.503
-1000.500 423.502
1094.500 1.494
471.495 -989.500
943.498 585.505
-687.504 -875.501
-975.499 555.492
841.504 -760.501
776.502 828.499
-675.507 -915.495
446.499 1047.500
-1037.500 -482.500
-988.501 575.500
828.496 -791.500
1142.500 -85.500
112.502 -1141.500
826.328 -796.120
623.496 970.499
-446.506 -1064.500
420.496 1085.490
-688.500 -942.498
1126.510 309.494
1163.500 -165.497
487.501 1068.510
-1171.500 -93.504
142.498 1176.500
-1189.500 -14.501
-1007.490 636.500
-1166.500 313.501
-1097.500 -512.499
290.510 1181.500
-199.507 1200.500
-641.501 -1045.510
853.232 891.781
-396.498 -1170.500
1103.500 559.496
855.492 902.503
898.505 868.498
999.496 -757.492
1254.500 -39.502
1250.500 165.503
-1057.500 687.503
-1163.500 -519.506
-855.497 944.498
-1202.510 455.499
-1047.500 -751.498
1260.490 -277.498
-911.494 916.500
1257.500 -335.498
-826.497 -1006.500
1154.500 -604.502
-1150.500 612.505
1109.500 698.501
543.501 -1202.500
1087.510 -754.508
1050.500 -808.499
-1287.500 -317.496
-1143.500 673.498
-1316.500 186.504
-735.495 1110.500
1175.500 -635.499
980.496 913.506
-1333.500 -132.501
1214.500 571.499
1283.500 -402.506
-681.502 1170.490
1270.500 -473.501
-1181.500 -677.494
1325.500 -319.508
-1268.500 -522.503
-1153.500 780.501
-1320.500 -459.497
1195.500 -735.511
982.498 1003.500
1253.500 635.498
-1007.500 981.493
1292.500 -567.496
1385.500 -295.494
-1242.500 699.500
924.494 -1088.490
-1402.490 265.503
1414.500 248.495
1429.510 -145.497
-1206.500 -780.502
-1448.500 103.499
1365.500 562.494
1238.500 818.496
-954.499 1155.500
1098.500 1030.500
-1217.500 -887.500
-972.499 -1161.500
1008.500 1134.500
-1483.510 348.505
-999.503 -1159.500
1446.500 540.504
1544.510 -122.501
1287.510 877.500
-1324.500 830.494
-1524.500 391.500
1501.500 477.497
-1341.510 857.500
1525.500 -464.501
-1518.500 -496.498
-1551.500 -403.506
1269.500 -986.496
-1609.500 137.501
1541.500 -520.491
-1401.500 -832.502
-1548.510 514.493
-1440.500 -774.500
-1205.500 -1119.500
-1611.500 -339.496
-1393.500 898.499
1303.500 -1044.500
-1290.500 -1072.510
1486.500 -800.505
-1404.510 -981.497
1510.500 849.494
1572.500 738.499
-1416.500 -1035.500
1359.500 -1120.500
1481.500 -976.503
-1424.500 -1059.500
-1616.500 -735.494
1469.510 998.497
-1516.500 -945.498
1356.500 1187.500
-1443.490 -1083.490
-1600.510 -855.494
1380.500 1191.500
