0.493 -0.497
27.500 -33.501
91.496 -17.490
65.504 -110.497
-144.500 111.496
69.503 -186.502
-164.504 -135.499
-42.503 254.498
-63.502 268.496
247.505 138.496
-213.501 -198.499
273.498 -104.493
-294.496 3.494
180.505 282.497
322.499 114.493
-266.139 229.239
-266.498 234.494
383.501 136.502
-239.498 341.498
146.498 410.496
434.496 -54.492
418.499 -173.495
463.499 31.508
-469.500 -57.496
457.503 137.508
-75.502 476.506
-386.494 -294.501
465.500 164.513
-466.502 -169.499
244.496 444.501
-142.508 489.495
-470.501 202.496
324.497 -403.503
-151.499 -514.497
239.496 486.497
-326.506 -435.490
197.499 -515.503
-331.523 -446.725
474.498 290.506
-467.504 -308.501
516.500 -221.500
-24.506 -563.491
-5.500 -566.505
-497.500 274.500
-573.498 55.495
557.497 158.495
-409.498 -411.502
581.502 51.504
583.499 -23.497
497.502 -306.499
-42.499 -583.501
-113.494 -578.501
-582.508 96.503
589.504 -60.499
-566.498 -173.506
603.505 -6.498
-585.497 158.491
412.508 -450.505
-417.498 -451.508
220.501 -576.503
-303.206 554.445
459.501 442.501
-305.497 -564.499
-314.495 569.495
-291.501 -597.494
448.502 505.501
-676.497 16.501
361.499 575.507
672.501 125.503
73.499 681.499
-548.501 416.503
647.504 -259.499
281.498 -645.493
-340.500 615.497
-527.502 467.506
705.499 -38.500
195.498 688.498
-714.500 -90.493
-645.499 320.492
672.494 -263.501
652.503 -312.498
641.498 -337.497
-487.501 -541.506
507.497 -526.499
176.503 709.498
-104.498 724.499
738.500 2.493
262.503 -703.501
360.509 -660.507
746.504 -126.502
105.502 -751.507
-8.500 -763.505
-219.500 734.501
239.731 -729.642
222.479 -737.602
222.789 -742.169
250.578 -736.028
344.503 696.501
228.848 -748.052
-658.504 420.491
362.489 -696.496
271.505 -737.505
271.505 -737.585
727.503 -298.497
229.190 -753.309
231.600 -754.203
454.605 -645.176
758.505 -218.497
683.494 -398.500
721.498 -343.498
228.308 -769.858
675.496 -435.494
-642.498 485.487
749.505 -301.503
642.502 -493.500
690.086 -431.648
171.499 799.499
779.503 -253.502
421.508 702.494
-219.494 -793.499
749.110 -359.050
749.020 -359.927
-526.495 -642.506
-575.498 603.500
601.499 -582.503
746.503 -382.507
706.501 -457.504
771.554 -349.536
-248.499 812.499
852.500 -80.500
844.495 147.498
772.496 -376.496
-268.500 817.497
783.497 358.502
282.500 -815.500
696.497 -512.511
-287.495 816.502
789.501 -360.502
-867.499 -9.495
444.506 -749.500
816.493 -311.500
-770.495 413.494
626.494 -613.501
612.500 -634.504
-106.496 874.499
-57.507 -884.505
-818.499 345.506
-889.499 3.498
-258.501 -857.500
-407.503 -799.501
626.162 -645.154
877.500 -199.503
903.499 30.494
-142.494 -895.502
-769.500 478.499
741.502 -524.496
675.502 -609.501
-31.503 -912.501
104.497 906.498
-851.504 -330.495
903.496 -185.502
838.501 -397.501
830.501 429.509
868.860 -376.105
-347.493 882.505
231.499 924.498
880.289 -369.695
881.949 -367.943
-778.506 -558.505
732.497 618.502
568.499 780.500
694.973 -677.083
694.964 -677.187
962.501 -137.504
897.496 376.498
727.499 -647.503
587.501 776.497
-279.501 937.510
-391.499 -907.503
-52.503 -989.504
236.491 962.495
982.499 -166.498
704.500 -707.506
-811.497 585.501
43.490 1004.500
711.347 -713.350
-171.508 -993.504
142.496 999.495
514.493 -880.498
-618.494 -819.496
-872.498 -547.499
-604.501 833.496
-497.503 -905.505
633.501 817.499
848.497 592.492
-621.505 835.497
464.497 -935.504
-465.493 -936.500
1047.500 69.498
-840.505 -632.504
1052.500 -29.496
856.495 -613.493
577.498 880.505
-911.513 528.500
-897.505 557.502
912.500 554.498
-1028.500 292.500
653.498 -849.497
-552.503 918.503
-107.492 -1071.500
702.501 818.496
897.500 600.497
1071.500 137.500
64.494 1079.490
270.500 1050.500
-1053.500 274.500
-413.493 -1015.510
1059.500 -303.497
-1019.500 428.499
1105.500 -96.501
-1012.500 452.509
1099.510 -161.496
1112.500 24.502
466.508 -1011.500
826.503 -749.500
385.496 1052.500
623.495 -938.494
1113.500 -270.500
626.500 959.497
-850.503 767.499
-795.502 -829.503
-1046.510 -478.493
1114.970 296.966
1100.500 -348.507
332.503 -1111.500
1028.500 -538.500
1121.970 298.908
-914.507 -716.503
898.496 -738.501
-1155.500 -137.501
-93.504 -1161.510
439.494 1080.500
875.495 778.501
-1143.500 268.498
-793.509 -869.505
-904.500 -759.503
1022.510 597.503
1145.490 -327.498
208.503 -1173.510
-564.504 1050.500
-305.496 -1156.500
317.502 -1157.500
1113.490 -460.504
502.494 1094.500
421.498 1131.500
1139.490 401.495
-1025.510 650.495
-1092.490 -561.506
883.498 859.505
1186.500 336.503
-1237.500 -45.501
-1214.500 241.504
-637.501 -1062.510
-633.214 -1069.730
-870.498 -888.503
-1072.500 -639.499
-1171.490 -447.499
-903.500 -880.500
885.499 900.496
-748.504 -1019.490
-508.497 1159.500
1218.490 -380.497
-793.501 1001.500
-1021.500 -782.501
1292.500 -23.502
1073.500 727.501
-941.504 -898.508
-1048.500 -785.503
1308.510 -95.494
787.499 -1050.500
-744.500 1083.500
-1308.500 143.501
-542.493 1200.510
1287.500 362.497
1133.500 717.500
-641.504 -1183.510
1019.500 880.504
1288.500 -399.505
680.493 -1174.500
869.501 -1044.500
-1344.500 -210.503
1244.500 -557.498
1093.500 -822.500
1173.500 -706.499
1182.500 704.496
1314.500 -426.505
-1236.500 -634.498
-822.509 -1124.510
828.507 1125.500
1241.500 -653.504
-1084.500 893.497
1094.500 -883.494
1399.500 -183.496
1407.500 146.503
1396.500 270.495
1297.500 590.493
-1340.500 -494.499
-1010.510 -1014.500
1237.500 -723.501
1014.500 -1029.490
959.495 1081.510
-1351.500 -552.499
-1412.500 -390.497
-1324.500 637.505
-1472.500 101.497
-1283.500 748.498
1332.500 680.503
1497.490 -34.495
1391.500 562.500
1229.510 -864.499
1263.500 818.495
1487.500 282.497
1360.500 670.500
1350.500 705.505
-1423.500 -557.498
956.490 1207.500
-1062.500 -1127.500
973.500 1212.500
1539.500 229.503
1560.500 74.497
1493.500 -525.496
-1220.500 1006.500
-1469.070 -611.975
1394.500 -773.488
1253.500 994.507
1540.660 447.422
1578.500 321.499
1551.500 -449.498
-1249.500 1028.500
1430.490 763.505
1604.500 251.502
1572.500 433.497
1531.500 -563.496
1548.500 -525.503
1233.500 -1083.500
1601.500 395.498
1376.480 911.709
1595.510 -427.502
1588.500 475.501
1386.820 916.170
1596.500 560.502
-1209.500 -1186.490
1264.500 1129.510
-1476.500 832.498
1613.490 -526.503
1516.510 -788.502
1509.500 812.502
1468.500 889.498
1604.500 -612.497
1468.500 889.889
-1370.510 1077.500
1522.510 -978.499
1436.490 1103.500
1451.490 1106.500
1382.500 -1212.490
1617.500 875.507
1610.510 911.503
1459.500 -1173.500
-1530.500 -1095.500
1471.500 1174.500
-1498.510 -1178.510
1577.510 1146.510
1575.500 1200.500
-1617.490 1211.500
