0.495 -0.503
64.495 105.499
127.507 13.497
-167.502 13.502
-171.506 122.499
177.503 201.497
-185.491 -195.502
322.503 79.497
24.495 -336.494
-360.497 41.499
-189.494 -363.494
128.498 -394.501
-406.501 -114.505
143.506 422.498
-118.502 431.503
203.509 400.505
399.499 -209.508
-160.499 -434.500
-302.498 -354.500
458.498 109.499
330.501 -361.499
-501.494 -20.502
502.500 -68.493
-328.497 400.492
165.497 497.507
-449.505 281.509
-95.502 -543.500
78.506 -566.500
-569.492 -53.498
546.491 194.509
566.506 -162.506
309.495 -508.497
379.503 -465.495
268.933 -548.454
2.495 612.498
56.499 -619.497
366.501 -515.499
-402.496 -488.497
96.493 -635.494
-334.498 552.503
611.503 218.503
-626.495 -168.495
30.502 -656.502
-581.505 -363.498
525.499 -449.499
-398.503 571.518
-347.500 -605.498
-262.496 -659.505
-724.492 -41.505
693.494 221.503
-675.503 -281.501
486.498 557.501
-86.490 739.503
718.500 237.498
-65.494 -754.498
453.502 -611.501
262.493 718.497
-767.498 36.498
-90.501 -765.496
141.497 768.504
633.509 -499.501
-627.498 -517.501
585.501 -570.498
377.502 725.491
-176.505 -800.501
120.496 -815.502
259.500 782.502
738.497 368.504
825.497 -52.498
-558.503 -613.503
746.504 391.502
529.503 661.502
845.504 -66.499
-241.498 -821.506
-844.496 -169.502
60.501 864.499
40.500 867.503
596.497 -648.506
70.509 885.499
-869.509 229.499
-551.500 -719.499
-647.496 640.504
832.501 -387.500
-838.502 371.502
-753.493 529.499
-155.500 910.499
-229.506 909.503
-83.499 942.505
-50.497 948.499
752.501 582.508
-78.508 -952.497
-906.497 322.496
-941.496 200.497
927.504 285.509
851.506 467.509
-795.498 557.506
183.503 -958.500
-598.502 770.498
-712.499 666.500
-965.497 -145.504
-536.496 823.500
-991.500 8.499
792.504 -599.504
605.498 -792.497
868.497 496.494
995.497 -163.491
-828.496 -581.507
630.498 -796.502
-757.492 683.502
-1022.500 89.500
-1003.500 285.500
983.495 354.506
1045.500 -57.501
-57.501 -1048.500
-595.502 864.500
736.496 -757.499
201.513 -1038.500
815.497 -690.501
483.499 953.502
-935.501 518.498
990.503 419.501
-165.498 1067.500
298.506 1041.500
719.499 812.502
885.502 -630.504
606.504 904.500
582.501 922.501
741.500 -801.501
957.494 527.500
-272.499 -1072.510
95.500 -1109.500
-1080.500 268.493
1109.510 256.500
1157.500 18.503
694.501 -928.494
1104.510 360.505
-1015.500 -563.500
1159.500 83.495
284.501 1126.510
-366.497 -1103.500
1163.500 -26.501
-750.496 -890.499
934.500 708.497
732.494 -920.503
-732.499 921.503
1148.500 -269.501
-1149.500 -283.503
-1184.500 44.497
89.496 -1183.500
-262.505 -1158.500
620.502 -1021.510
-2.498 -1204.500
-1120.500 442.497
431.502 -1126.500
1128.500 428.496
763.505 -937.499
-694.502 -989.508
-654.499 1031.500
-884.496 846.500
842.502 -899.506
562.502 -1113.500
415.502 1176.500
-617.502 -1091.500
-1215.500 311.505
398.505 1191.500
841.496 -939.504
-1234.500 -267.504
-475.503 -1179.500
1227.500 356.497
1272.500 -158.493
1272.500 202.502
1264.500 -280.502
-1296.500 92.497
1297.510 124.499
1248.490 -430.501
521.501 1212.500
1256.500 410.504
-1062.500 -789.492
1214.500 554.501
-652.499 1193.490
-1350.500 201.502
1202.500 -677.506
1147.490 -776.496
1014.500 949.500
-840.496 -1108.500
1028.500 -938.506
-1376.500 -213.506
-967.501 1013.500
872.496 -1105.510
-1410.500 -90.503
1347.500 -430.495
766.498 1190.500
1307.500 -554.492
1293.490 -596.495
788.502 -1186.500
1185.500 797.512
-1431.500 -151.502
1204.490 797.502
-1443.500 -90.498
-1166.500 -856.497
-901.502 1142.500
-909.500 -1150.500
-1130.500 -949.504
-928.503 1153.500
-1478.500 -133.501
1074.500 1040.500
1494.500 -110.499
-1347.490 657.498
-1391.500 -569.488
-1482.500 261.503
-1398.500 568.497
-1229.500 -886.500
1399.330 -611.839
1407.500 -599.493
984.512 -1185.500
-1105.500 1090.500
1272.500 892.504
990.219 -1198.960
-1488.490 -450.500
-1550.500 167.492
1554.500 139.973
1554.500 148.502
-1038.500 1171.500
1154.500 -1066.500
-1079.500 1156.510
-1427.500 712.503
1270.500 -980.505
1420.490 -749.498
1499.500 579.506
-1395.500 805.501
-1589.500 -270.495
1577.510 -354.502
1528.500 528.500
-1603.500 210.500
-1424.500 -773.501
1601.500 269.499
1542.500 510.501
1188.500 -1111.500
1433.500 -790.501
1271.500 1032.490
-1384.500 888.504
-1370.510 912.498
-1415.500 885.500
1278.500 -1104.500
-1410.500 -1022.500
1518.500 878.498
-1574.500 -779.499
1311.500 1196.500
1347.500 1158.500
-1579.500 816.505
1589.500 810.499
-1383.490 1141.500
1614.500 813.496
1449.500 -1095.500
1506.500 -1035.500
1612.500 949.504
-1446.500 -1189.500
1597.500 -1181.500
