0.500 -0.496
58.498 25.505
-66.503 78.498
15.501 -136.500
-98.500 -97.493
152.500 -106.497
-63.499 198.502
216.499 -91.497
206.493 -140.497
253.499 -19.498
-203.507 -208.508
218.494 214.503
288.498 116.505
193.499 250.499
-327.501 10.498
-340.500 43.499
188.491 -297.502
-339.492 91.499
-104.503 -343.502
319.502 -172.496
-180.500 324.493
-106.495 364.507
364.507 152.502
389.506 68.503
-4.499 -396.501
269.493 298.502
398.499 -91.502
23.503 407.497
157.498 392.510
326.499 -283.499
29.502 430.502
-78.499 -434.505
453.826 -104.814
-134.510 445.505
-441.500 149.497
462.170 -96.727
49.502 472.506
374.500 294.502
-198.499 -434.499
202.502 -475.501
310.494 -416.510
9.500 -524.500
168.502 -504.507
532.502 80.496
-516.497 161.500
-238.493 486.499
518.495 -163.498
-541.508 -67.501
370.505 -402.498
485.496 -262.501
553.499 -5.502
541.500 143.501
473.498 308.495
-462.497 -335.503
528.502 220.505
-399.497 -414.498
-168.500 -552.498
-417.501 399.496
32.499 -585.498
134.495 578.492
207.500 564.501
-85.497 598.505
610.497 -17.509
590.501 -190.495
399.506 476.500
521.499 -343.501
-339.497 528.503
-572.501 262.505
-42.501 638.501
261.500 -587.506
73.509 -642.514
-650.497 -44.505
-611.497 240.495
-385.998 -554.484
679.501 18.499
601.503 -348.493
693.498 54.499
-185.498 676.500
141.491 -688.503
-689.495 196.501
274.499 664.503
605.494 -396.502
-682.506 -248.501
729.495 -16.498
685.505 256.507
167.495 -713.508
-464.506 -568.500
-623.500 -388.491
226.497 -708.503
403.500 625.504
-133.493 745.504
-754.509 67.489
729.505 -208.496
769.499 48.496
774.499 86.499
711.503 -338.498
306.503 727.505
-790.488 30.499
-777.495 -221.507
172.504 -791.498
-343.500 -734.496
696.496 -426.503
-759.503 297.501
-169.502 -799.501
-609.495 -560.497
-756.499 361.502
-776.501 -325.490
674.499 -507.508
-483.493 -701.494
-838.497 166.496
-167.506 848.498
-511.502 -708.504
202.495 -853.496
870.496 -144.505
-456.499 754.498
-651.498 596.503
745.502 -476.495
-855.504 -244.497
-833.500 318.498
86.498 -890.506
900.497 -23.493
-355.496 831.502
579.494 -701.495
898.497 170.498
913.497 -91.498
-894.497 205.495
-916.496 81.500
-568.502 -724.498
549.499 -747.502
-647.505 666.499
-920.490 141.503
731.508 -578.499
498.506 791.503
862.499 -366.496
-257.502 900.493
-888.502 299.500
942.493 -18.496
-388.499 -859.504
855.501 -415.496
-612.501 -732.494
-883.504 366.494
315.495 907.499
-797.497 -551.499
959.499 179.490
308.490 -927.496
-950.495 262.496
-699.506 -696.500
-946.498 -280.503
674.507 -722.500
912.496 -424.500
694.501 -729.501
999.496 -133.496
-297.499 -965.502
-648.505 778.488
813.504 613.498
-244.506 -989.503
507.496 -886.496
-637.501 -805.505
529.501 883.494
188.495 1012.500
649.500 800.504
-179.499 1016.500
-1006.500 251.495
-602.505 852.503
1040.500 -126.503
818.500 656.502
-962.490 424.502
380.505 983.498
-929.505 -517.501
-126.501 1063.490
1074.500 -131.496
801.497 -728.498
193.500 1065.500
-1007.500 -415.494
-386.507 1019.500
1071.510 213.506
-202.506 1073.510
50.498 1092.500
-250.500 1064.500
986.495 -475.496
997.492 474.502
-455.499 -1012.490
712.495 -855.499
1115.500 142.504
-817.496 -772.494
594.499 983.498
-1051.510 -487.494
749.505 891.501
-768.500 880.498
353.505 1114.500
-421.501 1091.500
196.498 1156.510
-98.493 -1174.500
53.503 1181.500
-941.492 715.506
-504.496 1070.500
-1152.500 271.499
-1093.500 -460.495
1005.500 -634.497
-256.502 -1165.490
981.495 -681.501
-1062.500 -546.498
-979.503 -686.497
88.499 1192.510
-1055.500 566.502
-1073.500 537.500
-1202.490 -5.505
180.500 -1191.500
-611.501 -1051.500
-1043.500 -626.497
1179.500 -309.503
985.492 728.508
1231.500 3.495
-640.501 -1051.500
822.503 -919.501
762.490 969.499
-841.498 -907.496
-977.500 764.497
1103.500 -573.501
353.496 -1194.500
1237.500 -153.506
-616.496 -1084.500
-471.502 -1157.500
377.496 1192.500
-1166.500 -452.505
-902.499 873.505
-804.501 -972.497
627.502 -1096.500
876.495 909.502
716.500 -1042.500
1068.500 683.502
-969.505 818.498
1272.500 123.499
1286.500 60.508
1153.500 -576.505
-971.497 -850.500
829.495 992.495
-1112.500 -664.500
891.140 951.897
-1302.500 63.506
886.499 957.508
715.498 1096.510
-1283.500 -260.508
1310.500 -55.502
-1272.500 -322.503
544.504 -1196.500
786.498 1060.500
1030.500 826.495
1168.500 -623.495
1166.350 -630.746
962.502 -914.112
962.502 -914.502
-1302.490 -252.500
1269.510 -394.500
-864.920 -1018.120
1331.500 -124.498
-868.023 -1017.890
1162.500 -666.498
1210.500 615.499
1115.500 781.502
-925.498 1000.500
967.502 -965.512
-1316.500 -367.503
1059.500 -874.492
-970.500 -974.500
-1373.500 81.493
1358.500 -323.506
-1369.510 -274.503
1037.490 941.500
1398.500 109.497
-1011.500 980.496
1250.500 -664.502
1378.500 -331.499
1147.500 -839.495
1035.020 -982.924
1276.500 -659.498
1295.500 -633.494
1436.500 144.507
1235.490 750.504
1168.800 -869.312
1172.420 -868.959
-1237.510 -805.500
1473.500 -239.491
1420.510 -470.500
1361.500 -629.501
1036.510 -1088.490
1482.500 264.501
1485.840 332.403
1491.500 343.497
1202.500 -954.499
1383.500 -678.497
-1542.500 167.499
-1562.500 9.492
-1544.500 -252.501
-1485.500 -503.501
1454.490 -629.500
1583.500 150.489
-1593.510 7.499
1128.500 -1127.500
1592.500 -114.499
1337.500 -872.506
1376.500 811.502
-1239.500 1015.500
-1582.500 270.506
-1228.500 -1038.500
1154.500 1125.500
-1187.500 -1091.500
1583.500 319.498
-1574.490 -439.496
-1409.500 828.501
-1604.500 -416.497
-1361.500 -966.501
1517.500 739.501
-1370.500 -1002.500
-1204.510 1196.500
-1382.500 1016.490
1237.500 1198.510
1403.510 1012.500
1374.500 -1066.500
-1367.500 1080.500
1420.500 -1021.500
1316.510 1156.500
1558.950 880.498
-1453.500 1100.500
-1396.500 -1175.490
-1421.500 1152.500
1570.500 -966.500
1596.490 981.507
1464.490 1198.510
-1574.500 -1112.490
