0.499 -0.503
-77.500 -40.496
65.500 -98.500
-125.501 13.499
-69.510 -124.495
94.504 -118.498
-174.492 29.500
30.504 -176.498
145.493 150.501
-7.495 215.491
82.500 -210.500
181.496 -161.499
-243.505 -89.497
-253.002 91.497
-253.020 91.568
-141.504 229.497
-246.499 -142.510
163.501 -242.495
292.502 -34.493
-265.504 127.498
272.501 -118.506
-152.500 -264.506
50.505 307.505
-272.503 -164.503
-292.498 126.509
-65.498 -314.498
328.501 -41.502
269.500 194.500
127.494 316.500
-231.714 -256.358
285.500 -204.505
296.497 207.487
-362.495 20.503
128.496 340.501
223.495 -289.499
-305.497 -201.508
-366.498 -44.502
-349.500 155.499
-386.498 15.501
-334.500 194.497
284.503 -266.498
192.503 -340.501
254.510 326.493
254.505 -334.500
406.502 -115.497
-136.503 403.496
82.504 424.500
57.496 -430.502
-185.505 -400.499
444.502 18.495
392.509 -211.501
355.502 -269.503
400.505 200.504
215.493 405.497
-462.503 4.501
21.498 469.500
176.507 -441.111
176.506 -441.502
-35.501 -475.502
-479.500 -29.498
-357.499 331.500
-489.501 -1.494
474.503 -134.505
40.501 -497.494
-273.506 -422.500
-338.504 384.497
11.492 512.504
-533.488 41.500
-465.501 -267.495
273.502 -463.496
-244.497 487.503
534.498 -129.499
387.041 -395.879
533.498 149.501
-308.500 463.499
-540.505 152.502
529.497 198.506
288.975 486.029
-173.502 -545.504
81.504 -567.498
-345.504 -461.498
404.503 -413.499
427.490 -398.505
-421.498 403.494
549.503 -209.501
-27.502 594.497
-548.497 -233.504
-570.505 -175.502
309.502 511.499
368.503 471.500
-342.500 -503.496
-485.500 -368.497
-454.282 -412.427
-464.771 -407.658
-466.023 -406.924
-611.496 -121.501
-347.498 -523.498
71.513 626.973
-200.506 -600.496
69.535 630.321
-565.508 291.497
34.496 -637.507
630.509 109.494
-641.997 18.836
448.502 -461.495
17.499 645.496
421.500 -496.497
-651.323 21.428
635.500 157.501
-494.504 -433.499
-461.498 -471.493
643.500 -148.492
-657.500 77.500
-656.496 -112.489
-665.501 -58.504
71.501 -671.504
-528.504 -422.498
-42.493 -681.496
-661.438 -167.718
-660.535 -172.324
688.503 -17.491
686.500 77.506
666.500 196.502
693.500 -98.496
-698.511 67.502
617.501 -338.501
-541.502 457.503
619.667 -349.819
61.506 710.508
-714.498 -15.500
101.506 707.507
-702.500 -147.496
-632.493 -343.502
-662.504 286.493
-713.502 -111.504
-593.496 -412.504
-82.507 730.502
-710.498 -190.491
-491.503 -565.404
339.503 669.506
-31.494 752.492
168.497 -735.505
-366.887 659.036
-627.497 -422.495
-741.503 -160.497
-487.500 -584.493
-710.499 -274.497
-453.493 617.503
709.501 293.500
-604.504 482.511
-198.500 -756.499
-119.504 776.503
-779.507 -146.500
774.499 -191.504
427.504 -674.494
-797.502 16.495
784.498 163.500
-556.504 -582.499
-801.498 -100.500
26.502 -811.503
-705.501 -401.501
-672.507 465.499
-818.496 -29.492
-804.497 -154.497
794.503 212.503
2.498 -823.505
-642.501 -518.504
-654.505 508.497
-802.498 -210.503
-683.495 -471.498
105.500 -833.498
-218.505 -811.496
-826.496 -156.495
-722.499 430.503
721.500 -441.503
597.506 609.506
-347.499 779.495
-662.496 -543.502
-536.497 -671.503
752.502 -417.493
-131.502 -852.501
-850.025 -177.004
431.504 754.500
-869.495 22.497
180.498 -854.501
-858.204 -182.238
792.502 -399.495
695.493 556.507
-717.498 -529.501
-109.501 -887.504
349.500 -824.508
-454.500 -772.493
283.494 -857.507
655.506 623.502
-426.501 797.500
-367.504 -828.496
846.502 -328.496
-603.502 683.496
-906.497 -145.500
703.503 -602.496
-441.500 813.494
106.495 930.501
-178.502 -921.499
-219.504 923.500
879.496 -360.493
-846.499 430.499
719.502 627.503
-957.503 -19.503
-764.499 -579.498
-931.531 -231.034
478.498 -836.501
109.501 -960.503
-965.494 -45.501
-897.498 -362.500
-586.496 -774.503
-314.504 -921.494
-966.842 133.032
-888.504 -410.507
-970.845 128.339
952.500 -232.499
838.502 -514.505
-966.495 179.502
-869.505 -460.503
984.489 49.496
43.499 985.505
185.498 -971.496
954.112 -269.332
-983.497 145.931
-983.497 146.392
958.709 -270.364
-175.500 -981.503
-952.497 305.491
-996.502 125.496
-1003.500 -123.497
736.506 -694.498
997.499 202.502
671.501 -765.503
-239.500 -995.501
-445.498 -924.496
863.489 -555.496
-528.503 880.498
895.494 -508.504
-797.496 653.501
-1034.500 7.511
-1023.500 -154.501
-566.499 -868.504
171.502 -1023.500
-733.856 733.060
743.505 -736.492
1013.490 -262.494
-465.499 938.498
233.502 -1023.500
-558.499 887.494
856.497 610.502
-1005.500 329.500
-1046.500 197.507
1070.500 -27.493
887.502 -601.494
907.498 -582.501
-507.499 -955.499
-1072.500 -159.499
1083.510 -85.508
-876.496 642.498
-1045.500 334.500
1101.500 3.501
1078.500 -226.508
-540.495 -968.499
480.505 -1002.500
-1069.500 -308.494
-795.501 -780.500
-456.491 -1018.500
451.495 1023.510
434.493 1031.500
-883.497 -689.501
-1134.500 11.495
-643.499 936.493
-860.501 743.493
522.499 -1013.500
-1139.500 103.506
1107.500 -321.496
403.504 -1085.500
-121.497 -1151.500
-674.499 941.506
1126.500 274.503
-1155.500 -96.503
-533.499 -1030.500
282.497 -1130.490
-634.501 -978.499
-135.021 -1159.120
-1052.500 -502.510
321.506 -1123.500
-810.503 -846.503
1167.510 -131.503
-1082.500 -464.503
-155.503 -1171.500
1164.500 -215.495
612.501 -1015.500
331.496 1142.500
-1194.500 -31.494
-116.503 -1190.500
-729.501 -949.498
-728.189 -951.732
-994.501 668.501
590.500 -1046.500
-965.501 713.498
620.497 -1035.490
-1210.500 11.496
1027.500 648.499
1180.500 292.508
-1215.490 -13.500
-951.644 -759.073
487.501 -1117.500
-1040.500 633.505
1216.500 84.495
-427.506 -1142.500
-560.496 1083.490
-285.506 -1187.500
-1147.490 417.495
1166.490 -373.501
1116.510 -504.503
-855.507 876.502
243.809 -1202.280
247.059 -1203.580
-1162.500 -395.503
-1217.490 165.498
-769.498 -961.500
831.502 -910.497
1210.510 236.502
-1225.500 -151.497
-1240.500 -22.498
1228.500 -186.503
1092.500 592.496
-448.496 1162.500
1056.500 673.496
-1238.500 211.499
889.511 890.502
-860.502 918.498
929.506 -851.507
1247.500 -180.500
-1172.500 -479.501
1014.510 -760.501
-530.500 1152.500
1033.500 -745.499
-1123.500 602.504
1184.500 488.498
874.494 937.495
-1069.510 708.504
-1275.510 -141.498
1194.100 474.386
1182.500 509.499
-1287.500 27.501
1215.500 -436.503
704.498 -1083.500
-1249.500 340.498
1281.500 -213.502
-1301.510 -53.503
1236.500 -415.505
-1009.500 829.500
1282.500 290.501
1071.500 -763.496
650.500 1144.500
1272.490 355.495
-1256.490 -414.502
-1006.500 -859.508
544.498 -1209.500
1315.490 -209.507
-1280.490 365.495
-964.981 922.026
1090.490 777.506
-1339.500 -6.510
-1330.500 206.502
1164.500 685.499
-787.502 -1100.500
-1037.510 882.501
-1190.500 671.500
-1367.500 -143.496
-1308.500 444.498
1215.500 -677.503
681.497 -1213.500
-1190.510 739.497
1079.500 -901.508
797.498 -1164.490
1399.500 -182.496
-1361.500 371.499
1302.500 -552.499
1081.490 919.500
-916.505 1085.490
-1346.500 453.497
1344.500 472.509
1244.500 -720.498
-1255.500 -699.498
-1415.500 254.501
852.494 -1165.500
811.503 -1194.500
1172.500 -843.491
-1446.500 -23.503
-1373.500 466.499
-1362.500 502.499
-880.495 -1162.500
-1039.500 -1035.500
-1255.500 763.502
1435.500 -324.495
-1394.500 469.505
-1470.490 -97.502
1251.510 811.502
1067.500 -1051.490
-1137.510 975.503
-1284.500 -779.499
-1394.500 559.501
-1503.500 -49.495
-1499.500 -166.495
-1301.500 -776.489
1512.510 -141.503
1212.020 927.655
1194.500 951.501
1212.240 929.860
1236.500 -898.493
1513.500 227.503
-1491.500 353.495
-1317.490 -786.498
1533.500 103.498
-1265.500 872.500
-1428.500 -589.501
1473.500 473.499
1496.500 -402.504
-1534.500 283.507
-1126.490 -1092.500
1471.500 -559.503
1560.500 -245.500
-1288.490 -920.496
-1259.500 -971.499
1264.500 969.500
-1305.500 914.499
-1573.500 263.508
-1554.500 360.504
-1356.500 864.501
-1501.510 605.501
-1550.510 467.500
1571.490 -398.499
1121.500 1184.500
-1556.500 498.495
1251.500 -1053.500
1601.510 -356.495
-1442.500 780.508
-1393.510 892.502
-1603.500 -426.502
-1535.500 639.509
-1550.510 -608.499
-1588.490 504.501
1352.500 -991.501
-1556.500 643.507
-1292.500 1085.500
1263.510 -1134.500
1244.510 1164.500
-1234.490 -1175.500
-1617.500 587.508
-1616.500 606.502
-1474.500 927.500
1278.500 1187.490
1417.500 -1043.500
-1422.500 -1035.490
-1450.490 1028.500
1412.500 -1124.500
1570.500 -940.501
-1559.490 -991.494
-1587.500 969.507
1606.110 -969.873
1605.410 -971.050
-1470.490 -1206.500
1578.500 -1109.500
-1598.510 -1132.500
-1613.500 -1136.500
1580.500 1183.500
