0.491 -0.508
-17.501 -28.496
3.503 -94.494
100.502 54.503
-124.501 85.503
193.503 -1.500
188.505 72.498
163.499 -135.503
-206.498 -137.492
-192.496 178.497
164.495 -216.504
-19.494 -278.500
-319.503 88.504
7.498 -335.507
-243.497 269.501
34.498 -364.497
-30.503 -369.504
230.495 294.495
-377.494 59.498
390.507 75.500
-294.504 -273.496
377.498 162.501
-60.503 412.504
294.498 309.497
430.504 -62.496
192.501 -412.497
-473.498 -43.501
-455.502 -146.504
-62.505 -484.502
219.498 450.504
380.499 335.505
341.498 -378.502
-64.502 513.506
518.496 -53.497
138.504 508.506
531.506 9.505
406.498 344.502
480.499 -253.501
-141.494 -539.495
267.500 -497.496
-561.496 -105.498
483.502 -356.495
-595.503 -82.503
-207.502 -570.501
-35.498 -610.499
-616.501 -16.502
-14.496 -619.502
-574.493 245.497
-130.498 611.496
-458.498 -427.499
-421.492 -472.496
89.502 627.488
640.501 62.499
585.498 272.497
-319.497 560.498
632.504 135.500
-523.502 381.504
386.505 -523.495
68.498 -650.495
511.504 432.987
142.500 -658.504
393.493 553.504
-564.512 -391.498
-610.508 329.500
605.505 -375.505
541.503 467.497
223.503 -682.504
-374.495 -618.501
450.494 -569.499
-662.496 307.501
580.502 449.501
-85.503 -736.500
335.498 669.497
-349.493 -668.499
-492.502 588.503
345.501 -687.503
-84.500 764.495
569.500 519.502
-374.504 -676.503
-476.503 -614.502
419.505 -658.499
195.497 760.499
-548.501 -584.505
-564.494 -571.502
714.508 -371.501
311.505 745.495
194.497 -790.504
-291.502 -768.509
-820.499 69.499
-805.500 203.506
-26.500 -831.498
-277.497 -788.505
855.494 -35.502
200.493 -834.499
811.501 -289.500
-364.500 -780.501
-177.502 856.495
201.505 -856.502
-831.499 -349.499
702.500 -582.497
-831.496 -387.499
-623.501 -675.500
152.500 -909.499
907.501 -179.500
414.496 -828.502
746.504 -549.504
536.505 -761.501
770.944 525.545
538.497 762.496
-837.498 419.499
642.498 694.499
-714.501 -631.502
852.500 -437.510
-703.494 -651.503
584.506 -764.497
-808.507 -552.497
-773.501 -608.497
328.502 927.499
-127.501 975.501
738.512 -653.496
173.500 -972.498
988.501 -36.497
-898.501 -420.503
721.506 -685.495
819.499 564.494
699.504 -737.505
-827.499 604.499
226.501 -1001.500
937.502 -422.504
99.506 1027.500
-173.498 -1019.500
-625.495 -825.496
593.499 -851.500
-1034.500 -78.503
-1014.500 216.501
880.495 552.496
-331.502 -987.492
-344.497 982.503
-828.504 -640.499
30.501 -1047.500
869.493 -587.503
-505.503 -919.498
-963.506 423.502
958.499 448.491
-1059.500 -36.502
1062.500 40.501
-797.504 -705.509
-516.507 -942.506
-630.508 874.498
1057.500 -244.504
903.504 604.497
-767.501 -774.497
87.497 -1093.500
-935.498 -578.501
-1068.490 261.501
-890.508 -650.501
36.502 -1103.500
-971.504 -525.503
-67.497 1102.500
-463.500 1012.500
1089.500 256.500
-557.498 -973.498
865.498 719.495
3.506 1137.500
1114.500 251.506
-226.503 1119.500
-711.493 894.499
-599.495 -977.504
-839.506 -783.494
-999.502 -565.503
647.503 -953.502
125.500 -1154.500
1109.500 -347.499
1156.510 120.501
1059.500 -487.510
121.671 -1163.610
-924.499 722.501
1105.500 400.498
-1154.500 -230.499
955.501 -698.499
-1032.500 -582.503
85.488 -1187.500
-896.504 -786.496
-696.507 -969.496
-622.500 -1025.510
1069.500 -554.503
1198.500 124.504
752.496 -943.502
1109.510 481.497
1204.500 -122.496
155.490 1206.500
364.496 1167.500
1065.500 612.504
-1060.510 620.501
1228.490 105.499
1203.500 -286.497
-690.497 -1027.500
-271.498 1210.510
-1243.500 59.506
1203.840 -332.972
1212.500 -315.501
1232.500 237.499
-1007.490 -758.501
1235.500 280.505
674.505 -1077.500
548.500 1146.490
-492.492 -1172.500
-847.499 955.493
-496.497 1184.500
-1214.500 454.504
1176.490 552.494
1308.500 -58.496
1021.500 -826.502
1310.500 96.499
969.492 886.498
-1318.500 -42.503
819.493 -1038.510
1320.500 134.496
744.498 -1105.510
-1238.490 -536.501
694.500 1159.500
1160.490 -715.499
-904.498 1022.510
721.497 -1164.490
-1032.500 905.501
1337.500 341.494
-1324.500 -389.496
-953.497 -999.497
1363.500 -246.512
-1229.500 -644.494
981.493 -998.497
1332.500 436.496
-890.502 1086.500
-949.506 1043.500
1407.500 -140.502
-1411.510 -81.505
1410.760 -153.955
-1168.500 -806.510
-1385.490 -328.404
-921.492 1087.500
-1389.150 -329.111
-1050.500 -968.497
1346.490 -484.499
1383.500 -405.505
-830.500 -1179.500
1032.500 -1012.500
-900.508 -1131.500
-1252.500 725.504
-1137.500 -939.496
1367.500 -557.498
-972.505 -1111.500
1415.500 -424.499
-1201.500 866.499
1429.500 397.504
1170.500 933.495
1357.500 -636.500
924.500 -1189.500
1512.500 80.499
-1508.490 -127.505
-1149.500 1006.490
1115.500 1047.500
-1532.500 59.495
1003.500 -1166.500
-1222.500 -949.499
-1120.500 1068.500
-1554.500 -10.501
-1554.500 65.503
1037.500 -1172.500
1389.500 -734.496
1429.490 661.495
-1260.490 -944.506
1043.490 -1192.500
-1293.510 936.498
1617.490 -50.500
-1607.500 262.493
1331.500 -955.499
1522.500 -676.500
1600.500 -512.499
-1536.500 -700.498
1559.500 -692.496
-1604.500 -707.505
1357.500 -1127.500
-1548.950 -858.500
-1552.060 -858.500
1591.500 -787.501
-1571.500 827.498
-1571.500 -848.510
-1504.500 1022.510
-1531.500 -985.496
1510.500 1055.500
1532.500 1036.500
1432.500 -1191.510
-1528.500 -1119.490
-1545.500 -1143.500
1592.500 -1121.500
