0.499 -0.500
-45.490 40.504
-76.503 -16.499
-79.501 -73.497
65.503 -103.501
-29.498 128.503
-88.497 99.501
29.498 -134.501
141.503 14.500
22.502 142.494
87.496 116.498
-139.498 93.500
-17.496 190.504
97.500 176.501
219.495 49.502
-81.495 250.499
258.508 66.494
150.504 -222.501
-263.496 123.505
301.496 -36.496
251.500 -258.502
-337.499 -125.499
374.496 -55.496
11.505 -378.503
-62.496 -389.503
-164.497 360.502
-145.494 385.494
-413.506 -52.506
96.501 -418.500
-148.498 -412.499
221.494 392.511
425.500 188.508
-468.493 -30.497
0.491 -479.504
469.498 -124.502
463.500 -172.501
233.495 458.493
472.496 -207.512
-29.501 516.500
-435.493 -350.503
-450.497 -340.496
-55.501 562.498
-218.503 -532.505
136.504 -564.505
-434.496 -408.503
-594.504 61.500
517.506 308.500
-42.501 610.498
298.506 -536.501
244.491 564.506
-507.500 -351.505
-613.503 154.491
-628.497 -75.504
-298.501 -562.505
-265.500 -593.496
-475.491 -444.490
-360.502 -544.497
-652.500 -75.501
22.495 659.499
-161.499 -641.501
657.501 93.502
614.500 260.501
144.497 662.508
426.503 534.500
-45.497 -696.491
295.503 632.497
-281.492 -648.502
-646.494 -311.500
352.499 -626.504
575.499 -447.501
-735.495 22.499
130.503 -737.496
718.500 212.506
740.500 127.507
-411.505 631.502
-60.502 758.492
767.497 -46.502
751.502 -169.503
16.505 775.500
-274.503 -727.502
698.495 -347.491
-793.494 44.501
533.501 604.505
269.492 -771.498
-814.498 -51.494
689.498 446.497
-803.337 180.251
-338.499 -752.502
-805.246 184.071
-225.503 -796.496
-251.499 791.498
-629.496 -544.500
-692.500 -474.499
-712.505 -449.502
350.011 -771.884
350.002 -771.984
-803.504 280.496
815.504 -260.505
29.500 -857.501
786.503 363.498
-368.501 794.497
556.500 -681.499
665.505 -603.506
884.496 160.499
-862.494 -254.496
752.501 512.497
817.502 -404.501
893.504 183.502
-89.499 -909.500
882.502 -240.497
-783.490 -470.497
106.501 -909.502
-348.503 849.503
150.493 -910.495
639.500 669.495
837.499 400.500
207.495 -905.508
412.500 836.498
236.497 -903.501
-822.506 456.497
522.500 786.497
919.501 225.499
727.500 615.504
-954.502 -113.495
-415.497 867.499
-839.503 -475.496
-574.504 775.493
-201.504 950.502
-462.505 -863.493
682.502 -703.505
74.497 -978.491
-237.496 -956.493
-37.496 984.493
496.493 855.494
-384.501 911.498
574.490 -811.498
-795.495 -627.496
767.502 -676.503
372.500 -965.503
1030.500 133.500
-128.513 -1038.500
973.503 -393.500
27.507 1054.510
1057.490 -18.500
-824.498 -664.501
-1058.490 23.499
664.503 828.500
732.499 781.495
7.500 1072.500
1024.500 328.502
-597.505 893.508
1081.500 -59.498
-1088.500 -114.501
-1.505 1094.500
-1090.250 -127.321
-1095.490 73.504
-1090.490 -129.500
714.505 837.496
-1086.500 190.496
-251.499 -1077.500
-652.493 895.502
264.501 1076.500
-101.506 -1110.500
-792.499 783.499
1047.500 -387.498
-838.496 -742.501
1031.500 -438.499
768.499 -816.495
311.499 -1086.500
323.498 1089.500
1097.500 -315.495
-1054.510 439.504
-1058.180 433.724
792.508 826.497
1105.500 309.499
1148.500 23.493
-585.494 -992.500
-163.608 -1142.470
-162.167 -1142.980
993.493 -604.502
1152.500 -173.498
-808.501 846.497
-1156.500 186.501
787.493 -885.501
606.496 1017.490
-596.501 -1024.500
-482.498 -1086.500
-1115.500 -440.506
545.497 -1071.500
-613.503 1036.500
376.499 1146.500
-1068.500 567.499
-1167.500 334.496
-454.495 -1145.500
1245.500 -143.491
948.498 -826.505
1159.500 -491.501
-749.497 1011.510
-362.503 1206.500
1192.500 409.497
826.502 -956.502
1271.500 8.493
991.498 -801.499
1266.500 -238.504
983.506 854.509
1155.510 -614.506
-675.500 1126.490
1234.500 474.504
-1022.500 838.501
1260.500 -414.499
-1295.510 -292.497
1318.500 202.499
-654.497 1162.500
-774.505 -1087.500
-639.509 -1181.490
1123.500 -757.497
-947.499 -969.503
-1356.490 75.500
898.500 -1021.500
1128.500 771.509
996.504 943.492
1338.500 360.500
-1379.500 -129.494
1391.500 12.505
1323.510 -440.506
924.504 -1054.500
1046.500 -937.495
1337.500 -430.506
1139.500 825.502
1035.500 953.505
-1272.490 -601.503
-1404.500 -107.499
1195.500 -754.499
-1368.500 384.484
1262.500 661.497
1449.500 -89.500
-1422.500 -291.492
993.500 -1063.490
-903.491 -1147.500
1440.500 -244.493
-1262.500 746.503
922.498 -1142.510
1458.490 -175.501
-1065.500 1010.500
-1305.500 -673.494
1151.500 919.502
-1478.500 -2.500
952.506 1132.500
1348.500 -620.497
-1471.490 196.501
1399.500 -514.494
-876.499 1206.500
-1493.500 -96.502
1458.500 -343.487
-1419.500 -536.504
1345.500 738.501
1385.500 -718.500
1469.500 532.498
-1191.500 1014.500
1528.500 -365.498
-1338.490 -826.499
-1268.490 932.502
-1532.510 -382.504
-1564.500 -246.497
1485.500 -557.503
1327.490 875.495
-1266.500 -995.504
-1269.980 -1004.030
-1430.500 792.502
1515.500 629.497
-1244.490 1069.500
-1567.500 -509.509
1619.500 -335.503
1484.500 -740.506
1362.500 956.495
1484.500 -794.503
-1515.510 820.502
-1374.490 -1061.500
1603.500 734.497
1338.500 1198.500
1597.500 -849.507
1378.500 -1186.500
1420.490 -1140.500
1561.500 -938.499
-1426.500 -1159.500
-1570.500 972.507
1540.500 -1190.500
1565.510 -1203.510
