0.503 -0.494
-56.503 -73.495
-60.367 -90.052
-92.504 60.494
-133.505 20.503
-117.495 -77.503
-32.503 -141.501
-75.497 146.499
-91.498 -144.503
79.501 163.504
128.494 -139.491
162.018 102.289
161.532 107.245
159.501 -131.502
96.496 -186.492
-70.349 207.649
-75.503 212.499
-57.340 219.971
-59.507 226.501
116.497 -204.996
-117.497 204.499
210.492 -116.502
241.500 46.504
240.503 -52.501
-0.507 247.497
218.502 -137.401
218.673 -138.378
187.500 183.504
-38.502 -261.507
233.043 -129.959
-269.499 -59.493
28.497 -280.497
267.492 91.505
283.502 46.496
-245.504 -152.501
-146.495 -259.498
195.499 -236.494
310.496 -30.490
-285.500 -141.505
33.493 324.502
-129.498 -303.499
-90.502 -323.505
289.509 172.508
191.500 -285.509
305.496 168.498
263.894 228.717
-5.507 -353.497
266.498 237.504
-45.500 357.497
335.502 -135.498
153.502 328.495
10.504 -363.499
100.502 -360.498
260.498 -285.499
63.494 382.497
-1.502 -389.499
-324.503 -214.501
-357.507 -157.497
297.506 258.498
-132.495 -376.504
379.497 -153.500
-392.502 -130.494
154.492 -385.503
376.498 176.501
87.499 407.507
-2.499 -418.500
-260.496 -330.501
-253.064 -338.257
-422.505 84.504
383.503 200.497
433.505 22.500
30.500 -434.509
424.505 117.501
-400.504 199.502
259.501 -369.491
410.503 199.495
-175.498 -423.494
47.496 455.496
-416.497 191.503
-172.826 -428.403
-456.501 -143.497
343.500 334.497
254.508 -407.505
-184.497 -445.498
484.490 32.498
-172.552 -457.234
82.499 482.499
37.499 -491.495
493.504 9.504
-92.502 488.495
380.489 -330.491
253.495 -440.500
175.500 476.500
-101.497 -501.503
-27.500 -518.504
356.505 -386.503
-92.505 -519.495
395.497 352.502
423.113 323.618
510.498 -158.503
503.505 179.497
-510.499 -158.495
526.497 119.497
511.495 -183.495
426.506 337.494
542.491 -59.496
-463.006 -292.500
-439.500 -330.498
336.496 -437.496
-549.500 60.503
307.194 -461.144
303.314 -466.457
303.162 -467.549
399.504 -393.498
-560.501 -33.500
-229.495 -513.499
515.504 227.501
198.498 527.501
167.498 -541.508
-509.505 -249.501
440.494 358.500
271.492 -500.496
263.233 -508.277
-450.497 353.500
-3.510 -575.499
258.497 518.500
-110.499 -573.497
443.502 -393.494
166.493 -569.497
451.500 388.505
-124.507 -585.493
-445.205 -402.273
572.496 182.508
338.501 -497.501
-450.210 -399.861
-2.500 602.499
586.500 150.499
595.506 -138.499
512.501 333.496
-606.497 -81.495
-114.494 -603.503
615.496 -23.502
-471.497 -399.499
-602.504 -174.501
-616.496 -137.507
12.497 -632.501
518.503 -367.495
-233.501 597.497
-595.500 240.500
-580.501 -276.499
629.490 -142.504
510.501 -407.499
324.495 568.502
657.497 1.505
526.494 400.495
-644.507 160.492
-117.499 -658.489
245.506 -623.500
231.499 628.500
612.502 272.501
-638.501 218.494
-675.494 -29.493
-482.502 -477.498
79.499 678.506
143.502 -671.505
-310.497 616.502
-360.496 -591.502
552.503 422.498
-613.496 328.500
-485.502 -503.499
659.501 -249.499
308.499 -634.495
-453.512 -543.499
126.497 698.499
-695.501 155.508
302.496 646.502
678.495 -225.500
492.507 522.502
524.499 -491.494
-67.494 -715.499
-721.503 -73.502
607.499 -413.505
736.498 65.501
567.502 -481.494
273.500 691.500
667.501 334.498
45.977 749.022
-661.506 -362.495
-759.498 -13.110
-759.498 -13.499
233.500 724.504
512.501 -566.503
559.497 -521.497
-244.505 -724.488
36.504 -765.501
-166.498 -748.498
-204.496 -742.496
577.501 -511.507
-241.495 731.501
-771.499 -36.496
-728.494 -260.496
-761.501 -142.507
550.503 -550.500
778.503 -99.494
-61.500 -782.502
-581.493 -537.505
676.499 413.494
11.503 -802.502
468.504 -654.502
572.496 -566.494
284.502 -758.497
-670.502 457.497
803.502 -138.497
-95.498 811.502
-807.501 128.506
-102.503 -817.503
462.503 -687.500
-337.501 758.497
-574.498 599.493
-303.495 774.498
371.503 -747.502
723.496 424.504
583.494 603.499
-596.496 -601.505
51.500 846.497
88.500 846.500
-169.497 -836.505
210.499 827.503
304.494 801.503
-832.506 -227.497
-588.501 632.499
227.500 -836.499
-427.493 756.502
593.498 639.499
878.503 -25.501
-221.506 -851.501
830.501 -305.501
652.494 -604.500
-433.502 775.501
867.492 202.501
-280.500 -845.496
-542.506 -708.498
-716.493 535.501
882.505 153.501
-683.496 -580.509
-586.504 -679.495
846.498 -321.501
-298.160 -858.031
-397.500 -818.495
-298.257 -860.302
-240.306 -879.773
-513.492 752.502
912.496 -13.498
-244.349 -879.414
846.504 343.493
849.505 -339.505
870.500 294.506
-873.503 283.502
846.503 -365.507
413.501 -826.493
923.505 -37.496
718.493 583.502
-85.500 -923.502
-495.499 -784.497
624.508 687.500
299.495 879.498
796.499 485.495
834.506 -421.501
785.503 -519.503
-299.495 -894.494
-584.498 -745.499
-914.502 249.499
934.501 170.499
513.499 806.505
-640.499 713.497
84.500 -957.500
-960.501 -7.497
-821.498 -498.501
875.497 407.504
892.501 -374.500
-694.502 677.501
112.503 -966.501
-969.498 77.499
38.502 -975.061
923.497 318.497
903.493 376.502
228.458 951.676
-524.503 -827.502
950.498 -239.503
346.500 -917.508
228.021 953.857
-173.499 -968.500
899.494 399.505
642.497 -755.502
-978.501 180.502
749.498 657.500
33.502 -998.505
-318.503 -950.496
995.503 136.502
780.072 636.499
889.498 475.503
-164.493 -995.498
921.500 415.496
799.499 621.505
759.658 -672.290
-1011.500 68.501
-269.021 -978.494
772.497 -659.499
-272.125 -978.497
-837.500 576.499
41.496 -1020.500
-369.494 -954.496
639.504 -800.502
82.494 -1022.500
-791.512 651.498
799.210 647.823
797.669 650.365
999.498 248.495
33.495 1032.500
-531.502 -892.498
-522.055 -913.497
184.492 -1037.500
38.503 1063.500
309.503 -1019.500
-540.497 -918.503
-1065.500 35.493
1016.500 327.499
645.877 -853.447
527.499 932.496
1059.500 -175.495
-188.506 -1057.500
913.502 568.506
652.125 -857.806
1080.510 -69.501
-982.498 455.494
-585.498 -913.499
-342.504 -1031.500
995.500 441.502
-374.501 1022.500
1037.500 369.498
497.492 989.502
455.499 1012.500
-260.501 -1081.500
-1076.500 -303.499
283.504 1083.500
-48.502 -1125.500
-820.499 -789.504
-786.501 838.505
957.497 639.497
86.501 1149.490
-222.509 -1134.510
119.496 -1153.500
-461.498 -1064.510
983.500 628.492
-97.502 1163.490
-509.500 1050.500
488.503 1064.510
-65.502 -1174.500
-939.498 712.502
931.499 733.498
94.502 1181.500
-920.494 -750.497
359.500 -1133.500
-79.500 -1186.510
1186.500 -85.498
1183.490 -159.497
1080.500 508.510
686.504 981.497
-803.500 -888.506
1129.500 -410.503
-1156.500 -330.503
-1193.500 -161.511
1058.500 579.505
-1118.490 -455.512
-161.503 1200.500
221.497 -1200.500
1087.500 556.504
814.496 -911.499
430.504 -1150.500
1228.500 8.504
1146.500 -461.498
-976.500 -760.501
-940.499 -811.504
-1182.500 -390.503
842.501 -919.498
-688.502 1038.490
522.499 1132.510
952.500 806.507
-438.495 1170.500
-1152.500 487.507
-963.500 -817.497
-1260.500 -83.501
998.495 779.499
-1139.500 -553.502
-765.500 -1018.500
1245.500 -272.496
-514.502 -1168.510
1004.500 -794.500
-521.488 -1180.380
696.499 1089.510
-505.501 -1192.500
1106.500 673.495
-1289.500 139.500
-842.500 -987.494
918.499 918.501
-990.499 -842.506
1180.490 -552.506
-1282.500 225.494
1230.500 -456.496
-1317.500 -67.509
915.508 965.500
-766.500 1090.500
-580.503 1202.510
1243.500 489.500
1081.500 787.503
-1133.500 -710.500
-1083.500 -787.502
1306.500 298.492
1007.500 891.496
-1340.500 -125.503
1195.040 635.959
-1143.500 -735.494
1156.910 723.671
-1038.510 -886.506
1154.510 729.495
1138.500 755.508
1312.510 387.495
-1190.490 678.497
982.218 968.949
1142.510 778.499
987.502 980.503
-1137.500 801.496
1139.490 805.502
855.500 1105.500
-1300.490 -513.499
-885.501 -1088.500
-1122.490 843.504
1131.500 -834.501
1116.490 881.499
1067.500 941.501
1428.500 16.498
-1244.510 -700.497
1206.500 773.497
1166.500 845.498
-893.495 -1134.490
-1436.500 169.499
1401.500 364.501
-1162.500 862.503
1444.500 119.507
907.501 -1132.500
-1393.500 405.503
1161.500 890.495
966.498 -1101.500
-1455.500 -170.496
-949.504 -1117.500
-1200.500 -845.500
1133.500 945.502
-1152.510 922.503
-1054.500 -1036.500
-1469.500 163.506
-1025.500 -1066.500
984.500 1104.500
1340.500 -634.502
1414.500 452.503
-1183.500 -896.511
-1229.500 833.501
-1179.640 -913.043
1209.500 875.499
-1439.500 -404.505
1354.500 652.505
1416.500 -505.495
-973.199 -1156.710
-968.832 -1161.160
1161.490 -976.501
1198.080 933.822
-1179.500 -957.502
-1391.500 -620.505
1155.500 995.500
1205.500 934.919
-1375.500 -659.502
-1130.500 -1024.500
-1090.490 -1069.500
-1312.490 -784.498
-1129.990 -1031.420
1522.500 -181.505
1466.500 475.493
-1226.500 932.505
-1233.240 926.705
-1441.500 563.501
1045.500 1152.500
1412.510 655.500
1309.510 866.494
-1041.500 -1179.510
-1327.510 -855.497
1045.500 1185.500
-1547.500 -335.499
-1358.500 817.503
1081.500 1161.490
1579.500 -254.505
-1406.500 -764.503
-1572.500 336.499
1232.500 1038.500
1479.490 667.497
-1464.500 -710.502
-1302.500 1000.490
-1404.510 -854.501
-1571.500 -483.503
-1260.500 1067.500
-1352.500 965.507
-1348.500 990.499
1310.500 1058.500
1464.500 855.500
1417.500 946.506
-1241.500 1173.500
-1501.500 -825.497
-1418.500 -963.506
-1283.500 -1143.500
-1599.510 -729.497
1559.500 872.501
1518.500 944.503
1380.500 1157.500
1518.500 984.500
1620.500 826.500
-1539.500 -975.505
-1468.510 -1109.500
1589.500 -997.501
1503.510 1122.500
1555.500 1063.500
1540.500 -1157.500
1583.500 1104.500
1557.690 1141.550
1563.610 1146.590
1574.500 1161.500
