0.503 -0.500
-89.500 11.504
-5.505 116.500
94.503 -122.500
-106.499 129.502
160.497 -61.500
169.503 -35.505
-20.498 -186.504
-16.019 -195.829
128.494 159.497
-202.505 59.500
-183.493 105.494
-64.507 209.497
-184.512 -124.494
234.500 -52.495
-120.503 -249.501
79.502 -269.502
179.498 232.499
143.497 -266.499
275.500 -128.500
-192.500 -235.498
30.502 305.506
127.499 -282.501
-197.521 -244.569
7.505 -325.503
99.498 324.495
-65.500 334.500
-330.498 89.507
202.499 -292.498
311.497 173.496
-87.505 -352.498
-330.490 150.494
-283.500 229.506
357.498 -91.496
-65.502 362.495
-207.499 -311.501
-358.501 -112.498
251.494 -282.507
-172.502 -336.493
-149.495 -349.493
-249.502 -301.493
385.495 -94.498
359.511 -178.497
-345.499 -209.501
-89.499 394.505
11.508 407.500
-244.503 -329.500
413.507 -13.497
407.501 109.504
-205.497 374.503
-72.493 422.506
217.505 373.495
53.501 -434.499
-429.497 -107.498
-446.499 -6.108
-446.499 -6.497
187.501 411.510
-294.503 -357.501
193.497 -427.495
-203.505 -422.502
464.491 72.494
-119.504 455.499
-398.502 -265.494
260.497 402.493
-242.503 -422.495
199.504 458.499
107.505 -495.498
507.499 -40.500
339.498 -389.499
-152.503 492.495
-407.498 323.497
-506.500 -126.496
314.504 -424.496
498.510 195.489
-534.492 37.503
488.496 -239.505
-484.491 260.499
-213.503 -508.500
268.507 484.501
-545.502 -110.497
559.496 -1.508
341.495 -455.494
-509.503 -261.505
-226.498 532.492
-474.503 -334.496
-56.502 581.491
410.500 -421.498
470.055 367.258
472.397 370.398
-497.495 -341.503
47.507 603.506
-208.501 -570.509
-217.183 573.936
-530.505 -323.496
-47.493 -621.502
-207.498 590.499
-252.504 578.495
627.506 -107.500
-2.498 636.494
-394.501 501.498
468.497 -435.500
-314.500 555.495
-535.502 -352.498
-241.497 -602.498
647.505 -60.492
615.504 -223.507
-656.506 -17.487
661.500 5.493
-646.503 149.501
659.498 -91.500
367.498 555.493
-608.502 279.496
-667.498 -103.507
-540.494 -418.507
598.497 337.509
-340.496 -601.498
-215.499 658.493
524.499 -458.497
-45.501 695.007
-688.506 -135.489
-693.504 -113.506
-687.973 -144.370
-334.497 -623.496
-626.501 335.499
673.497 -243.496
457.501 555.502
382.506 609.496
356.503 629.495
-255.015 677.015
-708.498 166.501
-262.503 683.502
209.506 -703.497
-452.502 579.506
-529.494 -512.502
354.504 -649.495
-115.501 -737.501
-439.506 -608.507
-8.502 751.502
-631.505 407.500
-749.503 58.505
-156.500 736.496
732.501 182.502
-604.504 -456.495
-428.499 -629.498
721.504 250.495
-345.502 682.499
746.123 177.673
-207.502 -738.502
-747.498 189.496
770.490 54.505
-268.509 -724.498
-537.500 554.496
-469.500 -616.499
-445.507 -635.504
-633.503 448.497
-698.502 -351.493
-86.506 -778.497
-690.500 412.500
-766.503 263.505
807.530 84.498
114.493 803.505
808.258 84.856
811.308 84.498
183.495 794.500
-655.498 -485.498
-266.497 -771.503
-660.502 481.497
693.497 440.503
-820.497 36.504
213.499 -797.492
-209.493 799.502
-804.492 198.498
-743.503 367.502
-724.505 410.500
-167.501 816.493
713.507 -435.497
340.501 765.503
366.504 -755.503
-651.506 530.499
-739.510 -406.501
-515.506 -669.501
-330.501 -782.494
689.508 -497.499
-736.499 432.494
839.497 163.502
-860.504 -67.501
564.508 -657.504
-714.503 -490.503
172.500 852.499
-245.497 -838.492
-833.498 260.492
-855.503 175.503
-773.504 407.499
120.495 -873.500
-822.503 326.501
-771.492 -434.495
-506.501 727.498
612.507 646.492
-696.498 -564.498
822.505 -362.500
331.506 -835.505
624.496 -652.497
884.504 -194.503
540.500 -734.497
-712.496 -568.502
-766.494 -503.500
-704.614 596.496
-850.507 361.505
249.497 -891.498
-612.503 694.491
-332.497 864.497
-411.504 831.503
-841.498 398.513
-904.499 222.495
-412.493 -837.499
-102.501 927.498
-707.994 625.009
-775.506 -541.501
-643.502 -693.502
782.492 -535.504
-685.378 654.218
-498.498 806.501
446.495 -838.508
-136.505 941.489
631.495 -714.499
-928.503 -217.502
-691.202 657.099
-877.889 373.430
-666.496 684.492
-811.495 -514.498
-377.498 884.502
-958.495 92.499
-709.115 653.114
-709.262 653.548
-844.503 474.501
800.502 553.499
-13.501 972.506
578.501 -787.506
-664.499 717.497
267.504 955.500
-504.493 -860.499
471.503 -880.493
-982.495 207.502
-554.496 841.502
-399.497 -927.502
977.500 254.506
-100.509 1004.500
422.494 918.501
518.491 869.500
1009.500 -106.502
705.499 729.509
21.506 -1025.510
-761.499 694.499
-1020.500 -146.503
69.507 -1039.490
863.501 -586.506
-1042.500 -79.497
-754.493 725.499
503.496 918.506
-558.497 887.497
-467.496 950.496
574.499 -898.495
-763.506 -746.500
-206.508 1047.500
84.497 1067.500
430.502 -982.502
-665.508 -847.500
-975.496 -460.498
56.510 -1078.500
127.504 -1079.500
1066.500 229.500
742.502 800.498
-1002.500 -439.500
178.495 1083.510
1098.500 92.500
293.507 1064.490
1010.500 -460.506
-451.500 -1020.500
167.496 1103.500
727.505 847.500
-611.504 -941.500
-200.497 -1109.500
710.496 876.494
-1020.500 482.497
-1093.500 293.500
-283.503 1097.500
1119.510 222.499
204.501 1123.500
-478.504 -1042.500
-861.499 756.499
853.490 767.501
481.491 -1044.490
922.501 695.501
-866.500 -766.497
-1071.500 -436.501
337.499 -1111.500
-53.503 -1161.500
764.506 -876.501
-326.503 1117.500
692.495 942.503
-448.501 1080.510
1126.500 -333.493
-737.499 -915.505
-870.499 789.501
1068.500 -501.493
-944.495 709.494
-693.500 961.500
-640.499 -1000.510
1056.500 -545.502
-1025.500 -601.501
981.504 -672.493
1011.500 626.501
1116.490 415.506
582.499 -1040.500
594.558 -1049.630
865.502 841.499
-1008.500 669.501
-1061.500 586.495
-1148.500 -398.500
-1188.510 264.500
828.492 -894.501
390.498 1155.500
158.787 1210.500
159.547 1210.500
-1110.490 513.493
1102.490 536.503
-202.487 1208.500
-1224.510 -51.497
-535.493 1102.500
-1216.500 -174.505
-1016.490 -694.504
-851.505 891.512
-1187.490 -348.505
-1214.500 -241.501
-1074.500 620.504
643.303 -1063.740
-1088.500 598.498
423.501 -1169.500
718.496 -1016.490
640.377 -1068.620
608.493 1093.500
661.498 1062.500
-342.500 1205.500
-359.510 -1204.490
-570.508 1123.500
-989.503 784.498
-989.503 784.887
-1190.500 -428.497
-1011.500 -763.508
820.504 -969.502
-1249.040 225.899
-1256.060 223.953
465.504 1192.500
-611.503 -1125.490
-1163.500 -538.506
549.491 1159.500
-1282.500 59.498
985.499 827.500
-1281.500 -113.497
-1244.500 330.498
-1298.500 -12.502
-1238.500 -392.507
1298.500 -142.505
1290.500 -275.496
-1075.500 -765.500
1225.500 501.500
1209.490 -582.508
719.498 1135.500
-1067.700 817.647
592.495 1208.490
-617.502 -1198.500
-1003.500 -902.503
-1074.930 815.303
-767.501 -1111.500
777.504 1112.500
-1338.500 -266.496
-923.502 1006.500
660.508 1201.500
807.500 1112.500
830.499 -1096.500
1135.510 -786.503
963.502 992.497
-1363.500 -238.502
-1170.500 738.491
-1237.500 631.502
802.504 -1141.500
-1240.500 -638.500
934.500 -1042.500
-878.494 1094.500
-930.502 1056.500
-754.504 -1201.490
1033.500 -981.502
-1030.060 989.503
-1041.100 989.497
-827.493 -1175.500
-957.503 1077.500
1442.500 -66.501
-1290.490 649.501
867.499 1161.500
-1138.500 -906.494
-1453.500 -69.502
-1424.500 -300.502
-1018.500 1050.500
941.504 1126.500
1434.510 -340.496
-972.498 -1110.500
1459.490 227.498
1215.500 843.492
-1451.500 -320.500
-1130.510 -967.497
-1393.490 532.497
1285.500 765.499
1020.500 1094.500
1363.510 -642.509
-1424.340 -498.826
-1424.160 -500.213
-1202.510 912.490
-1355.500 664.493
-1497.500 -196.494
1456.500 -427.494
1310.490 -768.500
-1438.490 -511.494
1157.500 -1011.500
-1506.500 301.502
-1537.490 51.495
1059.500 -1124.500
1031.500 1150.510
1467.500 548.506
-1470.500 -542.500
1566.490 -123.506
-1507.500 -454.502
1484.660 557.578
1471.500 602.499
-1512.510 493.499
1494.030 560.916
-1207.510 1043.500
1599.500 -25.498
1300.510 -953.501
-1561.510 -398.501
-1420.490 -769.509
1606.490 -193.503
-1533.500 -514.499
1484.500 -648.509
-1355.500 -887.503
-1536.500 542.501
-1591.500 -364.500
-1594.490 358.499
-1556.130 -506.751
-1557.550 -506.501
-1620.490 -265.493
-1552.500 -535.499
-1193.490 -1144.500
-1591.500 -459.491
-1433.510 829.500
-1582.850 -523.057
-1582.980 -524.421
1609.500 461.506
-1584.510 -549.504
1300.500 1062.500
-1594.490 536.496
1490.500 -783.510
-1619.500 -461.494
-1244.490 1147.500
-1219.500 1179.490
-1619.500 -512.502
1294.510 1113.500
-1436.500 -925.499
1281.500 -1137.500
-1570.500 -708.500
-1587.500 738.504
1407.490 1054.500
1456.500 -989.505
-1569.510 -850.496
-1589.500 826.502
1560.510 897.499
-1592.490 869.502
1367.500 -1198.500
-1574.490 -933.496
-1606.500 -895.071
-1606.500 -895.176
-1590.500 -925.496
-1528.510 1052.500
1538.500 1062.500
-1530.500 1190.490
-1548.500 1189.500
1536.490 1210.500
