0.497 -0.501
36.510 -44.500
-32.497 -112.501
-5.500 132.498
139.496 -45.500
143.496 176.495
159.498 -191.499
-258.493 -81.495
-49.501 -267.507
-175.503 -226.495
-237.508 -202.501
-115.493 290.494
314.502 118.505
-42.501 336.503
347.497 -185.499
412.498 -40.502
356.501 -242.497
93.498 -431.501
29.497 486.504
485.499 58.505
-413.505 264.493
-488.498 106.500
492.503 -142.505
506.502 89.496
-399.506 -323.509
-500.500 -124.500
537.501 -17.496
-531.501 148.502
-518.507 194.501
91.249 -549.756
87.187 -555.330
545.506 -143.496
-360.507 444.495
529.501 261.503
-508.498 -331.501
-179.492 -583.496
-605.503 -95.497
560.497 -252.507
447.502 423.495
-517.498 338.503
476.505 400.501
303.505 -547.500
-623.495 97.497
502.500 388.492
-67.500 631.494
-17.498 -642.502
-639.504 86.497
385.508 532.495
-495.503 488.494
-662.497 -256.504
-14.498 726.497
-612.503 391.500
-377.497 631.499
721.491 -168.505
402.693 627.693
23.503 753.503
-593.502 467.500
753.499 -127.499
-658.497 -407.497
306.495 -723.496
-26.506 -786.503
35.497 -789.501
-517.495 596.504
727.505 311.499
-313.493 728.499
-342.507 715.503
783.511 137.505
766.502 -237.504
-289.506 -750.500
787.499 -185.501
-444.504 -682.499
-807.502 119.505
716.502 -394.505
-716.505 -425.502
-582.498 631.505
295.809 -820.986
-823.496 291.503
298.670 -826.448
593.497 649.495
818.504 362.504
-572.501 -691.500
-212.509 -877.496
14.498 -906.491
-830.495 380.498
887.499 -241.500
-525.498 769.505
811.504 466.505
-943.502 36.510
941.504 -89.499
-729.505 -626.490
42.507 -961.502
-635.500 725.503
-324.503 -941.501
485.504 -873.506
952.499 312.498
947.499 357.502
-773.505 655.502
296.499 -971.500
-691.503 758.500
477.503 909.505
-584.496 -846.496
-760.500 -727.495
342.497 995.497
-1003.500 -327.498
-828.504 -662.500
-1008.500 328.503
351.508 -1002.500
658.495 838.499
672.062 832.745
-785.494 -740.501
93.495 1075.510
-351.502 -1031.500
-278.495 -1054.510
499.503 -978.491
-1007.500 437.497
-1.499 -1103.500
266.496 -1072.500
-193.497 1088.490
-210.491 1086.500
863.497 694.494
-261.495 -1080.500
-722.504 848.509
-5.088 -1117.550
-726.502 -849.498
-5.502 -1119.500
1118.500 -56.496
379.502 1057.500
124.505 -1121.500
-744.501 849.496
1096.500 -278.503
894.502 692.494
26.494 1130.490
960.501 602.497
307.492 1094.500
-551.507 1014.500
1155.500 47.511
923.498 707.495
1165.490 28.502
-921.502 -717.498
438.499 1083.500
340.497 1120.490
-119.497 1179.510
356.495 1132.500
1189.500 11.500
-1190.500 -80.504
1118.500 -431.500
979.503 -693.501
428.502 -1123.490
1002.500 -666.503
1104.500 -481.503
1183.500 -262.504
707.498 984.497
-45.498 1211.490
-361.498 1157.500
360.497 1158.500
454.496 -1127.500
-683.497 1020.500
362.497 1190.510
-1217.500 260.493
-433.502 -1175.500
1193.490 -382.500
1136.500 -532.494
-875.497 898.498
916.500 858.497
554.500 1129.500
1073.500 660.499
-1255.500 149.495
628.497 -1099.510
-1241.500 -252.494
-1145.500 -556.496
-465.500 1186.500
864.499 -949.507
-1183.500 523.503
-1196.500 -512.505
-806.501 1030.510
999.500 848.499
-1137.490 -655.506
689.502 -1134.490
-1294.500 342.496
-823.501 -1068.500
1317.500 295.508
629.490 1196.500
1078.500 -824.498
1039.500 874.493
988.506 941.501
673.496 1194.510
-1127.490 -786.499
-1201.490 -698.499
-1387.500 89.511
1339.510 -384.500
-1292.510 523.499
1270.500 606.501
1205.510 733.501
-941.503 -1057.500
1009.500 -1001.510
-1106.500 -904.499
-1305.510 580.496
1365.500 458.505
979.496 1060.500
-971.504 -1076.500
1460.500 38.497
1071.500 -1002.490
1157.510 -902.495
-1167.490 889.498
-1309.500 709.503
1298.500 733.496
-1417.500 468.498
1011.500 1104.500
1143.500 -975.501
1217.500 882.496
1193.500 923.495
1410.510 538.497
1486.500 314.503
-1514.500 -119.506
-1341.500 731.500
1529.500 53.502
1481.500 397.495
-1533.490 -113.498
1207.500 -965.500
1467.500 -496.503
-1141.500 -1048.500
-1513.500 -337.500
1125.500 -1079.500
1540.500 308.496
1088.500 -1145.500
1460.500 -615.503
1528.500 -423.505
1506.500 497.499
-1478.500 582.499
1252.490 979.495
1590.500 110.502
1302.490 -934.495
1450.500 -690.503
1292.500 -1006.500
1184.500 -1138.500
1366.500 930.667
1195.500 1145.500
1194.500 1178.500
1287.500 1081.500
-1281.500 -1096.500
-1267.510 1115.500
1387.010 987.326
1393.490 996.496
-1532.490 767.509
1464.500 926.495
1258.500 1208.500
-1489.500 909.508
-1324.500 1144.500
-1550.500 819.496
-1310.500 -1177.500
1367.500 -1143.490
1368.500 1156.510
-1470.500 1082.500
1407.490 1168.500
1470.490 -1111.500
-1557.500 1016.510
1523.500 -1095.500
-1601.500 -1008.500
-1531.500 -1175.500
-1613.500 1198.500
