0.492 -0.505
20.496 -23.494
-13.500 -76.498
-0.499 -112.497
72.500 151.503
-186.501 -20.503
156.499 -117.502
-213.494 58.509
-14.494 221.491
-237.126 -13.344
-240.502 -7.504
-76.506 231.500
-10.499 -264.505
-187.496 191.497
298.501 -36.504
305.504 -5.498
-317.502 -140.500
-311.506 191.493
189.497 -315.501
370.505 32.501
281.494 254.503
294.496 294.491
440.500 8.498
232.495 377.502
-392.501 -253.501
-307.493 407.503
489.493 187.501
-426.497 309.500
-481.500 219.495
426.491 320.499
-449.504 304.500
81.500 555.509
116.502 -550.497
586.496 -158.498
-599.497 -167.503
341.501 521.494
98.496 -619.505
-627.501 19.506
-446.491 -447.500
-283.972 570.416
-418.499 -482.499
-284.653 572.694
193.502 -622.500
313.500 -575.498
295.501 590.506
-422.496 524.494
452.499 -501.497
576.502 -353.498
228.497 641.498
674.492 112.505
-557.497 -406.506
696.494 73.504
690.500 -135.501
-461.497 533.504
423.505 -573.501
-214.504 -683.505
286.499 -657.497
-517.509 498.503
283.495 661.500
-665.498 -279.500
473.497 -547.511
159.494 -710.504
-47.499 -742.497
-629.496 -397.505
-246.501 702.498
283.500 -693.503
-480.500 -579.495
531.503 -534.502
-753.500 -105.490
593.503 502.501
-694.504 368.497
-284.500 -735.499
-357.503 709.505
168.498 789.493
-197.571 794.501
-190.494 -803.500
-209.496 -799.498
-228.500 -800.498
656.501 522.500
229.506 -816.497
-646.497 -550.500
784.500 327.495
-481.501 -702.502
-797.498 313.500
-366.502 786.500
332.498 805.492
801.503 371.492
-47.496 -892.498
-164.498 -883.500
896.493 78.504
-828.501 354.497
-909.499 -83.504
99.499 909.505
-910.901 -87.993
5.505 931.507
667.500 -658.495
238.493 -908.507
-938.502 -6.502
-703.497 -624.506
715.496 616.497
134.505 -937.498
935.500 -159.503
-541.493 -784.506
-557.504 -782.508
259.495 -930.496
628.505 -734.500
885.497 395.499
838.499 -505.488
943.497 269.498
980.499 -71.492
-915.503 -376.504
-59.495 1004.500
411.496 -921.501
989.500 -204.501
-362.500 946.504
482.492 910.505
490.505 -914.505
945.494 -433.497
631.501 -834.497
-293.491 -1008.500
960.045 -429.663
693.498 -796.500
651.499 -838.504
-1051.500 140.498
511.507 931.498
-1031.500 -280.500
-612.499 894.502
1047.500 -287.493
824.497 716.503
-269.506 -1059.500
762.506 -795.500
-257.504 -1076.500
1064.500 -316.498
971.500 -544.494
944.492 624.496
1086.500 -320.498
439.500 -1051.490
-1024.490 514.503
-91.501 -1148.500
-538.496 -1022.500
-140.502 1148.500
-19.500 -1163.490
-794.503 -850.499
1147.510 212.496
101.495 1167.500
931.503 -714.503
-1172.500 -35.509
1147.500 -286.501
550.497 1046.510
-13.502 1187.500
1151.650 -300.131
1189.510 37.505
-1118.500 408.500
847.497 840.500
317.492 -1151.500
1188.500 120.502
304.500 1155.500
229.495 1174.510
-1154.500 -318.499
1096.500 492.499
937.502 -754.500
1199.500 -105.504
1187.500 213.511
-647.504 1031.500
1228.500 21.501
-752.503 973.499
772.502 960.502
-981.502 746.498
-1001.490 -727.505
1202.500 -299.494
325.497 -1200.490
-1167.500 439.497
539.500 -1129.500
-1228.500 235.504
944.500 -835.500
-1024.500 741.500
-1108.500 -622.502
1206.500 -413.503
-503.503 -1174.510
-1130.500 -601.503
1225.500 -380.502
1082.510 689.501
938.496 879.491
655.499 1106.510
-1289.500 2.507
-800.505 1012.500
1069.500 -732.494
875.502 956.499
825.508 -1003.500
-785.506 -1041.510
-623.501 -1153.500
-1270.500 -333.507
-710.501 1114.500
-1286.500 -316.495
559.508 -1202.500
-1081.500 775.505
1307.500 280.504
1252.500 -500.501
1008.500 903.499
-1233.500 -558.493
-1259.500 498.497
-879.501 -1072.500
-759.500 -1161.500
1353.500 314.503
-992.503 -972.497
952.497 -1032.500
1192.500 747.500
1274.500 -623.506
1240.500 700.496
1396.500 -284.502
-899.505 -1105.500
1416.500 186.494
1003.500 -1023.500
1442.500 -1.503
1157.510 -887.497
1457.490 -169.495
-1425.500 -357.504
1028.500 -1073.500
-1426.500 -443.502
-1229.490 -871.498
1439.510 -459.498
1222.490 -897.496
1424.900 -522.379
1435.940 -519.931
1135.500 -1026.500
-1118.500 1052.510
1540.510 -69.498
1330.510 -793.499
-1056.490 1139.500
1497.500 -420.506
1558.500 -6.504
1276.500 -911.496
1553.500 -219.501
-1022.500 -1191.500
1418.090 -702.288
-1299.500 902.499
1249.510 978.497
1425.950 -698.264
1530.500 -436.498
1338.500 865.504
1598.500 6.503
1398.500 782.500
-1397.500 -787.497
1547.500 -483.502
1426.500 772.496
1579.490 -387.502
1482.500 670.503
-1299.500 -987.498
1585.500 400.496
-1518.500 607.505
1580.500 446.499
1273.500 1063.500
1374.500 953.502
1516.500 -723.112
1516.500 -723.502
-1603.500 505.501
1549.500 665.496
-1530.500 -711.500
1524.500 742.503
1451.510 -910.499
1439.500 -936.504
-1304.500 1122.500
-1542.500 -785.498
1549.500 786.502
1516.500 -849.496
-1419.500 1010.500
1472.510 -946.498
1430.500 -1033.500
1582.500 -799.502
1411.500 1101.490
1539.500 -1065.490
1620.490 1142.490
