0.053 -2.024
0.013 -2.432
-2.501 -23.500
20.561 8.972
22.497 -15.503
-25.509 11.500
34.515 1.785
-2.509 53.502
-22.500 54.497
-59.494 -43.505
60.500 47.504
82.502 -31.498
-54.812 -76.006
-91.500 36.502
-64.319 -79.411
-100.496 10.503
-35.502 -97.503
23.497 101.499
110.580 -7.366
-75.493 84.494
118.515 -3.264
120.950 -0.936
-99.503 86.496
3.498 133.503
-41.496 -150.503
-0.499 -157.500
-92.499 -136.499
111.497 157.500
133.498 172.510
-12.500 220.493
-239.507 31.502
-57.504 -243.501
106.502 -230.496
-225.501 115.500
-127.505 -224.499
-103.503 -251.493
-7.501 -273.497
-218.500 -179.495
203.500 194.502
83.501 270.497
275.503 71.513
185.505 221.499
255.503 -146.502
-114.500 -272.502
-100.840 -281.220
-37.026 -304.070
-37.035 -304.176
-54.505 304.502
312.501 32.500
-163.502 277.503
-25.504 -331.225
326.499 -68.504
-20.250 -335.745
-315.504 -115.500
321.500 105.500
-25.501 346.497
350.506 54.492
-171.502 313.503
-324.495 157.503
84.500 -357.508
-152.501 331.502
148.500 -340.495
306.500 205.498
-263.391 -298.163
126.500 380.505
310.497 266.503
-404.506 -76.499
413.504 11.499
-314.504 276.498
261.500 328.502
-177.506 388.506
438.502 -145.499
-291.495 364.507
-67.497 -467.500
473.501 -1.504
382.503 -284.496
-92.504 465.497
-353.509 -322.496
-267.494 -397.497
254.500 422.497
313.500 381.500
439.507 -231.498
495.501 -23.498
-349.502 -356.507
68.496 492.499
318.509 -395.503
-473.495 218.503
437.496 -293.509
-431.498 -315.500
-205.498 495.504
-194.498 -511.504
320.502 -449.501
-496.506 -255.503
-91.500 -552.495
483.505 277.505
-524.504 -197.495
273.505 488.500
-303.502 471.503
-446.499 -373.502
469.497 342.494
-296.501 499.506
-436.500 -405.507
-436.500 -405.587
561.495 200.502
432.498 -418.499
-377.506 468.496
-457.436 -407.203
-239.491 -568.494
-468.035 -401.749
-438.509 443.505
132.496 -616.498
61.503 -632.495
-484.505 -410.599
-478.297 -420.056
-420.503 -478.494
-474.714 -425.842
-483.144 -416.284
-477.189 -424.580
256.504 -586.488
641.502 -98.502
-477.367 -442.931
565.492 -323.503
-233.500 -637.497
672.496 -129.505
687.497 -28.498
-679.500 122.501
685.494 -94.497
-295.505 628.500
-516.510 466.503
2.502 700.494
307.148 643.138
314.272 644.836
-690.501 200.500
721.499 -5.501
639.498 340.497
108.496 719.508
-669.498 298.505
663.500 -324.505
736.495 -90.497
-601.504 -437.496
440.496 -606.495
730.500 -165.500
-29.499 -756.500
563.500 505.507
746.502 -164.498
768.499 42.502
43.493 773.503
370.503 681.497
-730.494 -268.494
-736.495 277.501
213.500 -762.499
-751.504 -266.498
795.498 -94.500
327.493 745.499
-767.497 -288.502
689.505 442.498
669.500 -485.499
-354.506 -748.502
-768.499 311.500
552.500 621.500
784.496 -297.499
802.504 248.646
802.499 257.498
457.505 708.507
212.501 -822.499
800.501 280.493
-318.496 786.499
-717.498 -462.505
850.503 -74.503
-597.502 616.495
746.495 -438.509
-366.499 -792.498
827.496 288.496
-45.679 -888.711
-186.496 -870.501
670.500 584.499
-46.011 -892.074
763.505 459.501
-844.499 -291.500
627.504 633.497
562.504 -697.502
622.503 -655.499
291.498 -857.506
116.497 899.505
-333.505 853.506
-890.494 -230.499
-88.493 -919.509
922.496 -45.498
849.499 375.490
921.498 -141.502
934.500 20.505
54.503 938.502
944.503 49.499
724.496 606.498
-470.500 -823.496
-412.500 -859.494
-731.498 -611.494
-938.500 160.500
787.502 -538.496
100.502 945.500
753.501 -586.499
-759.501 -587.508
-541.497 789.502
916.502 -299.508
625.505 -739.494
216.498 940.502
-57.498 967.494
701.495 671.489
977.500 25.500
488.501 -851.499
974.499 109.499
594.494 -783.504
780.506 595.499
-643.502 752.502
-987.500 90.503
955.504 269.500
818.495 569.505
-385.502 -924.510
-549.504 834.504
1002.500 30.497
971.496 -255.503
-335.498 -958.501
-746.495 -688.496
-837.507 581.502
769.492 673.497
-427.503 928.503
904.500 -487.500
995.504 249.501
516.496 -891.502
-939.502 425.501
994.501 -279.499
-486.495 -913.498
720.498 740.492
1004.500 -254.496
670.127 789.421
-308.505 -994.498
461.499 929.502
881.500 549.499
767.498 -707.505
-848.500 -609.501
695.503 776.506
-861.496 597.506
523.501 -912.495
1013.510 -277.497
542.495 900.504
492.506 -938.498
529.967 -920.834
239.496 -1042.500
-939.495 -519.505
986.503 425.502
753.505 -773.499
708.504 815.492
679.491 -851.498
-1037.500 -330.500
-1055.500 -298.509
1096.500 91.507
210.502 -1083.500
258.500 1070.500
-1091.510 -166.506
357.507 1044.490
313.505 1059.500
-797.502 -775.490
-1098.250 -183.011
1003.500 -486.504
1083.500 262.494
-870.506 -708.501
-638.501 -925.493
805.504 783.507
909.499 -665.507
771.503 -822.507
127.491 -1122.490
-207.496 -1111.510
-373.499 1064.490
490.499 1016.510
515.498 1006.500
72.507 1129.510
608.885 -960.670
779.502 825.499
611.597 -962.321
-976.501 -588.505
-457.498 -1045.500
-1098.500 302.492
1078.510 371.502
1078.510 371.892
-682.497 -917.500
939.499 -652.502
1114.500 -265.496
714.499 896.500
305.501 -1113.500
1117.500 -289.502
-453.500 1059.500
-775.500 -859.491
-208.500 1137.490
505.501 1040.500
1006.500 -576.496
-586.495 -1007.500
938.495 687.501
-227.501 1142.500
1164.500 143.498
-1174.500 -23.498
830.500 829.501
-95.500 1178.500
820.496 852.500
1099.500 -450.504
1163.500 249.500
925.509 748.505
-163.498 1179.500
678.505 -989.494
-1189.500 -149.497
1200.500 -20.498
866.502 831.502
-1194.510 -192.504
-489.500 -1112.500
-742.501 -964.502
-893.500 825.502
-1088.670 548.925
-610.502 1055.500
-1089.500 555.509
427.500 1156.500
312.505 -1198.500
573.498 1095.500
1176.500 -406.499
448.493 -1163.500
929.494 828.501
-633.501 1078.500
570.503 -1119.490
1252.500 -98.495
1172.500 -455.497
1226.510 -287.499
1262.500 31.488
1073.500 665.500
1264.500 1.504
-1069.500 674.506
-1267.510 -45.510
-1147.510 -549.500
935.501 -872.509
932.499 872.497
907.500 908.500
-1281.500 104.497
-971.492 840.508
1273.500 -194.504
-744.505 1051.500
1269.500 -260.497
-1118.510 -656.504
1187.500 -527.495
-1265.500 -293.501
1299.500 -105.495
639.500 1141.500
1312.500 14.503
1227.500 469.493
-1297.500 226.497
1244.500 -435.496
1012.510 -851.504
1331.720 83.170
923.503 962.503
-1000.500 -888.495
1342.500 95.501
-646.505 1179.490
1236.500 537.498
1349.500 -17.506
874.381 1033.970
-1300.490 -403.498
-1131.510 -767.503
1375.490 -35.500
874.521 1065.010
1171.500 735.501
-1198.490 -696.493
1369.500 217.501
-1400.500 92.495
876.882 1096.110
876.737 1096.540
729.502 1199.500
-1238.500 -669.493
826.500 1138.500
896.645 1102.770
904.586 1098.470
-1328.500 515.501
1353.500 -455.499
-960.505 -1062.500
1429.500 70.503
836.500 1173.500
1378.500 427.490
1198.510 -808.491
1306.490 625.504
856.501 -1171.500
1053.500 994.506
1453.500 -49.499
-949.500 1105.500
926.508 1134.500
1382.490 -506.502
-1436.500 345.510
-1164.500 914.503
1410.500 478.496
-1369.500 595.499
1136.510 -974.497
1456.500 -349.501
933.507 1171.500
-1049.500 -1076.500
-1452.490 392.500
-1181.500 933.500
-1387.500 -599.500
988.501 1149.490
954.500 -1190.500
-1463.500 461.496
1213.500 939.499
1157.500 1027.500
1514.490 362.508
-1086.500 1121.500
-1217.500 987.496
1568.500 127.495
1575.290 110.924
1579.500 -34.506
-1559.500 297.501
1513.500 502.498
-1592.500 175.501
-1374.910 -858.258
-1382.500 -849.502
1620.500 -165.502
1360.500 -906.494
1429.490 793.504
-1449.500 759.501
1115.500 1197.500
-1611.500 -345.493
-1430.500 817.507
-1242.500 -1106.500
1321.500 1007.500
1472.500 -792.507
-1373.500 -972.503
-1559.500 646.500
-1280.490 -1108.500
1584.500 595.499
-1598.500 -635.496
-1517.500 -825.503
-1590.500 -676.503
1393.500 -1031.500
1507.490 -858.503
1430.500 983.502
1531.500 -822.503
1303.500 1156.500
1403.490 1037.510
-1276.500 -1205.500
-1588.500 763.507
1607.500 746.495
1448.500 1033.500
1519.500 937.502
1586.500 819.499
-1577.500 839.501
1613.500 780.501
1557.490 893.508
-1507.510 978.501
1465.500 1054.500
1597.500 -883.503
1614.500 853.499
1409.490 1164.500
1418.950 1155.450
-1593.500 -945.492
1466.500 1138.500
-1489.490 -1130.500
-1512.500 -1107.510
-1489.500 -1154.500
