0.498 -0.501
58.503 -16.497
77.492 1.501
79.505 -35.496
-80.860 -70.808
-58.501 91.497
-87.526 -72.204
-120.502 -27.498
137.498 46.493
-63.503 -146.502
-149.501 -55.497
156.495 62.498
11.497 -176.501
-123.494 -133.498
183.503 4.504
-29.494 -189.500
101.506 185.497
72.504 -203.504
-77.501 -213.499
-5.946 -240.689
-5.136 -241.864
-51.507 -239.506
95.500 226.493
-145.502 198.500
165.504 188.493
-206.501 -143.497
-222.499 147.509
118.501 -243.501
187.500 202.501
-201.501 -191.499
-77.505 -268.503
216.497 177.007
-37.500 -279.500
-155.496 -243.497
-115.504 -273.507
205.509 -235.504
312.507 23.508
-266.507 -170.505
-131.497 -291.499
323.514 -55.501
312.496 -104.502
10.501 334.498
-148.499 -302.503
336.498 -24.499
2.496 -351.507
-103.501 -337.497
315.495 161.495
-157.502 -327.498
-159.862 -332.691
-79.499 364.499
99.501 -375.501
0.498 390.497
-218.498 -328.500
-318.494 -245.501
367.501 171.500
237.498 -331.503
-204.502 351.505
-312.501 -269.501
-395.104 -121.892
-396.152 -125.894
-339.497 240.504
404.752 -116.958
-416.496 -83.496
-414.375 -118.289
-414.362 -118.367
-314.508 294.497
246.496 354.503
-267.502 341.500
-414.503 -141.501
272.025 -356.008
165.501 -417.500
284.700 -356.048
-199.013 -410.545
225.500 -397.500
436.499 147.503
65.499 -457.502
141.499 -440.505
-463.507 28.494
-306.495 -351.495
-320.500 339.500
-391.495 -256.496
260.505 -391.500
-11.505 473.497
-437.503 181.503
479.504 -86.505
485.493 77.495
-308.499 -386.509
-487.498 -104.497
307.504 -410.505
-515.507 23.497
-110.499 -506.500
117.500 -507.500
31.494 527.502
448.500 -282.503
403.505 -349.498
487.499 222.503
-344.500 -410.505
166.504 509.496
-81.505 -542.504
-549.506 10.500
372.496 410.496
-471.499 -296.499
174.496 -530.497
517.494 -222.494
-516.503 -222.503
-207.501 532.500
426.501 -384.504
-42.507 -577.497
116.495 -571.504
168.503 -559.496
-438.501 -393.502
583.496 -88.505
432.496 -404.497
-273.494 -533.508
326.508 -504.401
602.506 80.504
-498.501 -357.494
278.504 -547.503
336.243 -516.569
595.501 167.507
-529.496 -328.499
-361.502 513.503
-522.500 -351.505
-155.415 612.580
-502.503 392.504
-604.502 -205.502
100.501 -633.499
379.495 522.490
-537.494 -369.501
632.500 164.506
-558.502 344.503
-467.496 -468.498
-664.498 31.490
-641.501 -177.501
667.490 76.498
598.500 -344.493
-595.503 -348.501
-488.885 489.631
-488.601 490.210
544.500 431.504
-212.500 -668.503
338.496 -615.495
-510.506 -481.499
272.502 650.502
-569.499 -420.499
-171.495 -687.493
-707.497 -76.496
-307.495 -644.506
444.497 570.500
690.495 -218.502
601.505 -405.505
242.504 683.500
-680.500 259.493
349.497 642.501
-662.500 309.498
433.502 593.496
-592.503 436.499
-619.500 -398.495
-707.503 -220.503
-742.497 -69.503
-270.490 700.502
-660.498 360.502
-196.499 726.498
734.504 169.501
167.502 735.504
-730.508 195.496
758.503 87.499
-290.501 706.501
754.508 -133.498
-277.502 -717.503
53.501 -776.501
-579.505 -521.498
-372.501 -698.497
772.494 -202.501
-797.500 -17.499
-737.500 307.505
344.499 -726.503
458.496 -668.497
-804.494 -100.501
-393.499 718.510
-792.501 -218.494
-420.500 708.501
182.496 804.500
52.500 824.503
-692.502 -456.504
-829.501 -27.494
637.494 537.501
169.496 -817.502
835.504 13.489
798.502 254.502
-811.498 220.496
839.500 74.499
-1.502 845.496
479.499 698.507
775.496 342.498
241.085 817.016
237.983 817.953
-650.495 550.500
556.490 648.508
-856.501 -28.497
-677.503 -526.493
28.957 -862.270
-863.501 5.498
-746.501 435.506
656.496 563.497
680.501 -542.497
-511.498 706.497
-872.502 -36.500
855.504 183.501
871.499 -86.111
871.499 -86.501
85.499 872.509
-722.500 -500.494
-538.507 694.497
845.493 -245.503
562.498 -679.500
-369.502 800.505
787.503 -405.501
-842.498 275.507
813.499 354.504
-673.500 582.497
892.504 49.504
-668.494 -593.499
885.502 126.496
406.505 -798.504
187.499 -879.501
837.495 -330.493
189.498 885.494
-891.500 -171.504
688.500 -600.494
-912.499 36.495
-792.497 465.502
-755.500 533.028
-892.492 -246.505
-158.506 918.499
226.495 905.497
-901.490 264.494
889.500 -343.504
-911.510 -278.499
507.982 811.019
539.497 -796.494
-941.498 -192.501
-242.501 -932.502
30.492 -968.504
956.504 160.500
757.493 613.495
976.499 -57.501
926.501 327.497
305.070 -935.766
499.500 -849.500
309.041 -937.460
655.504 -738.502
962.496 231.504
789.504 -598.493
513.498 846.495
-985.505 -104.500
-886.497 -452.494
477.503 -874.497
276.498 -961.501
-426.503 -908.500
399.500 -921.500
-1002.490 -82.507
893.502 470.496
-977.500 -251.503
-1010.500 26.503
-514.499 873.495
-957.501 348.496
588.495 843.495
-1028.490 -92.504
827.491 -620.501
780.501 -680.509
-229.498 -1009.500
-909.504 493.500
900.501 -512.506
917.499 -490.497
-244.503 -1013.500
-1049.500 38.498
-248.752 -1022.400
-630.497 -843.501
-792.499 692.500
1052.500 60.118
-839.496 -637.502
576.494 -883.503
513.499 -925.501
1002.490 345.497
-1048.500 -170.505
-1045.500 193.496
-1020.510 300.500
-1066.490 33.498
-1005.500 364.502
-871.501 -621.504
1013.510 -356.500
1078.500 53.501
-853.496 -663.497
760.497 -772.493
-522.507 948.497
-993.504 -436.493
-1086.680 -36.168
-1092.500 -22.498
812.501 -732.506
1093.500 78.503
-510.511 -970.488
-1058.500 305.501
-461.499 1000.500
461.500 1005.490
1003.500 -474.502
120.497 1106.500
913.499 639.499
-780.500 -797.504
883.500 683.490
-1083.510 -278.500
1058.500 382.497
-1043.500 -420.503
84.494 -1129.500
325.501 -1086.500
1137.500 -14.504
-1098.510 -300.498
-168.504 -1127.500
-729.499 -882.500
1146.500 31.496
-1127.500 -243.498
-1154.490 71.504
1115.510 317.500
-121.500 -1158.500
-1000.510 -600.501
-1132.500 296.495
1085.510 -459.493
662.507 -979.498
-1182.500 -57.498
-1071.510 508.497
-1126.500 -388.503
-1018.500 -647.504
277.495 -1175.510
40.493 -1208.490
-1212.490 -102.502
1071.500 -587.505
1029.500 657.496
-1159.510 388.504
-790.495 -934.499
1008.500 704.501
-881.503 -860.498
-956.504 782.502
-489.500 1141.490
503.498 1136.490
-549.505 1115.500
-1243.500 -66.503
1235.510 -176.499
-1247.140 42.634
1177.500 424.503
-1141.500 -516.499
-1252.400 37.786
-375.496 1197.500
1188.500 -413.499
-474.494 -1165.510
812.503 -961.506
-1162.500 -487.498
-1251.500 153.503
-1230.490 278.493
469.499 -1179.500
1018.500 758.503
1251.490 232.501
1258.830 224.866
947.503 -860.502
-1266.510 -177.504
1150.500 -563.499
942.594 -868.097
-1070.500 702.498
1101.500 658.492
1236.500 -352.504
925.505 -893.502
1153.490 571.504
-959.502 863.497
1201.490 498.500
-1007.500 -830.500
-1241.500 -433.494
1163.500 -617.502
971.502 -893.490
-605.496 -1173.510
-793.493 1057.500
736.497 1101.500
678.502 -1146.500
-1294.500 319.500
-1183.500 -616.503
-997.492 887.509
1011.510 873.500
-1298.880 313.553
-1264.500 -453.491
-1340.500 -133.502
633.494 -1193.500
-843.498 -1060.500
1224.500 -588.499
-1107.500 785.504
-1319.490 325.492
-1322.550 316.566
-1219.500 -619.502
-1334.500 -323.501
-1349.500 -272.501
858.502 -1085.500
-711.499 1188.500
784.494 1148.500
1044.500 -926.503
-1149.500 -792.495
1154.510 795.495
1371.500 -301.501
859.501 1110.490
-1360.500 359.501
1333.500 455.496
-1152.510 -816.504
-1385.500 283.501
1139.500 847.496
1412.500 191.501
1039.490 -979.500
-1166.490 -832.505
-1422.960 -181.500
-1427.490 -152.507
-1061.500 973.493
-1048.500 989.495
1184.500 -832.502
1431.500 230.507
-1442.300 -173.758
-1442.840 -175.166
845.498 1190.500
-1193.500 -850.502
-1169.500 -891.499
-857.495 1198.490
1478.500 30.495
-1474.490 115.495
1249.510 -795.505
1327.500 -665.499
1462.490 269.501
-1482.500 -118.501
1223.500 -871.497
-1037.500 -1088.500
1362.500 -640.499
-1486.500 242.499
1266.350 -838.660
-1515.500 -96.498
1324.170 -747.669
1267.980 -841.961
1016.500 -1138.500
1481.500 365.503
1331.670 -748.227
1460.510 -455.508
1426.490 -568.502
-1254.510 -885.501
1532.500 -139.499
1301.500 -822.502
-1126.490 1056.500
-1439.510 -597.504
1562.500 -39.496
-1009.500 -1193.490
-1071.500 -1140.500
1035.500 -1182.500
1532.500 353.499
1509.500 -445.667
-1510.490 -455.504
-1561.490 -226.502
1109.500 -1127.500
-1560.500 254.496
-1417.500 -705.505
1573.500 185.496
-1560.500 -319.498
1592.500 -74.495
-1591.500 -102.504
-1594.000 -133.499
-1596.500 117.497
-1486.490 -622.500
1288.500 -985.506
-1618.500 110.491
-1525.500 -557.503
1541.500 516.499
1528.500 -558.501
1559.840 481.608
1422.510 804.503
-1617.490 -259.499
1570.670 483.999
-1561.500 -520.500
1603.490 -404.497
1597.490 -443.497
1353.500 957.499
-1588.500 -478.492
-1469.500 773.507
-1385.510 -927.499
1276.500 -1075.500
1212.510 -1149.500
-1317.500 1036.500
-1296.500 1068.500
-1517.490 -727.505
-1590.510 630.504
-1561.500 -700.499
-1256.500 1165.510
-1540.500 -759.493
-1611.490 641.504
-1565.500 -753.495
1555.510 780.502
1465.510 -960.497
1559.500 -800.504
1600.500 732.491
1571.500 829.502
-1602.510 -770.501
-1601.500 -800.499
1490.500 -994.497
-1332.510 1202.500
-1576.500 -894.509
1450.500 1105.500
-1537.500 -1034.500
1440.500 -1167.500
-1539.500 1060.510
-1560.500 -1035.500
1553.500 -1058.500
-1493.500 1151.490
1497.510 1155.490
1560.490 1120.500
1549.510 -1163.500
