0.499 -0.501
-31.497 35.496
46.505 -33.495
30.508 -59.504
53.496 -91.500
-84.503 -79.499
-103.500 73.500
53.512 -119.494
62.502 120.506
129.505 -47.498
-93.413 114.111
-84.502 128.495
-128.498 117.504
115.495 173.493
148.497 -147.498
-189.509 95.497
-91.505 193.501
165.505 142.500
73.503 229.001
-129.649 210.650
54.496 -243.502
218.499 -129.503
-135.219 215.561
-33.503 267.505
-268.510 43.497
-164.495 -222.495
109.505 282.504
-217.496 215.494
304.495 -43.498
-284.500 -129.503
316.497 2.505
11.497 -323.499
-83.496 325.502
334.499 -80.503
-322.490 117.503
-43.502 342.499
-65.497 -347.503
113.494 -336.501
-212.491 -302.503
299.499 -221.503
377.500 -52.499
248.501 -293.505
384.497 27.506
228.501 331.493
-85.497 -394.499
-361.505 -191.501
-405.502 93.503
-212.495 -363.503
-201.493 385.501
296.496 324.499
27.505 -444.504
19.504 445.501
-277.497 353.497
-370.503 257.507
-12.506 457.492
119.501 -457.498
-244.496 403.499
284.503 377.501
-360.498 330.499
480.505 97.496
468.507 168.499
104.504 487.503
-501.497 -8.499
-501.502 -47.504
-482.501 -173.496
-499.500 -118.502
433.511 -280.501
21.503 515.501
495.499 149.502
-516.506 69.506
-473.502 225.497
-526.496 23.500
449.501 298.510
-412.504 362.500
-78.497 553.498
-558.501 -43.501
-331.500 -460.112
-331.501 -460.505
-525.501 215.498
-328.499 463.494
292.500 -494.500
-544.014 187.838
-521.500 246.496
570.495 98.504
-564.604 132.973
-549.246 189.251
-416.505 405.503
-69.503 -584.499
-418.495 -414.501
-566.482 160.009
282.503 -521.497
-591.500 -45.501
589.053 -86.747
591.401 -83.600
-566.496 186.328
-566.664 186.747
-601.501 -24.498
375.497 474.492
-524.499 -302.501
197.501 574.505
-151.501 597.505
-610.500 -87.501
-245.496 -570.500
215.498 -584.507
358.494 -512.505
533.501 -345.500
-638.494 -48.499
-191.503 615.491
-316.494 -564.503
-585.499 -285.501
-614.504 224.494
287.494 590.495
98.505 -650.495
-307.501 581.501
-607.495 253.497
-638.494 -188.497
277.498 608.502
103.722 -662.106
622.499 -259.501
-622.502 -262.496
525.503 441.498
397.502 574.500
312.496 626.503
-689.497 -126.489
-73.501 698.499
-703.496 16.499
-78.505 -700.500
-395.499 -583.497
592.505 -383.509
-704.497 -57.504
-234.501 -671.500
-55.494 708.504
-433.501 -567.500
-83.532 -709.588
-387.495 599.494
-4.500 -715.500
402.507 -592.505
-541.500 -470.503
-540.513 471.499
542.500 -472.501
-715.499 -93.504
-678.497 -253.497
-204.494 694.503
719.509 -116.497
-703.504 -191.503
486.500 -553.497
190.501 711.495
621.497 396.502
-630.496 -393.499
73.493 740.500
722.496 185.489
-740.877 -81.589
-419.502 618.506
605.498 442.496
267.151 704.502
267.499 705.641
515.498 -557.506
-706.501 282.500
201.503 -739.497
3.499 765.497
-729.500 -275.507
-714.507 312.502
-138.496 -770.493
267.502 -736.501
-289.495 -730.501
-94.502 -781.500
-556.500 -558.504
251.505 -753.498
329.506 725.492
182.505 780.490
-691.496 406.501
126.491 -798.497
-774.506 -229.506
-132.504 -799.496
-58.496 -808.504
491.506 -645.503
811.501 -14.501
640.506 -501.500
-582.502 -569.497
-701.500 -414.501
164.506 802.506
489.490 657.499
-35.502 -822.498
-787.494 237.500
29.498 -826.497
-578.495 -591.500
-402.501 -724.508
398.500 726.498
692.504 -461.493
329.499 -765.507
-577.873 -602.543
381.502 -755.500
-171.498 830.499
-185.497 -829.497
167.493 833.503
811.503 265.497
-47.503 869.498
848.498 -203.508
-872.507 23.497
-850.500 200.507
-826.504 306.502
-826.504 306.892
-368.499 -802.503
-851.499 -243.505
560.497 691.501
-83.504 886.505
-425.502 -789.498
-391.502 -809.503
364.491 827.498
-91.510 -900.502
809.500 404.491
863.496 -273.504
-834.499 -357.495
845.499 333.504
-131.508 -899.493
827.495 377.501
-746.497 -520.496
-753.502 510.503
-904.497 122.497
789.500 466.497
797.500 -455.500
914.497 96.506
877.135 -277.371
-707.500 589.493
-38.504 920.498
642.501 663.511
701.500 603.496
-432.506 -820.490
-915.504 154.505
175.501 -916.506
-460.492 811.497
-757.503 554.498
-930.502 133.499
786.505 -523.506
627.497 -711.502
754.501 575.503
767.502 -572.496
-956.492 52.497
-897.706 337.657
367.497 890.503
322.496 -910.501
-904.914 335.318
-954.495 -159.501
-781.501 573.501
389.086 890.981
289.497 928.490
800.502 -556.500
384.499 900.501
-590.499 782.501
682.500 707.499
-853.964 493.500
475.503 -871.500
-438.497 -891.505
-861.514 493.503
909.496 -404.507
-364.500 928.499
-103.502 -993.498
-838.495 548.501
956.501 303.499
232.505 -984.500
-596.495 -818.498
450.497 -909.497
-155.501 1002.500
945.497 -373.500
945.999 -373.131
974.498 -292.504
-60.504 1015.500
-693.499 745.498
949.508 -373.500
747.506 702.500
759.505 -695.495
-145.499 1021.490
807.508 643.502
964.500 373.494
-999.494 263.504
149.495 1029.500
1029.500 234.511
-183.497 1040.500
478.494 -943.502
112.500 1053.500
550.504 -907.495
-506.498 -932.492
-1046.500 -186.507
-822.497 -674.500
-99.500 -1061.500
864.504 623.502
-927.492 -531.499
-304.502 1031.500
-431.503 -992.497
-1069.500 164.499
-641.498 -876.492
-909.505 -599.499
202.507 1070.490
894.493 623.502
822.504 -717.496
-1017.500 422.494
-1096.500 -123.503
-133.496 -1096.500
585.499 938.494
-840.506 718.498
613.501 -924.506
393.500 1037.500
-379.493 1042.510
716.496 848.502
778.504 792.507
-444.499 1018.500
-559.499 -962.496
-672.508 888.496
-763.503 813.505
-192.496 1100.510
-236.504 -1093.500
-471.494 1016.500
70.502 -1120.500
-607.501 945.503
1111.500 -200.500
-675.501 -906.493
-1108.050 -225.094
-1117.500 180.501
1123.500 168.507
-1115.030 -227.034
-231.499 -1117.500
1084.500 360.505
-643.506 943.498
-619.502 -966.506
-1014.500 540.492
-340.503 -1099.500
950.502 668.498
673.499 -949.495
374.500 1104.500
-371.503 -1107.500
-329.500 -1123.500
1053.500 515.501
20.502 1172.500
-347.502 -1129.500
-673.496 -980.501
58.501 1188.500
-1176.490 194.492
480.497 1092.500
-244.503 1170.500
414.501 1132.500
1024.500 638.505
-604.505 -1047.490
-1016.500 660.492
-1104.500 -501.500
-1152.500 -389.496
532.503 1096.500
-1041.500 632.505
-621.504 -1051.490
1221.500 80.492
-719.501 -991.497
1205.500 -226.501
-1223.500 70.504
-740.492 979.501
-684.499 -1020.500
856.505 882.498
1041.500 -667.501
-421.508 -1166.500
1243.500 -38.497
427.509 1177.510
456.502 1168.490
645.501 1076.500
-1173.500 -461.497
1104.500 609.502
498.504 -1159.500
754.508 1013.500
-1022.500 745.501
-1105.500 -627.496
873.499 -927.501
900.495 902.499
1261.500 -232.494
-884.499 -930.506
-1237.500 345.502
-910.496 -908.501
1110.500 660.497
-1164.510 -564.496
986.509 -848.500
1248.490 -366.502
1169.500 -574.502
560.502 1177.490
850.503 -994.506
-1108.500 -696.497
-1072.500 753.495
-554.497 -1190.500
-1074.500 771.496
780.348 1070.730
774.506 1077.490
1073.500 786.499
670.502 1149.510
-978.495 -903.498
-1338.510 32.495
811.506 1077.500
1350.500 46.499
670.497 1172.500
865.496 1043.490
-1088.500 -808.502
-1348.500 -150.505
-1356.500 79.494
-1053.500 -862.507
-986.503 942.495
1314.490 377.501
-1142.500 750.499
723.500 -1171.500
-720.501 1175.510
-1165.500 759.494
788.501 -1167.500
953.499 -1038.510
867.993 1110.500
-1387.500 261.500
-1411.510 73.497
754.494 1196.500
-930.494 1065.500
-1098.500 -894.504
-1307.500 545.497
-1177.510 794.502
1390.500 303.501
-1381.500 341.499
-1329.500 -518.497
-1143.500 -854.493
-1233.500 -721.500
-1426.500 -95.502
-1380.500 380.505
-1255.500 -692.507
-943.500 -1082.490
852.502 1179.500
-1400.500 -396.498
-1298.500 666.502
-965.507 1095.500
-1314.500 665.496
-1079.510 -1011.500
-1479.500 -172.500
1213.500 867.498
1099.500 1009.510
1037.500 1078.500
1381.500 582.502
1372.500 630.497
-940.496 -1184.500
1044.500 -1097.490
-1224.510 897.503
-949.495 1185.500
-1320.500 -756.510
-1383.500 -647.503
1194.510 -959.491
1310.500 -820.501
-1547.490 107.499
1352.490 764.506
-1349.500 -776.509
1001.500 1198.500
-1450.500 611.501
1410.500 745.498
1594.490 93.496
1489.510 576.504
-1207.500 1045.500
-1275.500 962.504
1593.500 146.503
1479.500 -615.498
1260.500 -1005.510
1612.410 102.962
-1165.490 -1119.500
1168.500 1119.500
-1588.510 321.493
-1523.510 -570.494
1615.510 -228.510
1250.500 -1054.500
1343.500 934.500
-1338.110 -965.836
-1338.000 -967.049
1317.500 1006.500
1199.500 1149.500
1482.500 -759.501
-1609.500 -437.496
-1354.510 -979.500
-1510.510 -717.500
1178.510 -1196.500
-1564.500 -622.504
-1417.500 -917.503
-1465.490 -857.505
-1491.500 -821.494
-1388.500 -1011.500
1619.500 585.499
-1449.500 -980.507
1604.500 721.501
-1501.500 -921.501
-1470.110 -972.758
-1471.540 -972.505
1538.500 867.508
-1469.500 -1003.500
-1529.500 -923.502
1420.940 -1098.490
-1499.200 -989.079
-1499.470 -990.423
-1502.510 -1017.500
-1534.510 -977.499
1527.500 1013.500
-1600.490 -894.494
-1569.500 1071.500
-1583.490 -1054.500
-1551.500 -1120.500
-1573.500 -1093.500
-1504.500 -1190.500
1588.500 1083.500
-1592.500 -1102.500
-1562.500 -1191.500
1596.500 -1169.510
1579.500 1212.500
