0.496 -0.499
-34.499 -5.493
-36.509 48.499
-105.492 -43.505
-87.501 83.496
123.502 11.503
-148.507 -48.501
134.507 141.499
-43.499 222.502
129.499 200.505
-243.497 -42.498
237.508 84.504
-157.503 -214.502
-140.499 -226.493
-276.505 70.501
12.501 292.494
275.496 118.504
107.503 -283.503
302.502 -90.501
261.506 -187.497
272.502 173.502
69.503 -317.494
-263.495 217.501
-317.502 132.497
-214.498 280.496
-129.499 -339.501
320.499 207.502
-17.503 407.500
389.498 -134.506
423.499 16.505
15.220 426.993
13.933 428.236
420.500 100.504
104.501 429.499
-7.493 -457.501
209.501 413.507
471.499 6.504
336.498 350.497
-482.505 60.491
-410.503 276.499
-250.499 427.500
184.504 463.509
-91.504 491.503
274.500 444.501
209.494 483.495
-466.499 -263.502
380.495 -388.500
-510.502 191.504
491.505 240.503
-452.502 308.494
548.490 49.502
130.501 541.498
45.506 -560.502
-100.497 552.500
565.499 118.511
-241.267 525.951
256.496 528.490
475.501 350.491
93.493 -595.497
-605.252 82.213
-609.291 79.563
-22.500 -619.492
81.499 617.501
-588.503 -206.506
623.501 144.497
-209.500 605.506
616.500 181.501
-499.505 -411.501
-504.870 420.441
-628.501 193.505
650.508 -120.499
-522.624 412.343
-518.503 418.496
-591.504 -316.499
622.491 -256.502
376.504 568.501
-635.510 -257.502
201.501 660.491
467.497 524.506
300.487 636.499
-706.495 -36.495
-513.501 492.504
591.500 398.509
692.499 -202.501
667.500 -277.499
699.500 181.501
92.502 727.508
-724.499 -117.488
722.504 -136.501
611.261 417.867
673.504 311.499
633.507 392.504
619.492 424.500
-182.501 -732.496
-746.499 -108.495
-146.504 740.499
564.501 -510.501
524.506 556.500
-688.495 -335.500
624.496 -458.502
690.502 356.500
732.501 -269.495
-696.500 -372.498
506.497 608.504
782.499 154.503
-106.503 -792.493
44.498 804.503
-746.495 307.503
-68.500 806.502
-350.500 -730.499
-60.501 -808.500
-122.499 801.499
757.499 -318.503
436.503 698.500
-559.503 -610.498
108.161 824.970
-499.498 -669.503
-426.499 720.501
-59.497 836.496
98.502 842.607
847.502 -75.502
-325.494 -790.504
-720.498 -461.500
-822.497 238.507
-285.500 816.500
564.502 661.502
533.499 687.501
440.503 756.499
-113.506 868.499
-694.495 536.508
628.503 -615.502
334.506 -814.502
855.496 207.502
-467.498 745.499
-537.498 705.505
-221.500 -866.495
-340.497 -840.503
-322.503 858.506
448.499 -804.497
-779.497 488.498
-895.500 237.502
-873.491 314.501
888.506 281.500
838.500 423.505
-80.500 936.498
-937.505 -84.494
-161.501 929.499
862.501 384.498
94.502 945.502
222.494 933.508
-52.500 958.505
732.501 -622.491
-564.500 783.505
967.497 33.495
-930.493 -264.501
-350.500 901.504
968.504 -12.497
12.505 971.503
-634.507 737.500
572.501 -788.496
49.502 972.502
968.500 119.502
-290.502 -937.493
221.498 955.499
393.496 907.500
282.500 -950.492
909.490 406.530
909.040 408.784
24.509 -1000.500
-1003.500 2.501
659.500 757.497
906.504 449.513
81.647 1008.330
67.045 1009.470
204.497 997.500
-116.498 1013.500
681.500 777.507
945.504 419.498
-523.494 895.499
1032.500 -112.491
801.494 662.496
-1027.500 -170.506
34.501 1041.500
911.493 -525.494
-240.499 -1024.490
403.495 973.500
577.496 882.496
410.508 -979.505
-799.507 -702.498
1060.500 112.504
431.499 -978.505
878.498 622.494
-215.499 1055.490
1047.500 284.502
1058.510 254.500
-465.495 -992.498
262.499 1064.500
768.500 782.503
-902.504 624.501
986.189 484.161
993.644 483.053
1032.510 -404.506
-1000.500 -476.505
-436.516 1019.460
1093.500 195.503
881.505 675.494
895.503 -659.491
967.501 -556.500
913.504 -655.498
-1123.500 -128.501
-327.500 1087.490
942.504 642.498
645.493 954.498
1034.490 -512.497
-293.501 -1117.500
16.502 1155.510
1014.500 558.498
850.504 787.501
-78.498 1159.500
693.499 933.498
471.503 -1066.500
-1048.160 -510.452
-388.387 1101.660
-1003.500 598.508
-251.499 1143.490
-385.489 1107.500
346.498 1121.490
-122.502 -1178.500
1190.500 95.501
-373.495 1134.490
-280.505 -1164.500
-1113.500 442.502
-1183.510 188.501
-552.499 1063.500
-292.510 1162.500
-593.499 1041.500
-354.501 1145.510
-94.501 -1196.500
1053.500 577.500
-1064.500 555.500
-211.122 1182.160
-451.500 1116.500
-213.371 1185.400
-1182.510 -241.495
636.491 -1030.500
1211.500 11.500
-334.502 1163.500
811.503 902.503
531.500 -1094.490
526.497 1099.500
-261.508 1192.500
-549.497 1102.500
-729.501 994.494
1182.490 -359.499
1150.490 -462.500
-1227.500 -173.505
1235.500 138.500
676.499 1045.500
1176.500 411.500
-673.500 -1050.510
-541.503 -1127.500
403.501 -1188.500
-776.495 986.504
1258.500 -26.504
-375.500 1204.500
962.494 819.500
614.506 1105.500
-1060.510 690.492
1131.500 -572.503
1270.740 -21.416
-851.502 953.506
-695.499 1074.500
-1038.500 -757.502
-947.499 887.498
1133.500 637.501
1306.500 136.506
-1273.500 338.511
1252.500 417.500
-551.490 1199.500
-1163.490 638.502
600.500 -1190.510
1281.500 370.501
613.503 1185.500
-1338.500 157.494
1026.500 875.497
840.498 -1062.500
868.497 -1043.500
-840.496 1064.500
-958.501 962.501
-761.499 1126.500
1220.490 -612.504
-941.501 -999.501
-805.501 1118.510
-1309.500 438.502
1228.500 634.496
-787.498 1137.500
-1339.490 393.498
-730.502 1193.500
1391.490 182.485
1367.500 347.503
-796.504 1165.500
1202.500 742.500
-935.493 -1064.500
-896.507 1098.500
-1144.500 839.497
-1009.490 998.497
820.499 -1161.500
1304.490 566.500
1422.500 -47.503
1421.500 -79.500
-1131.500 863.502
-1390.500 312.499
-842.490 -1155.500
-977.500 1043.490
1359.500 449.500
-1423.500 -235.498
-869.494 1152.500
1408.500 336.506
1250.500 746.494
-1393.500 -427.500
-1443.510 -203.502
-1167.500 886.498
1362.500 547.498
-1299.500 685.494
-1444.500 -283.495
1172.500 910.498
-1445.500 -366.501
1472.500 258.509
1084.500 1063.500
1332.500 736.499
1469.510 417.501
1483.510 -369.501
1536.490 -79.497
1481.490 -446.505
-1323.500 -800.498
1454.500 -550.493
1351.500 774.497
1363.500 757.500
1490.500 -477.496
1206.510 -998.500
1481.500 -517.500
1518.500 397.512
1242.490 -962.503
1454.500 605.494
1495.500 -503.500
-1318.500 -867.505
-1327.490 879.503
1548.500 403.498
-1466.500 645.499
-1264.500 -986.500
-1312.500 928.496
-1194.500 1077.500
1174.490 -1117.500
-1457.490 719.501
-1604.500 -276.498
-1470.500 704.501
-1512.500 -614.507
-1456.500 743.500
1599.500 -354.497
1464.500 738.499
-1497.500 689.494
1551.500 -571.504
1611.510 375.506
1532.500 -642.507
-1559.510 662.502
1611.500 -533.497
1580.500 690.505
-1318.500 1113.490
1600.500 665.505
1385.510 1059.500
-1515.500 937.499
-1466.500 -1017.500
-1378.500 1139.500
-1480.500 1043.500
-1448.500 -1090.500
-1555.500 939.492
1469.500 1122.500
-1507.490 1080.500
1595.500 963.499
1454.510 1166.500
-1598.500 -1023.510
-1478.500 1192.510
-1608.500 1156.490
