0.498 -0.502
44.494 -10.496
-37.503 -64.497
-99.493 60.502
127.498 10.499
-131.500 51.500
-109.499 -96.498
101.492 127.492
-169.497 -0.500
113.503 -130.504
161.507 -87.504
198.502 -35.505
-1.497 201.506
-109.496 171.259
178.502 -103.509
172.503 -125.502
-199.506 73.496
114.501 -182.503
182.586 127.112
201.498 -99.501
172.001 145.388
-222.503 52.495
21.491 228.504
-211.502 -95.511
155.500 176.499
-180.497 -159.508
191.541 147.135
191.526 150.021
166.499 -182.499
-243.499 40.502
-250.871 31.138
252.496 33.502
65.506 255.504
-182.506 -193.488
75.496 -260.499
-264.496 66.496
-242.494 -132.497
270.500 -107.496
-246.501 -196.501
68.503 -309.502
313.497 74.502
244.497 -212.502
-315.502 -75.499
-317.498 73.497
276.494 -184.496
329.498 54.500
118.505 -314.504
200.501 -273.497
-87.503 -330.499
-339.505 -63.498
-355.501 -82.494
327.503 162.501
369.495 -16.496
360.502 -84.497
-236.493 286.500
-338.504 -155.503
383.500 -47.502
-391.503 25.502
154.493 -368.498
-181.504 -356.502
20.499 404.501
-320.503 -258.498
-314.495 273.504
370.507 213.494
-222.503 364.501
-228.500 -362.497
-428.499 19.504
-323.499 -282.498
395.500 172.511
-427.338 -56.498
-435.178 13.783
-436.493 -48.501
439.501 42.500
-370.496 -246.496
-4.493 -466.503
28.495 -468.509
-229.500 417.500
-308.496 -365.496
-364.497 309.498
-291.506 381.499
461.502 145.501
-406.497 274.501
493.499 -24.040
28.499 -494.493
495.500 62.671
495.504 68.499
384.506 319.506
493.850 95.988
-491.503 -112.496
478.500 -164.491
80.504 502.496
-119.497 -495.500
442.502 259.493
-491.499 152.504
503.501 112.500
-157.499 495.499
-496.499 -160.497
227.503 471.500
-525.499 6.505
-250.502 463.495
511.504 135.497
398.506 358.500
-295.508 -459.499
-267.500 -476.498
-114.503 -539.497
-535.505 -142.499
550.496 82.498
449.270 332.292
520.496 206.508
-506.501 -243.497
494.503 -274.503
455.119 337.323
545.498 157.502
78.504 563.499
458.496 -346.495
504.498 274.498
-517.501 254.500
-129.498 564.497
-380.496 -443.497
-583.610 -51.749
-488.496 323.494
-585.066 -56.705
556.500 195.499
144.494 -580.506
-550.492 242.506
53.500 601.500
-226.503 562.503
-355.501 491.501
-389.498 -467.497
586.500 164.509
555.493 250.505
275.499 554.502
616.500 -72.499
-533.495 315.506
-258.505 -571.502
-581.496 -234.497
-498.501 -386.497
-530.499 -350.494
292.501 -566.504
-635.498 36.500
601.073 213.809
100.496 629.501
-604.494 204.501
603.296 213.104
403.501 496.496
553.498 -327.498
-406.499 497.510
592.502 -258.500
-285.498 -586.504
588.500 281.500
500.502 439.501
656.505 116.501
660.499 -93.498
224.499 -633.500
86.501 -668.501
-160.982 658.661
-160.763 660.837
153.508 668.504
-29.498 -686.503
638.499 -259.495
-673.496 149.500
-623.961 -303.498
-513.502 469.497
-639.506 -281.498
-405.502 574.019
-642.045 -303.543
-642.162 -305.061
-325.499 637.510
658.501 283.496
-665.498 271.501
-158.503 -702.496
712.504 -108.499
562.497 451.501
193.497 -698.499
-152.501 -722.501
591.502 443.501
499.498 -548.500
-60.497 741.503
572.506 477.499
-695.500 -273.511
-359.499 655.497
-740.037 150.969
-156.496 -740.504
-739.498 157.498
763.498 46.504
721.504 267.501
-649.494 411.504
760.494 137.497
-759.396 145.046
450.494 -631.497
-760.505 152.500
-729.504 -267.507
-169.495 -763.497
261.505 742.508
-787.504 -80.503
-464.505 -642.504
-792.500 91.500
-576.498 -553.500
-134.497 -788.498
-708.507 -388.504
-669.497 -462.505
610.498 549.499
-805.497 164.505
-403.499 -720.502
835.505 23.499
830.493 95.494
-489.498 -677.496
-204.498 -811.504
-771.493 -325.498
-782.500 -299.505
68.499 835.497
513.492 663.501
358.501 758.504
-545.507 -638.500
676.497 -501.491
200.491 -820.504
621.501 573.506
-850.496 18.494
843.495 127.499
489.510 699.501
-587.504 -621.499
-736.492 -434.497
674.500 531.502
802.505 315.494
862.510 -35.498
-507.500 698.501
-624.502 -597.499
324.498 806.498
-295.507 821.500
873.500 -99.503
-878.503 -124.510
-278.502 845.498
-710.492 -542.506
901.500 26.502
-470.503 -769.495
-891.171 -138.042
573.507 697.495
52.499 -905.495
876.502 239.497
909.500 -2.509
893.493 173.501
-909.504 0.503
-887.503 -199.498
709.770 -572.203
719.240 -564.327
-200.507 892.497
708.067 -583.719
-514.500 -763.501
275.494 878.499
889.503 -248.497
-667.497 -638.507
-289.497 -885.502
-474.497 -802.503
589.501 722.496
-732.504 -577.498
-181.501 915.502
-733.504 579.502
79.500 937.636
925.504 194.499
-495.492 -805.500
-941.503 -100.508
451.504 -834.502
628.801 712.495
922.438 233.000
45.498 -957.505
928.983 236.289
-705.284 -650.584
-85.496 956.508
903.246 -335.535
903.237 -335.608
-64.496 960.500
-893.504 -360.500
-948.503 -176.505
563.504 -784.493
935.527 240.280
-749.500 -609.500
-714.184 -652.984
-713.749 -655.064
-820.504 -515.502
-678.499 701.502
-516.504 -830.501
-861.494 -469.501
850.503 490.501
-693.501 -698.501
117.500 -981.498
-503.498 -853.504
291.502 952.498
839.493 542.497
980.505 198.501
-951.497 -312.501
-559.499 -831.507
792.503 613.499
1012.490 56.500
-760.497 -673.505
838.496 579.493
-798.492 634.497
-446.498 -919.506
-197.498 1003.500
-9.495 1023.500
468.491 -917.493
530.501 -884.502
-775.505 -681.501
949.497 -430.500
826.505 -643.502
-952.503 -434.498
1020.500 -238.508
733.497 748.497
1042.500 117.501
-963.496 -416.500
38.500 -1053.500
-717.504 771.499
-355.507 998.500
1061.500 109.507
578.500 899.496
-360.505 -1015.500
-977.503 -454.504
949.228 523.895
-757.499 774.499
-1087.500 -13.503
-377.500 -1023.500
-1035.500 -351.502
428.504 1006.500
1052.500 300.501
-1061.500 -264.505
-968.502 -512.495
884.503 -654.496
1102.500 19.499
1065.500 -288.499
-993.500 -481.499
-642.498 -900.505
781.504 784.503
-882.497 -673.507
727.495 -840.494
-1065.490 -315.497
249.496 -1087.500
-1109.490 -115.496
1091.500 277.501
-1091.500 296.496
1067.500 385.503
-397.500 1062.500
1105.510 261.491
-787.508 -820.500
-897.503 -701.500
-988.500 -571.509
-663.502 -930.501
837.491 -787.501
-1145.490 -85.505
-1111.500 297.497
-843.499 -785.499
1156.510 -81.503
-1065.500 465.500
-1105.500 -385.507
1013.510 590.496
862.498 797.501
-846.495 820.504
-523.505 -1062.500
138.497 -1180.510
-1172.500 198.494
-843.505 840.501
-369.503 1142.500
1070.500 -552.503
944.501 753.497
1112.500 476.498
-1069.500 -571.500
677.508 1021.500
-671.501 1025.500
-1229.490 -67.495
-1224.490 -139.497
1189.500 -326.493
-546.497 -1105.500
-778.504 -956.501
1060.490 -639.503
810.341 -938.731
1206.590 -290.525
808.043 -943.415
-1175.500 -413.497
-1210.690 -300.053
1214.120 -291.427
1248.510 22.502
-1174.940 -421.867
-1073.490 -638.501
-1216.500 -283.505
-1137.500 -523.503
-1252.500 -25.503
-970.495 -793.499
880.495 897.505
1252.510 -122.496
-1137.500 -545.506
-1188.500 -450.505
-933.505 862.505
-1196.500 -431.497
-871.501 -935.501
-565.495 -1158.500
467.507 1203.500
1122.500 640.502
-1085.510 -701.504
-562.143 -1165.250
486.504 -1201.490
1058.500 -753.498
632.508 1135.500
-496.499 1203.510
939.501 -907.501
-775.502 -1051.500
-1069.500 756.497
1253.500 398.492
1298.500 -239.498
-1183.500 -592.497
1283.510 340.499
-1328.510 -6.504
-1067.490 794.506
-1320.500 237.502
1065.510 818.507
-1205.490 -598.495
-1274.500 434.496
-1204.500 -620.499
-1248.500 526.498
778.499 -1113.510
1017.500 901.498
1293.500 -420.497
-664.504 1186.500
1363.500 59.502
-1279.490 -480.502
1358.500 -162.505
-787.495 1121.500
1370.500 -129.506
1281.500 -520.507
-967.496 -992.495
1139.500 -796.495
1389.500 -62.502
-1382.500 150.498
-1394.500 3.500
1058.500 918.489
-1332.500 435.504
-1080.500 896.505
-1235.510 -675.506
-1127.500 -847.506
1294.510 567.498
-1241.500 677.494
842.495 1137.500
1136.500 849.496
-1369.500 382.500
-1415.500 -152.498
-1409.490 -201.502
-885.494 -1118.500
-1212.500 -754.497
1418.500 -195.502
779.502 -1208.500
-1443.500 -87.503
1428.500 244.492
806.495 -1209.500
-1153.500 893.500
-1458.500 126.510
-1173.500 -876.503
-1249.500 775.494
1466.500 -128.499
1462.500 193.499
-1455.560 -270.762
-1428.510 404.496
-1461.500 -264.500
1487.510 44.494
-1240.500 -825.508
1325.490 685.494
1328.500 -686.495
-1499.500 76.501
-1483.500 -256.500
-1505.500 33.503
1376.500 626.497
-1506.500 212.497
1165.500 980.500
1229.490 909.499
-1336.500 -748.496
1246.500 -901.501
-1536.500 -80.501
1483.500 431.499
1480.500 -449.496
-1464.500 -503.502
-968.500 1211.500
-1303.500 -845.499
-974.495 -1210.500
-1374.490 -725.495
-1268.500 922.503
1407.500 -696.496
-1409.500 -691.497
-1538.500 -330.498
-1151.500 -1083.500
-1177.500 -1063.500
1572.500 243.506
-1583.500 193.504
-1541.510 -412.495
1505.500 531.496
-1556.500 -356.500
-1167.500 1090.490
1476.500 621.502
1353.500 -860.502
1598.500 158.501
1347.510 876.499
1600.500 -182.499
1529.500 -506.510
-1591.500 271.501
-1591.500 271.891
1617.500 59.502
-1357.510 879.500
-1386.500 -839.499
1323.500 941.498
-1113.490 -1184.490
1397.500 -833.499
1196.510 1102.500
-1567.500 437.500
-1235.500 -1066.050
1448.500 -754.500
1130.500 1178.500
-1618.500 255.503
1433.500 795.497
1433.500 795.889
-1341.500 -963.504
1483.510 -730.500
-1212.500 -1131.500
-1252.500 -1088.500
1568.500 544.496
1291.500 1062.500
-1554.500 622.504
-1452.490 -834.499
-1256.490 -1114.500
1393.490 945.504
1350.510 1020.500
-1516.500 -803.492
-1490.950 -855.049
-1492.970 -853.533
-1496.440 -851.838
-1620.500 612.499
1613.500 -651.501
-1542.640 -808.440
-1543.910 -811.129
-1395.500 1063.510
-1463.500 -976.505
1536.500 881.496
-1564.500 -847.494
-1467.500 -1009.500
1413.500 1095.500
-1582.500 847.500
1463.500 -1053.510
1387.500 1173.510
1490.500 -1058.500
-1577.410 -949.936
-1581.980 -948.577
-1410.500 -1192.500
-1617.500 -900.504
-1529.500 -1066.510
1569.420 1047.100
1602.500 1055.500
1608.500 1090.500
-1611.500 -1136.500
1590.500 -1190.500
