84.333 -26.858
85.013 -26.857
84.910 -25.861
173.331 -63.867
173.879 -62.860
174.007 -63.870
104.883 -144.866
104.326 -145.870
104.997 -145.868
212.336 2.139
213.011 2.141
212.914 3.141
6.897 -152.863
7.004 -153.861
6.333 -153.862
288.338 -2.863
289.008 -2.865
288.903 -1.854
19.002 173.145
18.331 173.142
18.903 174.136
-135.672 -19.720
-137.098 -17.863
-137.185 -19.776
-137.245 -21.287
74.005 195.145
73.331 195.145
305.338 -50.850
305.895 -49.856
306.005 -50.857
73.893 196.140
-139.102 -19.860
312.902 -41.855
314.899 -39.856
314.815 -41.775
314.758 -43.292
316.323 -41.721
8.891 -246.861
9.007 -247.862
8.335 -247.862
-152.998 -11.862
-153.109 -10.857
-153.670 -11.862
30.899 -264.858
31.006 -265.856
30.326 -265.862
16.897 -262.857
17.006 -263.851
16.333 -263.855
-177.994 -19.864
-178.113 -18.862
-178.669 -19.858
-80.107 -241.864
-79.986 -242.866
-80.670 -242.866
-138.094 -198.861
-137.989 -199.866
-138.658 -199.867
209.329 229.137
210.005 229.133
209.891 230.139
-139.998 164.129
-140.668 164.134
-140.105 165.137
394.900 -32.863
396.742 -34.284
396.805 -32.775
396.897 -30.863
398.329 -32.715
179.899 -341.862
179.328 -342.867
180.002 -342.865
-230.098 -177.860
-229.983 -178.855
-230.666 -178.855
135.337 343.137
135.999 343.140
-113.992 290.144
-114.658 290.147
135.896 344.139
-114.097 291.140
379.324 242.137
380.010 242.138
379.907 243.136
272.339 337.130
273.009 337.135
272.908 338.135
447.329 -221.861
447.884 -220.859
447.999 -221.861
187.759 375.713
185.902 377.131
187.814 377.218
189.327 377.277
187.897 379.139
-316.667 159.289
-318.248 157.713
-318.188 159.231
-318.100 161.141
-320.102 159.144
-94.104 -460.857
-112.992 399.145
-113.663 399.147
-94.001 -461.861
-94.667 -461.865
-113.103 400.143
104.898 -496.860
104.332 -497.859
105.008 -497.861
87.337 449.133
88.001 449.133
87.892 450.136
-379.668 118.279
-381.239 116.714
-381.183 118.224
-381.099 120.139
-383.106 118.141
42.016 501.144
41.345 501.145
41.907 502.145
507.896 -368.851
507.343 -369.853
508.010 -369.860
-383.091 -325.858
-382.991 -326.867
-383.667 -326.869
32.897 -583.859
33.004 -584.861
32.339 -584.859
343.895 -526.861
343.334 -527.848
344.006 -527.850
548.906 -376.856
548.334 -377.862
549.007 -377.862
679.340 -110.868
679.911 -109.866
680.009 -110.864
29.006 574.143
28.336 574.142
28.893 575.142
551.917 -419.860
551.335 -420.867
552.011 -420.862
419.890 -550.857
419.338 -551.870
420.000 -551.870
-385.991 383.139
-386.663 383.135
-386.096 384.141
449.898 -540.859
449.342 -541.856
450.002 -541.858
-244.103 -582.868
-243.990 -583.867
-244.667 -583.866
365.338 556.139
366.007 556.139
365.899 557.138
-526.109 -259.857
-525.994 -260.851
-526.667 -260.852
426.892 -606.858
426.324 -607.864
427.007 -607.863
161.904 -699.865
161.336 -700.862
162.009 -700.860
-493.995 333.143
-494.671 333.146
-494.119 334.135
772.327 62.146
773.004 62.150
772.905 63.144
-394.990 477.141
-395.656 477.139
-395.095 478.142
254.886 -709.869
254.324 -710.865
255.001 -710.865
384.886 -664.853
-612.099 -141.850
384.326 -665.851
-611.993 -142.862
385.004 -665.853
-612.661 -142.865
-510.098 -414.862
-509.991 -415.859
-510.662 -415.861
-315.323 -644.736
-315.562 -646.395
-317.995 -644.820
-318.134 -646.732
-320.100 -646.862
-318.236 -648.292
796.339 -243.867
796.898 -242.858
797.003 -243.868
-47.093 -762.861
-45.667 -764.718
-47.179 -764.776
-49.094 -764.861
-47.237 -766.289
-334.091 -650.865
-333.988 -651.866
608.903 -565.858
608.325 -566.854
-334.663 -651.864
609.005 -566.851
-637.991 192.144
-638.102 193.148
-638.662 192.142
180.759 726.710
178.902 728.137
180.820 728.224
182.325 728.283
180.909 730.139
699.330 437.140
700.005 437.140
699.897 438.146
580.901 -631.859
578.898 -633.853
580.814 -633.770
582.327 -633.714
580.755 -635.288
484.900 -706.862
482.904 -708.862
484.817 -708.777
486.330 -708.720
484.762 -710.295
-399.986 611.139
335.330 734.128
-400.658 611.139
335.997 734.128
-400.086 612.139
335.895 735.133
-87.995 757.137
536.900 -689.866
-88.665 757.135
536.327 -690.871
537.005 -690.869
-88.097 758.140
-717.102 -123.854
-716.996 -124.857
-717.666 -124.858
-517.990 529.130
-518.669 529.128
-518.092 530.136
-99.104 -827.863
-98.998 -828.857
-99.672 -828.859
676.333 550.150
677.009 550.146
676.896 551.140
825.334 -420.857
825.892 -419.859
826.004 -420.854
876.342 253.144
877.010 253.143
876.900 254.147
538.908 -740.870
538.332 -741.857
539.015 -741.858
914.340 -260.849
914.907 -259.855
915.016 -260.851
-273.098 -817.856
-272.989 -818.854
-273.662 -818.855
-75.091 -901.857
-73.671 -903.720
974.902 7.141
-75.185 -903.780
-77.103 -903.868
-75.248 -905.290
976.760 5.710
976.816 7.224
976.898 9.138
950.332 194.143
951.005 194.138
950.899 195.135
978.324 7.281
977.339 31.147
833.336 463.142
977.909 32.144
978.018 31.144
834.007 463.143
833.901 464.139
-760.099 -326.862
-759.994 -327.857
-760.671 -327.853
731.901 -651.867
731.335 -652.870
732.010 -652.867
-482.089 -733.858
-480.668 -735.711
-482.177 -735.776
-482.237 -737.287
-484.094 -735.871
-820.668 -204.724
-822.088 -202.861
-822.181 -204.778
-247.987 835.145
-248.660 835.147
-822.245 -206.295
-248.101 836.151
567.891 -815.858
-824.100 -204.859
-495.087 -748.857
567.336 -816.858
568.003 -816.858
-494.990 -749.860
-495.662 -749.867
772.343 597.140
773.018 597.133
772.906 598.139
722.522 649.610
720.366 653.004
722.454 651.698
-708.102 -516.866
-707.992 -517.871
-708.666 -517.867
724.924 651.749
722.568 655.183
724.860 654.108
860.334 524.149
861.012 524.142
860.895 525.143
534.340 817.145
880.896 -556.871
535.012 817.143
882.898 -554.864
534.902 818.138
829.326 575.136
882.808 -556.779
830.002 575.139
829.896 576.138
882.746 -558.289
884.324 -556.716
459.898 -917.860
459.332 -918.861
460.003 -918.865
613.337 785.150
614.000 785.146
613.898 786.145
181.898 -992.862
181.336 -993.863
182.007 -993.868
-202.110 -961.862
-201.997 -962.863
-202.669 -962.855
1025.890 -322.852
1027.890 -320.860
1027.820 -322.778
1027.760 -324.291
1029.330 -322.727
-600.992 696.145
-601.664 696.143
-601.094 697.142
1014.330 334.143
1015.000 334.143
1014.890 335.141
868.906 -645.856
868.342 -646.863
1057.320 -257.853
869.008 -646.861
1057.890 -256.861
1058.000 -257.859
-186.993 940.138
-187.658 940.135
-187.098 941.142
426.763 918.714
424.901 920.148
426.818 920.230
428.326 920.285
426.898 922.142
-360.003 897.139
-360.668 897.140
-360.110 898.138
1032.330 -421.866
1032.890 -420.862
439.879 -990.858
1033.000 -421.866
439.321 -991.850
439.995 -991.850
10.902 -1056.860
11.005 -1057.860
10.337 -1057.860
580.895 -935.855
1052.330 343.141
580.331 -936.858
581.001 -936.858
1053.010 343.142
1052.900 344.141
1086.900 -309.853
-951.988 83.148
-952.091 84.147
-952.662 83.151
1088.900 -307.860
1088.820 -309.771
1088.760 -311.285
1090.330 -309.716
538.331 917.142
539.015 917.142
538.909 918.135
129.332 1023.130
130.008 1023.140
1132.330 -114.859
129.903 1024.140
1132.890 -113.862
1133.010 -114.859
602.895 -942.857
602.339 -943.857
603.005 -943.856
1013.340 -528.857
1013.900 -527.855
1014.010 -528.855
1097.340 282.139
1098.010 282.138
1097.900 283.137
748.907 -854.869
748.336 -855.860
749.014 -855.865
640.901 -941.859
640.336 -942.855
641.006 -942.854
893.339 684.136
894.007 684.138
893.910 685.142
-843.988 525.147
-844.667 525.145
-844.091 526.147
1164.330 18.141
1164.890 19.141
1165.010 18.141
-276.253 1012.710
-799.997 628.132
-800.670 628.128
-800.100 629.136
-274.676 1014.290
-276.193 1014.230
-278.102 1014.140
-276.105 1016.140
-511.101 -959.862
-509.669 -961.723
333.905 -1106.850
-511.185 -961.779
333.334 -1107.860
334.007 -1107.850
-513.099 -961.862
-511.241 -963.290
-1024.000 -96.857
-1024.110 -95.856
-1024.670 -96.861
666.916 -992.856
666.339 -993.848
667.018 -993.850
560.341 1002.130
561.011 1002.140
560.907 1003.130
-916.987 508.139
-917.091 509.138
-917.666 508.139
1146.900 377.136
1148.770 375.711
1148.820 377.221
1148.900 379.144
1150.330 377.279
339.336 1085.150
340.004 1085.150
339.902 1086.140
438.901 -1112.860
438.336 -1113.860
439.004 -1113.850
243.343 1106.140
-1049.000 130.142
244.014 1106.140
-1049.110 131.149
-1049.670 130.143
243.912 1107.140
592.912 -1059.870
592.341 -1060.870
593.016 -1060.870
1224.330 153.141
1225.000 153.144
1224.890 154.144
1255.330 -25.860
1255.900 -24.858
1256.000 -25.865
-665.989 877.139
-666.660 877.140
-666.083 878.140
-1083.090 -198.854
-1082.990 -199.860
-1083.660 -199.860
-1052.670 -345.717
-1054.100 -343.861
-1054.190 -345.776
1168.330 -499.859
-1054.250 -347.290
1168.890 -498.864
1169.000 -499.865
-913.107 -664.855
-1056.100 -345.862
-912.995 -665.855
-913.663 -665.853
1261.340 129.139
1262.000 129.134
1261.890 130.134
-810.110 -809.857
-810.004 -810.856
-810.667 -810.852
-925.995 614.150
-926.665 614.154
-926.097 615.141
495.889 -1161.860
495.331 -1162.850
495.999 -1162.850
-1128.000 -94.866
-1128.100 -93.865
-1128.660 -94.869
-877.992 717.145
-878.667 717.143
-878.102 718.144
964.524 824.608
962.365 828.001
-413.998 1093.140
964.455 826.695
-414.660 1093.140
-1087.990 333.139
-1088.100 334.144
-414.097 1094.150
-1088.660 333.138
966.927 826.740
964.559 830.179
966.863 829.092
-109.991 1188.130
-110.657 1188.130
-110.090 1189.140
-924.995 693.136
-925.670 693.137
-925.109 694.137
-710.093 -979.868
-709.991 -980.858
-710.665 -980.857
-974.982 623.144
-975.661 623.143
-975.095 624.136
-1036.000 518.142
-1036.100 519.145
-1036.660 518.142
845.334 966.144
845.999 966.140
845.890 967.141
-971.995 648.142
-972.660 648.141
-972.096 649.144
-1161.100 -183.865
-1160.990 -184.862
-1161.660 -184.865
536.755 1146.710
534.902 1148.150
-949.997 691.143
536.815 1148.230
-950.669 691.144
-950.099 692.141
538.329 1148.290
536.901 1150.140
952.894 -948.865
952.333 -949.858
953.006 -949.859
1016.910 -889.864
1016.340 -890.862
1017.010 -890.858
-1026.990 599.144
-1027.090 600.148
-1027.670 599.142
889.337 967.149
890.006 967.151
889.905 968.143
607.912 -1197.860
605.895 -1199.870
607.811 -1199.770
609.328 -1199.710
607.742 -1201.290
444.342 1212.140
445.011 1212.140
444.902 1213.140
-518.997 1122.150
-519.663 1122.150
-519.113 1123.140
-1166.100 -389.863
-1165.990 -390.864
-1166.670 -390.864
-1004.990 696.136
-1005.670 696.135
-1005.100 697.141
503.327 1213.150
503.997 1213.140
503.878 1214.140
1386.330 -202.855
1386.900 -201.859
1387.010 -202.860
568.340 1204.140
569.016 1204.140
568.913 1205.140
-1180.990 401.128
-1181.090 402.132
-1181.660 401.123
1414.340 -175.857
-1251.990 47.133
-1252.090 48.132
1414.900 -174.854
1415.010 -175.858
-1252.670 47.133
-498.241 1195.710
-496.673 1197.290
-498.184 1197.230
-500.099 1197.140
-498.100 1199.140
1257.890 -715.859
1257.340 -716.862
1200.330 752.141
1258.010 -716.862
1201.010 752.139
1200.900 753.141
-718.138 -1128.890
-720.433 -1127.820
-718.073 -1131.260
-720.545 -1131.300
-722.640 -1130.010
-720.476 -1133.390
-1099.990 669.138
-1100.660 669.140
-1100.100 670.148
-1085.000 696.135
-1085.670 696.136
-1085.110 697.146
-617.099 -1215.860
-616.987 -1216.860
-617.663 -1216.860
-1103.080 -757.857
-1102.990 -758.852
-1103.660 -758.851
1440.330 326.143
1441.010 326.140
1440.890 327.143
1036.340 1008.130
1037.010 1008.140
1036.900 1009.140
1408.900 462.146
1410.760 460.710
1410.820 462.224
1410.900 464.138
1412.330 462.277
-1324.990 104.136
-1325.090 105.137
-1325.670 104.136
-1333.070 2.740
-1333.140 5.104
-1335.480 0.606
-1335.440 6.182
-1335.550 2.694
-1337.640 3.998
1288.330 731.135
1289.010 731.133
1288.890 732.131
-1347.000 -8.860
-1347.110 -7.857
-1347.670 -8.858
1286.330 775.147
-1325.090 -347.868
1287.010 775.146
-1324.990 -348.871
1286.900 776.148
-1325.670 -348.875
-973.092 -1013.860
-972.987 -1014.860
-973.661 -1014.860
1230.340 858.134
1231.010 858.133
1230.900 859.138
1526.340 -243.849
1526.890 -242.848
1527.000 -243.850
-1035.110 -974.858
-1033.670 -976.714
-1035.190 -976.771
-1035.240 -978.286
-1037.100 -976.856
-804.097 -1212.860
-803.990 -1213.860
-804.665 -1213.860
-1206.990 706.141
-1207.090 707.135
-1024.010 962.139
-1207.670 706.139
-1024.670 962.138
-1024.110 963.138
-1361.670 -387.708
-1363.090 -385.862
-1363.180 -387.771
-1363.240 -389.293
-1365.100 -387.864
-1268.990 612.144
-1269.110 613.141
-1269.670 612.151
-1084.100 -976.856
-1084.000 -977.858
-1084.670 -977.855
-1000.100 -1075.870
-999.994 -1076.860
-1000.660 -1076.860
-1035.990 991.146
-1036.670 991.149
-1036.100 992.137
1539.330 410.147
1540.010 410.140
1539.900 411.135
-903.996 1143.140
-904.670 1143.140
-904.099 1144.140
1586.340 278.142
1587.010 278.140
1586.900 279.142
-1377.990 443.140
-1378.110 444.142
-1378.670 443.142
1614.330 -389.867
1614.900 -388.867
1615.010 -389.869
-1316.000 730.149
-1316.100 731.147
-1316.670 730.145
1121.340 1183.130
1122.010 1183.140
1121.900 1184.140
-1417.100 -572.861
-1416.990 -573.866
-1417.660 -573.867
-1166.090 -1042.860
-1165.990 -1043.870
-1166.660 -1043.870
-1385.100 -696.853
-1385.000 -697.858
-1385.660 -697.862
1370.330 960.149
1371.000 960.146
1370.910 961.153
-1503.990 323.142
-1504.090 324.142
-1504.670 323.140
1379.340 985.134
1380.000 985.137
1379.900 986.136
1454.320 892.145
1455.010 892.141
1454.900 893.131
-1438.990 631.140
-1439.100 632.139
-1439.660 631.140
1399.330 990.144
1400.000 990.143
1399.890 991.136
-1374.090 -837.859
-1373.990 -838.858
-1374.660 -838.860
-1417.100 -787.866
-1416.990 -788.860
-1417.670 -788.859
-1106.000 1188.140
-1106.670 1188.140
-1106.110 1189.140
-1602.100 -293.862
-1601.980 -294.854
-1602.670 -294.848
1290.910 1209.140
1292.760 1207.710
1292.820 1209.230
1294.330 1209.290
1292.910 1211.140
1280.900 1228.640
1281.390 1228.650
1280.560 1229.800
1282.450 1228.480
1282.400 1228.640
1281.400 1229.630
1283.400 1228.640
1282.400 1229.640
1284.390 1228.650
1283.410 1229.640
-1523.990 629.138
-1524.110 630.141
1284.400 1229.640
-1524.670 629.135
1626.330 781.137
1627.010 781.137
1626.890 782.142
-1389.990 914.139
-1581.670 -560.714
-1390.670 914.134
-1390.100 915.142
-1583.110 -558.859
-1583.180 -560.767
-1583.240 -562.291
-1585.100 -560.847
-1551.100 -881.864
-1550.990 -882.868
-1551.670 -882.871
1507.920 -1218.860
1507.340 -1219.860
1508.020 -1219.860
-1387.000 1110.140
-1387.670 1110.140
-1387.100 1111.140
-1618.990 746.142
-1619.100 747.137
-1619.670 746.143
-1472.990 1090.140
-1473.670 1090.140
-1473.110 1091.140
1606.900 -1215.850
1606.330 -1216.860
1607.000 -1216.860
