0.501 -0.500
-35.500 -56.494
15.505 -106.502
125.505 -38.500
-72.497 -136.498
-140.503 64.492
-162.498 70.499
-73.502 -173.502
-137.498 144.498
117.504 -184.499
-82.499 -260.499
58.502 273.497
-63.759 273.242
-61.504 275.249
-304.496 -102.505
-340.497 65.503
308.497 211.500
91.502 -381.494
-101.499 379.499
10.502 397.495
-405.499 -27.499
258.500 318.496
421.495 54.499
207.495 372.501
-412.496 136.496
440.498 45.502
-332.501 -306.502
156.495 -429.500
405.501 221.503
468.501 -65.502
-289.507 390.495
-496.499 -2.501
-368.642 -342.501
447.497 232.498
-115.500 -491.498
93.505 500.505
-355.492 377.505
-231.502 469.503
47.497 524.498
247.502 468.507
-529.496 -113.499
309.495 -471.501
-348.498 454.498
446.501 364.507
-579.507 -56.496
514.501 283.496
504.498 338.499
286.501 541.502
-38.145 612.603
-34.505 621.493
549.503 294.504
342.497 -525.498
-20.879 626.333
610.501 -165.497
-319.496 -565.491
474.496 -455.497
335.497 -575.497
-602.499 283.504
669.509 -14.503
470.507 514.496
-41.502 696.493
619.505 -327.496
-291.502 640.495
704.500 24.502
227.500 684.500
680.507 -260.501
-220.501 704.504
-677.499 -305.493
456.500 -588.496
-734.502 -138.505
676.505 327.501
559.500 -505.498
-756.497 -111.501
-729.508 230.501
238.506 -728.491
-744.496 -183.501
398.503 -661.497
-730.500 -257.501
735.492 -289.499
517.501 597.497
-584.497 534.494
608.500 -516.496
-196.499 -774.501
53.499 -798.500
668.503 464.488
-705.502 409.505
219.953 786.734
654.500 524.501
-557.496 -629.495
-181.500 -831.502
468.500 711.495
-560.489 651.501
-427.497 749.502
853.496 147.499
378.501 782.493
460.501 -739.502
-513.499 704.498
-542.504 -687.504
187.501 -859.498
-800.494 365.498
-744.505 -483.507
497.348 738.122
501.049 736.855
-771.497 449.498
787.506 425.501
-876.499 -196.506
-753.501 496.502
239.492 875.494
-83.504 -906.513
-99.498 905.496
359.503 843.500
884.495 254.497
-477.506 -787.503
423.501 -830.500
-197.500 916.500
4.510 945.498
823.498 467.503
592.495 759.500
-38.501 962.499
812.501 524.497
-662.504 712.492
-580.497 782.499
442.507 -874.501
-139.500 978.502
723.501 -693.506
985.499 223.501
1011.500 -41.503
-254.500 -983.506
-1004.500 186.498
859.495 570.503
708.494 765.502
-640.495 -829.510
673.498 812.500
600.503 -875.500
-1062.510 71.504
281.502 1029.500
602.497 883.506
-19.500 -1071.500
1001.510 387.504
-787.495 731.500
-614.500 -890.500
128.502 1077.500
630.501 -890.504
696.499 840.496
984.500 476.500
538.502 953.500
-118.499 1102.500
84.500 1111.500
855.503 725.499
773.494 812.500
-1086.500 277.506
-513.497 999.502
1056.500 386.500
-747.506 -844.497
1022.500 -479.494
-163.505 -1117.500
-922.496 661.499
-680.506 909.499
296.504 1099.500
49.497 1149.500
-673.497 936.489
506.496 -1041.500
740.499 897.502
985.501 -620.500
-1093.500 -403.500
-437.503 1085.500
351.504 1118.510
-571.503 -1026.510
-936.146 717.045
-927.498 733.500
-955.499 698.497
-709.506 951.502
-373.504 1136.500
-536.500 1070.490
533.501 1072.490
-930.499 756.507
-1002.500 660.503
-330.502 1155.500
356.496 1152.500
653.505 -1017.500
294.505 1172.500
-198.495 -1200.500
1136.500 446.495
660.504 1026.500
1044.490 640.496
-906.504 -832.503
1144.500 -456.500
-1195.500 -295.499
469.499 1142.500
1233.500 -139.504
-588.501 1094.500
-846.504 910.507
1146.500 524.501
-471.505 -1169.500
1010.500 755.502
673.508 -1073.500
-1109.490 612.499
1263.500 134.503
-841.496 960.501
-567.499 1146.500
-446.498 1199.500
573.501 -1148.500
772.498 1024.500
1126.500 -636.503
1293.500 -78.487
534.771 1182.390
866.492 969.503
-790.498 -1034.500
-1291.500 -175.497
-1303.500 69.497
521.575 1197.420
1276.500 284.501
772.503 -1057.500
1149.500 -632.496
-1210.490 508.497
1318.500 119.496
-1230.500 505.508
1208.500 563.503
-1306.500 266.501
1195.490 603.498
-782.493 -1088.500
-875.505 -1016.500
1320.500 -240.505
1280.510 -425.500
1337.500 203.501
975.488 943.498
-1328.490 286.502
-766.502 1130.500
-815.500 -1099.500
-1015.500 927.500
-1375.490 73.501
-1180.510 -729.498
1362.500 279.491
-1151.500 -787.494
-1048.500 921.507
1391.500 139.503
1205.500 -716.498
1135.490 833.502
1148.500 -843.502
-1379.500 -368.506
1428.500 90.495
1290.500 620.500
1035.500 991.506
-1290.500 627.495
1154.180 858.194
-880.501 1138.510
-1004.500 1035.500
-1398.500 -383.499
1184.500 837.507
-1290.500 -662.499
914.502 1126.500
1006.500 1045.500
1163.500 868.498
-1424.500 -281.500
1242.500 757.498
1439.500 -233.505
-1209.500 818.506
1275.510 -738.498
961.501 -1124.500
-935.496 1150.500
-1034.500 1065.500
-1399.500 509.496
1256.500 810.492
-1493.500 -66.501
910.501 1190.500
-1494.500 -191.500
-1304.500 755.497
-1431.500 473.502
-1294.490 788.503
-1456.470 420.402
1391.500 608.503
-1459.510 428.499
-1346.500 712.495
-1330.500 759.503
1026.500 1138.500
1384.500 -665.505
-1538.500 -50.505
1065.500 1117.500
1501.500 369.500
-1358.500 740.503
-1170.500 -1036.500
-1029.500 1177.500
-1267.490 923.499
-1517.500 -399.505
-1345.500 810.509
-1169.500 -1064.500
-1303.490 894.506
-1147.500 1092.500
-1131.500 1115.500
1365.500 -829.501
-1409.500 753.498
-1237.500 -1015.500
1471.490 682.502
-1554.500 -493.509
-1619.500 -194.508
1163.500 -1163.500
-1405.500 -889.492
-1613.500 -409.500
-1364.500 957.498
-1516.490 708.498
1454.510 -853.493
1501.490 772.506
-1545.500 683.496
1421.500 919.503
-1618.500 -502.495
1456.500 882.498
-1600.510 -586.494
-1412.500 992.502
1620.500 608.501
1409.500 -1020.500
-1388.500 1065.500
1509.990 917.536
1509.320 919.765
1499.500 965.495
-1455.500 1034.500
1343.500 1180.490
1611.510 -781.509
1412.490 -1116.500
1520.510 -976.503
1551.500 941.507
-1514.500 1002.500
-1581.490 -897.497
-1554.500 945.489
1442.490 1155.500
-1558.500 1002.500
-1574.170 1001.550
-1574.480 1004.400
1591.500 1024.510
1605.130 1025.460
-1493.510 1211.510
-1556.490 1131.510
1517.500 1196.500
-1589.500 1098.500
-1614.500 1068.500
1551.500 -1167.500
1617.500 1117.500
