0.499 -0.494
21.506 -74.502
-117.496 43.491
122.495 140.498
191.499 -3.505
-118.500 164.499
89.499 198.497
235.496 22.503
-8.499 241.505
211.495 119.495
-250.505 -24.497
54.511 -259.501
-38.505 -270.495
-165.500 -238.506
109.508 285.505
202.505 -265.501
-288.494 -184.496
341.500 42.499
131.499 329.500
370.499 30.500
-295.492 -225.492
-341.501 -153.500
350.492 -134.507
65.495 -372.495
239.498 293.501
352.660 -141.792
-72.505 -386.500
219.507 329.497
326.500 -225.502
-366.496 176.502
260.502 321.497
183.501 -424.501
343.502 315.503
146.499 443.501
-302.504 369.501
-213.506 -429.493
-474.507 82.504
200.501 440.499
483.503 83.505
-351.502 -351.505
-11.496 505.497
-519.500 -84.495
-463.496 -290.497
-70.501 -546.499
51.501 -549.502
-292.495 494.501
563.508 -126.498
473.501 354.500
-542.497 -253.501
-340.507 499.506
-616.508 -167.503
-180.495 -622.500
-565.894 349.698
477.500 -468.500
-568.609 349.954
-569.310 349.529
-671.503 15.499
-422.501 522.499
-635.507 -230.502
-602.495 318.503
-286.505 -619.494
-545.500 429.498
397.502 -582.503
-74.501 -706.501
-700.503 165.502
92.504 716.503
-732.496 29.499
-5.511 -739.509
-714.505 196.502
-730.509 146.499
-309.505 680.501
254.174 703.739
-472.499 -581.505
240.496 711.511
-706.503 262.504
741.499 151.494
583.499 489.496
434.505 631.493
744.501 194.495
-639.366 442.195
778.499 38.498
-255.499 -740.499
-366.498 -693.495
-532.494 -577.498
-650.171 445.372
-685.501 -391.504
783.505 116.500
-219.510 760.501
-22.497 798.496
-473.502 -651.504
-9.960 806.255
-4.880 808.192
-672.499 -449.500
312.499 -752.496
213.501 -789.500
-803.500 -216.494
283.500 782.494
461.500 -697.504
-668.497 514.505
-149.501 -832.496
380.495 -756.505
-744.497 -406.506
-22.498 848.504
-811.499 249.499
823.493 -219.503
-862.505 -0.502
-330.494 797.503
-861.511 206.502
-863.493 -202.498
-455.496 -764.499
-718.494 -529.495
860.496 256.504
-761.504 -485.506
900.504 101.502
735.499 -539.503
-563.501 -716.506
917.500 -106.499
292.498 -889.497
-476.492 -811.502
642.498 -693.494
-927.504 -196.499
347.499 886.502
-712.494 -636.503
885.500 366.494
960.508 1.499
445.500 -852.500
-919.500 321.494
977.498 19.495
-420.495 890.496
-965.506 227.504
-988.505 139.499
-630.496 -776.499
-895.505 451.496
216.500 981.497
-803.494 603.496
-633.000 -782.014
-714.493 710.503
-1007.500 49.507
978.504 258.500
-1007.500 -173.496
271.498 -988.503
-998.504 -240.495
114.500 1021.490
316.502 979.500
-1019.500 140.504
-185.499 1012.500
-616.494 824.495
-678.663 -776.391
-692.067 -769.796
471.500 -925.498
-817.499 -641.502
-847.499 -605.507
-985.489 357.493
347.501 -991.501
367.500 -984.494
-1030.510 -213.505
-963.496 -436.500
821.496 667.498
318.502 -1015.500
790.494 720.495
964.499 -475.501
-940.494 -540.504
903.498 -602.500
-562.500 -930.500
789.506 750.504
-508.503 964.502
-383.498 -1035.510
-1108.500 93.503
1113.500 -43.494
1106.500 137.502
31.503 1118.500
-1118.490 -72.497
-251.503 1093.510
-791.498 -796.502
1003.500 511.500
-421.501 -1048.500
-849.504 -749.498
-566.498 -981.500
636.494 940.494
-943.479 635.201
-941.500 638.498
926.496 665.500
583.501 980.506
747.506 875.505
-969.504 -627.503
-628.510 -983.503
444.494 -1081.500
975.497 -646.507
1163.500 180.494
-1174.500 -89.508
-1165.490 171.505
1079.500 474.500
-1101.500 422.500
-472.495 -1086.500
-459.496 1095.500
281.500 -1157.500
540.117 1062.310
-1168.500 -234.500
-582.503 1044.500
79.513 -1196.500
550.500 1071.510
782.498 928.505
-756.495 -956.505
978.499 -732.500
-509.501 -1123.500
-1118.510 -519.504
764.497 -976.499
-817.506 931.495
511.499 -1131.490
1214.500 -278.500
1126.500 -540.497
-728.502 1014.500
-1247.510 -69.501
643.497 1072.500
-839.501 -931.499
848.505 -925.494
1255.500 -31.498
-1243.500 185.500
-515.501 -1150.490
-576.502 1120.500
1260.490 71.500
-1252.500 155.510
-1104.500 -615.494
576.503 -1126.500
-1053.500 -702.508
-1263.500 -88.500
873.501 921.495
-978.502 840.499
-696.509 1087.500
-934.500 -898.500
544.496 -1177.500
686.501 -1102.500
-1262.490 -321.500
696.500 1119.500
-1324.510 -81.502
-1324.500 82.492
789.500 1072.500
-716.501 1139.500
-1264.510 483.503
-1334.500 -264.500
-1187.500 675.506
1363.500 -135.499
-1080.500 843.499
689.500 -1186.500
-1318.510 400.507
1098.510 835.494
-737.495 1171.500
-1236.500 643.503
-1201.500 -715.503
-1068.500 903.507
1362.500 351.501
1044.500 -945.501
-1187.500 767.509
-1406.490 -152.497
-1101.490 927.498
1370.510 -446.502
1370.500 -466.500
-1449.660 -15.007
-1277.490 686.499
1301.660 -651.609
1302.760 -649.899
1312.510 -635.501
816.496 -1210.500
1320.500 624.500
-1460.500 -1.500
-1268.500 739.504
-880.501 -1178.500
-1458.500 210.496
-1169.500 -923.500
1290.500 -756.502
-1375.500 587.506
1049.510 -1077.500
-942.498 1183.500
-1435.500 -486.502
-1482.500 344.502
-992.503 -1156.510
1522.500 115.496
-1240.490 -898.498
-1522.500 -197.502
1136.510 1056.500
1552.500 59.504
-1087.490 -1114.500
-1251.510 -942.501
-1462.500 564.506
-1136.510 1083.490
-1041.500 -1184.490
-1299.500 -898.500
-1580.510 -85.501
1258.500 -974.496
-1578.490 217.504
1590.500 -186.505
-1463.500 -665.501
-1605.510 -203.506
-1506.500 -628.499
-1573.500 450.496
-1501.500 684.495
-1618.500 354.499
-1593.500 598.495
-1596.500 631.501
-1372.500 -1060.500
-1480.500 915.502
-1331.500 1131.490
-1307.490 -1161.500
-1615.500 702.503
1416.500 1091.500
-1353.500 1201.500
-1552.500 957.505
-1421.500 1149.510
-1617.500 894.498
1521.500 1076.500
1444.510 -1210.500
-1563.500 -1052.500
-1619.500 1032.500
-1577.490 1099.500
