0.501 -0.498
-17.506 58.499
20.499 79.497
79.503 41.501
-8.500 -120.500
31.498 116.496
58.505 107.498
-4.314 -128.507
-24.509 -129.501
-96.503 -90.497
126.492 42.502
-174.504 38.501
150.500 109.495
-28.500 -185.495
176.500 -96.496
135.503 164.504
-225.501 5.499
176.502 143.506
227.496 20.500
64.497 236.503
198.500 163.496
248.499 80.498
-260.503 28.500
247.499 98.495
155.500 216.493
-21.504 265.502
-214.501 -171.506
203.502 188.223
3.503 -280.497
203.499 196.493
189.505 211.499
-62.502 -278.511
31.501 286.501
-219.502 -199.502
-202.498 -220.500
246.495 176.496
-122.502 -294.359
-122.850 -295.502
220.498 237.497
326.505 -39.504
268.505 195.499
-304.498 147.501
320.498 114.489
342.755 13.272
346.427 8.589
-197.502 -285.499
297.498 -182.504
-262.501 236.494
156.505 -319.501
90.502 -348.493
-341.500 136.499
374.507 12.498
293.502 238.500
-80.504 -371.508
-163.498 361.500
-310.500 -253.505
-106.638 385.978
-114.502 -387.499
-111.505 388.306
270.504 -309.497
406.499 95.499
-105.508 -405.498
-410.500 -82.500
234.503 -349.490
-52.502 418.501
422.502 -19.500
422.491 36.500
203.499 372.496
2.503 -425.495
355.502 -235.508
-425.501 4.498
297.499 309.497
-103.496 423.498
-376.500 -226.499
-421.498 -127.498
422.501 -158.501
338.504 304.497
331.500 -317.496
-193.495 -417.502
-57.502 457.499
414.509 206.493
-455.505 -110.504
460.502 130.505
460.502 -142.499
-179.500 453.494
-232.502 441.497
419.505 272.501
291.495 -407.506
461.500 199.504
-506.496 13.508
-366.501 354.497
-476.497 190.500
-516.389 0.085
-211.502 473.505
-438.502 -278.502
282.390 440.427
-20.498 -523.498
298.500 431.499
-480.498 223.502
285.495 449.494
362.500 394.505
29.495 535.509
506.511 181.500
389.489 -373.498
-457.499 -287.501
344.502 417.496
532.504 102.496
-275.687 466.510
-542.500 33.501
-277.499 471.500
-45.499 548.503
-546.501 86.499
342.511 -436.498
-545.504 -157.505
570.504 1.490
126.502 -560.488
-290.503 -501.496
507.503 282.504
566.502 167.495
442.498 -395.496
507.498 308.497
583.741 117.048
-564.498 189.505
203.497 -561.503
-372.494 -470.498
-591.510 150.502
469.499 -395.499
-336.500 518.498
-111.489 -617.495
518.498 -355.500
-517.497 354.506
628.506 -59.502
313.505 547.496
-472.496 -428.500
-36.500 640.506
221.502 -607.502
-240.501 601.499
-589.498 -285.500
-378.504 -541.502
-660.494 31.497
379.496 -543.499
-353.987 559.917
-543.498 -382.502
-411.502 -527.502
621.500 -253.503
-358.506 567.505
679.500 28.494
-101.506 -673.499
167.497 659.501
-212.500 648.504
-169.506 -664.493
-582.502 -362.499
210.499 663.495
587.504 -386.498
-195.503 674.501
703.508 52.503
52.501 -704.504
-177.500 684.506
225.949 671.505
-525.497 475.497
212.497 689.501
-387.495 608.500
401.497 -604.494
419.504 597.498
-77.497 727.501
-729.500 -58.505
-733.499 46.502
-307.491 679.501
-487.510 577.497
-223.503 722.500
419.505 -631.499
663.500 -368.498
737.498 -187.500
-614.496 447.506
651.496 393.508
506.502 568.502
-176.494 742.496
551.511 528.496
379.505 663.493
-294.498 -713.500
204.507 750.501
661.491 -416.506
-450.495 -646.498
-549.494 565.501
622.498 -503.503
427.497 676.509
-800.499 27.498
-731.491 327.497
795.501 111.496
-373.500 713.507
438.498 -677.501
-704.502 -393.499
-498.508 640.499
475.811 658.841
480.250 659.602
815.494 -72.505
-493.501 -662.507
129.502 816.502
-373.501 738.504
222.501 797.498
-827.490 27.494
573.498 603.496
-334.497 -769.495
549.506 -640.497
72.496 -841.500
325.498 784.505
409.503 -745.500
-444.495 -726.499
436.497 732.496
843.499 -135.502
-838.497 -161.502
-612.492 -596.504
-635.504 573.496
-469.498 725.500
-580.506 640.498
700.271 509.666
98.495 -862.510
-787.503 -371.499
-656.511 -576.502
160.494 861.492
430.749 765.828
710.497 519.497
430.471 767.999
-293.500 -831.499
-720.499 510.489
587.494 664.500
111.501 880.506
325.500 -827.498
-818.499 -351.505
573.500 687.502
546.498 -710.498
-739.499 -511.503
-242.494 -866.499
445.506 783.500
487.433 758.576
-847.502 306.499
492.103 759.079
-835.507 346.496
867.502 -283.499
720.501 567.502
84.501 -919.499
663.506 -655.498
176.497 -919.503
-646.500 676.500
506.504 789.498
-696.501 -628.502
-591.504 737.496
-784.502 538.501
-511.498 -805.507
-351.500 -888.500
-6.495 956.497
-558.504 -778.498
82.500 955.501
-552.341 -785.019
919.504 -302.498
-972.499 -29.497
-744.499 637.503
-429.499 882.502
898.505 -406.493
-618.497 768.501
557.501 815.499
-776.497 612.500
961.507 238.494
990.498 -77.492
-975.499 -183.503
-14.496 -995.504
656.493 749.495
621.489 -782.494
-831.494 571.505
-1009.500 -29.500
-645.499 -778.502
-508.497 -877.492
1006.500 127.498
1011.500 82.501
-839.507 -569.504
911.501 -449.500
-160.501 1006.500
459.497 911.501
-788.503 -650.504
-87.494 -1024.500
80.501 1024.500
1032.500 -22.500
504.500 902.493
1015.500 -201.505
-521.498 -895.496
-840.503 -614.503
-1046.500 -79.507
-558.491 -889.495
799.498 681.510
623.499 849.505
788.502 700.505
544.503 905.500
-581.504 885.497
519.493 -925.512
894.505 572.504
314.497 1021.510
209.497 1050.490
790.496 723.933
-1055.500 183.507
-443.499 981.501
-100.495 -1075.500
-534.496 -939.484
-839.505 681.485
872.501 -643.505
-458.500 -983.495
-964.500 -496.505
-22.505 -1086.510
-807.498 -729.497
843.507 688.502
167.499 1083.500
-1103.500 8.499
1006.500 -459.503
-626.510 -913.506
-1060.510 319.502
-857.495 702.498
-1088.500 -214.502
-425.500 -1025.500
715.495 -851.503
660.501 894.506
-288.497 -1080.500
-68.497 -1119.510
837.501 751.504
163.498 1113.500
1123.500 -85.502
423.509 -1045.490
-377.507 -1063.500
1088.500 -331.489
201.490 -1122.490
199.474 -1126.250
1004.500 548.505
1109.500 289.492
868.504 748.498
-1113.500 307.497
-523.498 1030.510
643.498 962.504
741.502 890.498
-1152.500 -145.505
-397.499 -1094.510
581.497 1011.500
-770.490 -886.507
1144.500 265.501
951.504 693.503
-815.501 857.503
-874.503 801.500
-1128.500 -369.495
950.489 -718.499
-373.504 -1131.500
-45.500 1190.500
-195.502 -1176.500
1194.500 85.502
-924.501 -763.506
1118.500 -455.501
763.503 935.498
334.505 -1161.500
-718.496 -972.500
-737.501 959.496
155.499 1201.490
575.501 1070.500
-521.502 1098.500
1136.500 438.499
186.744 1204.980
175.489 1207.500
435.502 1140.500
-375.494 -1164.500
-975.496 -738.499
561.493 1087.500
-271.492 -1198.500
-525.504 -1117.500
-459.510 1146.510
-1013.490 708.506
574.492 1104.500
816.501 -945.493
-984.501 -772.502
-1188.500 -403.501
-866.500 -913.499
-1139.500 -560.496
-1211.500 -382.500
-1249.500 -234.500
-1190.500 -448.498
1253.500 240.502
-1247.500 293.498
-1285.500 99.497
-1009.410 -803.765
718.505 1072.500
-1014.730 -800.665
-1036.500 774.499
-1070.500 -728.505
-1284.500 206.493
584.499 1169.500
-904.498 944.509
-1035.460 -804.589
-1035.110 -805.566
1147.510 636.496
1085.500 737.500
1171.500 -600.502
-854.499 1002.500
1293.500 -256.494
571.499 1188.510
-1285.500 308.498
-1316.500 127.505
-1083.500 -760.503
692.497 1131.490
-1038.990 -834.993
980.503 906.506
1289.500 372.498
-1278.500 -406.507
1277.500 419.500
1264.500 462.506
-1180.490 -661.493
-1040.620 -866.028
656.500 1188.500
-1221.500 592.491
942.498 -982.493
-1365.500 -11.500
-1177.500 -695.501
-995.498 -939.496
851.496 -1073.500
869.494 1063.510
1303.500 -442.497
1226.500 634.499
-1304.060 -462.503
-1315.090 -462.505
-1156.500 780.497
-756.503 -1177.500
1121.490 849.502
1353.500 385.505
-1013.490 -993.496
-990.499 -1031.500
1383.500 -375.499
1039.500 1003.510
1155.500 -880.496
-1441.500 -198.508
1282.500 -691.506
-846.494 1189.500
1457.510 -109.495
-1308.500 -664.111
-995.500 -1078.490
-1308.500 -664.499
884.499 1184.500
-1278.500 -742.505
-1451.500 -284.503
1163.920 -935.132
1177.250 -926.628
1183.620 -923.792
-1493.500 -171.494
-1494.460 -188.018
-1061.510 -1073.490
983.502 1145.500
-1382.490 -628.862
-1486.490 -311.499
-1109.490 -1049.500
-1139.500 1018.500
-1392.520 -631.689
-1474.490 -407.499
1194.500 962.508
-1004.510 -1164.500
-1469.500 453.499
-1100.500 -1075.500
-1316.510 796.500
1140.500 1038.500
1533.500 -214.498
1057.500 1149.500
-1357.510 -783.495
1543.510 329.500
-1221.500 -1000.500
-1156.500 -1078.510
-1579.500 97.511
-1572.500 -188.499
1411.490 -726.497
-1130.500 -1125.500
-1503.500 -532.494
-1476.500 607.503
-1215.500 1038.500
-1595.500 -178.501
-1601.490 -143.507
1509.500 576.502
-1606.500 284.500
-1236.510 -1089.500
-1443.500 -835.506
1319.500 -1026.500
-1517.500 -709.497
-1437.500 -872.494
1245.500 1130.500
-1255.500 -1133.500
1533.500 -723.500
-1322.500 1061.500
-1400.500 956.505
-1245.490 1152.500
-1465.500 -859.504
-1580.500 627.503
-1231.500 -1174.510
-1284.880 -1118.580
1251.500 1170.500
-1620.500 592.503
-1420.500 -990.492
1471.910 991.219
1482.930 985.513
-1514.500 -954.499
1598.500 -822.497
1465.500 1048.500
1544.500 -944.503
-1566.490 927.498
1507.510 -1030.500
1469.500 1101.500
1529.500 -1039.500
