0.496 -0.493
21.498 37.498
98.506 47.496
135.492 -78.501
-91.505 203.496
-128.494 -189.495
-152.503 194.497
-113.494 -230.493
70.497 -251.498
-25.506 279.496
177.511 246.499
-293.500 -90.499
292.493 102.500
-335.499 47.498
305.500 -159.492
83.489 351.508
339.509 -163.502
329.503 -248.495
302.499 281.503
127.497 -404.501
-367.511 -260.501
321.499 -325.501
-146.496 -434.494
445.507 -117.504
-389.503 257.498
-469.495 44.496
118.505 459.502
76.498 -483.496
-489.497 6.499
-434.499 -227.498
353.501 -345.503
487.498 -93.503
433.497 264.504
399.496 314.494
-249.504 -444.500
201.506 476.503
-519.503 136.497
-424.501 332.503
119.500 -532.503
263.503 484.498
314.500 -459.504
-504.505 -257.503
525.509 -216.502
155.511 557.504
67.501 581.500
-425.499 402.500
-517.501 -287.502
-483.500 394.506
-201.501 595.504
-171.497 608.494
161.495 -617.495
-357.496 529.494
568.502 309.494
624.501 199.500
527.494 -390.498
528.493 391.502
589.500 296.501
172.498 -648.502
249.499 -626.499
679.500 -8.502
192.501 -653.501
679.496 -49.495
251.981 -640.119
468.497 504.500
675.499 184.504
-286.505 -640.501
296.499 -643.503
663.498 254.505
-120.504 705.498
-720.493 -63.498
565.495 460.492
-645.499 339.504
-18.500 736.497
620.501 -407.497
685.499 287.504
61.709 -749.580
52.663 -751.451
523.498 -545.498
600.512 -461.503
-520.502 548.498
496.498 572.506
-676.498 -351.501
742.496 179.509
653.506 -399.505
782.496 2.498
307.499 -722.493
461.501 -645.499
-801.493 22.496
286.497 -752.500
-56.499 -815.504
774.499 -311.498
608.500 578.498
-806.495 -236.498
596.504 -599.503
767.504 358.500
806.499 265.500
-823.491 -209.495
800.502 -305.500
61.504 -863.497
458.501 734.502
-866.502 43.498
862.498 153.496
-674.496 -562.500
691.499 -549.502
-571.502 678.500
767.493 452.502
-432.500 -781.500
-357.500 -821.497
316.499 -839.499
-851.496 -287.500
860.499 -271.502
-844.496 -326.502
839.502 347.498
802.500 433.493
-334.504 860.505
-417.502 -830.500
892.499 288.505
479.497 -813.508
531.504 -781.507
816.505 -501.504
770.492 573.502
942.493 209.506
601.499 -756.499
895.505 -374.497
556.497 -798.504
507.506 831.501
937.501 -267.510
-472.497 -853.501
-663.502 721.503
973.490 -130.501
-403.505 895.502
462.475 -871.292
470.067 -870.737
-241.504 -959.497
986.502 94.507
988.491 -83.501
921.495 377.495
-995.489 20.504
246.512 965.500
950.492 321.498
-882.500 -486.505
322.505 -959.493
487.505 889.498
566.498 -843.503
262.496 990.500
3.503 -1031.500
80.495 1027.500
-586.496 -848.500
925.493 468.501
-1033.500 -203.506
1040.500 -183.495
-1049.500 -114.506
537.503 911.494
-529.512 921.494
127.501 -1056.510
1066.510 -25.499
785.495 727.503
3.501 -1071.490
-290.487 -1035.490
-718.502 806.499
1081.500 -57.498
1060.500 -236.495
-132.499 1086.500
634.497 894.499
-898.573 634.499
768.501 788.506
-1088.280 -191.534
-1092.500 -180.502
1045.500 387.497
-967.497 553.499
919.498 631.499
-167.498 -1105.500
-1032.960 429.394
-1089.500 266.494
-1034.390 434.254
-629.499 -933.501
376.500 1061.500
891.497 -691.500
-235.502 -1103.500
1098.500 -266.497
443.325 -1040.520
438.149 -1042.730
-793.499 -805.497
876.490 716.505
1105.490 -246.509
-1134.500 41.500
1027.500 494.505
641.502 -947.502
1019.500 518.495
-722.506 -889.503
1088.500 359.502
-0.498 -1153.510
1102.140 349.837
1148.500 144.507
-637.501 -971.488
-641.500 968.499
-108.503 1160.490
929.504 -706.496
788.501 -862.500
1127.510 317.506
-301.506 -1140.510
-282.498 -1145.500
325.495 1133.500
351.494 -1128.500
814.503 858.500
-490.500 1077.500
516.501 -1068.110
516.501 -1068.500
1117.500 -436.497
140.505 1194.500
-825.493 -878.499
1107.500 487.504
1197.500 -235.506
630.505 -1053.490
-1088.500 586.500
-778.502 964.500
1208.750 293.307
1212.590 288.960
1021.500 -715.503
-1206.500 -313.497
-774.501 -982.501
1249.490 -72.500
1111.500 -581.507
1202.500 -365.500
-1244.500 187.497
642.503 -1087.500
-1198.500 411.501
-1084.500 666.505
563.493 -1143.500
1207.500 437.508
1244.500 -323.502
603.503 1135.500
-1272.500 186.501
1286.500 -50.504
504.506 -1189.500
1269.500 279.503
1246.500 -375.499
1305.500 57.506
935.496 -922.497
1185.500 565.505
-1241.500 428.496
-716.496 -1102.500
1223.500 495.500
1282.500 320.501
1144.490 -662.496
1022.510 -847.497
-1327.500 101.508
-1050.500 824.500
1233.510 529.499
752.501 -1113.500
623.500 1201.490
947.504 -970.497
1326.500 311.502
1250.500 546.501
748.501 -1147.500
1231.500 604.502
1194.500 -676.499
-1313.500 404.503
715.495 1176.500
1260.500 -556.493
-1318.500 -427.503
1279.500 -543.505
1381.500 -163.504
1378.500 222.497
847.498 -1115.500
-722.492 -1203.500
1333.500 -472.496
1013.500 -1002.500
-1012.510 -1005.500
848.502 -1152.500
807.474 -1189.490
810.678 -1189.950
824.491 -1182.490
1430.500 -178.502
1132.500 -906.500
1162.500 868.501
835.596 -1189.100
1428.500 270.505
906.497 -1137.500
972.485 1087.490
1427.490 310.499
1443.510 267.508
1105.500 -968.500
1291.500 -715.499
1481.500 -127.505
1350.510 633.495
1017.500 -1091.500
1422.500 -487.496
1188.500 -923.498
-1195.500 -927.497
1471.500 364.501
1452.500 464.505
1492.500 325.504
1430.500 563.494
-1546.500 -90.499
1510.490 -372.502
-1398.500 -682.499
-1425.500 -638.504
1515.500 -405.498
-1040.500 -1174.500
-1101.500 1128.500
1092.510 1138.500
-1553.500 -303.495
-1553.500 304.505
-1343.500 837.501
1588.510 172.504
-1190.500 -1066.500
1543.510 -424.504
1426.500 -744.497
-1212.500 -1060.500
1399.510 -816.498
-1288.500 -982.497
1352.500 894.500
1550.500 482.505
-1235.500 -1060.500
1229.500 1100.500
-1175.500 -1158.500
1576.500 -498.498
1212.510 -1130.500
-1553.500 -581.503
1444.500 -827.499
1349.510 -983.504
-1357.500 985.501
-1496.510 -787.496
1395.500 -958.501
1540.500 -766.497
1313.490 -1123.500
1459.500 939.500
1328.500 -1135.500
1433.510 1006.500
1523.510 878.497
1569.500 822.495
-1492.500 955.496
1431.490 -1051.500
-1413.490 1087.500
-1525.500 -930.501
1378.500 -1150.510
1592.490 884.493
-1542.500 1008.500
1516.500 1112.510
1501.500 1139.510
1617.510 -1018.500
-1619.510 -1022.500
1587.500 -1091.500
1582.500 1103.500
