0.507 -0.505
28.496 -23.501
53.501 -36.502
-58.504 106.502
78.497 -160.499
-41.008 195.781
139.501 207.501
266.496 -116.501
-132.494 -297.505
55.500 -329.501
343.501 27.490
350.500 -70.498
35.498 -360.498
-303.500 -236.494
-409.498 75.494
319.500 -286.500
201.501 378.866
209.214 374.720
85.498 -437.501
387.500 237.493
32.501 453.488
-38.500 -459.495
469.495 -78.503
416.507 234.505
474.510 -120.495
-487.495 -71.497
476.497 149.496
441.500 247.496
-407.495 332.501
-457.503 -278.505
-445.500 309.501
-93.499 539.500
-502.503 220.496
-313.500 -463.499
244.495 508.503
40.495 -564.502
92.496 -565.501
-564.497 -115.507
433.500 383.499
-57.501 594.503
575.496 197.495
-2.497 613.497
-455.503 -415.491
-105.502 -608.494
294.511 -548.499
-419.496 -461.507
506.496 370.497
-124.503 631.506
263.505 -590.497
105.496 646.499
-93.514 653.499
-78.494 662.506
541.492 391.498
495.500 454.497
-96.503 -667.502
-296.502 -614.503
106.512 -676.503
327.503 -607.505
-74.501 685.493
471.495 -511.502
-329.498 629.501
-72.498 714.498
172.496 701.498
-494.497 -531.500
307.509 -660.496
212.504 696.494
690.499 257.495
485.499 559.501
750.496 140.504
665.503 -378.504
44.506 765.506
674.500 -397.501
-46.502 780.503
512.498 595.500
423.497 -663.502
-392.499 684.503
81.501 787.495
634.500 -479.500
696.503 389.492
674.501 426.496
696.501 -414.495
770.505 253.496
802.504 -146.502
-814.499 48.496
-748.505 326.497
837.503 2.504
-779.503 315.501
-344.491 780.496
-820.503 235.508
475.492 717.506
260.498 -822.498
724.495 472.503
-517.491 -696.494
874.502 73.497
-732.508 -498.499
-880.495 -133.497
-460.497 763.497
-610.502 661.491
-628.501 660.509
670.501 619.498
-534.497 739.496
-286.497 867.498
439.503 805.500
-650.503 -653.496
822.500 423.499
668.500 647.499
619.495 -699.506
750.499 558.499
251.499 902.499
466.501 813.499
940.497 -56.500
128.499 937.502
-372.504 -871.502
631.501 706.501
-716.497 -628.505
662.778 687.413
947.493 -132.504
957.502 34.502
673.372 685.090
-955.496 96.503
837.458 471.842
842.263 479.252
-432.507 866.500
-577.495 783.496
699.501 -683.510
722.501 669.502
-988.495 -54.492
-970.503 206.502
904.499 414.501
214.505 973.500
994.502 -138.498
-155.501 -992.497
682.503 738.501
937.504 -390.494
-971.494 -297.501
-998.505 -204.500
480.500 901.495
816.500 617.500
721.501 736.499
88.499 1028.500
667.499 793.501
-968.501 378.502
-1016.500 -251.500
848.503 625.500
-0.492 1063.500
996.500 -377.501
-1061.500 79.504
775.496 730.495
-1038.490 244.499
644.503 -853.496
-377.498 -1001.500
-776.492 737.497
712.498 -802.502
-381.811 -1007.360
-1088.500 2.498
11.496 1093.490
1046.500 -324.500
632.501 -905.493
830.496 762.500
688.504 896.497
-1000.500 -544.504
-1089.500 340.498
1056.500 463.501
-980.500 616.500
663.506 -956.497
-1122.500 -304.503
845.499 -802.497
1159.500 -128.501
1101.500 387.500
1156.500 190.504
-880.495 772.500
1162.500 -168.499
-104.560 1169.310
-116.499 1168.500
-901.501 -762.502
-1140.490 -316.494
-155.500 -1185.500
993.495 672.501
1165.500 298.498
-1147.500 376.499
-343.506 1159.490
-498.506 -1107.500
874.503 855.498
539.500 -1099.510
-1115.510 -512.496
-670.497 1037.500
1059.500 644.510
872.498 881.510
519.497 -1128.500
-672.501 -1046.490
993.502 749.503
481.501 1155.500
-846.501 933.494
-1172.500 467.494
853.497 933.505
-1244.500 278.501
1279.500 -5.498
1153.500 553.496
607.501 1128.500
-1024.500 -771.496
512.498 1176.500
1123.490 -623.497
-1118.500 631.496
-1196.500 470.499
-923.504 898.505
-683.502 1098.500
557.503 1181.500
944.497 905.502
1017.490 -838.504
966.497 -912.504
1313.510 -216.497
-1330.510 -1.501
-1330.510 -94.499
1110.500 743.496
672.502 1158.020
-752.497 1112.500
1301.500 376.497
1214.500 -604.495
-1327.510 -277.497
1093.500 812.499
-1194.500 -689.501
-705.501 1185.500
1311.500 -441.497
1293.500 493.503
-796.498 1152.510
948.499 1035.500
-1249.500 650.502
1017.510 980.496
965.504 -1033.500
822.506 1161.500
1255.500 -676.497
-1335.500 526.501
1462.500 21.499
959.492 -1110.500
-1202.500 -860.505
1166.500 927.503
1182.490 -952.496
-975.508 -1168.500
-1525.500 65.498
-1491.500 -365.496
-1538.500 -49.499
-1271.500 -881.506
1412.490 -633.493
1453.500 547.503
-1104.510 1094.490
1299.510 -876.501
1565.500 -223.506
1469.500 -624.492
1284.500 971.503
1414.500 -805.506
-1125.500 -1183.500
1483.510 707.507
1502.500 -684.500
1564.500 -636.494
-1304.510 -1113.500
1517.010 823.981
1516.990 824.078
1533.490 -869.504
-1601.500 -774.500
-1507.500 961.497
1427.500 1132.490
-1425.500 -1160.490
1525.500 -1069.500
-1565.500 1020.500
1589.510 -992.491
1601.500 1172.510
