0.504 -0.503
19.502 -20.503
-5.494 83.501
-98.501 -25.498
161.502 -13.499
-69.503 181.495
50.501 196.504
181.496 -127.503
64.502 -212.501
235.500 -7.508
54.502 230.504
69.493 -253.501
-34.504 264.500
-271.501 15.503
-26.501 -287.504
-126.509 269.503
-271.500 154.507
84.497 307.495
267.505 -194.498
-246.493 -222.500
-107.499 336.507
191.502 308.493
371.496 62.501
-313.498 -209.498
281.499 -256.505
-384.507 25.503
389.502 58.502
375.497 153.501
240.499 331.504
8.491 -414.504
-410.502 99.507
223.500 376.504
431.499 96.504
-429.503 103.499
298.490 343.503
-447.501 102.500
418.499 223.503
-436.510 213.504
-237.501 -429.496
-471.820 -144.800
-216.495 -444.495
-482.495 -131.495
300.498 -405.496
496.504 96.498
-506.500 -86.501
-503.500 163.501
535.501 -88.497
-414.498 -356.499
78.499 -561.502
-28.491 568.498
215.505 -562.499
154.503 -586.496
296.514 -533.502
354.502 520.505
289.495 -561.495
-445.497 -465.500
-445.136 -470.756
646.496 -113.496
658.499 59.496
389.501 -539.495
-231.495 627.501
660.498 131.502
-323.504 -592.490
660.508 167.501
599.499 -337.495
639.489 -268.502
593.498 365.502
692.505 -105.493
709.506 -148.495
-702.499 198.498
-174.501 -710.498
-80.494 -727.503
299.498 -671.500
-702.505 -230.499
-743.507 -97.490
-146.499 -745.504
505.501 -572.504
-757.500 121.506
-647.499 413.501
417.500 -650.504
708.505 -319.500
-707.500 318.512
-725.499 -281.496
-56.499 778.500
-774.499 123.493
715.502 325.492
784.500 149.497
-681.493 -425.492
273.498 -762.505
-678.509 450.496
379.505 721.499
809.502 -109.501
-220.501 789.493
-657.490 -499.504
109.503 -819.497
704.496 433.495
-107.495 -828.498
442.499 -710.502
716.282 436.674
423.495 -729.501
-817.496 -212.500
846.501 11.506
-482.499 -708.507
-232.507 828.490
93.502 861.503
673.496 -548.496
432.496 -767.499
-838.499 -277.499
486.498 741.498
102.492 895.500
902.500 1.496
-629.489 650.505
577.502 -699.503
-197.502 886.497
-831.501 -378.494
-102.494 -911.499
547.497 -743.504
-349.491 -859.507
261.498 -892.502
-795.508 493.506
243.506 905.498
-217.499 912.501
-878.498 350.497
949.500 -11.493
-554.503 770.501
171.500 935.499
-780.500 -546.508
-932.497 277.502
-948.503 -219.498
936.493 -295.500
-982.501 -113.499
-417.499 897.505
-781.499 -611.503
831.502 545.501
-954.500 -284.506
740.506 -668.490
818.495 575.502
922.127 -397.875
-872.500 505.508
929.277 -396.168
852.506 541.505
-1007.490 61.500
364.496 -943.502
-403.492 -930.498
725.499 709.497
-774.503 -656.495
1012.500 91.502
986.504 247.496
772.501 661.500
-470.757 905.795
594.498 -837.501
-670.501 -777.502
-475.504 914.506
983.504 362.502
698.495 -786.502
988.505 -359.504
952.505 447.505
896.501 -557.497
-1010.490 -353.497
1066.500 -116.498
917.402 557.966
879.503 -626.498
914.498 574.503
-1073.500 -140.506
-448.494 988.503
976.500 479.498
1089.500 -33.504
-138.500 1081.510
348.494 -1038.500
511.490 968.500
1103.500 -11.495
501.495 -983.499
-1090.500 -169.501
-918.500 630.500
965.496 559.494
1116.500 -43.505
781.506 799.496
1105.070 173.502
613.499 -936.502
528.501 -987.498
-673.501 -901.496
1112.620 176.670
492.498 1012.500
-887.499 -698.499
1081.500 -332.499
-856.496 749.509
307.498 1105.500
892.500 -729.500
510.504 -1042.500
947.495 -673.497
637.502 -974.495
169.510 -1152.510
1156.490 -143.505
1170.500 40.505
733.497 -914.502
813.497 -845.507
757.496 -898.498
586.503 -1025.500
500.500 -1071.500
1141.500 339.909
-232.503 1168.500
609.503 -1028.510
89.508 1192.490
-1195.500 -49.503
-782.504 -907.504
1149.050 341.032
-593.495 -1041.500
1190.500 152.502
1190.500 152.892
716.501 965.497
835.507 -876.498
-421.496 1141.500
-300.507 1183.500
584.496 -1075.500
-1202.490 -245.503
1162.500 398.493
264.501 -1204.500
1236.500 84.500
679.502 -1038.500
-1212.500 -269.497
-936.500 -816.500
952.502 -800.502
-1230.500 181.506
990.502 757.503
613.107 -1093.050
613.017 -1093.930
636.063 -1081.530
-683.497 -1059.500
547.496 -1138.500
1195.500 -422.497
611.505 -1118.490
655.500 -1093.500
-558.498 1146.500
638.500 -1111.490
1151.500 569.498
953.502 -869.506
-1177.500 534.505
1222.500 434.497
542.503 -1181.500
554.465 -1177.450
-1235.500 -408.505
1257.490 373.504
-899.498 959.500
-1095.500 -729.498
-534.500 -1203.500
-1028.500 822.506
1250.500 418.501
1314.500 171.509
-1117.500 -715.499
751.276 -1099.830
737.876 -1109.050
1308.650 -251.576
1325.500 139.494
750.517 -1101.760
-625.500 -1177.500
-1264.500 -427.502
575.503 -1205.510
1220.500 -545.498
708.498 -1134.500
1129.500 -721.499
1279.500 -410.500
1345.500 -145.502
1003.500 909.497
1334.500 274.497
1339.500 -264.500
1349.500 -225.495
1039.500 890.496
927.501 -1024.500
1304.500 463.504
-1354.500 286.502
978.496 -987.496
1152.500 -796.503
1371.500 -301.495
1228.510 683.496
-750.504 1188.500
1359.500 -372.501
1335.510 -463.495
-1380.500 308.497
788.507 1177.490
1014.490 1000.490
-1361.500 -433.496
1437.510 87.504
1427.500 -214.496
973.506 -1073.500
1444.490 119.498
-1449.500 46.494
1310.500 630.505
1016.500 -1049.500
1394.500 -440.505
-1314.510 639.505
-1205.280 846.494
-1203.500 853.506
988.508 1103.490
1470.500 -187.497
1437.500 -370.504
1463.500 -257.500
1484.510 -210.494
1498.770 49.609
1500.020 48.866
1501.510 19.517
1505.400 -10.027
-1505.500 -61.505
1376.500 -618.502
1029.500 1103.500
1243.500 858.498
-1440.490 -462.505
1330.500 -731.503
1518.500 56.495
1461.510 -453.499
1532.130 50.707
1253.500 -889.506
-1495.500 353.506
1325.500 783.499
1526.500 -208.498
1549.500 85.503
1511.510 367.504
1551.500 120.497
-1109.500 -1091.490
1096.500 -1107.500
998.506 -1199.500
-1245.500 942.507
-1444.500 603.503
1562.500 -131.497
1571.510 -77.494
1461.500 -600.503
1510.500 -481.503
1428.500 693.497
1355.500 848.504
1596.500 -166.501
1599.500 -211.498
1615.500 101.510
1170.500 -1126.500
1608.500 -292.492
1396.500 861.497
1253.500 1063.510
1161.500 1174.500
-1555.500 -567.500
1588.500 -504.504
1200.500 -1157.490
-1425.500 -875.505
-1570.500 590.507
-1504.500 -773.505
-1590.500 608.499
1214.500 1210.500
1580.500 -698.502
1534.500 -807.497
1541.500 -833.495
1567.500 -798.499
1586.500 760.499
1543.490 -852.496
-1506.500 918.505
-1393.490 1120.500
1557.490 980.495
1442.500 -1178.510
1591.500 991.489
1482.500 -1152.490
1534.500 -1094.500
