0.501 -0.496
-9.504 17.494
24.503 33.503
-86.504 -13.501
106.504 -18.501
-17.849 107.496
-17.500 108.636
40.498 125.491
85.499 -113.500
-92.497 116.503
106.500 124.503
193.495 57.501
-179.498 -94.498
-2.495 -205.496
-99.501 181.494
74.500 218.499
-116.493 201.500
-205.502 147.499
-58.505 -249.497
-112.501 230.499
8.501 -258.495
-260.506 -65.500
230.491 -148.497
259.508 87.503
76.509 275.502
96.811 276.821
-264.501 -133.500
93.496 283.497
3.503 313.503
-296.497 -121.493
-272.500 172.498
158.496 -286.506
306.493 -149.495
337.503 58.504
-178.498 -296.502
-331.502 120.506
-359.505 -26.497
-349.498 111.497
323.496 -193.493
373.507 98.498
394.509 1.501
-330.499 -234.508
-215.500 -350.495
279.501 310.499
101.498 406.503
-319.500 271.503
-127.499 408.492
-430.505 17.502
-174.499 -407.500
434.503 91.494
-309.504 317.497
444.499 -25.496
-323.501 -310.492
-372.494 -250.508
-76.497 443.500
178.502 -416.502
-124.497 -439.500
-354.502 287.500
401.509 225.495
-162.495 432.501
-469.498 36.500
82.501 466.496
204.493 -435.502
180.500 450.496
460.505 172.499
-479.491 111.503
492.498 35.501
481.491 -130.496
-441.493 239.501
120.501 488.500
228.502 452.506
-228.502 -460.497
-328.501 404.500
191.498 -488.496
-489.503 -188.507
501.498 -189.501
158.501 518.494
331.512 430.503
-384.504 -384.500
131.498 527.506
545.504 15.499
-531.504 -169.494
-424.676 -365.863
-429.157 -360.773
519.492 -215.498
279.504 -488.498
95.497 -559.506
432.502 371.500
572.505 15.494
-418.425 398.109
253.509 521.492
-409.493 412.498
425.507 -402.503
26.500 -585.497
529.501 251.503
-587.497 6.494
-379.502 -451.494
-210.504 553.500
537.506 -258.501
-247.507 541.504
507.491 -323.499
353.494 493.508
-568.504 -218.500
-390.501 -468.495
453.049 421.006
448.512 426.494
-445.502 431.499
352.499 512.495
-614.504 -108.499
622.499 55.496
279.496 558.490
237.501 578.507
-512.499 -360.499
567.498 268.499
-425.497 -462.497
15.495 -632.506
-327.496 -549.502
481.494 425.503
-400.495 -508.503
89.501 -642.499
301.508 579.498
-295.499 -586.502
-163.499 -636.508
531.500 393.493
-451.510 486.500
-248.494 -621.491
-668.505 26.504
-169.504 647.500
45.497 -671.502
163.504 653.503
307.499 604.390
427.496 530.496
648.502 -222.503
257.497 634.496
75.500 681.499
307.505 613.504
-489.496 -484.501
352.500 593.494
691.499 25.502
293.502 629.494
531.494 451.499
-655.502 -240.496
-699.499 45.502
-266.500 -649.501
644.514 -289.499
-563.513 428.500
-385.512 594.500
-627.498 336.501
130.498 704.501
374.496 614.503
-242.505 -683.507
515.496 511.493
-73.500 -723.499
-708.498 -164.500
723.510 -89.502
325.498 657.504
-707.498 -207.499
303.415 -675.604
-669.502 -315.495
301.763 -678.527
-391.499 629.499
-499.497 551.495
729.501 158.495
-243.503 -712.507
-145.506 -743.499
-474.504 592.507
765.498 -3.503
-729.500 231.495
769.501 43.507
400.501 659.498
-386.499 -670.496
-636.501 442.504
-627.500 -460.496
-71.507 780.503
613.506 -492.501
-574.497 -539.509
572.503 549.502
518.501 -604.501
761.495 -236.499
716.503 -357.493
683.508 417.506
-13.632 807.400
-18.866 810.426
525.504 628.495
-279.499 769.502
-701.498 422.499
740.495 355.503
8.497 -822.503
431.499 -709.501
645.500 521.499
-832.512 -95.496
404.500 735.501
-728.504 421.493
41.497 843.503
574.497 622.497
-10.510 848.495
-779.506 -347.502
308.496 799.496
447.500 731.494
-716.495 -485.492
620.494 604.493
-145.501 864.505
531.495 698.504
849.493 226.501
-434.501 765.500
698.648 537.352
-245.491 -847.503
-90.489 878.489
36.500 885.499
-862.496 208.501
-829.495 -324.497
146.500 -884.503
682.500 589.504
-43.505 -901.505
-123.496 899.498
-835.502 -356.501
-189.188 889.892
807.491 -423.495
796.502 447.506
-191.499 895.497
338.500 -861.499
-857.021 -384.763
-600.499 -724.508
-868.498 362.501
-861.119 -382.078
622.499 710.497
821.499 471.495
-476.498 -825.497
473.501 827.503
407.506 865.500
389.858 874.129
-881.265 -386.457
-881.120 -386.888
454.504 851.499
624.503 738.501
-186.501 -949.500
393.497 885.497
-919.496 -315.494
-904.497 361.507
-882.991 -413.991
562.499 -801.498
-835.507 -509.486
-254.499 944.497
-648.496 732.499
125.502 971.497
-293.498 -935.500
47.501 984.495
249.499 -955.503
-970.507 176.503
979.497 130.507
-883.086 -442.021
-937.501 311.497
-929.505 -345.501
932.504 344.503
970.504 -223.503
-997.502 24.497
-446.500 893.492
960.500 281.498
1005.500 9.499
-995.496 -157.507
-536.498 862.501
1017.500 -34.504
-850.504 -558.499
-826.501 -593.503
-271.464 987.594
-376.497 -963.505
-278.506 997.509
1031.510 112.493
904.503 -510.505
-764.504 708.501
310.499 -996.501
-828.503 -635.502
579.497 -873.500
-156.498 1036.500
-687.497 -792.499
-1053.500 -8.493
-1052.500 -52.494
-531.501 -914.498
593.136 -878.333
-1028.500 -253.503
-1022.500 -284.500
919.498 535.500
-1036.500 243.506
-755.501 750.500
-999.506 398.495
-1076.500 11.503
423.506 991.494
1045.500 -295.497
-309.498 1040.500
-411.507 1005.500
55.499 1085.490
-889.501 -630.500
-399.494 -1015.500
-831.498 -712.503
-128.500 1088.500
-181.498 -1083.500
-474.505 990.498
-278.500 -1070.500
1113.500 -42.507
-935.502 -609.498
-535.504 -982.501
-926.497 -632.505
1.498 -1122.500
-111.495 1118.500
261.513 -1094.500
-817.499 -772.497
-964.505 577.503
933.503 -629.499
690.505 -894.503
-647.505 927.499
-92.506 1129.510
-1124.500 154.502
777.501 832.489
-1139.500 -12.490
818.497 -796.505
269.502 1110.500
70.499 -1142.490
-228.498 1120.500
-563.501 996.498
-9.504 -1153.500
1134.500 215.509
-425.503 1072.500
414.497 -1079.500
315.502 1116.500
-1114.500 -329.501
1027.510 -545.498
-1160.950 -66.265
1114.510 342.502
-977.503 -635.499
-950.497 -678.504
-1168.510 -65.700
331.951 1125.990
-1148.500 -257.107
-1148.500 -257.497
535.498 1049.510
-141.502 1170.500
11.493 1179.500
362.497 -1124.500
665.532 -981.498
666.263 -981.141
-510.503 1070.500
-1043.500 -565.494
669.311 -981.496
674.503 977.494
317.498 1145.500
521.495 -1071.500
630.505 -1014.490
-714.499 955.501
-298.499 1156.490
627.498 1019.490
-93.505 1194.490
204.500 -1186.500
1203.510 85.499
235.499 -1189.510
-979.499 717.493
-299.502 1183.510
909.504 -822.498
494.498 1121.500
1160.490 400.499
1227.500 -37.493
-398.500 1166.490
-1051.500 -645.498
-1185.500 -367.498
-1222.100 -224.117
-1030.500 704.499
-1229.160 -226.086
-764.499 989.506
-579.499 1108.500
1143.500 509.501
512.500 -1146.510
-710.498 1034.500
546.497 1136.500
-679.497 1062.500
-873.503 -916.501
-1040.510 -721.500
-989.498 -790.500
-1065.500 -684.490
830.852 957.999
596.811 1119.000
1140.500 556.510
699.502 1059.500
964.497 -829.500
601.260 1120.150
-1185.500 486.502
-1093.350 -671.581
-670.499 -1095.110
-670.499 -1095.500
1273.500 -179.505
843.505 971.491
1098.510 672.493
-526.499 1176.500
-763.506 -1043.500
527.501 -1183.500
1251.510 335.506
-938.502 -898.497
494.498 -1202.500
-1254.500 374.491
-978.509 -872.501
-1315.500 104.495
1242.500 -448.501
556.497 1199.490
-1218.500 515.502
-1312.500 187.499
-1062.500 -794.509
-1326.500 -15.504
-1261.500 -415.500
-1253.500 -449.498
-555.502 1210.490
-1192.510 596.502
856.501 1024.500
715.503 1128.500
1248.920 -500.117
-1345.490 77.495
-1228.500 -556.499
-1342.500 -134.500
701.495 1153.490
-1039.490 -862.496
-1163.500 686.499
-1280.500 -438.503
1262.260 -491.632
-778.499 1108.490
1268.630 -488.790
961.502 -970.498
-1340.500 -299.502
-1364.500 196.980
-1364.500 213.494
-798.497 1131.500
-1202.500 701.504
1380.490 -267.499
-1098.500 -888.502
1417.500 -22.505
-1145.500 -836.504
-1318.500 -524.503
1418.490 164.501
-998.498 -1022.500
1335.500 515.497
-905.495 -1110.500
-1439.500 196.505
1258.500 731.492
1042.500 1034.510
1293.500 705.497
-1462.500 205.505
-958.500 1133.500
-1429.500 -403.503
944.494 1152.500
-1471.490 240.501
898.502 -1196.490
-1233.500 -852.507
933.508 1174.500
1503.500 44.508
-1081.500 -1047.500
1397.500 -585.504
936.492 1200.940
991.496 1161.500
-1481.500 -385.501
-1161.500 1002.500
1298.500 -823.502
1159.500 1010.500
1509.500 -300.505
-1339.510 -758.504
-1508.500 341.498
-1472.500 479.511
-986.496 1204.490
1407.500 681.494
-1226.500 -983.496
1294.510 892.495
-1545.500 -370.499
-1553.500 405.496
-1592.490 -209.503
1109.500 1171.510
-1616.490 118.496
1599.500 316.505
-1397.500 848.505
-1143.500 -1172.500
-1110.500 1207.510
-1448.500 -789.509
-1516.500 669.498
-1496.510 -718.500
1454.500 824.497
1445.500 875.505
1585.500 -588.501
-1614.500 -503.500
1433.500 922.506
1606.500 -596.501
1318.500 1112.500
-1522.680 -832.575
1524.500 840.496
-1419.510 1012.500
-1536.080 -837.287
1510.500 -900.498
1338.490 -1145.500
1404.500 1112.500
-1354.510 -1189.500
1583.510 -906.497
1510.500 -1042.490
-1525.510 1031.500
1488.500 -1097.500
-1562.500 993.507
-1598.500 -1024.500
1476.510 -1209.500
-1558.490 -1157.500
