0.501 -0.503
53.504 -52.498
61.500 -92.502
129.503 -24.499
-32.889 -133.414
-115.501 -73.496
161.493 -13.507
180.498 60.505
-153.498 126.507
-183.495 -99.502
-143.503 -162.490
229.501 -0.503
188.493 -163.498
-139.497 232.504
226.502 174.500
-275.503 160.495
-234.504 290.503
-373.498 70.507
-388.492 54.501
-161.501 -360.502
-142.506 -390.494
258.506 -345.492
2.493 -432.500
-49.502 -436.497
-258.504 -372.503
119.498 -438.505
337.505 305.502
-47.496 472.496
451.495 -160.503
476.497 -162.499
-113.504 491.494
495.503 -104.506
-254.499 -462.494
-168.495 510.503
-1.503 -540.504
390.495 -379.494
550.497 -39.502
65.501 571.497
-534.504 -216.499
94.499 582.496
504.502 316.496
-554.501 230.508
-593.498 -116.498
622.836 66.087
626.499 77.491
-627.506 -122.501
-634.499 85.496
-10.511 643.494
431.502 -480.494
77.504 -664.500
-386.502 563.504
-686.507 -2.494
622.504 -299.507
-654.502 -238.505
637.497 -298.500
-47.503 -702.497
639.508 295.504
-659.502 -266.500
-155.499 -699.507
-619.498 367.505
631.500 -351.497
-663.499 -315.498
-435.494 -595.491
-434.504 595.493
-102.504 -731.498
722.410 199.232
653.494 -369.498
723.500 206.502
-636.494 -402.504
768.502 -15.506
-185.500 -756.499
358.502 692.501
11.501 -798.502
332.502 -727.503
-222.502 -781.500
-278.500 764.500
590.502 -586.504
830.500 73.510
516.499 657.498
-78.502 834.494
-791.503 296.500
-737.497 426.499
-853.504 43.507
-559.506 -668.499
378.504 788.499
-851.491 219.503
794.497 388.504
880.497 129.504
824.497 380.502
-833.502 -377.503
646.493 -664.508
-694.498 -617.493
196.509 -916.505
-887.499 300.499
-897.074 288.564
882.501 -338.501
-944.495 98.497
746.500 -601.502
239.495 -928.501
-166.502 950.501
413.499 -873.501
-538.502 802.498
-687.507 679.502
-193.499 955.502
987.497 43.498
776.498 617.505
952.506 -285.503
-764.502 -636.500
265.502 -959.502
30.503 -998.497
-938.500 352.501
-232.493 -978.497
371.503 940.502
947.495 -360.500
720.497 716.504
897.496 481.495
-958.496 345.500
-751.504 -689.503
515.502 880.502
-449.498 915.494
-415.501 931.501
-177.493 1004.500
250.489 -993.506
-709.503 748.495
114.494 -1026.500
214.497 -1013.500
-786.501 -679.500
-487.498 941.502
767.504 -735.502
-744.501 766.499
-18.497 -1071.490
-1067.500 -141.502
-1058.500 202.508
1004.500 -402.494
286.501 1044.510
881.497 638.497
444.501 994.501
1075.490 195.497
627.499 898.508
-565.497 -944.500
345.499 -1049.510
-1102.500 79.498
1065.500 303.501
-1098.500 140.501
931.496 -606.495
847.501 725.501
7.503 1126.500
-1133.500 11.501
1105.500 -258.497
1065.500 397.499
1107.500 282.495
375.499 -1082.500
-1120.500 235.499
-904.501 715.504
1152.500 81.498
-947.496 659.500
887.494 -741.500
-1076.510 -444.500
1152.500 174.492
854.501 796.500
1148.500 -265.504
-1180.490 -19.510
147.492 -1173.500
-137.502 -1178.500
-1191.500 48.502
447.500 -1111.500
1193.510 -132.501
1138.490 385.501
-318.502 -1161.500
22.494 -1204.500
1190.510 217.500
-1175.500 289.502
1061.500 -586.502
235.493 1193.500
103.499 1212.500
1147.500 -430.511
511.501 1114.500
-954.501 772.500
-568.502 -1093.500
-1132.500 490.496
-1083.500 -593.500
-475.490 -1150.500
1228.510 215.499
-1134.490 -534.501
819.497 -954.499
-1033.930 -720.953
-459.499 -1174.500
-1261.510 9.499
-1176.500 464.501
-1016.500 753.502
-1042.180 -726.222
-1226.050 354.176
-1279.500 28.502
-1227.510 365.501
904.498 -914.504
1220.500 -408.499
1045.510 -758.500
1047.500 768.493
1246.500 -410.500
-1309.500 212.501
1047.510 817.492
1278.510 -436.506
1269.500 463.499
780.501 -1104.490
-1317.500 -313.502
860.498 1051.510
-1222.500 607.507
-1354.500 188.497
-1179.490 -714.504
-1328.500 380.489
945.492 1012.500
-806.499 1131.500
-1185.500 -744.505
-1397.500 127.500
-914.498 -1067.500
1358.500 373.504
-1362.500 -367.500
-980.507 -1017.500
1314.490 523.500
1412.500 -188.498
1365.500 -415.502
1083.500 -940.502
920.504 1100.510
-1352.500 -496.498
-1307.500 -608.500
-1290.500 -649.498
-1339.490 542.073
-1338.840 545.363
-1453.500 -7.497
1452.510 132.495
-1411.500 366.499
-1323.500 617.505
-1397.500 430.499
-1159.490 -902.501
-1286.500 710.502
1334.500 -635.499
-1212.490 -866.499
-1328.500 674.500
-1383.500 571.500
1278.500 792.509
-1488.500 245.499
-1502.500 192.500
-1275.510 -818.500
-1061.510 1109.500
-1458.500 496.502
-1549.510 229.500
-1126.500 -1090.500
-1468.500 -634.504
1273.510 -976.501
1449.500 -693.502
1233.500 -1030.500
-1532.500 -531.500
-1194.500 1097.500
1305.500 970.500
-1540.500 545.498
1570.500 -467.500
-1106.510 -1211.490
1397.500 871.503
1440.500 798.503
-1535.510 653.505
-1450.500 -869.497
-1454.500 874.500
1522.500 -755.499
1479.500 840.493
-1335.500 -1056.500
-1505.500 -814.506
-1382.500 -1009.500
-1346.500 -1083.500
-1594.500 -707.498
-1575.490 -751.498
1545.500 -829.502
1614.500 703.499
-1621.030 -731.293
-1508.500 -966.498
-1619.510 -830.499
-1382.500 -1199.510
1441.500 -1159.500
-1585.500 -955.501
-1478.500 1134.510
1449.500 -1187.500
-1595.500 1093.500
-1598.510 -1150.500
1616.510 1171.500
