0.500 -0.499
44.501 99.500
104.494 -52.503
-128.505 33.507
140.510 157.498
41.500 220.497
207.505 -140.499
169.495 -194.508
239.501 134.507
-262.505 -162.503
120.500 -314.498
-336.497 84.501
-313.494 -153.500
200.496 292.500
117.502 339.504
360.494 -33.500
184.496 315.497
-340.499 154.497
143.505 419.495
-308.494 330.503
-376.492 -310.497
-182.509 -458.506
148.300 -473.702
144.596 -478.689
58.497 -497.502
438.500 244.498
439.121 246.684
-479.500 -162.498
-487.497 141.500
443.505 259.502
-100.508 517.499
-505.507 -165.496
252.501 473.497
-175.498 -508.491
-411.493 345.496
-437.498 330.498
6.505 -561.506
-232.499 521.503
-19.503 -605.500
595.503 -129.499
562.506 236.499
619.497 83.498
181.501 597.505
495.506 383.504
-305.501 -550.499
472.503 436.500
571.506 -307.505
543.508 -374.497
648.500 -138.504
-651.504 136.502
605.503 -280.500
30.501 669.509
-94.501 665.505
407.498 -543.496
94.602 -673.533
-585.502 362.506
-292.506 625.499
-269.500 636.506
-692.498 55.508
439.495 552.500
-724.503 -43.502
-255.503 -681.499
719.495 -136.497
502.505 547.499
-745.496 -23.502
-569.501 485.496
-740.502 -112.497
734.504 -165.501
706.500 271.510
-713.501 263.503
-698.504 329.503
-756.503 -159.505
-154.497 -759.511
-762.500 133.499
-246.498 734.501
-420.496 651.496
-337.501 701.497
-760.498 -182.497
-747.498 -230.498
-392.500 -685.502
-643.496 -463.495
-216.497 -763.505
-452.508 -652.501
-791.490 -128.499
-179.499 -782.497
88.499 -804.499
814.498 -18.509
295.499 761.491
780.501 -248.496
412.498 -710.497
-198.490 -798.498
-814.498 -118.497
-825.509 -66.497
747.507 362.491
458.501 696.499
-599.492 593.501
-833.498 -160.502
799.503 330.503
535.502 -701.496
860.504 216.502
-848.500 -279.499
-495.503 -748.505
-900.505 -35.496
885.493 211.500
766.977 499.856
763.726 507.181
-893.496 276.493
-938.503 -139.505
946.503 -92.500
-622.498 717.501
-675.503 678.503
-828.505 -486.500
-939.506 -211.499
575.027 783.095
-243.492 940.503
-187.504 957.504
958.490 -192.493
580.493 789.499
-978.495 126.503
788.496 602.503
727.501 -681.499
709.500 -706.496
283.494 -961.506
952.504 345.499
1009.500 -95.500
1010.500 -168.502
1023.070 -108.953
-686.495 -769.502
-641.493 814.499
-37.501 1038.490
638.495 -832.495
75.498 1045.500
955.508 446.501
-592.499 -875.497
-974.502 416.499
875.495 -603.490
-91.504 -1066.510
-1068.500 66.500
-275.504 -1038.500
1065.500 227.499
593.495 917.501
-693.499 859.498
1057.500 -325.501
808.504 785.501
1121.500 192.499
806.502 -804.497
565.501 -990.501
-198.502 1124.500
352.501 -1090.500
-1018.500 -533.507
1029.500 -538.503
-772.493 -876.499
-462.499 -1074.500
-681.499 -958.494
-531.499 1048.500
-964.499 -673.503
566.501 -1032.500
1120.510 -362.501
1188.490 99.500
820.509 -868.504
452.500 1106.500
316.504 1155.500
1117.500 -455.500
250.499 1183.500
-365.498 -1157.500
1149.500 -405.496
1105.500 -536.503
-1047.500 656.503
1218.500 -357.500
-1237.500 349.501
-1109.490 -651.501
-1292.500 96.500
1142.500 -621.509
652.499 -1148.500
1089.500 -774.496
-1240.500 -512.504
1255.510 -488.500
-1319.490 306.502
1332.500 -254.503
1044.500 -885.500
-890.496 -1041.500
-770.504 1133.500
-1375.500 21.501
-1217.490 -641.496
694.505 1196.510
-1175.500 731.503
1343.500 353.503
-1355.500 -324.498
-1341.640 396.242
-1350.500 409.497
-1134.500 898.495
-1010.510 1044.500
914.502 1133.500
1443.500 -256.496
1189.510 -898.499
1122.240 -982.445
1267.500 -786.504
1125.460 -984.838
1377.500 -586.499
970.505 -1142.500
912.494 1202.500
1487.510 296.497
-1324.510 737.502
1514.500 94.499
-1259.490 846.496
-1519.510 247.495
1496.500 -373.497
1535.500 158.501
1201.500 -980.500
1539.490 -267.500
-1559.500 150.505
1555.500 292.496
1152.500 1118.490
-1289.500 -959.494
1593.500 216.503
1305.500 946.503
-1432.500 741.501
-1128.500 -1156.500
1422.500 -781.502
-1613.510 311.498
-1538.510 -586.496
-1472.500 738.501
1534.500 607.499
-1510.500 -668.497
-1305.500 1017.500
1610.500 466.500
-1218.510 -1164.510
1567.500 634.499
-1423.500 -940.502
-1486.500 838.502
1443.510 -925.498
1583.500 -698.494
1503.500 -868.503
-1580.500 737.502
1336.500 -1158.500
1558.500 -888.505
1367.500 -1179.500
1404.500 1135.500
-1575.500 -884.501
1348.500 -1207.510
-1472.500 1128.500
1445.510 1200.490
1553.500 1128.500
