0.501 -0.505
35.499 0.500
52.032 32.983
-61.503 -11.501
21.500 61.504
64.691 31.495
77.498 -24.501
-87.498 -31.502
-119.498 37.501
-68.501 -121.500
81.398 -117.497
-120.499 -91.507
29.506 -151.499
88.968 -129.877
5.494 159.498
-78.501 -148.504
-164.500 -36.499
180.500 21.499
-82.503 163.500
197.505 -15.502
-130.499 -152.495
199.498 -35.500
-212.494 74.497
76.503 -223.489
-122.500 209.503
233.506 79.508
-154.498 -209.503
-204.095 183.128
-204.672 184.301
-242.500 150.496
130.500 273.504
-178.498 245.500
-249.503 192.509
-286.498 -137.499
-221.501 238.500
-279.496 167.496
217.752 247.571
-315.502 103.500
66.509 -327.502
309.500 128.503
-320.495 -99.492
183.496 -288.503
-344.504 -60.509
-273.500 221.501
148.501 320.501
-318.498 168.497
360.505 -59.499
368.500 -0.495
-337.504 152.505
-249.507 286.503
-355.502 144.495
165.502 349.508
-367.703 120.297
-90.500 376.496
-371.487 115.183
296.506 266.496
-219.494 -337.497
19.499 401.499
-113.496 -390.500
-354.503 203.497
-109.509 399.501
114.496 -402.503
280.504 -311.501
-420.009 44.971
-87.497 414.491
149.502 401.510
-308.509 309.498
-254.989 365.170
-428.499 128.499
-264.327 364.521
-20.498 451.500
-164.497 424.503
412.493 -199.507
-105.503 -450.499
0.507 464.501
396.503 249.498
-394.498 261.497
239.500 -416.503
411.500 -253.498
-427.496 -226.499
-254.350 -415.350
477.501 107.501
194.501 -459.502
-392.510 311.495
-290.495 415.487
-465.500 -202.505
-323.496 391.500
170.504 -480.498
-509.494 -64.502
-1.071 -514.760
0.228 -516.014
357.499 -377.506
89.493 -513.499
-526.500 84.496
-520.496 117.501
-32.497 -535.505
328.497 429.503
536.505 -84.492
-457.496 293.499
-516.494 200.495
260.501 -500.497
196.496 -530.493
-518.497 225.503
174.499 540.505
-211.501 527.506
558.501 112.501
-565.499 65.501
506.501 -264.493
78.296 572.463
78.270 572.531
-267.500 -513.506
-556.494 -166.501
553.501 180.499
292.504 507.506
-535.495 -240.494
227.497 542.509
483.503 -339.494
28.503 591.502
596.504 -19.498
-35.500 599.500
53.507 602.498
443.499 414.503
537.503 -289.500
450.506 -421.494
619.494 60.497
-594.504 225.493
504.510 -390.495
-35.506 642.507
643.500 -39.500
506.508 400.501
623.499 -198.501
-3.504 -654.506
-627.497 -209.502
-658.501 94.501
643.500 -180.496
354.496 575.504
451.500 503.496
325.498 -596.497
-584.031 357.610
-582.499 361.103
-526.496 -446.498
487.495 494.505
-605.496 344.494
-696.502 25.503
673.501 210.498
673.501 210.890
-236.504 -665.493
-602.093 367.965
-602.152 368.419
-680.505 196.505
-285.499 651.498
-371.507 611.496
596.501 397.503
-599.499 404.501
656.503 313.497
-714.497 139.499
-61.497 -727.492
-522.501 -519.502
-741.504 18.498
726.497 -176.505
-537.506 -521.501
-738.495 149.495
466.503 -597.501
-542.794 -528.267
757.499 -67.504
116.503 -752.501
588.503 483.506
136.495 750.495
-744.504 172.502
671.499 373.498
-756.499 133.498
-718.498 277.499
-106.500 769.500
-675.502 393.501
-288.502 -731.504
717.509 341.501
-478.500 -634.497
-436.499 -668.503
581.497 -548.492
601.005 -527.994
-794.499 87.506
607.500 -522.501
314.496 -745.507
777.501 223.499
-704.505 -401.501
-816.503 -10.498
768.498 -289.507
805.495 -172.500
123.499 -815.497
-634.501 526.500
266.496 -782.504
-813.502 162.500
623.495 -554.499
272.503 788.498
725.495 417.496
-107.507 829.499
-193.502 815.503
-843.494 116.505
707.501 479.497
488.511 -712.501
-807.505 307.502
665.498 559.501
-689.505 529.502
-479.506 728.495
270.502 -841.501
-109.507 -877.501
-324.495 822.503
845.502 -277.502
-349.501 -823.504
-726.507 521.504
-447.499 781.504
447.507 782.505
-589.502 682.496
684.497 -591.499
231.501 -878.499
847.502 -328.497
-842.499 342.503
-793.495 -449.498
-391.498 823.499
799.497 440.510
-915.499 -1.493
-913.505 -68.502
-56.498 -916.497
908.504 -143.500
670.498 -638.499
-108.501 919.503
-924.498 69.496
659.495 652.504
871.500 328.120
79.505 927.497
-546.496 -758.505
-308.500 -891.498
-447.500 830.501
895.499 317.502
297.502 904.506
-900.500 -315.504
908.504 -309.501
422.500 -862.498
698.496 658.510
-959.500 30.501
818.492 511.495
112.496 -959.497
-916.491 308.497
937.496 242.497
964.494 -92.499
-17.498 -972.497
-56.495 970.501
914.498 339.493
827.499 -525.504
-55.503 -978.497
622.502 -775.498
955.505 285.499
997.497 73.501
-779.489 -634.497
-668.497 -755.496
-900.503 456.503
803.504 613.505
-844.498 562.503
372.499 944.499
573.491 -843.496
892.496 -498.501
855.502 -564.499
-131.502 -1020.500
631.499 -815.500
365.503 971.496
559.497 876.500
-177.496 -1025.500
-526.498 -901.500
430.507 -955.502
-936.496 469.500
900.318 -540.233
707.501 -776.502
900.992 -542.469
-279.502 -1017.490
-1004.500 323.497
-1003.500 -339.507
987.503 -391.500
-303.500 1018.510
934.492 -529.502
582.500 901.506
970.070 -465.053
560.495 -919.500
879.499 620.506
-1047.500 -251.497
288.502 1038.500
974.658 -465.733
482.504 -967.503
211.502 1060.490
1023.510 -373.496
-653.460 -875.378
-1092.490 -89.496
1097.500 -62.503
-659.112 -879.265
-1005.510 446.503
-908.500 -626.508
798.502 765.501
-1108.490 -111.496
-631.500 918.504
-864.501 -705.509
892.502 -671.499
185.498 1101.500
306.502 -1076.500
-697.504 876.497
-236.895 1096.100
-989.501 531.505
498.506 1008.500
-467.501 1024.500
-1124.500 -68.499
-1123.500 100.500
795.507 -805.500
-1069.500 -381.493
982.503 573.503
1094.500 -315.500
941.503 648.497
866.504 -748.499
-1024.500 527.504
-1111.500 310.495
430.503 1075.500
-836.501 805.504
692.499 936.505
-896.497 745.489
1148.500 -216.499
-1134.500 280.500
-1103.500 387.507
-939.507 -706.502
117.500 1171.500
-1052.500 529.494
-811.500 856.502
-605.490 1021.570
-605.037 1022.210
1093.500 468.501
1099.230 459.292
-1070.500 524.498
-1155.500 -299.499
401.503 -1128.500
-1057.500 566.506
1194.500 -213.671
-803.505 911.501
-1157.490 372.497
264.500 -1189.500
-722.499 982.499
1188.500 -319.504
-1134.500 -493.498
-1233.500 132.499
-1201.500 317.499
-892.497 867.503
1054.500 -668.495
-1255.500 -30.501
1063.500 671.502
-980.495 786.501
-1106.500 607.502
850.495 937.501
-773.509 -1008.510
1069.500 -700.499
1278.490 67.493
-1277.500 -73.496
478.970 1192.020
1264.490 237.505
-1196.500 470.497
1168.500 -539.507
830.499 988.506
1273.500 -222.490
-1285.500 155.492
1236.500 403.496
1287.500 -187.503
993.497 -845.502
681.497 -1113.500
-1281.500 -253.498
-1213.500 496.500
1301.500 -203.500
-1007.500 851.498
1101.510 743.503
1272.500 -385.494
-1269.500 411.500
1326.490 158.504
-1241.500 490.496
1262.500 439.507
566.504 1211.500
-888.509 1008.500
967.500 936.504
1113.500 -763.501
1345.490 121.502
-1315.500 306.498
1070.500 825.499
1243.500 -532.505
-1211.500 612.497
-771.502 1117.500
-801.496 -1102.500
761.501 -1132.490
-1333.500 286.503
-824.495 -1090.500
-1071.500 849.505
1003.510 -939.499
957.494 989.500
-662.502 -1207.500
1300.510 472.501
1090.510 -853.496
-1369.510 200.498
889.502 -1062.500
1038.500 925.506
1332.500 -404.503
1218.510 679.503
-1396.500 73.498
-792.503 1157.500
-1253.500 632.498
1279.500 -581.504
-1360.500 349.507
-934.495 1050.490
-1298.490 556.499
1010.500 -991.505
735.499 -1210.500
1401.500 -222.505
-1271.500 629.492
-1415.500 105.503
-1332.500 -495.508
-1304.500 574.499
-886.502 1118.020
978.500 1044.510
1384.500 374.500
1345.500 -502.494
-1424.500 -198.497
-1312.500 -597.496
-1430.500 -220.496
-1447.500 -20.504
-1085.500 -963.503
1338.500 565.506
1413.500 -348.493
-1245.490 -757.502
1423.490 341.503
-1445.510 -234.493
-1234.500 797.506
-1370.500 -540.500
-1124.500 951.502
-1027.500 -1062.500
-1452.500 -291.508
-1485.500 -18.505
1383.500 545.500
1488.500 -18.497
1462.500 304.504
-1474.500 -248.501
1370.490 -605.503
1444.500 400.505
-1197.500 909.505
-1495.500 171.500
1228.500 -872.505
-1403.500 551.503
1268.500 -825.497
1479.500 330.507
-1363.490 685.508
-1175.490 976.496
-1440.500 510.496
-1520.500 155.497
-1058.490 1102.500
995.503 1168.510
1119.500 1059.510
1413.500 -616.499
1521.510 -268.500
-1239.500 921.499
1091.500 -1106.500
1461.500 -534.495
-1540.500 -274.502
-1503.500 439.503
-1437.500 -624.494
-1470.500 552.497
1545.500 -292.498
1342.490 -828.501
1115.490 1118.500
1578.510 72.500
1439.210 669.674
1263.500 -965.501
1428.500 707.500
1446.670 670.232
1580.500 -252.503
1513.500 -554.500
-1466.700 668.468
-1321.510 924.502
-1587.500 298.496
-1472.250 664.614
-1412.500 -789.506
1423.500 -778.504
-1137.490 -1162.490
1542.500 -549.497
-1599.500 352.498
1492.500 -699.496
-1580.500 497.500
1505.500 700.494
1319.500 -1009.500
-1235.500 -1112.500
-1462.500 789.501
1332.050 -1003.350
-1235.490 1149.510
-1342.500 1030.500
-1430.510 922.506
1611.510 -578.500
1379.500 1022.500
1569.500 764.498
1533.500 918.497
-1356.500 -1164.500
-1497.500 979.498
1500.500 976.500
-1504.310 972.399
1348.500 1197.500
-1529.560 979.200
-1524.490 990.500
1497.500 -1033.510
1528.500 1023.500
1503.510 -1070.500
-1601.490 955.503
-1567.510 1035.500
-1599.490 -1198.500
