0.503 -0.500
-129.494 37.499
53.494 144.501
-9.502 -156.502
-61.497 147.505
-153.506 -112.503
-234.500 60.504
134.502 -206.510
90.498 -244.501
263.488 61.496
-235.494 -135.497
-223.499 183.501
163.501 266.498
48.499 317.498
338.497 -2.498
228.503 272.497
268.496 238.499
-329.507 143.502
249.507 266.500
9.501 365.503
378.502 -61.495
-300.499 -255.496
377.498 -123.498
-41.498 398.499
342.499 241.501
221.504 -365.499
-365.496 223.506
32.504 433.502
220.495 -387.501
170.495 427.494
205.502 412.500
-258.507 415.502
142.502 -474.499
487.494 164.499
-129.500 -501.501
-275.502 437.505
165.504 -497.503
-257.504 486.489
534.500 -165.503
-272.495 489.504
-220.504 -534.496
567.500 -136.500
-340.499 -480.506
-590.501 -8.503
276.504 525.501
-495.505 354.497
439.496 430.494
214.501 -593.509
-603.501 -222.502
-57.505 -642.499
-642.514 138.498
650.501 -115.498
-296.505 -595.499
-563.501 -359.503
552.496 -412.494
-515.499 461.503
-666.498 -187.498
-498.504 -490.507
-689.497 -155.500
516.499 -492.506
-644.499 -328.502
-67.495 734.504
-605.493 -425.499
145.501 738.507
-752.495 -64.505
-619.495 -442.503
-382.504 658.501
-772.501 -32.506
-773.501 -92.501
-406.498 667.505
-639.493 -459.503
298.505 735.508
-350.499 713.505
671.497 437.496
765.609 -248.768
767.063 -253.716
-186.497 -786.502
11.498 808.500
-814.500 -14.506
-281.502 766.505
-811.499 -105.499
-227.500 -788.503
210.504 -798.496
786.497 257.501
795.501 -232.498
-643.491 525.496
-590.502 -596.492
814.504 -210.500
72.500 852.501
530.504 -686.503
493.496 -714.500
365.494 -790.501
791.494 -375.503
518.506 -709.505
-184.688 858.136
765.508 -439.498
-179.494 867.499
324.507 825.502
809.504 -382.498
746.505 -499.496
878.502 -192.502
800.505 -420.497
263.498 866.508
558.504 713.503
-861.499 -302.501
-916.506 -103.504
-893.492 245.501
-807.500 462.503
368.501 857.507
511.504 -784.506
399.497 846.508
-906.501 -239.498
-399.497 -852.497
-228.501 -913.505
-619.501 -713.505
830.497 457.496
-141.490 -943.508
896.493 344.507
247.509 -933.498
-57.227 967.225
29.501 -975.505
-54.503 974.505
900.502 -419.500
-986.501 127.499
315.506 944.503
485.499 -874.501
-863.497 -504.498
-680.506 732.495
-999.506 -65.503
284.493 977.499
926.500 -425.504
-955.500 -378.496
-957.498 384.502
875.506 -550.509
1053.500 13.494
-718.500 -774.506
-934.503 495.491
-1034.500 231.501
1023.500 291.495
-1062.490 -125.499
-1040.500 -252.506
554.500 -921.495
1046.500 -254.496
-602.499 895.504
1051.500 286.500
-870.504 -667.502
-1065.500 -261.502
-112.504 1094.510
1061.490 -294.501
-522.504 -970.491
370.498 1039.500
552.498 966.500
-992.495 503.492
959.499 567.501
310.500 1073.500
-17.498 -1120.500
-1100.500 213.498
-679.496 901.501
87.497 1128.500
511.498 -1011.500
-176.500 -1130.500
60.498 1146.500
-717.498 899.495
-411.505 -1087.500
760.501 884.505
-805.500 843.497
1150.500 -209.500
-643.497 978.501
1071.500 482.501
1173.500 -154.497
-1155.500 256.498
985.492 659.499
-242.499 1160.500
505.496 1081.490
970.501 -698.508
-0.494 -1201.500
-807.504 890.504
-813.497 -894.493
-1066.500 -569.503
-85.504 -1207.500
1162.500 -338.502
-1198.500 205.504
1160.500 371.497
-396.490 -1157.500
-1205.500 -207.493
-1185.510 -310.497
-568.496 1090.490
-1090.500 575.502
-920.380 825.585
-1185.500 -392.497
-773.500 -982.496
-385.499 -1190.500
-1243.500 186.500
1256.510 -82.496
561.501 1128.500
-1108.490 612.503
1116.500 -607.498
-419.504 1202.500
1182.500 -490.496
-1283.500 -5.503
1268.500 211.503
-856.502 964.494
1193.500 597.497
1329.510 129.502
-1053.500 824.501
-1233.500 525.504
-963.501 -946.494
-912.497 -1004.500
-1004.500 917.498
770.493 -1134.510
1303.500 436.503
-1224.500 624.506
-1003.490 -947.506
-1316.500 -484.494
1121.500 -855.496
951.502 -1045.500
-1257.500 -646.501
-1404.510 -168.496
-1090.490 908.497
1408.500 199.505
1271.500 -648.502
-1421.500 -276.503
1172.500 -870.506
-1192.490 -867.506
1118.500 963.507
1096.500 -996.503
1283.510 -747.495
-1326.500 -681.496
-1453.490 -336.499
1344.500 -684.503
1067.500 1086.500
-1471.500 425.504
1249.500 -893.506
-1394.500 -647.501
1147.490 -1025.500
-1014.500 1163.500
1548.500 76.500
1561.500 108.496
1049.500 1162.500
-1569.500 -160.505
1586.500 -141.495
-1586.500 -135.501
1598.500 71.504
1073.500 -1212.500
1316.500 944.504
-1375.770 -875.957
-1379.900 -873.232
-1445.500 -903.498
1264.500 1182.500
-1297.500 1173.500
-1319.500 1159.500
-1547.500 881.501
1567.500 -957.497
1513.500 1050.500
-1613.490 1022.500
