0.499 -0.499
28.501 49.497
72.499 -22.497
-10.498 78.492
115.501 18.503
-109.497 -84.502
-125.499 133.503
167.761 133.024
174.497 149.502
230.501 29.490
-226.498 -48.503
126.505 -207.492
189.501 161.497
-250.500 60.501
-266.500 -42.505
47.507 -283.501
284.502 -57.500
-304.497 -83.503
-296.506 -166.499
211.497 270.509
-219.506 292.495
-264.496 273.500
-293.659 -246.370
-307.502 -237.502
310.493 265.498
-220.494 -347.498
-300.505 -286.500
225.502 348.499
-280.499 -307.503
-361.505 -209.500
-137.504 -397.495
255.493 339.507
-415.495 -157.500
-199.505 404.500
120.502 459.499
-300.501 385.504
-386.502 303.496
-488.502 -71.501
-478.494 -131.502
346.502 367.507
435.504 267.506
-190.505 -480.499
-349.498 388.499
-514.983 -94.538
-516.393 -89.732
-462.500 248.503
-473.499 -228.497
351.493 -400.499
-390.499 365.505
-306.504 -444.514
316.498 -447.501
1.504 559.500
-554.500 83.497
-526.504 198.505
-481.495 -296.496
-23.496 -573.503
505.499 -291.506
69.492 578.502
414.500 -418.504
-477.498 -366.502
604.500 -12.493
540.493 -285.502
503.149 354.065
-250.501 -562.498
-334.501 -523.505
-503.498 -363.499
-412.498 468.500
-374.505 499.491
-625.502 -47.498
35.501 629.499
-595.498 209.499
446.494 447.498
153.500 -617.502
411.500 -485.493
-631.499 -88.489
513.498 379.503
-294.500 -567.501
-230.504 -597.504
647.497 -9.495
552.500 337.500
640.497 -146.503
664.499 23.497
-4.498 670.501
346.503 580.502
594.503 -328.504
141.500 -666.500
-610.503 -335.497
243.491 -668.496
-645.497 308.503
-714.504 -47.504
375.499 617.501
169.502 -709.493
-546.507 -482.499
-574.499 469.503
-703.502 250.502
-463.497 -591.503
-753.503 -28.503
-446.502 611.496
-742.503 -184.499
-686.499 355.504
-382.501 -677.506
-770.497 121.502
15.505 -781.501
-778.923 113.534
150.499 -775.499
-286.498 -739.501
-792.500 -18.498
-780.494 -146.500
192.296 -777.184
192.966 -779.408
362.503 -720.500
682.499 449.501
-799.499 -188.505
-794.504 -234.495
-235.499 794.496
-712.509 423.501
-426.499 -714.498
711.501 436.505
343.498 -763.498
809.497 222.497
824.501 176.497
-366.504 -764.492
-689.501 -495.502
-821.501 -231.502
653.506 551.496
-501.498 707.495
849.499 189.499
870.499 -20.498
-111.500 -863.497
58.001 -870.504
-697.497 534.501
844.502 -250.502
133.505 -872.496
-707.497 -538.494
-804.495 379.502
31.500 895.504
696.498 -566.501
-529.500 725.502
-234.499 871.501
-22.498 -913.506
-714.498 570.501
-268.490 875.020
-424.498 815.500
204.498 -899.502
903.496 -247.507
-86.496 932.499
-403.497 -847.496
579.498 -739.493
356.500 -874.507
-938.498 -97.500
-849.496 -413.501
568.501 -756.496
275.501 -910.500
360.579 -880.671
-841.495 -449.500
-879.500 377.506
-519.494 -808.497
-873.501 -409.496
-801.499 539.510
-293.205 -922.709
-292.264 -923.741
695.493 674.498
579.493 776.494
-944.507 239.499
-378.500 898.498
885.492 427.494
224.491 -961.503
-868.496 476.495
829.506 -552.497
649.496 -758.499
-984.498 185.501
-972.503 249.505
994.502 159.499
-108.501 -1002.500
-969.357 275.039
-994.497 -175.498
432.494 -915.504
649.493 -777.497
439.494 912.495
-845.495 -560.498
730.488 -711.493
-522.504 -879.501
17.502 -1023.500
37.498 -1024.490
-924.510 440.491
-645.505 815.505
768.495 702.497
-1024.500 -205.493
-1034.500 187.501
256.503 1024.490
-850.501 -631.505
-509.504 929.502
-487.505 942.496
502.501 -937.502
911.500 549.499
-170.497 -1051.500
255.489 1044.500
-1000.500 -403.498
-900.503 595.497
-947.504 -532.498
726.504 -813.498
-1005.500 426.500
569.498 -936.500
-986.503 480.493
-694.492 -854.495
-186.498 -1088.500
-211.501 -1084.500
-1097.500 -169.505
373.494 -1050.510
500.503 1007.500
227.499 -1104.510
-442.507 1036.500
-698.102 -889.189
-697.802 -890.355
-986.498 563.501
1129.500 -157.501
-855.505 -754.494
833.500 786.494
352.497 -1093.500
-565.504 999.506
-1107.500 332.495
-1054.500 478.505
-921.488 702.502
-709.567 -919.566
192.495 -1146.500
972.499 -639.504
572.500 -1014.500
-267.500 -1142.500
-1113.500 -369.510
132.499 -1168.500
243.503 -1157.490
1181.490 54.492
593.496 1024.500
-922.500 742.499
-857.500 -821.504
-1187.510 75.507
-711.505 -957.506
-183.508 1181.500
-270.021 1164.940
1193.500 -138.498
-268.508 1170.500
-743.506 -945.497
-329.504 -1159.500
-439.499 1123.500
-963.499 -727.507
1032.490 626.500
-1013.510 657.499
721.503 -975.500
-686.500 1001.500
-564.496 -1080.500
351.497 -1170.500
-406.502 1159.500
604.502 -1074.500
-878.501 864.501
557.504 1103.500
-1075.500 -610.499
-1158.500 431.499
-1158.500 431.889
298.500 1200.500
-816.487 -950.499
-1019.500 727.508
428.506 1185.500
-922.499 -863.501
550.495 -1147.500
1268.490 -111.492
808.501 988.499
-1020.510 -780.503
1224.500 -392.501
831.494 -981.502
997.501 -821.497
-1295.500 -62.494
1173.500 560.504
894.497 945.498
1302.500 47.503
492.494 -1209.500
618.499 -1155.500
-821.497 -1034.510
-667.496 -1140.500
1322.500 76.501
-971.497 916.510
597.499 -1209.500
-1043.510 857.500
-1236.500 546.500
1042.500 886.501
-791.099 -1121.900
-791.070 -1121.960
-763.503 1146.500
1010.500 -938.497
-1379.500 47.498
-954.494 998.498
-1355.500 -273.496
1279.500 -539.501
-1367.500 -291.495
-1348.500 -381.500
1358.490 -386.495
-1312.500 520.502
-1346.500 439.502
1158.500 816.497
-1314.500 -533.503
-1220.500 735.500
-1398.500 -276.506
1252.500 -686.510
1322.490 547.499
-1419.500 -204.497
1250.500 -710.502
-1352.500 -495.504
-975.506 1059.500
-1056.490 -980.497
-1232.500 -756.504
-1441.510 -165.507
-1436.500 257.495
-1460.500 81.504
-1367.490 -523.503
-1351.500 606.495
1351.500 639.499
-1452.500 383.502
-1240.500 853.498
1441.490 439.503
1427.500 -495.500
-1450.490 438.496
-1089.510 -1071.500
1069.500 1093.500
-1059.500 -1105.500
-974.063 1181.140
-973.961 1181.550
1326.500 771.499
1495.500 350.506
1149.500 -1027.500
-1411.500 -621.501
-1478.500 -443.502
1178.500 -1002.500
-1538.500 172.503
-1141.500 1058.510
-1539.500 -241.498
-1195.500 1027.500
-1576.500 -156.501
-1283.500 -938.498
-1579.500 250.500
-1295.040 940.775
-1295.250 942.914
-1399.510 801.498
-1578.500 -341.497
-1237.500 1041.500
-1324.500 -936.498
1504.500 609.501
-1292.510 -983.492
-1574.500 -399.501
-1555.500 482.496
-1488.500 -677.497
1172.500 1144.490
-1300.840 -1051.720
-1300.550 -1052.120
-1300.500 1053.500
1208.500 -1166.500
-1531.500 697.491
1312.500 -1076.510
-1538.490 -728.508
1225.500 -1200.500
-1524.500 -800.505
-1493.490 878.496
1581.510 -743.490
1600.500 708.501
-1609.510 688.503
-1422.500 -1047.490
-1542.500 -911.505
1482.500 1055.500
-1595.500 929.502
1451.500 1154.510
-1501.510 -1174.500
-1501.500 1186.500
-1595.500 -1085.500
-1583.500 -1167.500
