0.495 -0.496
-6.494 102.503
-97.496 51.496
-127.503 77.505
-141.513 143.504
144.502 -142.507
97.498 194.503
245.497 -18.497
-127.494 -225.491
156.503 218.497
-30.497 -273.503
0.502 -321.498
352.503 196.502
-372.500 -154.496
-75.490 396.507
-324.495 246.501
292.497 296.499
-376.498 -190.499
-144.501 -398.491
-130.506 -413.509
448.507 71.504
418.496 -180.490
-65.499 -451.502
462.499 2.498
251.502 392.499
31.498 -468.497
-297.501 374.499
469.497 97.497
397.499 -269.498
198.499 -444.504
-153.497 464.501
-440.499 -214.499
-102.500 481.507
267.503 -422.497
438.501 -240.495
-369.500 -349.496
352.501 -379.507
50.495 -520.496
-289.500 -436.500
25.502 -524.501
-12.499 526.500
-342.497 -406.495
-210.497 -489.501
-282.496 -456.500
463.501 -272.501
-534.501 123.500
-553.497 166.501
-395.497 -430.500
578.494 142.501
-515.498 -304.506
-487.499 -358.499
-373.505 -494.500
621.496 -57.500
366.497 -506.504
25.498 -625.502
-453.504 -431.503
614.493 -139.504
96.500 -625.507
-490.502 403.503
-543.503 -337.502
385.496 -519.499
108.501 -646.500
-654.500 -7.498
-351.500 -563.501
-308.496 587.497
-225.492 -631.494
668.502 76.501
-575.501 -350.502
672.503 152.499
453.498 522.503
302.505 -623.491
-418.501 -562.496
-535.502 451.503
620.496 -341.496
206.498 692.508
-469.498 -557.499
466.504 -561.499
38.503 731.499
-424.494 599.498
-121.501 -737.511
-708.501 273.501
-567.499 -516.506
-135.502 -758.495
459.501 626.500
541.504 -579.503
-176.497 -780.496
-752.495 -282.499
350.499 -724.502
-783.507 184.497
-215.506 -778.499
689.499 -436.494
-304.500 -757.495
-281.505 768.497
-815.500 -137.498
36.505 -829.488
743.506 377.492
403.503 731.498
780.502 -325.499
-754.505 -383.499
-241.499 -820.499
-304.498 -811.501
-864.159 -74.412
621.508 -615.495
-866.497 156.497
-713.498 -540.501
888.499 134.499
813.498 386.498
185.504 -884.502
671.502 606.498
885.509 226.506
914.503 -13.500
-650.505 647.503
-539.498 -747.501
579.502 -718.500
750.499 539.500
-622.497 -704.499
-496.498 797.502
811.499 -479.503
580.499 -763.499
-361.506 889.500
-954.499 122.504
-697.506 -665.501
944.503 -216.502
633.513 734.495
578.497 -785.505
523.510 -829.503
747.491 -639.503
-134.498 -978.501
934.505 -323.500
909.499 406.502
468.495 887.501
-960.503 298.493
1010.500 -14.496
-504.502 -876.508
-984.499 235.504
-771.507 -663.499
384.497 -944.501
-566.501 -847.500
873.501 -535.499
938.496 413.502
-978.500 305.504
-67.499 1026.500
-445.497 -931.495
1032.500 50.500
829.492 -621.499
-804.506 -653.501
537.494 -894.501
382.491 986.497
-143.503 1050.500
384.495 -999.497
436.496 -999.491
-1020.490 -396.501
587.495 -932.502
-1107.500 100.492
-1120.510 25.498
-1008.500 492.501
1065.510 -358.494
-661.504 910.493
163.869 -1115.650
803.501 -791.501
174.823 -1118.880
-548.497 -993.500
950.501 635.503
226.505 1124.510
-1078.490 -394.500
-267.500 1117.500
762.493 867.500
-662.505 -946.494
468.498 -1064.510
1160.500 93.503
-445.504 1075.500
110.505 1160.500
-1139.490 246.499
464.713 -1070.750
424.501 -1089.500
1126.500 321.499
-1043.190 -537.119
1161.500 172.503
-1046.780 -535.256
1065.500 498.502
902.503 761.494
-1060.500 -525.497
-322.499 -1148.500
447.501 1108.500
942.498 -742.497
-1039.510 607.489
-150.505 -1196.500
-603.502 1043.500
87.495 -1208.500
-1208.500 80.493
-242.503 -1194.500
142.714 -1212.650
885.496 843.497
1102.500 532.500
-1037.500 -653.496
-314.494 1186.500
-1113.500 -521.498
1185.510 -369.499
-1166.500 -435.502
993.508 -754.500
1144.500 509.497
-355.500 1208.500
519.505 -1152.490
-1247.490 239.503
1140.490 585.501
1145.500 -585.504
-433.506 -1212.490
-887.506 -937.501
-713.499 -1080.490
-543.495 1179.500
-1044.500 -773.496
992.502 -843.501
-680.504 1116.500
1198.500 -558.494
-1060.500 -791.494
-1268.500 382.498
-1269.500 -392.504
1304.500 -297.497
691.506 1153.510
-1216.500 572.501
1121.500 -744.499
1153.500 -694.497
-1295.510 -375.506
1175.490 -664.500
-1344.500 -144.494
-1241.500 559.493
693.498 -1191.510
-899.497 -1051.500
-1087.500 -857.502
-934.502 1022.500
1389.500 -34.504
926.504 1037.500
714.501 -1212.500
1331.500 -458.494
1037.500 -956.497
1137.500 849.504
-1338.510 -479.506
-997.503 -1021.500
-1123.510 -882.499
-1419.510 -188.499
-1430.500 88.495
1428.500 -193.504
-1338.500 -545.504
-1417.500 -317.501
-1071.500 -985.498
-955.501 -1105.490
-1241.500 -770.505
1246.500 769.498
1330.500 -616.507
-1298.500 694.498
-1393.500 -488.504
-861.500 1206.500
1369.890 576.161
1369.940 576.065
-1404.490 507.514
-1436.500 -423.499
1429.490 -454.499
-1470.500 303.500
1153.500 -963.509
-1497.500 153.504
1051.500 -1085.510
-1090.500 1044.500
-1105.500 -1033.500
-1205.510 946.506
-1375.490 679.499
-1125.500 -1051.490
1542.500 -51.498
-1438.500 556.499
1431.490 615.500
-998.503 -1199.500
-1540.500 251.496
-1571.500 -99.505
-1473.500 -558.504
1124.500 -1126.500
-1197.500 1049.490
1412.500 -746.498
1091.500 -1181.500
-1588.510 263.501
-1380.490 -831.501
1499.500 597.500
1593.500 -282.495
1214.500 -1072.500
-1279.500 1001.500
-1283.500 -1013.500
1577.500 477.501
1561.500 -541.497
1534.500 652.499
-1370.500 -963.497
-1493.500 -762.498
1562.500 -613.503
-1526.500 -729.503
-1437.490 -892.498
1506.500 781.498
-1352.510 -1040.500
-1445.500 -924.502
1469.500 -889.499
-1394.490 -1056.500
-1493.500 -914.502
-1473.500 -955.493
1401.500 -1061.500
-1297.500 -1200.500
-1346.500 -1145.500
-1535.500 -915.497
1456.490 -1084.500
-1496.500 -1027.500
-1464.500 -1122.490
-1515.500 1055.500
-1506.500 1116.500
-1597.500 -1028.500
