0.509 -0.499
19.500 -12.508
-22.503 -37.499
-2.502 50.494
47.504 -47.502
68.503 -4.492
41.497 -68.505
92.496 59.506
75.500 81.503
-66.496 89.505
-113.507 -2.503
46.497 -115.496
-123.499 -70.497
-51.494 -147.502
135.506 150.500
80.505 234.508
-114.500 250.497
-201.501 204.510
184.502 224.503
282.504 -88.496
308.498 -89.498
-59.497 -344.504
112.501 -354.496
143.498 354.499
-19.500 383.501
342.503 209.505
-231.505 -355.500
166.493 416.497
388.504 -251.502
-387.502 256.502
473.501 -106.500
-488.500 -115.495
485.499 134.501
-465.504 197.498
-416.495 -300.505
278.496 438.493
-75.495 524.497
490.499 205.499
-202.505 -494.501
523.500 -122.495
-323.505 -448.501
419.500 392.498
-311.499 482.491
-412.499 -420.500
-385.500 450.503
446.498 404.503
267.506 -571.499
32.498 -635.491
310.507 558.500
425.501 -500.500
-393.395 534.659
548.494 379.497
-398.499 547.501
-597.503 331.494
213.501 -655.499
691.498 55.490
321.506 -615.506
-555.506 414.507
562.497 -432.499
-58.496 -718.496
296.496 667.500
-663.497 -320.502
563.492 -484.504
-749.499 85.498
-650.503 -396.501
105.502 -755.499
-109.497 756.504
456.501 -639.499
-621.504 479.506
-665.496 424.500
235.502 756.504
-779.504 210.499
-813.507 0.502
12.492 -814.498
823.501 2.499
291.495 790.499
-507.489 -690.494
-211.495 833.501
481.502 713.500
-183.506 -846.500
655.511 566.496
483.505 -728.499
-612.500 -648.498
887.499 99.501
607.507 677.503
-338.499 846.507
497.498 -767.502
518.498 -755.500
547.491 -738.493
-724.499 -572.499
902.505 226.498
929.496 -68.499
286.502 888.491
633.499 687.497
-811.505 465.494
710.504 -613.504
744.505 -574.497
-924.498 211.499
573.494 758.496
-428.497 855.501
809.503 -520.501
242.498 935.501
794.505 551.503
905.495 -343.496
-968.505 -26.499
-461.498 853.500
-702.499 678.502
-270.496 944.503
-399.499 -899.498
-805.501 574.503
200.501 -974.502
-156.510 988.495
-891.499 -461.499
-473.504 -886.499
979.498 -227.505
1003.500 147.492
-548.504 858.492
-894.499 -489.496
-721.497 724.504
672.504 786.496
-911.505 -502.500
904.756 -519.747
1029.500 -176.503
910.129 -514.540
-460.500 946.506
386.500 -984.496
1005.500 343.497
-543.506 -915.507
-788.500 -738.506
822.115 -708.048
-1028.490 -343.502
824.502 705.501
282.509 -1077.500
-1105.500 -131.503
1111.500 109.497
1077.500 310.506
-27.504 1125.500
1092.500 283.496
-792.499 -804.499
1048.500 425.509
-1132.500 26.508
-288.500 1105.510
-670.501 -926.499
795.508 -839.506
-312.499 -1113.500
-21.500 -1160.500
-1137.500 251.492
-1097.490 -427.495
960.501 700.499
-659.502 -995.502
426.500 1119.510
566.498 -1058.500
-866.498 850.489
705.502 999.497
205.500 1207.500
1224.500 -88.510
-785.494 965.501
-1028.490 -729.498
-1173.490 -467.499
-821.494 -963.508
1181.510 472.496
-1123.500 -596.504
768.505 1015.500
1119.500 612.504
-415.504 1211.500
-1184.500 495.503
-626.499 1135.500
-740.500 -1073.500
-994.498 884.502
-1225.510 -559.498
-714.502 1146.500
1193.510 -642.494
-1166.500 -703.503
-1247.500 -561.502
-1183.500 695.498
1363.500 202.504
-1254.600 -570.480
-1114.510 -811.498
1364.440 204.624
-1062.500 -880.499
1371.500 217.498
782.504 1190.490
-1065.500 951.494
1171.510 -820.503
984.500 -1050.500
943.496 1096.490
-1403.500 -360.503
-1452.500 -154.501
-891.501 -1158.500
-1384.490 476.504
1384.500 -491.505
-1109.500 -963.506
-1131.510 943.495
-866.508 1193.500
-1476.510 -34.503
-1480.230 -51.408
-1480.500 -52.880
1429.490 -424.507
-1484.500 145.500
1437.500 408.499
1457.500 347.500
1280.500 782.500
-1492.510 164.502
1489.500 -233.507
-1170.510 -963.506
1418.500 540.495
-1166.740 -974.192
1513.500 176.491
1475.500 -402.499
1072.500 1100.500
-1091.500 1094.500
1556.510 -1.495
1317.500 -842.507
-1014.500 1194.500
1554.510 -253.502
1493.500 529.506
1041.500 -1203.500
-1427.500 -704.500
-1201.500 -1074.500
-1411.490 785.500
-1436.500 745.492
1466.500 698.497
-1561.500 -555.502
-1508.500 713.495
-1618.500 -440.497
-1436.500 883.500
-1620.500 470.504
-1559.500 766.501
1419.490 -1010.500
1304.490 -1159.500
1529.510 -892.498
1298.500 -1204.500
1555.500 -869.507
-1448.500 -1061.500
1530.500 1159.490
