0.496 -0.495
-68.493 -8.498
-43.500 64.500
-101.505 -16.499
-52.505 -159.496
10.502 173.506
-179.490 -39.493
-173.497 -79.503
-228.495 16.501
207.497 -174.498
254.495 -122.496
231.497 -178.508
-271.847 -113.801
-271.890 -113.894
312.504 -62.499
129.502 294.497
3.500 -345.499
-350.498 -47.498
390.740 38.363
394.498 47.504
-373.500 155.504
130.496 -386.500
-385.498 -135.495
293.501 292.500
-421.509 -69.496
-352.506 261.505
-141.497 -428.505
362.499 -322.509
-258.501 -415.496
377.491 -322.498
423.505 260.500
164.498 -489.499
-311.499 -416.504
495.414 159.226
367.501 -373.501
496.497 166.493
524.500 -54.500
-418.499 -332.501
-495.500 200.502
-401.500 -364.497
-240.498 494.497
387.503 -393.494
-443.498 327.509
-270.506 -523.508
589.501 28.498
-120.502 583.497
-90.501 591.498
-305.500 519.498
-602.494 117.502
-518.496 -338.498
-618.495 101.504
641.508 79.501
-360.503 543.502
578.502 338.500
-520.503 -429.503
310.491 -602.506
-200.498 -652.501
-191.496 662.506
607.503 328.502
178.500 676.495
330.499 627.493
609.499 -377.497
48.499 -727.500
736.509 -12.504
679.504 -329.497
-328.498 -683.498
359.501 -682.499
460.501 -625.503
669.491 -402.506
205.498 768.494
683.498 421.498
-438.501 -673.506
-790.499 -162.500
577.503 564.497
-386.507 -709.497
-276.493 -782.505
-777.498 294.502
830.498 128.499
-844.504 -55.498
-578.503 617.498
720.506 -446.499
531.502 665.503
829.500 233.497
-473.503 -729.496
825.508 -313.499
-880.506 -59.498
117.501 -876.499
-872.501 153.495
679.498 575.506
470.493 -758.503
867.502 210.496
894.507 12.498
-245.504 860.499
835.501 325.505
636.504 -640.507
-625.499 654.506
901.499 102.506
-717.509 -554.500
-512.503 -753.500
-100.501 -908.503
345.499 846.501
-58.495 -922.500
866.495 -322.501
-452.502 810.502
654.499 662.494
-917.505 -175.498
-933.502 67.498
917.504 -196.497
210.499 920.498
-835.501 439.503
-924.496 -204.494
940.501 140.506
903.495 307.503
-35.502 -954.494
585.507 -769.495
455.502 852.498
-932.504 -254.492
-911.502 -344.499
853.497 -481.497
975.493 136.502
760.498 -627.504
-52.500 -987.502
665.498 731.491
285.500 966.499
-89.500 -1005.500
-272.498 -983.497
-190.500 -1014.500
922.501 -464.501
-325.495 985.504
134.494 1032.500
37.493 -1047.500
-850.497 -620.500
-352.500 993.495
947.505 -468.507
733.493 -793.492
64.499 -1080.500
-954.502 511.503
846.496 685.500
-1020.500 382.500
-537.499 -951.504
975.496 -495.494
-332.496 1041.510
1031.500 371.503
504.501 -974.510
-327.502 -1054.500
588.501 -939.492
-1105.500 128.498
132.506 -1112.500
850.496 733.499
-717.502 875.504
-1090.490 308.499
359.504 1077.500
-988.500 -560.506
1107.500 278.496
1117.510 -265.498
-580.505 993.497
-136.497 1143.500
-1116.490 -306.501
1077.500 425.496
-617.497 980.496
1056.500 -480.501
-882.493 764.502
-168.500 -1162.510
1176.500 39.502
94.504 1185.500
-1122.500 395.500
-1133.610 382.722
689.502 979.502
-654.502 1011.500
767.491 932.498
456.500 -1119.500
-1063.500 -576.503
-1198.500 192.502
1012.500 -688.497
-296.501 -1189.490
-1053.500 -631.497
-899.499 837.502
756.510 -971.495
-455.508 -1156.500
-319.501 -1201.490
-1090.500 -619.500
-1172.500 453.501
-878.498 -901.492
1063.500 687.495
750.498 1020.490
-934.496 860.506
-1194.500 447.504
-638.506 -1132.500
622.496 1171.500
1115.500 -750.498
-1311.500 308.501
-1348.500 -45.507
1242.500 -541.496
1350.500 244.504
-800.500 -1115.500
931.497 -1014.500
-892.499 -1053.500
-1368.500 184.503
-1108.500 824.501
-1360.490 248.498
-785.502 -1139.500
890.506 -1064.500
1213.500 678.498
-1158.510 771.492
1376.500 -217.503
1101.500 857.505
1178.510 752.498
-1407.500 117.502
-1376.500 348.500
-1380.500 -359.504
1177.500 -813.495
1252.500 715.504
-1156.500 887.499
-1461.500 88.500
-1467.510 161.510
1365.500 572.500
1192.500 -885.502
-1431.500 409.503
-1400.500 -513.499
-1369.500 613.501
-1356.250 -647.547
-1224.500 874.504
-1364.590 -652.144
-1450.500 -449.488
-1418.500 591.505
-1547.500 125.496
-1480.770 481.175
-1481.490 492.497
1556.510 -167.499
-1564.510 146.502
1073.500 -1196.500
-1255.500 -1011.500
1567.500 -390.500
-1582.500 340.504
-1322.500 -957.499
-1457.490 744.502
-1513.500 -632.501
-1522.500 -663.499
1395.500 -914.503
1427.500 -875.500
-1591.500 518.495
1589.500 563.500
1494.500 801.501
1485.500 834.499
-1506.500 -829.502
1400.500 1018.500
-1590.480 688.098
-1589.830 691.374
1522.490 -840.499
-1566.510 765.508
-1519.510 858.502
-1560.510 -789.506
1331.500 1138.500
1550.500 822.500
-1567.510 825.491
-1485.510 -1025.500
-1449.500 -1166.500
-1472.500 -1152.500
-1447.500 -1209.490
1587.500 1055.490
