0.499 -0.497
-61.499 85.502
-34.494 -177.508
196.497 106.502
-209.505 -90.500
-239.504 -153.504
-198.494 -218.499
271.500 120.497
298.500 108.501
132.497 -290.500
-80.504 -323.502
338.497 59.505
-23.500 346.497
-297.498 190.503
308.504 228.502
-206.502 328.499
376.501 -116.500
54.495 401.506
201.503 366.504
348.497 244.491
187.502 -384.501
-357.496 267.502
-424.495 154.497
240.656 386.021
235.503 397.499
141.501 -451.493
-363.508 -302.494
-391.494 323.498
-155.510 484.501
85.504 504.495
-329.500 -402.503
108.498 508.496
-487.498 189.503
-32.493 -542.499
511.502 195.506
117.501 541.503
200.501 517.498
-278.502 -505.498
-561.501 -138.507
-569.505 -100.507
-261.504 -520.501
-382.500 -442.509
-575.491 -160.502
584.500 130.500
-540.495 -258.504
-82.501 607.505
599.503 138.496
-405.499 -467.501
598.491 159.505
520.507 -338.490
501.498 -372.509
285.502 555.505
-154.497 -608.497
286.497 -567.499
9.498 638.503
-244.503 -605.499
401.501 547.505
204.498 649.495
-598.503 331.501
604.501 323.504
-46.498 -686.501
589.493 357.499
615.503 -327.499
-414.506 -585.497
677.496 268.503
76.504 726.495
329.491 652.500
-706.500 -197.496
737.493 -15.497
752.508 -30.503
-95.501 746.501
-425.503 -629.504
668.500 362.496
-187.498 -744.503
-516.499 -573.502
-730.502 250.505
532.499 -567.508
-587.506 -517.497
2.488 787.500
-109.498 -781.502
87.495 -805.494
-571.498 580.499
-101.496 811.505
354.505 -746.499
98.949 -820.771
-440.499 -701.501
-380.497 740.499
821.499 -190.499
-220.497 818.504
-801.493 295.503
-303.499 -800.507
-47.496 855.503
-678.505 530.502
-105.492 -863.503
872.499 31.497
20.500 881.499
-522.507 710.504
-563.504 696.499
-894.499 64.501
605.501 -669.506
-849.497 -310.508
-757.495 -497.501
893.497 187.499
584.502 701.496
879.315 -252.129
882.501 -248.500
-869.501 315.491
-873.501 -305.499
-514.507 769.504
901.500 -221.498
-191.502 -914.497
-728.500 593.498
-23.500 950.503
-707.499 640.498
-644.496 -720.498
902.496 357.502
399.502 886.491
-928.496 295.497
-508.499 -835.499
-731.499 650.496
439.507 878.501
306.498 -940.509
-702.502 698.504
-222.503 -969.500
-684.489 721.505
-846.496 533.504
595.503 805.505
-789.503 625.497
657.501 764.497
-705.499 -721.503
-285.502 967.499
703.502 -726.499
-604.504 809.509
-1015.500 152.494
-990.503 298.499
-1043.490 60.503
688.501 787.500
-670.497 803.487
1017.500 255.500
922.504 503.501
-389.500 975.501
912.499 -527.498
-867.495 -603.495
-1057.510 -34.501
594.495 -903.504
-1056.500 -241.500
1057.500 -242.505
561.504 -928.500
-193.500 1067.500
346.504 1033.500
1059.500 265.500
461.501 -999.505
-756.498 800.504
338.503 -1061.490
901.496 661.486
439.500 1028.500
162.496 1108.500
51.501 1124.500
782.501 -814.499
1094.490 -297.496
-1090.500 310.499
948.502 624.505
-1130.500 -189.504
173.499 1145.500
274.499 -1128.500
907.503 728.501
590.489 -1004.510
-901.504 -739.501
1143.500 -253.496
698.499 946.498
-1063.500 -516.499
1013.500 622.505
502.497 -1085.500
-1136.500 377.499
-865.500 -834.495
791.502 918.502
-1099.500 512.502
-505.499 -1104.500
-976.498 722.501
625.503 -1049.500
-1223.510 40.495
-727.020 -992.934
-469.503 1137.500
1083.500 585.501
-730.120 -992.002
-327.915 -1188.840
-327.571 -1189.430
1036.500 -671.506
-1230.500 -92.497
-414.501 1162.500
-984.500 -750.499
622.497 -1072.500
-1193.500 -338.495
416.496 1173.500
-1242.500 -138.499
1245.510 -123.495
-1130.510 -542.500
612.496 1096.500
-1250.500 -158.502
-1257.500 98.498
-860.499 927.500
1258.500 -156.499
604.500 1121.500
-1239.500 -296.510
-512.496 1168.510
1254.500 -252.501
-991.494 807.498
-1268.500 -176.502
894.503 -945.497
1098.500 701.500
-999.498 -837.498
892.169 -957.396
1035.500 804.500
-1169.500 -620.502
-1330.500 -44.502
-606.504 -1189.510
1243.510 494.495
-1136.500 705.501
-847.502 -1036.500
741.501 -1132.500
-1015.510 -894.506
1265.500 -490.497
-1305.500 -384.507
-1110.500 -788.500
-1323.500 370.497
1395.500 -17.504
1285.490 -546.500
1393.500 -110.505
1368.490 305.505
-1404.490 48.502
1367.500 390.494
1419.500 119.504
825.501 1160.500
1340.490 488.496
-1418.490 160.487
1428.500 49.503
-1353.500 465.500
-1146.500 -862.499
-1439.500 -102.502
1438.500 177.501
1320.500 -620.499
-1135.500 -946.497
1014.490 -1083.500
-1465.500 230.498
-1086.500 -1013.510
-1484.500 -186.498
-950.502 1156.500
1494.500 125.502
-1408.510 537.501
-1509.500 14.508
-1108.510 1038.500
1148.500 -1002.510
-1474.500 -422.497
-1331.500 -766.504
1242.500 -927.496
-1542.490 -160.498
1498.500 420.501
1474.500 -514.502
-1349.500 -787.504
-1456.490 566.497
-1362.500 -767.502
1525.500 -356.501
1562.500 139.496
-1241.500 967.507
-1523.500 446.498
-1545.500 381.490
-1447.500 679.497
-1543.500 460.498
1410.490 -784.504
-1409.500 -825.501
-1399.510 -866.505
-1190.500 1136.490
-1214.500 -1125.500
1461.500 816.498
1553.500 639.503
-1309.500 -1074.500
-1533.510 -808.498
-1399.500 1026.500
-1360.500 -1091.500
1320.500 -1156.500
1338.500 1160.500
1383.490 -1120.500
-1612.500 -925.495
1466.500 -1146.500
1508.500 1106.500
1603.510 -1025.500
-1520.500 -1191.490
-1552.500 -1208.500
