0.499 -0.497
-63.502 -31.495
-95.492 -11.507
-56.493 -121.500
176.504 30.499
157.495 -97.500
100.496 159.489
-22.503 -188.495
-87.505 180.501
87.502 204.498
247.503 -113.510
149.497 -244.495
241.496 177.492
265.492 184.503
165.493 297.499
236.503 -250.497
-348.501 51.506
-173.493 -317.499
206.500 -315.498
229.495 299.502
-218.505 -318.493
-332.504 195.504
376.501 -156.497
-16.498 -410.507
400.496 -93.499
409.584 -100.374
420.502 79.494
-371.500 -225.500
-238.502 -367.501
-84.492 -430.487
-400.500 -181.494
374.497 -266.496
423.508 186.498
-404.501 -236.503
-486.506 -100.504
461.498 -256.499
13.500 551.501
-116.504 -543.498
-562.502 -50.496
-508.495 246.502
-565.510 60.505
-575.508 89.497
-456.497 -362.502
-567.495 -165.506
545.499 -250.496
-361.500 -486.499
-502.497 342.499
-404.494 465.509
366.495 498.494
403.717 -475.031
405.103 -475.156
-38.500 -628.497
148.497 616.496
-528.499 -351.496
319.500 551.503
-158.505 -630.492
-22.497 -651.498
-407.500 522.503
638.494 -183.503
-498.496 -444.497
-544.505 391.502
-666.504 110.492
-438.502 -520.499
-187.500 655.500
-587.797 348.362
-588.779 348.825
169.505 663.506
-426.496 -539.498
-236.596 650.762
-236.578 650.867
431.501 -548.500
397.504 584.504
-480.502 520.503
-143.497 -700.500
-98.502 -709.504
-379.498 609.494
132.495 -711.498
49.498 -722.505
-723.503 65.496
-631.499 -365.497
-618.500 411.503
485.501 569.498
-747.506 -87.503
180.501 -732.504
-459.496 -604.499
-644.493 405.502
-415.493 -644.498
-220.492 -739.496
618.505 -469.501
-116.500 -768.501
-110.506 791.501
790.493 157.496
-807.504 -106.499
616.499 535.496
-558.500 -600.499
69.503 -819.498
-680.507 -464.501
-88.495 819.496
-670.503 487.491
764.499 -326.502
-830.492 -51.497
-818.494 -153.505
379.505 743.500
450.504 -709.496
-797.498 -262.498
-809.495 236.504
112.493 -840.501
-630.495 572.507
856.504 -51.500
772.502 -374.504
120.593 -853.440
-369.495 779.499
123.010 -857.008
-809.498 -308.509
-850.502 -203.505
-851.644 -218.073
103.508 874.497
-620.500 639.499
150.491 879.490
-863.183 -226.274
890.499 -108.503
-688.496 573.494
-598.491 -668.500
370.499 823.503
422.503 -808.499
-306.498 861.499
563.495 724.498
-178.506 900.497
-304.497 -874.494
-931.495 -70.504
845.499 403.508
-727.501 592.498
-318.504 885.498
-761.503 -556.505
-718.503 -613.509
-841.491 449.504
-289.500 -913.500
-902.501 359.496
97.502 -970.500
-649.501 -730.505
-604.498 -773.500
499.502 848.499
-475.502 -864.504
-981.504 106.503
-981.909 -142.606
-982.199 -141.999
-921.504 -389.498
727.501 688.494
-706.496 -716.500
-528.501 855.501
-967.501 -287.498
1009.490 69.511
-100.508 -1007.500
445.500 910.500
984.499 273.497
-890.500 -503.502
-446.499 -921.502
-391.499 948.503
-1029.510 -59.501
604.502 -839.501
-748.495 -714.503
-224.501 -1013.500
-706.504 -771.506
-1017.500 251.508
639.496 -837.497
676.501 -813.504
877.500 592.499
216.503 1039.500
418.493 -979.500
935.497 518.499
-968.505 -455.502
119.505 1063.500
1026.490 -308.497
-1066.500 120.502
632.496 868.503
-1034.500 303.503
779.495 -747.497
-802.506 -727.493
58.505 -1082.490
-1076.500 -129.501
-283.501 -1049.500
-841.508 -690.501
-646.500 -877.502
-1066.500 223.497
40.499 -1094.500
-360.500 -1035.490
-1091.510 -120.499
-329.496 -1049.500
302.496 -1058.510
1089.490 -184.506
-1100.490 -169.505
-297.500 -1075.490
691.502 -879.496
867.500 -709.497
153.502 1116.500
329.499 -1081.500
1132.500 33.498
-1102.500 256.496
854.500 -745.504
-698.502 -894.504
-1135.500 -51.503
-684.505 -911.498
-326.501 -1093.500
-0.495 -1147.500
-1126.500 261.500
-36.503 -1157.500
566.500 -1013.500
-251.504 -1139.500
-1149.500 -198.505
-958.500 -669.501
-901.503 -761.514
735.504 925.501
399.499 -1114.500
720.504 942.509
-1043.500 -573.501
-942.504 -729.500
-434.503 -1114.500
706.504 -970.505
1150.500 341.501
-1195.500 121.497
-362.501 -1150.500
1028.500 636.505
764.498 939.493
-1196.500 -228.499
399.495 1154.500
1208.490 208.499
1105.500 530.501
818.499 -916.494
-854.504 881.496
-956.503 -773.501
-1223.510 149.498
-1082.500 -627.499
768.502 -991.500
-931.502 -848.499
460.504 -1185.510
-1138.500 -571.497
654.497 -1095.500
1076.500 689.500
1277.500 -127.499
-1107.500 -657.501
-1172.510 534.503
-1203.500 -464.504
831.497 -988.492
464.500 1207.500
1208.510 -470.500
-495.502 -1205.500
-899.500 -944.502
-985.492 -876.502
773.493 -1069.500
718.495 1110.500
1206.500 -546.502
707.496 -1123.500
-610.498 -1178.500
-1319.500 191.495
-664.495 1157.500
-1327.500 161.495
-1100.500 765.495
-1022.500 -869.501
-1267.510 -442.497
1343.500 -122.501
-1068.510 -823.507
-669.492 -1180.500
881.493 -1042.500
1235.500 -585.500
-1273.500 503.499
1353.500 -219.507
-966.501 -976.501
-1345.500 -305.492
-1382.500 57.502
-1255.500 582.494
884.505 -1068.500
-1337.670 -377.504
778.504 -1153.510
1235.490 646.504
-1383.500 237.503
-1228.500 692.502
-1359.500 385.505
1274.500 621.508
-1401.710 -214.741
-1401.740 -214.652
1310.490 549.493
775.501 1191.500
1124.510 -877.500
-1168.500 -830.499
-1245.500 -712.497
-1321.500 565.496
-1274.500 666.503
-1361.490 494.496
1278.500 684.501
-1236.500 765.502
1463.510 -96.502
1360.500 -560.500
-1234.500 806.500
1310.500 680.502
-1235.500 -810.493
-1026.490 -1063.500
866.502 1197.500
-1401.500 -485.496
956.498 -1135.490
-1461.500 -314.496
-1494.500 31.498
-1495.010 25.823
1057.510 -1064.500
1341.500 -677.497
-1510.500 33.498
1437.500 468.495
1070.500 -1086.510
-1288.500 -832.492
-1362.500 731.499
-1059.500 -1136.500
-1520.500 322.499
1229.510 -972.496
1205.500 1011.500
1244.500 963.494
-1564.500 184.504
1522.500 434.498
1580.500 109.506
-1576.510 -159.498
-1114.500 -1131.500
1516.500 -492.501
1139.500 1127.510
1137.500 -1159.500
1254.510 -1040.500
-1586.500 402.504
1206.500 1133.500
-1539.500 -621.499
1601.500 -486.499
-1380.500 -971.500
1334.510 1062.500
-1542.500 732.497
1477.500 863.498
-1487.500 852.503
-1578.500 -705.498
1488.500 -896.491
-1396.500 -1038.500
-1333.500 1121.500
-1307.500 1166.500
1452.510 990.504
-1522.500 -901.495
1585.510 799.498
-1604.500 -1068.500
