0.494 -0.502
50.736 9.041
38.507 59.493
-66.498 32.502
-17.487 79.501
28.496 -102.500
-59.503 100.995
-122.499 3.488
-111.497 -55.505
-104.496 111.496
134.496 -84.506
-115.500 -111.502
158.495 -63.496
-9.498 176.495
-160.499 -75.505
78.499 -166.504
-94.503 176.498
-6.500 202.501
-188.058 -76.897
-191.493 -71.497
-204.499 29.496
-211.497 -123.500
249.504 -14.499
-88.500 -235.504
-220.507 155.497
-249.502 115.495
-170.502 216.505
-126.499 -248.497
-277.496 20.502
-279.499 1.503
-272.499 98.497
136.502 269.496
-210.497 224.497
-305.506 -56.504
252.500 -192.504
-139.498 301.502
-314.894 113.415
-322.501 90.499
-293.499 161.497
-313.854 122.938
172.499 -297.499
-345.507 71.497
-326.501 138.500
57.498 -355.499
-155.500 325.501
-252.505 -264.499
274.501 -254.498
-374.496 39.497
-199.504 -321.502
-360.506 147.499
-385.495 96.503
-199.500 344.499
-366.507 -169.498
-405.504 -24.499
52.495 410.502
-213.867 356.950
409.502 92.501
-298.508 296.501
-210.505 364.494
191.287 375.499
201.498 384.500
441.502 -16.503
443.501 -59.500
-50.498 -450.497
-453.504 -21.503
12.494 454.495
-230.494 -400.499
412.499 -209.504
-469.495 46.502
88.496 -470.503
214.508 428.502
454.495 -160.495
14.502 -484.502
-451.499 176.509
-290.507 -389.497
79.499 480.507
-175.499 456.504
285.502 -399.492
-178.502 -461.492
-100.499 -487.504
-68.501 493.498
-495.499 58.502
-127.504 -485.501
-510.500 21.492
82.503 -517.500
-480.500 229.502
331.497 -420.499
426.509 -329.504
-330.496 -427.508
-538.503 -57.495
-9.199 545.673
-4.726 546.059
97.500 537.507
-551.497 3.497
373.495 414.495
545.497 127.499
-277.500 -489.492
-406.494 -392.499
85.504 561.502
-229.505 -520.501
-101.500 561.500
-53.502 568.501
531.499 -226.498
-536.504 213.500
574.500 101.500
-555.497 -187.521
-558.500 -179.500
304.506 -519.501
37.496 -601.498
470.499 379.495
295.500 527.506
-576.498 -186.500
605.499 -70.499
286.507 547.500
-40.503 621.500
335.497 529.500
168.501 609.508
-476.493 -418.497
-585.494 -244.499
579.501 263.498
290.496 568.943
10.641 640.036
14.675 640.074
-250.570 589.501
-267.505 583.502
313.505 -562.501
-43.266 654.609
-561.502 -343.499
-43.534 656.606
-201.509 -630.500
-310.501 584.495
-262.503 608.501
-648.489 -141.496
482.500 -457.496
-459.503 479.496
-554.498 372.504
30.503 668.489
667.499 68.500
-27.492 669.497
335.501 589.507
434.496 521.503
363.500 582.502
80.499 686.503
-556.501 412.498
399.497 -575.496
-143.497 687.492
-614.221 344.804
-618.904 348.399
-629.496 -337.497
-185.503 -692.502
-718.507 -2.505
-607.491 383.493
-265.503 670.502
145.494 709.496
707.504 187.504
-43.501 -733.496
-535.500 502.501
700.499 231.495
-169.501 -720.506
692.488 272.500
-380.500 -641.499
602.495 445.502
-675.503 327.503
-243.492 713.496
64.498 -752.504
-575.502 -492.501
500.496 -576.492
183.504 747.499
257.502 732.500
668.497 -397.502
-776.498 -31.499
75.501 773.499
37.504 776.496
-694.501 -350.360
-694.849 -351.503
556.506 546.493
-366.503 -689.499
-154.493 -766.501
-458.501 -636.499
-656.499 -431.499
763.499 193.492
-517.505 593.501
-3.501 791.503
263.494 -748.500
671.493 435.508
-51.501 -803.502
-684.492 422.496
-810.494 -4.500
-781.503 -215.504
-334.495 744.493
-773.503 -267.500
-792.499 210.496
281.499 771.494
-788.499 -244.498
-695.500 -446.501
-686.503 -465.496
173.499 814.497
-299.497 784.497
-773.504 -335.501
-716.498 446.501
-608.504 -591.505
-741.495 416.493
-189.494 -834.497
-847.497 122.499
475.494 715.503
819.496 -270.506
14.497 -877.496
665.504 -572.505
594.497 645.499
118.495 869.498
-552.502 685.501
-346.497 810.508
328.501 -824.505
-887.493 114.502
537.503 -717.496
738.498 -513.496
-784.682 447.491
-786.505 452.496
-782.498 -473.502
920.498 125.498
-134.495 918.501
-660.497 655.504
117.497 926.506
-734.502 580.509
-700.507 624.491
-892.503 -294.496
-680.495 648.502
250.501 907.503
106.501 944.501
877.498 -371.497
98.490 -948.504
-548.497 -781.498
-280.503 -915.501
-893.496 343.502
387.500 876.498
533.502 797.497
-369.488 889.501
120.504 959.495
-654.492 715.498
907.500 352.496
-845.511 507.499
-713.501 -686.497
-984.502 -107.505
-234.497 962.496
231.496 965.498
-993.506 -14.500
665.508 739.502
-705.497 701.500
-962.503 -261.499
-8.494 1013.500
-459.496 903.502
-1002.500 -153.495
-858.666 550.122
991.501 -248.488
-96.492 -1018.500
629.503 -807.506
-365.497 956.496
-708.503 -744.502
624.501 816.498
134.498 1019.490
1016.500 -172.496
-864.496 561.494
-273.495 1001.500
-798.490 669.496
202.502 1025.500
123.501 1038.500
-1038.490 -133.498
-1030.510 185.498
-894.504 -555.506
-1031.490 220.499
187.499 -1042.500
494.501 936.495
-274.504 1030.510
409.506 987.498
-780.497 -732.498
-540.501 -924.491
-514.496 -946.496
-891.499 607.501
46.499 1079.500
-1036.500 -312.493
-1082.500 2.501
559.506 929.496
1080.500 156.497
31.500 1092.500
-1095.490 -13.504
270.493 1062.500
410.497 1017.500
-440.499 -1007.500
503.502 -984.505
-1058.500 -319.505
-982.500 -518.501
42.157 1112.960
1074.500 305.503
38.502 1118.500
-1059.500 361.504
-1119.500 26.502
302.497 -1080.500
739.503 -844.500
-1118.510 82.508
-866.503 713.500
-863.505 738.495
-534.500 -1005.500
-244.299 1115.500
721.506 886.501
-1128.500 193.501
-255.144 1120.290
-275.498 1117.500
520.847 -1028.340
525.134 -1026.800
506.916 -1037.120
-612.501 977.495
260.503 1125.500
-201.492 -1138.500
-1143.490 -175.500
1117.510 311.503
-996.501 -593.501
904.592 729.060
909.468 725.195
223.498 1141.500
-1055.500 488.497
-1003.500 589.493
-1162.500 154.503
729.498 921.501
511.743 1061.270
1041.500 -555.501
81.501 1176.500
-1030.500 -577.503
-1089.500 -469.498
209.502 -1169.500
1188.500 -13.498
844.497 -843.499
901.500 782.501
521.495 1074.500
1178.500 207.502
223.492 1175.000
-1009.500 655.507
1149.500 -361.505
-920.496 -779.502
1128.500 -430.504
-48.752 1206.040
-969.499 739.499
-1072.500 585.507
-251.501 1200.500
235.502 1205.500
907.498 829.499
1229.510 -91.500
594.501 1082.500
-1163.500 -415.503
-478.495 1140.500
1143.500 481.503
557.159 1114.120
-1206.500 -309.495
502.501 1140.500
556.744 1115.220
-1157.500 470.499
-1254.500 36.503
563.133 1122.450
393.492 1194.500
-646.496 -1083.500
1262.500 26.504
-1206.500 -391.504
1074.500 684.500
-910.505 894.504
1277.500 -64.502
504.501 1178.500
-970.498 -838.505
782.501 1021.500
-1100.500 667.497
-878.495 -942.496
1281.510 159.498
1284.500 -154.511
-1086.500 -702.493
638.502 -1126.500
1102.500 679.495
893.504 -938.502
593.503 1151.500
-930.502 -904.503
1069.740 -753.228
1076.490 -745.504
1206.500 513.502
1188.500 -564.501
-1168.500 604.501
-726.500 -1112.490
824.503 1042.500
847.501 1027.500
-1335.500 58.502
-1342.500 -53.502
838.498 -1051.500
-1089.500 -788.507
-1102.500 769.490
-1137.500 -718.496
-663.499 -1178.500
-1303.500 358.509
-915.499 997.502
1357.500 82.499
931.495 992.488
835.502 1076.500
799.506 1107.500
1366.500 102.500
-1169.500 714.502
1345.500 307.503
665.500 1209.500
-745.501 -1166.500
-1270.500 551.496
856.502 1089.500
802.497 -1131.510
-1129.500 806.504
-1001.490 -964.496
1176.500 -742.497
1042.500 927.505
819.497 -1140.500
1222.510 -694.502
1131.500 -836.501
847.498 1123.500
-715.497 -1212.500
-1350.490 -416.500
1057.510 942.507
-1415.500 45.497
-1076.500 922.501
-1265.500 -641.493
788.501 1205.500
-1446.500 48.496
-1313.500 -618.505
-997.495 1061.500
-1285.500 687.499
-1172.500 -871.502
-1342.510 589.494
-1421.490 391.502
-1439.490 350.491
-1215.840 -849.527
-1324.500 666.508
1199.500 -876.491
-1223.500 -841.503
-916.504 1168.500
-1481.490 -155.496
-1444.500 -387.501
-988.494 1130.490
898.495 1206.500
-1403.490 -543.513
-950.501 -1170.500
1454.500 -408.502
-1177.490 -948.499
1501.500 242.499
-1478.500 -364.500
-1366.500 -672.495
1334.500 -738.499
1290.500 818.501
-1392.500 630.497
-1193.490 -968.500
1088.500 1100.500
-1131.500 -1065.490
-1048.500 -1151.500
-1098.500 -1110.510
-1234.490 -961.500
-1323.500 -838.500
1428.490 645.498
-1389.500 748.493
-1212.500 -1016.500
-1073.500 -1185.500
-1407.500 773.504
1606.500 -123.497
-1243.500 1024.510
1421.500 786.498
1366.510 -885.496
-1476.510 -692.509
-1342.500 930.496
1340.510 -942.499
-1527.510 -601.494
-1315.490 -985.497
1614.500 -359.499
-1534.500 -651.496
-1416.500 880.502
-1508.500 -779.500
1471.500 -890.497
-1221.500 -1210.500
-1371.510 1089.500
-1481.500 -953.496
-1435.500 1036.500
-1430.500 -1049.500
-1590.500 804.500
1426.500 -1081.500
1437.510 -1116.490
-1610.500 878.499
-1599.500 -980.498
1532.500 1100.500
1491.500 -1179.490
1512.500 1205.500
1621.500 -1181.510
