0.501 -0.499
-65.502 45.506
67.505 -45.498
95.504 -154.498
47.499 -176.504
-123.491 -136.499
200.499 2.493
-181.500 84.493
198.499 -45.500
-131.502 164.490
-145.500 -181.501
117.501 228.499
-210.499 -162.503
279.505 -32.500
282.502 19.497
-222.495 208.508
-245.500 186.495
-301.502 85.499
-91.506 -312.505
-191.508 -266.495
250.498 215.501
-333.505 42.493
37.505 -335.502
322.507 103.505
112.497 332.498
-318.436 155.965
-316.505 172.502
18.504 370.498
-350.500 122.497
37.501 374.501
-321.497 196.501
-218.505 -314.497
333.500 194.502
14.505 -390.503
-305.501 -248.495
-299.498 275.500
109.507 -393.498
-285.502 -292.496
331.498 247.516
349.499 239.490
-366.503 -233.502
164.498 405.511
-438.495 -68.505
-87.494 -437.501
-428.503 157.492
-216.503 404.495
-315.504 338.506
413.500 211.501
464.502 -41.494
269.501 386.496
61.502 479.501
451.507 184.500
-23.504 490.503
477.508 119.498
363.500 -339.496
-445.496 220.504
-471.507 162.504
-440.496 243.496
-482.503 -176.501
94.496 -506.498
-514.504 0.501
-332.501 395.504
-165.505 490.499
399.499 335.502
279.501 444.496
-429.500 -309.501
-198.502 495.499
311.704 -437.968
315.211 -436.946
534.499 -83.503
542.503 25.497
330.124 434.861
-94.495 539.501
-311.944 453.459
-389.499 393.501
-316.944 456.180
-79.098 -564.132
-80.525 -564.007
529.501 -213.501
-564.503 100.499
512.499 259.497
-340.505 462.503
-538.504 222.500
542.496 231.505
-493.500 325.504
624.503 -57.502
364.368 515.740
371.876 513.514
-453.502 447.502
619.494 158.508
643.502 -21.506
606.499 -222.498
567.497 -321.504
-635.494 -160.502
-542.502 376.511
-280.502 -599.494
650.050 170.266
669.505 109.499
512.495 -448.495
94.505 673.497
656.498 182.491
-484.495 481.508
-445.505 -521.499
-656.497 199.499
677.495 133.495
597.502 -364.493
-641.503 279.496
679.622 240.388
676.501 249.499
672.505 -262.504
270.498 -677.509
-661.499 -312.506
664.504 316.502
636.501 396.497
-195.499 -728.493
-754.502 44.498
-739.503 189.500
-301.502 703.495
-256.499 -725.496
604.506 -484.496
702.502 -326.500
-20.495 -776.506
650.507 -425.506
-201.504 750.498
-455.505 640.505
-412.503 -670.500
486.504 -623.495
446.496 -665.496
615.501 512.499
-799.495 -52.503
772.500 243.505
-808.499 -119.501
-816.492 84.504
-756.493 -326.501
694.500 446.503
819.501 104.501
-262.510 -784.495
821.496 -115.504
-8.502 -837.493
2.504 837.506
656.579 523.486
418.500 728.502
-210.497 -814.506
593.495 598.503
277.501 799.503
663.501 529.492
-257.501 810.496
-790.499 319.508
148.497 -841.499
-721.500 -457.499
-59.503 853.498
-409.496 758.501
841.498 208.500
858.497 -130.497
849.505 -185.497
-869.501 -56.498
70.505 870.499
315.499 -817.503
645.494 593.503
31.498 876.503
854.504 -207.492
-767.496 -438.496
604.498 650.502
872.506 -188.500
-866.495 -219.503
113.490 889.505
-754.500 486.499
-869.502 225.502
892.504 119.504
903.498 31.495
-317.500 845.503
682.503 -595.497
-708.498 564.510
-55.499 908.503
-545.502 -733.503
129.500 908.504
-914.497 -79.495
-423.500 -824.497
916.508 158.503
-627.504 685.500
-791.503 -490.502
-675.497 642.500
-39.509 -934.502
851.504 393.502
-924.502 -183.495
866.502 374.503
943.498 -70.500
-811.502 486.501
864.496 -390.503
357.493 -880.504
-945.501 -99.502
-688.501 -656.504
-567.504 -764.502
954.507 156.503
101.498 -966.502
464.510 -857.504
-289.497 943.501
17.503 -994.500
382.503 -921.503
-622.495 790.499
901.496 -463.500
557.498 -848.503
691.503 -743.502
-720.499 723.501
879.502 -522.499
767.499 680.502
809.508 639.500
33.500 1031.500
-655.502 -799.494
-1010.500 232.511
377.499 980.494
-717.494 -769.499
293.500 1011.500
241.497 -1031.490
-934.504 -502.500
-372.506 995.500
-825.507 -671.504
-581.499 -892.508
614.509 871.498
368.500 1004.500
768.501 746.509
-990.495 -410.502
-1086.500 -63.497
-818.503 722.502
-835.499 709.506
-791.504 764.492
-1091.500 145.500
-1106.490 -20.503
1110.500 13.507
171.507 -1097.500
33.498 -1115.500
-490.496 -1007.490
465.496 -1020.500
-1100.500 215.501
-92.495 1119.500
-169.502 -1117.500
-150.504 -1121.500
317.503 -1087.500
-447.495 1044.500
341.497 -1085.500
-982.510 573.505
-162.495 1127.500
-974.495 594.503
584.507 984.495
835.500 784.496
1129.510 218.497
468.498 -1058.500
-215.503 1139.500
308.496 1122.500
842.496 806.498
-824.503 -828.493
-1171.510 17.498
335.500 1125.500
-522.500 1055.500
61.489 1188.500
-652.502 -998.498
-893.499 -803.497
-111.497 1199.500
-1093.500 -506.502
-554.495 1069.500
852.499 852.497
-818.502 889.495
-1024.500 647.501
-504.505 -1103.490
-849.498 868.501
907.500 -813.504
459.502 -1132.500
927.504 -800.495
-1100.490 537.502
1140.500 -451.495
323.500 1187.500
1217.510 198.501
-316.501 1194.500
1108.500 -554.497
-798.504 951.501
-984.503 759.505
-408.502 -1176.500
-784.504 968.500
1211.500 -320.499
-466.497 1183.500
-1043.500 741.498
-1258.500 251.504
1234.500 359.500
1286.500 46.502
-901.499 -918.497
772.506 1033.500
696.500 1090.500
677.504 1106.500
1175.500 -551.494
-1145.500 -611.499
508.492 1196.500
-1079.500 731.506
1226.500 447.495
1066.500 753.506
734.498 -1087.500
848.498 1005.510
1105.510 -716.498
566.502 -1189.500
-1132.500 679.503
925.496 957.494
-910.501 -976.496
-1219.500 542.496
-899.504 -999.499
1284.500 403.503
-1070.510 815.495
-1170.500 -666.498
-788.498 1093.510
-1246.500 515.503
-1237.500 549.503
906.501 -1009.500
-1357.500 38.497
-1266.500 -522.501
-650.501 -1206.500
-1347.500 262.506
1253.500 567.501
-1356.500 227.504
-1366.500 179.502
-1370.490 -194.500
1200.490 -702.501
-974.499 992.495
-1289.500 -535.498
1053.510 917.503
-1176.500 768.507
1244.490 680.505
845.492 -1142.500
-1421.500 -179.496
-1145.500 860.494
-1166.500 833.506
1437.500 -39.505
1300.500 -614.500
-1394.500 -376.497
1443.500 -111.510
-1098.500 944.500
-1143.490 890.495
-1283.500 673.493
854.500 -1173.490
-1265.500 -709.492
1305.500 -639.495
1426.490 281.502
-1410.510 355.501
1226.500 787.500
1391.500 440.499
-1102.500 -968.503
1318.500 -659.503
1369.510 547.504
1147.500 928.508
-1191.500 874.502
-1448.510 -298.499
-1267.500 777.498
1276.500 770.501
894.500 -1200.510
1424.500 -461.498
-1397.500 535.499
1482.500 -227.501
-1230.500 877.505
-1144.510 -989.500
1354.500 -701.507
-1463.500 453.493
1511.500 -304.502
1517.500 276.502
1483.490 -440.504
-1545.500 71.502
-1537.500 -209.503
-1449.500 568.918
-1449.500 569.380
-1550.510 153.505
1052.500 1151.490
-1559.500 -30.499
1296.500 -871.497
-1415.500 659.506
-1558.500 107.502
1544.500 244.500
1548.510 262.503
1475.500 -548.503
-1217.500 1025.500
1224.490 1018.500
-1582.590 207.872
1174.500 1088.490
1462.490 -664.502
-1475.500 637.504
1415.500 765.502
1615.510 -27.496
-1571.490 395.500
-1614.500 171.496
-1537.500 -534.507
1582.500 430.496
-1254.500 1062.500
-1599.500 -435.496
-1612.500 434.506
1282.500 -1079.500
1468.490 813.498
1379.500 -959.496
1478.500 -805.504
-1384.500 964.499
-1608.500 534.501
1504.510 843.500
-1318.500 -1112.500
1600.500 -678.495
1559.510 -825.503
-1508.500 -919.503
-1448.490 1014.500
1504.500 931.502
1454.510 -1057.510
-1368.500 -1194.500
-1490.500 -1081.500
1574.500 956.507
1509.500 1203.500
1593.500 -1207.500
