0.499 -0.507
78.500 -78.505
145.498 41.496
-157.490 37.498
-35.501 191.503
-186.496 65.507
194.495 -96.503
-221.500 29.500
-36.506 -239.503
-216.502 119.502
-109.499 -236.505
42.496 -257.498
-246.499 -84.499
-41.502 272.502
-192.499 -212.499
257.500 -136.499
282.498 70.492
-212.509 -204.501
160.502 -255.496
230.497 -223.502
277.503 171.500
-321.489 -142.497
19.504 -361.499
-203.499 306.498
26.496 -401.500
401.505 58.500
-17.501 409.504
-255.500 -327.501
221.496 358.502
28.505 -422.502
-385.496 -177.504
-228.496 372.504
230.502 -382.500
-212.501 401.506
-192.504 -412.496
345.497 -311.505
-15.495 -474.493
-113.500 462.505
307.504 371.500
-413.493 251.498
-25.500 485.501
390.504 -312.500
-493.490 110.500
505.501 68.495
498.499 -133.499
177.511 497.498
7.498 -530.499
319.497 436.494
539.503 -99.502
58.504 -554.501
400.497 -392.500
518.498 -229.500
533.492 -198.495
498.497 -279.505
-439.497 -389.503
-455.496 -371.497
-520.502 -280.505
-344.502 484.499
-548.494 -232.502
161.501 586.501
-607.499 -94.495
597.500 152.499
-544.497 -289.501
-126.503 -608.497
638.494 11.503
-69.501 -647.501
-648.503 -52.498
426.494 494.493
-526.502 -387.506
453.498 -482.503
656.498 -129.505
-117.500 -659.502
-323.494 -597.502
-650.501 -235.497
-30.501 -699.502
416.501 569.499
-33.230 -706.622
-668.499 229.503
-422.506 578.498
6.496 718.504
719.499 31.506
551.499 -465.506
-547.500 478.501
-66.501 -732.502
688.504 265.501
70.498 735.489
-604.496 445.502
-479.507 -579.500
637.507 405.496
-725.495 -211.497
-759.495 -22.496
481.495 -592.501
28.503 -766.492
-742.497 -199.497
737.497 -228.502
-695.500 334.502
157.502 766.500
189.499 -762.498
366.502 708.495
183.501 777.503
210.500 -775.496
546.502 -612.503
614.501 -547.501
-782.499 266.496
-481.500 672.497
-4.500 -834.500
834.500 -24.502
-654.500 -527.493
843.497 -86.499
525.499 -666.496
-794.504 -303.493
832.502 209.490
-664.502 -550.503
798.499 -341.506
-295.162 -816.497
766.496 410.503
-819.498 288.502
-306.122 -816.505
-12.501 882.500
-299.500 831.495
880.492 111.498
-782.496 -447.499
51.500 -902.500
-702.501 -581.498
763.496 -500.501
-847.500 355.505
286.494 874.499
-877.495 -286.503
-889.500 -267.502
-98.496 942.498
-743.498 -588.498
180.502 -934.505
927.493 -231.506
809.496 -509.495
-309.916 -909.148
-310.943 -910.115
356.499 894.502
316.505 911.495
500.501 -830.492
89.497 -965.503
837.500 491.503
95.400 -971.721
256.498 -943.498
969.837 131.016
711.510 -674.504
-622.500 -760.504
-952.503 -248.504
970.496 175.502
-363.499 -919.490
978.491 148.502
-761.502 -634.499
-311.504 941.499
582.502 -817.499
-207.502 -984.499
-993.493 -195.495
162.499 1000.500
-929.502 -407.500
783.500 -649.503
-68.500 -1017.500
344.502 -964.502
378.506 -952.499
-840.506 -588.499
-967.501 -343.499
342.501 968.500
972.499 335.493
-29.492 -1035.500
-1034.500 -33.505
-1038.500 3.500
813.493 -652.496
-827.506 632.499
-1004.490 -283.501
-354.500 -982.500
97.495 -1040.500
-829.501 -641.506
819.312 -669.081
96.504 -1059.500
340.497 -1012.500
72.492 -1080.500
-156.514 1070.500
-1001.490 -421.495
137.499 -1082.490
928.504 575.503
280.504 -1056.500
1101.500 -5.501
-1100.500 -70.500
-1067.500 -297.499
-467.505 -1005.490
-786.500 781.506
-387.497 1046.500
1108.500 -146.499
-147.499 -1108.500
140.506 -1110.500
863.492 711.499
1119.500 -73.501
546.938 981.547
-99.502 -1120.500
-221.496 -1105.500
98.500 1124.500
968.490 581.502
-243.500 -1103.500
-874.500 721.506
888.497 707.494
1136.490 70.494
-598.496 -969.502
1120.500 222.501
-1059.490 -428.494
996.507 563.500
1071.500 403.503
-1121.500 -229.496
-584.491 984.496
-1072.500 435.503
-928.498 695.498
1137.500 -235.506
388.497 -1097.500
1080.490 -439.495
1165.500 54.501
735.502 906.497
709.496 -936.501
-1164.500 -179.503
-48.496 -1179.500
-221.505 -1159.500
577.500 -1034.500
595.494 1024.500
991.500 -678.495
1165.620 316.403
655.496 1014.500
1163.500 327.499
69.500 1206.500
-692.501 -991.500
-1189.500 -220.508
-498.498 -1104.510
1075.500 558.497
-314.495 -1173.500
-1069.500 578.502
1002.500 697.502
879.505 861.503
412.501 1160.500
1085.490 596.500
-591.504 -1090.500
-954.500 -792.500
-782.505 -968.501
-1221.500 -239.500
-1176.500 -409.501
1005.500 742.502
1102.500 -590.497
-610.500 -1102.500
-1094.500 -634.498
678.503 1070.510
1258.500 -174.501
-772.500 1009.500
-1028.500 -752.502
470.500 -1187.500
883.501 945.498
872.505 -964.494
1291.510 -187.496
-1283.490 269.496
-1102.500 -740.498
1168.500 -641.504
1334.500 -17.498
1004.500 -889.504
-1195.500 -612.500
1318.500 -272.497
-846.505 -1049.500
-1314.500 312.503
639.500 1193.510
1104.500 807.499
-1052.500 -878.498
840.505 1083.500
913.509 -1031.500
-884.500 -1058.510
1266.500 550.501
1366.490 -203.505
-1128.510 810.498
1066.500 -895.499
950.497 1022.500
-1391.500 106.498
-1335.510 -466.492
-1287.500 -590.496
1417.500 -53.503
-1297.500 582.502
1361.500 425.501
1101.490 906.500
1404.490 -259.500
1311.500 -570.498
1384.500 383.501
1196.500 -797.493
1408.500 288.498
1388.500 -375.504
1072.500 -968.495
-1418.500 -312.503
-1441.510 -207.501
-879.502 -1166.500
-1186.500 -863.504
1396.490 -462.505
1467.500 116.503
1269.500 -748.494
1195.510 869.501
1453.500 -324.503
-1361.500 629.498
-1373.490 -606.505
-1266.500 809.495
1004.500 -1130.510
1226.500 -895.495
1413.500 -569.496
-995.973 -1155.370
1476.500 384.502
-1139.500 1015.490
-1010.500 -1152.500
-1412.500 -603.499
1269.570 -870.459
-1551.500 -65.497
-1038.500 -1156.510
1532.500 -338.500
1468.490 -554.500
-1213.500 -1007.500
1332.510 -846.503
-1525.500 403.500
1504.510 499.504
1324.500 -883.503
1436.500 705.499
1068.500 -1197.490
1359.490 -856.498
-1593.500 292.502
-1621.650 -5.938
1379.500 -864.503
1365.500 -906.498
1379.500 -892.496
1431.730 -828.597
1431.610 -829.152
1200.490 1146.500
1446.070 -836.118
1505.500 -744.500
1219.500 -1183.500
-1260.500 1146.500
-1212.500 -1198.500
-1441.500 -913.503
1482.500 -869.506
1526.500 806.504
1261.500 -1179.510
-1399.510 1026.490
-1548.510 835.494
-1428.500 -1030.500
1556.500 -887.497
-1480.500 -1100.500
1514.500 -1060.500
-1549.500 -1027.500
-1507.500 -1205.500
1591.500 -1112.500
