0.500 -0.505
6.499 -39.504
69.506 67.494
-93.499 -45.500
-116.498 -45.495
2.498 -145.506
98.505 -115.508
46.505 148.502
-131.503 85.502
30.500 -156.494
-31.503 -156.502
98.501 -150.495
129.508 128.489
-145.494 157.505
-103.507 228.503
-93.503 -246.497
257.504 -129.503
-267.501 107.505
129.503 -287.503
-208.504 268.503
356.496 21.500
76.501 350.491
-140.504 -332.500
59.497 -365.500
-358.504 191.505
224.505 -340.498
227.726 -347.747
402.497 112.499
-348.505 241.499
362.497 -223.504
-258.499 -359.507
-415.505 193.498
390.510 -256.502
456.497 -140.492
-452.051 151.036
212.502 -443.499
-37.500 -510.499
478.496 191.510
-181.500 -484.494
462.503 -240.492
93.497 -515.502
-405.496 340.497
490.498 230.503
432.501 -334.500
106.499 -539.501
442.508 338.501
-502.511 -242.504
103.497 -558.498
-479.501 -311.496
579.495 68.496
-184.501 556.505
-576.493 -118.505
589.504 35.497
28.497 -594.498
565.781 187.306
356.495 481.492
571.503 198.500
-346.504 499.498
219.503 576.501
-618.504 50.497
525.496 345.498
596.504 -215.501
262.494 -581.493
-643.509 116.502
290.502 -591.500
-244.497 -614.505
456.494 478.494
642.500 -161.504
-660.499 61.501
79.498 665.503
-608.495 291.504
60.496 679.494
-683.503 23.989
-575.495 -388.497
-253.499 649.497
521.502 -476.506
250.502 -661.500
-103.498 -708.506
263.500 683.499
-575.504 -454.502
17.501 -738.497
743.503 100.503
464.503 594.501
668.502 -353.497
707.494 -268.498
-175.501 -747.496
448.508 -625.501
774.504 31.511
282.491 -722.501
-771.502 -81.501
-317.503 -720.501
39.493 -799.497
-723.501 343.499
-796.496 -95.501
369.507 718.500
-763.504 -269.494
-732.503 -354.496
-662.495 -485.499
525.506 -641.503
715.502 428.499
-827.497 122.507
795.499 -271.497
722.499 -435.501
363.507 762.504
291.494 -796.501
849.499 17.504
-420.499 -754.500
787.501 -369.504
870.496 35.501
818.495 -301.502
-570.495 -666.502
862.500 -163.495
890.508 30.502
726.505 -518.501
-308.499 836.504
-882.503 -138.500
426.499 -789.496
-127.501 -888.500
366.500 828.504
457.502 -794.499
-447.498 800.504
775.496 491.501
-248.510 -887.504
653.490 649.499
150.492 -926.496
338.497 -877.492
-911.500 227.510
-545.495 -771.496
522.498 -793.494
-223.500 932.501
-948.503 -165.501
736.499 -625.508
-77.496 963.498
-26.496 -971.498
-650.510 721.497
-160.500 958.505
-282.498 -934.495
-53.502 981.499
-992.502 -9.491
984.493 -168.496
-952.501 298.501
488.500 873.498
803.493 -602.507
501.499 -870.495
568.495 -838.498
-233.501 -995.500
-949.500 -406.497
148.491 1035.510
-928.506 -482.500
843.504 -624.495
-788.508 701.499
319.495 1006.500
-241.500 -1032.490
467.498 952.500
58.493 -1075.500
-970.504 477.504
-687.503 -837.498
625.503 -889.500
-1093.500 35.492
-729.501 821.500
1029.500 417.504
-615.494 933.499
586.501 -955.497
-1080.490 298.495
-251.504 -1093.500
1122.490 55.500
693.508 -885.493
829.495 760.500
-39.499 1125.500
200.506 1109.500
1115.470 -172.594
-933.503 -633.496
1115.130 -177.199
1113.860 -207.750
1117.430 -187.794
877.501 -719.505
1120.590 -185.063
-532.498 -1003.500
-1044.500 -447.501
1122.480 -190.140
1139.510 -10.502
710.500 895.953
1135.500 -167.497
710.501 902.494
1035.500 501.496
341.497 -1099.500
-609.503 -976.490
-31.501 1151.500
1146.580 -175.661
314.498 1116.500
978.501 627.504
1004.500 588.503
-915.495 -719.496
1166.500 -144.498
1170.240 -179.565
1170.190 -180.017
-1173.500 149.505
1035.500 -585.495
427.503 1112.500
1170.500 -259.502
997.505 -667.493
206.493 1181.500
1197.490 -88.501
617.493 -1039.500
-979.507 709.498
-355.494 -1161.500
-545.496 -1108.500
-741.500 -989.504
336.504 1189.500
1081.500 602.500
-403.501 -1174.510
-842.507 -923.492
454.500 1170.500
1088.510 -641.501
-1148.490 -533.494
754.499 1024.490
951.500 -852.499
851.502 -955.502
998.493 -803.502
1281.490 -152.503
1285.500 -116.499
-1125.510 -634.499
-1164.500 -568.492
1154.500 -592.496
1289.500 157.496
1177.500 -553.500
-1000.500 833.500
575.498 -1171.500
-1305.500 -102.494
-607.501 1162.500
1102.500 -714.497
701.500 -1112.500
660.507 -1142.500
-616.506 -1167.510
945.500 937.496
-1331.510 4.502
967.499 919.497
-1239.500 553.501
-676.499 1190.500
1283.500 491.495
1148.500 -767.500
1367.500 -220.499
-1032.500 -924.509
1385.500 96.492
-1070.490 -900.495
-1316.500 -473.501
-1114.500 -846.504
1395.620 -115.210
1399.810 -114.490
1356.500 -408.500
-1211.500 733.500
-748.507 -1207.500
1169.500 -813.502
1345.500 -482.503
-1403.500 265.505
-1429.500 96.503
-1108.500 -952.497
1425.500 -363.494
-1421.500 -388.501
-844.500 -1212.500
946.498 -1136.500
1486.500 2.500
885.499 1199.510
1448.500 401.501
1297.500 773.500
1109.500 -1037.500
-1371.500 655.497
963.497 1184.500
1339.500 -738.497
-1504.500 -299.503
1519.500 243.502
-982.497 1202.500
1241.500 947.503
-1373.490 -748.502
-1121.500 -1094.500
-1496.500 479.505
1386.500 741.508
-1448.500 614.492
-1534.490 348.503
1254.490 -970.500
1493.500 536.501
1590.500 -70.496
1561.500 337.498
1593.490 -127.495
1542.500 -441.501
1608.500 -141.504
1614.490 -107.502
1597.500 -357.507
1222.500 1104.500
-1566.500 -524.497
1468.500 765.499
1443.500 -829.496
1548.500 635.502
-1207.500 -1188.500
-1234.510 1166.500
-1364.490 1018.500
1562.500 -683.499
1505.790 -815.706
1504.470 -819.065
1295.500 -1131.510
-1459.510 -936.492
1564.500 763.498
1580.500 795.498
1352.500 1146.500
1355.500 1200.500
