0.504 -0.501
-65.504 16.504
107.502 -48.507
70.500 -115.493
82.500 109.501
-121.501 -98.495
-132.497 135.493
144.762 -144.864
144.531 -145.455
181.498 -102.498
154.496 146.492
122.503 -180.501
202.493 -100.504
187.501 -134.500
219.498 -99.495
6.506 -244.501
244.216 -52.727
245.050 -52.702
109.499 227.503
227.499 -121.498
252.451 -52.934
188.495 177.501
223.456 -134.843
-40.502 -264.501
269.499 39.502
290.507 -65.498
34.504 -299.500
-262.958 -155.384
77.501 296.508
-270.497 -147.491
-325.498 -27.500
-296.500 -157.496
343.500 -53.503
-7.499 359.499
-158.492 330.498
-367.504 -38.497
107.505 359.499
383.495 42.504
-116.504 -379.491
52.504 398.501
-346.503 -208.495
168.498 372.499
-396.506 114.502
364.499 -199.503
-62.501 -415.500
-329.497 260.505
-54.497 423.494
423.508 71.501
-84.500 423.496
6.499 433.507
422.503 -107.500
423.506 120.500
399.499 191.494
230.502 -385.496
-211.491 398.500
203.497 -405.501
447.507 -74.502
311.507 331.490
35.503 -454.493
427.499 -208.498
102.503 -478.505
-476.499 -140.499
-253.494 -428.494
-228.499 467.497
-492.501 193.505
318.503 -445.503
506.501 -208.492
-401.502 -386.500
551.498 -88.501
-510.491 -226.498
-563.503 -94.493
-4.501 578.500
-454.505 360.498
-507.499 -282.499
-267.500 522.499
-79.500 583.495
397.506 436.502
185.498 -572.493
593.506 -133.499
535.501 296.504
-576.500 -236.499
-466.500 -433.497
596.733 -228.236
327.504 549.500
-486.497 415.508
-236.501 596.501
606.130 -220.401
175.501 -624.496
342.501 -552.500
193.500 620.503
-325.507 -567.497
-603.502 253.500
438.503 487.498
603.508 -262.498
-266.506 602.496
-645.501 -151.505
544.508 -382.500
672.507 -57.498
257.499 -637.499
-687.505 51.505
-25.500 -692.495
-689.500 106.511
292.501 634.502
254.499 651.497
-688.495 140.503
689.506 242.503
-731.499 -92.503
-428.499 604.498
398.499 -626.501
-22.502 741.494
178.511 724.503
-612.494 426.503
-498.495 557.502
434.494 613.500
744.503 130.494
658.507 372.492
-428.504 623.497
542.505 -530.493
-724.497 236.500
494.498 -585.500
587.503 500.499
-748.504 188.505
-775.500 -23.501
-678.500 379.497
649.500 -430.500
568.498 539.501
334.496 -711.504
528.493 581.506
-445.500 647.506
-525.507 -594.505
-334.502 736.500
-819.500 -42.500
36.493 -822.498
-358.507 -743.495
169.497 808.499
719.500 -411.503
515.499 648.496
-551.503 -621.501
809.495 -192.505
231.498 -799.500
713.502 -429.488
467.504 696.496
797.497 -275.495
-461.496 -710.497
251.503 -810.498
-535.503 -664.503
272.505 -812.496
-580.497 634.496
128.503 -856.500
317.503 -810.505
485.500 -734.499
-124.499 878.500
111.501 887.496
882.499 152.497
441.497 -780.497
-333.218 840.266
904.505 35.498
574.505 703.502
-638.496 -647.507
-337.509 847.498
881.508 -241.502
228.502 884.502
-900.496 -159.503
-829.500 384.499
99.507 -910.504
-750.497 -524.508
-361.497 -848.505
-776.501 500.505
-308.497 -873.498
-571.503 -730.498
712.503 -606.505
-775.502 -523.503
734.496 589.507
-323.501 -889.503
-505.500 799.501
-304.504 -899.499
-396.508 -867.495
842.494 -448.494
595.509 745.497
252.495 -926.506
788.496 -556.498
833.498 -493.498
820.495 520.499
-972.496 -8.496
-177.500 959.499
-737.496 642.490
-711.499 -678.505
-928.498 335.502
-985.494 86.496
-104.502 984.504
254.505 959.505
144.499 982.497
-445.496 893.496
1000.510 -34.505
1009.500 42.497
-209.496 992.494
231.509 989.498
-153.497 -1007.500
981.498 282.500
871.465 536.922
-76.494 -1022.500
872.794 540.293
29.498 1028.490
-1029.500 -70.509
220.501 -1010.500
947.498 -424.496
417.507 -952.498
1069.500 -47.501
514.494 -939.500
-995.502 -400.495
-1069.500 98.501
-689.496 -826.506
-769.500 -756.508
-40.501 -1079.500
-675.490 -849.499
-784.498 -752.495
-725.494 810.498
786.509 -764.504
70.507 1093.500
-1055.500 300.505
-744.500 -812.508
1080.500 -225.497
-122.493 1097.510
738.499 -825.508
-738.059 -828.320
-847.503 -717.495
-929.496 -609.496
1078.500 296.503
746.496 833.495
612.500 -940.502
-586.500 -958.496
-1088.500 -291.495
1131.500 81.496
-1100.500 -273.509
-1059.500 -404.506
-333.490 1086.500
-750.496 -859.502
927.510 666.505
-848.501 765.494
-692.503 912.503
-299.502 -1107.500
-570.507 -998.501
-1127.500 -238.498
-370.508 -1092.500
291.505 1115.500
1145.500 169.503
-932.503 -687.499
-502.498 1044.500
-1152.500 -127.501
-1109.500 -362.504
1121.500 326.497
1167.500 58.504
1154.500 -204.109
1154.500 -204.501
-1019.500 -579.504
-1019.490 -590.749
-575.497 1029.500
-1109.500 400.498
758.504 908.499
1166.500 246.499
412.506 1122.490
764.494 -922.499
590.495 1043.500
-508.502 1085.500
930.499 -759.498
-607.502 1039.490
-1202.500 65.502
-642.495 1022.500
-1188.500 215.497
-446.496 -1126.500
-1084.500 -552.501
537.606 1092.080
-1042.500 -628.495
566.501 -1085.490
-696.503 -1016.490
-868.503 -877.501
543.740 1112.880
545.971 1112.190
543.891 1119.290
1244.510 -60.496
539.573 1126.530
539.501 1131.500
-1247.500 -146.510
-610.497 -1098.500
786.503 -984.503
822.501 962.501
568.575 1131.340
557.502 1139.500
-914.505 -883.500
-1128.500 -589.504
591.248 1128.390
591.258 1128.470
-1162.490 -546.502
923.504 896.496
1166.500 544.496
1101.500 -671.506
-504.503 -1191.500
1303.500 -28.499
-823.504 -1011.500
1306.500 11.495
587.505 1166.500
1300.500 164.505
1065.500 776.505
1318.500 63.504
-624.502 1165.500
-1174.510 618.499
830.514 -1038.500
-696.502 -1135.500
-1327.510 110.498
1333.500 3.500
1188.500 604.500
1282.500 -367.496
1241.500 490.501
-898.504 -990.501
-1329.500 -179.496
774.501 1105.500
-1106.490 788.498
696.497 1169.500
-736.498 1146.500
-639.499 1211.500
-762.497 1144.500
-1193.500 690.498
-952.503 -1007.500
-1262.500 573.504
976.502 986.505
1151.510 776.496
-1332.510 -394.505
838.498 -1114.500
1303.500 -509.503
701.510 1210.500
-1068.500 -933.501
-1153.500 865.507
1194.500 -813.501
-1436.490 -195.496
1447.510 171.498
820.495 -1205.500
1065.500 -997.502
-1027.500 -1047.500
1434.500 360.494
-1465.510 -198.507
-1002.500 -1094.500
-1448.490 -343.501
1272.500 -775.500
-1050.500 -1059.500
-1241.820 -832.705
-931.489 -1170.500
-1470.500 295.503
-1255.500 -839.497
1305.500 782.502
-1211.690 -921.778
1480.500 377.502
-1214.230 -926.960
-1385.510 -644.498
1484.890 366.095
1465.500 447.496
1480.510 400.505
-1531.510 77.501
-1384.490 707.500
1075.590 1131.670
1442.500 -601.502
1069.500 1139.500
-1520.500 378.497
1189.500 -1029.500
-1570.510 -92.504
1493.500 -503.500
-1580.510 93.493
1555.560 309.631
1557.160 307.320
1067.430 1174.290
1067.550 1174.910
-1225.500 -1018.500
-1266.500 -967.500
-1091.500 -1162.500
1548.500 -409.499
-1603.500 39.499
1192.490 1085.510
1578.500 -362.499
1187.500 -1104.500
-1279.510 1001.500
1113.500 1206.510
1145.500 -1179.510
1247.500 -1084.500
-1450.510 799.503
-1567.500 538.497
1249.500 -1112.500
1516.500 717.504
1276.510 1093.510
1619.500 489.503
1468.500 -865.499
1440.500 925.495
1315.500 -1100.490
1394.500 -1010.500
-1576.500 -716.503
-1620.500 618.498
-1338.490 -1109.500
1350.500 -1113.500
1462.490 990.499
1448.500 -1104.500
-1528.500 1021.500
-1387.510 1206.500
1595.500 937.503
-1554.490 1002.500
-1458.500 1164.500
-1507.500 -1159.490
1497.500 -1176.500
1597.500 1114.490
