0.502 -0.496
37.489 -62.500
78.502 -23.503
11.495 -82.500
-34.496 106.501
-106.497 -98.501
-81.499 138.495
161.501 65.504
132.499 -128.497
-113.499 -183.506
219.503 4.503
-64.497 -215.505
135.502 -183.502
-192.498 127.507
16.507 -234.502
214.502 115.504
-126.498 209.504
-157.502 -189.505
116.503 -218.500
164.502 -222.497
228.503 -174.496
46.502 -284.494
192.496 218.497
-122.503 273.496
74.496 -300.490
124.495 -290.500
9.489 316.498
-314.498 40.502
323.501 -73.501
255.494 -217.498
53.501 334.503
-353.500 -20.504
-213.505 287.504
99.499 353.510
328.505 167.505
-245.503 -281.500
304.497 -219.495
351.505 -135.495
-382.497 13.505
-339.501 -192.498
295.818 255.630
-152.605 364.273
-152.624 364.369
74.506 -390.499
134.500 -381.495
307.961 262.099
348.497 208.500
122.484 390.271
206.536 356.873
342.500 -231.497
-378.501 163.505
206.301 358.101
115.500 397.505
415.498 -7.499
312.499 274.497
-266.501 -332.503
-430.497 -10.507
331.504 -280.495
-438.497 -38.503
11.501 -447.499
-457.501 -50.497
390.501 -259.495
350.498 315.500
90.497 468.495
179.501 443.502
-68.502 -479.505
481.501 74.501
264.497 415.502
449.502 -216.501
-26.497 -498.499
315.495 -392.503
370.492 359.497
-418.503 -305.505
-278.498 441.505
-446.497 270.505
324.496 -411.501
422.503 -310.498
-463.688 -246.733
-463.748 -246.825
501.495 -164.499
-525.501 -80.500
-532.503 -42.510
-531.968 -49.716
364.501 -392.501
-463.495 272.499
-490.511 -231.490
-397.499 374.498
-514.506 185.497
360.494 416.499
-161.493 -531.498
-557.506 -6.505
429.494 366.488
582.500 65.503
591.491 -32.503
-49.504 -591.500
-598.504 -20.505
-305.005 523.304
22.497 -612.500
-311.211 527.615
-341.497 510.499
-95.496 607.493
-550.454 -292.455
594.497 -193.502
-191.407 595.610
-191.572 600.492
-12.499 -632.493
-198.960 602.874
-429.499 -471.496
585.501 254.497
633.497 -119.495
68.504 640.505
253.504 595.502
180.499 621.502
650.502 37.505
640.502 -140.492
-611.505 236.500
144.493 -647.496
-539.499 -391.894
-662.501 -106.495
627.496 -243.499
50.505 670.501
524.500 -429.496
-669.497 -156.501
-509.497 -476.501
-33.496 696.506
-539.492 442.501
484.503 513.503
287.503 -648.505
81.501 -708.494
-617.499 -362.112
-617.499 -362.502
-411.493 -586.495
616.498 367.509
-599.507 -403.499
717.497 -106.505
-608.498 392.506
-23.500 724.509
538.499 -488.499
-726.505 27.498
680.494 303.499
339.502 -665.503
732.493 148.503
-212.498 -716.497
199.499 720.499
262.572 -705.682
262.546 -705.755
81.509 -754.499
-575.497 500.496
748.499 204.499
549.502 549.497
173.509 758.503
-67.492 775.501
-219.503 747.497
153.497 766.506
768.501 153.503
248.503 742.497
182.503 -774.502
638.508 481.500
275.503 -755.504
-342.491 -728.506
-807.496 50.498
634.498 512.502
438.504 699.503
243.496 796.508
510.500 -664.501
685.506 -488.503
-754.509 371.500
436.503 -724.498
-734.502 -423.500
-658.505 537.508
-415.496 744.501
-811.499 -265.503
596.497 -618.499
-862.496 39.492
-786.501 367.509
-550.496 671.497
691.501 -529.503
-628.494 602.501
872.498 -20.498
-44.129 -872.045
-871.495 87.502
-85.504 -878.502
153.501 -869.493
-165.501 870.503
-529.504 711.506
800.510 -387.504
622.500 -640.499
-821.502 349.497
-333.498 840.502
905.505 23.502
-24.500 913.491
569.505 -719.499
375.501 836.500
616.501 -680.496
-386.498 -835.501
390.494 -835.497
-321.502 868.502
363.498 -853.502
-60.505 -926.499
-659.497 659.504
647.507 -674.507
396.847 -846.564
667.502 -655.502
-925.497 -156.495
890.496 -302.499
-852.500 -413.504
-946.503 -56.490
-441.499 -840.493
953.503 12.496
-95.498 -954.500
-909.505 -308.500
860.497 432.506
889.496 -374.501
546.498 -805.503
732.505 -642.499
-332.498 -915.506
-204.510 952.499
-789.501 -574.504
133.506 -971.509
-930.495 -310.498
956.503 -227.499
-525.500 831.500
-938.495 302.499
-915.499 366.499
-112.505 -986.499
739.497 664.499
104.499 -990.498
900.507 -447.502
677.497 -746.509
619.499 -799.496
-1004.500 -111.502
-460.503 899.499
-387.495 -934.502
-1011.510 -26.492
933.492 -395.501
-911.501 445.499
-6.494 1019.500
65.505 -1019.500
68.504 1020.510
452.500 920.504
-289.501 985.488
1021.500 -124.505
-1026.500 63.498
-803.497 644.499
-225.494 1010.500
-258.505 -1006.500
681.210 784.829
682.195 784.367
652.499 -813.499
481.506 -925.502
-951.498 430.496
-542.130 895.053
184.509 -1034.500
163.494 1041.500
-540.490 908.491
637.500 852.492
-188.499 -1049.500
-289.500 1031.500
1019.490 -335.496
-1055.500 196.495
-315.503 1026.500
-852.511 -660.505
608.501 -892.496
-1030.500 -330.493
665.498 854.500
914.495 582.501
769.496 765.496
38.501 1086.510
1030.510 -362.500
858.497 -677.497
710.500 -835.500
-280.499 -1062.490
98.497 1096.500
737.498 824.504
1101.500 -122.510
-1043.500 -385.496
-1113.500 -30.503
-867.503 706.502
-385.499 -1057.510
-23.508 -1127.510
-662.495 -912.501
630.499 941.500
-1134.500 14.494
594.492 -973.495
613.503 -963.504
-483.502 -1035.500
-454.503 1051.500
-423.504 -1065.500
1136.490 188.496
1156.500 109.499
-963.504 647.495
-1036.500 -531.502
1122.500 314.496
-528.496 -1055.500
1090.490 -455.498
96.499 1183.500
1153.500 286.505
-1125.500 389.494
-896.502 -786.504
-1020.490 624.497
267.493 -1167.510
-1108.500 468.502
632.500 1036.500
141.498 1206.500
596.504 1060.510
-1207.500 169.497
1086.500 -556.497
887.495 -838.500
-1221.500 -9.502
-1116.500 508.503
-299.496 -1192.500
691.502 1029.500
927.500 -841.496
800.498 -966.497
-1191.500 412.504
905.496 886.501
824.499 -967.502
837.493 956.497
983.502 -808.500
1128.500 -591.493
1237.500 305.497
-1190.490 454.505
1186.500 -471.506
1134.150 -608.121
1005.500 -803.503
1135.500 -610.998
1076.500 -711.494
873.500 -952.506
-1293.500 59.502
1186.500 522.497
-476.505 1210.500
-1252.490 354.498
-1295.490 173.502
717.497 1101.510
916.498 950.496
1235.500 -507.502
676.501 -1158.500
1341.500 5.503
-1320.500 349.496
-1365.500 -127.499
911.496 -1032.500
1389.500 -85.502
-842.498 -1108.500
-1225.500 -666.499
-1081.500 -883.500
724.501 -1200.500
-1386.500 224.499
1397.500 163.498
-1392.340 213.102
-1029.500 963.504
817.499 -1168.500
971.492 1045.500
-916.502 -1096.490
-870.500 1142.500
-1428.500 -166.511
898.497 -1129.510
-1278.490 667.502
1446.500 -23.499
-1379.500 436.502
-1414.500 -362.498
-1466.500 -22.505
1044.500 -1047.500
-1063.500 -1028.500
-1464.500 208.496
1407.510 462.497
-1395.500 507.506
971.501 -1129.500
-1404.500 -498.502
1460.500 300.504
1404.510 516.495
1503.500 123.497
-1371.500 -650.500
-1522.500 92.497
1282.500 -871.496
-1432.490 -606.501
-1531.490 -274.499
-1444.500 588.506
-1471.500 -532.497
-1160.510 -1053.500
1148.320 1077.770
1148.350 1077.870
-1032.500 1198.500
1306.490 -904.493
-1544.500 380.501
-1560.500 -320.502
-1262.510 -977.506
-1512.510 -520.499
1581.610 -314.443
1583.760 -315.125
1613.500 -79.496
1207.500 1079.500
1498.490 -669.500
1592.500 -402.497
1533.510 609.503
1592.500 454.501
1439.500 -839.504
1564.500 -578.498
-1490.510 -749.506
-1277.500 1088.500
1377.500 -963.505
-1614.500 467.495
-1549.500 674.502
-1616.500 -509.500
1422.500 933.506
-1290.500 1138.500
1617.500 599.498
-1271.510 -1203.500
1427.490 -1058.500
1610.500 -932.500
1486.500 -1166.500
1620.500 994.502
-1589.500 -1132.500
