0.504 -0.504
-53.496 -30.497
-23.502 -136.501
-178.494 -42.500
-229.504 -2.502
71.501 225.503
182.501 163.499
261.497 24.501
-241.510 -115.497
-265.499 -81.503
-176.504 -217.501
221.499 179.505
152.493 -243.495
-204.492 -202.498
178.504 236.504
-99.498 306.499
-249.509 -223.505
-301.501 -176.505
-326.496 138.497
-81.504 345.499
-45.498 -365.495
152.506 350.498
-275.500 275.500
-287.502 -302.498
416.504 -55.500
-426.504 84.500
427.504 -121.503
417.493 164.499
-267.501 362.500
-448.499 104.501
420.498 194.496
-233.495 417.500
-367.501 307.502
461.499 162.496
-485.500 -155.502
-433.492 -273.506
464.499 -232.497
524.508 17.503
525.495 80.498
-82.506 546.506
413.497 368.502
-372.497 415.500
546.499 157.503
-552.497 -185.494
335.496 -481.503
-586.495 -22.500
-590.156 -28.190
590.501 -74.498
-340.499 -500.508
-620.498 93.508
-67.497 626.502
400.494 487.497
-130.500 618.501
548.497 329.493
306.512 -563.504
29.500 -647.497
-194.503 -620.493
181.506 -651.507
626.502 -279.493
-645.502 -241.500
701.496 138.496
-372.499 612.505
426.496 578.504
-567.496 467.504
-730.508 -97.494
-430.501 -603.499
724.498 160.496
-463.496 -582.504
-738.998 -105.560
-732.507 174.505
427.504 628.501
513.497 -569.498
401.504 -661.499
233.507 -773.506
-472.493 656.497
812.498 -82.494
786.509 -221.500
-121.504 808.501
-603.498 -554.501
388.503 722.501
819.501 127.503
623.505 570.500
556.506 641.499
122.507 -847.496
394.504 765.495
-319.506 -803.505
-49.502 862.496
109.505 857.509
-411.508 -762.496
-431.500 -753.498
-856.504 -172.499
-395.499 -795.500
-641.501 -622.493
-688.501 -579.502
-500.504 -750.492
-693.508 580.503
-631.501 652.498
347.497 -844.501
-610.501 -679.494
475.492 -781.499
-183.503 -905.500
-482.501 790.495
-894.507 244.497
373.499 -852.502
34.504 929.501
-376.502 852.497
106.501 928.502
305.361 889.882
305.415 889.984
913.502 -244.495
604.501 -737.492
895.497 341.496
-940.508 -210.499
971.504 -36.508
-569.503 786.502
973.498 61.501
223.501 975.498
114.500 997.502
-897.501 -452.505
428.493 916.498
-912.501 -447.497
-988.500 -258.491
522.500 887.501
-1011.500 -245.499
-928.503 -500.499
-916.503 -526.501
897.498 -583.503
893.495 596.500
-641.500 -867.501
-432.500 -990.504
-374.495 1014.500
824.496 703.500
-1070.500 178.502
790.501 745.502
337.490 1032.490
790.501 745.893
981.502 472.496
-597.501 922.495
924.499 598.493
-95.501 1098.500
567.497 -956.498
1032.500 461.502
885.500 -704.506
-363.509 -1072.500
-766.501 -848.502
-1158.500 9.507
1137.500 -234.501
1040.500 546.496
1141.500 290.499
-998.499 629.505
-1177.510 93.497
744.499 929.502
-153.500 1181.510
-331.502 -1146.500
358.501 -1141.500
-338.502 1146.500
1148.500 355.502
692.500 -986.509
579.499 1059.500
-1033.500 636.498
619.490 -1049.500
-937.497 -784.505
-576.500 1077.500
1202.500 -232.507
-1237.510 29.494
1234.510 114.498
1234.490 -205.503
-732.495 -1026.500
-1186.500 -434.499
1145.510 -561.498
1252.500 249.496
-1278.500 34.498
-1288.500 -131.497
-869.500 -964.510
-1086.500 -716.502
1297.500 114.497
-1075.500 747.505
828.500 1023.500
-1195.500 -552.498
888.502 -1004.500
-1068.510 -813.496
-982.508 -922.505
-1203.500 610.501
-1310.510 -345.505
1206.510 628.498
-686.496 1176.500
1352.490 226.495
826.494 -1098.500
1253.500 -571.498
-1378.490 44.494
-1391.510 0.499
815.497 -1130.500
1110.500 846.501
1332.500 -431.495
-1408.500 123.497
1269.500 640.500
-817.505 1164.490
-1047.500 963.497
860.506 -1141.510
-1264.490 668.505
1314.500 -577.498
-780.498 -1212.510
-936.501 -1140.500
1469.500 140.505
1019.500 1067.500
1402.500 506.505
-1315.500 719.502
-1438.500 433.498
-1523.700 6.552
-1527.250 5.862
1321.500 -794.498
1341.500 779.493
-1515.500 334.500
-1039.510 -1157.500
-1078.500 1125.500
-1520.500 -381.500
1302.510 886.501
-1061.490 1181.510
-1586.490 110.489
-1104.500 1148.500
-1515.500 546.501
1439.510 730.501
-1437.510 -770.500
-1297.500 1031.500
-1427.500 -953.501
1548.500 -810.503
1410.500 -1058.500
-1537.490 913.505
-1576.500 977.507
1431.500 1192.510
1549.500 -1053.500
-1606.500 -1122.500
-1589.510 -1167.500
