0.499 -0.501
3.496 -80.499
-23.507 -112.498
-111.500 -87.505
-83.506 -133.502
169.507 -172.497
251.497 34.502
-259.496 109.507
307.499 37.497
-30.503 -342.503
306.498 156.501
-315.504 -147.503
357.495 -22.502
-52.497 361.499
134.496 -346.504
-210.503 -324.498
250.500 294.504
-308.495 -241.498
-408.497 -55.500
385.509 235.498
-452.496 -99.499
464.500 -59.509
-62.503 463.497
-321.499 349.497
228.487 433.505
-428.502 -268.497
-510.499 212.501
553.499 36.504
326.499 450.505
511.501 231.491
-317.501 -474.503
481.502 -313.501
470.500 333.500
-580.498 4.489
531.496 248.493
132.506 -575.502
-557.505 -223.500
581.496 -182.493
459.501 -416.501
-571.496 -242.508
-173.499 -604.506
-583.509 244.497
593.507 -227.493
-170.501 -623.495
595.497 260.506
-637.501 -151.500
642.496 189.498
-108.496 677.501
-678.490 103.497
-691.495 -4.502
-601.502 -352.496
315.499 -645.503
510.506 509.501
723.504 177.507
-529.490 541.500
-207.498 729.506
594.495 -474.501
-752.501 -147.504
766.493 -72.502
645.501 -426.501
-668.496 388.502
-750.501 -225.497
190.505 770.501
96.500 -791.500
-289.495 748.498
-799.495 -74.497
-798.503 -117.500
451.494 -670.499
-200.495 -789.503
-366.498 -736.495
-206.237 -804.763
-679.508 -477.499
-207.075 -806.916
681.498 479.497
184.491 820.496
762.497 370.495
852.500 -82.499
518.497 685.504
704.504 -499.503
863.494 2.497
-769.500 391.504
650.499 -577.506
-519.507 -706.500
887.498 -83.496
-517.505 737.500
234.502 -876.500
-804.502 443.497
461.500 -803.504
-205.493 -907.499
-809.492 471.499
23.502 943.499
51.501 955.498
91.500 -955.498
385.504 -880.499
883.496 -387.505
351.510 898.500
936.503 239.502
887.751 -400.334
-744.504 631.498
980.496 -98.506
-295.502 954.495
-491.499 -872.506
36.496 1005.500
887.503 -487.500
-563.501 -845.497
-44.501 1016.500
-995.498 214.497
-302.499 979.510
-956.494 -423.502
-862.498 593.500
-832.497 642.504
242.504 1027.510
-364.500 994.493
1062.510 -9.495
1057.490 141.498
770.499 -740.504
-479.504 -957.499
971.497 -464.508
620.497 883.501
-1065.500 -212.496
-733.500 -819.493
862.503 -691.501
-1102.500 70.495
1116.500 -120.503
957.506 604.497
775.501 833.497
-209.497 -1120.510
-840.502 778.500
655.490 966.499
186.498 1161.500
-982.506 662.499
1191.500 26.509
49.505 1198.500
121.500 -1195.500
-105.495 1196.500
-397.507 -1151.490
-1188.500 -283.499
-538.501 1100.500
-1172.500 357.499
558.494 1095.500
1225.500 -207.505
-1248.500 20.499
-937.498 832.506
-1224.500 -274.492
-1042.500 705.506
-987.500 791.501
-682.503 1079.500
-1193.240 -473.825
-1196.500 -466.500
703.497 -1081.500
-814.499 -1004.510
-1016.500 -805.499
808.503 1021.500
-581.499 -1188.490
1068.500 -784.500
1247.500 -454.495
-1216.500 -571.501
-1086.500 798.500
-1349.500 22.495
-1096.870 790.158
1346.500 151.503
-952.497 966.497
-1371.500 -9.500
1335.500 370.501
-1351.500 -311.503
1176.500 -750.496
1353.500 363.497
-1400.500 28.500
742.501 1192.500
-1390.500 -206.502
1104.500 887.504
-1297.500 626.500
-1434.500 149.501
1304.500 -618.498
-1404.500 -347.511
-1096.500 -951.499
-1391.500 435.503
-1364.500 519.504
-1012.510 -1060.500
-1410.500 444.500
-1101.500 999.504
-995.494 1118.500
-1364.500 -641.503
-1503.500 150.500
-1511.500 22.498
-1506.500 -192.498
-1343.500 724.499
-964.506 1188.500
-1536.500 -29.498
1222.500 -949.502
1155.500 -1047.500
-1555.490 -130.503
-1099.500 -1150.500
1488.490 583.505
1137.500 -1126.500
-1373.500 -829.496
1422.500 -810.504
-1464.490 735.502
1300.500 -1012.500
1512.500 -682.499
-1180.500 -1168.500
-1598.500 453.498
1545.490 -614.503
-1620.500 -456.504
1301.500 -1075.500
1268.500 -1114.500
-1558.500 -668.503
1325.500 -1095.510
1405.500 -994.493
-1532.490 -798.506
1490.500 -924.497
1426.500 -1026.490
1390.490 -1099.500
1473.500 985.503
1561.500 -846.500
1360.510 -1147.510
-1597.490 787.493
1349.500 -1171.510
1414.500 1096.500
-1445.490 1104.490
1601.510 868.500
-1535.500 -1014.510
-1541.500 1050.500
1613.500 1073.500
1601.500 1135.500
