0.512 -0.506
8.493 26.503
-17.499 32.505
119.501 -87.499
150.498 32.504
68.496 -138.500
-152.500 127.508
66.506 -195.493
-131.496 -178.500
-207.162 98.642
-208.596 99.018
9.499 246.501
207.500 -158.502
-179.498 189.502
230.498 155.492
-207.505 -203.507
-286.491 -78.501
300.497 45.499
40.495 308.505
81.500 308.501
36.507 -321.505
-293.506 153.503
310.496 -133.498
-147.503 305.498
136.503 314.497
346.505 14.499
163.496 316.502
-34.497 355.505
-119.491 -351.496
341.500 -185.499
-286.504 260.499
290.503 262.503
-83.499 -443.499
348.498 -299.505
62.502 469.500
-389.498 -272.504
-406.502 -250.506
447.500 172.500
198.513 439.503
453.498 -171.498
-478.498 91.502
-282.500 408.496
-252.496 -438.496
-110.502 506.498
276.000 440.003
276.009 440.103
-509.503 141.500
-134.506 -523.508
25.498 -558.504
-119.324 -552.187
-127.242 -557.271
-449.502 -356.507
305.500 -488.500
-539.500 -200.504
-334.501 473.491
-47.904 -592.878
-47.966 -592.974
-396.503 448.506
-227.502 558.502
-12.492 -611.500
-508.506 341.498
209.511 -590.504
490.499 406.495
68.497 640.505
283.500 581.496
-646.497 57.497
-347.494 549.505
-622.498 194.501
-614.504 222.498
-646.494 -139.497
-661.506 -105.498
-335.504 -580.498
680.502 41.498
-333.503 604.497
299.498 -643.501
232.503 671.503
600.499 -389.494
481.501 530.502
-289.503 667.498
-69.507 725.499
-623.496 -384.503
-369.507 636.499
51.500 -749.495
713.500 -240.499
688.497 341.497
343.497 -689.495
718.496 277.495
-433.498 653.490
502.506 -605.495
-664.501 -421.503
676.503 404.498
603.500 510.499
28.500 791.499
-782.502 135.502
787.503 117.501
-183.500 -781.496
805.502 54.502
-540.505 -601.500
778.507 221.497
740.500 -352.507
799.499 192.499
-224.498 793.500
146.502 -815.496
-136.507 818.496
-60.503 832.498
-664.506 -525.502
594.501 608.493
633.497 -588.490
-819.497 -273.499
688.504 538.496
861.507 186.507
-564.502 -680.500
896.504 -34.497
-896.501 82.497
713.495 -555.496
817.503 -393.501
-740.502 -525.501
234.509 -882.501
881.503 -278.502
516.492 766.500
-393.504 -838.500
-322.495 -870.503
180.473 -911.584
179.916 -914.137
847.499 398.496
-755.494 -553.499
-559.496 755.500
-929.501 -192.499
-520.501 793.505
-833.500 -456.508
-706.500 649.501
-182.499 -943.505
-40.501 -960.505
926.500 298.504
684.998 -699.005
191.496 966.499
891.501 422.499
-963.504 236.502
-891.497 449.503
-527.497 856.500
84.497 1005.500
-850.498 -545.495
-544.500 867.501
-174.508 -1012.500
882.502 -534.505
-864.504 563.499
791.507 -664.496
-888.500 525.495
-603.497 854.505
-124.497 -1053.500
-780.504 720.503
570.502 -925.500
651.496 874.497
-804.503 746.504
929.496 -593.502
918.504 612.493
-45.496 1104.500
426.497 1026.510
1112.500 -35.504
1072.500 -320.508
767.496 814.505
259.498 -1090.490
-869.502 -706.499
1023.500 465.508
-1006.500 -519.500
-874.494 723.501
453.496 -1044.500
-6.505 1141.510
418.499 1066.500
805.500 -842.495
-753.498 896.500
-470.498 -1077.500
-932.502 717.499
-978.505 -662.503
336.504 -1138.490
-165.497 1175.500
-908.501 -765.500
1093.500 470.494
-1186.500 -134.500
-442.494 1111.500
1195.500 88.494
599.494 -1041.500
428.501 1122.500
1183.500 -251.497
-291.503 -1179.490
-993.498 -719.502
1076.500 604.506
-1235.360 -9.979
-946.499 -798.498
926.496 829.503
328.498 1201.500
1240.490 127.496
781.492 971.492
979.496 -776.496
-1122.500 -556.499
979.505 782.503
398.505 -1189.500
-1266.540 201.468
-1265.500 208.496
724.498 1072.500
-979.503 -855.508
1003.500 836.498
1291.500 -221.496
-532.501 1196.500
854.505 994.496
1184.510 -576.499
1099.500 728.502
-740.498 -1098.500
1341.500 -48.506
1339.510 87.500
-598.498 -1202.500
-1265.500 -451.505
1359.500 77.500
-1354.500 148.499
-1056.700 -876.698
1281.500 507.499
-992.492 956.510
-1063.410 -878.577
-1383.500 62.500
-1392.500 8.507
-767.492 1166.510
1264.500 602.497
1066.500 914.498
-1243.500 -658.499
-793.505 1166.500
-1370.500 361.495
969.508 -1044.500
-907.501 -1098.500
1362.500 436.499
-1225.500 750.494
1206.490 -783.501
1406.500 305.503
1442.500 -131.499
1373.500 487.502
1215.500 810.502
-1370.510 509.500
1072.500 -997.503
1448.500 221.505
-1352.490 581.500
1480.500 56.503
-1473.490 -200.501
1258.500 -804.501
1274.510 784.508
1458.500 387.498
-1491.500 -234.496
1335.500 709.499
1290.510 795.503
-1505.500 -257.500
1498.500 325.501
1186.500 -973.496
-976.501 1193.500
1291.500 -875.505
1411.510 666.506
-1544.500 -233.503
-1477.500 -516.504
1147.500 1073.500
1506.500 480.500
-1119.510 1118.490
1428.500 -688.501
-1192.490 -1054.500
1589.500 -205.502
1254.500 1001.500
1330.510 -899.496
1601.500 -155.112
1601.500 -155.501
-1295.500 -973.497
1413.490 -804.500
1092.500 1204.500
1132.500 -1194.500
-1253.500 -1070.500
-1519.500 645.503
1483.500 -728.509
-1522.500 -666.505
1251.500 1109.500
1219.500 -1149.510
-1265.500 1097.500
-1265.550 1098.720
1429.500 888.508
-1266.500 1115.500
1574.490 623.499
1317.510 -1072.500
1479.500 -836.507
-1450.500 908.498
1496.510 866.497
1424.510 -993.499
1607.500 -678.493
1434.500 997.502
1485.500 -970.499
1357.510 -1188.500
1468.510 1074.500
-1585.500 907.506
1596.500 900.501
1523.500 -1066.500
1478.500 1173.510
-1584.500 1094.500
-1617.490 1119.500
