0.493 -0.493
-6.504 44.503
151.500 114.501
-132.504 168.498
-159.501 158.505
46.496 230.500
-146.498 213.505
-289.493 -85.511
-222.496 224.506
40.501 -322.495
315.493 -82.504
137.496 -305.505
-6.496 347.497
-248.505 -292.498
-385.499 -35.499
314.502 -249.500
-38.506 400.493
-133.506 381.497
402.501 97.497
336.501 284.501
-240.497 -394.494
109.502 449.499
431.498 170.502
64.506 -461.505
-465.507 -16.498
-276.498 382.494
-463.500 172.501
282.502 -422.501
-469.496 195.498
37.495 538.501
549.504 51.500
480.499 -279.508
200.502 -521.496
-528.500 209.497
398.498 427.497
16.494 593.504
568.500 216.497
380.505 480.502
346.506 -507.493
123.499 -603.495
498.498 363.503
326.499 -524.497
408.495 -495.502
-497.499 407.494
-513.499 -406.492
565.496 -385.495
-691.509 -24.497
-533.501 457.503
242.497 676.501
458.499 -567.499
69.498 -732.503
126.504 -728.498
-181.496 722.502
-715.507 -213.508
734.501 -161.503
-690.495 306.499
632.496 474.497
539.500 -579.504
-190.494 -771.500
-459.500 -655.501
179.506 -791.502
377.501 -727.497
-640.493 510.499
846.496 95.502
291.500 -830.500
-188.493 -859.495
-830.500 290.505
772.500 425.498
445.503 771.494
-716.497 -548.501
744.497 -515.502
-216.497 -894.505
171.834 904.499
-309.497 -868.501
-143.502 910.501
-519.498 769.497
-926.501 -124.503
-790.501 -514.502
-869.505 -366.495
-13.498 -958.502
-280.497 -919.500
206.494 947.499
-202.506 956.497
826.500 557.500
-1010.500 17.498
-1015.500 -113.506
691.504 -760.499
598.498 -842.503
-973.502 -363.505
-625.492 -836.498
-1007.500 -281.509
417.504 -964.500
-1005.500 -310.501
-227.494 1034.500
-1050.500 -160.501
870.495 -614.491
-354.495 1005.500
-917.493 557.494
-634.497 867.503
-529.495 -937.497
687.497 -851.501
431.501 -1013.500
-794.504 762.497
-781.501 778.499
-1103.500 68.501
-901.500 645.501
-225.505 1086.500
-675.507 -885.505
-805.503 -771.497
721.495 -852.498
-1104.490 193.498
-903.507 -665.503
1022.500 469.496
1041.500 427.502
664.501 912.502
469.505 1028.510
1102.500 271.489
737.504 865.500
-20.500 1140.500
-252.496 1113.510
-952.497 632.493
318.493 -1113.500
-49.497 -1157.500
-893.503 736.499
-1158.500 30.499
-1094.500 391.505
-526.502 -1044.500
-1166.500 -92.499
1112.510 -385.499
890.496 -771.503
-227.502 -1156.500
-1131.500 330.506
1167.500 175.490
934.499 725.498
1001.500 640.507
816.492 -867.500
1130.500 -392.494
-80.503 1198.510
216.503 1183.500
-842.501 860.507
1066.500 564.496
-972.499 719.501
-926.503 -782.502
-423.501 -1139.500
943.488 779.500
-1223.500 -50.502
473.502 1130.500
906.499 835.500
-748.497 982.505
1228.490 -184.502
1013.500 -732.502
-1257.490 39.502
-659.494 -1077.500
473.497 1173.500
-1249.500 225.505
-1270.180 29.826
1214.500 437.496
1069.500 723.504
-881.496 -946.501
1261.500 302.497
1295.490 72.497
1149.490 -603.505
-798.504 -1028.510
1279.500 249.503
954.499 -889.500
1245.500 424.495
-925.504 943.499
-815.502 -1050.500
-1182.500 610.504
689.502 1142.490
-1227.490 540.499
-1231.500 -547.504
1353.490 -115.497
-1050.500 -861.495
1380.500 1.499
-1007.500 -944.498
-1034.500 927.504
-1054.500 -909.507
1096.510 871.490
744.501 -1189.510
1389.500 270.494
750.033 -1205.300
-957.491 1073.500
-1012.510 -1034.500
1192.500 824.504
-1382.500 442.504
1074.510 -982.502
-1402.500 -397.498
-857.496 -1179.490
-1002.500 1084.500
1444.500 -348.501
1248.500 817.500
-1496.500 -125.495
1408.510 -529.500
1368.490 635.498
-1530.500 -29.504
-1423.500 564.501
-1366.500 -703.496
-1210.510 954.501
-1583.490 -231.500
1591.510 216.488
1603.500 101.500
-1579.490 325.501
1278.490 1038.500
-1165.510 1209.500
1486.500 -811.498
-1364.500 -1024.500
-1534.500 -759.498
-1372.510 1097.500
1359.500 1127.500
1548.500 -865.503
1425.500 1099.500
1501.500 -1014.500
-1524.510 995.501
-1443.490 1116.500
1570.500 -979.493
-1440.490 1171.500
-1515.500 -1109.500
-1555.500 -1099.500
1596.510 -1129.490
