0.502 -0.503
54.497 -18.499
-56.500 10.507
-122.504 -25.499
-125.497 38.508
-148.499 2.500
15.508 191.505
209.498 -47.499
95.498 -204.495
231.498 11.501
-103.499 -210.500
150.500 -197.501
136.498 211.506
-215.501 139.495
-268.508 -5.496
-112.500 246.504
192.494 194.502
73.493 -278.502
-264.499 127.504
158.499 -254.489
295.499 -78.499
-89.504 -308.500
109.501 -324.502
331.499 85.504
-88.494 331.499
-116.501 333.496
-197.503 294.505
146.498 325.502
-324.500 151.495
-351.500 -76.499
-242.506 -269.496
-339.499 135.505
-11.503 -380.501
176.503 342.500
370.501 -122.501
29.494 389.500
-120.500 -385.498
-407.498 -18.501
165.502 373.504
-389.502 145.500
12.495 -417.495
-63.495 414.502
-235.497 -358.495
78.498 429.503
108.502 -426.501
-241.505 369.494
388.502 248.494
-460.499 86.491
177.493 438.504
-316.491 359.501
-380.499 294.502
281.491 -392.500
-197.504 -443.493
-307.497 385.501
503.504 1.498
-15.494 502.493
-23.504 -513.494
476.497 -194.504
338.498 -404.495
-490.839 217.692
-500.503 -207.501
-322.501 -436.499
-72.505 539.498
-495.497 225.494
543.505 -74.503
554.501 -33.500
-555.498 55.500
25.500 -564.503
281.497 489.495
118.312 -554.031
241.501 -521.501
129.568 -560.810
332.499 -472.504
173.330 -569.728
170.991 -574.512
504.499 337.493
316.638 520.502
317.347 520.853
320.077 520.501
-595.501 158.499
607.499 125.504
-620.500 55.496
-171.495 604.491
15.492 628.505
-483.496 417.496
-531.503 -361.491
-107.501 -637.499
-644.488 67.503
-563.500 -324.497
244.832 617.364
255.628 614.183
-671.495 -20.499
610.496 -288.500
341.501 -584.497
-26.499 -681.496
433.505 -528.503
677.501 -100.507
-677.506 -106.498
-358.495 587.513
-682.504 91.497
-668.496 -167.492
346.498 599.499
-671.501 169.502
-676.522 160.432
-307.498 -625.499
-365.496 -593.503
519.498 -467.496
317.502 -625.494
-712.500 -22.501
-413.504 -585.502
46.499 -717.502
-578.502 428.496
-720.500 71.496
233.508 687.495
-699.509 -201.499
-670.495 283.500
-308.494 664.501
-376.502 -630.497
-496.503 540.493
-656.500 -331.507
-728.503 99.502
226.496 -724.489
-772.501 40.500
753.498 185.503
161.500 -763.496
111.504 776.498
-720.509 -322.494
627.495 -484.498
587.497 532.491
541.498 -590.493
219.502 -771.501
-714.501 -367.502
761.500 -261.498
-16.482 808.190
-14.498 811.498
-689.496 -430.502
-603.494 552.499
809.502 -146.501
763.501 310.497
-795.502 -227.496
-803.505 -205.499
476.503 692.500
-250.495 -807.502
-701.493 476.501
-563.500 638.501
-836.500 189.495
-395.497 762.501
749.492 -424.490
-275.492 815.498
-479.501 -716.500
-684.492 525.497
-780.498 -382.502
559.495 668.499
-172.493 -860.500
-231.497 845.497
-468.507 742.497
877.496 130.500
894.500 51.503
608.504 661.500
-889.497 130.499
-77.495 -899.496
-216.502 -876.499
-858.500 290.502
203.501 884.502
-307.493 856.500
-432.505 -813.505
912.498 -145.497
-627.505 -681.499
-894.500 -239.508
351.498 -860.500
-907.500 -219.493
730.502 -584.493
300.496 -887.500
389.502 -854.510
-911.497 -246.498
641.501 -698.506
913.499 -264.509
262.508 -915.495
-296.498 906.508
-225.501 933.501
-571.499 773.495
-938.503 -228.498
-966.495 56.501
-861.506 -442.494
891.500 386.498
254.499 -939.503
-935.496 294.499
-842.500 506.497
879.504 -444.501
-493.502 852.498
-572.499 803.501
-990.496 47.502
-841.494 -526.504
-34.497 1009.500
800.498 -629.506
-126.502 1009.500
-1010.500 129.493
-1011.500 -128.495
-847.492 571.503
-983.501 -285.499
83.501 -1022.500
-1028.500 64.501
-1030.500 -33.499
-600.502 838.503
-1031.490 34.497
-801.508 657.499
-962.500 400.500
-962.500 400.890
-583.491 868.504
307.504 1001.510
607.499 856.500
996.497 335.507
-1018.500 271.501
1028.500 271.496
-956.505 -471.501
-649.506 -851.499
-112.496 1068.500
-888.495 -620.499
1078.490 -168.500
1039.510 -333.501
-725.489 816.498
1092.500 111.501
-139.501 1090.500
-1097.510 -76.506
-1062.500 286.500
-781.497 -783.495
-637.504 906.509
121.501 1103.500
1029.500 428.498
-914.497 -642.499
332.502 -1079.490
914.502 669.509
596.506 980.505
265.493 -1119.500
-1063.500 445.491
1146.510 136.498
1129.510 242.503
-1150.500 -108.499
1058.500 475.499
-22.491 -1161.500
-1118.500 -317.504
-675.501 947.497
-464.504 1067.500
710.503 943.500
-848.492 -831.496
510.503 1075.500
-376.493 -1131.500
-576.499 1045.510
-1062.500 -558.496
-1188.500 -191.504
212.495 1191.490
-1210.500 27.503
-946.501 760.501
-1215.490 -117.500
-1205.500 -196.498
-520.504 1105.500
-1128.510 -471.492
426.495 1149.490
1225.500 -139.500
-352.501 -1182.500
-1200.490 290.503
-1027.500 690.498
1088.500 599.503
-1219.600 244.451
-1221.500 255.500
-759.501 992.505
-1088.500 -618.505
-1251.500 -32.500
1161.510 472.502
1180.500 432.504
-1196.500 383.504
-1228.500 278.502
1036.500 -718.497
-350.501 -1211.500
1265.510 -43.509
1266.710 -52.308
-1271.500 -133.498
-1048.500 -733.503
1273.500 150.497
-753.502 1038.500
-1284.500 -63.500
-1278.500 -172.500
-742.495 1057.500
1208.500 461.501
1150.500 594.498
-1244.500 -378.496
-571.502 1172.500
-793.494 1045.500
1307.500 134.500
-1200.490 -543.499
-1048.500 -803.497
-1019.510 -845.491
-1200.500 565.497
-1320.500 -147.497
-860.500 1020.500
1152.500 -696.499
-946.495 959.496
931.504 988.503
-768.496 -1121.500
-756.506 1135.500
-688.496 -1179.500
-1170.500 710.496
947.638 997.587
1270.500 -531.507
953.637 1000.210
1307.490 451.496
1054.500 900.497
-1310.500 463.501
848.501 -1103.500
1115.500 -835.497
-1273.500 583.503
936.508 1043.500
-799.918 1154.150
-1355.510 -406.496
-1214.500 -735.500
-811.498 1165.490
1231.500 -712.511
-1197.490 772.502
1081.500 -933.495
-1108.490 -911.494
-863.504 -1147.500
1379.500 -421.501
818.497 -1189.500
-1191.500 -819.498
-1321.500 608.501
-1390.500 437.500
-1425.500 322.495
1451.500 184.498
-1018.500 1049.500
-905.497 1166.500
-1210.500 855.507
1332.500 -665.509
1131.500 -971.500
-1487.500 158.501
-1216.500 -878.499
-1272.500 -802.502
1166.500 -951.490
-1080.510 -1049.510
-1115.510 1022.500
-1216.500 901.493
-1513.500 -101.498
1227.510 895.495
-1352.510 691.490
-1389.500 617.496
1191.500 -948.492
1525.500 -57.507
1244.500 887.505
1296.500 -827.496
-1279.500 860.499
1074.500 -1108.500
-1546.500 -81.503
1471.490 490.497
-1336.500 809.503
-1446.500 591.500
-1157.120 -1053.770
-1250.500 940.502
-1161.740 -1053.090
-1532.510 -345.496
-1553.500 -250.503
-1518.500 -415.493
-1319.490 858.502
-1430.500 687.495
-1493.500 -553.499
-1245.500 995.510
1319.490 -908.505
-1335.490 883.500
1287.500 977.498
-1425.500 762.500
-1603.500 231.499
-1376.500 855.502
-1437.500 -754.499
-1252.860 -1050.240
-1559.500 496.503
-1280.500 -1023.500
-1266.500 -1042.490
-1511.500 643.503
-1590.500 -422.504
-1321.500 -994.499
1270.510 -1066.500
1457.510 806.503
-1462.500 802.495
-1456.490 844.499
-1295.490 -1084.500
-1315.620 1073.980
-1216.490 1186.500
1555.500 -693.492
-1497.340 816.422
1229.500 1201.500
-1602.500 626.500
-1293.500 1138.500
-1322.480 1107.520
-1280.500 1176.490
-1308.500 1146.500
-1468.500 933.496
-1326.240 1140.290
-1328.320 1141.880
1344.500 -1133.500
1379.500 1098.500
1351.500 1203.500
1377.490 -1189.500
1422.500 -1144.500
-1394.500 1191.500
-1561.500 -1096.500
1559.490 -1144.500
