0.501 -0.499
40.494 -104.499
106.503 -38.503
45.499 -118.206
-182.495 -9.498
128.498 137.499
-152.504 167.498
-83.505 222.500
81.504 224.498
-162.501 -177.498
251.498 90.502
-95.503 254.498
-115.502 262.502
315.228 88.861
-152.491 -291.505
-294.506 150.500
-283.495 205.505
347.500 100.501
32.500 -364.497
-156.505 356.503
14.502 394.496
348.503 197.503
-334.499 250.504
-51.502 429.500
-358.498 -253.496
-437.502 77.500
-238.497 -381.503
-450.497 -131.497
-333.493 341.499
-166.497 -454.499
491.500 -33.501
-330.501 364.495
-118.496 -486.499
166.497 -481.501
323.504 406.495
210.503 -482.503
50.507 -529.503
249.500 -475.501
273.502 -465.503
-378.501 397.497
416.501 366.497
-225.503 507.497
435.500 348.500
23.499 -565.495
454.497 -349.501
-508.504 270.492
-522.501 243.496
-362.505 -474.504
470.500 -372.496
-276.504 532.500
-533.502 -278.495
563.509 216.496
-291.501 -534.507
-341.496 -505.497
-603.498 110.497
304.506 537.496
-588.497 -235.500
-550.500 -319.499
576.506 274.495
-486.491 419.495
-340.504 565.498
-576.500 -335.500
-261.499 -614.496
566.501 372.495
558.498 -387.491
678.499 -43.502
-645.506 -229.505
-466.504 503.499
-547.493 420.501
-389.496 -572.496
-164.563 677.934
-654.503 248.509
-160.464 681.937
-284.495 641.495
-643.500 285.509
-712.500 -34.500
708.494 107.490
-270.496 -663.497
-286.505 668.501
690.501 -262.500
-305.500 -673.504
582.500 -458.501
742.498 -65.502
87.498 749.499
-524.499 543.499
52.505 754.498
-765.495 -15.504
738.575 -233.346
-451.501 -633.503
742.244 -235.325
-612.505 495.501
793.501 -28.503
-607.503 517.497
-138.497 -788.507
-766.498 -233.500
64.502 799.500
-722.502 -352.497
599.500 -538.502
-395.498 712.495
-810.507 -104.502
-772.493 -280.504
-824.500 -65.509
-233.499 793.494
802.497 209.503
743.506 376.503
630.494 546.498
784.500 285.503
-596.509 588.499
127.508 828.501
-578.503 -610.501
59.513 -839.500
-650.505 534.502
266.495 799.506
-705.504 486.501
-420.500 747.503
-419.507 -762.505
-638.322 601.413
52.499 -877.493
-642.925 603.122
404.505 -785.501
-623.497 624.498
-545.500 702.500
-292.502 841.497
169.500 -884.504
-58.495 -902.503
-911.502 34.505
-202.501 -891.495
-791.498 -471.499
898.506 -216.500
-917.495 -102.501
-659.505 -648.496
47.497 -946.499
-739.501 595.494
-922.242 230.240
883.497 354.495
950.502 65.497
-926.868 230.933
-959.494 28.503
619.502 737.504
4.503 -968.501
377.497 892.492
-263.502 938.502
-488.499 844.497
-515.503 -829.499
905.501 368.507
855.505 485.495
-834.501 536.499
-972.917 219.947
-676.493 -735.495
-625.500 785.498
655.503 768.499
-845.504 555.501
-935.497 411.500
-820.498 -626.500
-909.499 -504.498
-949.492 429.502
-751.495 732.497
1017.500 263.498
-55.503 1049.500
8.496 -1052.490
-981.500 385.497
902.498 560.488
-51.505 -1063.500
-831.506 663.501
-1063.500 96.501
141.505 1060.510
-1068.500 -59.501
682.500 832.495
-983.502 -468.504
-1011.500 -417.499
720.503 -825.498
-553.500 -945.505
742.497 806.501
-533.500 967.503
-691.498 -863.501
73.494 -1107.500
1034.500 410.497
-736.500 835.499
1091.500 -276.496
-20.507 -1129.500
-886.499 698.503
-1090.500 295.503
993.501 543.493
-97.497 -1130.490
865.498 -737.503
-1005.500 530.493
1138.510 157.500
-511.499 1028.500
-821.504 -807.497
1095.500 357.500
871.499 756.497
97.491 1149.500
-1062.510 449.496
1131.500 -272.497
799.504 846.507
1166.500 -2.501
-1052.500 -531.495
-1122.500 -369.498
-384.491 -1121.500
-320.498 -1141.500
-1123.500 378.501
505.496 -1085.500
-411.499 -1125.500
549.500 1069.500
91.495 1205.500
617.499 -1043.500
-388.499 -1168.500
-550.502 -1101.490
543.499 -1109.490
-955.499 782.498
1195.500 -322.496
943.502 -803.507
-302.507 -1202.500
1103.510 569.495
-1137.500 539.501
957.492 -828.504
-1136.500 557.497
603.504 -1115.500
1080.500 663.508
889.507 -911.497
533.507 1170.500
1142.490 594.496
-944.500 -876.497
-1154.500 577.495
1275.490 -213.498
-1144.500 611.498
936.498 908.495
1129.500 657.496
-1251.510 382.496
-1315.500 -77.505
1158.500 629.504
557.501 -1207.500
838.498 1031.500
664.505 1175.500
-1153.500 -703.500
1099.500 -794.501
1353.500 -88.505
-1330.500 -266.506
-1360.490 -82.502
-1063.500 -854.500
640.503 1205.500
1249.500 551.510
1337.500 -295.502
-1169.500 723.506
775.493 1141.500
1283.500 522.498
-941.503 1022.500
-954.502 -1013.500
1340.500 379.504
-1073.500 891.499
1375.500 243.493
878.496 -1097.500
-1412.510 5.498
764.495 -1189.500
-1153.500 -816.502
1395.510 265.500
834.500 1157.500
1407.490 285.507
-1428.500 -259.499
1453.500 -15.502
1364.500 503.506
-971.506 1082.500
-1075.510 982.502
-1421.500 -320.495
-1421.490 332.500
-1025.500 1039.500
-1103.510 -959.500
846.500 -1195.500
1463.500 108.498
-855.503 1191.500
-1306.500 696.494
-1306.680 -699.624
-1312.500 -693.507
1443.500 364.499
1043.420 -1064.130
1043.400 -1064.240
-1271.500 778.504
-890.502 1196.500
1184.490 -915.502
1208.510 -885.499
-1286.490 776.500
-1475.500 -298.499
-1194.490 -921.492
-1322.500 -742.500
1235.490 885.503
1331.500 740.505
973.505 1175.500
-1377.500 -661.501
1100.500 -1063.500
-1330.510 758.499
-1427.500 -595.502
-1195.500 995.502
1434.510 -635.499
1552.500 238.498
1469.500 -581.494
-1452.500 -687.502
-1508.510 -560.491
-1158.490 1120.500
-1230.500 1069.510
-1215.510 1115.500
-1466.500 -769.495
1439.500 -836.498
-1164.510 -1197.500
-1319.510 1041.500
-1350.500 1007.510
1557.500 -662.504
1497.500 -833.494
-1379.500 -1018.500
-1577.500 685.498
-1383.510 -1068.500
-1479.500 1024.500
1363.500 1195.500
-1588.500 -876.493
1360.490 -1210.510
1554.500 -1087.500
1533.500 -1144.500
1565.500 1100.500
