0.494 -0.494
-169.499 4.498
-69.501 235.496
156.497 -206.494
-167.502 201.502
-71.500 -275.503
272.502 108.496
-76.506 283.495
105.509 -288.495
-70.500 304.503
165.501 267.498
209.495 -247.495
191.504 267.501
310.503 -133.500
-307.499 -145.498
-341.499 -11.507
-141.494 312.506
-50.504 348.495
-99.499 338.501
-242.502 277.504
-119.494 350.498
2.497 -387.498
-158.503 -357.501
-28.506 413.501
-234.506 345.493
-124.499 402.508
341.496 -266.490
355.500 254.500
-45.495 435.501
-429.494 -104.501
443.496 -64.507
-86.497 -446.497
443.501 -114.497
405.505 239.504
-189.502 440.498
367.500 -349.501
13.495 508.501
-519.498 -80.502
-529.511 38.503
381.502 -385.498
401.494 -374.500
-276.497 -482.505
429.497 -357.505
61.495 585.497
-44.504 593.507
98.495 -588.500
222.500 573.501
365.499 499.496
585.502 -234.509
618.502 -195.495
-331.491 557.501
-611.502 222.497
276.502 -592.496
-244.505 607.499
371.506 571.488
-601.497 -345.505
682.503 -141.499
177.500 -680.494
571.500 422.491
17.502 720.504
-484.502 -539.493
691.591 -320.049
-760.497 -62.495
-151.506 748.503
-558.510 -529.495
-707.512 -307.499
-110.497 -768.496
776.502 31.500
-777.497 12.503
773.759 -138.733
39.493 785.500
779.145 -133.529
447.500 -653.501
701.502 371.502
665.496 -444.504
-525.499 608.493
-603.495 544.500
297.500 764.502
153.501 811.499
-392.500 -735.501
-625.496 -559.497
325.498 778.496
-824.508 -237.498
804.505 303.492
850.501 146.506
429.497 753.498
765.498 471.495
359.505 -828.495
-73.500 -900.507
900.503 197.488
-213.505 897.501
-749.499 -574.496
496.504 -818.497
185.501 939.505
-878.498 -399.501
-457.502 849.498
-533.502 813.504
-735.505 -638.500
782.499 600.500
-891.500 423.497
-877.505 -462.499
-440.500 -893.500
-120.495 -989.499
-999.499 -133.496
-951.500 333.505
-1001.500 -161.492
-748.509 684.505
880.499 521.500
-1017.500 -174.500
602.501 -858.496
-708.512 772.505
840.503 -631.491
169.499 -1041.500
-545.554 904.666
168.506 1056.500
-551.500 917.497
1045.500 -247.500
-623.510 -874.506
-297.498 -1035.500
-810.501 -714.500
-930.498 552.505
-897.506 -614.505
537.500 952.503
986.501 485.499
1020.500 -414.501
-42.502 -1123.500
1091.500 289.500
547.502 -995.500
-825.503 781.500
887.504 723.503
505.502 -1032.510
-1148.490 -20.498
-782.499 841.497
147.498 -1142.510
-1110.500 302.501
103.502 1151.500
678.502 938.504
359.505 1107.500
372.698 -1115.070
890.498 -768.503
971.505 663.501
489.494 1070.500
-256.495 1148.510
376.967 -1117.490
958.502 689.495
-59.505 -1183.510
194.500 -1169.500
-1119.500 -398.497
-337.498 -1149.500
515.499 1082.510
-431.496 -1120.500
775.500 -917.497
161.503 1190.500
-126.502 -1201.500
712.497 -981.494
-1083.490 551.502
-1212.500 -105.496
-266.507 -1192.500
1156.490 -429.503
498.499 -1129.500
931.500 809.502
1231.500 -98.503
443.503 -1154.490
453.500 1157.510
-953.498 -798.498
545.490 -1128.500
-1225.490 -272.495
-1244.500 191.500
608.500 -1106.500
-1142.500 -544.501
1276.500 -33.502
-982.497 822.499
-1199.500 -480.507
-489.500 -1196.500
-1286.500 -148.499
710.508 1102.500
556.506 1189.500
788.492 -1054.500
-1260.500 -378.505
1321.500 -10.504
816.505 -1040.500
-1285.500 353.496
-1182.500 -624.503
1134.510 -719.503
1341.500 152.500
-1332.500 -239.497
1127.500 -759.498
-984.503 942.508
1236.500 584.497
1237.340 586.334
1066.510 860.498
1245.510 -580.500
-1354.500 -242.505
945.498 -1001.500
-880.502 1057.500
1245.490 599.500
-1360.270 -250.748
849.494 1099.490
-1239.490 -635.830
-1244.500 -626.504
884.499 -1095.500
1402.500 135.497
1005.500 -998.500
-749.496 -1207.510
1008.500 1007.500
1351.490 -468.509
-904.501 1107.500
-1310.500 588.499
1377.490 -447.504
-1266.500 -732.499
1415.500 382.501
-877.502 -1204.500
1381.500 560.507
1487.500 125.497
1199.500 -889.495
1497.500 92.505
1334.510 735.502
1534.510 -5.499
-1533.500 -47.500
1317.490 797.499
1441.500 -587.499
-1525.500 -387.508
1444.500 -655.505
1303.490 934.504
-1604.500 159.503
1567.500 -397.504
-1383.500 850.497
1196.500 -1103.510
1378.500 924.499
1309.500 -1035.500
1565.500 583.498
1175.490 1190.500
-1513.500 -729.497
1313.500 -1069.490
1358.500 1102.500
-1399.500 1069.510
-1331.500 -1190.500
-1596.500 826.500
-1494.500 -1032.500
1557.500 -959.498
1517.500 1195.500
1571.500 -1150.500
1531.500 1207.490
