0.504 -0.493
-56.503 -73.494
-60.367 -90.052
-92.497 60.503
-133.498 20.507
-117.494 -77.507
-32.499 -141.501
-75.503 146.504
-91.506 -144.505
79.497 163.502
128.505 -139.503
162.023 102.275
161.538 107.241
159.500 -131.498
96.510 -186.500
-70.362 207.657
-75.503 212.502
-57.347 219.993
-59.499 226.496
116.502 -205.007
-117.492 204.494
210.500 -116.503
241.497 46.507
240.499 -52.497
-0.497 247.495
218.483 -137.389
218.659 -138.366
187.505 183.498
-38.499 -261.493
233.043 -129.959
-269.503 -59.502
28.497 -280.502
267.494 91.497
283.507 46.494
-245.500 -152.497
-146.499 -259.495
195.496 -236.505
310.489 -30.504
-285.501 -141.499
33.499 324.504
-129.498 -303.497
-90.502 -323.499
289.497 172.497
191.494 -285.499
305.501 168.494
263.906 228.753
-5.500 -353.504
266.500 237.497
-45.500 357.493
335.498 -135.499
153.503 328.497
10.502 -363.497
100.501 -360.499
260.497 -285.504
63.495 382.504
-1.499 -389.494
-324.507 -214.493
-357.500 -157.497
297.502 258.500
-132.495 -376.504
379.499 -153.498
-392.504 -130.503
154.510 -385.501
376.500 176.499
87.497 407.490
-2.505 -418.498
-260.505 -330.504
-253.058 -338.274
-422.497 84.499
383.495 200.505
433.501 22.503
30.503 -434.500
424.504 117.500
-400.509 199.497
259.497 -369.500
410.500 199.505
-175.496 -423.502
47.497 455.498
-416.502 191.497
-172.811 -428.433
-456.497 -143.509
343.501 334.504
254.497 -407.500
-184.498 -445.500
484.495 32.498
-172.545 -457.243
82.505 482.495
37.500 -491.501
493.500 9.499
-92.503 488.495
380.501 -330.494
253.498 -440.504
175.507 476.496
-101.499 -501.504
-27.502 -518.500
356.502 -386.507
-92.507 -519.493
395.505 352.492
423.107 323.617
510.499 -158.500
503.501 179.502
-510.500 -158.503
526.494 119.498
511.501 -183.505
426.498 337.494
542.502 -59.506
-462.999 -292.504
-439.503 -330.500
336.500 -437.505
-549.503 60.494
307.172 -461.160
303.309 -466.466
303.161 -467.548
399.493 -393.495
-560.502 -33.496
-229.495 -513.500
515.502 227.495
198.499 527.500
167.504 -541.496
-509.502 -249.495
440.504 358.505
271.499 -500.505
263.220 -508.300
-450.500 353.495
-3.493 -575.501
258.493 518.500
-110.504 -573.489
443.500 -393.500
166.507 -569.501
451.506 388.502
-124.497 -585.497
-445.214 -402.271
572.497 182.496
338.508 -497.502
-450.202 -399.875
-2.499 602.500
586.499 150.492
595.494 -138.499
512.501 333.495
-606.503 -81.507
-114.498 -603.505
615.508 -23.501
-471.504 -399.491
-602.500 -174.503
-616.503 -137.503
12.505 -632.503
518.498 -367.504
-233.500 597.503
-595.490 240.497
-580.500 -276.500
629.498 -142.495
510.501 -407.499
324.497 568.500
657.499 1.494
526.495 400.499
-644.500 160.507
-117.499 -658.493
245.501 -623.500
231.497 628.505
612.497 272.500
-638.496 218.510
-675.498 -29.502
-482.494 -477.506
79.496 678.503
143.504 -671.499
-310.506 616.498
-360.499 -591.497
552.507 422.501
-613.500 328.498
-485.496 -503.495
659.501 -249.495
308.504 -634.501
-453.499 -543.512
126.496 698.501
-695.497 155.498
302.496 646.500
678.501 -225.494
492.501 522.502
524.501 -491.494
-67.505 -715.506
-721.494 -73.507
607.496 -413.502
736.504 65.498
567.501 -481.497
273.499 691.496
667.509 334.490
45.972 749.024
-661.504 -362.500
-759.495 -13.110
-759.495 -13.500
233.500 724.504
512.500 -566.502
559.492 -521.508
-244.500 -724.503
36.504 -765.502
-166.504 -748.496
-204.491 -742.505
577.502 -511.496
-241.495 731.501
-771.493 -36.496
-728.497 -260.502
-761.492 -142.507
550.501 -550.500
778.501 -99.500
-61.499 -782.499
-581.497 -537.499
676.502 413.501
11.496 -802.500
468.498 -654.501
572.506 -566.503
284.499 -758.500
-670.497 457.495
803.501 -138.494
-95.498 811.497
-807.500 128.503
-102.498 -817.500
462.502 -687.500
-337.504 758.491
-574.497 599.498
-303.499 774.498
371.501 -747.496
723.497 424.499
583.502 603.501
-596.504 -601.493
51.504 846.501
88.497 846.509
-169.497 -836.496
210.501 827.506
304.498 801.500
-832.498 -227.499
-588.505 632.500
227.503 -836.491
-427.500 756.504
593.501 639.497
878.490 -25.502
-221.500 -851.499
830.500 -305.501
652.497 -604.498
-433.506 775.503
867.500 202.499
-280.503 -845.503
-542.507 -708.491
-716.496 535.494
882.502 153.503
-683.516 -580.493
-586.493 -679.495
846.498 -321.502
-298.156 -858.034
-397.500 -818.501
-298.254 -860.305
-240.315 -879.770
-513.507 752.501
912.501 -13.503
-244.359 -879.412
846.501 343.501
849.503 -339.496
870.499 294.499
-873.500 283.502
846.493 -365.495
413.504 -826.501
923.503 -37.498
718.495 583.498
-85.501 -923.499
-495.500 -784.496
624.500 687.501
299.511 879.503
796.495 485.502
834.504 -421.504
785.491 -519.503
-299.503 -894.500
-584.500 -745.497
-914.497 249.500
934.501 170.501
513.496 806.508
-640.501 713.499
84.496 -957.494
-960.493 -7.497
-821.502 -498.496
875.499 407.505
892.502 -374.490
-694.500 677.501
112.499 -966.506
-969.505 77.498
38.502 -975.066
923.500 318.504
903.504 376.501
228.461 951.654
-524.495 -827.494
950.499 -239.498
346.496 -917.503
228.023 953.847
-173.500 -968.509
899.505 399.501
642.498 -755.499
-978.505 180.497
749.500 657.508
33.496 -998.498
-318.509 -950.504
995.503 136.499
780.070 636.502
889.504 475.506
-164.501 -995.500
921.498 415.496
799.500 621.502
759.654 -672.295
-1011.500 68.498
-269.013 -978.502
772.500 -659.490
-272.123 -978.501
-837.500 576.501
41.502 -1020.510
-369.509 -954.498
639.500 -800.509
82.496 -1022.500
-791.497 651.500
799.214 647.820
797.672 650.357
999.504 248.499
33.499 1032.510
-531.504 -892.502
-522.062 -913.497
184.494 -1037.500
38.503 1063.500
309.498 -1019.500
-540.498 -918.500
-1065.500 35.489
1016.500 327.503
645.867 -853.434
527.494 932.503
1059.500 -175.495
-188.496 -1057.500
913.495 568.507
652.131 -857.805
1080.500 -69.506
-982.497 455.503
-585.498 -913.501
-342.501 -1031.500
995.502 441.496
-374.502 1022.500
1037.500 369.497
497.496 989.499
455.502 1012.500
-260.504 -1081.510
-1076.500 -303.499
283.500 1083.500
-48.490 -1125.500
-820.500 -789.500
-786.500 838.497
957.501 639.507
86.498 1149.500
-222.496 -1134.500
119.499 -1153.500
-461.506 -1064.490
983.499 628.496
-97.506 1163.500
-509.495 1050.510
488.505 1064.500
-65.514 -1174.500
-939.503 712.502
931.504 733.498
94.490 1181.510
-920.500 -750.498
359.500 -1133.500
-79.495 -1186.500
1186.500 -85.508
1183.500 -159.504
1080.510 508.501
686.496 981.497
-803.499 -888.502
1129.500 -410.498
-1156.500 -330.504
-1193.490 -161.504
1058.500 579.498
-1118.500 -455.501
-161.501 1200.500
221.499 -1200.500
1087.490 556.509
814.494 -911.499
430.499 -1150.500
1228.490 8.498
1146.500 -461.503
-976.497 -760.493
-940.503 -811.495
-1182.500 -390.501
842.492 -919.499
-688.494 1038.510
522.503 1132.510
952.497 806.498
-438.504 1170.500
-1152.500 487.497
-963.503 -817.496
-1260.500 -83.499
998.501 779.502
-1139.500 -553.501
-765.492 -1018.500
1245.490 -272.501
-514.495 -1168.500
1004.500 -794.490
-521.507 -1180.390
696.497 1089.510
-505.501 -1192.510
1106.510 673.496
-1289.490 139.500
-842.496 -987.500
918.498 918.504
-990.500 -842.499
1180.500 -552.496
-1282.510 225.494
1230.490 -456.501
-1317.500 -67.513
915.503 965.495
-766.502 1090.500
-580.499 1202.510
1243.500 489.502
1081.500 787.502
-1133.500 -710.504
-1083.500 -787.497
1306.500 298.497
1007.500 891.504
-1340.490 -125.509
1195.030 635.974
-1143.500 -735.501
1156.920 723.655
-1038.500 -886.496
1154.500 729.501
1138.500 755.505
1312.500 387.502
-1190.500 678.498
982.223 968.956
1142.500 778.494
987.500 980.504
-1137.500 801.492
1139.500 805.496
855.494 1105.500
-1300.500 -513.500
-885.496 -1088.500
-1122.500 843.496
1131.500 -834.498
1116.500 881.503
1067.500 941.496
1428.500 16.504
-1244.490 -700.500
1206.500 773.503
1166.500 845.500
-893.493 -1134.510
-1436.500 169.496
1401.500 364.500
-1162.490 862.501
1444.500 119.499
907.503 -1132.490
-1393.500 405.500
1161.490 890.495
966.494 -1101.500
-1455.500 -170.495
-949.500 -1117.500
-1200.500 -845.495
1133.500 945.505
-1152.500 922.490
-1054.510 -1036.510
-1469.490 163.503
-1025.500 -1066.490
984.496 1104.500
1340.510 -634.499
1414.500 452.499
-1183.500 -896.499
-1229.500 833.492
-1179.630 -913.045
1209.500 875.497
-1439.500 -404.493
1354.500 652.498
1416.500 -505.504
-973.215 -1156.700
-968.814 -1161.190
1161.500 -976.498
1198.080 933.822
-1179.500 -957.496
-1391.510 -620.500
1155.500 995.501
1205.500 934.921
-1375.500 -659.507
-1130.500 -1024.490
-1090.500 -1069.490
-1312.500 -784.493
-1129.990 -1031.430
1522.500 -181.501
1466.500 475.505
-1226.500 932.498
-1233.260 926.688
-1441.500 563.503
1045.490 1152.500
1412.500 655.495
1309.500 866.500
-1041.510 -1179.500
-1327.500 -855.499
1045.490 1185.490
-1547.490 -335.496
-1358.500 817.495
1081.490 1161.500
1579.500 -254.502
-1406.500 -764.501
-1572.490 336.505
1232.490 1038.500
1479.500 667.504
-1464.510 -710.494
-1302.500 1000.500
-1404.500 -854.502
-1571.500 -483.496
-1260.510 1067.500
-1352.500 965.502
-1348.500 990.506
1310.500 1058.500
1464.500 855.499
1417.510 946.501
-1241.500 1173.500
-1501.500 -825.503
-1418.500 -963.503
-1283.500 -1143.500
-1599.490 -729.495
1559.500 872.503
1518.500 944.498
1380.510 1157.500
1518.500 984.503
1620.500 826.502
-1539.510 -975.496
-1468.500 -1109.490
1589.500 -997.500
1503.500 1122.500
1555.500 1063.500
1540.500 -1157.500
1583.500 1104.500
1557.690 1141.550
1563.620 1146.610
1574.500 1161.490
