0.502 -0.502
140.495 37.497
-134.503 79.500
138.496 -118.502
28.494 -187.500
51.500 185.500
-73.500 -181.497
-77.494 202.506
177.499 150.496
-69.500 243.506
-242.508 142.498
278.502 47.503
257.501 -125.505
-252.503 -138.505
-152.502 -248.492
-45.501 -295.495
129.502 -270.500
-121.495 274.502
270.499 159.503
-253.494 -204.502
-310.510 -132.501
196.502 -305.497
-320.497 180.504
54.494 -386.503
-237.500 -311.503
394.498 -8.496
-29.513 403.507
244.503 346.495
-340.505 -262.502
-257.500 -353.498
-444.499 -6.503
420.493 149.499
-296.504 347.502
-409.504 205.499
-456.501 50.502
-391.504 266.495
224.494 422.503
106.499 470.494
-487.500 -81.496
-403.630 -315.744
-480.502 -182.493
-513.499 37.501
-405.498 -320.510
-528.499 -37.499
409.492 -361.499
-448.436 -312.891
-459.023 -307.447
-338.507 -459.504
-252.493 516.499
548.510 186.496
-171.507 -562.493
419.499 415.503
508.500 -329.496
107.505 595.504
-579.506 -182.497
-207.500 -573.499
-342.497 -505.500
-572.497 223.500
602.494 -169.495
-607.506 -148.499
-143.494 612.497
-447.497 451.501
579.589 271.168
578.504 278.503
466.515 441.502
-553.498 -327.503
-399.499 -505.495
-254.493 -604.496
483.499 -457.498
576.499 -335.492
354.501 567.507
-608.496 -282.507
-630.503 238.506
-506.502 466.498
689.497 -60.498
-289.503 -636.503
-696.500 -84.500
446.505 543.500
-518.505 -475.508
322.495 628.503
223.504 674.497
458.500 -549.500
659.490 -283.499
-720.498 15.497
-294.500 -660.506
-691.499 246.498
577.508 461.497
-722.501 -164.498
-596.500 -449.497
607.501 447.501
502.501 -576.505
635.505 -430.494
531.500 -555.503
-475.498 604.502
-632.497 439.499
-505.504 586.499
263.496 -730.499
551.500 -549.498
-758.498 204.506
347.495 720.501
-684.502 -415.494
-490.499 636.499
-209.495 -780.498
-768.499 270.494
-76.501 814.496
-789.499 231.502
657.501 -499.502
-797.492 -231.501
460.505 -705.492
242.500 -810.493
798.509 281.505
-379.500 762.502
372.492 767.498
-483.501 705.510
-847.494 -149.494
-863.502 -58.500
-342.891 794.698
-346.311 794.526
-345.606 794.952
-270.508 -827.495
483.501 728.502
728.499 501.502
-456.496 -762.498
843.500 -285.502
622.503 -642.499
464.495 766.502
-635.500 648.498
-586.497 693.505
506.497 757.501
-774.492 491.501
-629.498 -668.500
-322.502 879.497
-918.508 214.503
-64.495 947.500
-876.497 371.491
-757.495 582.506
594.499 749.504
949.495 -139.502
-113.501 953.498
-933.498 -238.495
392.498 890.498
-731.497 -643.495
686.504 -692.499
-787.501 583.502
-415.868 892.636
229.499 958.500
449.504 886.497
-429.500 896.502
-897.500 -428.501
-929.500 356.492
-737.500 672.493
-197.505 978.497
-1003.500 133.509
-817.492 -602.500
749.497 -691.507
-775.500 -665.498
715.506 -735.502
-872.502 537.500
-694.500 768.496
-963.511 -403.506
574.502 -874.498
-421.498 -965.498
466.497 -951.496
-550.501 -911.508
-971.502 -442.504
-999.501 377.502
-447.500 970.500
-1013.500 359.502
710.501 -811.496
1065.510 179.500
735.500 791.507
135.502 -1079.500
-1073.500 189.497
859.498 -674.503
-1016.490 -400.496
-480.497 -984.491
946.498 -560.501
-760.504 806.505
-929.498 617.494
-673.508 904.497
1038.500 448.502
-1071.490 367.507
1117.500 -207.502
858.508 -751.497
723.501 -888.504
-78.507 1150.500
499.496 -1043.500
1035.500 -516.500
-1156.500 -17.506
1007.510 569.500
1050.500 531.502
-1012.500 602.505
-1144.500 299.499
1014.500 614.506
-1005.500 632.504
-1174.500 -183.496
1191.500 -84.504
-1013.500 -633.498
898.507 -798.507
-1078.490 529.492
877.504 -825.496
-1075.500 -542.498
406.496 -1136.500
1174.500 293.501
1187.510 -252.501
-583.501 1065.500
-1214.500 -147.499
1183.500 -337.497
-876.504 875.501
346.501 1192.510
981.498 -779.503
-1193.320 435.880
863.500 938.498
-1250.490 258.498
1174.500 513.505
-495.503 1182.500
-1202.500 448.506
520.495 1177.500
505.499 1186.500
1230.490 405.501
618.505 -1146.500
711.502 1097.520
-919.494 -939.500
-745.501 -1085.500
-725.181 1100.750
860.504 -1000.500
1250.500 424.505
-723.502 1104.500
-888.507 -984.494
-1321.500 -165.497
1145.500 681.509
-883.498 -1012.500
1232.510 -544.507
-1326.500 254.501
-1244.500 -527.504
-1354.500 8.497
-1310.500 368.501
1355.500 -153.494
889.500 -1042.510
-1346.500 -273.497
-1372.510 73.500
-687.499 -1193.510
-1211.500 660.501
-1086.500 853.497
-1357.500 265.502
932.505 -1027.500
-1377.490 167.497
-1387.510 -30.500
1226.500 -668.504
-1383.490 -209.513
-1037.500 939.501
-1396.500 -162.506
-773.497 -1195.500
1182.500 800.500
-1249.500 -704.499
-1404.500 289.504
-1425.500 162.497
1392.500 355.501
-857.501 -1153.500
1274.500 681.500
-1402.500 375.496
-1408.250 361.973
-1447.500 264.499
-1241.500 797.503
-1459.500 -233.495
1476.500 107.502
-1324.500 668.506
-1460.500 294.489
-1497.500 -68.507
-969.500 1143.490
-1416.500 503.500
-1016.500 1109.500
1403.500 548.493
-1509.500 -45.506
-1505.500 226.501
1266.500 -867.497
1505.500 -373.505
1528.660 -271.603
1529.140 -270.885
-1408.500 -654.499
-1150.500 1049.500
1449.500 -581.498
1541.500 -255.497
-1512.500 -394.512
-1059.500 1155.500
-1547.510 -306.498
1089.490 -1151.500
1469.500 593.502
1548.500 364.500
-1370.500 808.499
-1233.500 1026.490
-1052.490 1212.490
1139.500 1138.510
-1333.500 906.492
-1614.500 -91.496
-1254.500 -1039.500
-1555.510 -499.496
1564.500 474.500
1110.500 1199.500
1326.500 961.499
-1480.500 -713.506
-1479.510 719.505
-1604.490 388.496
-1464.500 775.501
-1583.500 -526.501
-1351.510 -996.498
1408.500 919.499
1256.500 1136.500
1478.500 -857.497
1494.510 -851.495
-1277.510 1152.500
-1361.490 1061.490
1517.500 -863.498
-1366.490 1096.490
-1457.500 -1039.500
-1404.500 1137.500
1616.500 -812.496
-1388.490 1171.510
1500.510 -1034.500
-1425.500 -1141.500
-1453.500 -1154.500
1599.500 -965.503
1494.510 -1171.500
-1555.500 1111.500
