-2.438 5.326
-5.499 11.501
59.498 -33.509
-85.498 -11.508
-1.495 112.494
119.496 -60.500
22.507 149.505
-151.496 6.497
-140.495 -51.507
-15.497 -144.504
-146.518 116.591
-146.964 118.802
-40.499 -178.498
180.504 -67.501
-214.504 38.498
-186.496 125.495
170.498 -134.501
-83.500 212.500
209.858 93.009
-155.511 -174.502
-159.508 183.497
222.505 106.499
-52.500 -243.501
-148.492 -221.509
189.497 -188.502
130.500 -243.498
-193.504 -206.504
-181.506 227.503
-286.497 48.495
281.038 67.085
283.505 80.499
69.500 -289.503
-163.502 271.507
89.505 -299.498
189.505 -257.502
-323.504 -84.498
-251.502 -219.499
310.501 -117.495
-317.497 136.502
343.505 22.499
162.495 -299.497
-342.495 -81.500
-368.499 20.499
106.502 364.503
-48.495 -371.504
366.496 113.489
-253.500 -315.500
20.502 413.502
-249.503 -336.502
407.501 -133.503
-303.498 -307.511
362.503 250.504
120.498 429.495
-449.496 75.502
61.506 455.499
-459.498 -50.505
-331.503 338.498
296.497 -369.508
-248.499 -426.499
-154.496 -497.499
-523.494 -86.495
-416.503 -332.493
-183.501 -497.498
487.497 246.498
-432.500 -337.495
-541.503 -116.503
-483.498 -283.504
-565.497 -111.492
309.507 492.500
230.502 542.503
585.503 -14.499
573.503 -115.503
266.499 542.497
158.491 -592.501
600.497 149.502
-570.501 -262.502
-631.263 42.264
-632.200 43.292
-541.508 342.496
-623.503 -155.498
-609.495 213.502
-551.496 -335.500
-223.501 617.503
-252.505 -605.499
-488.503 452.494
-557.493 379.499
-555.271 -372.992
142.499 -651.501
-426.498 528.504
-546.498 -394.493
-566.148 -375.390
-640.501 -256.494
-132.502 684.496
-568.500 -393.505
-225.508 -653.506
-684.498 -163.507
-603.494 381.501
675.507 -204.499
-691.500 199.500
-298.500 -649.504
-409.499 -596.501
704.511 -186.506
-735.500 125.503
-702.497 284.496
-456.500 -607.491
401.495 -642.491
-730.503 -232.506
-640.498 429.505
390.501 668.497
696.512 -322.496
-506.498 592.500
564.505 533.499
-605.501 505.504
588.506 -511.507
-756.502 -217.498
-748.508 255.505
-341.509 -706.496
704.500 -350.503
194.499 -762.505
-470.500 -649.502
-37.496 -801.504
621.499 527.503
50.490 818.497
-780.498 -238.503
-624.503 -523.500
719.507 -398.501
831.494 53.505
-444.501 -709.499
386.502 -740.504
839.506 75.500
69.500 -836.497
802.498 -260.505
-566.499 643.499
-835.501 -204.503
-856.495 111.499
-778.493 380.494
-849.503 177.507
-342.499 -789.500
-546.500 -684.499
-585.497 668.500
-769.510 -456.501
381.503 814.499
270.507 -849.500
-162.499 891.494
-573.664 709.692
451.499 -780.505
-909.506 -67.494
-47.504 -904.501
424.502 810.494
-237.498 -879.500
9.502 921.501
781.500 -472.503
-573.496 -717.499
897.500 202.488
-362.502 854.497
-587.500 722.506
152.501 -910.498
-111.495 929.500
299.493 -882.500
883.500 344.494
448.509 842.493
-235.503 928.506
-906.500 -303.498
-569.501 796.506
-173.504 -954.497
-778.508 612.504
-677.495 -717.504
-642.497 760.500
-858.495 502.495
-199.494 979.500
641.503 763.503
-121.501 -984.501
414.501 -914.507
81.492 -1001.500
-806.501 618.504
-1013.490 -110.508
-483.496 914.497
-964.496 -366.499
-778.501 686.500
63.071 -1025.600
854.505 584.499
67.647 -1026.960
-1029.510 156.503
420.504 -943.503
-1034.830 122.385
-1035.040 123.105
-235.495 1018.500
-38.502 1047.490
543.442 -884.536
-958.501 -415.501
540.597 -888.170
110.495 -1035.500
-1047.580 96.425
-570.504 888.506
-30.504 -1044.500
-1051.500 61.503
-882.172 -581.507
-431.498 -961.497
-882.059 -582.625
755.499 -734.498
-524.507 927.497
1005.510 333.493
-28.506 1065.500
-522.486 -920.366
1038.500 224.505
-529.901 -922.011
-11.496 1076.500
-764.506 758.499
-696.497 826.505
814.500 -696.505
-1082.510 76.505
-1006.500 -416.496
752.501 -781.497
918.501 594.501
186.499 -1076.500
372.496 -1031.500
-1084.500 -209.506
-571.498 -944.503
60.503 -1100.500
1108.490 -11.502
-131.499 -1098.500
-1069.500 -310.506
790.502 -782.501
105.500 -1113.500
-1011.500 510.500
-1031.500 469.501
-918.499 665.501
-119.494 -1118.500
-1136.560 -79.956
-1136.590 -79.891
249.499 -1114.500
-762.503 865.500
-497.499 1041.500
101.505 -1138.500
-553.505 -1003.500
-353.495 1102.500
-412.496 -1071.490
444.492 -1061.500
-1157.500 80.500
-951.503 -659.508
-1165.500 2.493
9.494 -1158.500
995.498 610.501
642.498 980.504
-877.496 -774.500
1170.490 43.501
133.500 1173.500
265.502 1151.500
-284.504 -1142.500
1181.500 -57.510
-422.500 -1107.510
29.505 1197.500
670.496 990.505
1152.510 -313.506
-1085.500 -509.497
502.505 -1083.510
-406.499 -1126.490
-1135.500 -401.504
-768.499 934.503
969.500 -706.501
-799.992 912.961
637.502 1033.500
-1198.500 207.489
-801.503 918.504
-1168.500 -331.502
-408.499 -1146.490
-1194.500 273.498
1065.500 -597.503
804.497 933.502
957.502 791.500
237.499 -1212.500
-1186.510 394.499
-1227.490 -258.495
-1179.500 466.495
1198.490 -402.495
401.501 1210.500
-1266.500 176.504
1264.500 168.501
-910.499 -898.498
1253.500 -264.504
-1068.500 -724.497
1289.580 19.152
1290.040 20.322
-1173.500 581.507
-1011.500 -824.503
-1224.500 -466.495
-970.502 -877.502
-789.501 -1042.500
1069.500 765.501
-928.493 940.504
1288.510 -287.507
-1181.500 620.497
-1308.500 314.509
-919.503 986.490
1096.500 791.499
-1056.500 852.497
-1207.490 628.500
1349.510 139.493
708.504 -1153.500
-1362.500 -161.503
-1116.500 805.497
-1072.500 -854.504
-1346.500 -287.500
-1290.500 510.504
1378.500 102.499
-1369.500 270.495
-832.503 1125.510
-1146.500 813.504
-1120.500 857.505
-1406.500 81.501
-1408.490 -34.499
-1097.500 901.498
-1019.500 1002.500
790.504 -1187.500
-1440.500 0.498
1423.490 203.497
-1431.500 -169.501
1416.500 -300.493
-1030.500 -1026.500
1084.500 -985.500
-1063.500 1031.500
1456.500 230.497
1442.500 316.499
-1348.510 654.496
-1430.500 449.497
-1287.050 -770.927
-1286.990 -771.524
-1083.500 -1039.500
1475.490 -275.494
-1406.490 -538.507
1441.500 456.505
-1107.500 1050.500
1420.500 -613.505
1532.500 276.508
1383.500 -721.498
1564.500 86.507
1413.500 -683.494
1524.500 -391.496
-1276.500 985.500
-1340.490 906.503
-1529.500 -523.500
-1079.100 1210.780
-1090.160 1200.910
-1366.510 -868.499
1147.490 -1138.500
-1374.510 878.501
-1598.500 322.504
1499.500 -630.496
-1475.500 710.503
1619.500 -235.506
1508.500 650.500
1550.500 -580.503
1340.500 1053.500
-1459.500 932.503
1273.500 -1176.500
1466.500 -933.499
1317.500 1161.500
1303.510 -1197.500
-1472.500 -1018.500
1456.500 -1151.500
1548.500 1119.500
