0.501 -0.506
-8.503 -55.503
-50.498 42.507
131.502 -34.507
-51.500 131.503
-49.506 153.503
165.504 60.500
186.499 52.501
122.499 151.499
-148.499 -131.497
198.502 22.502
-96.502 184.499
-219.491 56.504
-233.497 29.497
105.499 -212.503
-201.505 202.501
51.513 297.493
0.504 319.505
225.499 227.503
-309.497 -102.504
-260.498 201.497
-183.507 284.498
289.507 -199.495
292.501 195.501
-62.499 349.500
-350.502 67.501
-360.495 30.503
365.503 28.499
-157.490 -339.500
-239.505 320.500
129.498 -382.498
415.503 -57.497
-323.499 271.501
-9.498 424.497
-318.501 292.497
332.501 -304.501
-11.496 451.500
398.513 -235.498
338.334 -318.196
-64.502 -461.504
-360.505 307.506
-308.499 361.504
107.441 465.939
-414.506 -247.502
111.547 469.940
-410.494 259.502
-117.497 488.500
-349.332 371.415
-353.918 373.118
-334.502 393.504
142.497 -498.499
-464.503 -229.502
-291.500 -445.502
-261.497 472.493
-142.500 521.498
-236.500 -487.493
542.492 -101.503
-346.501 -439.503
-444.500 361.496
37.495 573.503
-253.500 -529.494
-520.501 -280.504
57.510 -590.505
-507.503 -318.497
-278.505 -545.502
-532.876 302.980
-614.268 5.882
608.828 -102.177
-20.496 616.490
-618.888 6.229
-543.497 319.497
-604.497 -183.501
320.509 550.495
639.497 9.499
-463.503 -445.501
605.504 218.495
-338.498 547.504
-209.502 610.504
641.500 -89.506
354.501 547.498
-627.500 179.497
332.498 -571.501
-662.344 -5.499
-640.497 196.496
-456.505 491.500
-648.502 -190.501
132.505 -664.499
581.501 348.504
-531.500 422.497
330.502 594.498
-469.504 -492.490
-609.500 -317.497
-64.504 -685.501
-670.506 152.503
-420.497 -564.502
5.507 711.504
-43.497 -717.491
181.503 -698.501
703.498 182.508
-443.496 589.499
392.502 625.504
-582.495 453.491
723.497 164.498
8.498 -747.493
-692.501 289.496
-746.492 -126.492
-253.495 723.497
-771.501 63.497
-745.503 210.498
-90.501 -786.501
-751.502 -278.495
533.505 604.501
-802.497 142.501
-233.503 782.502
356.505 -742.504
797.506 -223.507
39.507 -830.496
-646.495 528.499
-485.506 -683.496
475.505 -691.504
329.503 -780.500
205.501 827.499
-150.498 -849.503
863.503 34.494
520.503 -693.500
-814.462 294.012
-276.501 -825.502
-813.498 310.500
873.496 94.505
858.501 193.506
31.508 -881.502
562.502 -685.504
-4.501 -891.500
-829.501 328.502
586.494 -675.507
-821.502 360.500
-919.504 141.500
-356.498 -863.502
-600.501 -717.497
399.505 850.503
-697.496 -630.502
773.497 -552.500
642.504 701.502
-670.501 -681.506
-843.501 464.503
790.492 -576.500
-755.498 624.499
-513.505 -840.494
-634.510 753.505
917.501 370.493
-116.499 -983.492
-802.503 -583.505
353.501 932.496
-71.496 1007.500
-372.055 -952.501
997.497 -230.500
1021.500 -73.502
-980.497 -300.494
169.500 -1012.510
-756.506 708.503
-662.511 806.505
345.504 985.504
-711.496 764.498
-736.497 -744.498
898.505 561.497
-967.502 433.503
1045.500 203.504
885.503 -592.499
-1022.500 -305.499
-937.453 510.141
-556.502 913.498
-211.502 -1051.500
343.504 1016.500
-948.189 508.560
-1073.500 88.489
-587.505 915.493
-1068.500 -221.494
1066.500 -252.506
1093.500 112.508
-988.501 490.497
-995.496 -483.493
934.504 594.506
1116.500 34.495
1021.500 -459.508
-206.504 1101.500
-866.496 715.501
106.506 -1120.500
-438.498 1041.500
914.499 -667.493
375.504 -1068.500
1120.500 -211.494
-285.500 1108.500
-512.502 -1025.500
-385.501 -1084.490
1070.870 -427.905
1075.870 -430.320
-174.501 1146.500
254.504 -1134.510
958.495 658.496
-306.499 1123.510
461.501 1073.500
369.492 -1109.500
-832.495 830.494
-1085.500 -477.500
-896.493 780.502
-237.491 1169.490
-247.499 -1171.500
810.508 883.495
-658.502 1001.500
936.500 -752.504
343.494 1150.500
1159.500 318.494
1022.500 636.495
-1079.500 -537.500
-883.496 823.503
1196.500 186.505
492.500 -1118.500
376.501 1167.500
-977.499 750.500
-1004.490 717.500
1219.500 201.504
-832.500 -916.493
366.496 -1183.500
-1129.490 -515.503
321.494 -1205.500
738.505 -1015.490
789.501 980.510
-632.499 -1093.500
1205.490 396.501
-437.496 1191.500
1080.500 678.504
-1209.500 411.500
-659.503 1105.510
1285.500 -110.509
-1293.500 -42.503
1161.510 592.508
-746.498 -1070.490
1244.500 -408.502
-664.508 1130.500
-832.499 -1030.500
-1329.880 101.036
-1330.200 97.210
-1118.510 726.505
-976.678 -911.631
-982.499 -905.498
1345.500 97.504
-1087.500 -807.498
-721.501 1146.500
924.490 993.503
-1041.500 -873.503
1304.500 384.505
897.509 1021.500
-1352.500 -140.503
-991.503 -954.499
1356.490 249.500
-1162.500 -772.497
-1399.500 -120.498
-1376.500 -289.500
1112.500 864.501
-849.500 1129.510
-785.501 -1177.490
1040.500 967.501
-867.502 1126.500
-1075.500 932.493
-1112.500 -898.500
-871.499 -1136.500
1222.510 748.507
1425.490 197.503
-995.502 1071.500
-1355.500 560.496
1102.510 987.500
1390.500 509.508
1421.500 415.495
-1020.500 1075.500
1485.500 -9.498
-1005.840 1099.410
-1125.500 -980.499
-1019.510 1096.500
-1334.500 684.500
-929.508 1196.500
1083.500 -1062.500
-1458.490 -415.495
-1005.500 1141.500
1461.500 442.510
1443.500 506.500
-1469.500 442.493
1462.500 -469.496
1527.500 -176.493
-1423.500 586.507
1477.500 479.500
1238.500 -967.502
-1298.500 -890.504
1506.500 -465.497
-1525.490 434.501
-1569.500 255.497
-1596.500 -12.504
1246.490 1014.500
-1478.500 644.504
-1248.510 1025.490
-1364.170 892.947
-1569.490 -447.500
1582.500 403.503
-1364.810 895.022
-1240.510 -1085.490
-1433.490 814.496
-1541.500 617.507
1580.490 -518.499
-1542.490 -676.501
1329.500 -1041.510
-1379.500 -1001.500
1544.500 742.505
1346.500 -1069.500
1275.490 -1160.500
-1558.500 754.495
-1578.490 -757.504
-1557.500 -898.504
-1422.510 -1108.510
1504.500 -1033.510
1416.500 1171.500
-1479.500 1095.500
-1494.500 1155.500
-1537.500 1099.500
-1616.500 998.502
1599.500 1174.500
1609.500 -1169.500
