0.494 -0.500
-72.502 -12.505
85.502 -39.502
-9.499 -99.506
-157.499 -34.500
138.498 153.502
123.499 -180.498
17.504 241.495
240.501 118.506
-224.496 -150.502
54.497 273.504
-167.504 -255.498
-54.496 -307.500
-91.496 302.496
283.498 -153.494
-270.496 -209.498
-303.497 -179.499
116.496 -346.492
-88.499 361.500
-10.502 377.496
-285.493 -262.494
-364.501 -162.500
334.496 -240.503
131.502 392.511
-57.492 419.499
-349.494 250.506
-277.497 -337.493
-440.506 -31.504
-442.501 26.507
292.492 341.504
251.503 -378.497
18.496 -459.494
-458.503 36.499
-228.494 -402.497
210.499 428.497
-480.502 -65.497
365.502 321.500
-101.500 479.503
461.491 169.496
-339.510 -361.503
452.503 204.500
-153.505 473.503
329.504 -378.485
77.502 497.499
-41.502 509.500
250.505 446.495
93.500 -507.489
-514.503 24.501
-96.500 -508.500
10.500 523.494
459.503 252.504
135.497 -508.504
-427.500 323.494
190.500 -503.505
218.504 -501.497
556.495 -66.508
87.501 559.503
62.500 -571.495
-29.502 574.500
-279.498 504.497
-484.497 346.496
-238.499 -552.503
531.499 -292.493
-132.506 -627.512
-95.496 636.503
-629.506 -163.496
-457.498 -466.494
-653.501 64.500
348.500 -559.501
640.492 -217.502
681.502 30.498
546.496 -414.497
-693.505 -96.495
-106.496 -693.504
-250.515 -663.504
421.503 571.499
-644.500 299.499
-714.504 -71.498
654.496 -313.503
288.501 -670.505
-668.498 300.501
-165.600 -722.983
-164.163 -723.359
-614.508 439.499
740.495 207.503
-181.497 751.500
-783.508 -91.496
738.501 -286.503
-162.497 779.499
797.499 -24.488
31.502 -797.504
57.499 -804.503
800.489 117.498
655.494 474.496
216.496 786.502
-572.498 -586.503
-471.502 -672.500
206.504 -800.499
-789.501 -243.496
761.498 331.494
512.501 -655.499
-636.495 535.504
49.498 -834.504
734.503 -419.500
-839.492 -97.497
-582.497 -615.503
-443.497 -726.496
-755.499 399.506
-816.502 -279.498
363.499 -788.506
518.497 697.497
868.503 137.496
-871.496 120.495
228.498 856.496
750.499 -484.504
616.498 647.497
-832.504 324.500
739.503 510.494
-826.497 -353.511
-815.495 422.510
-42.504 918.500
412.500 -823.497
720.497 597.495
174.505 -932.500
-253.508 -914.505
951.497 -13.500
785.499 -549.501
-70.497 967.500
-618.500 -760.491
961.505 -218.500
120.501 -988.500
241.501 970.487
907.501 -427.497
-831.643 562.255
-970.500 261.507
1006.500 -57.503
-833.875 566.078
-750.501 -674.499
-57.495 1020.500
1024.510 -7.498
950.502 -404.495
429.505 938.498
-93.492 -1030.500
887.500 543.504
851.501 -609.491
268.496 -1013.500
378.504 -987.508
117.505 -1053.500
897.509 568.496
-174.504 -1056.500
-836.500 667.497
10.502 1073.500
1078.500 63.501
-922.495 -566.504
875.499 -639.503
295.501 1043.500
138.505 1076.500
699.501 844.506
796.500 755.502
762.499 -799.503
926.504 611.502
1053.490 360.500
-1114.510 -63.493
1075.500 318.504
412.500 -1048.500
869.497 -719.497
997.499 -530.496
-1106.500 244.503
-442.501 1043.500
-1106.400 246.451
1129.490 -108.501
-1105.500 260.497
-872.494 -729.505
1079.500 -363.497
-648.504 -937.504
1118.500 -226.500
940.500 -647.501
543.507 1014.500
-1082.500 400.495
1034.510 515.500
1140.510 204.496
533.499 -1034.500
849.499 795.502
-636.506 -976.494
-527.497 -1047.510
-389.506 -1107.500
-76.501 1182.510
892.501 -788.499
-373.506 -1132.500
766.498 914.500
3.498 1200.500
84.507 -1199.490
1150.500 -359.500
-1123.500 451.497
-863.500 853.506
1147.500 403.506
1233.490 -33.504
423.496 -1179.500
1234.500 234.500
1250.510 139.499
-1121.500 572.506
1038.500 719.497
744.498 1025.500
655.506 1084.500
-1258.500 -220.501
1294.500 -58.502
-1302.490 81.491
1308.500 -48.498
-1286.500 -289.504
1119.500 699.504
-1192.510 568.502
1306.500 -231.498
536.497 1213.500
1270.500 387.503
997.502 -887.496
-618.489 1201.510
-1228.500 -590.506
1363.500 -129.501
-1231.390 -599.016
1336.500 -325.497
-1309.490 -433.497
-1107.160 829.741
-1103.490 835.496
818.503 -1119.500
-939.498 -1030.490
-832.497 -1125.500
-1213.500 724.498
-1408.500 -157.500
-1397.500 244.500
756.499 1207.490
1422.490 134.502
-1428.500 82.502
1432.490 36.496
1391.510 392.501
-1424.500 266.500
1444.500 -171.502
1331.500 587.500
1215.500 805.506
1445.500 202.494
-1389.490 453.503
1442.510 289.507
1431.500 -345.505
-847.502 1209.500
-1328.500 -652.501
-1231.070 -822.505
1427.500 -397.502
-1232.480 -822.502
-1125.500 972.501
1500.490 15.498
1300.500 -758.498
1228.490 -892.503
1343.510 -716.508
-1531.490 -7.497
1262.500 874.488
-1200.500 -960.505
1005.490 -1167.500
-1515.500 278.505
-1507.490 372.502
1361.500 753.508
-1371.500 -741.506
-1555.510 -131.494
-1574.500 126.493
1491.500 -531.503
1593.490 45.500
1532.500 -448.495
-1389.500 -799.505
1567.500 -355.499
1617.510 83.501
-1424.500 776.497
-1516.500 578.500
1613.510 -215.500
1453.500 -761.493
1583.510 -512.502
1476.500 -773.499
1548.490 -620.493
1171.500 1197.500
1304.500 1076.500
1476.500 -911.496
1333.500 -1141.500
1509.500 937.500
-1341.500 1169.500
-1619.490 -763.501
1607.500 -797.489
1396.500 1160.500
1447.500 -1109.500
-1511.490 -1028.500
-1536.500 -1066.500
1564.500 1041.510
1598.490 -1007.490
-1555.490 -1092.490
-1591.510 -1064.500
