0.887 -0.038
9.205 -14.645
13.503 11.507
10.506 -68.495
28.129 65.024
18.499 81.499
91.501 67.500
118.501 14.503
-106.498 64.498
-53.556 121.568
61.499 -120.492
135.499 -38.499
-65.499 131.495
-32.500 -155.500
-55.373 149.041
-58.304 153.302
-69.507 -150.504
-108.503 -136.502
154.501 97.505
70.500 -182.496
112.501 166.499
-17.507 201.498
145.499 151.495
33.494 -216.506
112.501 195.503
-228.494 -15.498
164.505 -163.502
-29.503 -236.501
141.500 -198.506
123.503 221.498
106.505 230.507
21.502 256.503
-78.500 -252.505
-138.256 233.428
264.495 -70.499
-18.505 273.500
-147.495 241.499
-136.506 -249.499
284.504 27.502
284.498 54.497
-95.318 -278.348
-99.360 -278.186
-152.014 -261.363
-151.900 -262.940
212.500 228.507
54.497 -312.501
-38.500 317.504
-321.506 26.501
70.494 321.497
-150.499 -294.496
138.498 304.497
267.495 206.507
-248.500 -229.495
-27.498 -356.500
-323.275 161.844
-356.498 62.499
364.500 -20.503
-355.499 88.503
-330.754 164.616
-17.498 -380.504
-165.498 -345.499
-116.999 -369.502
-350.505 164.496
-120.097 -369.501
379.984 92.107
173.496 -355.066
386.501 99.504
367.497 156.496
-344.498 -200.496
216.498 -337.496
-324.500 233.493
-212.491 -350.499
170.502 -376.499
368.501 188.502
350.497 -221.503
-218.502 353.499
-394.498 -132.500
244.496 -344.490
425.501 -28.504
404.491 -147.493
301.497 307.502
178.499 -395.500
371.496 227.500
10.493 436.502
418.151 132.461
-36.505 -436.502
418.301 133.542
-368.500 -241.515
-350.497 269.504
422.175 138.839
-143.500 420.497
223.503 385.496
-445.505 26.502
70.499 442.498
202.501 402.498
218.504 -395.499
-438.505 -107.499
-455.494 -34.490
-182.499 -419.500
-431.499 -168.498
453.496 104.496
-184.494 429.495
304.495 357.501
-103.495 -460.502
-370.502 -300.500
450.499 163.506
-359.054 -319.500
-255.502 409.500
371.504 311.499
39.495 493.507
-376.498 -324.495
97.500 -491.498
-19.499 503.503
-399.493 309.500
490.497 -133.499
232.498 452.503
-64.503 -505.499
42.508 511.505
314.499 -406.491
469.502 215.500
-292.493 435.500
-419.499 -321.499
264.505 462.500
-291.501 -452.503
-540.497 -18.509
83.497 -536.508
-173.505 514.500
-466.503 279.497
73.284 -544.688
-355.499 419.501
468.497 -291.497
513.496 209.503
324.778 458.814
324.635 459.776
493.498 271.496
532.502 -205.503
256.502 -511.500
-538.505 191.497
-407.498 401.492
316.501 480.500
340.035 468.039
433.500 -385.501
578.503 -72.503
583.503 -41.503
557.507 211.497
97.498 590.504
-40.507 605.498
-498.505 380.492
627.497 44.503
-333.505 -545.499
444.505 468.508
345.500 548.501
-337.446 -553.078
639.496 118.503
-1.504 649.498
-279.497 -586.499
-323.507 -565.499
16.497 -652.498
353.498 -549.504
624.501 201.492
-514.505 417.499
489.509 450.497
-264.505 -612.496
665.504 62.505
633.502 241.500
-613.496 289.501
674.500 90.499
-680.503 52.503
482.497 -485.498
-650.500 -217.505
687.491 47.504
682.502 130.506
-509.511 474.497
-625.494 -307.499
692.501 101.507
-468.501 525.502
416.498 575.504
-577.501 -421.500
-132.503 -719.500
344.505 652.497
-339.502 656.498
11.496 741.507
550.504 -498.506
-427.501 -612.499
722.494 199.501
260.019 707.773
625.497 427.498
259.498 713.500
-136.512 -747.506
387.488 655.504
-301.495 -701.504
-652.504 -396.496
755.501 -129.496
767.504 14.503
624.499 453.500
-342.500 -690.501
752.499 -172.501
-748.506 -186.506
-658.498 404.502
-224.498 -745.508
-466.509 623.501
-583.499 523.502
-719.500 316.503
171.503 768.503
-626.503 476.491
759.587 -221.924
369.504 702.499
764.469 -225.807
-760.499 -242.497
-34.502 801.497
14.091 807.498
8.503 812.493
466.499 -671.504
-781.500 -248.504
26.190 821.997
-799.498 -197.504
23.497 828.504
543.499 638.495
-682.499 -486.502
-341.506 770.501
-325.504 779.496
283.501 796.501
-357.501 -765.499
-238.496 -815.500
-804.497 -271.504
-191.498 -828.500
-679.506 512.497
711.503 477.493
776.499 367.507
84.495 854.505
-669.498 536.500
-669.499 536.890
657.490 557.499
-684.494 -527.506
-148.509 -853.507
605.498 627.495
-432.503 -756.505
873.663 -46.290
579.499 -664.501
-90.502 -876.497
390.498 790.507
597.503 651.507
746.501 475.500
407.501 786.501
886.501 -33.503
796.501 392.504
-390.499 -807.501
297.503 -849.507
-737.500 -514.508
-843.502 -313.501
901.499 102.496
-469.508 -780.504
533.506 739.500
361.598 845.533
589.498 -707.508
-457.501 -798.502
-622.501 -678.500
-504.495 -770.497
-571.498 724.503
436.495 -814.501
-415.498 -825.502
-896.500 -225.501
-202.497 -903.496
-458.976 -808.977
-749.219 -553.780
365.500 859.496
-754.499 -549.229
482.503 800.497
-79.361 -932.647
-812.504 -472.500
733.497 599.499
117.499 941.497
-597.495 -736.501
-622.509 716.496
-132.502 -942.507
-841.498 -446.503
-469.502 -833.499
489.504 826.502
923.501 -268.493
599.499 -754.496
467.500 -843.499
-952.494 -157.504
-349.496 -903.499
397.505 884.500
-529.500 812.504
-262.493 -935.504
129.502 -963.503
-571.501 786.501
-968.503 81.495
31.491 972.500
953.498 202.497
-683.498 -693.504
517.502 827.503
-947.504 229.489
-958.497 -181.502
-977.498 -11.501
-535.504 -824.495
640.500 747.501
243.497 953.494
789.492 -588.495
-495.502 -852.495
950.499 -274.497
-871.493 -476.501
655.498 -749.494
-814.492 -570.497
777.500 628.497
966.507 259.499
-733.497 681.504
952.487 318.496
-427.498 -911.500
970.495 285.501
967.500 303.494
-912.500 -439.501
-911.595 -444.494
33.500 -1017.500
615.497 811.495
146.513 1008.500
-869.499 531.499
-390.501 943.505
332.498 -970.501
-430.501 -932.499
-972.116 -338.905
-976.496 -327.490
-254.499 -1001.500
-529.493 -887.502
-998.502 -282.501
-965.500 -381.498
7.497 -1040.500
-1020.500 200.495
1013.500 251.498
902.491 527.509
564.501 -881.497
927.500 488.500
-1038.500 140.500
170.500 1037.500
703.501 783.501
-106.503 -1058.500
-556.501 906.503
444.501 971.497
628.496 864.502
-1056.500 -153.494
-308.495 -1023.500
689.496 818.503
334.500 -1018.500
-341.510 -1018.490
-337.658 -1025.900
-629.499 -878.496
-888.504 618.497
-656.496 -864.508
125.497 1088.500
-262.500 -1065.500
528.504 962.507
-462.501 -997.493
861.500 700.501
1008.490 -466.503
-929.497 607.506
499.506 994.496
-567.497 -959.507
532.506 980.498
-24.501 1116.500
1113.500 -152.500
-676.497 -904.493
162.503 1121.500
-1109.490 -231.498
-979.502 571.500
-54.494 -1133.510
-1134.500 19.492
-619.499 -954.500
-367.505 -1077.500
-1079.500 364.505
547.496 1004.500
1078.500 392.496
261.511 1120.500
506.506 -1034.490
1066.500 -436.499
958.504 -641.501
-1113.500 -296.501
819.501 -826.505
625.505 981.497
-910.501 726.501
-721.502 -923.503
-854.498 803.499
732.506 918.497
-817.499 842.500
-1038.500 -547.503
132.500 -1168.500
-952.502 -690.500
1008.500 611.509
559.490 1038.500
1000.500 -635.501
349.498 -1134.500
-1184.500 -120.496
-1205.500 -85.500
284.504 1180.500
1056.500 601.493
1045.500 626.497
-628.507 1044.490
-1199.500 -217.499
-1184.500 -297.502
349.507 1174.500
-715.502 -994.500
305.503 -1191.490
639.500 1056.500
-1154.510 439.504
-240.499 -1212.500
-1183.490 -394.498
-539.499 -1127.510
1238.500 -185.504
978.501 -796.495
791.499 992.504
-1260.490 -170.507
668.498 1084.500
1255.500 227.491
1194.500 463.505
1270.500 176.506
-1280.500 116.490
-1227.500 393.498
-1023.500 -784.504
-903.504 -926.498
-1212.490 453.507
1017.500 804.496
1262.500 -316.494
1300.510 87.502
1071.500 -744.499
-1278.500 -275.502
-1208.500 -523.504
1003.500 857.509
-684.503 1129.490
-542.502 1210.490
-1067.500 -792.497
603.507 1193.500
801.499 1081.490
1219.500 576.497
1074.500 827.500
-1291.500 -409.497
-751.501 -1135.500
-970.501 -958.502
-1003.500 -927.500
1357.490 186.494
-748.089 -1149.450
-1331.500 343.502
-845.498 -1088.500
-1203.500 -673.498
-772.504 -1143.500
1225.490 -646.498
1138.500 792.497
-1215.500 665.498
852.494 1097.500
1009.500 959.500
-1393.500 35.492
-1381.500 -192.496
-949.500 1022.500
-1208.500 -711.498
-1393.500 178.503
1324.500 486.499
984.502 1013.500
1180.510 -798.498
-815.499 1167.500
-1392.500 -325.493
1383.500 373.500
-1221.500 757.499
-1425.500 -211.501
1331.500 564.504
-789.503 -1212.510
1067.500 990.499
1459.490 15.498
1146.500 916.500
-1464.500 134.507
-1476.500 -6.502
1106.500 -984.501
-1474.490 -131.497
1048.500 1054.490
-1458.500 -285.505
-1311.500 -699.491
1018.500 1088.500
-1487.500 -106.501
945.507 -1160.500
934.496 1171.500
1044.500 1080.500
1177.500 -941.504
-1501.500 -243.508
-1204.500 -934.498
-1365.500 689.500
1069.500 1099.500
1381.500 667.501
1273.500 -861.500
-1128.500 1047.500
1169.500 1005.500
1266.510 -882.498
-1003.510 -1173.500
-1355.500 -740.500
1546.490 144.500
-1464.510 -520.500
-1397.490 681.505
-1322.500 -821.497
1035.510 1167.500
1387.500 -717.501
1158.500 -1072.500
-1016.500 -1208.500
-1298.500 -912.494
1193.510 1055.500
1205.500 -1042.500
-1211.500 -1040.500
-1334.500 -884.500
-1316.500 -929.496
1150.500 1134.500
-1239.500 -1095.500
-1582.510 -482.509
-1360.500 942.497
-1275.500 -1070.500
1224.490 -1145.500
-1609.510 -524.499
-1479.490 -870.504
1596.510 687.499
1560.500 -777.504
-1528.500 857.510
-1563.500 -842.493
1484.500 992.502
-1402.490 -1118.500
-1436.500 1113.490
1497.500 1093.500
1427.490 1206.500
-1596.500 -970.496
1552.500 -1117.500
1594.500 1073.500
1614.500 1175.500
