0.503 -0.506
90.141 55.499
-114.494 42.493
129.500 22.501
108.491 74.496
-46.503 122.495
70.497 159.504
-139.502 128.493
-204.494 81.504
-164.498 148.495
-262.497 -12.498
-280.502 -18.497
279.497 79.504
-290.896 -29.441
300.494 57.503
-270.498 -151.499
25.499 316.502
59.492 -315.497
125.500 -302.497
286.498 181.499
99.506 -327.509
63.499 338.491
-250.500 -251.497
317.504 -168.498
-223.504 288.500
316.502 -215.498
342.493 -211.503
-383.497 -121.503
448.496 -9.504
362.491 275.504
47.494 -453.497
-455.508 -60.499
-438.497 -145.497
-228.501 416.503
-482.500 -20.496
294.496 406.497
294.495 -409.499
-500.493 -98.499
433.496 274.494
507.500 89.500
-298.493 424.494
-243.498 476.508
458.498 -285.501
-90.496 -552.496
-125.501 -546.507
-454.492 -341.503
-574.497 73.506
-265.505 528.495
514.503 324.500
-56.503 -610.500
216.496 577.489
632.496 116.499
196.495 -615.499
-546.502 357.502
-639.495 -140.507
-607.497 259.501
-308.505 -601.499
249.499 -630.497
-558.501 -388.498
-255.500 -639.498
299.502 638.498
-657.500 258.495
-724.487 49.499
384.502 617.500
729.489 12.499
-358.494 -636.499
584.488 -439.506
-155.501 717.507
-741.500 -63.498
91.506 744.504
555.496 508.498
-651.499 378.500
613.503 441.500
-281.506 -703.493
96.506 763.499
475.494 -616.502
-779.496 -44.507
717.502 338.501
378.501 699.503
-698.501 399.501
535.503 -618.499
792.499 238.497
-250.492 796.496
-766.506 333.492
-833.500 -69.495
684.503 -483.494
-748.500 394.497
709.496 -463.498
847.504 -48.502
-681.492 513.498
-439.502 731.505
607.505 -616.503
-43.503 -869.500
293.499 819.502
-857.493 -154.505
-731.499 499.503
897.503 22.498
-785.501 -436.502
82.487 -896.502
-411.506 800.502
184.511 882.496
-887.497 -230.655
-864.501 309.499
-895.500 -219.499
-850.497 -358.496
352.501 853.503
915.499 143.499
912.501 -180.497
-441.978 817.542
301.500 892.503
-896.503 -297.497
799.496 505.499
-908.501 -270.499
-579.502 -751.502
-940.508 -172.502
-710.494 646.503
929.495 -274.498
-510.504 -829.501
-974.504 -101.502
-738.495 -649.505
483.501 -861.499
-948.498 286.510
-609.494 -795.501
526.498 854.502
-871.504 -501.499
-413.497 -918.502
1010.500 -53.499
-1015.500 9.498
556.496 852.496
-62.503 -1019.500
-212.504 -1002.500
-612.501 826.503
-1029.500 -53.498
897.495 512.505
-538.499 883.495
182.495 -1020.500
-597.502 -848.498
483.495 919.507
-229.498 -1015.500
-1023.500 186.503
-728.503 758.497
-1052.500 -3.047
-1052.500 2.503
-154.500 -1042.500
-447.501 -955.504
-892.502 564.500
127.504 1052.510
-977.502 -425.500
-1015.490 324.502
-160.378 -1060.210
-1063.500 -150.496
599.506 -894.502
348.661 1020.710
-36.498 1084.500
347.493 1028.500
-749.492 785.493
-254.500 1057.500
584.495 919.501
845.501 700.499
-601.339 -920.637
-601.015 -923.911
354.494 1051.500
-642.500 -907.502
1113.500 -0.499
-965.501 -563.506
-1027.500 439.499
-1099.500 -215.501
-101.499 -1118.500
485.507 -1014.500
-342.221 1077.530
1104.500 -254.500
-258.496 1102.500
-958.494 -604.493
-339.434 1080.740
226.507 1113.500
96.497 1139.500
-1037.500 -495.497
596.283 984.698
-1148.500 84.495
-1013.500 -552.496
-627.501 968.498
604.219 989.338
-1123.500 -287.497
7.504 1161.490
-1050.500 500.506
1116.500 331.498
-654.499 965.502
-779.506 -870.495
849.503 802.503
-475.499 -1069.490
-549.499 1034.500
-1171.500 46.500
-472.606 -1080.830
-1109.500 405.503
-1149.500 -275.505
-332.500 1142.500
624.506 -1015.500
1119.500 424.493
-1050.500 576.501
-991.496 675.506
-416.495 -1133.500
145.500 -1203.500
415.501 -1144.500
-695.499 -1000.500
-568.501 -1081.490
-471.501 1130.500
-515.502 1111.500
-634.500 -1049.500
-994.504 716.496
-356.497 -1176.500
-292.507 -1194.490
405.494 -1167.500
-830.505 916.510
1118.500 535.494
-771.500 -975.501
-1242.500 118.496
-393.500 1186.500
-682.499 1052.500
1073.510 -665.501
-1250.500 -207.513
-1232.500 306.503
748.497 1028.490
971.503 830.492
-1248.500 299.504
-1275.500 152.503
1115.500 643.504
-638.505 -1118.510
1288.500 -131.501
1278.500 209.502
-1163.500 571.506
-1073.500 -730.495
-1243.500 -379.495
-1200.500 -519.507
-941.503 -914.502
-1149.510 -635.497
-1096.490 723.496
1169.490 600.498
1011.510 -843.495
-869.502 -992.500
-1313.500 177.503
-1328.500 -7.501
1316.500 270.501
-1353.500 45.503
1233.500 565.502
-800.499 1105.500
-1167.500 -729.501
-1190.500 690.499
-1211.500 -657.494
-1242.500 599.495
1248.500 -598.502
1390.500 -12.504
-1391.490 10.498
840.504 -1114.510
1380.500 206.502
-1406.500 -37.491
1394.490 -204.503
-851.504 -1125.490
1011.500 -986.496
1209.500 732.499
-872.489 -1118.500
1417.500 -79.496
-1175.500 817.491
-1434.510 -24.503
-1263.500 679.502
1041.500 989.499
-1403.500 -341.496
-993.501 -1058.490
-1368.500 492.500
-1156.500 -917.499
-1155.620 -919.084
-1242.500 -803.498
921.506 -1159.500
-1154.490 927.500
-1380.360 536.962
993.502 -1102.500
-1394.500 513.504
1025.500 -1079.500
-1440.500 -378.503
-1046.500 1061.490
-1140.500 966.510
1496.510 -148.500
-1434.500 455.505
-1313.500 744.505
1095.510 -1042.500
1238.500 868.498
-1504.500 155.500
1408.500 -575.508
-1278.500 823.504
-1355.500 699.508
-1350.500 -723.505
948.496 -1205.510
-1078.510 -1090.500
1346.500 766.302
1346.500 768.627
1108.510 1088.500
-1542.500 -199.500
-1487.500 477.500
-1549.510 -238.492
-1268.500 925.494
-1567.500 -186.501
-1110.490 -1123.510
1582.500 74.505
-1386.500 770.493
-1135.500 -1112.500
1532.510 -425.503
-1246.500 994.497
-1383.500 -796.500
-1599.500 98.503
-1120.500 1150.500
1607.500 29.495
1596.500 -295.498
1571.490 -422.500
-1601.500 -351.498
-1505.500 650.493
-1219.510 1126.500
1413.500 900.502
1551.500 -643.506
-1218.500 -1155.500
1555.330 -653.572
-1518.500 768.496
-1518.500 768.888
-1561.510 -712.498
1511.500 -821.497
1534.500 788.498
1514.500 -840.494
-1292.500 -1154.500
1574.500 758.499
-1581.870 -748.606
-1581.860 -749.840
-1583.360 -750.676
1487.500 -984.504
-1607.100 -776.565
1390.500 1120.500
1514.500 980.509
-1554.510 914.508
-1516.500 -994.508
1458.500 -1081.500
-1456.500 1089.500
-1398.500 -1207.500
1438.500 -1165.490
1468.500 -1160.500
-1428.500 1210.500
-1486.500 -1175.500
