0.504 -0.495
-5.504 -166.499
-116.509 -155.505
20.506 207.501
-217.505 82.498
22.498 -236.496
207.500 -143.507
188.502 192.494
-172.501 237.491
16.505 317.508
85.502 -344.498
-215.499 -284.501
-311.496 176.502
310.497 -203.503
316.504 205.495
254.501 298.499
-377.499 145.501
-389.498 -159.497
-162.501 -399.500
-432.499 32.507
257.503 -371.497
-79.496 -453.504
235.500 -423.499
-480.490 -77.508
208.981 -458.025
274.500 -438.500
-433.497 -308.505
514.499 -174.501
370.494 396.504
-366.504 -401.500
-259.500 479.503
-528.501 157.504
113.496 -551.498
87.500 -561.506
448.954 -358.462
517.494 270.492
490.496 -319.500
589.500 -22.505
3.495 -592.503
-59.502 -610.497
-138.498 600.498
-570.495 235.498
-359.493 -503.511
562.502 -278.489
73.505 632.498
547.507 -327.496
-643.500 34.501
296.501 -615.506
698.491 118.501
340.494 623.498
401.501 600.497
658.497 299.495
-625.506 -364.500
97.505 -740.495
711.494 -265.505
761.501 22.497
-759.497 59.498
634.496 -424.498
-143.500 756.498
364.499 700.498
-671.497 427.500
-207.510 775.496
-786.500 210.505
355.502 -754.508
116.500 -832.496
-740.504 399.500
199.499 819.500
752.500 387.501
-91.501 -848.502
-549.504 -660.502
-642.498 570.494
769.494 -387.505
-817.502 290.498
-803.494 -344.502
820.497 -318.498
-707.501 521.499
-183.506 -874.506
-496.503 -756.503
777.499 -464.503
371.496 -832.507
819.504 411.497
-559.494 730.495
-83.499 -929.504
266.495 -896.500
-932.501 -72.495
-801.505 484.502
-422.501 -854.498
109.510 951.503
-455.501 844.507
-600.496 758.497
-287.500 -941.495
783.504 -606.503
-875.511 467.497
168.492 -982.502
906.492 414.495
258.499 -966.497
-971.498 247.499
-844.503 -557.501
808.497 -611.500
-520.499 870.501
-1013.500 -55.506
-305.493 -974.504
933.504 431.491
-738.500 718.495
699.501 765.497
1034.500 131.502
344.495 984.493
469.500 932.497
1029.500 -209.500
-564.503 887.497
-407.503 978.500
1055.500 115.505
980.500 -420.501
-633.504 -863.507
917.499 -576.504
-281.499 -1048.500
-108.496 -1084.500
-345.496 1034.500
598.497 -924.499
467.506 1001.500
921.501 -619.504
590.503 941.498
958.501 567.498
241.499 1087.500
262.501 1084.500
-1078.500 294.496
-916.502 641.506
1001.500 -512.500
-940.498 -616.506
-1005.500 510.496
-34.499 1128.500
40.499 1130.500
968.496 592.505
-696.497 -899.495
273.498 1106.500
868.495 -742.500
791.495 -830.507
-905.499 -705.501
-1147.490 -1.507
-404.505 1076.500
747.499 875.507
1075.510 -453.502
908.509 -735.491
115.498 1165.500
730.500 -917.500
-102.495 -1177.490
149.503 1172.500
-998.501 -643.498
-1182.500 117.498
-1200.500 58.505
-1132.500 402.500
939.497 -753.505
-1154.490 -341.500
1209.510 14.499
238.497 -1196.500
-1213.490 117.507
-510.504 -1114.500
1021.500 -718.500
-1245.500 77.501
1156.500 480.497
-540.503 1133.500
-690.499 1054.500
981.510 793.497
-1247.500 -226.496
1018.510 -758.498
670.495 -1079.500
1267.500 123.504
1082.510 671.499
-1180.500 -532.499
-806.506 -1024.500
1101.500 702.497
1218.490 552.504
-1257.500 461.502
-1344.510 -53.496
1366.490 -96.510
-1318.500 369.499
1229.500 621.498
956.500 -996.499
707.499 1185.500
-790.494 -1144.500
1044.490 -920.504
-1163.500 -764.504
-966.500 -1002.500
1393.500 153.497
1389.500 200.506
1197.500 736.502
954.499 1037.490
836.500 1135.500
812.505 1154.500
831.498 -1142.500
-1185.500 767.503
1395.500 268.500
1348.500 449.500
-1418.500 96.500
-1318.500 -534.496
-1137.510 856.498
-909.503 -1103.500
-1369.500 411.500
1211.500 -763.497
-947.500 -1078.510
-1403.500 -333.497
-1455.500 38.497
1348.490 559.497
1342.490 -606.501
1464.500 -261.493
1403.500 -509.501
1489.500 -108.502
-1400.500 523.498
1180.500 928.501
1503.500 16.496
-1192.500 -916.498
1377.500 631.497
-1216.500 911.503
1155.500 -1002.500
-1526.490 -95.500
984.499 -1178.490
1162.240 -1019.000
-1187.500 1006.510
-1468.500 517.502
1504.500 -431.503
998.499 -1210.490
1521.500 -388.496
1522.510 392.497
1544.500 310.497
1481.500 555.503
1570.500 -263.495
-1398.500 -762.502
1134.500 -1121.500
-1178.490 1090.490
1336.500 -892.503
-1165.500 1115.500
-1615.500 -30.499
-1599.500 -234.495
-1454.500 -715.497
-1208.490 1087.500
1515.500 612.496
1369.500 -938.505
1477.500 766.500
1460.500 -813.501
-1594.510 -512.505
1614.700 -449.802
-1363.500 1014.500
-1502.510 862.498
1463.500 -934.496
1278.500 1190.500
1420.500 -1042.500
1458.500 1027.500
1478.500 1027.490
-1482.500 -1059.510
-1458.510 -1108.500
-1561.490 1020.500
1557.500 1132.500
