0.498 -0.493
-35.497 -24.497
-87.503 -114.496
6.502 -254.509
66.498 289.504
-324.501 -22.496
3.498 337.501
-353.497 -34.495
-201.496 301.497
301.498 218.496
-218.498 300.507
370.082 -119.921
-131.509 380.495
265.495 305.493
-390.512 -113.499
-66.496 -403.498
-63.504 407.496
356.500 -210.498
334.510 272.500
46.508 431.495
295.502 328.502
-173.497 417.498
431.491 140.508
309.493 337.507
-139.502 -449.498
312.501 360.492
-381.496 -294.504
388.497 295.491
314.502 387.491
-38.498 505.500
-356.504 362.501
421.497 -316.498
99.497 517.504
-528.493 15.498
-528.509 -146.493
553.500 -99.497
451.502 -339.503
336.497 453.494
-513.499 -252.509
122.503 -567.503
-540.504 237.497
477.500 -351.499
-452.500 387.499
494.500 334.506
-591.503 -113.506
606.503 76.499
-29.498 -613.497
427.498 445.493
620.063 70.740
-637.498 -25.500
-441.498 -475.499
463.501 468.504
-611.505 -272.504
-543.503 -400.507
644.502 207.502
560.500 392.496
-423.503 536.496
-689.500 6.502
298.494 -627.496
-264.500 643.505
511.500 -480.489
-491.499 499.505
-664.499 243.501
600.501 389.499
-712.501 88.504
-635.502 -347.498
-733.500 90.506
-277.501 698.495
-23.497 -754.498
-552.499 -548.501
-776.497 -90.506
35.497 781.492
-340.495 705.499
502.503 615.510
14.495 -801.501
120.496 -803.495
368.496 723.497
812.504 -57.505
-779.499 253.500
-567.503 -595.495
496.496 -658.505
779.499 -276.505
707.500 -429.502
-526.500 -639.505
-380.503 737.503
-299.496 774.501
458.502 698.505
476.501 -691.498
378.495 752.500
842.506 -59.503
251.673 810.535
260.978 811.826
850.506 93.498
627.493 592.495
-856.499 135.498
869.500 -45.494
-255.501 834.503
-121.500 864.500
-58.492 -875.500
793.503 -378.504
586.505 656.499
222.505 858.492
-294.496 -841.499
404.498 -797.501
5.499 896.497
913.502 -144.502
911.495 168.500
-854.505 -358.493
-320.499 869.498
-652.498 661.503
-665.496 -649.505
929.502 84.506
893.501 273.490
533.506 -772.499
16.500 943.498
-682.503 -661.501
-855.500 -447.492
919.498 311.501
870.498 430.500
965.503 107.502
827.504 513.494
144.503 -963.502
229.495 946.500
775.500 -608.504
923.502 -383.501
854.502 522.498
120.499 998.502
-276.499 -976.490
338.504 956.500
279.499 976.499
342.499 -957.494
1017.500 -90.503
931.498 -428.497
-211.502 -1003.500
40.495 1030.500
493.500 -909.493
-551.498 -889.502
-77.503 -1049.500
863.503 609.499
-853.492 -625.498
549.499 -910.500
421.507 979.499
-1026.510 -301.503
354.500 -1020.500
-659.497 -857.504
173.496 1073.500
-590.502 926.498
1106.490 151.500
-1039.500 -409.500
642.501 914.503
1036.500 430.497
-999.502 514.504
-124.502 1123.500
1137.510 -22.498
1133.500 114.497
1085.500 346.501
1081.500 374.497
-1136.500 128.492
-382.503 1080.500
1071.500 414.495
509.495 1031.500
653.505 949.500
159.507 1145.500
-472.505 1056.500
-40.499 1158.490
1085.060 412.583
-739.501 906.493
1156.500 201.507
766.503 -892.508
571.504 -1032.500
697.505 952.505
1088.500 466.504
1067.500 519.503
-1047.500 561.491
735.504 -938.495
158.500 1181.500
-198.494 1179.500
-283.499 1162.500
-521.498 1082.500
847.503 853.505
-454.503 -1114.510
-348.503 1152.500
1137.500 400.510
-674.505 1000.500
-1192.500 -216.487
1177.500 290.502
1215.500 -141.505
1131.500 466.498
1226.500 -21.492
482.506 1127.500
-1002.500 -713.503
451.500 1149.510
-280.498 1206.500
877.500 876.504
-1134.500 515.500
666.498 1055.500
1082.500 622.501
-1205.500 329.503
806.504 -957.499
-930.495 843.503
-572.501 -1123.500
387.499 1199.500
-732.508 -1037.500
-979.497 816.496
1189.500 465.505
1268.500 156.505
923.498 885.499
959.491 -851.498
-505.501 1178.500
788.499 -1015.500
654.497 1108.500
978.504 839.496
-1092.500 683.501
1244.510 354.496
-1294.500 -38.504
1281.630 208.759
589.496 1157.500
1285.500 216.502
-1256.500 354.500
615.500 1153.500
557.504 1191.500
-1306.500 -160.504
-1301.500 -216.500
-1322.500 -17.496
1278.500 365.506
858.501 1023.510
1247.500 501.496
-1259.500 -478.500
1325.500 -284.501
1165.500 -703.504
1045.500 874.501
1360.500 153.499
804.500 1107.500
749.495 1148.500
917.502 -1020.500
1299.500 -446.501
1359.500 -207.495
1178.500 -724.500
-1325.500 -395.501
1139.500 -815.497
-1338.500 432.506
748.501 -1195.500
1204.500 -742.503
1286.500 598.496
-740.501 -1212.500
1281.500 623.501
1256.500 673.503
-1400.500 301.497
1032.500 996.501
-1312.500 -594.499
-1441.500 147.499
-857.497 1175.500
-1432.500 -269.500
1458.500 -246.500
-1476.500 -157.500
-1220.500 847.505
1448.510 -344.502
1434.500 423.496
1203.500 892.495
-1503.500 16.490
1357.500 653.502
-1491.500 242.495
1427.500 501.500
-1513.500 64.501
1464.510 -427.498
-1275.500 -840.501
1044.500 1128.500
1526.500 213.495
1135.820 1061.220
1138.280 1061.060
1141.500 -1061.510
1350.500 781.501
1510.500 400.045
-1217.500 982.509
1101.500 1113.500
-1006.500 1204.500
-1519.500 401.496
-1106.500 -1119.500
1080.490 1151.500
1519.500 -433.504
-1543.500 351.501
1585.510 136.500
-1236.500 1001.500
-1456.500 -656.502
-1050.500 1210.490
1430.510 734.496
1232.500 -1044.500
-1544.510 470.492
1531.500 573.503
1557.500 504.503
1479.500 -713.504
-1145.500 1189.500
1547.500 -697.502
-1200.500 1199.500
-1353.500 -1033.500
1600.510 -637.508
1259.490 -1181.490
1601.500 695.503
1340.490 1173.500
1461.500 1039.500
1391.500 1167.500
1415.500 -1183.490
1519.500 1094.500
1620.490 998.503
