0.500 -0.505
-114.495 35.497
-36.498 -143.497
-7.501 153.505
-1.506 -159.504
-182.493 19.497
192.505 22.506
77.497 -178.500
51.500 -200.500
80.502 -196.497
-123.495 -198.500
-56.499 -239.498
264.493 33.497
268.502 71.493
-278.501 44.497
141.492 -250.502
-264.498 -113.502
-205.498 -214.502
-298.503 -59.502
-264.508 153.496
263.505 159.506
30.500 318.505
295.490 -131.503
-242.496 -213.497
-26.495 -325.505
-322.501 -102.497
66.501 345.499
-344.504 77.493
7.503 -362.498
90.497 -351.497
-366.503 -34.497
201.500 -332.494
-289.171 -267.214
-291.091 -265.846
-101.501 384.498
36.496 400.492
396.500 -100.509
206.504 -358.504
62.500 409.501
-342.497 233.499
248.508 -342.498
24.578 421.585
-414.505 114.501
-176.500 -402.504
-28.494 -441.502
-117.494 -426.501
323.492 302.503
428.500 122.499
419.490 168.506
-370.498 -259.505
-310.508 329.499
-440.499 108.499
409.506 210.496
-371.495 273.497
-351.496 -301.495
-190.504 427.496
-190.504 427.888
450.502 134.497
358.496 317.496
255.779 411.207
-385.044 -296.233
-385.494 -298.480
-113.500 -477.501
256.509 422.499
494.495 -40.496
231.501 -446.499
461.495 203.499
-436.500 -253.494
37.503 -508.495
514.497 -30.499
400.497 325.504
-455.500 249.505
-88.502 513.492
-432.500 -296.495
-335.492 405.498
-59.499 -529.494
509.510 -170.496
459.493 -288.497
541.502 -53.508
-150.502 523.505
64.493 -542.503
26.502 552.502
-33.505 -553.497
86.499 -548.501
211.504 -516.495
-304.498 466.499
-325.499 -460.503
-561.496 74.503
-42.494 573.498
-107.501 565.507
-575.502 110.505
-328.500 -491.499
490.503 342.493
469.504 379.497
-406.500 445.498
120.496 -593.500
-455.495 -398.500
76.509 600.501
205.494 -571.498
228.507 564.504
604.504 -139.497
428.508 -464.499
-25.501 635.495
-634.496 58.497
-589.496 -246.497
-620.497 -155.495
-16.492 -642.501
-642.505 3.502
-325.494 -556.498
-156.495 628.499
-622.503 -189.500
128.504 -642.499
-635.509 -159.497
-624.494 214.500
253.500 -614.501
642.504 -195.499
-653.497 167.500
657.506 160.500
-656.503 -165.505
176.500 657.505
-624.495 -279.501
-515.496 -450.505
-102.506 -678.499
334.501 600.497
689.500 -8.505
610.500 -321.508
235.498 647.508
444.499 527.499
-559.498 410.503
-596.506 363.494
-237.500 -660.508
700.511 -50.501
116.499 693.497
-706.497 4.499
597.508 -387.500
-183.502 -688.503
586.924 410.144
588.851 408.768
-118.500 706.496
-228.501 681.496
-17.494 726.499
-386.504 -618.503
-401.500 613.495
-458.498 -576.501
-288.503 -682.498
595.505 444.495
111.508 -737.504
396.497 637.498
152.496 -740.503
640.493 402.501
300.495 -697.506
-601.499 -468.505
710.498 -290.506
-768.503 87.495
99.495 -768.505
705.499 326.507
-542.502 556.495
-662.499 -409.498
462.495 -628.502
-273.494 730.505
492.508 -614.500
741.500 267.497
764.506 200.499
59.503 790.493
-195.495 773.498
-783.505 -154.505
801.502 81.495
25.502 808.503
788.502 213.507
-496.493 -654.496
748.500 -342.499
-306.497 -765.505
-735.500 -372.499
720.496 -403.491
710.506 421.502
-804.500 184.510
511.498 -649.499
415.501 720.501
-219.500 803.500
-480.502 687.501
190.495 822.504
-637.500 557.499
-748.499 -410.505
-275.010 -817.500
-822.500 -262.504
-284.323 -817.503
-516.490 -698.509
454.507 -744.501
-732.500 474.498
-723.499 492.494
684.504 -548.505
543.759 -700.823
-364.504 811.501
789.494 412.502
315.498 -836.499
-719.502 535.506
287.496 -854.499
-898.499 112.490
357.498 -834.500
-165.496 -892.501
-813.505 -409.499
-561.721 717.190
-561.772 717.280
-913.498 -87.497
-884.497 256.497
-923.493 28.500
442.496 818.504
-178.504 -921.499
759.502 554.506
940.494 41.490
901.502 -287.491
710.497 -629.503
857.493 -419.501
398.508 867.503
855.510 425.494
820.501 490.499
-506.495 -816.497
-92.506 -958.498
-649.504 -710.499
-263.503 925.505
-353.506 903.500
-965.497 97.499
873.500 426.504
919.648 -317.278
920.055 -316.194
920.092 -317.336
408.498 -884.500
893.499 388.502
468.506 -860.506
767.509 614.500
-864.496 -468.495
315.500 935.499
753.509 -641.497
927.959 -345.575
914.504 -381.508
-888.493 447.500
924.503 383.501
-1002.500 33.501
-1000.500 91.497
-889.506 467.602
418.498 916.504
-553.505 841.498
714.493 711.510
-841.496 554.497
-586.498 825.506
-628.506 794.497
31.500 -1019.500
948.509 -375.503
988.504 253.502
-952.504 373.503
902.500 -485.503
-1003.500 -212.499
805.497 636.499
1013.500 171.498
-961.500 -361.495
-824.334 613.418
-1012.500 190.502
1024.500 -162.488
-835.969 621.957
326.494 990.494
-836.552 623.160
563.502 881.503
-539.501 898.502
198.499 1029.500
1049.500 -36.499
-75.501 1048.500
-391.499 976.493
-55.497 -1052.490
460.504 949.496
609.502 -863.505
-870.501 602.500
-1020.500 284.496
64.500 1060.500
1066.500 17.509
-959.498 466.499
95.495 1067.490
-960.502 -476.500
-794.505 -721.494
1005.500 389.493
-849.497 666.498
1065.500 -220.505
1077.500 159.502
-853.502 -676.496
-1068.500 -222.504
68.495 -1093.500
-1002.500 -445.498
-904.498 622.503
589.496 930.503
-440.499 1009.500
-1098.500 103.500
978.925 -537.500
-811.495 768.500
821.501 -761.495
865.498 -720.498
-1095.500 -276.489
1116.500 190.502
1136.500 -43.506
300.498 -1104.490
-855.498 -775.497
1120.500 296.492
1154.500 -132.504
777.502 864.503
937.502 688.497
1157.500 173.500
533.494 1041.500
-973.494 650.501
-1041.500 552.500
-662.498 983.502
1117.500 401.503
-219.504 1167.490
-1153.500 -291.506
-1066.490 532.490
1195.500 22.497
-1191.330 147.569
-1010.500 648.507
1095.500 -495.504
-1192.500 150.500
-1200.500 -125.497
-851.494 -858.503
-487.499 -1108.490
-109.502 -1210.500
-511.937 1102.140
-512.038 1102.550
1150.500 -399.499
-895.489 827.540
509.501 -1117.500
263.501 -1203.500
290.503 -1197.500
-244.507 -1212.500
-645.499 1054.500
746.501 -988.495
-1078.500 612.494
-1228.500 -185.498
-1234.500 148.501
-1004.510 733.498
-917.499 -841.503
-952.507 -802.504
-672.506 1056.500
-852.498 -918.496
-1123.490 560.499
-517.497 1147.500
958.508 -818.501
-1119.500 -580.500
1029.500 -734.496
1108.500 -618.507
-1270.500 23.502
669.503 -1085.500
-639.513 -1103.490
-546.501 1153.500
-909.504 897.499
-1239.500 327.501
-1185.500 -497.505
922.501 903.502
-1181.500 521.501
-1264.510 267.501
-1092.500 691.501
985.500 842.503
-783.506 1034.490
-758.502 1067.510
1306.200 -132.651
1309.890 -133.044
-561.493 -1200.510
821.493 -1044.510
-788.503 1068.500
695.496 -1139.500
978.501 908.496
-603.509 1205.500
763.498 -1118.500
-1317.500 -309.505
-946.503 969.502
701.497 -1167.500
-1079.500 828.499
1127.500 -768.502
-1008.540 927.198
-1372.510 -13.492
-1009.500 932.501
1224.500 628.503
1193.500 -698.501
1346.500 325.504
1071.490 879.498
-1323.500 439.501
1314.500 -473.509
-830.499 1130.500
-994.499 992.507
-1285.500 -577.502
-1067.500 921.496
-1051.500 967.493
-811.503 -1188.500
1086.500 948.502
1447.500 21.500
-1281.500 672.503
1204.500 -813.496
-996.504 1057.500
-1405.610 386.242
1328.500 -603.503
-1097.500 963.499
1420.510 -345.492
1396.500 -437.503
1253.500 754.497
-1058.500 1011.510
-1059.500 -1015.500
1391.500 -471.509
977.495 -1104.500
-1460.510 -259.493
-952.912 1136.800
-1471.500 -190.503
-1296.510 731.493
1178.500 -915.500
1325.500 -691.504
-1173.500 925.500
1432.500 -434.500
-967.498 1144.500
1470.500 -299.504
1489.500 -221.499
-1475.510 300.501
-1138.500 991.503
-1507.500 -128.498
1082.500 -1064.500
1509.500 -171.501
-1300.500 786.502
1060.490 1094.500
-1503.500 -247.498
1326.490 -759.499
-1276.500 -843.507
1517.500 -210.505
-1168.500 989.501
-1045.500 1121.500
-1527.500 138.507
1525.500 170.496
1055.510 1115.500
1541.500 -95.499
-964.490 1212.500
1367.500 -732.503
-1192.500 993.500
-1149.500 -1048.510
1061.500 1138.500
-1157.510 1050.500
-1222.220 978.704
1572.500 32.508
-1233.140 974.685
-1013.500 1212.500
1537.500 -400.498
1197.500 1051.500
1327.500 -885.499
1562.500 405.499
1583.510 354.505
-1323.030 940.972
-1166.500 1137.490
-1610.510 -249.496
-1518.500 -610.503
-1490.510 678.499
-1135.500 1184.500
-1283.500 1030.490
-1142.500 -1187.500
1611.500 -361.501
1314.500 1016.500
-1520.490 726.499
-1584.500 -629.503
1578.500 -664.495
-1490.500 894.503
-1393.500 1085.500
-1420.500 1056.510
-1339.500 1165.500
-1327.490 1193.500
1572.990 -847.391
1575.440 -849.439
-1607.500 824.501
-1478.500 1066.500
1571.490 -959.497
1511.490 -1081.500
1615.500 -1212.500
