0.498 -0.505
37.503 -9.504
-47.498 -2.497
31.500 -58.498
-77.497 37.504
87.500 -32.496
40.493 85.499
-137.502 -15.503
141.501 14.501
122.504 -79.499
8.504 145.496
22.499 -169.500
-169.507 21.497
71.501 -164.506
-186.499 -15.494
33.124 -186.016
-172.503 -85.498
-176.496 76.501
187.501 69.498
-155.500 -174.508
93.505 218.496
-100.496 215.503
-220.499 -99.497
-250.499 -86.504
279.505 48.501
-214.502 -188.505
-284.505 -39.494
227.499 -186.496
-239.494 176.500
-278.499 134.494
314.500 2.505
-163.501 272.497
-301.494 111.503
312.499 123.501
320.496 103.504
266.493 206.499
151.500 303.499
245.502 -242.496
-114.502 326.501
-367.502 -27.501
-271.500 -250.502
-320.497 193.501
-4.505 386.498
251.502 301.493
391.500 142.500
15.497 -419.502
-419.504 0.493
318.495 279.495
-420.503 86.502
11.500 429.500
-305.508 -304.492
65.507 -430.502
384.502 -229.507
-124.507 -432.503
-144.502 429.505
-349.494 -289.499
-464.489 -8.498
229.498 -413.499
308.501 -360.498
-365.495 300.504
392.499 -267.503
-44.182 472.648
-5.419 -477.416
-247.502 -410.499
-32.868 478.700
-29.509 493.495
486.505 -122.498
162.495 -477.503
334.501 -379.495
-320.492 -397.493
-280.502 -433.498
10.501 -523.502
-182.503 -497.502
-416.501 329.494
330.498 -418.497
5.499 537.500
377.491 -389.495
289.501 -459.505
360.503 -409.502
241.500 490.495
390.500 394.501
-77.501 -550.492
-546.504 -109.501
-438.504 -349.510
566.499 -33.496
-178.502 -541.512
438.493 -371.503
569.501 -102.503
533.505 237.493
424.503 401.503
22.499 583.504
-563.507 -161.501
-141.435 570.887
-141.909 572.115
80.498 594.503
127.504 -587.503
402.505 450.503
273.505 -542.501
583.495 -171.501
133.021 -596.393
-528.500 309.499
-249.504 560.501
-294.492 538.501
392.494 -474.499
102.502 -607.506
-468.496 398.501
-338.504 517.502
611.494 -119.498
624.503 43.503
562.504 282.498
341.497 -530.501
330.503 545.503
-87.499 634.494
-227.651 598.848
8.500 641.506
-236.497 606.501
-99.503 -644.502
-651.503 -27.499
373.498 -539.498
-469.498 464.501
263.493 606.506
607.498 276.500
557.504 -392.495
-175.498 658.494
-647.506 212.493
687.498 -54.498
678.500 148.499
219.506 -663.500
-682.505 146.507
428.508 -554.501
336.507 -618.510
699.497 -79.500
-473.498 -535.500
-292.125 -668.045
-268.498 679.501
-722.500 -148.501
-715.500 178.503
-565.501 473.499
-111.490 -744.502
-509.161 556.711
-333.510 -679.501
124.495 746.494
346.502 -684.500
328.493 -695.505
753.500 155.505
278.508 721.500
758.501 -161.499
-137.496 -765.506
-769.495 121.496
-764.503 150.499
-774.691 -92.724
-774.751 -92.815
-304.501 -722.511
-717.500 -316.499
-788.495 107.506
-726.496 333.502
-57.502 -798.500
593.490 -539.500
272.496 753.499
760.499 -257.493
186.503 786.499
-804.493 -79.502
-688.502 -428.504
-173.490 -796.502
-603.499 -561.496
-337.502 -752.501
-112.500 818.499
630.504 -539.500
678.502 -502.500
495.505 684.503
520.496 -667.496
800.498 -286.499
699.505 -496.508
541.503 -665.506
759.501 -403.501
-350.499 -785.496
806.074 -301.342
-856.496 70.496
807.495 -304.489
846.496 -169.502
-188.499 842.497
-800.500 -328.500
586.495 -647.501
-866.962 102.265
-861.451 -147.454
-867.500 109.493
-840.503 -245.923
791.503 383.502
769.499 459.501
-648.505 629.501
-304.496 856.501
-898.499 144.500
32.496 -913.494
893.505 -199.499
-809.504 440.503
-639.505 -670.504
65.500 934.500
-827.498 440.498
-872.490 346.509
-901.499 -264.500
-577.495 -742.503
-472.501 814.497
-251.496 -909.503
-326.501 887.502
-767.501 552.501
750.496 581.496
-940.500 126.500
624.495 -716.495
-924.498 -224.110
-924.498 -224.501
-420.501 -854.497
416.504 -857.504
109.497 -951.496
780.503 556.495
-494.503 -821.501
-177.501 946.495
-694.509 -681.501
-2.504 -975.498
-570.823 795.728
-129.499 971.496
365.503 912.493
-570.547 801.257
-681.135 712.559
-631.497 -766.505
-581.193 804.379
539.502 837.504
-692.115 718.230
-999.494 32.500
-415.499 910.500
-1001.500 -19.498
463.500 -891.504
-721.501 698.487
-207.503 985.499
966.501 295.500
546.497 -852.492
-511.505 -878.500
618.500 -807.500
-228.500 992.501
-407.499 940.505
746.499 -716.502
857.502 580.504
1014.500 211.500
-139.505 1027.490
-138.500 -1033.500
684.496 -798.500
-981.506 392.499
215.501 -1042.500
336.500 -1010.500
-8.505 1074.510
301.201 1033.370
300.218 1033.830
-617.504 -885.502
-1041.500 -296.506
387.498 1017.500
951.493 -531.501
-458.499 992.501
-1082.510 166.503
1062.510 274.500
1010.500 451.495
-116.498 -1104.500
-655.504 -897.498
-926.502 615.493
974.504 -559.495
799.499 791.502
252.499 1101.500
-519.502 -1004.500
-429.504 -1047.500
-718.487 -875.504
352.501 1076.500
-615.506 956.495
280.496 1105.500
-994.506 558.500
-1142.500 -143.503
-129.497 -1153.500
-406.500 -1088.500
63.494 1166.500
-1084.500 -454.496
1134.500 -325.496
-763.504 -900.493
-971.502 674.503
1108.510 418.500
-1172.510 183.496
1089.500 -487.497
1194.580 10.049
299.499 -1157.500
1196.760 9.530
-914.495 -776.500
1039.490 -606.499
-1168.500 -298.496
1207.490 -71.509
170.502 -1199.490
1189.500 -236.499
1062.500 587.501
-425.495 1140.500
239.499 1194.500
438.507 -1141.500
-652.503 -1040.500
-569.506 1089.500
1214.510 232.500
-523.498 -1127.500
-1231.500 167.496
818.498 -939.492
1007.490 742.495
-823.506 943.496
512.493 1146.500
-1242.510 -196.493
376.510 -1204.500
585.503 -1119.500
926.501 -864.499
-1141.500 -548.506
-1151.500 526.503
-1247.500 217.498
701.493 -1062.500
-1277.500 -41.496
1002.500 795.503
-1065.500 709.504
-1265.500 -200.502
1087.500 -686.503
-745.499 1050.500
-962.504 858.505
1246.500 350.500
-1185.500 519.494
-1040.510 780.501
-943.508 903.498
-736.497 1081.500
-1312.500 61.502
519.499 1212.500
710.499 -1113.500
-1222.510 498.503
-619.504 1176.500
1318.500 227.499
600.494 -1200.500
-702.505 -1148.500
1290.500 415.508
-1174.500 -678.496
1064.500 -845.495
1242.490 -555.500
1300.700 404.983
-1080.500 840.499
-1369.500 -1.498
1143.500 -777.494
1328.490 -398.496
-1386.500 86.500
1175.500 744.494
-1371.500 -231.497
1004.500 -981.492
-713.504 1208.500
-952.503 1033.500
-1379.500 -288.496
-914.494 -1077.500
740.500 -1208.500
-1346.500 441.493
1205.510 749.495
-888.502 1108.500
-1327.500 510.505
-1354.500 -437.486
-1414.500 180.494
1368.500 -405.492
1116.500 893.501
1107.500 -913.501
1419.490 217.497
829.502 -1177.500
1444.500 -29.498
-1333.500 595.505
-1082.500 -990.497
848.495 -1199.500
1417.500 -391.502
1318.500 -654.498
-977.463 1099.010
-976.496 1115.510
-1237.500 817.495
1193.500 887.503
1416.500 -459.500
1362.500 606.504
-1375.500 576.494
-1463.510 319.501
-1499.490 74.498
1409.500 -549.499
1133.500 -1003.500
-1161.500 -987.495
-1528.500 120.499
1369.500 -694.503
1000.500 1211.510
1396.500 730.496
1552.500 273.501
-1360.500 -797.506
-1315.500 880.504
1473.500 -586.496
1555.490 -350.501
1458.500 -662.499
1440.490 -741.501
-1325.510 -938.505
-1134.500 -1164.500
-1416.500 812.496
1552.500 -526.504
-1566.500 521.498
-1544.500 -595.500
1547.500 -599.498
-1557.500 607.497
-1477.500 783.502
1376.500 -954.499
1344.500 -1003.500
-1571.500 651.502
1589.510 -664.506
-1426.510 -975.504
1585.500 -690.500
-1285.500 -1156.500
1407.500 -1060.500
1540.500 -898.502
1461.510 -1042.500
-1545.500 -912.505
1417.500 1113.500
1374.510 1184.500
1503.500 -1076.500
-1527.490 -1138.500
1565.500 -1088.500
-1531.500 1157.510
1594.500 -1080.500
1593.500 1191.500
