-2.707 0.568
76.499 6.496
-84.502 40.495
-59.502 83.503
-37.500 108.508
68.501 -131.502
-44.500 161.499
-13.504 -166.501
170.501 -26.497
133.501 158.501
-75.501 -215.501
-226.499 -50.500
-172.495 184.500
-187.328 -187.165
-65.501 -255.495
110.502 239.501
-226.499 -150.504
-201.471 -183.519
241.489 125.504
-66.504 -275.505
104.499 -267.497
53.504 284.496
1.503 291.491
227.499 -178.504
-180.503 248.492
-184.490 -244.496
-223.501 -213.501
-312.496 -31.499
-203.492 239.506
298.502 101.505
-257.497 -208.502
-284.502 178.499
311.501 -118.502
261.500 208.494
88.498 -324.492
-344.500 20.498
180.500 293.507
-275.501 215.504
-86.707 338.454
-86.732 338.524
294.502 193.509
-299.502 204.494
306.504 -186.499
-321.501 -209.500
-105.501 372.498
-131.499 366.500
-196.502 -338.494
384.505 83.507
-394.502 65.504
-371.501 -150.498
-190.856 -352.825
-351.502 -224.495
-349.494 238.505
388.495 166.498
-430.571 8.173
-193.501 384.496
-431.845 11.400
429.501 -7.494
357.501 -247.501
-438.495 66.496
-254.502 -364.495
430.497 -109.109
430.497 -109.498
255.508 -376.495
452.499 47.498
323.501 -322.499
-186.498 425.496
-457.507 -97.500
-457.502 117.501
-348.501 -318.498
-474.502 -17.493
-475.505 25.497
-429.505 -217.499
-394.502 -279.491
117.502 -471.501
-450.002 196.831
490.500 8.499
-493.507 58.502
-219.496 -444.494
-1.500 497.496
-459.319 197.481
-362.499 -344.500
-509.499 5.503
365.504 -348.501
-378.503 346.498
509.499 81.495
500.500 142.502
472.501 225.500
134.509 509.495
-512.499 150.511
-415.506 -340.499
-476.507 251.506
107.502 -525.504
-123.505 -525.491
530.494 -113.505
-548.499 12.503
-557.500 -52.501
298.502 472.497
-513.503 233.500
-31.504 -564.498
-570.501 0.503
479.496 313.496
-578.500 53.498
198.499 -551.495
-590.495 -4.500
581.495 90.504
-450.495 -394.499
344.506 -488.503
323.495 -503.497
-247.498 -548.500
-234.502 559.496
516.504 313.509
-609.536 -28.117
-613.616 -32.128
470.504 -393.502
-608.501 118.500
-597.504 166.497
225.499 -580.496
609.505 154.498
634.038 -28.882
175.496 614.504
-429.499 479.492
-571.500 -299.499
34.501 -642.506
165.504 -623.501
-616.498 -211.495
-599.504 -255.496
-225.497 616.503
425.505 -497.499
654.502 -42.505
608.502 253.499
-667.504 -7.500
-211.500 -631.500
-88.494 -664.504
-28.496 674.502
-674.521 -93.039
675.500 -24.495
-666.498 160.508
417.508 541.503
251.499 638.501
-522.500 455.495
-311.499 619.499
683.504 -121.501
177.497 -678.493
248.498 663.498
119.497 -700.508
501.504 -504.498
706.501 -82.499
442.491 560.503
-141.505 -702.497
680.500 246.496
-441.500 -584.503
-211.498 702.497
-169.500 -719.498
624.505 396.494
-539.506 -514.507
-743.500 78.502
-741.498 104.506
-152.499 739.499
-81.499 -753.497
-763.498 -3.498
186.504 740.505
450.501 -615.500
-775.500 -35.502
379.502 674.501
717.500 -293.499
604.509 -492.500
-439.492 650.494
117.501 774.502
-443.504 -647.504
-255.500 -742.496
740.499 262.494
-151.500 -775.503
769.502 185.499
549.497 573.501
664.498 -450.502
-787.510 -189.497
-349.499 -729.500
-347.282 -731.603
525.498 -615.501
325.504 748.493
-780.895 250.113
-732.493 -367.501
-783.601 246.721
-820.500 -48.493
98.503 817.507
-819.502 116.505
-505.494 662.507
-589.355 -588.359
-767.500 -336.500
-799.797 259.944
-799.826 260.403
-383.496 -746.505
-807.505 237.502
-789.492 295.500
-609.502 588.498
520.509 -665.504
-567.507 633.497
-32.503 -861.500
858.504 68.508
862.211 59.471
258.504 -826.504
250.233 -832.553
-559.502 679.501
581.497 -655.500
229.503 -849.498
695.497 546.498
108.492 -882.502
45.500 894.504
856.500 264.498
-855.496 -285.498
-802.507 420.502
269.504 -861.499
-909.499 -2.500
682.500 596.495
793.497 -441.502
-384.497 830.500
-869.503 297.496
-913.499 103.501
-727.496 564.501
-847.506 -364.503
-620.501 -688.492
386.977 846.015
-306.895 891.103
-375.494 -874.495
-936.503 190.500
-959.488 52.503
899.498 323.498
139.548 948.463
-858.495 434.499
81.495 956.503
137.746 950.719
802.500 524.499
-962.505 -66.504
323.505 -908.500
403.504 877.500
470.503 848.499
882.496 405.502
-982.496 65.502
980.507 -15.501
472.500 -860.498
-983.502 90.497
799.498 575.501
-937.500 -317.493
645.494 -749.506
-897.499 432.496
302.495 -953.502
864.498 502.488
-1004.510 52.505
539.496 -843.499
986.500 -177.505
682.489 -736.503
-1011.490 -65.504
111.500 -1004.500
1009.500 13.496
-68.496 -1014.510
821.500 -599.504
-544.495 868.498
-36.503 1023.500
757.501 -689.502
997.496 245.496
-269.491 -994.503
619.942 -821.035
494.508 -904.501
623.055 -821.973
825.496 621.498
978.498 -341.499
114.504 1033.510
540.771 -886.222
540.997 -888.457
-448.492 -942.509
-1022.500 236.502
-878.498 -579.497
-617.500 -851.501
-1053.500 13.497
155.506 1039.500
1047.500 39.494
575.499 -880.499
-123.499 -1046.500
864.501 -602.498
-1056.500 92.501
10.497 1058.500
-311.492 1019.490
-82.502 1064.500
1033.510 -262.498
-726.501 798.502
-1051.500 277.503
1047.500 -301.501
-393.496 1021.500
-1094.500 -82.499
-1097.500 50.501
-274.499 -1061.490
1092.500 119.503
-888.500 -655.502
845.496 -706.505
-800.497 771.498
-411.500 1035.500
234.498 -1087.500
-904.505 -655.505
-128.502 -1108.500
1112.500 -66.493
-681.848 891.587
-1010.500 494.503
955.506 -591.506
406.501 1050.500
855.500 731.503
-914.744 -664.540
938.499 -623.499
954.502 611.495
1131.500 94.494
-684.496 -913.500
515.504 -1018.510
966.500 -609.498
318.502 -1100.500
1143.510 -103.501
21.502 -1151.500
-174.497 -1142.500
237.500 -1131.500
-1089.490 401.504
-1134.500 256.508
-864.498 -782.503
175.500 -1151.500
-827.501 -824.500
957.500 664.495
-1056.500 -504.505
1169.500 -51.502
1175.500 -144.505
-806.493 877.497
-1192.500 17.499
477.501 -1094.510
-1123.510 419.501
-1198.500 -56.506
-954.499 729.501
-919.497 773.500
-511.499 1086.490
1192.500 -123.503
916.499 -784.500
401.508 -1142.500
-1209.500 -125.498
-525.506 -1094.500
-542.500 1087.500
1195.230 200.324
-211.499 1197.490
1190.500 236.501
-900.508 825.498
797.497 -922.492
1202.700 199.768
-1027.500 683.492
-1237.500 -16.493
671.499 -1037.500
-477.503 -1143.500
1057.500 -641.499
-460.499 1159.500
687.492 1041.510
1161.500 -456.500
-310.503 -1212.500
-1224.500 287.497
-765.501 -1002.500
488.492 1161.500
-1166.510 491.502
-1199.510 410.502
969.501 -811.501
682.493 -1072.500
870.498 -926.501
-999.503 799.496
-1161.500 -539.500
1258.500 217.499
-636.500 1119.500
798.508 1006.490
-447.502 -1207.500
-1203.500 493.500
1182.490 532.503
-667.504 1118.500
-1247.500 -382.502
-487.501 -1208.510
745.508 1069.500
1052.490 -767.498
-735.494 -1080.500
-829.501 1014.490
1253.510 -383.497
-961.498 -904.503
-1105.490 738.499
-1231.500 501.503
897.497 -980.499
970.510 -910.504
-1229.500 538.492
-967.501 934.500
-1251.500 499.500
588.495 -1210.500
-843.498 1056.500
715.501 -1142.500
1322.490 266.507
812.504 1088.500
1328.500 -279.498
1162.500 -703.496
-1315.500 369.497
1174.500 695.502
-1339.500 294.493
1284.500 469.511
1306.490 411.497
1346.500 -261.495
-1120.490 806.492
1365.500 174.504
1181.500 -730.491
-1184.490 -737.504
-1370.500 268.500
-1396.500 84.497
-1271.500 588.500
-945.499 1037.500
-1090.500 -883.503
1400.500 -7.504
-1006.500 982.496
1218.500 -696.497
-1404.500 -115.500
1313.500 507.499
-1362.500 -390.493
980.500 -1017.500
1387.500 -273.498
-1390.500 -291.506
-1374.500 364.497
-1426.500 -136.503
-1433.500 -88.501
-969.505 -1060.510
-1186.510 817.500
1074.500 -958.497
1434.500 133.505
1411.500 294.496
1019.500 -1034.510
1403.500 381.501
961.503 1099.490
-1432.500 317.504
-1394.500 469.495
1414.500 -407.502
-1407.500 498.500
-1098.890 -1013.780
1120.500 -985.494
1253.500 -815.495
-1322.500 -708.499
1495.500 78.493
-1106.750 -1017.430
-1443.500 -423.495
-1380.500 613.503
-1507.500 136.506
1148.500 -984.501
1475.510 336.494
-1292.500 -800.497
-1438.500 497.500
1514.500 102.503
-1220.500 925.503
1302.510 797.497
1422.500 -554.500
1494.500 345.504
1527.490 -163.500
-1122.510 1056.500
-1484.500 424.507
1503.510 -335.502
-1518.490 -323.502
1425.500 615.502
-1420.500 640.495
1268.500 -901.503
-1557.500 168.499
-1566.500 -26.494
1083.500 -1127.510
1008.510 -1198.500
1535.500 318.500
-1440.500 640.493
1563.500 -201.498
-1366.500 798.500
-1304.500 899.506
-1373.500 -789.498
1208.490 -1022.490
-1267.500 959.504
-1483.500 573.493
-1556.490 327.504
1357.500 828.503
-1486.500 593.502
-1600.500 -68.508
1397.500 775.492
1602.500 -23.504
-1580.500 309.501
1572.500 329.501
1291.490 -965.493
-1538.500 -531.501
1578.500 -378.502
-1344.500 919.502
-1594.500 378.504
1139.500 1178.510
1242.500 -1074.500
1218.500 1131.500
1485.510 -758.501
-1524.490 713.502
1167.500 1212.500
1334.500 1040.500
1369.500 -995.506
1348.500 1025.500
-1257.500 -1141.500
1469.500 848.502
-1596.500 589.494
1613.490 -526.494
1328.500 1062.490
-1429.500 938.500
1449.500 915.498
-1294.500 1136.500
1275.500 -1189.500
-1429.500 1045.500
1323.500 -1178.500
-1607.500 834.500
-1543.500 958.498
1468.510 -1072.500
1511.500 1057.500
1619.500 -930.504
-1602.920 1027.240
-1591.500 -1046.510
-1615.200 1018.770
-1549.500 -1163.500
1615.500 -1211.490
