-44.095 12.137
-116.100 66.138
78.899 74.133
-144.106 -86.859
96.898 -23.855
34.368 139.882
34.311 140.516
-6.100 -147.863
-189.100 95.149
-218.094 66.137
-201.101 -100.861
-236.100 57.142
27.903 231.140
86.896 -190.860
25.902 -219.865
77.898 230.141
110.895 224.135
-220.958 206.654
-223.112 214.851
-224.544 220.276
-269.103 175.130
238.890 101.132
-209.101 259.141
-262.100 224.143
-162.109 -269.856
-122.109 309.139
263.888 -8.862
-0.106 -293.862
153.903 257.145
-82.101 -301.871
270.901 -70.856
-356.102 138.145
-275.106 257.134
-362.937 129.826
-313.105 -197.865
153.900 -288.804
153.900 -288.858
-83.100 -349.862
298.910 161.151
241.911 -236.862
297.898 -153.856
346.903 14.137
-364.096 -216.856
-149.101 393.140
349.900 -21.863
108.893 380.141
-408.093 175.145
-308.092 312.139
309.896 234.140
300.899 -229.863
-459.106 105.146
289.893 282.130
-336.106 330.139
-340.090 -306.869
372.903 -115.860
-480.102 -17.868
380.886 128.150
-466.098 -116.849
-282.099 385.144
-120.102 448.138
286.901 -281.863
-237.098 -389.858
-213.095 -400.860
160.899 420.147
-415.099 280.137
199.900 -375.876
141.897 435.138
-352.112 -343.863
47.892 476.131
-70.093 -461.867
-445.101 279.141
357.892 -261.861
-406.107 340.148
84.907 486.139
-418.092 -313.862
287.341 383.788
287.358 383.866
62.901 502.142
-181.100 -473.858
-106.094 515.136
-500.099 -211.872
-370.094 402.140
406.907 -224.851
-174.516 517.778
-562.116 78.140
-173.404 520.208
-468.098 328.145
-280.099 487.137
306.901 417.138
465.902 -158.869
288.901 437.143
-128.096 554.134
-459.107 -350.863
-581.094 -116.845
401.896 -319.860
-219.096 543.145
66.908 564.139
-150.102 -541.865
-507.104 -312.863
-182.105 565.139
324.520 -423.323
-615.103 5.142
273.897 501.151
-533.094 331.145
321.903 -446.854
-93.103 597.145
-162.099 598.138
-216.097 586.141
-640.103 -89.859
545.899 -120.859
-270.101 -551.862
470.910 -311.870
268.897 -510.857
347.894 -455.858
313.898 515.134
-21.844 634.975
-24.104 640.145
563.894 -153.856
-669.096 -74.868
313.902 -510.863
-653.112 -166.862
-291.105 598.139
-88.100 -622.854
468.897 390.147
-230.092 624.132
546.887 276.151
595.902 114.141
-92.097 663.135
-232.102 -615.866
555.900 -262.865
147.901 644.136
137.909 -622.867
-253.455 638.785
-23.098 -652.855
-513.095 485.150
14.890 682.144
-707.106 -117.857
-266.093 652.142
-210.099 671.143
-691.110 227.137
-489.097 531.141
-732.106 -11.854
-278.096 -635.858
-298.041 656.214
-19.106 706.145
-303.024 657.244
-460.101 569.145
-544.268 -491.774
585.902 -326.855
-558.578 -486.135
-681.100 348.141
-239.097 -682.861
-579.095 -478.856
-746.107 198.134
-768.092 75.145
-768.966 72.691
-720.094 -261.854
-168.099 731.135
-121.110 746.133
-667.106 -391.867
-569.094 -518.861
-386.146 680.139
-308.098 718.143
659.899 293.134
714.909 46.147
-800.099 97.145
407.895 626.139
576.896 -433.856
688.914 -205.858
629.900 -370.864
48.898 -757.856
743.895 33.144
718.900 238.143
238.901 759.145
-161.104 804.139
-770.214 354.400
-581.098 -586.860
517.917 -566.865
513.251 -572.995
461.902 648.142
-466.102 -689.860
611.897 504.130
739.905 254.130
-286.098 -781.862
-419.099 -736.861
-630.105 -590.857
-653.091 592.143
170.904 829.143
-257.098 -805.852
-272.101 830.142
-353.099 805.137
421.894 726.145
-248.095 841.138
807.904 -52.867
-388.099 799.146
-904.092 26.131
-768.106 -453.854
-361.033 -790.120
-492.096 -728.854
-527.104 731.128
-360.097 -795.379
812.906 145.145
-645.101 638.131
-72.101 -856.852
-180.099 -846.857
-456.073 -760.338
686.909 -469.859
-868.103 -305.864
775.905 347.139
-871.095 331.141
-432.099 -785.857
544.897 680.142
-422.113 833.135
367.895 -793.858
-54.099 -894.863
504.908 -710.865
607.890 647.144
771.906 426.142
223.901 -865.867
-953.105 -123.869
854.900 -192.863
851.897 230.136
-922.097 -274.858
-277.106 917.144
543.897 -720.861
759.902 -476.862
-142.925 951.830
-645.097 742.142
-147.827 952.240
384.899 855.134
-151.097 -928.862
892.910 -156.860
-709.103 694.144
-777.100 -597.859
-1000.110 54.126
318.903 -873.853
800.900 464.134
-165.097 969.136
-141.956 974.001
822.900 -421.862
-578.100 -800.871
-106.101 984.127
291.893 -903.857
-0.111 -964.860
-36.094 -966.861
584.912 -740.859
887.893 -294.857
-1012.100 -152.861
-746.101 -674.863
-978.108 -300.860
-1009.090 246.136
738.904 -598.859
362.918 920.137
-9.787 -982.389
-812.097 -621.866
-428.105 936.141
244.898 975.138
-938.103 -448.861
-860.090 -579.857
304.907 961.145
930.902 -267.865
899.896 -359.861
-660.087 -805.864
-337.103 994.134
-1029.100 -277.860
524.904 -846.861
-716.103 798.143
968.898 225.665
842.901 551.139
676.900 -740.854
-740.101 -764.856
350.899 978.142
-183.096 -1024.860
-511.095 950.139
-144.099 1056.140
-1.094 1061.140
-358.096 -990.860
-911.101 612.132
507.900 -890.859
-405.098 1009.130
-517.095 -940.857
1011.900 153.146
984.901 -266.862
1004.910 227.141
-272.101 1060.130
672.902 -785.863
163.904 1069.140
572.894 900.140
-939.099 -595.864
-1096.100 274.147
-405.098 1036.150
6.910 -1073.860
565.892 -887.866
488.902 -936.854
-384.104 1050.140
938.399 495.106
-535.093 993.142
-541.101 -965.863
939.389 498.788
915.902 551.136
-179.099 -1081.860
-1025.110 -490.854
-326.106 -1053.860
-984.683 588.170
515.908 -940.853
-427.101 1049.150
-17.100 1118.150
665.509 862.609
-989.094 596.143
214.895 -1072.860
-1016.100 -541.864
-1168.100 46.147
-1005.100 601.129
-1157.100 -195.858
-1094.100 443.146
-39.095 1151.140
-1184.100 -19.861
-1078.100 496.140
-102.100 -1129.860
-487.100 1072.150
1037.890 -382.870
-357.103 -1101.860
795.778 -788.220
-262.103 -1128.870
797.426 -791.899
824.900 -766.858
-420.099 1117.150
1095.900 -238.869
-703.096 -952.858
-583.100 -1026.860
-276.097 1161.140
918.899 689.149
1000.900 561.139
-1223.100 -76.859
-592.102 1060.130
322.901 -1115.850
1026.900 528.143
1085.890 -359.864
525.905 1063.150
-938.102 807.139
-477.099 1132.150
-1244.100 -42.858
-1213.090 299.146
5.901 -1190.870
972.894 665.139
-255.093 1209.140
840.903 -833.850
931.900 752.143
-674.107 -1039.850
-1192.100 -420.857
777.911 932.143
-347.102 -1186.860
-1264.110 235.148
1159.900 311.142
446.904 -1128.870
371.905 1191.140
-787.105 -996.860
470.905 -1135.870
738.898 1008.140
-1319.100 14.141
-1204.100 -528.856
741.895 1031.140
1078.890 -616.853
-1231.100 519.133
-623.094 1166.140
-556.099 1199.140
477.556 1199.040
480.896 -1174.860
913.903 -863.864
-689.099 1140.130
-1076.100 -777.860
-1343.090 57.133
-833.109 -1021.870
-1023.110 882.145
-584.094 -1182.860
854.899 -943.857
714.900 -1059.860
-946.096 -942.849
-641.109 -1165.860
1288.890 62.136
1032.900 -780.859
-1063.100 -854.860
-1379.090 159.147
1072.900 -733.854
-1320.110 -423.858
1311.900 -52.863
-931.101 1040.140
852.904 -1021.860
1298.900 296.141
1217.910 -530.859
737.904 1148.140
986.888 936.138
1119.900 -739.864
1341.900 25.131
-1280.100 643.140
980.891 -924.869
-1368.100 447.136
722.901 1176.130
-1204.100 801.146
-1148.100 -861.853
1052.890 -876.860
834.902 -1098.860
829.904 1140.140
1221.900 681.144
1390.900 -24.857
-910.111 -1135.850
864.907 -1103.860
-1240.110 -820.860
1047.900 -958.855
-1396.840 585.138
-1401.320 588.204
-999.094 1138.140
1065.900 -970.861
-1243.090 -876.859
-1505.100 -310.856
-1205.100 -935.859
-1545.090 -0.859
-1551.100 -23.857
1061.890 -1017.860
-1251.100 937.138
1472.890 -147.855
-1314.100 863.147
1267.910 -782.849
1368.910 -589.857
1088.900 -1043.860
-1564.090 -286.863
-1069.080 1193.140
-1250.100 -988.862
1394.900 -681.869
1422.900 -621.860
-1347.100 941.142
-1504.100 -645.857
1167.900 -1095.860
1073.890 -1209.870
-1587.100 659.152
1492.890 -706.857
-1475.100 -933.862
1591.890 -517.866
1598.900 -497.861
1542.900 -656.860
1279.900 -1163.850
-1566.090 -902.864
1505.890 -1030.870
1599.900 -936.860
