0.496 -0.502
-30.500 -45.502
72.490 -17.501
-63.490 50.507
36.506 83.502
91.498 -74.498
79.501 -130.507
82.507 -150.501
-70.500 173.503
-136.500 -150.495
-72.502 197.496
6.495 -248.502
-92.502 242.507
233.501 -187.507
230.491 191.498
288.502 -96.499
282.506 112.498
-170.500 -277.498
338.499 116.503
-361.498 7.500
244.498 -295.499
-397.500 -91.499
-387.503 -138.509
333.504 -244.508
310.503 -291.492
196.498 -385.505
-366.505 -230.504
-373.503 223.499
409.498 -159.498
340.501 305.501
332.502 -316.500
63.497 458.500
-339.504 -324.502
195.497 428.505
224.496 -422.497
106.505 470.504
401.493 -284.495
280.495 -417.491
432.492 -258.500
-181.498 -479.510
-446.502 276.497
33.503 525.511
-510.496 173.496
504.502 207.504
-141.501 531.498
-532.493 168.504
435.504 -372.503
-471.490 -342.498
-529.498 261.493
547.496 -254.494
-346.511 509.500
572.503 237.494
-568.499 -258.507
245.501 -581.498
-140.504 -616.503
514.503 369.505
-335.503 -540.498
-64.504 -641.498
524.499 391.505
-185.496 627.503
-3.502 -656.498
331.494 593.496
261.501 633.501
441.496 541.497
565.504 414.501
338.506 -620.505
-16.494 706.502
183.500 683.497
-84.503 705.502
-358.497 -615.502
-107.506 -709.500
452.503 -562.490
63.498 -721.505
498.498 529.497
-132.503 -723.500
-72.500 742.505
-329.498 670.502
-472.497 581.502
619.501 435.495
-532.498 540.510
-760.499 -6.511
-760.497 32.502
-497.494 -580.508
-119.506 754.503
610.500 -469.504
511.506 575.502
-7.499 -771.494
35.493 -773.504
-176.499 -757.504
-780.501 -61.503
-752.496 -218.113
-752.497 -218.503
-784.498 24.496
-159.492 -774.503
658.499 438.506
-237.504 -761.505
-807.501 68.502
-727.496 359.498
177.497 -793.496
-787.498 211.499
323.502 749.502
-196.499 -811.497
-790.501 -278.496
844.497 -110.505
354.498 -776.505
278.507 806.497
430.952 746.996
420.923 755.207
472.324 729.886
-795.395 360.582
-689.502 538.503
-797.576 361.102
476.263 735.254
-58.496 -878.500
-325.502 -825.499
-884.495 132.508
102.484 890.497
-764.503 482.493
-25.498 904.503
-176.502 -888.505
617.502 668.497
-754.502 -510.497
-911.502 -17.498
701.507 -589.502
-719.496 578.503
-913.500 -153.502
583.498 -721.508
-552.499 -759.500
-606.499 725.496
467.498 -824.498
-582.497 746.498
-952.499 -20.497
-878.851 369.757
552.502 781.503
648.500 710.500
534.497 -801.504
324.506 906.497
186.500 949.497
-892.503 377.500
-724.501 644.500
-913.505 343.502
424.498 891.498
67.508 985.501
-906.501 394.498
-974.504 -185.498
302.504 948.504
454.502 -889.502
-542.502 838.499
-1000.500 53.495
609.508 -800.499
963.502 -290.500
-865.500 520.498
-815.501 -600.497
-396.495 931.503
-925.498 -419.497
-791.505 -639.501
-849.510 572.495
825.494 -609.500
-238.496 997.501
-1019.500 -122.499
806.509 -639.499
1023.500 107.507
-945.498 422.496
-1036.500 123.501
565.494 -885.499
655.503 828.494
224.499 1032.500
-782.495 -718.502
753.500 762.497
-272.498 1040.500
-645.509 -870.498
1069.500 179.506
-773.503 760.495
-425.502 1000.490
64.500 1085.500
-568.508 927.496
-967.496 -503.506
-878.498 653.497
437.496 1004.500
-924.506 593.498
-367.503 1036.510
856.507 691.497
941.506 574.500
-490.502 987.500
612.504 918.498
-1016.490 -431.501
-754.503 818.492
-1098.510 -192.501
424.498 -1033.500
-658.501 901.496
-442.506 -1027.500
1102.500 -228.494
673.500 902.500
-185.493 -1116.500
403.503 1059.500
-432.512 1050.500
-1125.500 161.510
-389.505 -1073.500
-504.502 -1025.490
-804.498 -813.498
-558.503 -999.496
-933.502 -662.509
-1139.500 114.504
-639.500 -951.497
-925.502 -681.497
624.496 -974.494
1107.490 -336.500
529.501 -1037.500
217.501 1147.500
1077.500 -459.498
310.503 -1133.490
857.497 822.498
-207.498 1170.500
498.495 1082.490
-1140.500 350.501
-345.496 -1148.500
-1200.500 -114.497
13.503 -1209.500
-1208.500 48.500
1134.500 -435.496
-976.498 -730.500
1219.510 -77.501
-887.501 841.503
435.497 1143.500
1119.500 -506.500
-826.498 911.499
1226.500 -169.505
978.502 -770.502
497.497 1149.500
969.509 797.507
-416.505 1186.500
-1080.500 647.504
1059.500 685.497
1077.490 -664.499
-514.492 1161.490
-1238.500 356.499
1124.490 633.498
-523.505 1186.490
-1228.500 -423.500
1292.500 158.499
-1136.500 -636.501
-614.499 1152.500
-631.495 1144.500
-701.503 1104.490
-651.507 -1137.500
-1165.500 -599.500
-1167.190 -613.380
-1304.500 -221.495
738.499 -1104.500
-1261.510 414.502
-629.501 1175.500
615.495 -1184.500
-991.505 -893.501
569.510 -1212.500
-660.507 1166.500
1075.500 -808.502
-1098.490 -777.495
1321.500 -293.498
1266.500 -478.498
-1241.500 -541.498
-833.506 1075.500
1362.500 -33.502
1004.500 -934.497
1343.500 316.494
-991.489 -976.498
-950.498 1015.500
1117.500 856.490
1384.510 278.494
-890.495 -1097.500
1046.490 -957.502
-1314.500 -537.500
993.506 1019.500
-1288.490 610.493
862.500 1136.500
-1263.500 -670.499
-1162.500 847.503
876.507 -1152.500
-1054.500 991.504
-1440.500 -166.498
1352.510 528.501
1426.510 293.501
1404.490 407.493
-893.495 -1169.500
1401.500 -476.503
1452.500 294.496
1268.500 -778.501
-1275.510 779.495
1256.510 826.498
1272.500 -804.495
-1493.480 192.931
-1494.150 196.307
-1042.500 -1091.500
1500.490 181.502
-1415.500 536.506
-1337.490 -735.501
1526.500 -86.492
-1529.500 149.497
1539.500 -8.496
-1300.500 839.500
-1425.500 -608.505
1556.500 115.494
-1209.500 990.501
1171.490 1041.500
-1423.500 -656.504
-1492.500 495.491
1573.500 64.497
-1539.500 332.498
-1573.510 -77.504
1483.510 542.494
-1147.510 -1086.500
-1407.500 -781.501
-1276.500 986.502
-1253.510 -1022.500
1597.500 323.498
1207.500 -1096.500
-1234.500 1065.500
1563.500 520.504
1598.500 402.498
-1568.500 -505.495
1347.500 -988.500
-1608.500 -463.506
-1586.500 -561.497
1176.500 -1207.500
-1548.500 -676.497
1579.500 -604.501
1344.500 1030.500
1257.500 1178.500
1518.500 -819.499
1272.500 -1167.500
-1272.500 1170.500
-1388.500 -1055.510
1468.500 942.497
1311.510 -1155.500
-1531.500 852.496
-1594.510 -733.495
-1399.500 -1098.500
1450.500 -1055.500
-1603.500 812.504
1378.500 1174.500
-1614.510 -837.496
-1606.500 -855.506
-1497.500 1122.490
1567.500 1137.500
