0.503 -0.501
54.496 -152.495
67.494 170.498
-182.498 22.501
-197.500 62.500
2.500 -229.502
235.500 88.498
257.491 -0.497
247.504 -76.500
-66.499 251.504
44.502 -277.494
-217.494 -178.504
269.504 83.503
-44.501 289.498
278.500 -96.497
33.498 298.503
237.502 -208.493
84.498 -360.497
-319.503 -187.505
376.496 127.502
-363.507 164.495
95.494 -389.497
170.496 -368.500
114.500 -394.498
172.976 -382.103
228.502 351.499
-437.496 -4.499
216.497 -385.495
417.511 150.497
452.496 28.495
449.497 -142.499
-15.246 -486.213
-157.502 459.501
-24.344 -487.466
-219.504 451.505
-504.508 29.501
-405.503 305.501
225.506 -461.491
115.502 499.500
-356.501 -378.500
440.498 -293.504
204.495 -490.495
377.501 -389.499
-89.502 537.492
518.502 -212.503
540.503 -159.500
-131.498 -548.505
-575.501 0.502
242.501 533.496
-587.501 -29.500
572.495 -152.494
-16.505 -595.499
22.493 609.495
510.500 -346.502
232.498 -573.495
-541.498 303.494
-561.502 265.503
374.496 513.496
609.501 192.497
611.508 233.498
341.493 564.503
604.502 -298.497
390.492 -550.500
441.503 -519.503
-460.499 519.504
693.504 -67.497
-426.501 -552.496
370.828 -605.460
465.493 -536.502
510.496 -496.508
378.146 -604.837
-592.499 397.500
-500.497 -513.502
563.501 444.498
719.503 -61.496
59.504 720.504
234.496 -687.498
-486.501 -560.497
473.496 -579.503
613.501 428.491
144.505 736.492
-313.496 -684.497
-747.501 -91.497
713.504 243.508
510.501 557.500
-75.501 -753.504
531.504 543.493
728.494 -253.502
207.499 744.508
44.502 -777.491
-496.502 598.499
779.500 -29.504
604.499 499.493
-540.496 -582.507
-75.501 -791.497
473.500 641.502
680.495 421.500
-743.499 -299.502
809.500 -130.499
-795.504 197.503
627.501 533.503
99.502 821.500
-497.505 670.978
-361.498 -756.506
344.144 -766.079
348.974 -764.536
8.502 849.506
855.500 -26.507
-242.495 -822.506
542.505 -677.503
416.495 760.501
-556.495 664.502
-652.505 -576.497
-80.500 -868.505
-307.492 -820.497
513.500 712.502
-879.502 24.506
259.499 -846.503
798.497 394.497
419.498 -790.111
419.498 -790.499
-897.498 52.500
896.504 108.499
747.501 508.500
793.500 -436.500
-427.506 802.507
-266.503 869.503
687.494 -597.505
-235.495 882.495
-916.501 -64.492
-878.504 285.503
-924.500 -25.499
913.501 154.502
-354.498 -859.496
101.500 -925.505
-372.502 -854.499
711.503 603.500
528.504 -777.496
828.501 -451.502
446.509 830.502
-723.499 609.487
155.499 -937.502
-693.497 -657.499
959.511 55.504
539.498 -808.503
199.498 -951.500
977.499 2.506
462.498 -861.500
919.501 332.495
-952.495 -222.499
784.500 591.502
-701.501 -694.496
834.497 530.503
404.498 -903.491
881.497 449.500
-945.500 308.500
-786.502 -615.501
-182.493 983.500
716.500 701.500
559.506 835.501
-857.504 -533.501
1012.500 -27.501
750.495 680.500
344.499 -955.501
993.500 211.497
-77.502 1014.490
-596.504 825.502
1020.500 -8.499
1006.500 179.508
917.501 -460.498
331.502 -979.502
1023.500 -192.497
-212.505 -1026.500
-52.508 -1049.500
356.505 -989.506
643.495 -833.505
826.506 -655.502
63.499 -1055.500
894.504 563.496
-99.496 -1056.500
1010.500 -332.499
-523.499 -928.499
867.495 620.504
638.495 -864.497
-888.501 -604.490
412.497 1001.500
912.503 -585.501
835.498 -700.500
-836.506 -703.500
-37.500 -1097.500
723.497 826.497
1110.500 2.510
-604.498 -932.493
311.501 -1067.500
734.500 -835.494
-1110.500 60.500
-1076.500 286.503
1108.500 -124.503
1038.500 -410.503
-778.495 -817.500
875.503 714.499
734.505 -869.503
694.391 -904.463
694.568 -904.898
-1129.510 150.498
710.937 -899.734
1082.500 380.497
719.583 -902.810
1152.500 -84.495
897.504 -731.492
1151.500 -134.507
-649.508 964.508
789.499 -856.495
697.516 -934.487
1086.500 -424.500
395.494 -1097.500
-1167.270 73.449
991.503 628.495
-1171.500 84.503
1169.500 161.503
702.909 -965.035
1033.500 599.496
1155.500 -310.504
465.502 1103.500
1044.690 590.347
1015.500 -641.497
-782.505 -912.497
1070.500 556.489
-763.495 -936.499
986.503 -699.502
897.500 -813.499
1174.500 -297.507
-595.496 -1064.500
1207.500 183.497
-404.495 1153.500
978.496 739.505
972.506 764.500
745.500 987.496
568.501 -1102.500
876.494 883.496
447.498 1165.500
1229.500 -230.502
-505.504 -1145.500
1067.500 -657.503
-745.497 1012.490
-1220.500 310.500
1176.500 -462.512
1232.500 290.498
1150.670 528.499
1153.130 525.423
730.503 1052.500
837.502 973.501
-475.497 1193.500
763.494 -1035.510
-1284.500 -47.504
1058.500 731.500
498.503 1187.490
-1071.500 -724.495
1293.500 70.502
-1179.500 541.504
-899.495 -939.494
597.510 1167.500
1208.500 514.502
575.506 -1187.500
758.495 -1089.500
-1125.970 710.390
682.497 -1147.500
-1127.400 715.267
883.491 -1003.500
1315.500 -245.496
1155.500 677.500
644.496 -1176.500
1341.500 54.495
1223.500 556.502
-1060.490 840.500
-989.506 924.500
695.503 -1172.500
-804.506 1104.500
780.506 1125.500
1080.500 -851.497
790.495 -1127.500
975.507 -972.491
-736.501 -1164.500
1266.510 546.504
732.499 -1170.500
1174.500 737.495
1312.500 455.510
1274.510 -559.505
1303.490 -491.494
1393.500 104.504
1141.500 809.496
-1393.500 -160.501
-1095.500 -884.501
1217.510 -714.508
1406.500 -134.497
-1254.500 -648.501
1186.500 771.504
-1338.500 462.500
796.492 -1174.500
1409.500 -166.505
1316.500 -568.508
1262.500 -692.494
1204.500 788.498
-1367.500 461.499
1435.500 -185.504
1176.500 -844.497
1365.500 502.496
1188.510 849.501
1190.180 -855.190
1379.080 500.581
-1421.490 375.499
1367.500 543.504
-1246.490 -781.510
-1297.500 695.505
-1188.500 878.512
1462.500 -257.497
-1268.510 -775.504
1052.500 -1059.500
1411.490 -512.502
-1229.500 -868.497
-1290.500 -775.510
1291.500 -778.504
1137.500 -992.498
1236.500 -869.500
-1346.500 -701.498
-1342.500 714.500
-1466.500 -409.500
-1185.500 962.490
1529.500 -16.503
1413.500 597.501
1431.500 557.506
-1495.500 -367.498
1206.500 -963.500
1506.500 -403.503
1401.500 700.504
1517.500 401.499
1259.500 -947.500
1309.500 876.496
-1417.500 690.498
1560.150 -252.504
1560.500 -251.360
1250.500 -967.503
1586.510 172.497
1133.500 1127.500
1385.500 803.501
1248.510 -1016.500
-1108.500 -1174.500
-1154.510 1132.500
1598.500 -355.497
1579.500 443.501
-1561.510 -511.505
1469.490 -748.508
1436.500 -816.502
1616.500 -373.501
-1188.500 -1157.500
1499.490 717.509
-1584.500 -649.495
1349.490 -1062.500
-1404.500 -1000.500
1450.490 -949.494
-1384.490 -1057.500
1506.490 -881.499
-1372.500 -1077.500
1613.500 -679.497
1327.500 1150.490
1308.500 -1211.500
1400.500 -1106.500
1581.500 -917.499
-1464.500 1152.500
1470.490 -1148.500
1438.500 1195.500
1455.500 -1184.490
1541.500 1069.500
1498.510 1129.500
1568.500 1134.500
1588.500 -1166.500
