0.503 -0.497
64.500 -81.500
128.502 -6.503
141.505 -30.498
-141.497 25.506
138.267 -44.855
97.496 139.506
-64.501 -189.508
-101.507 174.496
51.500 -218.499
-202.503 -98.499
247.501 62.496
-134.496 -224.502
-218.491 148.499
-53.501 259.498
167.492 216.499
72.500 -275.499
293.499 -71.498
264.723 156.257
261.499 163.498
279.498 -147.503
321.499 -81.501
-271.505 -197.502
8.502 349.507
70.504 348.501
43.510 360.500
-88.506 -356.500
309.498 -205.509
139.503 354.501
-203.501 -353.501
139.492 390.501
316.507 -275.498
177.505 -393.503
7.502 -432.499
-371.494 -229.500
-235.496 -396.497
-53.501 462.507
-76.501 463.506
48.498 469.496
300.500 374.499
-437.496 197.493
474.500 -115.503
-188.503 -451.499
403.506 279.499
430.500 245.499
470.506 167.503
359.505 -350.503
42.501 508.506
446.500 -269.495
-196.500 -485.499
-528.499 57.504
87.503 -527.502
-462.499 266.504
-517.501 -145.495
-530.491 122.490
-491.504 -243.495
476.498 -274.498
552.497 27.500
549.506 -131.498
503.494 260.502
-205.497 -539.499
113.505 578.499
540.495 -274.497
-92.497 599.498
-613.502 28.508
501.492 362.503
516.501 -346.505
355.498 -552.496
-472.496 -456.495
582.495 -316.502
-231.507 623.502
176.500 642.502
405.491 529.496
-540.498 391.501
90.500 664.494
-302.494 -599.501
-106.501 675.499
89.498 -689.494
-625.502 -303.498
-545.500 -431.503
133.496 -686.503
639.493 285.508
-347.499 -611.503
-686.497 157.498
704.500 146.501
-114.500 -710.505
595.499 -424.505
-275.504 -677.499
-481.498 -550.503
635.501 -364.497
753.506 -15.498
-63.498 750.502
754.501 65.498
-721.502 241.498
757.503 -118.501
688.503 339.501
455.502 624.507
-37.498 -774.492
-204.500 -753.499
748.503 231.504
-325.501 712.504
700.502 -361.498
-421.052 670.029
620.495 -501.509
406.503 -688.501
-670.503 -441.505
-171.487 793.501
-384.500 715.490
-547.506 -601.511
-587.500 566.499
-316.504 765.500
824.505 -96.494
823.500 129.505
168.501 -822.502
140.495 -828.500
-447.500 -713.502
645.502 542.497
575.502 -618.499
-652.500 538.500
175.179 -834.054
-737.506 430.500
-630.499 577.497
-768.498 -380.510
636.493 577.499
473.504 -720.491
-86.496 -858.504
330.496 -800.497
837.500 227.506
-761.497 417.501
-847.500 -191.505
-153.495 -856.500
862.499 -118.503
-873.499 34.496
80.506 -872.507
-870.503 -110.507
857.512 197.503
-615.500 634.497
657.504 -594.506
538.507 707.496
124.499 880.497
697.498 -567.505
-897.496 108.492
889.503 -208.496
-94.501 -918.505
-669.498 -635.498
-845.497 373.503
552.502 749.508
627.340 702.160
848.505 -427.496
-376.501 872.495
635.505 714.500
911.501 336.500
-909.501 346.497
580.499 -793.502
-988.506 68.503
-758.504 -638.502
834.507 537.498
506.502 865.494
-672.496 -750.499
530.497 -858.496
952.497 -333.503
-585.503 820.501
806.500 609.500
-949.503 -379.497
1011.500 -160.497
-656.504 -791.492
-803.505 642.492
-649.501 -812.502
1002.500 -288.507
-986.506 -357.503
911.492 522.504
-7.498 -1053.500
594.498 873.501
1054.500 -82.499
767.497 -730.504
-1055.500 -109.500
-838.505 -656.505
389.496 -998.503
-1031.500 -307.503
934.505 541.502
443.504 -987.496
-1084.500 -13.501
653.501 -868.502
1035.500 329.502
-962.499 505.498
607.902 -906.856
607.448 -907.499
-82.495 -1091.500
954.500 535.498
-318.506 1046.500
-1019.500 -404.499
-1097.500 -46.499
729.303 -825.667
729.063 -826.157
929.501 -592.503
677.498 -870.498
577.498 -942.499
422.494 1024.500
1101.500 -137.496
740.185 -828.366
-589.500 -942.503
695.498 -872.499
-685.499 -880.502
655.503 -904.504
-148.497 1109.490
-706.507 876.507
1110.500 -206.507
-649.495 -933.501
701.505 -898.498
136.503 -1133.500
-935.500 -653.497
290.501 -1110.500
693.807 -914.975
527.502 1019.490
777.499 -849.499
464.496 -1056.500
-1023.500 -531.504
-960.498 -650.507
948.501 -673.491
280.497 1129.490
895.503 -750.499
-894.492 753.492
1171.500 -90.501
1150.500 -256.501
-382.499 -1126.500
943.495 -726.506
-407.499 -1120.500
839.505 -847.499
1162.820 287.917
1197.510 -52.497
1091.500 -504.499
-1067.500 552.503
1167.500 -299.495
1169.400 308.899
1167.600 321.435
1168.450 325.400
341.501 -1164.500
1172.840 312.020
1174.280 306.704
1189.500 330.503
1216.490 236.506
1198.920 322.341
-893.501 -868.491
798.506 963.503
-1251.500 46.505
-940.500 829.499
-1097.500 -614.497
1223.240 316.384
1223.250 316.465
-982.497 -795.494
541.503 1150.500
1222.500 352.496
-706.500 -1082.500
-652.503 -1126.500
-1284.500 -214.495
1207.500 491.497
921.500 -926.503
954.500 -894.501
-574.508 -1178.500
-655.112 -1137.810
1236.490 -445.503
-777.490 -1059.500
1195.500 560.496
845.502 -1017.500
1259.500 410.507
-1269.500 412.504
-1156.500 672.499
-1164.510 -670.491
-757.506 -1112.490
866.503 1032.500
-1072.500 830.498
-685.508 -1173.500
1340.500 -231.500
-1360.500 129.493
1370.510 13.498
670.496 -1201.500
1338.500 343.504
916.502 -1043.500
1389.490 86.500
1261.500 -591.496
1346.500 380.500
-1351.490 -385.502
-1304.500 522.504
-970.500 1024.500
1072.490 -932.501
746.497 1211.500
1419.500 274.504
1007.500 -1061.500
-1449.490 217.505
1433.500 -317.496
1463.500 130.499
1130.510 950.498
-1489.490 -1.492
1117.500 -994.500
-1003.500 -1114.500
-1184.500 -920.499
1317.510 -726.507
1459.620 380.785
-1206.500 -906.503
1463.810 381.504
1493.870 -307.611
1495.090 -305.285
1216.500 -924.502
1378.510 667.501
-1411.500 618.505
-1303.500 -824.504
1144.500 1043.500
-1553.510 -48.505
-1347.500 -780.504
1111.510 -1106.500
1125.500 -1098.500
1572.500 52.490
-1330.500 -842.496
1565.510 -181.502
-1448.510 -643.503
1472.500 602.497
1118.500 1141.500
-1288.500 -946.503
1116.500 -1148.500
-1400.500 796.497
1094.500 1185.500
-1589.490 -300.496
-1507.500 -608.504
1566.500 502.500
1483.500 -730.503
-1190.500 -1147.500
1202.510 1157.490
-1256.500 1109.510
-1473.500 -815.506
1610.500 -604.495
1502.500 -869.502
1407.500 1031.500
1370.490 -1114.500
-1572.500 -811.498
-1543.500 886.491
-1596.500 -804.497
1349.500 -1212.510
-1417.500 -1151.500
1572.500 930.507
-1516.500 1028.500
-1425.500 -1181.510
1455.500 -1192.500
1616.500 -973.495
-1480.500 1178.510
-1596.500 -1104.500
