0.496 -0.500
25.498 -6.501
17.503 -33.503
-133.502 94.503
168.501 -1.504
136.500 -121.499
85.495 -171.509
-189.159 66.646
-190.603 67.021
28.499 213.498
-160.500 157.496
-115.502 -210.501
82.493 -229.508
249.505 121.506
59.495 275.500
-269.504 -109.500
101.490 274.507
224.500 -192.496
-127.501 272.501
-275.508 122.497
-191.499 -234.500
318.502 11.505
155.494 280.503
-14.502 322.506
182.502 282.496
-267.504 228.499
51.498 -355.493
364.501 -20.496
327.503 -168.501
309.500 227.502
-104.500 -384.501
358.498 -221.506
82.495 435.498
217.497 404.501
-262.493 376.500
-460.502 61.501
-68.502 -476.495
-373.496 -303.493
-390.498 -281.500
-89.504 473.493
466.505 136.500
364.498 -334.499
295.502 405.011
295.521 405.112
-490.498 111.492
470.494 -207.505
-238.502 -470.500
-313.498 440.504
-375.499 416.502
-205.496 525.498
-120.498 -556.495
-522.495 -230.508
-487.507 310.503
-434.495 -386.505
39.503 -592.504
-105.822 -586.295
-113.261 -590.314
-325.498 517.499
89.506 605.503
320.500 -525.009
303.501 545.499
-602.489 164.502
-594.502 192.508
-33.927 -626.896
-33.988 -626.991
-627.498 28.494
510.496 370.495
1.499 -646.503
-311.495 571.499
-629.503 -168.501
-643.499 -133.497
224.496 -626.495
253.501 635.493
-267.498 634.495
-322.495 -612.492
-47.498 690.507
-347.502 603.499
699.502 4.494
501.506 493.501
-608.498 -413.507
-410.495 620.500
313.504 -680.504
618.504 -427.497
50.493 755.505
707.503 304.501
-762.492 107.502
737.500 240.501
731.504 -278.496
623.504 473.502
-201.500 759.500
696.497 367.497
64.502 -785.507
-650.498 -450.499
-113.498 783.499
-37.495 796.502
357.505 -727.504
806.490 80.496
798.500 184.499
-527.501 -631.506
824.510 16.497
518.501 -644.503
818.500 155.506
-171.502 -816.499
614.505 571.500
758.500 -390.499
-650.500 -554.511
-802.500 -301.498
159.499 -853.501
708.498 501.497
-876.495 54.496
880.500 148.501
-551.496 -710.499
-535.494 722.504
650.501 -627.494
537.505 729.502
-496.504 760.499
-727.491 -554.506
915.496 -72.498
-682.501 617.505
-911.507 -219.501
867.500 361.502
835.498 -432.510
730.502 -594.500
-741.502 -581.499
-818.497 -484.497
-382.502 -871.504
247.502 -920.502
213.509 928.504
900.499 -318.499
-311.503 -904.504
-502.505 822.499
-867.500 420.500
-941.499 208.494
193.502 -949.505
192.914 -952.432
107.502 967.498
946.501 260.498
-519.496 833.502
911.495 384.495
-171.507 -979.504
-840.499 533.495
-863.499 495.496
-28.498 -997.504
-577.508 820.500
-836.501 -573.500
701.503 -739.500
-754.503 688.503
-778.501 714.503
-164.505 -1048.490
-21.505 1066.500
901.503 -575.491
672.500 835.496
809.502 -705.499
448.507 987.501
-848.508 692.507
-113.491 -1090.500
939.497 573.499
17.503 1103.490
787.500 775.501
440.500 1026.500
1043.500 426.500
-726.498 862.509
-857.498 -734.501
585.497 -967.486
-991.497 -545.496
1133.500 -75.496
-905.505 686.506
947.501 -634.498
-140.500 1136.500
1091.510 -361.498
-416.494 1075.510
271.495 -1131.500
450.492 1082.500
-1167.500 -160.496
467.496 -1086.490
-965.500 -689.497
1114.500 431.498
-897.492 -793.505
-461.495 -1111.500
822.498 -885.502
-138.504 1204.500
351.500 1161.500
-1213.060 -35.499
273.503 1183.500
-1214.480 -35.498
1216.510 48.495
349.499 -1180.500
803.505 932.500
947.501 789.497
-981.497 -747.498
1097.500 565.495
1203.500 -292.504
614.500 -1084.500
1000.500 742.502
-934.505 -826.498
-1107.500 -582.505
-1241.500 182.500
-1243.060 175.468
1261.490 87.502
-504.489 1159.500
746.498 1032.490
998.496 -819.497
875.494 954.496
1024.490 796.498
-968.499 -884.502
-568.493 1185.500
1120.500 689.501
-963.502 923.504
-1249.500 -476.496
-1331.500 122.502
1312.500 -263.493
-732.503 -1130.490
-737.506 1129.500
1204.500 -619.504
1361.500 46.498
-1361.500 38.503
-764.502 1130.500
1363.510 -89.495
-1370.510 -16.500
1381.500 36.499
-1046.950 -904.424
1303.500 467.503
-1344.500 335.498
-1053.420 -905.475
1087.490 874.503
-1196.500 720.502
1286.500 562.499
-1229.500 -684.496
778.500 1175.490
-1342.500 482.500
-1323.500 553.497
1384.500 395.503
-899.503 -1129.510
1428.510 264.499
1236.490 770.500
1395.500 447.505
-1453.500 -224.495
987.502 -1091.500
1465.500 -173.506
1227.500 -828.499
1471.510 180.504
1295.490 743.503
-944.496 1157.500
-1472.500 -257.496
1502.500 15.499
1092.500 -1044.490
1356.510 668.498
-1485.500 -280.500
1311.500 754.496
1481.490 346.500
-1086.490 1083.500
1279.500 -850.494
-1524.500 -256.503
1521.500 284.495
-1461.500 -539.495
1169.500 1031.500
1433.490 625.496
1206.500 -1020.490
1529.500 438.500
1276.510 959.500
-1600.500 15.498
1312.500 -922.497
-1184.500 -1082.500
1114.510 1162.500
-1488.490 617.493
-1610.500 -194.498
1450.500 -734.496
-1232.500 1063.500
-1285.500 -1000.500
-1232.500 1064.720
1612.500 -248.503
1095.500 1210.500
-1232.500 1081.510
1352.500 -947.503
-1508.500 -689.506
1272.490 1066.500
-1245.500 -1098.500
-1416.500 877.496
1435.490 -851.495
1451.510 847.490
1507.500 -775.496
1596.490 581.500
1239.500 -1199.510
1518.500 824.495
1456.500 954.502
1502.490 -884.512
1338.500 -1121.490
-1550.500 877.502
1446.500 -1043.500
1490.500 1031.500
1509.500 -1020.500
1618.500 857.503
-1546.500 1061.510
1500.500 1130.500
1547.500 -1118.510
-1579.500 1086.500
