0.502 -0.497
65.497 -19.493
-58.496 -114.504
-63.500 119.505
150.502 88.500
171.500 -70.501
132.499 -136.496
223.507 123.501
-202.374 -166.624
-208.510 -159.506
-259.496 -38.505
206.763 -167.861
206.533 -168.449
65.501 -263.506
182.497 -203.503
181.495 205.503
244.497 -126.499
17.502 -282.499
-234.499 -168.507
265.491 -124.503
249.498 -158.498
258.502 153.499
-301.500 -47.503
282.498 -124.495
149.503 275.500
308.671 -78.624
308.668 -78.716
290.500 -146.501
285.647 -159.860
-84.502 315.509
318.259 -79.267
91.505 -320.496
336.497 13.509
-326.501 105.504
67.498 340.505
-256.496 248.506
-285.496 -218.497
354.499 -92.503
182.501 338.504
-60.496 -395.502
127.491 378.505
21.500 405.498
-8.502 406.503
-135.497 383.499
409.500 -81.501
82.505 414.504
243.510 349.494
-8.502 -432.503
-413.499 -146.501
451.498 13.505
-420.616 185.496
-150.493 452.500
425.502 -228.496
89.492 -475.508
-199.501 -440.493
386.498 305.504
492.501 41.498
471.500 162.496
286.494 -411.499
493.512 90.497
258.498 -430.509
-448.501 -231.496
486.500 -138.501
-498.501 -98.498
-378.508 351.500
-344.498 -393.501
513.493 -105.502
155.499 -501.496
-447.499 -287.504
-187.502 508.499
489.501 -239.505
75.502 558.504
1.499 565.503
-514.505 -240.500
-408.498 406.497
-528.495 248.500
-410.497 -439.500
-581.496 -153.499
-155.500 581.507
374.503 -474.495
-184.510 587.502
569.503 -242.502
-616.494 50.501
474.497 408.497
-617.505 104.496
617.502 -122.502
-615.500 138.499
-274.505 -577.503
236.498 -597.497
275.502 596.503
407.505 522.504
611.500 264.500
-664.494 -92.500
-532.501 420.496
659.503 -168.501
225.500 -649.502
-346.495 593.501
-647.497 234.501
-416.500 548.499
517.501 458.499
-673.509 186.500
-344.498 612.501
395.503 -583.495
-705.502 -22.501
-598.505 375.499
660.732 -264.229
21.506 -711.498
337.493 626.498
374.508 609.503
670.115 -256.410
62.496 721.496
666.505 -298.505
-361.493 635.507
307.507 -665.504
603.497 -417.507
740.501 -94.498
262.504 700.498
-749.496 -40.497
-474.504 -598.508
-249.501 722.501
517.506 584.497
765.501 206.503
450.505 -658.503
-495.504 626.497
-500.505 -624.504
736.506 338.494
-311.496 -751.498
667.502 467.502
597.498 -566.502
818.505 92.503
611.505 551.501
650.503 507.498
-485.497 -667.503
255.499 784.494
-412.505 -715.504
547.500 -621.500
383.497 -742.497
-747.495 383.507
-832.494 -154.499
81.499 -844.506
708.493 -469.501
-692.503 497.500
599.504 618.501
-245.216 825.277
-36.500 860.495
551.496 666.502
-694.494 -521.497
-249.501 832.497
277.504 -828.495
-586.505 -647.495
199.499 864.497
-719.497 -520.500
297.498 -839.500
-416.499 788.502
172.513 -881.500
317.500 -841.506
-522.499 -732.501
-899.496 -2.499
779.496 -452.501
773.488 -470.495
876.507 -233.505
-650.508 636.501
-846.497 337.504
-317.502 -856.501
-908.503 92.498
363.499 -841.496
316.495 859.497
861.498 -317.502
-265.506 -883.496
534.500 -770.506
-281.501 -899.499
660.497 672.503
-352.500 -875.507
141.503 -934.495
-86.496 940.503
-660.494 -676.496
-261.497 -910.507
-354.507 880.494
489.507 -815.495
-957.501 -62.503
958.500 112.495
-14.502 965.500
978.494 -6.502
-118.498 974.505
682.502 713.503
234.505 959.498
819.502 553.500
947.500 -285.498
344.499 933.496
-991.508 106.496
295.501 -956.497
768.503 -648.501
-933.500 -391.497
120.501 1006.490
322.506 964.505
-972.496 305.500
-633.507 803.498
904.504 483.498
903.500 -493.506
-114.500 -1023.500
846.504 -600.501
-719.500 -752.498
-37.504 -1041.500
893.502 -538.499
-642.496 -824.506
-734.498 -747.492
-629.501 -847.505
-1020.500 -280.499
-873.499 -600.500
-1031.500 -261.500
-795.499 -710.496
-696.502 -808.503
-995.498 -393.499
260.505 -1040.500
-756.496 761.495
-690.984 -824.316
1074.490 -79.499
-28.504 1077.500
956.468 498.931
957.799 502.307
-1057.500 -226.499
164.501 1070.500
-598.498 903.493
1085.500 -2.502
-1079.510 -115.506
1062.500 240.506
461.496 -987.498
-238.510 1070.500
-3.508 -1099.500
-1022.500 405.503
-1044.500 -350.505
-544.510 -959.500
-704.503 -855.496
-406.501 1031.500
-878.496 -678.500
1010.500 -472.498
-961.499 -568.500
-961.495 -577.620
-479.501 1017.500
-1122.500 76.498
558.504 -978.496
-1104.500 224.501
-529.501 -1000.510
1144.500 -94.497
-511.494 1027.500
-262.501 -1118.500
-411.496 1072.490
-546.504 1011.500
-333.501 -1101.490
385.499 1088.510
837.496 798.503
-1024.500 -539.499
-984.501 -616.498
839.506 -811.498
789.502 -870.499
-1172.500 -132.507
658.506 -982.499
1151.510 -275.501
1161.490 252.496
1016.500 627.500
-820.500 -869.496
-409.505 -1132.500
507.496 1093.500
-654.497 -1014.500
1210.500 33.499
-1069.510 -574.492
851.502 874.507
684.504 1011.510
-1100.510 -531.508
-866.508 -874.501
1227.500 122.506
633.230 1062.940
-572.500 -1098.500
1206.500 281.496
1246.510 9.500
-1079.500 622.496
-1243.510 123.502
1227.500 -255.108
1227.500 -255.500
639.170 1081.560
640.974 1081.200
638.650 1088.540
812.498 -969.497
1249.500 199.495
-1254.500 -162.498
-524.499 1152.500
634.352 1096.530
634.469 1100.400
-780.496 -1004.500
986.503 -810.506
607.500 -1127.500
-1009.500 789.501
-469.500 -1195.500
663.918 1100.340
654.496 1108.500
687.186 1096.980
687.240 1097.430
-1096.510 693.499
-853.501 -980.500
-635.504 1135.500
917.500 926.491
-1167.490 579.500
-658.498 -1132.490
-660.504 1134.500
-538.496 1198.500
-1263.500 -375.505
684.498 1135.500
834.505 -1033.500
1323.510 -113.503
1017.510 858.500
-907.501 -995.486
1257.500 500.503
-1052.500 865.490
1162.490 -727.501
-1359.500 -175.502
-1019.500 -918.499
1159.500 735.504
872.497 1071.510
1383.500 -82.502
794.492 1136.500
1387.500 -41.496
1384.500 113.497
1281.500 559.506
877.500 -1089.490
716.505 1200.500
-1387.500 -177.506
1401.500 10.494
1332.500 443.498
-1377.510 309.500
-1375.500 -321.497
1415.500 -50.500
1354.510 -424.501
800.509 1177.500
-982.496 -1033.500
1073.500 948.502
-1185.510 -811.497
-959.504 -1081.510
1246.510 734.501
-1443.500 96.503
-1005.510 -1044.500
-1200.500 -818.503
-1322.500 -620.501
-891.497 -1159.500
883.497 -1167.490
-1282.500 713.503
-1159.700 -901.778
-1162.220 -906.941
-1424.500 392.503
1373.490 -568.502
-1486.500 -70.496
906.469 1187.930
-1491.500 113.510
909.634 1188.860
-1515.500 60.500
1254.490 -874.501
1117.500 -1055.500
1535.490 116.503
-1215.500 -945.501
-1175.500 -997.506
-1171.500 1001.500
-1048.500 -1145.500
-1546.500 -164.500
1526.500 308.502
-1555.500 159.494
-1465.500 550.502
-1344.510 805.499
1335.500 -837.499
1404.500 737.496
1177.380 1093.260
1574.500 324.503
1172.500 1100.500
1578.880 313.101
1560.510 395.500
1574.500 347.498
1102.240 1178.050
1090.500 1190.500
-1606.500 -231.504
1170.890 1135.820
1170.920 1135.920
-1561.500 -475.509
-1514.510 631.501
1513.500 -667.502
1244.510 -1093.500
-1589.500 -466.505
-1510.500 -686.500
1295.490 1043.500
1567.490 -568.495
-1289.500 -1083.500
1218.500 1166.500
1240.500 -1169.500
-1609.500 574.504
1381.500 1050.500
1302.500 -1150.500
-1276.500 -1191.500
-1413.500 1025.500
1619.490 667.491
-1271.510 1204.500
-1439.500 1006.500
1303.500 -1179.500
-1341.500 1164.500
1545.490 878.499
1534.500 -936.502
-1527.500 945.503
1371.500 -1170.500
1455.500 -1081.510
1378.500 1198.500
1569.500 943.501
-1596.490 905.497
1407.500 -1184.500
-1455.500 -1128.500
-1590.500 -943.507
1508.490 -1178.500
-1554.500 -1206.510
