0.495 -0.506
96.499 -63.507
-130.498 56.493
152.490 -98.498
-180.505 -15.498
182.504 21.507
104.493 -184.498
-95.504 196.500
-52.498 224.496
-72.499 -227.496
152.768 190.481
154.419 193.399
-137.500 -210.494
-211.499 147.501
-124.503 233.500
50.492 -263.507
77.495 -266.504
-146.507 -237.494
196.491 -210.496
245.501 -171.501
-113.498 279.499
-30.503 -302.504
-45.494 304.502
-280.497 129.496
276.494 160.510
-315.503 -59.498
53.499 -350.502
-308.501 -178.503
-212.504 -300.500
49.506 373.495
-375.503 32.493
-300.507 230.497
344.495 -163.501
136.500 372.501
332.496 -227.501
396.501 76.498
408.850 10.368
-377.493 157.502
314.495 -274.500
419.619 7.198
-377.503 185.502
-418.502 -48.504
344.499 -258.501
63.500 425.497
-400.500 -167.502
181.505 -409.508
38.499 445.494
364.501 260.503
-384.500 244.508
-401.503 217.503
-52.495 -458.504
447.504 -113.492
-161.499 -445.498
-101.495 -469.501
481.534 -84.502
482.262 -84.143
485.310 -84.504
-328.510 -367.495
-176.492 -461.501
304.497 -390.499
-323.372 -376.832
-265.503 422.504
-226.493 -449.499
-497.496 -73.500
510.498 -6.498
-432.499 278.501
-516.494 -120.503
284.506 458.497
361.499 -408.500
-369.499 402.501
-316.498 455.501
-519.500 197.498
-466.499 315.500
36.505 -564.492
20.497 576.499
-497.502 -307.491
-299.505 -508.505
463.502 367.501
12.499 -601.503
-600.501 51.494
107.495 -594.495
-430.492 -434.492
-108.500 -607.491
-132.503 607.502
-359.497 513.504
165.500 -607.497
39.506 -631.503
636.499 81.498
-541.501 355.503
-200.501 616.494
-649.495 -29.494
369.499 536.504
-323.501 568.499
-648.503 -90.493
-504.500 -421.499
561.502 -355.492
221.502 -627.496
-533.494 395.504
-522.506 412.503
-250.501 -619.503
-395.501 -539.500
-511.401 -433.232
-144.502 663.497
-569.503 401.498
190.500 672.500
-195.504 -680.505
-460.495 -538.503
-484.500 -525.496
-530.499 480.498
-519.504 -500.498
720.500 57.505
404.506 -599.504
403.499 602.499
677.503 -266.499
96.503 721.498
507.492 -523.505
-471.503 555.496
-632.495 379.499
174.502 719.497
-678.499 -298.501
-728.498 146.498
-564.498 -492.508
388.493 647.508
753.502 -73.504
573.505 500.489
-573.138 500.137
-53.495 759.498
382.495 -661.495
-558.497 -520.499
507.497 570.494
-578.111 505.227
769.502 51.501
371.497 675.498
-664.490 -399.497
-715.497 325.503
657.497 435.503
-770.497 -191.112
-770.497 -191.504
760.502 235.501
-482.508 635.501
-515.499 -615.497
-753.500 -294.500
-524.494 618.502
-809.502 82.501
353.499 737.501
516.507 639.504
744.502 349.497
-611.499 -551.495
56.508 -829.504
-556.503 -617.505
-664.504 505.499
473.501 -696.502
-329.503 783.487
-417.501 742.505
-720.504 -458.503
-29.498 863.502
264.501 -828.507
-774.497 403.500
-863.499 -146.508
-451.496 755.503
-526.497 -706.506
322.501 -821.507
628.500 623.499
-353.500 -816.503
-834.499 -316.497
-89.501 -890.502
-141.507 884.500
-233.499 871.496
321.496 850.500
857.504 315.501
-415.500 816.496
-151.497 904.501
688.503 -614.500
271.500 881.499
-875.495 -300.505
552.501 -744.493
-115.498 921.490
793.495 -485.503
-521.504 -770.493
241.503 -908.499
69.498 -937.503
331.509 -883.499
-864.503 379.497
-650.500 685.500
-940.507 100.495
63.499 946.504
-838.501 -457.499
-801.498 -532.495
214.494 945.500
-959.503 157.508
-555.505 -805.507
-731.497 654.504
-981.496 -32.505
603.499 778.505
-825.505 -540.497
133.497 978.498
744.491 -653.508
946.498 -296.498
374.494 917.505
-84.491 -988.496
428.502 894.491
-964.501 231.502
-696.501 706.505
-830.497 553.492
280.500 -960.502
456.497 893.500
-966.500 273.501
-522.504 860.499
-861.497 -522.501
734.504 -696.499
-994.502 -206.500
-161.850 1005.500
-161.502 1006.640
35.503 -1021.500
253.496 989.498
-28.499 1022.500
-867.505 -553.500
151.504 -1019.500
-98.496 1025.500
317.499 980.505
-423.502 -941.501
943.502 -425.496
-821.509 631.496
-993.497 307.501
-659.498 -808.499
-241.500 1017.500
-984.498 356.498
-1048.500 -16.492
-1007.500 -295.501
837.491 634.507
-1026.500 236.504
-653.503 -831.502
-392.504 -983.497
667.498 -826.504
902.493 561.501
510.502 937.498
-872.500 -622.496
580.507 903.506
177.500 -1061.490
-941.496 521.506
1078.500 57.501
-519.504 -947.498
-1035.510 -307.509
-1030.500 -329.502
-1029.240 -340.543
-46.509 -1084.500
-177.498 -1073.500
653.496 870.502
-1063.500 234.497
-1089.490 7.496
-600.505 911.497
1074.500 -220.500
-1083.500 190.500
-1093.510 -128.502
-584.503 -935.506
-879.499 667.499
-789.498 773.501
-1075.510 257.497
279.499 -1075.500
-1109.500 83.492
-363.500 1054.500
-250.500 1092.500
-765.494 -820.499
-998.504 512.494
-1039.610 423.974
-862.498 -722.494
-1017.410 481.464
348.500 1072.500
-754.502 -842.505
1073.500 358.504
-62.496 1131.500
-644.501 933.505
661.498 922.505
-1025.860 485.498
-996.507 545.501
-884.507 713.496
-1042.990 453.008
-1115.500 231.496
878.496 -728.500
464.501 -1042.500
-518.504 1016.500
-499.500 1026.500
-581.499 -985.502
-771.499 -849.500
1088.230 366.365
-268.504 1116.500
-1043.430 481.110
-1043.600 481.541
1075.500 408.496
-797.498 -829.502
-1151.500 16.497
1094.340 368.422
-942.503 -666.499
-437.506 1085.500
289.503 1134.500
138.502 -1169.500
-1168.500 148.500
-265.502 1149.510
1077.500 -484.502
527.504 -1057.490
-1171.490 -152.500
-1042.500 -557.492
-1181.500 80.505
-769.502 900.498
-649.502 -999.503
-559.496 -1055.500
-36.207 1196.750
-59.497 1198.500
-1206.490 -7.505
-41.499 1208.490
-1188.500 222.499
-659.502 1018.500
-1199.510 184.500
-997.502 -698.492
1187.500 -273.504
-1099.510 523.499
-1091.500 554.496
1213.500 -179.505
630.503 1051.500
-1190.500 300.499
-847.505 -889.496
906.501 834.498
1202.500 276.500
426.499 1161.490
1100.500 -568.503
816.505 -933.500
-1228.340 196.957
-1216.490 -262.506
1240.500 -132.503
521.499 -1134.500
-1088.500 -617.501
899.494 881.502
1260.500 -10.500
423.499 -1188.490
-1260.510 40.501
-858.495 924.502
468.494 1180.510
1226.500 -339.493
-1061.500 -706.503
1023.500 -781.505
-737.497 -1063.510
-1024.510 790.497
1001.500 824.504
-1123.500 -648.504
-493.500 1202.500
-894.496 946.502
-1043.500 -784.507
-1060.500 -789.498
1325.500 -15.508
-1321.510 -95.492
-626.497 1167.500
1142.500 677.499
-1118.510 -722.504
979.496 -907.492
-1204.500 588.502
-1345.500 25.496
726.496 -1134.500
886.503 1015.500
-985.499 -920.500
1347.510 -136.501
633.501 -1202.500
-1293.490 -421.499
762.506 1127.490
-1129.500 -762.501
-1214.500 621.500
-723.500 -1158.500
1233.510 587.501
937.498 994.496
-836.499 -1093.500
1134.500 -782.501
-1168.510 -735.503
1372.500 -177.497
1335.500 -370.499
1116.500 828.503
-1192.500 724.507
1307.500 -507.507
1377.500 273.503
1397.500 -147.497
-1295.500 541.496
-1382.500 310.501
1395.500 265.499
845.498 -1158.500
-1394.500 -348.501
-1417.500 -278.500
1363.500 -482.502
-1365.500 502.502
1352.500 552.498
1145.500 -914.496
977.499 -1092.510
1109.510 961.503
-1466.510 113.501
1430.500 349.492
-1342.500 618.502
-1342.500 618.891
884.498 1187.510
-1424.500 417.500
-1011.490 -1087.500
-1118.500 -983.504
-946.507 1163.500
-1438.500 452.497
1503.500 -159.505
-1350.490 -683.501
-1454.500 430.494
-1480.500 342.499
-953.503 -1187.500
-1268.500 841.500
-1379.490 -662.494
-1219.510 927.501
1058.500 1109.500
1318.500 -811.503
1308.500 841.489
-1275.500 891.493
-1425.490 655.137
1498.500 -469.496
1471.500 556.491
-1572.500 83.503
-1435.510 652.311
-1092.500 1138.500
1510.490 461.498
1123.510 -1120.510
-1303.500 913.496
-1233.500 -1010.500
-1092.500 -1165.490
-1456.500 -661.499
-1381.800 827.505
1537.500 -486.501
-1395.500 827.507
1291.500 -996.505
1620.500 189.498
-1369.510 887.492
-1209.500 1103.510
-1408.500 -838.502
-1541.500 574.502
1510.500 -678.497
-1615.500 -384.498
1514.070 -689.661
-1542.490 -623.501
1477.500 -782.501
1405.500 912.502
-1614.500 -455.497
-1618.500 466.495
-1585.500 -570.507
-1399.500 -940.493
1340.500 1045.490
-1591.500 -657.502
-1396.500 -1015.490
-1572.510 753.506
-1563.490 -775.501
-1379.500 1080.500
-1293.500 1184.510
-1467.490 -1021.510
-1575.490 887.496
-1389.500 -1167.510
-1585.500 1024.490
-1614.500 993.504
1605.510 1092.500
-1543.500 -1180.500
-1597.490 1122.500
