0.498 -0.499
-39.501 69.499
-46.493 136.973
-100.514 123.503
-114.503 -130.502
71.507 -201.499
-59.502 -216.502
239.502 -38.499
-250.493 54.502
-75.494 -255.504
8.500 266.505
299.498 -24.502
-148.496 267.501
125.497 -336.505
358.508 58.504
154.500 348.499
182.500 364.500
-206.498 384.493
-291.501 -344.495
-374.503 -266.491
430.504 -180.506
413.503 -220.496
461.495 141.505
-1.501 -484.505
-436.495 -251.495
-295.500 414.501
223.503 463.500
67.500 -514.501
300.500 -424.500
-68.499 -520.493
509.506 -162.502
485.493 251.503
-77.500 -551.501
421.505 365.504
320.493 -464.503
568.505 46.508
2.500 584.498
-504.507 306.500
320.505 505.496
-352.503 487.505
-562.503 224.503
-65.499 608.501
513.503 352.500
-613.966 100.910
-378.499 -495.494
-554.504 -284.500
-614.965 104.294
560.503 -288.498
568.502 277.495
-360.504 -520.500
-185.505 616.503
-655.505 -57.498
-227.499 -627.496
511.498 -471.500
631.495 293.499
-399.501 -574.498
694.500 94.497
704.501 -88.502
-293.499 646.506
-674.497 242.501
203.498 -694.508
-389.491 -612.502
-595.495 -419.506
-683.498 -275.504
306.504 -676.495
-674.503 316.507
-418.505 625.497
-574.501 -504.499
-761.500 68.497
-161.504 766.499
-630.501 -486.497
-626.936 -495.225
-653.503 465.503
792.501 137.495
-790.495 -145.500
-800.510 80.503
748.498 -357.504
-815.509 -149.501
834.503 90.503
177.504 822.503
587.501 -627.502
784.502 -358.494
-863.501 51.503
-209.504 -840.499
-414.501 -775.498
391.504 796.503
-859.495 -233.505
542.500 -714.501
784.498 -448.500
842.498 337.499
193.494 895.498
183.494 -899.507
893.499 -302.505
784.504 -530.500
563.501 760.499
919.497 229.500
864.498 408.497
-727.500 -623.498
593.503 -763.492
935.495 -273.499
577.501 786.504
805.507 563.499
972.503 151.494
820.500 -548.501
951.498 304.499
996.498 140.493
-911.495 443.501
-554.496 854.494
-716.503 733.498
792.495 -673.501
1046.510 44.508
49.502 -1054.500
434.497 963.494
298.505 1025.500
647.503 -851.495
992.495 -399.500
-1067.500 -63.498
981.500 428.497
845.498 666.507
1081.500 105.499
818.500 719.500
-931.496 574.508
128.499 -1093.500
1103.500 34.503
663.501 -883.499
-822.499 -741.502
68.492 -1106.500
684.501 871.501
1101.500 142.507
-577.502 956.495
684.500 -887.505
625.503 932.502
-1043.500 -432.490
742.491 -855.501
15.498 -1132.500
-99.503 -1131.500
-305.501 -1095.500
546.501 -1000.500
558.274 -997.319
1133.500 -166.503
867.500 748.496
747.336 -872.035
1139.500 -209.495
438.503 -1073.500
-709.506 916.500
1016.500 -584.500
-1044.500 531.499
795.498 -870.505
1178.510 36.500
-531.504 1055.500
-983.498 657.502
-279.510 1153.500
-1185.500 -111.500
-229.504 -1179.490
1181.500 223.500
1169.510 320.500
-1212.500 -66.500
-330.498 -1172.490
-1039.500 -636.504
-756.496 955.501
971.505 745.499
-1089.500 573.498
1156.500 443.497
1236.500 132.496
1209.500 305.504
1246.500 -144.508
568.501 -1120.500
816.505 -956.502
1121.500 -595.503
797.505 -989.490
-983.506 807.502
1031.500 -751.496
1262.500 221.501
1105.500 -656.486
-1033.500 765.497
1157.500 -584.504
1152.500 600.495
976.499 -864.497
1127.500 659.496
506.497 1206.510
1313.500 21.502
-907.507 -955.503
-1201.500 -559.502
-881.495 -996.494
909.503 976.496
1328.500 165.502
-669.499 1180.500
-1128.510 -756.497
-1317.510 339.501
1280.510 -481.498
-1025.500 -904.500
841.498 -1083.500
1348.500 261.490
1167.500 735.495
1120.500 -806.502
-924.500 1027.500
1340.500 356.502
-990.509 973.496
1253.500 601.497
1308.500 -472.498
922.499 1042.500
1396.490 89.499
1389.500 206.497
-1364.500 338.505
-1401.500 113.493
1311.510 521.500
-1106.510 -890.504
1220.500 -745.500
856.502 1148.500
1371.500 -430.497
946.497 1084.500
-1020.500 1023.510
1021.500 1032.490
1017.500 -1047.510
-1392.500 -438.502
1462.500 -27.502
-964.504 -1105.510
-1372.500 -524.501
-1420.500 378.506
1071.500 -1009.500
-1375.370 -530.270
1438.500 419.500
1006.490 -1112.090
1449.500 395.504
1479.510 -269.494
1014.050 -1110.970
1102.500 -1026.500
1490.490 -217.500
1146.500 -978.498
1485.500 286.497
-970.500 1164.500
1355.500 -684.502
1459.500 -420.498
-1336.500 720.500
-1494.500 -272.495
-1522.500 13.501
1426.500 -539.500
-1186.500 998.503
1118.500 -1076.500
-995.501 1190.500
-1414.500 647.503
1538.500 262.503
-1148.500 -1064.500
-1571.500 50.501
1555.510 253.493
1571.510 -146.499
1541.500 398.496
1564.500 -319.497
1593.500 -179.498
1589.500 223.498
1307.500 985.508
1596.510 -375.499
-1429.490 -852.499
-1226.500 -1149.490
-1421.500 897.493
1198.500 1181.510
1618.500 488.498
1189.450 1210.500
1218.500 -1189.500
1298.500 1111.510
-1547.500 -736.497
1469.500 -889.503
1547.500 795.497
1273.500 1201.500
1375.500 -1086.500
-1600.500 734.497
1515.500 -904.499
1430.500 1054.500
-1483.500 1007.500
-1525.500 1010.500
1587.500 1038.510
1555.500 -1148.500
1576.500 -1203.500
1593.500 1184.500
