0.502 -0.500
0.505 -69.508
-143.496 -6.497
41.505 171.495
-83.494 176.509
-58.499 190.505
204.500 -131.500
-301.499 -3.496
9.503 -308.506
-224.500 213.500
59.502 -320.501
-154.498 -306.496
-345.500 -80.504
-179.500 -308.495
-352.490 123.497
332.497 -173.508
126.499 355.497
-334.495 185.503
384.496 47.501
382.495 -74.497
-202.497 332.501
-407.500 -0.499
-383.500 -175.503
-401.503 -154.491
256.502 347.495
72.499 458.499
-61.500 -461.498
-402.497 -241.502
96.497 469.499
483.502 -21.498
-49.500 487.504
-225.501 436.496
436.509 -232.492
467.500 163.497
-420.495 -287.502
-479.506 -192.501
-451.503 -254.494
-425.495 -309.503
-472.500 -243.498
33.506 533.504
-520.497 142.491
-416.501 -357.495
535.502 136.499
498.500 241.504
550.500 112.505
270.501 492.506
-493.506 -283.490
-548.501 -158.503
124.498 562.501
584.503 -50.499
-291.500 519.500
-239.502 554.506
-609.496 2.497
496.505 -381.494
538.498 -328.500
395.496 493.506
123.503 -626.494
-590.502 -256.496
-587.503 279.502
-515.500 -399.506
439.499 -501.500
612.504 291.501
-596.507 -326.496
-331.499 -595.500
544.495 417.498
128.500 -677.506
-251.500 648.497
-697.499 -50.498
-4.503 -709.500
703.503 -228.501
-297.504 691.503
137.502 761.499
366.491 -685.511
-509.501 -604.500
796.499 52.500
797.242 54.682
193.492 777.507
802.510 67.501
310.498 -747.492
461.301 -667.705
457.602 -672.691
-156.497 -801.499
-638.502 507.495
281.500 -790.505
-98.504 -840.501
37.500 -848.509
-832.503 224.500
840.506 246.503
-134.501 868.501
862.496 191.497
669.505 577.505
810.500 364.505
-899.498 -11.502
-204.495 -895.499
345.497 854.504
927.507 38.500
-909.502 188.501
72.502 -935.502
-692.498 -636.503
875.494 357.501
135.501 -937.498
-749.505 580.498
396.118 -872.054
191.501 937.492
-922.912 273.951
108.494 -958.497
-929.494 285.497
458.502 859.502
89.501 -973.501
836.506 508.499
-392.501 -899.502
-980.507 -78.499
982.501 -122.503
949.502 -342.499
-353.498 948.507
-651.512 -779.500
-701.504 734.490
-579.501 868.501
730.505 -762.500
917.501 -528.503
-307.499 -1015.500
-882.500 589.506
884.504 -596.500
1006.500 -355.490
-987.497 -409.499
-817.503 688.496
382.494 -1007.490
954.499 -502.501
-896.496 -599.500
-784.505 -745.504
1083.510 67.489
-1091.490 140.496
-481.496 -999.498
960.390 591.063
-1133.500 51.505
967.169 598.242
1083.490 -358.493
1130.500 159.492
362.502 1083.500
253.494 1115.500
-884.504 -727.499
-979.495 595.502
-399.494 -1091.500
1098.500 -390.499
-318.503 1129.500
-1014.500 592.500
641.507 992.498
-1168.500 203.503
729.506 -939.501
1186.500 123.497
1153.680 307.193
1156.280 299.853
707.496 965.504
-846.500 845.500
1191.510 -240.503
-1214.500 143.501
986.508 727.500
-1018.500 684.500
1145.500 -481.498
-601.500 1086.500
845.494 916.500
1249.500 3.494
1182.490 403.498
-618.502 1092.500
-1108.490 594.500
1276.500 -3.501
861.498 -942.497
628.496 1135.500
-606.500 -1155.500
-1291.510 -219.499
580.499 -1193.500
-1268.500 405.510
-1332.500 -89.504
-1171.500 -649.500
1211.500 590.496
1354.500 133.505
-1152.500 -730.498
-986.499 947.500
-1292.490 452.505
1334.500 -327.500
1360.500 237.508
-1381.500 177.499
-1360.500 -317.501
884.504 1099.500
-1380.500 292.503
1345.500 -435.505
-973.498 -1033.500
1072.500 -939.501
1052.500 -964.499
1405.500 -334.507
968.505 -1093.500
1420.500 -351.499
1404.500 -413.495
1476.500 3.506
-1094.500 -1002.500
-1208.500 870.497
1102.500 1003.500
-1499.510 -100.499
1240.500 -869.502
976.502 1183.500
1539.500 -35.503
-1227.500 -934.499
-1376.500 696.494
1452.500 -585.494
-1462.500 575.505
-1305.500 880.500
1155.510 -1080.500
-1539.500 -362.496
1102.500 1183.500
1612.500 -138.503
-1205.490 1096.510
1415.500 -813.503
1335.500 939.492
1169.500 -1152.500
1522.500 -630.497
-1428.500 -833.500
-1431.500 -865.502
1335.490 1008.510
1516.510 -730.510
-1379.500 963.498
1555.500 -679.502
-1450.500 -882.497
1501.500 -817.497
-1293.500 -1129.500
-1610.500 607.500
-1456.500 948.501
-1478.490 926.502
-1596.500 -720.501
-1294.500 -1204.500
1541.490 -915.500
1476.500 -1077.500
1595.500 923.503
1421.500 -1194.500
1535.500 1062.510
1453.500 1193.500
-1559.500 1051.500
1604.500 1060.500
-1579.500 -1157.500
