0.493 -0.503
71.501 0.510
43.505 57.501
-16.498 -94.496
98.499 66.504
159.500 18.502
95.500 140.503
-186.502 -59.505
-150.495 -133.503
36.494 199.500
-204.501 -8.500
136.508 159.501
-58.498 -221.506
-100.502 209.501
-263.501 9.500
142.506 222.506
-265.502 -30.497
-15.500 -269.508
154.500 -229.494
-287.503 6.503
174.501 -237.502
-26.504 -294.496
150.502 256.499
-40.502 305.498
240.503 -202.502
-205.499 -246.502
56.502 -319.501
-299.505 -135.507
254.504 215.500
200.500 -272.498
-312.500 -161.500
247.498 -252.500
74.502 -348.499
-87.501 -380.500
366.503 -165.498
184.508 -367.495
-416.500 27.495
-181.580 -387.230
-188.973 -384.272
-181.090 -392.877
435.499 -88.499
-430.501 -107.499
-312.505 329.496
-171.504 423.506
-428.498 163.497
-206.500 414.501
-394.500 -249.505
257.503 -393.499
-400.501 268.496
-164.496 471.499
-505.505 -99.495
-507.296 -108.271
433.496 -293.500
-495.496 -168.503
97.499 -517.506
117.498 518.502
-300.780 -460.302
-296.644 -463.049
563.498 34.500
-349.505 452.508
145.500 554.507
187.504 -543.496
486.513 306.499
-507.489 -280.499
-333.496 -475.505
-196.499 550.500
-292.505 512.501
597.493 13.498
-24.504 598.504
123.500 -590.502
603.502 -69.506
-274.502 -545.500
132.345 -598.846
-564.496 237.501
-530.501 -318.499
-247.495 579.499
273.497 -571.492
616.500 -150.498
-73.507 631.497
-148.626 -623.634
-148.608 -623.729
107.501 -635.497
653.494 8.495
61.500 -655.498
263.495 604.502
643.501 -148.495
-560.506 356.495
216.691 -630.897
217.048 -632.127
-269.500 611.503
-475.494 474.495
16.499 -674.498
672.501 70.498
307.501 603.501
370.503 -570.496
489.503 -473.495
663.614 -213.186
663.640 -213.260
348.502 610.500
552.506 -437.501
-551.498 438.499
-638.501 -330.492
-148.503 706.495
-612.499 -384.494
372.495 620.506
-119.505 -719.507
-396.501 -613.505
714.498 -176.496
-213.501 -704.497
128.510 724.502
383.494 -629.494
-567.503 -485.497
-691.494 288.494
443.506 -622.505
-536.504 -543.495
365.498 -675.495
750.502 -230.500
-647.502 -448.497
327.497 -718.504
640.499 -474.503
-125.481 -787.521
797.501 -56.500
731.496 -326.496
311.491 -739.499
-794.500 105.493
325.194 -735.188
-61.500 801.499
206.507 -778.497
646.492 -505.504
-800.503 227.503
792.501 267.503
-709.501 460.499
-609.501 -594.502
-453.500 -721.509
-780.494 -343.510
-470.497 -720.504
-79.499 -864.502
368.493 -789.497
873.497 -62.503
869.503 -119.495
-836.499 -285.499
633.506 -621.499
-276.497 842.502
699.501 546.501
-195.501 -876.497
-29.500 -899.501
-494.507 754.500
349.503 -833.499
-469.503 771.498
914.498 21.505
231.502 -890.495
-388.492 -837.506
581.498 717.497
-697.502 613.504
-74.500 926.502
689.496 627.501
566.499 742.496
-454.502 815.499
-914.502 246.497
-938.494 153.501
611.500 -740.501
177.497 -945.494
-962.501 -49.511
947.496 187.500
-529.497 -813.501
671.498 701.491
-640.498 735.505
-759.496 -615.495
-625.496 -758.493
704.504 -688.504
-936.499 -340.499
-810.498 580.497
912.498 -406.506
146.499 991.503
-514.504 861.501
-792.499 -620.503
945.492 350.497
6.499 -1020.500
140.502 1010.500
-327.501 -973.502
874.509 -555.499
-573.503 867.500
241.491 -1014.500
-1003.510 281.510
-1027.500 187.502
-829.499 -638.498
-378.502 976.501
90.504 -1047.500
1014.500 287.495
1024.510 263.503
-909.500 -540.498
-995.495 -363.508
515.499 -936.499
-699.500 811.499
1075.400 49.751
1075.420 49.855
-400.498 -1004.490
-888.490 616.495
-1020.500 387.505
46.507 -1092.500
-947.502 553.496
-951.506 -555.498
212.496 1086.490
-372.500 -1043.500
-697.495 862.499
-922.511 -621.508
19.502 -1115.500
784.501 -794.499
450.500 -1028.500
-98.502 1117.500
-454.499 -1031.500
1130.500 50.499
623.509 -947.498
99.493 1129.500
-108.503 -1133.500
-922.501 667.496
773.503 -854.507
-464.503 -1063.500
355.496 -1105.490
810.497 -849.498
823.502 836.503
-954.501 -687.500
150.502 -1169.500
-1177.500 60.499
-485.498 -1077.510
-589.507 -1027.500
-1182.500 102.505
698.501 -978.504
-1106.500 -477.494
1169.500 295.498
-565.500 -1067.500
-565.494 -1078.590
-1104.510 -517.498
-634.496 -1043.490
-1173.500 350.497
-1164.340 389.247
877.574 868.655
881.237 866.675
641.498 -1057.500
-1173.500 396.500
389.507 -1178.500
-560.500 -1112.500
1234.510 182.502
-766.498 -987.497
-758.497 1004.490
631.499 1094.500
-1040.500 717.503
-663.502 1084.500
1189.500 -465.501
1262.510 209.499
-1132.510 -596.488
-1241.500 -321.503
-849.499 -961.502
-912.496 -919.502
-1188.500 -531.497
-777.501 1048.500
-1239.500 427.503
-721.500 1106.500
-1195.500 -573.502
-870.500 1006.500
554.502 -1212.500
-909.498 -974.498
1157.490 -677.501
-711.503 -1142.500
-1305.510 326.504
694.498 -1159.500
-1089.500 -800.006
1354.510 -77.496
836.501 1083.500
-1307.500 403.501
1050.500 888.497
704.501 -1184.500
1193.500 -706.497
784.494 -1144.500
971.498 -995.507
-1300.510 491.502
902.499 1058.490
-723.509 -1201.500
941.500 -1045.510
-1267.500 -633.499
-1398.500 229.506
1024.500 -1006.500
-1079.500 -946.498
1191.500 -811.502
1276.500 -686.498
-883.499 1163.500
-1384.510 -477.505
964.499 1103.490
-1417.500 -397.503
-1034.500 1053.500
-1384.490 524.507
-1337.500 -637.501
-1011.490 -1083.490
1409.500 -471.493
-933.509 1155.500
-1381.500 -549.502
1248.510 822.498
-1251.500 -829.500
-1076.500 -1048.490
-1266.510 825.505
1421.500 -525.498
1224.500 -899.496
1499.500 254.500
1530.500 -23.494
1291.510 826.506
-1504.510 -314.506
-1347.500 767.499
1349.490 772.496
-1500.500 410.498
1561.490 26.496
-1201.500 -1001.500
-1003.500 -1200.500
1519.500 -380.509
-1343.500 -825.496
-1082.500 -1147.490
1558.500 257.500
-1186.500 -1052.500
-1557.500 305.497
-1575.510 207.503
1536.500 448.495
-1366.510 832.493
-1405.500 791.500
1117.500 -1166.490
-1428.500 -769.499
-1438.910 -784.637
1604.500 -389.502
-1288.500 1032.500
-1298.510 -1029.500
1506.510 -692.504
-1361.500 -951.502
1584.500 502.503
-1558.490 -606.499
1205.500 -1164.510
-1333.500 1026.500
1468.510 -839.499
-1610.500 -517.501
1609.500 -533.507
-1511.500 -787.500
1507.500 802.497
1458.500 892.503
1440.500 -1015.500
1383.500 1136.500
-1406.510 1126.500
1588.500 -884.497
-1597.490 -913.504
1558.500 -1049.510
-1563.500 -1043.500
1510.500 -1121.500
-1476.500 -1165.500
1572.490 1036.500
-1553.490 -1212.510
