0.496 -0.503
10.502 151.497
-2.502 187.496
199.500 -50.497
167.502 146.500
31.498 240.497
11.499 263.508
-176.500 243.502
126.499 -280.497
-306.498 123.500
-227.122 250.638
-230.501 256.491
108.505 -346.500
-378.499 10.500
-204.502 323.498
310.500 228.500
201.500 -350.501
318.499 259.498
84.491 418.503
320.498 -304.497
-198.500 -408.497
-401.502 -214.504
-429.496 -180.507
168.502 -435.499
-35.498 -466.498
292.498 -383.505
383.490 298.499
-4.497 489.490
-178.503 458.500
-67.500 500.498
290.501 -418.495
458.494 -232.496
429.507 -302.502
453.500 273.498
-266.506 -459.500
-304.497 458.502
-174.499 -524.499
478.503 -277.508
-192.497 -520.505
-461.504 -308.499
-539.499 -141.492
-211.500 -521.504
236.500 -535.499
583.495 -87.497
-587.495 95.502
536.501 -264.500
295.493 523.503
597.498 106.506
-34.499 -609.495
-148.502 -599.512
-611.502 -132.507
-460.510 -427.501
309.499 565.503
-649.498 -16.504
142.502 -651.502
244.489 -623.501
-619.498 282.504
-476.499 486.496
506.506 456.498
-624.492 -280.494
264.500 -644.500
247.500 651.501
702.501 129.495
-422.506 579.504
-516.502 -506.498
-446.503 574.504
-532.500 -504.499
444.501 592.503
-302.504 680.497
412.505 -635.508
-742.503 156.507
-678.501 -352.503
-272.504 -718.496
667.499 -384.503
627.504 -457.498
691.506 379.498
713.499 340.505
489.502 -629.501
-248.500 -765.501
-236.499 -782.505
629.497 -553.495
93.498 836.501
-76.495 -848.500
648.503 -556.504
689.501 -516.494
-6.505 -863.504
839.509 -236.505
438.503 -758.495
359.495 801.501
-509.495 -731.501
-281.462 851.912
-282.797 855.299
-894.488 -111.498
-422.500 803.505
319.505 -851.497
757.496 -515.503
-898.494 178.502
-899.903 173.992
313.503 874.501
-519.496 775.505
-462.506 811.503
-696.494 640.504
-761.495 -569.497
946.499 105.499
325.486 -897.488
225.506 -934.503
245.499 928.504
948.498 -165.503
-930.499 256.501
960.264 -162.329
915.493 345.507
534.500 -831.496
-798.503 582.508
-473.498 -873.499
302.498 948.502
617.495 782.501
999.496 60.502
970.498 -274.496
809.500 601.507
994.498 193.496
-1013.500 -17.499
-244.492 990.497
926.494 -438.500
-181.493 -1010.500
-588.498 -854.494
-831.495 624.504
929.497 -476.502
827.500 645.500
-498.497 -927.505
1054.500 -21.503
551.490 -899.505
682.504 804.507
-747.496 -749.504
-358.497 998.502
-966.495 -452.506
1070.500 -50.502
813.505 -713.496
934.497 -553.498
4.502 -1093.500
1092.510 -53.501
184.494 1084.500
-194.573 1089.500
-611.507 -923.501
266.499 -1077.490
969.500 540.493
27.496 -1110.510
-719.500 -861.498
-1049.500 404.504
-1075.500 -351.501
913.491 671.512
-1133.500 -54.502
-368.502 1080.500
-837.508 -778.496
-1098.500 -331.499
-214.496 -1132.500
1060.500 -455.507
1154.510 -20.498
1157.820 -34.116
353.501 1102.490
-213.994 -1141.040
-950.494 -684.496
746.503 903.503
-855.489 -809.508
-457.492 -1086.500
-728.502 -930.500
-1163.500 226.492
936.503 -740.492
-609.506 -1033.500
1209.500 -32.501
1207.500 -145.503
581.497 -1068.500
1213.500 160.502
985.493 -731.498
1228.500 -112.500
-1200.500 -289.501
-435.506 -1168.510
1209.500 304.501
-1248.500 -69.503
-1264.500 -53.508
1174.500 482.499
1250.490 -230.497
1211.500 389.501
1008.500 -779.498
-788.492 -1005.500
1248.500 288.504
1141.510 -602.501
-1036.500 791.502
1215.500 484.502
-1282.500 265.498
943.504 -913.504
1266.500 -350.507
-971.497 -889.496
-1128.500 679.494
-1184.500 -589.509
861.510 1009.500
-1232.500 501.499
1114.500 -735.497
981.502 911.500
905.499 -992.490
-982.499 -915.494
-625.496 1195.500
1204.500 -612.501
1134.500 773.503
-1179.500 712.497
1403.500 -17.501
1256.500 -626.497
-1400.510 -93.510
-1396.500 -177.502
1314.500 -513.504
1024.510 -972.491
-1246.500 -698.498
1419.910 -251.415
-1002.500 1035.500
-1350.490 -509.493
888.496 1142.500
1436.500 -190.503
1340.500 553.502
1430.950 -249.789
-1045.500 1029.500
1405.850 -425.376
-1015.500 -1064.500
1469.490 96.500
1413.430 -422.035
1463.500 265.502
-1276.490 773.495
1127.490 981.500
1497.510 -152.504
-1045.500 -1084.490
1389.500 588.493
1446.500 456.503
1528.500 -167.493
-1106.500 1066.500
985.495 1184.500
-1484.500 -437.501
1414.500 -649.501
1427.500 -624.496
1543.500 -213.499
1563.500 46.501
1500.500 -446.107
1500.500 -446.496
1558.510 196.499
-1492.500 -507.504
-1141.500 -1091.500
1400.500 -741.499
1580.500 -119.502
1277.510 -943.504
1446.490 -659.498
1494.500 -567.503
1580.500 260.501
1058.500 1210.510
1243.500 1043.500
1290.500 993.501
1561.500 -518.501
-1221.500 -1122.500
1275.950 -1062.040
1282.960 -1060.090
1344.500 -1017.500
1505.500 -771.504
1446.500 -987.496
-1546.510 886.489
-1337.500 1201.500
1458.510 1081.490
1540.500 962.499
1400.500 1170.500
1487.500 1070.500
1608.500 957.501
1587.500 1039.500
1591.510 -1093.500
1615.500 1085.500
