0.501 -0.489
-108.499 39.502
-45.504 -206.501
218.507 100.501
-10.498 -247.500
217.505 118.504
-253.497 -6.502
-261.506 -76.495
-285.505 -0.972
20.492 -298.503
-46.498 -312.499
-181.490 261.494
3.498 351.500
-197.495 297.497
260.497 249.504
-263.520 252.451
-261.635 257.258
387.501 -8.503
-388.493 26.506
157.498 375.495
-272.502 308.504
64.504 -417.500
321.495 -279.495
292.502 -312.501
20.500 428.504
-439.500 -45.505
380.498 229.500
-203.501 398.493
104.502 437.502
445.506 71.499
-434.499 152.502
-389.502 255.497
363.499 294.499
-335.503 326.499
-423.502 227.499
-486.502 72.502
-245.500 433.497
422.501 277.499
227.498 456.503
-509.504 61.502
498.490 151.503
-258.502 -453.497
-222.502 485.496
531.501 80.497
-482.504 -235.498
519.496 -141.506
-525.505 -140.503
-423.502 -347.496
365.645 419.265
362.721 424.253
164.504 -536.495
-551.499 -123.500
-554.498 127.500
361.501 445.502
195.491 -547.507
-361.500 -465.502
227.499 548.494
389.509 -450.498
287.496 -524.499
-465.497 -376.502
-410.503 -460.500
147.501 -615.501
-288.496 -565.493
521.502 375.501
-144.503 634.494
-652.501 -33.498
-557.501 340.498
310.503 577.502
-454.503 -480.503
583.496 333.500
-335.494 -582.496
248.491 -626.498
631.500 -243.496
-667.504 136.498
455.497 -521.501
592.497 -359.500
612.499 341.496
444.624 -546.937
-456.502 -544.493
-533.503 477.506
-626.502 -365.503
732.505 36.495
375.507 -632.494
701.502 -221.503
614.500 407.502
121.499 -728.502
105.503 -740.494
494.499 -567.501
97.804 -756.975
-323.498 691.505
605.745 468.987
-206.498 -739.497
-721.493 266.505
609.496 472.500
623.505 -461.494
761.500 -147.496
-586.510 525.500
-437.890 661.425
-751.501 -258.498
-740.504 -294.503
-541.500 -597.497
651.502 -477.495
-90.495 -806.499
814.502 -6.498
120.497 818.503
-52.502 -839.500
-344.494 771.497
-673.499 519.502
198.500 830.507
-337.501 791.500
-869.502 25.488
-771.505 -402.501
443.501 757.497
-342.491 -810.504
37.502 -879.501
158.503 -874.500
-612.502 -645.508
-843.495 -283.499
-720.500 -523.497
-516.494 725.505
-755.506 -473.507
-241.497 861.501
-84.499 -892.499
-733.502 514.503
727.494 551.500
-9.499 -921.500
239.494 889.497
399.497 832.501
-697.499 606.503
845.501 -377.498
-683.501 -629.497
-47.496 930.502
-921.501 149.497
-930.508 -83.501
81.497 939.503
-935.509 -120.495
-882.501 336.499
-949.500 78.513
-931.502 203.496
-319.497 898.489
955.501 -68.499
-853.496 432.503
-931.501 -222.503
-911.272 307.520
-911.296 307.453
825.495 -496.502
-897.500 360.500
969.502 113.500
385.499 897.497
-871.507 -441.505
-787.502 -580.498
-919.496 -341.495
903.504 392.489
-327.502 928.500
938.500 302.494
-328.499 -932.498
-369.501 -923.507
211.499 -973.502
-899.495 428.498
-207.502 -980.500
-91.503 999.498
62.495 1003.500
959.495 -309.505
-658.505 -765.500
447.499 906.502
-161.503 1002.500
-707.501 742.491
-1028.500 29.497
-1026.500 -90.503
755.499 -702.497
-528.495 892.502
-946.500 -439.505
-1032.510 -157.496
-981.504 -372.500
-414.500 -966.506
-1022.500 -248.501
261.501 1034.500
1061.500 151.500
-324.502 1025.500
773.504 -751.497
1069.500 -139.494
-716.500 812.508
798.501 -739.498
-1037.500 -329.505
548.502 -943.500
611.501 -907.499
590.497 926.497
1007.500 456.501
-333.498 1055.500
-1040.510 379.501
-1087.490 213.497
593.499 -943.503
-608.502 -941.500
-878.502 696.513
-716.497 872.499
-877.496 -712.502
-1058.490 400.498
-1065.500 -382.508
704.496 886.491
37.498 -1135.500
-415.495 -1062.500
-890.163 -723.129
-1105.500 -327.497
-641.502 -960.494
-640.497 -966.041
-1143.500 189.497
-765.500 872.498
-1108.500 352.497
1100.510 -381.496
140.498 1156.500
-547.375 1035.370
-547.724 1035.980
-542.502 -1043.500
-750.500 -905.500
-1003.500 612.493
-606.501 -1010.500
1012.500 613.501
-1056.350 -537.966
-1037.500 -576.495
-1180.500 204.495
-1064.500 -563.503
-1110.500 469.500
493.497 1103.510
-490.498 -1107.500
-1217.500 37.500
-764.499 -952.499
-434.502 -1143.500
-1220.500 -71.489
-935.495 789.494
947.497 -779.505
275.497 1195.500
-825.508 907.502
-422.388 -1154.510
-1131.500 492.504
-845.493 -900.498
-1111.500 555.501
588.506 -1097.500
-884.495 -876.505
1232.500 -190.502
-1154.510 470.502
-651.496 1066.490
-1238.500 217.502
-1089.500 -631.498
1036.510 716.494
-1253.850 120.393
-1253.970 119.248
-923.496 -863.503
1219.490 340.498
827.497 -968.504
-1219.500 -368.114
-1219.500 -368.505
-1187.500 -470.503
-433.506 -1202.500
-614.503 -1122.500
702.505 1072.500
1267.490 245.503
-475.504 1204.510
-1274.500 -250.503
-1139.500 -625.499
1267.500 -316.499
-599.501 1160.500
1247.510 -403.494
1315.510 143.502
1289.490 319.494
-701.497 1139.500
-1143.500 695.494
1273.500 449.498
1352.500 56.496
-632.507 -1202.500
-889.503 1028.500
-1196.610 656.164
-1198.500 663.500
1245.500 575.495
-933.499 -1008.500
-1381.500 -0.493
-1355.500 -270.508
-898.504 -1054.490
-1176.510 731.499
-1375.500 -185.500
951.502 1025.500
1367.500 309.501
1056.500 927.502
-961.502 -1055.510
1011.490 1019.470
1011.940 1021.730
804.496 1194.500
-1327.490 559.494
-1400.500 343.507
-1290.500 643.501
-1094.500 -942.491
-1361.500 493.504
-1407.490 -348.505
929.498 1116.490
-1456.500 75.502
-1273.500 711.498
1146.490 -904.510
1417.500 -354.499
1374.500 -517.502
-965.497 -1109.500
-1343.500 609.503
-1411.500 443.501
-993.508 -1103.500
1391.520 523.453
1391.090 524.813
946.499 1165.500
-1323.500 -735.501
-1285.510 809.491
1500.510 -266.499
-1071.500 1086.500
-1409.430 587.295
-1411.700 585.299
-1374.500 668.505
1285.500 833.507
-1533.500 -88.495
1398.510 659.505
-1407.500 639.495
-1542.500 126.500
-1511.500 -342.504
-1522.500 314.500
-1170.500 -1028.490
1436.500 -610.502
1290.500 -890.504
1272.510 -920.509
1571.500 -5.499
-1347.490 811.502
-1075.500 1149.500
-1553.640 262.428
-1553.340 277.725
-1554.020 275.463
-1527.500 -398.499
1582.510 65.502
-1459.500 628.505
1109.500 -1140.500
-1320.500 885.499
-1587.490 102.499
-1444.490 673.499
-1209.500 1050.490
-1414.500 762.500
-1209.500 -1060.500
-1611.500 -91.507
-1613.500 96.500
-1092.500 1192.500
-1451.500 719.499
1174.510 -1122.500
-1600.500 291.503
-1540.500 -527.506
-1260.000 1031.500
-1607.510 -292.503
-1281.490 -1014.500
-1267.790 1035.040
-1253.660 1054.420
-1608.490 331.498
1460.510 759.499
-1475.500 741.496
-1582.500 477.503
-1552.500 589.505
1251.500 -1095.500
-1283.510 1059.500
-1490.500 763.498
1563.510 604.510
-1236.500 1140.500
-1536.500 714.496
1612.490 -530.497
-1532.500 -753.502
-1524.830 777.741
-1417.500 959.496
-1468.500 -881.502
1615.500 592.504
-1538.500 785.499
-1449.490 956.504
-1525.500 851.499
-1608.500 -711.501
-1432.500 1051.500
1399.500 1103.500
1481.500 1010.500
-1559.500 963.499
-1389.500 1200.500
-1606.500 971.499
-1487.500 1158.500
-1587.510 -1119.500
-1605.500 -1140.500
-1620.500 1137.500
-1571.490 1205.500
