0.503 -0.503
-109.495 109.505
-81.498 -135.505
-165.498 -48.500
131.496 122.499
176.498 50.504
-133.495 165.496
122.496 190.505
180.508 -144.503
90.500 247.505
-265.500 20.497
-29.507 -284.493
259.502 134.503
-71.502 -290.497
-251.497 188.494
288.497 131.502
-128.502 302.499
329.499 63.495
100.509 324.501
128.500 316.503
-56.505 340.499
-319.509 149.507
234.501 -270.503
-53.495 359.501
-359.500 -78.499
350.501 135.491
-381.499 16.494
-365.501 -112.496
-67.502 382.502
281.506 289.497
393.503 96.498
-370.501 -165.497
407.496 -7.503
11.497 -411.504
-410.502 -26.499
165.505 -380.499
-15.499 -418.495
16.856 -419.402
299.506 -296.495
-269.498 -323.501
-190.510 -379.506
-197.499 382.507
393.499 -194.499
433.498 -80.505
445.503 52.496
355.501 277.495
49.499 457.499
-71.497 -463.495
-397.498 272.499
-460.502 168.496
471.504 -166.500
508.501 59.499
-355.492 -369.498
-463.496 -229.497
-234.498 -461.505
-430.504 -302.500
508.503 -138.500
-343.500 402.495
402.500 -358.496
-106.505 530.497
-299.500 -463.498
357.499 -421.498
62.267 555.243
354.503 436.500
-507.502 -242.492
58.498 562.497
-238.503 -517.503
-559.503 131.494
228.499 -559.503
279.501 -545.505
-38.505 613.505
431.332 -460.858
431.044 -461.447
473.497 -422.495
558.504 300.503
268.500 575.498
404.493 -495.504
-311.504 558.497
578.495 -287.509
650.508 3.491
495.505 -422.506
-644.496 -99.505
-147.503 -636.508
475.501 -455.500
543.061 -379.706
543.255 -379.643
512.502 -423.497
554.214 -380.779
-646.499 -192.502
301.497 -606.504
-430.498 526.497
138.495 -668.496
552.493 402.510
519.500 -447.508
513.045 -460.821
-680.497 110.504
-599.501 -347.492
225.502 655.501
-5.506 -699.506
622.503 325.500
-268.505 649.504
-217.494 -676.500
589.498 -397.499
197.496 688.492
687.507 217.491
-720.494 -79.499
659.503 305.506
552.504 484.496
298.494 673.499
189.498 -713.498
728.495 -148.496
-716.504 209.500
-707.500 -246.500
748.499 98.508
501.509 565.498
647.505 -392.501
698.494 -298.497
-75.495 757.500
-145.505 748.499
-209.499 747.495
747.499 -223.505
-174.500 759.505
742.500 -273.501
89.503 785.492
-76.498 795.507
795.500 145.500
-813.501 43.503
285.503 -767.505
434.500 704.503
618.506 552.506
293.502 780.494
-94.503 -833.504
803.499 271.501
543.500 653.493
654.501 -546.497
-846.506 -96.497
-745.504 417.497
724.501 -458.491
754.500 -427.497
-662.503 567.502
464.497 -740.500
351.501 -802.502
495.503 -723.497
-828.496 -286.493
880.499 -57.501
-296.502 -832.496
-504.500 -729.496
-175.504 876.497
-753.500 484.507
-529.494 -725.498
651.495 622.500
481.496 763.507
631.503 653.505
-280.499 865.495
-800.496 -435.500
-821.494 -397.503
844.499 349.498
-792.503 -454.495
-830.500 382.497
720.497 -565.495
-324.500 -856.501
-304.501 865.505
-721.500 -573.508
898.500 230.506
-184.500 918.502
890.492 298.488
-694.498 639.504
936.502 184.499
-953.492 -41.502
-314.500 -902.499
952.501 143.497
-412.498 -870.501
-918.498 -295.499
-781.499 -569.502
190.495 954.494
-822.502 -521.501
863.498 -455.504
804.500 -575.498
582.499 -799.500
-246.506 -961.505
-114.504 996.499
428.505 -914.498
1016.500 7.500
-488.504 -892.504
956.495 347.500
-148.501 -1011.500
195.492 -1009.490
-358.502 -965.500
904.496 -507.503
703.500 768.498
1039.500 -129.501
-997.492 -317.507
-687.496 -791.501
412.499 -967.503
-920.497 514.499
982.507 386.498
-1054.500 144.497
-330.498 1012.500
433.495 975.501
-51.504 1068.510
-768.497 -748.499
-769.802 -759.770
238.499 1057.500
901.025 -608.104
995.504 -438.500
910.737 -601.009
-825.498 -712.499
596.492 -917.508
423.500 1012.510
-142.503 1089.500
-787.497 770.500
-624.504 -912.497
903.497 -645.502
-1086.500 226.503
-554.849 -963.278
498.501 -994.504
-568.501 -956.498
1088.500 -251.494
-701.497 -869.498
-797.496 -794.499
825.493 766.499
828.497 -764.500
-165.499 -1121.500
-897.502 -696.501
1115.500 218.498
-965.503 601.500
-479.495 1033.500
-1140.490 -51.498
-1096.500 -320.497
-872.501 -743.500
-350.505 1095.000
-202.506 -1136.500
-486.499 -1047.500
-538.500 -1024.500
-1031.510 -524.501
624.499 976.498
-114.501 -1156.500
-1122.500 -319.494
-1105.500 375.500
-534.501 -1043.500
-476.496 -1073.500
-132.503 -1171.500
-1181.510 -31.502
245.493 -1158.500
-113.498 -1185.500
700.487 963.500
319.501 1150.490
649.499 -1004.500
949.826 727.956
-551.495 -1072.500
595.503 1052.500
1001.500 678.504
1202.500 140.506
-1210.490 -80.505
955.961 750.171
409.814 1143.980
960.456 748.424
-1200.500 -207.500
958.410 754.701
-309.498 1179.500
-1129.500 -460.504
954.926 761.815
723.499 984.502
955.447 766.398
-1139.490 452.501
572.505 -1086.510
743.500 978.495
813.501 -923.490
755.511 -975.503
418.492 1160.500
-1233.500 16.496
1147.490 460.498
332.496 1196.500
975.500 772.500
984.917 765.080
452.504 -1165.500
938.507 -831.502
338.501 -1210.500
1008.500 760.417
1008.500 760.498
-667.499 -1072.500
1240.500 -244.503
1257.860 152.373
-403.502 -1201.500
1259.090 154.718
473.497 -1180.510
-586.501 1128.510
-685.554 1079.020
1133.500 -599.502
1166.500 533.507
494.503 -1185.500
1007.500 797.506
-855.497 958.504
-1002.500 804.498
-712.499 -1072.500
-1027.510 788.500
-1231.500 406.497
-1281.510 216.507
-1267.500 -292.497
-649.497 1130.500
1016.500 -821.496
1112.500 -687.500
-922.498 925.505
543.499 -1191.500
1256.500 -370.499
1008.510 -841.491
-581.499 1188.500
-902.495 969.501
-1113.500 738.498
731.491 -1136.500
1044.510 858.499
-1117.500 -762.502
1327.500 277.502
679.494 -1178.500
-1324.510 315.500
-1334.500 280.498
1359.500 -121.500
-891.507 1032.510
1237.500 581.491
994.496 941.497
1120.500 792.504
-1179.510 706.498
-1330.500 -351.503
1208.500 -662.505
-712.500 -1184.510
-866.499 -1099.500
1198.500 724.503
1129.500 830.504
-1012.500 -971.501
983.497 1013.500
-1027.500 -976.496
-766.499 -1193.500
1372.500 -377.496
1356.490 -457.506
992.494 -1032.490
1339.500 507.506
1148.490 -881.500
-1321.500 -594.499
-999.714 -1067.880
1080.500 -990.505
1135.500 -928.502
-1345.490 -582.500
-1001.890 -1071.510
1466.500 -117.503
1238.620 835.782
1242.810 836.503
-1097.500 1035.490
1432.500 -480.500
-1513.510 96.501
1516.490 -91.495
1402.500 592.501
-1057.500 -1104.500
1484.510 375.502
-1302.500 -807.502
-1255.510 878.497
1267.500 -871.498
-1454.500 -510.496
-1026.490 -1162.500
1511.500 -351.495
1532.490 -259.504
-1511.500 369.498
-1425.500 -626.500
-1561.500 -81.500
1560.500 -181.502
-1480.510 -529.493
-1506.500 -471.503
1431.500 -674.498
1580.500 129.505
1549.500 -379.499
1608.510 188.500
1578.500 368.508
1164.500 1132.500
1254.490 1066.500
1516.500 -661.111
1431.500 828.494
1516.500 -661.501
1343.500 965.498
1443.230 816.062
-1377.500 926.500
-1210.500 1157.490
1513.500 735.502
1518.370 728.285
1455.500 850.505
1436.500 888.503
1513.430 770.826
1513.450 770.931
1515.490 848.496
-1531.500 -827.494
-1580.500 763.503
1564.500 798.500
-1535.500 -856.501
-1410.500 -1058.500
-1570.500 -906.502
1521.500 988.497
-1491.500 1057.500
1423.490 -1170.500
1580.500 958.499
-1619.510 -931.503
1586.500 1054.510
1615.500 1023.510
1605.500 1057.500
1611.500 1099.500
1583.500 1180.500
1609.500 1212.500
