0.496 -0.496
-20.502 52.500
71.501 -87.497
-74.504 -134.504
-43.501 -187.500
-169.495 -153.502
199.499 129.503
-211.496 174.503
9.504 -303.500
337.500 -58.503
-311.499 -151.505
129.841 341.503
-185.495 -320.503
356.505 -109.497
298.496 -250.502
-171.504 349.501
-171.502 -365.501
-261.504 -308.501
162.499 380.502
-198.504 -375.499
114.502 -421.496
394.502 217.501
-227.511 391.501
457.494 -172.494
-44.503 -492.500
-249.493 462.497
395.498 -365.502
-38.497 -539.506
-530.501 -125.496
-52.503 554.499
-247.494 508.507
-563.507 -77.493
368.505 -439.495
-371.498 437.498
-537.498 221.500
585.501 -65.497
-271.497 532.492
409.500 452.504
-510.504 -337.498
169.498 590.502
-108.498 606.502
530.497 -319.494
-506.502 -360.495
-569.502 -322.497
59.500 656.501
-668.502 -24.498
-34.498 672.496
411.500 542.497
283.497 -625.499
598.506 346.500
517.495 -487.504
-336.506 -627.500
410.498 581.499
-644.504 312.495
-433.497 -575.503
724.494 -113.500
669.502 302.504
-515.489 -555.499
-728.506 -225.495
770.499 14.503
115.500 762.508
500.493 622.500
442.505 670.503
613.495 551.505
-792.500 230.497
33.503 829.494
-805.506 215.501
298.499 790.494
321.495 787.499
285.504 -803.508
-748.504 418.500
102.502 -864.499
476.496 734.497
832.503 273.498
2.503 -882.496
865.501 172.502
870.499 222.501
-584.499 682.494
-845.496 307.510
-299.502 -849.494
-869.500 -240.504
-917.501 105.506
-903.504 192.497
815.504 -443.499
318.495 874.507
-293.493 887.502
-747.500 -563.499
612.501 709.500
-938.497 21.508
935.505 91.503
458.505 -835.501
966.500 -71.500
-968.508 93.499
-549.505 806.501
-175.503 961.503
987.504 -112.500
-981.503 176.494
-921.491 384.504
1003.500 19.499
-293.502 -960.504
715.501 -710.499
994.499 168.489
255.506 -992.501
26.509 -1035.490
-802.503 653.502
1011.500 305.500
-943.495 502.499
-867.503 649.498
1059.500 -266.502
-1026.500 370.499
-382.496 1022.500
-783.507 -763.502
-641.504 890.509
550.497 -951.496
385.405 1029.570
65.499 1101.500
388.335 1033.370
-984.499 512.503
170.499 -1102.500
-295.503 1084.500
324.500 -1086.500
-581.506 -974.499
132.501 1126.500
1105.500 262.507
-1127.510 -138.505
390.495 -1073.500
304.502 -1106.510
1155.500 -103.498
518.493 1048.500
-367.502 1118.500
1130.500 -362.495
1159.500 255.502
-1170.500 -199.500
63.500 1189.500
-1073.500 -518.501
1187.500 -116.506
334.496 1144.500
-841.508 849.500
90.494 -1195.500
-1196.500 74.506
-997.493 -668.499
-1154.500 -337.500
-864.497 867.497
-356.506 1172.500
993.498 723.496
1213.500 -236.497
444.502 -1154.500
-1247.500 6.501
-1164.500 -465.502
1170.500 455.498
-1194.500 396.502
936.500 851.492
1235.500 -288.495
455.497 1184.500
-1089.500 -656.507
958.498 843.499
530.501 -1167.510
1288.500 84.505
-1131.500 624.509
801.491 1015.500
1158.490 629.497
-1223.500 -504.498
744.500 -1096.510
-1129.500 -706.496
-955.495 -930.504
-1298.510 -304.500
1238.500 534.503
1267.510 -467.501
739.500 1131.500
678.502 1187.500
1342.500 -268.496
-798.502 1115.500
-816.503 1109.500
-1094.500 -837.500
911.499 1041.490
-806.497 -1133.500
-1243.510 -634.502
1302.500 508.500
-1095.500 -868.499
-883.505 -1095.500
-1005.260 988.392
-1066.500 -926.498
-1411.500 -87.498
-1325.500 -495.501
-1009.500 996.509
1222.500 -734.495
-1299.500 -589.496
-1339.500 -505.499
961.505 1061.500
-1337.500 526.505
-1439.500 30.500
-993.507 1047.510
-971.498 1089.500
1359.500 -540.505
1224.490 807.498
1119.500 -952.494
1138.500 -959.500
882.510 -1207.500
1342.490 -662.499
-1403.500 543.506
-1395.500 592.504
1265.500 857.494
-1390.490 638.502
1037.500 1132.500
-1493.500 435.499
1024.500 1196.500
1079.500 1151.490
1547.500 -322.509
-1355.500 818.496
1588.500 181.502
1571.500 -439.501
-1620.500 310.503
-1430.500 865.499
-1527.500 681.500
-1594.490 509.500
1177.500 -1193.500
-1251.500 1137.500
-1620.510 550.502
-1615.500 -566.495
1460.500 -911.497
-1591.500 -668.502
1231.490 1213.500
-1366.500 1081.500
-1449.500 998.496
-1358.500 -1133.500
1446.500 1024.500
-1525.500 -964.499
1441.500 -1110.500
-1619.500 864.497
1486.500 1159.500
-1610.500 1043.500
1613.500 1139.500
