0.496 -0.503
-14.505 20.497
-73.502 -54.506
69.495 -68.496
-116.500 -46.500
-131.501 19.497
-91.501 103.495
-90.505 -110.500
150.506 -58.497
87.498 -157.504
-191.499 -81.499
196.500 -77.500
128.501 -177.499
-60.494 212.503
136.206 -188.653
7.500 231.499
112.497 -295.495
-74.494 -326.500
-269.503 -205.500
-213.497 275.502
-254.494 -241.505
-149.495 324.498
-332.507 159.501
-193.501 323.506
-381.504 7.504
-191.494 -332.498
231.499 325.499
74.498 -395.503
57.498 -405.502
-395.501 108.500
-407.502 126.499
-425.495 46.502
175.505 396.503
-246.498 -362.498
19.505 -450.499
427.498 -149.499
422.306 166.959
2.500 454.496
446.501 95.495
-14.499 -459.497
459.500 -58.498
-289.501 -363.500
-259.500 -386.499
263.507 390.504
-403.494 -247.501
-318.491 -350.499
-432.498 -195.502
305.503 -375.490
-215.495 -442.499
-285.502 -401.502
-468.503 200.503
330.503 -395.497
-430.494 282.497
416.507 -305.503
-521.502 50.497
-31.505 524.497
-166.494 -511.501
-349.496 419.498
401.503 373.497
-318.500 -451.501
-221.492 -509.502
-557.508 -13.489
-381.502 407.501
-1.504 -563.501
-254.507 -508.504
-386.506 -419.502
-559.498 -111.494
186.505 547.498
394.503 -424.499
-502.499 293.500
-39.508 -591.498
278.497 530.500
-59.503 -598.499
-380.503 464.503
-604.495 -71.500
156.497 -591.500
-39.504 618.502
46.493 -620.496
489.492 383.499
-318.501 -536.496
600.498 -179.501
-594.501 -206.501
407.498 485.502
-242.497 -595.497
-72.498 638.498
555.505 -336.499
26.498 650.499
635.496 170.496
634.505 -178.505
448.502 -487.498
-659.496 -57.508
-440.499 -498.491
-603.503 279.490
-657.498 -108.502
-629.506 -237.492
-647.499 182.493
-676.501 39.508
-643.497 -221.499
672.499 -156.502
-220.504 -656.503
115.492 -683.495
574.503 388.492
434.502 550.495
443.557 543.649
-700.495 -55.495
57.496 -707.502
-235.504 -671.499
208.499 682.496
682.501 -217.497
-469.498 547.512
-548.501 -474.492
-721.505 93.496
-548.503 480.510
-348.498 -667.501
691.502 -299.505
-751.504 -67.496
635.497 -410.501
510.502 -558.500
-455.497 -615.500
-446.567 -623.246
341.493 -687.500
-1.501 -767.509
-602.495 -475.492
775.496 -95.500
-332.504 706.498
455.497 -637.496
-791.498 -32.500
-476.495 -641.494
682.502 -435.498
672.501 456.500
748.504 -319.506
-548.499 599.502
-612.051 -537.670
-612.159 -538.116
-121.498 -806.502
260.503 -781.496
-586.500 -580.497
-71.491 -825.496
132.503 820.500
794.502 263.501
801.495 -251.503
748.502 -388.507
-64.498 845.502
790.498 310.497
-844.501 -98.487
503.498 -689.503
848.502 -94.504
-783.501 337.502
-851.501 145.498
863.498 -60.494
-775.501 383.502
462.510 733.500
808.502 -316.499
-830.503 -265.505
747.505 -462.496
119.501 870.503
427.503 -774.494
-867.502 -178.501
280.503 840.505
-886.497 -67.498
305.503 847.496
-896.495 -108.497
-905.499 -12.503
-556.504 717.496
-745.501 -521.501
-319.501 862.501
-672.505 -630.501
-735.494 562.500
-889.506 257.496
852.501 -365.497
540.505 -763.502
-831.849 426.128
853.498 -387.498
-891.510 -293.501
-917.506 -203.504
-568.498 748.498
177.491 -925.495
-843.179 419.729
-831.497 443.497
-803.499 493.498
-931.492 193.501
-794.497 542.498
470.502 849.503
-952.494 -196.501
730.499 -663.502
-170.502 -973.500
194.497 -970.505
203.504 973.499
-676.495 -730.502
-793.500 -602.501
-994.496 78.499
712.494 -714.501
-942.505 358.496
-941.496 -370.499
83.508 -1009.500
-1000.500 -154.497
271.499 975.497
-780.505 -646.498
-821.504 600.491
-663.501 771.506
916.498 -447.499
-720.502 723.496
851.504 -578.503
-882.498 -529.499
-1028.500 27.500
310.500 -998.500
-505.503 918.496
-1050.500 -0.498
-402.497 -979.503
-601.501 -873.500
-967.506 -434.495
331.494 -1013.500
-669.500 -834.500
335.199 -1018.330
-49.492 -1071.500
-913.499 -561.505
-280.501 -1038.510
771.496 -750.499
935.499 532.497
238.500 -1051.490
-487.495 -963.497
905.504 592.499
811.500 -722.505
111.503 -1081.500
1017.500 -385.504
-923.498 580.495
-1088.500 82.497
-968.905 506.387
-969.195 506.996
-964.506 -534.502
1027.490 -405.500
1055.490 327.501
-692.497 -862.505
-1019.500 -429.504
-1094.500 -160.494
296.502 -1071.510
1098.500 -218.503
465.504 -1019.500
850.496 -742.495
-177.504 -1125.500
-503.503 1025.500
498.500 -1038.500
-95.488 -1148.500
-510.499 -1035.500
-723.502 -904.506
900.498 -739.505
-1159.490 -141.494
28.504 -1171.490
587.497 -1014.500
921.492 -725.502
292.495 -1138.500
-1161.500 185.502
-1178.500 -50.496
1084.500 -469.502
854.503 816.505
417.498 -1108.500
-1024.500 592.497
-1065.500 519.503
-1086.500 479.491
-878.126 -806.579
-594.032 1033.160
-595.498 1033.510
131.494 -1189.500
-1081.500 529.503
-550.496 1081.500
1211.500 92.500
1131.500 453.500
-1132.510 449.506
-1208.500 -161.503
-1106.500 -514.499
-820.495 909.500
1189.500 -304.497
1221.500 165.505
-403.507 1165.500
-880.509 -865.501
1235.500 54.506
-920.495 -829.500
-294.501 -1204.490
-1225.500 207.501
-1177.500 419.499
-988.502 768.498
826.499 -947.504
1206.500 -365.500
-629.500 1103.500
648.496 -1094.510
424.503 1201.500
-657.499 1097.500
-1132.500 601.494
-909.499 -906.498
1074.500 720.503
1158.490 -582.502
1185.500 -527.500
-640.503 -1133.500
-784.498 -1041.500
1120.500 -682.501
-1281.500 -286.507
-917.501 -943.507
-1106.500 -718.512
1187.500 -589.505
1329.500 -33.496
-1301.670 271.501
-1077.500 784.504
-1289.500 -346.497
-603.499 -1197.500
737.507 -1142.500
-1316.500 342.496
-1352.500 165.498
1361.500 78.495
-688.506 1190.500
1199.510 681.500
1057.500 -887.500
-1038.500 926.500
1200.500 -714.501
-927.500 1046.500
-1087.500 895.502
1205.500 -741.506
1329.500 511.501
1068.500 943.499
-980.499 -1035.500
933.498 1089.510
-869.494 1147.500
-1423.510 -222.497
-1211.510 784.504
-1061.500 984.502
-1383.260 434.706
1396.500 415.495
1445.500 -237.501
-1128.500 932.506
-1432.490 334.503
-1471.500 37.495
-1250.500 -781.499
-1069.500 -1023.500
-1242.490 815.503
-1153.500 937.496
1397.500 516.497
-1498.490 -41.498
1389.500 -578.493
-1180.500 -965.505
-1480.500 -370.495
-1378.500 -663.497
1524.500 143.501
-1077.500 -1087.510
-1438.500 -550.502
-1545.500 -13.503
-1268.500 -907.502
1298.500 871.503
-1396.500 717.500
1203.500 -1017.500
-1351.500 829.498
-1555.960 -321.609
-1557.430 -323.159
1482.500 -586.498
-1237.500 -1007.500
-1598.500 -54.497
-1347.490 861.502
-1599.500 -87.502
-1594.500 153.500
1253.500 1019.500
1609.500 148.503
1525.500 542.497
-1618.500 -106.505
-1330.500 -935.494
-1596.510 -315.511
-1566.500 491.501
-1535.510 -586.492
-1196.500 -1128.490
1443.500 -812.498
-1507.500 684.152
-1507.500 690.496
-1523.500 692.507
-1602.020 -506.929
-1419.500 912.502
-1236.500 -1153.500
1606.500 -580.499
1570.500 -722.490
1461.500 -942.501
-1315.500 -1150.490
1589.500 -745.503
-1412.500 1076.500
-1335.500 1211.500
-1362.500 -1191.500
-1599.510 854.493
1413.500 -1184.500
-1427.500 1201.500
-1573.500 1006.500
-1573.500 -1107.510
1578.500 1163.500
