0.501 -0.495
7.504 -62.498
-49.507 52.503
-29.500 -95.493
-94.496 -33.498
76.501 79.501
102.501 -45.501
78.497 -80.501
-49.782 106.340
-130.493 -28.501
-58.112 120.972
-45.494 132.506
59.499 133.502
-93.499 -114.509
-170.501 -12.499
-29.841 186.014
34.500 187.496
-11.511 -191.507
-142.490 -129.501
-38.500 202.499
204.506 45.498
-159.892 -155.343
-164.271 -155.130
-199.506 -125.509
98.506 215.499
-164.500 188.501
-93.505 -233.497
-216.035 -136.622
-215.917 -138.128
106.495 -236.064
150.499 -218.495
-108.693 242.712
226.500 142.507
-83.503 -257.499
-214.500 -169.504
102.500 -256.504
226.495 169.505
-122.498 254.503
90.500 270.496
177.507 -226.506
56.497 286.499
-111.812 272.013
110.500 -276.500
-114.342 276.316
285.502 -106.497
-182.613 -244.501
-184.842 -244.500
-288.496 110.492
149.502 -276.505
304.499 93.498
-230.494 -220.504
57.499 315.511
-311.495 -102.503
-103.508 -312.495
-72.502 324.497
341.501 -33.501
69.496 340.493
53.492 351.507
-278.494 -224.506
28.497 -369.500
365.498 83.498
-170.504 -334.502
245.510 -288.504
-32.503 378.507
159.502 345.503
322.964 205.083
-249.496 -292.497
212.503 322.502
329.502 212.504
-133.504 -380.496
-72.496 397.502
-193.272 358.720
13.505 -412.502
-381.500 154.501
312.508 270.503
-407.494 -72.503
3.260 -420.708
-202.492 367.496
426.503 -21.505
185.505 -391.503
85.498 424.493
313.496 302.500
399.495 -177.495
361.824 244.802
362.180 245.483
17.501 442.495
366.189 250.848
-432.498 -112.501
396.505 215.500
-91.496 441.501
363.502 -270.494
-456.505 -3.501
-415.505 191.499
-424.049 -190.503
318.500 341.502
-434.500 -171.498
-414.501 217.503
465.496 -93.505
394.502 275.504
-382.221 291.729
-358.501 -323.499
-441.506 -195.502
-387.210 294.129
249.494 423.501
-494.501 -38.497
-500.503 22.504
-408.494 293.499
280.492 -430.498
515.505 36.497
-484.503 -192.501
521.501 67.501
-516.504 96.492
-380.497 363.496
415.506 326.505
-55.500 -526.502
-506.504 156.499
319.503 425.502
173.509 504.506
254.503 474.493
152.497 522.501
409.499 -369.505
-272.495 482.496
458.502 320.493
-39.502 560.505
20.503 566.501
-406.496 400.496
-348.496 -456.497
-401.501 -414.505
-195.499 548.500
440.496 383.493
-405.436 -422.057
-391.503 -435.501
-333.495 -482.496
567.496 152.498
503.496 321.505
184.496 572.501
-236.497 559.493
475.499 -383.499
-602.504 113.501
-9.499 618.499
216.506 581.505
-203.507 -589.503
-309.498 540.497
581.503 226.503
606.495 169.498
-68.494 630.500
-456.497 442.503
-5.501 636.496
276.704 576.671
276.540 577.651
626.501 154.505
615.492 197.505
569.502 309.501
-208.505 -616.505
292.038 585.043
268.497 598.503
-345.502 567.506
633.501 207.502
624.499 237.495
-524.500 413.502
388.495 -551.497
579.496 349.507
-371.499 -569.509
-598.501 325.500
-296.496 -614.499
-224.505 645.495
684.494 -65.505
688.501 -23.502
-410.500 553.496
-496.500 -480.511
-412.499 -558.500
689.570 -114.928
694.466 -118.808
397.505 582.502
-644.499 -288.500
-463.496 535.501
-690.503 -173.498
704.502 119.493
441.503 564.494
51.493 715.495
-715.501 -83.495
299.504 667.501
666.502 305.495
499.503 -546.507
-87.498 734.502
-265.505 -695.005
-310.499 -681.497
-222.498 -720.497
217.505 -722.503
-555.497 517.503
-165.504 -743.501
-428.503 -631.496
-719.507 -262.505
-743.498 188.501
355.495 -690.490
508.506 -588.500
-47.505 778.504
372.496 692.506
577.501 537.496
-571.500 555.502
-673.496 426.501
-503.503 -621.498
576.501 563.497
807.658 56.709
-155.347 -798.649
384.500 -719.502
-276.499 -767.500
-461.504 -672.505
-814.500 -50.499
516.497 -633.500
820.494 69.498
-749.500 -351.503
301.506 773.508
50.502 -830.496
-208.499 -806.500
-826.503 -106.499
-566.494 613.496
-540.492 -644.500
-487.498 -689.494
-523.497 664.503
-528.503 -662.505
345.500 774.501
-752.500 -391.498
571.497 -630.501
707.502 -475.500
-847.494 -112.496
-530.594 -671.603
-575.502 -633.502
218.017 831.760
849.497 -164.504
840.491 205.504
217.501 837.499
725.499 472.498
-337.513 -798.501
-866.502 -61.497
-32.507 872.493
-422.498 -766.505
249.507 -840.499
-691.501 -542.498
-540.501 -696.503
-871.500 -135.505
-46.493 -882.496
664.501 585.500
-389.503 795.499
328.502 823.508
-805.504 -378.497
876.497 -170.493
478.504 -757.500
746.495 497.500
-667.504 -599.503
-718.500 545.499
501.497 753.505
-780.495 457.501
130.503 896.495
612.508 668.502
-72.503 -904.499
699.503 582.496
-566.492 -715.500
-606.504 -687.504
-818.222 -416.195
250.498 -886.503
-822.905 -412.597
-500.499 -773.496
-684.498 618.506
-329.497 -863.501
-519.503 764.499
-641.508 665.505
-911.491 -176.503
563.498 740.498
-752.491 -555.507
-184.493 -920.499
-78.492 935.497
-503.498 -793.505
-28.962 940.688
-880.500 -334.509
894.494 302.495
555.502 765.495
-33.498 946.496
243.496 921.500
-15.796 954.958
-600.493 -748.495
-910.500 -308.502
-18.504 961.501
-383.498 -884.508
-964.501 -86.504
-416.508 -878.505
-412.672 -885.869
351.498 912.500
910.496 359.498
368.498 908.499
-883.494 -432.499
-338.501 -925.497
493.498 856.496
-738.493 656.499
44.501 987.493
690.501 708.497
898.497 419.501
925.501 -359.502
915.499 385.496
-390.495 912.502
-374.500 921.501
417.496 -904.501
-727.500 680.498
-727.500 680.889
912.505 403.502
-940.501 -338.496
-134.503 -993.505
-536.501 -856.498
729.499 -707.507
-700.502 -737.505
956.498 351.501
871.495 -529.503
-1020.500 -17.502
444.500 920.500
323.801 970.487
-727.505 -723.497
-981.490 -299.499
-980.568 -305.113
-1026.500 -41.503
48.501 -1029.500
261.505 -999.495
-442.498 -935.503
983.501 -331.500
328.500 984.499
-640.505 -818.494
735.505 736.496
1040.500 -52.506
452.495 946.503
601.498 861.502
911.499 -524.501
-1045.500 129.504
879.505 591.499
-1036.500 223.504
-1042.110 -198.925
480.498 947.498
-1046.500 -187.498
-1035.500 -241.497
856.507 631.505
-691.502 -813.501
-747.502 -763.499
360.499 1008.500
-626.497 871.500
217.498 -1052.500
-1067.490 -142.504
79.502 1075.500
-1013.490 374.496
578.490 927.506
-678.495 864.501
70.502 -1100.500
207.505 1084.510
-7.497 1110.500
-318.506 -1067.500
-793.502 -781.504
885.494 -680.501
665.501 897.502
-582.498 961.504
-625.503 935.502
-1126.500 -11.495
341.502 -1076.510
1025.500 490.506
652.505 933.499
-360.504 -1081.500
-1089.500 345.508
-1107.500 285.497
593.502 981.498
-41.497 -1147.500
110.509 1143.500
-792.504 831.499
821.501 808.505
-933.503 680.505
-614.504 -982.504
-787.499 -850.497
-1022.500 -549.497
977.503 -631.505
1161.500 -87.505
411.504 1097.500
-438.503 1092.500
-1109.500 -405.496
134.498 1173.500
-1180.500 -89.496
495.511 1085.500
-1185.500 -153.495
1179.500 -216.495
964.505 714.503
-499.500 -1095.500
500.507 1104.500
230.501 -1191.500
467.496 1119.500
-1205.500 164.496
-608.494 1059.500
-168.498 -1211.490
-952.513 770.501
1011.500 702.497
1206.500 270.504
1194.500 321.491
1001.500 727.501
515.501 1128.500
-445.500 -1163.500
1233.500 181.504
698.501 1034.490
-974.495 -781.504
1130.500 -538.498
593.496 1102.490
-994.500 760.501
-1256.510 24.495
-1148.500 514.503
-1257.500 -154.492
-1094.510 -640.499
1142.500 559.504
-1045.500 724.498
-1271.500 -73.498
529.502 1163.500
1081.500 -684.498
-1277.500 60.493
-1255.490 -251.496
-824.504 -987.500
-821.470 -999.257
643.501 -1134.490
-845.499 -995.496
-1139.500 -647.495
-918.510 -940.500
-974.504 883.502
-1041.500 -812.506
1292.500 278.504
1002.500 -863.501
610.495 1179.500
-1075.490 -780.505
-916.502 961.503
841.498 -1030.500
-877.504 1000.500
-1334.500 -24.493
-1281.500 -379.504
980.501 909.504
761.506 1108.500
1072.500 -823.507
1173.490 673.496
-1352.500 -130.501
-1226.500 593.506
639.500 1206.500
968.498 964.499
-862.501 -1061.510
-1276.500 -528.503
-1355.500 266.494
819.501 -1115.490
-681.502 1204.500
1168.500 -747.501
1385.510 106.495
-1365.500 -263.504
1161.500 -767.500
1038.510 931.500
1272.500 580.502
-1281.500 -565.500
1326.490 464.502
-1300.500 547.505
1049.500 -948.506
1100.500 894.502
1285.490 -609.500
-1285.500 608.501
774.505 1199.500
1096.500 -920.498
1282.500 658.495
978.499 1068.500
-849.503 -1179.500
-1457.500 -44.496
955.496 1124.500
-1468.500 -178.495
-1470.490 186.499
-1076.500 -1021.500
-925.502 -1169.500
-1385.500 -552.495
-1407.510 498.496
1476.500 233.497
-1276.490 -785.500
-1502.500 -62.503
1110.500 -1019.490
-1471.490 331.495
1113.500 1020.500
1037.500 1098.500
-1089.500 -1055.500
-1075.510 -1082.500
-1288.500 828.496
1336.500 760.500
-1535.500 -136.504
1020.500 1164.490
-1430.500 -592.504
-1000.500 -1183.360
-1396.500 -672.509
-1000.850 -1184.500
-1553.500 19.501
991.494 1200.500
-1284.510 -889.500
-1555.490 145.501
-1013.500 1191.500
-1566.490 44.502
1017.500 1192.510
-1371.500 -762.497
1525.500 -371.497
-1544.490 288.498
-1579.500 -93.498
-1541.500 -371.502
-1408.500 -734.505
-1295.490 923.496
1139.500 1111.500
-1087.490 -1163.500
-1389.500 -779.499
1449.500 -669.502
1043.500 1210.500
1591.500 -227.500
-1312.500 -942.500
-1348.490 -917.508
-1214.500 -1110.500
1166.500 1161.510
-1288.500 -1069.500
-1444.500 857.504
-1476.500 850.506
-1554.490 -718.501
1549.490 775.509
1427.500 -995.503
-1475.500 -963.499
-1381.500 -1127.500
-1408.500 -1136.510
1579.500 890.496
1452.490 1088.510
-1439.500 1120.500
1580.500 -1027.500
1469.500 1191.500
-1613.500 1037.510
-1576.510 -1118.500
1565.500 1168.500
