0.502 -0.501
96.503 -1.506
97.498 109.503
-136.494 86.494
90.504 -136.505
170.497 -127.505
-98.498 188.498
0.497 223.496
-6.508 264.502
143.502 -240.498
-270.500 -137.496
134.493 -279.500
272.492 164.499
-276.500 169.505
-7.500 325.500
345.505 -41.495
-296.502 181.498
224.492 -269.503
220.262 -278.365
63.504 -361.501
105.506 367.500
397.499 19.503
-208.491 -357.512
82.504 439.499
-294.505 -340.492
23.505 -455.499
240.505 -397.502
-59.505 487.502
252.502 -430.495
309.858 391.232
-267.492 -423.502
309.500 396.500
428.501 269.503
-448.504 -266.506
395.496 -358.496
-537.493 57.502
-222.496 512.501
37.498 582.501
-68.487 586.492
573.503 150.499
-490.502 -340.500
-336.496 -496.500
-558.491 -230.496
430.505 -425.498
-175.497 579.501
341.507 504.495
600.502 115.493
-68.500 -616.500
-416.502 462.500
-438.504 445.503
-608.493 146.490
-328.499 -536.499
132.496 -616.500
-475.501 -413.502
58.498 633.495
636.500 35.501
637.498 -42.498
-231.492 -610.500
-51.503 650.500
503.500 -435.495
521.507 -416.500
-173.498 643.503
519.499 428.492
540.510 413.504
668.499 129.501
-520.501 440.503
541.504 -421.501
-230.500 -647.508
-432.502 -548.507
316.492 -627.497
-703.509 -3.497
42.500 -708.504
-456.502 -549.486
-582.492 415.505
-405.498 593.495
-300.499 -658.507
-329.489 -648.499
143.499 -720.495
-617.498 -397.499
-398.497 617.502
275.499 -685.502
-666.498 325.495
72.508 -741.504
-703.491 -263.505
-364.505 -662.505
-304.498 691.498
16.498 769.499
-290.504 720.500
285.789 723.455
-209.502 749.500
-714.500 -314.501
-763.500 -164.504
274.502 738.496
446.500 657.497
530.504 -616.493
-193.500 -791.500
249.496 786.500
516.495 644.506
388.498 -733.497
119.498 -821.496
-774.494 -314.505
-93.493 -842.496
756.501 -385.489
-89.730 -849.761
-807.494 289.499
859.501 32.499
475.499 -731.498
-427.501 -762.501
-813.553 -360.973
844.501 287.500
647.497 -615.498
779.504 440.495
778.501 -449.498
356.502 -825.502
-405.497 809.506
499.498 -761.501
-263.501 -881.498
898.494 -280.496
749.499 575.499
-100.501 -954.498
475.502 -834.494
-241.495 929.508
925.495 260.495
-476.497 -859.499
771.486 -611.597
771.502 -615.524
377.512 911.503
839.499 -523.502
218.501 -967.502
789.503 -605.502
777.914 -624.730
416.500 -908.500
779.400 -629.425
816.495 -581.500
781.051 -629.984
-4.504 1002.500
-979.501 -221.500
-20.497 1004.490
774.870 -646.058
802.479 -614.559
1015.500 -46.503
823.501 -616.499
823.501 -616.581
497.503 903.497
994.511 282.499
-672.495 792.499
-1018.500 209.499
311.498 994.502
1040.500 78.501
991.496 -334.497
331.500 996.497
350.497 991.503
857.491 611.497
-979.497 413.502
-222.497 -1042.510
923.493 -547.500
854.504 656.494
-602.506 -897.501
426.506 -996.505
831.508 -696.501
-207.502 -1068.500
1077.510 168.497
923.497 -583.499
253.498 1061.500
49.504 1090.500
-1020.500 -406.510
684.500 861.500
-993.501 -474.500
-42.506 -1102.490
-635.500 900.498
-361.496 -1047.500
-210.509 -1089.500
-11.502 -1110.500
1095.500 -190.500
1077.500 281.500
-1102.510 -173.499
1121.500 -102.503
1087.510 310.494
-1039.490 -465.502
-1098.500 305.493
-453.501 1047.500
153.495 -1134.500
-517.499 -1030.490
-950.505 -654.499
-967.507 628.502
1024.480 -540.070
1027.640 -539.138
324.511 1121.500
233.508 -1145.500
1093.500 -420.498
-288.503 -1136.500
-870.507 -785.502
501.500 1061.500
-1163.500 186.499
-1065.490 -507.501
-180.500 1166.500
1105.500 445.492
-50.501 -1192.500
509.510 -1080.500
817.502 871.501
445.500 -1111.500
797.502 893.502
1010.500 -645.496
-844.506 -861.500
1209.500 104.507
1215.490 65.502
1212.500 185.503
-1038.500 653.502
1192.490 301.500
551.495 -1101.500
1234.490 122.499
994.499 753.502
1098.500 609.499
-1019.500 735.503
-801.504 976.496
796.509 991.507
735.500 -1044.500
1268.500 -150.498
1256.490 -232.505
1089.510 678.502
1271.500 -206.496
-574.501 1152.500
-1222.500 -409.509
1195.500 -486.498
1297.500 -155.503
1247.500 -396.506
-599.506 1173.500
1021.500 -836.509
-584.503 -1183.490
1204.500 -541.503
982.493 884.495
869.501 -998.491
729.494 1104.500
-1166.500 -626.502
1221.510 -521.497
1289.500 -338.499
1300.500 -299.498
1080.500 -785.500
707.500 -1134.500
1219.490 -554.503
593.501 -1201.490
850.502 -1042.500
-1312.500 -301.496
-929.503 975.501
1306.500 -335.490
-952.500 -954.499
1323.500 263.502
1350.500 84.500
792.498 -1099.500
-1194.490 -643.494
1019.500 -913.498
-1368.500 -42.503
1348.500 -243.503
1357.500 -196.504
1322.500 -364.493
-1354.500 -228.500
1308.500 -421.506
1277.490 -521.504
668.498 1206.500
-1369.500 191.505
1392.490 -13.498
1070.510 893.504
1391.490 127.496
1383.500 -201.501
-953.497 -1029.500
1374.500 -286.506
1379.530 -263.935
1379.700 -263.073
1400.500 -112.503
-938.500 1047.500
-1387.500 313.493
1294.980 -594.072
1294.970 -594.175
870.501 1128.490
1358.500 -437.499
1406.070 -253.539
1422.500 -151.492
813.502 -1177.500
-1162.510 -834.503
1405.500 -282.500
775.492 1206.500
1304.500 -626.504
1335.500 -566.498
1426.500 -266.494
1236.510 -769.506
1313.360 -634.861
-1128.510 -927.505
877.502 1170.500
-1292.500 -696.502
1197.500 -857.499
1462.500 -216.505
-1073.500 1039.500
-1051.500 -1072.510
-1224.510 870.498
-1353.500 666.493
1481.500 -310.502
-1498.490 -233.505
-1412.490 -561.504
1520.500 31.495
1517.500 -289.503
1542.490 -98.500
-1369.500 -731.508
1528.490 283.490
1469.510 516.502
1534.890 -280.838
1535.000 -282.041
1573.500 -85.507
1043.510 -1182.500
1486.500 -542.499
1245.500 982.507
1442.500 -683.495
1589.490 152.495
1266.500 979.499
-1526.500 -517.497
1428.500 806.500
1531.500 596.500
-1179.500 1155.500
-1611.510 -397.501
-1169.500 1178.490
1246.500 -1106.490
1527.500 -679.499
1262.500 1095.500
-1204.500 1160.490
1324.500 1026.500
-1348.490 1021.500
1609.500 536.497
1376.500 -992.499
-1379.510 -1004.500
1406.500 1030.500
-1359.500 -1091.500
1565.500 778.494
1471.500 -997.495
1325.500 1186.510
-1493.500 -1060.500
1613.500 991.498
1560.500 -1196.500
