0.496 -0.492
68.500 -55.504
7.502 108.499
-14.497 -111.504
-0.506 137.503
-177.496 -19.495
-84.507 165.504
-142.501 125.501
144.498 -143.501
216.503 81.494
-233.506 -32.497
136.495 -197.498
-250.498 22.500
169.506 -189.505
-248.506 -76.504
6.500 -296.509
77.499 285.506
-238.500 -182.499
-281.497 -120.500
-92.499 -299.500
-283.764 -135.203
74.499 -314.500
-295.181 -142.312
246.499 223.508
-252.503 -225.496
-344.497 12.491
-207.491 296.497
92.501 380.495
27.499 -391.501
9.653 391.731
9.627 391.806
-395.420 -51.135
-395.888 -49.914
-146.501 -388.505
-374.502 184.499
312.500 -299.493
-431.501 31.498
55.497 431.502
-394.502 -189.494
288.498 -345.499
-38.503 450.502
-12.502 454.503
-360.507 -290.503
465.502 -3.495
357.503 -303.497
156.504 -448.497
78.502 -472.499
-480.581 -29.383
-491.497 -20.501
-449.501 204.503
496.496 -26.498
88.493 -492.496
-282.509 420.509
-503.493 -65.499
495.501 -117.501
-395.504 324.495
-229.492 -467.504
491.504 190.502
-524.506 47.496
-342.502 -402.498
-441.495 300.511
-55.499 531.493
198.509 496.496
-408.503 -347.502
-42.497 -535.503
-218.509 502.498
50.500 -551.496
-406.502 374.504
-548.497 -89.507
523.500 -190.496
-194.500 -527.494
565.503 -1.495
129.495 555.503
-471.503 334.498
200.505 553.498
-492.506 340.497
-86.516 -595.494
89.498 -596.501
-563.508 213.495
-592.500 -112.508
437.500 -426.503
-10.497 613.503
-65.504 616.503
-585.493 241.496
-100.494 636.504
-191.500 -627.504
509.501 -414.502
-484.497 -450.503
-230.497 -620.496
-139.502 -648.504
-313.508 -585.496
394.502 -535.505
4.499 677.504
236.498 638.502
-280.494 -625.503
-417.500 -550.502
-616.505 -330.503
685.502 153.501
-101.503 -695.498
675.501 200.503
344.509 -617.499
-196.498 -679.508
-568.492 -437.503
-523.497 -496.496
-674.497 260.499
-665.502 287.504
721.501 -115.492
-408.504 -608.506
-669.504 -303.499
-373.503 -644.505
-725.490 -170.506
698.498 -265.501
-730.500 167.501
753.493 14.503
-548.507 -521.502
-724.497 -236.502
272.502 -716.504
-767.159 -81.283
353.498 -689.499
-424.495 -648.500
383.395 674.303
467.502 -632.498
-510.499 599.499
-716.504 333.498
13.504 -802.499
-149.498 -790.500
433.496 677.502
397.502 -704.494
480.500 -656.508
767.503 291.500
-199.508 -798.497
752.500 -345.506
816.499 -141.494
-407.504 -722.494
-685.495 469.504
-601.502 575.509
-187.502 -817.501
791.499 -281.502
-825.502 -166.511
-828.526 152.026
-829.567 147.603
630.501 562.491
374.496 -761.510
261.504 808.503
838.501 160.495
-787.500 -329.501
-839.208 155.385
178.499 -837.501
-527.496 -680.495
35.495 -861.494
-579.497 647.497
-458.505 -741.503
-672.507 -555.498
-490.501 -729.498
864.501 165.493
837.499 288.501
-677.505 570.506
111.500 887.503
189.499 -878.495
-637.502 634.502
-386.503 -817.494
-909.494 -15.498
-615.494 -673.492
548.505 -739.496
-427.494 814.499
-872.499 295.503
-826.497 419.505
-547.504 749.502
-671.497 -646.502
-589.501 727.503
-194.506 920.502
-943.060 63.982
331.502 888.496
-449.503 -837.505
-950.873 67.568
524.499 812.501
322.502 913.499
952.494 -199.504
636.501 -740.499
-718.503 -660.497
-983.508 48.505
-547.490 819.507
938.494 -314.497
109.500 -986.496
984.497 -136.497
781.496 622.501
549.497 840.502
-874.504 496.504
996.479 -147.135
559.494 -839.495
255.498 977.502
-912.506 -437.497
137.499 -1005.500
-542.501 857.499
244.507 -987.501
1024.500 43.505
183.495 -1012.500
684.497 -768.491
-660.493 790.500
465.497 925.493
-1033.500 -97.506
-509.501 -909.510
-994.506 -316.498
166.499 -1036.500
1038.500 155.495
807.500 671.498
30.502 -1051.500
602.498 -868.497
137.500 -1048.500
-901.504 550.503
368.507 -1001.500
-1001.500 378.495
-991.495 407.494
611.574 -885.467
612.506 -886.998
-951.504 -508.495
1036.500 -314.502
950.719 -535.568
952.107 -535.816
-141.498 -1084.500
-196.500 -1076.500
-985.506 -476.492
-966.502 522.504
-1079.500 -211.506
97.490 -1098.500
959.499 546.501
-544.499 -972.508
-1082.510 277.501
-806.495 -774.495
1006.500 488.499
-1098.510 -211.503
-970.502 566.498
205.505 -1106.500
-592.502 -959.501
-35.499 -1129.500
-812.499 796.502
-997.501 561.495
575.497 -997.505
973.500 -615.505
-920.498 -692.491
-345.504 -1102.500
-1038.500 -509.497
-215.099 -1143.650
-215.117 -1143.730
757.496 892.504
-825.503 -834.497
1130.500 -318.499
-1045.500 -540.498
-757.497 906.494
156.499 -1173.500
6.501 1187.500
-479.502 -1088.500
-1149.500 -310.499
86.503 -1193.500
191.502 -1181.510
1049.500 577.503
-1197.500 -42.501
-1065.500 -556.491
808.503 895.507
-195.500 -1195.500
-559.501 -1079.500
250.501 -1193.500
504.505 -1112.500
-1143.500 428.507
524.496 -1104.500
-1205.510 235.500
-515.495 -1117.500
419.502 -1161.500
-1226.500 193.496
-1242.500 14.497
-688.502 -1035.500
457.497 -1158.500
-405.497 -1182.500
979.505 -787.500
-1210.500 356.500
1243.500 -258.496
1147.500 557.499
-1271.500 -101.508
-1152.490 -559.499
-1151.300 -568.252
1045.500 746.496
-1148.500 577.499
-1140.490 -600.497
938.496 -885.503
-1264.500 -268.501
-1183.500 -524.496
-999.502 -831.502
-1233.130 419.026
-605.505 1154.500
-1231.500 432.504
-1055.300 -772.602
-1057.580 -774.576
1191.500 -559.500
-1310.500 115.500
-1088.500 -761.496
-578.496 1196.500
1044.500 831.494
-1340.500 44.504
792.502 1087.500
-1230.500 -546.502
-1349.500 171.499
783.501 -1122.500
895.496 1061.510
-921.497 1039.500
1293.500 513.497
-1184.500 731.502
916.504 -1062.490
810.499 -1151.500
-960.499 1028.500
834.500 1142.500
-1072.510 927.505
-997.502 -1020.500
-1153.450 -840.456
-920.496 1096.500
1374.500 -427.494
1251.510 718.501
-1167.500 853.498
-1440.500 -141.502
-1299.500 -651.506
1378.500 -479.499
1456.500 92.497
1136.500 921.503
1191.500 854.500
-1384.500 -512.500
-1133.030 -950.927
1137.500 -947.502
-1303.510 -708.504
-1477.510 -149.497
882.494 -1197.500
-966.501 -1147.500
-1090.500 -1041.500
1176.500 -952.506
1511.490 -141.498
-1515.500 143.502
-1518.500 -172.500
-968.501 1190.500
1222.500 -933.498
-1227.500 -932.108
-1227.500 -932.497
-1202.500 -975.498
1076.510 -1124.500
1545.500 -206.503
-1135.500 1072.510
-1483.500 -499.498
-1076.500 1145.500
-1360.500 812.498
1547.500 355.500
1438.500 673.499
1232.500 -1006.500
1346.500 871.498
-1593.500 201.500
1347.500 -880.504
1110.500 1182.500
-1563.500 -467.501
-1549.500 -520.505
1240.490 -1104.500
-1376.500 952.491
1454.510 -854.495
1434.500 -890.501
-1292.500 1097.500
1605.500 561.501
-1468.500 -857.504
-1363.490 -1025.500
1308.490 -1139.500
-1380.510 1052.490
1456.510 950.496
1374.500 -1068.510
1472.500 931.501
-1620.510 647.502
-1527.500 868.499
1509.500 945.498
-1615.490 -753.503
1382.500 -1147.500
-1508.510 -1038.500
-1587.510 -926.506
1472.500 1134.500
-1613.500 -933.497
-1584.500 1077.500
