0.503 -0.501
26.503 -45.500
-6.502 -55.496
-77.499 85.493
-159.498 26.502
-64.502 -173.505
-147.500 138.497
-133.500 -156.504
170.505 -150.507
67.504 225.499
147.501 -196.505
214.498 -152.501
-110.497 -249.505
-232.501 -162.501
-143.497 248.495
19.500 -302.503
-151.501 277.496
-57.498 -328.501
-325.496 115.501
314.498 146.499
346.506 33.504
-46.499 -347.505
345.499 124.500
375.500 -36.493
-283.498 -252.500
93.490 369.502
-237.497 303.506
-382.501 -50.507
-294.499 262.495
-382.493 100.505
295.505 -271.505
-396.498 55.501
-395.500 -93.498
-82.507 -406.492
-427.505 10.495
-429.749 -4.177
-401.501 155.503
-176.498 -394.504
-77.497 429.500
413.501 151.504
-441.181 -11.309
365.496 -257.504
-43.498 -449.502
255.501 -379.503
337.497 340.502
-364.498 -334.506
-218.501 -455.493
208.506 -461.505
-327.502 -391.504
-496.504 142.503
-502.504 -162.500
-65.497 525.502
-540.501 -61.501
-546.425 77.389
-480.495 -272.502
-546.660 78.002
-147.811 535.372
-148.794 535.834
547.495 -106.499
-366.497 434.501
568.495 42.504
327.504 -471.497
218.497 -531.507
-269.503 -509.497
139.501 -560.499
-103.500 576.496
-322.503 -490.499
-549.495 -220.498
-230.503 -553.491
341.503 -494.501
261.499 -543.509
-361.498 -484.504
-586.506 160.505
529.502 307.497
-533.503 316.495
597.503 171.502
-173.507 599.496
-199.501 594.499
601.504 -182.508
519.501 355.502
-325.494 -541.506
-445.500 -453.498
-411.500 -491.497
-634.573 97.607
240.504 -599.497
39.503 645.498
637.499 -119.505
-645.501 106.498
-656.499 60.500
660.494 19.500
-113.490 -653.507
49.500 -680.507
-550.498 -422.497
-610.500 335.498
408.508 -571.499
-622.499 -325.497
-701.497 35.502
-681.505 174.498
-275.500 -648.502
39.496 703.496
-32.492 704.510
-218.505 676.494
-89.494 -710.502
-447.497 559.500
-503.500 -513.501
-539.496 -479.502
61.497 -720.505
-559.496 459.489
-324.507 -658.500
-312.505 -675.506
-605.498 434.496
-745.499 10.496
678.506 318.502
-384.496 645.499
493.506 -570.502
607.497 447.498
-660.498 -372.498
-554.501 -519.502
-572.504 510.501
703.501 323.503
-708.498 -314.499
-175.500 761.493
421.496 -668.505
-761.501 -209.503
-684.506 -397.504
-637.494 468.492
792.496 -34.495
780.492 -146.497
73.495 791.502
-535.503 -591.506
-231.504 764.501
541.503 -595.499
-728.496 342.502
675.502 445.500
-659.502 474.504
822.501 27.499
-14.504 -828.498
-267.505 784.499
117.496 -823.499
834.150 18.093
463.504 -694.493
-817.500 -184.502
-751.494 370.501
-161.499 828.504
13.498 -845.497
-585.498 -611.503
471.511 -709.517
58.498 -850.504
-511.492 -683.500
472.998 -711.997
469.506 717.496
220.405 828.761
220.423 828.866
-657.503 -554.505
-618.508 -601.500
238.497 -831.509
793.717 -360.571
795.101 -360.816
43.496 -873.502
270.499 832.496
-880.503 -51.504
859.503 205.501
873.491 -143.507
-876.671 -118.500
14.495 -886.490
-89.500 -894.500
-573.497 -706.501
-809.504 -436.503
815.495 -437.501
-926.154 37.706
438.502 -818.500
872.497 317.508
-746.503 -551.502
-844.498 388.503
-836.498 416.498
-23.492 -936.502
82.502 -939.507
-898.503 292.502
-936.502 -214.499
-804.501 -526.497
-258.499 -933.504
95.497 965.500
964.501 -145.495
-312.504 -927.500
-152.505 -972.505
-982.504 -50.494
617.509 780.501
391.505 -923.496
-630.500 -779.504
371.502 -932.504
-891.501 463.501
36.503 -1005.500
-852.500 -541.499
-688.501 741.506
70.503 -1011.500
822.501 -602.504
291.505 -982.490
127.501 -1020.500
-32.498 -1028.500
328.494 -977.502
-997.967 273.403
359.504 971.500
-1000.340 269.411
-329.433 -993.694
-329.460 -993.769
-58.490 1045.500
784.502 -697.506
-1011.500 277.498
642.508 830.500
-864.504 603.508
-781.496 714.499
838.503 648.499
792.502 706.497
164.498 1049.500
-459.490 -960.492
-663.507 -842.501
384.500 1001.510
1071.500 -84.495
-1076.500 100.504
154.501 1074.500
-308.500 -1042.500
1023.500 -376.501
-712.503 -832.504
-761.495 790.495
40.503 -1102.500
-1061.500 -326.501
-180.501 -1097.500
-860.500 709.498
-172.432 -1107.680
-594.496 -952.497
298.501 1087.500
640.494 -929.501
-1114.130 180.405
-821.498 776.498
-1052.500 421.497
297.497 -1099.500
-1125.120 185.271
-204.496 -1123.500
-373.496 1078.490
-610.504 966.499
84.500 1140.500
-937.496 -659.498
880.498 738.507
-1009.500 549.507
254.495 -1125.500
232.503 -1130.500
765.499 -866.498
-400.503 -1085.490
-732.506 897.499
-517.495 -1040.500
-674.503 -947.504
665.502 -955.499
-629.505 -982.496
-1097.500 -399.505
-1156.510 164.499
-775.496 873.498
-1151.500 -207.501
-76.499 -1168.510
57.504 -1173.500
40.502 -1188.500
-1134.510 -368.497
-953.499 -718.501
-1201.500 13.499
-510.501 -1089.500
-1057.490 -581.499
590.503 1055.500
975.497 719.495
-807.506 -910.499
-735.500 969.496
344.496 -1169.500
1195.490 -243.506
973.494 -748.494
1200.500 -292.496
-1063.500 629.503
734.500 -996.499
640.499 1059.500
464.506 -1152.500
-732.504 1010.500
-1244.500 -103.497
-1187.500 -403.500
1011.500 -751.500
875.504 908.500
-416.494 -1193.500
-1264.500 -104.500
-852.510 939.504
-1193.500 -434.503
1053.510 -731.495
-1094.490 685.504
-1191.500 504.500
-1213.500 -451.508
917.500 -918.508
-1182.500 534.501
1273.500 263.510
1117.500 677.499
873.501 995.496
1325.500 37.499
-1312.500 -206.501
1063.500 -800.495
-1271.500 398.492
791.503 -1074.500
-1162.500 655.503
-1132.500 -723.491
1171.500 -676.503
1357.510 -25.506
-1168.500 701.505
-1192.320 -666.611
-1194.580 -668.571
-1376.490 66.499
-1302.500 -457.501
-1301.310 -466.246
-1289.500 -498.506
-1196.500 695.505
-1012.500 944.500
-1227.500 -656.507
1076.490 883.502
1071.500 -892.491
-836.502 -1124.500
-1337.490 -423.494
1004.500 -1011.500
1271.500 -648.497
1253.500 -683.498
-959.498 1060.500
-1427.500 123.498
1016.500 1019.500
-1399.490 352.501
-1121.500 -909.503
858.496 -1163.490
-1435.500 -167.496
-1451.490 2.508
963.501 1087.500
-1419.500 307.500
-1344.500 554.501
-1385.500 -447.498
1360.500 524.497
1135.500 -922.503
1197.500 -852.498
-1289.500 -738.641
1057.500 -1046.500
-1411.500 478.502
-1084.500 -1032.500
1490.500 -248.496
1256.500 839.501
1133.500 -1001.500
1204.500 -926.500
1512.500 155.507
-1264.020 -846.410
-1504.500 225.504
-982.500 -1172.500
-1357.500 710.508
-1216.490 -934.496
-1439.310 543.054
-1532.500 151.502
-1438.500 556.500
1505.490 376.496
-1451.500 -555.500
1167.500 1038.510
1130.500 -1085.510
-1548.500 282.498
-1452.510 -612.496
1576.500 -122.496
1416.500 729.494
-1333.500 -874.502
1253.500 -987.496
-1361.500 -832.106
-1361.500 -832.496
-1548.490 -418.505
1476.500 646.500
1253.500 -1014.500
-1403.490 871.497
-1139.500 1201.500
-1180.490 1188.500
-1294.500 1080.500
1289.500 1099.500
1274.490 1118.510
-1392.500 1001.500
1326.490 -1092.500
1324.500 1114.500
1540.500 -851.501
-1497.500 -930.502
1597.500 772.494
1445.500 -1033.500
-1617.500 -768.496
1457.490 -1057.490
-1596.500 955.493
1524.500 -1141.500
-1547.500 -1120.510
