0.501 -0.499
-15.498 -28.500
34.504 22.504
12.498 66.493
52.399 70.949
-88.492 -80.498
-152.496 -40.497
150.496 -64.497
62.497 -154.498
188.500 -41.499
-173.502 -88.503
215.496 -25.499
-221.507 43.499
-105.498 221.502
240.499 65.498
177.504 174.506
260.499 -83.503
-114.502 -248.499
-273.497 28.499
-192.497 -198.496
179.502 217.501
-270.500 -79.493
-272.500 117.503
-97.502 -288.502
91.494 293.494
274.503 151.503
-230.505 214.497
-305.492 -85.502
153.508 -281.499
126.502 311.499
56.506 334.504
-324.507 115.499
244.497 272.499
-361.500 -56.502
-206.498 -304.502
-314.505 -210.498
288.501 -251.504
164.503 -346.495
330.504 -201.499
-52.493 396.504
365.493 165.500
-402.505 -72.494
147.508 -386.507
356.583 212.586
83.502 424.499
41.497 444.495
-231.503 -384.502
443.501 71.498
-298.503 352.502
398.502 -246.502
385.502 266.496
-367.502 -294.503
471.500 87.502
476.431 76.448
123.494 474.499
434.500 248.508
-530.497 59.505
206.499 -504.505
550.513 1.496
524.499 188.501
188.506 528.501
-403.501 -390.497
-316.501 465.500
240.510 -513.501
-546.507 -203.496
250.507 536.497
485.500 -343.500
159.504 -575.501
283.496 -530.503
-396.495 464.505
-264.505 -557.504
-285.497 -550.509
-153.505 600.500
419.502 -473.507
625.500 108.498
603.505 242.496
193.499 622.500
653.494 -45.491
165.493 639.495
169.503 -641.496
440.507 498.500
332.502 -577.501
-132.503 652.498
673.501 -37.501
432.505 518.492
675.500 26.500
278.492 -616.501
245.503 630.502
-39.502 -677.494
656.500 187.498
-164.494 -666.495
607.494 -334.505
432.505 -544.500
-688.493 -105.501
-427.501 550.069
-307.494 633.501
696.501 111.501
137.502 693.505
483.502 516.498
548.500 -457.500
55.501 715.503
-622.496 -361.499
-486.499 540.501
727.496 97.501
706.497 222.507
711.500 -209.504
-264.494 -696.501
241.505 706.499
693.501 283.503
-40.504 747.499
5.500 752.497
291.500 700.498
716.504 260.492
-756.499 -92.497
-666.496 378.503
650.499 413.496
-505.501 582.499
-505.501 582.890
738.501 227.499
759.493 158.503
-756.501 182.490
-391.503 -674.505
-315.505 -713.505
-740.499 -244.504
-721.492 297.502
-74.502 -778.500
-353.744 697.187
-353.683 697.280
459.498 633.497
780.499 74.499
-227.501 750.496
-440.505 652.502
263.500 743.504
752.495 -247.501
641.487 473.499
614.508 -510.500
760.495 245.495
386.501 702.501
-381.500 714.500
159.499 -795.504
-619.500 525.501
550.497 599.494
436.501 699.503
683.502 -466.502
361.498 749.500
474.501 684.503
522.498 653.498
15.503 843.501
264.498 803.494
852.506 -47.502
361.493 -776.496
826.499 255.500
-795.002 -342.001
70.499 -863.496
139.501 857.495
842.493 -224.503
874.492 -49.502
799.499 366.501
17.500 -880.505
606.498 -648.498
231.502 -860.489
-866.495 -217.502
167.502 878.500
-894.505 -27.499
799.498 407.502
-642.488 -639.505
588.505 697.510
-736.504 539.502
84.496 -913.500
718.500 -582.501
924.504 -38.495
-922.504 101.492
493.497 787.498
-733.505 -582.502
924.502 -194.494
213.497 920.498
568.502 -757.498
-905.496 -296.501
830.495 -471.499
953.502 65.496
949.497 -110.500
131.503 948.501
-242.502 937.496
947.502 216.498
-420.498 876.499
-350.491 908.505
469.505 856.494
-331.499 921.496
-565.508 799.500
-981.502 -45.503
-134.503 -977.496
-705.500 689.497
723.496 -676.502
647.494 751.501
830.502 -544.501
992.500 59.500
-907.500 429.503
-322.506 951.501
-427.908 910.759
993.500 -197.500
-272.507 976.513
-428.502 919.502
365.504 947.499
770.503 662.502
455.503 -911.506
-561.503 853.501
787.504 -655.503
-200.501 1005.500
-800.501 648.509
741.500 717.504
808.494 -642.499
753.500 -714.495
570.499 -869.502
-820.501 646.507
-267.507 -1011.500
955.507 -439.508
1051.500 88.502
-742.497 -750.504
929.498 505.502
-455.492 959.505
307.503 1018.490
-498.500 945.498
954.506 -486.493
-995.492 -402.491
-492.498 -957.499
-527.496 -939.505
99.501 1072.500
1074.500 91.499
-43.508 -1078.500
-1067.490 -168.495
-1080.500 25.499
1074.500 -129.501
573.503 927.498
-927.504 574.496
-69.504 1101.500
797.497 772.507
49.495 1110.500
-248.503 -1084.500
-918.499 629.501
1024.500 440.495
-1077.500 306.493
964.505 -574.504
391.494 -1052.490
792.503 795.499
787.496 -804.499
-690.499 -889.500
368.500 1074.510
-356.495 -1083.500
-145.495 -1133.500
737.509 -876.501
1023.500 516.500
1099.510 -348.506
-826.493 808.496
867.505 -773.510
495.503 -1051.500
838.500 -805.504
853.496 -795.500
1159.500 176.497
759.503 893.500
1066.500 492.504
-269.502 1148.500
796.502 -872.495
-402.500 -1114.500
-767.502 -904.504
1014.500 -617.500
-633.500 1003.500
983.504 -672.504
1036.500 591.503
3.499 1194.500
883.503 807.500
948.493 -733.496
1059.500 -562.502
653.502 1018.500
-413.497 -1138.500
214.498 -1193.510
-131.496 -1207.500
-1066.500 -585.489
1074.500 -585.499
1076.030 -591.041
529.500 -1117.500
497.503 1131.500
1195.500 325.504
352.504 1196.510
922.498 -844.500
-415.497 1178.500
-910.506 859.491
-856.498 917.506
-719.495 1031.490
-1217.500 326.500
762.502 1004.500
1227.500 -297.501
1235.010 272.889
1231.500 289.505
1236.000 270.004
-856.497 -935.498
509.498 -1169.500
832.504 971.504
959.499 -847.508
-1137.500 -585.499
-776.501 1020.500
1172.500 523.500
1165.510 551.495
1217.510 426.501
522.502 1179.510
1118.500 667.496
-1019.500 -811.508
671.496 -1139.500
1121.500 -705.502
895.499 -978.501
-924.498 952.502
-1248.000 -462.997
-1279.500 370.494
1334.500 18.507
-789.498 1076.500
-1317.500 238.502
1279.500 -417.499
1351.490 -12.498
-1266.500 474.506
-1358.500 -96.499
-1042.430 -877.586
-1041.030 -880.140
1208.490 -652.502
1313.500 406.493
-1356.510 -278.498
1003.500 -961.503
1063.500 897.502
-778.502 -1159.500
-1326.500 443.499
-1255.500 -618.495
-1029.490 951.496
1356.500 367.493
1375.500 -302.497
1235.510 -683.497
1410.510 -69.498
-1141.500 -838.497
-949.500 1053.510
764.504 -1202.510
-1293.500 610.496
1205.500 777.501
-791.498 -1196.510
-1366.500 456.500
938.505 1097.500
1440.490 -154.499
1403.500 -372.498
1107.500 945.508
-1056.500 1002.500
-1453.500 -190.502
963.493 -1114.500
978.503 1101.500
1408.500 -458.499
1157.500 932.505
1496.500 40.496
1476.510 -251.494
-899.487 -1205.500
-1142.500 977.498
1292.500 776.497
965.491 1162.510
1340.500 -705.504
-1274.500 853.499
-1527.500 -169.506
-1467.500 471.502
-1276.500 -872.497
-1333.510 813.503
-992.492 1207.500
-1420.500 703.500
-1442.500 657.505
1368.510 -805.495
1591.500 199.498
1309.500 -937.504
-1616.500 -13.496
-1224.500 1056.500
-1195.500 -1106.490
-1548.500 511.501
-1610.500 -270.508
1331.500 -951.494
-1454.500 -749.500
-1148.500 1180.490
-1447.500 -824.505
1442.490 -890.502
-1391.500 970.499
-1613.500 564.501
-1497.600 -837.729
-1242.510 1187.500
-1498.980 -842.455
1287.500 -1145.500
1370.500 -1056.510
1399.510 1036.500
-1545.500 898.506
1395.500 1131.500
1611.500 807.501
1485.510 -1048.500
1581.500 911.493
-1604.500 -872.501
-1467.500 1101.500
-1609.510 -886.224
-1474.490 -1113.500
