0.504 -0.502
-35.503 6.501
48.499 -11.500
-2.504 -61.497
-48.773 -39.780
-53.262 -38.447
-45.503 57.500
-83.506 -17.503
-52.495 -75.498
98.496 10.492
-52.495 -101.504
79.502 -118.494
-20.500 146.501
108.504 -114.498
141.498 87.502
17.503 -166.495
139.501 111.498
125.498 158.496
-200.502 -106.495
-227.500 11.505
202.507 123.493
239.496 -19.500
-11.504 -244.496
-228.498 99.504
236.501 -86.493
95.419 -249.735
-228.509 -138.501
92.163 -255.454
-254.503 96.503
-208.497 176.496
-59.500 -283.500
75.503 -299.338
210.502 233.503
292.504 -118.492
266.496 178.495
-41.504 -320.499
325.501 25.503
-227.499 -240.492
338.507 -36.503
149.506 -315.494
-188.495 -305.496
-79.488 357.505
108.503 355.502
-20.503 373.505
-223.498 -322.500
285.493 -282.505
388.501 115.504
-293.505 -302.495
371.501 -209.499
-120.498 409.502
-190.496 398.507
-160.505 412.500
-55.499 -449.499
20.500 -458.496
-424.499 208.494
322.494 -357.497
-16.503 481.501
-481.506 21.492
-468.496 -162.510
485.500 138.506
74.772 511.849
-520.502 32.503
-168.499 -499.501
-296.497 -439.498
320.505 424.500
-453.503 277.494
-323.504 -450.507
430.500 358.495
488.495 -276.495
-350.496 -444.493
52.499 564.491
-157.508 545.502
-4.497 -569.505
376.501 -445.494
367.498 455.505
9.498 590.496
-517.779 -290.971
-594.496 -12.498
-525.946 -285.855
-540.503 257.501
40.494 601.495
-270.503 -541.503
-307.495 521.503
244.498 559.503
281.495 542.499
-602.495 124.510
-363.499 501.501
493.497 -383.501
-347.501 529.500
598.506 253.504
643.492 -105.499
-642.502 109.496
107.509 -644.495
366.511 -547.499
-192.497 631.500
619.498 -242.501
511.499 424.501
-569.498 345.502
668.986 -9.932
669.013 -10.030
235.499 639.499
-320.501 620.499
589.501 384.502
-707.494 -31.501
183.502 -689.502
70.500 -714.499
-691.500 -193.500
-235.506 681.494
645.498 337.506
-323.492 670.494
-732.498 135.498
2.498 758.508
-608.502 -455.498
-652.500 389.499
-638.501 415.498
-767.502 -44.497
-222.497 736.495
-767.506 74.500
-773.494 47.499
730.496 263.496
-415.502 -659.506
-781.504 25.502
-467.501 639.496
663.498 439.503
163.507 -779.507
510.931 612.500
-798.500 18.488
608.504 521.500
-352.502 720.499
452.505 672.502
-812.501 -93.500
-374.500 730.502
-192.493 806.504
-558.500 615.499
-296.502 -779.502
-833.493 1.503
182.498 813.498
299.498 779.491
832.503 88.504
761.501 371.500
425.504 743.506
28.496 -866.499
-399.497 769.496
-418.504 -764.504
167.502 -858.500
-477.497 733.501
-294.507 -825.502
470.496 -745.503
881.501 -19.504
778.500 430.504
-643.505 616.499
210.499 -867.497
803.494 390.500
626.491 637.499
-743.576 499.885
338.499 837.495
208.499 879.499
-755.494 501.498
-502.499 761.501
487.501 773.498
922.499 22.498
-803.220 -453.017
-205.510 902.494
-160.504 913.503
911.494 180.501
819.497 -441.504
520.497 775.510
362.499 -863.500
63.496 938.497
312.496 897.497
804.499 509.497
-776.502 554.499
508.961 808.421
-698.503 651.496
-207.503 932.498
-511.500 -810.500
943.505 -172.491
627.500 -728.500
854.500 -457.494
-462.505 850.498
363.504 -904.504
508.128 837.958
508.553 837.878
508.414 838.787
981.495 -10.505
943.445 271.390
943.724 270.837
-326.503 929.502
-753.502 636.495
-555.496 825.501
985.503 -149.495
-834.497 -547.495
497.499 871.505
-971.497 251.499
700.500 723.500
957.507 -342.500
-731.500 -710.502
-416.506 930.497
-757.504 -695.506
1026.510 105.500
-785.500 -668.496
827.500 631.502
-555.500 880.498
1044.500 -10.502
265.503 1009.500
-1054.500 24.499
-1046.500 175.500
-260.498 1032.510
136.504 1060.500
-448.505 977.503
498.499 -958.503
999.497 426.504
894.502 623.496
252.499 -1063.500
-787.500 772.498
-617.497 915.498
239.501 1078.500
-472.503 -1001.510
-720.499 -850.501
-855.501 716.496
-1114.500 87.499
-120.502 -1113.500
909.499 654.500
-988.498 530.489
670.502 916.500
204.499 -1119.500
-112.504 -1135.500
146.502 -1132.490
-79.492 1141.500
941.500 652.499
886.501 -727.508
-319.501 1104.490
-788.494 842.502
-91.504 -1154.500
31.501 1158.500
-1127.500 271.506
-351.494 1105.490
-320.501 1126.490
1012.500 -594.501
-783.500 876.500
646.498 983.507
-472.501 1079.500
-1176.500 175.504
-998.494 651.504
-976.506 693.498
192.500 1186.500
716.496 -973.501
956.501 739.500
-934.502 770.498
356.508 1161.500
146.497 1211.500
1201.500 222.497
-1192.500 -272.505
1220.490 -100.505
-404.495 1162.500
1042.510 671.491
1175.500 423.498
354.499 1211.500
777.491 995.500
-544.499 1139.500
-441.502 1188.510
-1263.500 162.498
-1240.500 -293.497
1015.500 778.502
1211.260 -429.974
1211.900 -433.799
494.503 -1193.500
-769.496 -1043.500
-637.494 1135.500
1179.500 571.501
-734.564 1088.950
1175.290 592.135
1118.500 698.500
-739.241 1093.500
705.493 1116.500
-1145.500 656.503
-1304.490 211.498
1184.850 599.067
-678.502 1143.500
-806.501 1059.500
1171.510 635.500
918.497 970.186
1203.510 581.501
1312.500 260.503
921.609 969.681
-927.501 966.498
-797.508 -1079.500
786.500 1093.500
816.499 -1078.500
-995.503 917.503
1056.500 852.499
-1242.500 -554.501
1328.510 302.493
-845.489 1070.040
-844.832 1073.350
-1365.500 93.504
-1324.500 -385.497
1084.500 859.496
736.507 1173.500
-826.496 1112.500
1218.500 -663.500
-1385.500 96.499
-750.498 -1171.500
-982.501 -1000.500
-899.496 1079.500
1409.500 50.505
1293.500 -565.503
1090.500 899.499
1223.490 720.495
-1094.500 911.504
1270.500 -676.499
-1361.500 472.498
862.508 1156.490
1397.500 365.503
1443.820 84.721
-902.501 1131.500
1452.500 3.501
1395.500 412.497
1455.110 90.694
-1363.500 533.497
-1305.500 666.497
1305.500 693.500
1453.510 318.501
-1174.490 -922.502
-897.507 -1196.500
1321.510 705.500
1144.490 973.498
-1371.500 617.499
1445.510 443.497
1469.500 -380.507
-1164.500 989.497
1298.510 -833.500
-1366.500 -717.501
-1438.500 558.499
1168.500 -1017.500
-1375.500 722.499
-1543.500 195.497
1097.500 1111.500
1574.490 81.501
-1081.500 1168.500
1261.500 -974.502
-1123.510 1135.500
-1479.500 603.497
-1265.490 1002.500
1574.490 362.496
-1601.500 -242.494
-1253.500 1044.500
1609.500 280.503
-1583.490 402.496
1294.490 1009.500
1216.500 1103.500
1619.500 -281.498
1444.500 791.503
-1471.490 -764.511
1603.500 439.500
1318.500 1017.490
-1371.500 -966.502
-1343.510 1015.500
-1401.500 956.504
1566.500 695.497
1510.510 811.503
-1230.500 -1197.510
1525.500 790.502
1469.490 915.505
1596.500 -713.501
1300.500 1187.510
-1515.500 963.505
-1399.500 -1135.500
-1363.500 -1193.500
-1363.500 1194.500
1537.510 964.493
-1569.500 1007.500
1571.500 1023.500
1603.490 975.498
-1527.500 1099.500
1534.500 1173.490
