0.501 -0.504
12.498 -43.489
-92.506 -132.502
-115.498 116.502
171.500 112.498
-32.496 213.498
66.499 -232.498
-110.505 -233.502
-221.500 149.498
251.495 105.497
19.496 -282.495
283.504 105.490
260.498 187.500
123.497 -299.493
285.497 -182.494
-273.498 208.502
289.618 -194.042
48.500 365.498
125.500 355.490
367.497 94.505
74.504 -376.501
-330.502 203.495
290.490 -276.505
-405.502 -6.505
-78.500 406.501
-59.500 423.498
-278.497 327.501
2.512 435.504
366.495 -250.501
-202.501 408.505
-434.504 -182.507
440.500 180.505
-110.503 -479.499
489.495 77.502
-121.504 507.494
-243.499 -465.501
322.495 416.495
433.493 324.500
272.495 -469.501
189.490 -522.502
158.503 544.498
-339.499 468.513
586.497 0.497
-580.502 79.510
-428.507 -410.501
553.501 217.501
-606.504 46.499
-586.494 161.495
-97.499 -606.500
-604.499 -187.501
608.499 -226.497
78.497 652.494
-669.506 22.506
-268.505 627.498
-87.501 685.494
-167.505 -685.495
-701.502 68.495
457.498 -540.499
-367.502 610.496
550.496 -500.500
658.499 -372.497
-315.503 -696.497
687.501 337.505
-456.498 -626.488
-795.500 -179.504
335.501 772.495
-658.496 536.498
135.508 -845.504
675.499 543.502
-84.497 864.500
-742.501 -462.502
690.500 537.498
-739.555 -480.238
592.497 -676.495
-455.490 -786.500
-870.497 270.497
-906.500 -99.499
-918.503 -1.495
859.495 -354.500
759.497 -537.498
832.505 -416.503
-673.501 644.503
536.495 -771.507
944.500 -16.502
-904.501 -340.503
956.485 155.501
658.498 -726.497
521.501 -843.498
-763.509 -650.502
1005.500 15.497
1002.490 110.506
924.499 407.500
1008.500 -107.500
-769.319 -667.417
160.498 1005.500
-769.741 -668.539
660.502 -782.504
746.501 -701.500
-1026.500 91.497
816.500 -633.494
632.493 -820.501
873.502 -558.510
984.502 -340.506
-62.500 -1043.500
1022.500 -218.498
-1037.500 -132.498
680.497 -798.501
-418.491 962.502
764.502 -728.502
10.502 1062.490
-1073.490 43.506
190.503 -1058.500
735.504 -795.496
-763.491 -769.492
-950.498 524.499
804.504 742.506
-416.493 -1015.510
710.502 -840.494
-427.500 1014.510
594.497 -939.497
701.505 -863.503
-257.498 1089.500
-944.501 -612.502
-58.499 -1128.500
980.494 578.505
-732.499 872.500
464.494 1046.500
42.500 1145.500
705.503 -917.501
-1185.500 -92.499
1154.500 324.499
-493.494 -1094.490
-303.503 -1162.500
-1199.500 -113.497
1052.500 -591.497
183.500 -1195.500
187.506 1194.490
1142.500 -401.497
382.494 -1150.490
1214.500 -72.502
-1156.500 375.497
-311.489 -1192.500
928.503 811.504
-1224.510 150.498
1173.490 -390.507
-757.500 -981.502
-329.507 -1204.500
-1226.500 -231.503
-843.499 931.497
-569.496 -1125.500
-1114.510 -595.497
-1281.500 -19.503
-572.499 1163.510
573.505 -1166.500
-602.492 1152.500
-1242.490 409.497
-1074.500 -762.505
1318.500 -31.500
-936.499 955.501
976.495 -921.508
969.497 931.495
899.494 1009.500
-1055.500 -848.502
-1352.500 137.501
-1309.500 -368.500
1293.490 -427.499
1358.500 -115.507
1006.500 -926.496
-1344.500 254.493
1225.500 -612.494
-1155.500 -742.503
788.495 1126.500
1388.500 -106.501
1218.500 -691.500
-1198.510 735.495
-955.495 -1033.500
-1407.490 -104.504
-1415.500 -20.498
768.499 -1207.500
1431.500 -8.502
1243.500 710.497
1416.500 -235.497
-1352.490 567.503
-1471.500 10.498
-1475.500 57.506
1465.500 203.497
-929.497 -1159.510
907.504 1204.490
-954.501 1181.500
-1196.500 951.496
-1350.500 -732.504
-962.497 1209.500
1205.500 -970.503
1537.500 217.501
1191.510 1032.500
1100.500 -1131.500
-1472.500 571.490
-1156.500 -1094.510
1547.500 386.503
1583.500 -261.509
1266.500 -997.499
1613.510 -100.497
1406.490 813.505
-1518.500 629.499
-1525.500 661.500
1200.510 1157.500
1472.500 -810.502
-1458.500 839.498
-1431.500 -934.502
-1239.490 -1184.500
1403.500 1014.500
-1566.500 854.502
-1599.500 800.500
1402.500 1119.500
1615.500 786.507
-1585.500 1011.500
