0.499 -0.502
-48.498 30.502
-101.495 -21.498
-90.507 86.505
-54.502 139.499
-35.501 -189.498
64.501 187.498
150.501 -140.494
-118.502 -175.506
-164.501 -142.499
130.505 179.497
-196.507 -106.494
138.500 -185.504
-197.497 125.495
-135.495 -202.499
218.501 -115.507
-249.495 -12.498
-111.494 -234.504
-258.413 -26.887
119.504 231.498
-255.512 52.498
52.505 -271.500
-268.492 -67.500
168.496 -223.510
-112.490 -261.494
211.490 -195.495
-206.499 200.498
-16.504 -290.502
-294.503 -23.492
300.497 23.498
-296.130 71.131
-247.504 183.511
-301.130 76.239
312.499 -46.502
281.494 151.506
326.502 5.504
-143.503 301.508
-250.509 -222.498
-58.505 341.508
-355.500 -45.498
-175.505 313.497
207.494 325.503
133.496 -364.495
-382.502 75.506
-140.491 370.493
400.503 -46.503
-111.503 -387.505
33.498 426.500
-364.497 244.496
82.498 -437.494
-435.501 -97.501
121.499 439.506
355.502 291.502
111.499 457.501
-240.498 409.491
419.765 -229.514
421.409 -226.599
230.501 422.505
-52.504 -482.510
-407.500 263.498
-489.503 -22.510
-441.507 214.499
-155.496 -469.501
-332.497 -367.500
146.499 475.496
266.500 -423.506
448.511 246.504
432.501 291.504
-454.494 -272.495
-233.502 -493.504
547.500 39.506
-537.496 118.502
-312.505 453.501
26.502 559.508
-526.501 191.500
102.150 551.502
102.497 552.643
-575.499 -46.498
-491.504 323.495
-382.493 -448.495
-352.501 472.500
162.500 570.500
319.500 502.499
-88.496 590.508
-254.491 -541.501
-234.502 551.506
-215.499 560.504
453.498 -401.495
547.497 -259.507
-46.497 -604.501
-139.497 -591.501
366.496 -488.507
229.505 570.504
-578.499 224.502
18.498 627.500
-534.498 -336.501
-157.496 615.507
-383.496 -510.489
-581.498 266.494
632.496 117.514
-469.505 439.501
-642.493 86.508
1.499 648.497
126.504 -640.498
636.499 -157.502
387.500 534.507
-365.501 549.501
424.497 -526.501
117.504 -668.506
630.498 252.498
4.505 678.496
610.503 312.503
193.512 -658.501
648.494 226.497
467.494 505.503
524.500 446.504
665.506 182.504
-675.501 -149.499
-688.499 -69.504
196.504 668.495
-695.501 77.508
-691.496 108.500
-675.497 -189.503
-699.503 -116.501
575.502 419.504
-715.390 49.230
-550.502 459.496
375.508 -616.500
-721.238 52.120
-674.498 -261.496
-658.501 -317.501
50.501 -733.492
734.498 -49.499
-737.616 -6.026
-738.992 21.517
-739.116 48.312
-739.254 48.737
505.500 547.495
-207.492 718.497
-582.497 478.503
199.496 729.495
674.501 -345.498
-734.503 -185.498
-330.499 682.493
220.704 730.472
321.502 -699.504
216.502 738.501
-239.498 -736.497
-243.500 735.507
237.503 -739.499
124.503 768.496
-707.509 334.501
349.497 -702.495
568.498 540.499
772.507 152.503
-779.500 116.501
626.499 483.496
-768.496 -187.503
-787.497 87.501
-198.493 767.503
-506.500 -611.112
-506.501 -611.501
-778.508 -165.502
523.500 -603.497
472.500 -644.504
689.493 -414.493
-69.496 -802.501
779.499 220.502
-63.538 -814.094
703.137 -418.373
-595.500 -565.495
-789.502 -229.493
681.494 462.502
-703.501 -449.500
-419.506 -724.501
-817.499 -189.503
843.505 84.500
709.501 463.506
325.496 -792.501
627.501 -596.493
596.498 626.497
536.503 681.510
-12.496 868.501
-492.513 -718.504
410.497 770.503
-766.506 -432.496
-819.501 -333.500
-173.500 -871.500
-219.506 860.494
-248.499 -856.498
-883.500 -123.505
35.497 -892.505
-881.495 146.500
-49.502 892.502
102.501 -889.498
224.501 870.491
-804.501 -409.498
-255.412 -868.246
-862.508 271.498
-313.495 849.499
-888.499 176.496
797.504 -433.501
617.495 -665.498
39.504 906.504
-886.505 -198.506
86.503 -906.497
-871.495 -269.501
762.505 505.496
-621.496 670.502
735.507 -545.501
894.492 206.498
-303.502 867.506
-408.502 -828.499
770.537 -514.497
771.261 -514.139
-897.496 -235.498
774.308 -514.498
215.501 -906.498
164.500 -917.505
861.498 356.502
598.494 -715.508
933.497 20.496
-573.503 -739.507
630.498 -698.502
-522.499 782.502
-613.493 -722.497
-887.500 -336.504
-861.502 -399.501
-923.883 -223.580
-341.499 887.501
-40.502 -954.500
-723.494 -623.502
205.495 935.502
833.500 474.502
308.502 920.502
-966.503 101.504
461.495 -858.505
-265.502 -940.496
670.503 711.492
-310.501 -929.504
-814.504 -544.498
-876.500 454.499
928.503 -341.496
358.493 922.495
-753.500 643.501
245.500 960.505
-229.502 -967.507
-139.498 -985.498
-462.499 881.491
-924.501 375.498
-205.493 -982.494
-465.498 -890.500
-305.496 -960.499
-349.494 945.497
-915.497 -423.498
908.504 446.503
571.493 838.506
467.496 901.499
-138.504 1009.500
711.493 730.493
-1004.500 172.495
-1004.500 172.886
-928.506 420.504
592.509 -840.508
-101.497 1023.500
-740.495 -715.502
1028.510 -65.502
-962.498 -375.494
-1031.500 64.499
285.496 993.497
256.499 1002.490
914.497 495.497
-536.500 894.503
-952.499 439.505
-858.501 609.501
-359.504 -991.500
-890.501 -567.501
-767.499 -726.496
-602.502 872.500
-583.495 -886.495
-1059.500 -115.499
1051.500 -181.500
310.498 -1024.490
-764.504 -749.500
385.499 999.497
877.494 615.502
595.039 893.018
-629.502 870.499
9.497 -1075.500
590.500 898.506
-763.870 -760.542
157.506 -1067.500
653.504 -861.500
1018.490 -366.505
490.502 969.502
-1028.070 360.499
-1090.500 -14.499
-400.498 1014.500
625.500 898.502
-1012.500 415.501
-263.500 -1064.500
-1077.710 203.646
676.496 864.499
-1039.100 360.502
285.500 -1064.500
-1101.500 18.494
-283.496 1065.500
-1084.910 201.304
490.494 991.501
-305.498 -1064.500
-549.502 -966.498
-768.496 804.498
-1043.500 -390.503
-1117.490 -3.500
414.493 1039.500
-834.505 750.498
369.498 1061.500
-376.502 1060.500
386.506 -1060.500
-60.497 1127.490
-573.495 -974.501
-608.493 -954.499
1110.500 221.501
1072.500 -373.497
-804.502 803.497
-290.492 1102.500
314.506 -1097.500
66.499 -1145.510
-1028.500 -509.499
678.495 927.503
-928.501 677.503
-1146.500 -85.489
437.507 1063.500
1151.500 -99.496
-939.506 -677.496
570.502 1012.490
-615.495 -986.504
448.495 -1075.490
-1009.500 584.507
1062.500 -505.507
444.503 1090.550
292.500 1142.500
867.499 -807.505
491.495 1081.500
-1148.500 -303.497
444.501 1102.500
198.500 1172.490
391.501 1123.500
1183.510 148.495
-1185.500 129.504
-276.497 -1162.500
663.497 993.504
429.503 1119.500
508.502 -1100.500
515.500 1104.500
989.501 -713.502
1007.500 690.501
898.494 827.504
839.500 893.505
256.503 1199.500
-623.497 -1060.510
-901.499 840.501
-1200.490 291.504
464.499 1151.500
1170.500 416.499
1160.500 462.496
-1261.490 28.503
-1193.500 410.503
-787.500 -987.488
725.496 1036.500
545.503 1156.500
1139.500 590.500
815.493 -992.499
706.502 -1073.490
803.501 1007.490
-1247.500 -332.501
-694.508 -1105.500
-1192.490 530.499
678.496 1123.500
-1311.500 45.496
-1220.500 502.508
-617.492 -1168.500
1193.500 571.495
-1022.500 -839.501
-1130.500 -690.497
-1298.510 -266.496
684.502 -1143.500
1270.500 409.494
-562.504 1210.510
730.495 1118.500
961.497 928.501
861.327 1026.390
-835.504 -1049.490
-1196.500 615.495
779.500 1098.500
-1113.500 -762.499
1128.500 750.502
-878.503 1032.500
-750.498 -1138.510
-1312.450 -371.845
-681.505 1181.490
1102.500 819.501
-1322.420 -374.652
845.498 1084.490
-1373.500 60.497
989.496 956.490
1377.500 -3.507
1379.500 -54.502
686.498 1202.500
-872.496 -1081.500
1396.400 -45.136
-1248.500 624.501
1402.960 -43.315
-814.497 -1144.500
-1250.500 642.500
-1155.500 810.494
785.493 -1186.500
-1426.510 -66.498
-1094.500 931.502
-1433.500 215.494
-871.495 -1159.500
1391.500 416.502
1429.500 268.496
1407.500 -368.504
-1321.510 622.502
-1365.500 -544.502
-1317.500 -661.502
1310.500 683.496
1374.510 544.492
1129.510 -958.498
-1130.500 960.505
-1345.500 632.500
1287.500 -750.494
-920.501 -1172.500
-902.502 1185.500
-884.502 -1203.500
1020.500 -1100.490
1099.500 1029.500
-954.498 1169.500
-1357.500 667.496
-1390.490 -620.496
-1111.500 1048.500
1527.500 -137.499
1297.500 820.504
-1322.500 -794.497
1534.500 180.496
-1550.490 -105.502
-1500.500 419.497
-1093.500 -1111.500
-1121.500 -1088.500
-1383.490 -728.492
-1567.500 -56.501
1293.500 -894.503
1425.500 -669.498
1085.490 -1146.500
-1088.500 1147.500
-1487.510 541.496
-1327.490 -866.495
-1567.490 -295.503
-1504.500 540.503
-1585.500 212.498
-1595.490 130.504
-1402.500 771.502
-1583.490 253.503
1076.500 -1195.500
-1194.500 -1084.500
1351.500 884.503
-1129.500 1162.500
-1309.500 -985.494
-1273.500 -1042.490
1593.500 433.496
1445.490 815.497
-1381.500 918.505
1340.490 1004.500
1616.500 -442.498
-1454.500 837.490
1578.500 -626.500
-1559.500 -681.506
1605.500 -575.504
-1322.490 -1076.500
1340.500 1057.500
-1462.500 -895.499
-1369.500 -1035.500
-1485.500 -864.502
1557.500 -729.497
1610.500 631.497
1450.510 -964.497
1303.510 1188.500
-1305.500 -1202.510
1607.500 -803.503
-1558.500 -933.499
1484.500 -1061.500
-1443.490 1120.500
1551.500 1016.500
-1589.510 -955.498
-1584.720 -1158.830
-1584.490 -1160.040
-1602.500 -1173.500
