0.502 -0.497
-117.497 -4.493
75.503 152.495
169.504 136.501
27.504 -216.509
-152.494 -157.503
-224.499 -4.504
-172.504 -157.495
30.507 256.496
-126.498 -236.494
-74.503 -263.496
93.495 299.499
-288.506 -123.496
310.498 88.504
201.496 -255.510
229.502 -241.497
327.501 91.501
-24.499 -348.503
170.494 -336.500
37.503 -377.497
-201.499 -336.501
346.505 208.503
-131.499 393.503
391.496 175.501
239.506 419.501
59.493 -482.501
-437.497 221.496
160.496 469.501
458.496 209.506
-33.493 -507.497
120.503 495.498
222.503 470.502
-482.497 261.500
532.500 145.501
192.499 -519.501
-540.502 -149.499
474.508 308.504
522.505 -224.497
476.498 -319.499
196.504 540.506
-52.501 -583.498
558.499 -196.501
-556.499 210.503
601.497 103.502
-610.500 33.504
568.510 243.500
40.495 -632.496
-527.500 368.501
234.497 603.501
168.504 628.499
-225.499 611.502
-89.500 648.498
-259.493 -602.499
-655.493 52.507
-393.500 531.499
-435.496 501.499
-420.507 -553.505
615.502 335.498
145.498 -705.498
-171.494 706.496
-254.499 -690.507
-728.498 116.496
-671.502 -315.506
363.504 648.500
587.500 -458.499
-573.492 -479.500
-696.505 -297.502
-776.497 -7.502
42.506 -783.500
11.496 784.505
-426.500 -659.502
527.502 588.504
-676.502 -431.494
-35.505 802.492
451.501 -668.499
523.504 -617.500
-645.506 503.502
-805.509 -152.505
810.494 137.504
94.499 819.504
-669.503 -483.501
29.504 -831.498
487.496 696.498
-851.503 -67.502
839.512 164.495
856.498 51.499
854.500 175.504
855.501 198.499
74.504 -876.500
-879.500 74.500
854.495 226.505
-61.499 -888.507
495.500 742.496
-27.500 892.506
-862.501 -232.501
887.503 111.500
-852.500 -276.485
-897.498 26.502
122.509 890.500
-648.501 624.500
-242.504 -868.498
-77.510 -901.501
-346.501 841.495
-903.502 134.503
871.496 296.499
-665.498 638.500
183.492 908.503
-217.496 904.507
-823.498 -437.504
-683.501 -655.503
-780.505 -539.499
-173.502 936.496
943.503 139.498
340.505 895.505
-620.496 -733.500
182.503 950.496
264.498 936.500
-477.495 848.500
511.499 830.504
747.504 644.502
713.508 688.496
-516.494 847.501
759.439 646.934
1006.500 -16.500
596.500 810.501
966.086 -295.915
-169.506 996.501
-596.497 816.495
971.507 297.509
580.499 -837.508
-376.495 -959.499
420.505 940.503
-115.508 1027.500
-319.499 984.500
65.499 1034.500
960.499 -393.506
-1034.500 -105.495
-643.500 818.502
-513.498 908.506
880.495 572.496
712.502 775.503
1008.500 325.499
887.504 603.500
1056.500 190.496
-662.509 -846.504
740.502 -784.507
-1060.490 209.501
-318.503 1051.500
643.499 891.504
-42.494 -1102.500
-565.508 956.497
761.500 812.504
260.495 1082.500
466.506 1013.490
-748.494 840.497
979.499 559.502
322.504 -1083.500
66.505 -1134.500
-1117.500 -225.498
1035.500 480.503
623.503 958.497
825.496 800.498
1123.500 257.506
-1050.510 475.507
599.501 -988.507
-1123.500 275.504
1044.500 -503.495
66.505 1160.500
285.496 1130.490
618.500 992.497
-79.504 1186.510
-1009.500 629.498
1168.510 259.503
1169.500 -261.498
1080.500 -527.504
-786.502 -909.494
234.498 1180.510
193.495 1194.500
1210.500 -70.502
-504.500 1107.500
461.506 1131.500
644.495 -1039.500
212.499 1208.500
1226.500 -75.502
1111.490 -538.500
911.509 835.502
1238.500 72.501
1124.500 533.495
-777.501 972.501
-618.504 -1087.500
-1111.500 -580.501
510.999 1147.030
572.499 -1119.500
-435.502 1179.500
510.675 1150.350
444.497 1178.500
939.495 -845.498
-1255.500 -144.502
1176.500 471.500
548.494 1155.500
760.500 -1039.510
-1151.500 588.496
516.506 1195.510
-820.503 1051.500
1000.500 899.502
1163.510 -677.497
766.500 1106.510
-1146.510 709.498
854.506 1046.500
-752.501 1142.500
927.504 1007.500
-1201.510 659.500
-1302.500 448.997
962.496 990.500
838.500 1100.500
-1273.500 541.500
-1263.500 581.495
-692.502 1208.500
1157.500 802.502
-1392.500 207.499
-1014.500 996.497
1166.500 839.498
-1394.490 -405.503
-1437.500 -231.500
1166.500 -874.500
-921.502 -1131.500
943.495 1116.500
-937.494 -1124.500
1147.500 -911.501
1412.510 414.497
1464.500 -197.498
1214.500 849.495
1035.500 1065.500
1490.500 -30.501
1077.500 -1031.500
1074.500 1036.500
1442.500 427.506
1168.500 947.500
1473.500 331.506
1500.500 -198.498
1102.500 1037.500
1385.500 -613.501
1452.510 -440.504
1150.490 998.499
1518.500 167.504
1442.500 519.501
1530.500 -180.501
-1303.500 831.499
-1541.500 -138.498
-1549.500 -75.505
-1297.500 -854.507
1553.500 55.500
1544.500 210.498
-1042.500 1157.500
-1158.090 1044.760
-1165.220 1041.680
-1330.500 845.495
-1462.500 -589.501
-1281.500 922.505
1223.490 -1001.500
1481.500 -552.504
1023.500 -1209.510
1585.500 -34.502
1394.510 770.496
1596.500 -286.503
-1575.510 -433.495
1426.500 798.498
1250.500 1054.500
1192.500 -1155.500
1316.500 1022.500
-1184.500 1182.500
1248.500 1120.510
1387.500 945.490
1478.500 814.499
1489.500 -811.497
-1550.500 695.500
1257.500 -1157.500
1548.500 775.498
1261.500 1212.510
-1563.500 905.502
1591.490 946.494
1514.500 -1136.510
1482.490 -1188.500
1589.500 1084.500
-1570.490 -1119.500
1572.510 -1211.500
