0.498 -0.504
-10.493 -26.499
-29.504 -36.495
50.502 18.493
74.502 -17.507
-100.492 -21.495
-100.982 -27.398
-97.500 -59.498
-121.500 15.499
119.497 39.499
-162.506 5.499
68.501 166.498
71.503 -188.493
-61.503 199.504
-78.497 -210.502
-53.758 -228.370
-230.503 -71.493
-241.502 -118.497
248.502 114.499
12.495 277.493
-3.510 280.499
-277.508 64.499
-16.498 -291.500
-149.498 257.503
-141.499 -263.503
252.503 -205.498
155.496 -287.500
312.497 -120.499
129.501 -335.503
297.506 -204.505
-351.501 94.502
243.494 275.504
322.332 189.501
361.502 115.507
70.500 375.503
-212.502 -324.105
-212.502 -324.496
-141.504 -361.884
405.503 78.502
-403.505 88.498
-199.504 -366.499
333.501 253.503
343.494 -242.491
-407.500 135.504
-130.495 409.495
430.501 -33.504
-385.495 -208.493
433.509 -117.505
-43.513 -453.497
-60.499 453.500
-121.500 -447.506
312.390 347.279
312.372 347.371
461.501 -99.500
193.498 433.503
-271.494 399.506
-480.495 -92.508
-490.501 4.495
-328.497 -369.507
-301.495 397.496
423.506 -270.494
-335.504 383.500
508.500 -64.506
-89.502 512.501
138.498 506.492
-480.497 -239.501
176.345 516.307
171.485 520.145
-546.498 39.505
-548.490 -42.499
471.501 285.503
448.500 -324.494
-499.502 -239.500
-436.501 -346.502
-551.499 126.503
-448.500 347.502
-37.506 -568.503
-165.502 553.503
553.501 -176.499
213.491 -546.494
-421.502 406.497
476.502 -343.506
527.504 -266.504
312.497 -506.497
550.501 -232.500
518.499 300.501
603.504 17.497
-565.503 255.505
397.495 -484.504
528.499 -339.498
-130.495 615.499
-410.497 481.493
353.503 -530.505
466.497 -435.497
577.504 -275.500
-639.499 45.507
-592.508 -247.503
-394.501 -508.499
567.498 315.500
-448.502 469.504
297.000 580.142
290.865 588.234
295.448 586.350
657.499 -50.494
-653.499 89.498
663.495 63.496
651.500 170.504
-609.500 -298.502
-48.497 677.500
529.505 -433.508
648.495 -234.499
589.498 358.496
-154.505 672.503
595.104 352.038
320.496 -621.506
393.497 586.503
570.499 433.497
-24.500 715.499
16.494 -717.497
-291.497 666.504
672.501 -281.503
145.508 -723.497
-733.497 74.505
-460.499 -583.504
-704.500 241.492
89.500 741.502
680.050 310.876
679.695 312.103
353.498 -666.505
-610.495 443.506
-616.507 -437.504
391.497 -651.497
759.494 -141.495
661.500 401.512
724.500 -288.500
-588.504 516.503
283.499 734.509
763.502 198.498
789.496 105.508
777.985 203.663
-790.497 144.501
-344.501 729.494
-439.495 678.500
782.501 -208.502
-591.499 554.505
782.494 217.498
-667.495 469.496
-37.507 -816.499
465.502 672.501
-90.488 -813.502
762.493 -306.505
-782.500 252.506
-493.510 659.504
746.500 -355.495
814.502 146.495
565.501 608.491
746.501 366.501
-8.501 833.496
-662.502 508.505
-727.494 418.505
550.499 641.502
479.500 699.501
179.504 831.506
717.499 -467.498
827.499 256.499
-513.498 -697.502
863.495 -82.503
513.499 -704.498
-871.501 -23.500
439.499 753.500
725.501 -488.497
441.499 -757.494
811.499 -340.506
193.501 859.497
-788.494 419.496
680.495 582.498
-18.337 897.389
60.496 896.501
7.499 -902.505
769.503 -473.500
853.502 299.502
-307.499 -851.502
-15.501 908.502
-857.507 307.511
-48.497 -912.502
-862.658 298.215
437.496 -803.500
848.499 359.503
350.503 853.499
840.499 -396.494
878.502 -303.505
-930.505 -53.501
753.499 550.504
255.501 -903.490
943.502 -5.500
297.872 -903.044
-949.499 83.503
-935.501 -236.513
-798.503 -542.500
917.498 302.499
939.493 -255.499
-926.497 297.491
-832.498 504.497
662.498 -726.501
709.501 682.501
666.491 732.495
318.503 937.499
275.502 -955.498
539.500 -838.504
686.501 722.499
629.590 -781.414
237.500 974.500
237.495 -977.496
70.500 -1004.490
-987.505 194.507
-939.499 -364.951
-149.498 -997.506
-721.501 714.496
-839.497 571.500
497.494 890.497
-195.500 -1010.500
217.499 -1007.500
-689.502 -765.501
714.500 -750.503
-58.506 -1034.500
763.505 701.494
-1028.500 -143.502
215.497 1016.500
-95.509 -1036.510
303.503 996.502
241.502 1019.510
81.500 1045.500
638.499 -834.497
1052.500 -25.495
-924.498 -509.509
499.506 -931.501
43.503 -1056.510
1051.490 -128.500
135.499 -1057.500
-1000.500 -388.501
-1057.500 -183.502
763.501 757.499
936.498 -533.498
-973.501 -461.503
1037.500 -296.501
-980.493 462.494
1075.500 171.502
992.493 449.507
-470.500 982.495
-874.497 650.500
-1095.500 32.490
-1034.500 -372.502
1088.500 -224.501
946.504 -596.499
1094.500 -247.497
1069.510 -352.498
1124.500 -61.508
-493.500 -1013.500
526.499 996.496
468.500 -1031.490
437.501 -1046.500
-687.505 -904.502
394.505 -1068.500
-560.499 -991.502
-1121.500 199.506
-1125.500 254.499
-1105.500 339.502
1121.500 287.496
811.504 -826.498
961.492 645.495
604.496 994.503
-1032.500 548.497
1067.500 482.495
-1121.500 -351.498
12.496 -1181.500
-119.503 -1179.500
897.496 -775.498
-305.496 1148.500
720.502 -947.503
-1036.500 -587.494
-858.496 -828.502
751.502 -933.492
292.495 -1162.500
-364.505 -1142.500
-776.502 -914.503
1182.510 -220.502
908.505 790.497
1185.500 214.501
75.504 1203.500
-957.505 735.498
580.503 1061.500
-1106.500 493.496
759.200 -949.979
-1194.500 222.499
514.495 -1103.500
-1184.500 -307.500
1157.500 404.502
1226.500 46.500
704.499 1011.500
1156.500 437.500
995.503 -739.503
643.498 1070.510
1250.500 103.505
-1229.500 -254.503
1107.500 -617.500
1267.500 48.497
956.499 -841.495
-1062.500 704.496
1021.510 -767.497
-450.502 1206.500
1109.510 -661.503
-1285.500 -126.503
1010.500 -808.498
-571.501 -1165.500
-681.497 1110.490
922.501 -926.503
-696.496 -1117.500
1045.500 -806.494
649.497 1158.500
1069.490 -789.497
1000.500 874.505
839.497 -1041.500
-688.506 1157.510
1245.500 -527.506
-1217.500 588.496
-1345.500 154.504
-887.489 -1038.500
1001.500 -932.496
-1184.500 690.501
699.498 1180.500
1365.500 -147.498
-1361.500 -190.500
1142.500 -785.501
1070.510 -886.502
-1346.500 343.499
-1258.500 623.499
1036.500 -952.501
1408.490 -104.500
1289.500 589.498
-751.496 -1203.490
979.504 -1027.490
-1089.500 911.500
-1422.500 -102.501
1356.490 -448.497
1237.030 720.511
1238.190 719.587
1195.500 793.499
1401.500 334.497
-1409.500 300.506
1346.500 -525.494
1227.500 794.499
956.490 -1109.510
1461.510 -121.500
-1429.500 -343.500
978.501 -1102.500
1097.500 -984.505
-1349.500 -594.502
1352.500 -604.495
-1155.500 -927.491
1439.500 -378.501
1197.510 887.495
1395.500 -554.505
1334.500 694.500
-1498.500 166.497
1304.500 758.499
-1506.500 -229.503
1279.500 -842.507
1524.490 -275.503
1173.500 1013.500
1479.500 489.499
-1349.650 779.505
1209.500 987.498
-1130.500 1082.490
-1520.510 372.499
1500.500 -502.507
-1593.500 13.497
-1377.500 -813.498
1509.500 -532.501
1274.500 977.494
-1270.500 -1018.500
1184.490 -1137.500
-1559.500 511.507
1618.500 -283.498
-1198.500 -1127.500
1295.500 -1016.490
-1448.510 -811.505
-1335.500 -987.495
1210.500 -1142.500
-1344.500 988.501
1312.490 1052.490
1431.510 893.503
1340.500 -1027.500
-1583.500 -598.503
1568.500 -639.506
1267.510 -1135.490
1501.510 815.496
-1522.500 774.499
-1295.510 1114.500
1552.500 -747.503
-1523.500 803.505
1407.490 -1001.500
-1512.500 857.504
1433.500 -1000.500
-1278.500 1193.500
-1441.500 996.494
1521.500 882.497
-1596.500 -745.499
1525.500 -912.494
1597.500 -792.501
1602.430 -812.263
1604.010 -814.509
-1443.500 -1088.500
1595.500 981.502
-1594.500 -1080.500
