0.498 -0.495
-12.499 82.497
103.492 -45.495
133.502 34.497
62.507 127.500
-63.505 133.494
-73.505 -144.507
163.503 15.494
157.492 -76.500
-174.504 -29.501
-175.503 24.500
-114.504 146.496
16.501 -188.500
-199.497 -52.503
-152.712 -140.895
-229.497 -91.506
253.501 -21.500
239.501 -103.500
-196.710 203.466
-196.735 203.534
-97.498 -281.502
-299.495 61.498
-211.501 239.501
-300.493 125.511
145.503 -296.497
302.507 -146.499
-237.501 236.500
274.498 -198.501
341.494 26.501
41.497 343.497
-324.500 119.501
55.497 -345.501
198.504 288.502
-183.501 -307.504
-93.501 349.504
360.494 -58.507
357.501 112.495
361.504 -120.496
336.502 -189.498
132.510 -363.495
-296.500 261.500
264.500 -300.107
264.500 -300.498
393.512 106.494
-399.498 104.506
-284.507 301.504
-382.507 -166.500
-413.495 69.500
-76.500 -422.508
-251.501 -349.500
-424.501 96.493
433.494 -118.496
93.499 440.496
-245.500 -390.497
177.501 -429.498
320.495 340.499
467.506 -59.501
-362.328 -307.680
476.500 37.499
-395.499 -267.495
362.504 -315.502
-249.506 -410.500
-373.969 -303.520
170.495 454.498
-467.500 -137.499
-99.489 -478.496
-471.504 136.502
347.496 355.501
-492.498 -81.502
170.504 479.493
-365.501 -366.500
135.502 -501.502
-400.498 -330.502
472.041 -242.892
506.498 174.502
-100.502 525.502
-537.494 -30.490
-434.501 -321.499
-316.502 438.491
545.494 22.497
-486.497 246.505
61.503 -548.503
490.494 -258.506
297.503 473.496
174.503 -532.502
512.498 -242.499
118.502 561.499
452.501 355.502
-301.502 493.506
-582.499 -24.497
-576.994 106.503
-582.057 -84.315
-583.411 -79.715
-499.496 -315.500
-595.496 28.502
-586.323 108.449
-542.498 -250.499
-388.498 -460.494
54.496 602.506
605.499 31.504
253.499 551.500
-383.705 -477.935
511.500 -339.504
537.498 -303.496
-597.503 164.505
-531.502 -327.498
625.503 -46.497
-624.492 -61.502
-87.502 -630.502
-386.496 506.505
-629.507 -104.503
-277.501 574.507
-638.495 -26.503
-214.503 603.496
41.497 646.496
-521.503 384.503
273.497 -589.495
-646.499 67.498
-623.505 -187.507
-636.498 151.500
-450.500 -480.503
-662.499 -77.504
590.499 312.505
137.507 -671.499
-609.496 -312.498
-539.500 -423.499
583.504 362.500
-103.504 -684.500
114.497 -684.507
-582.498 -379.500
-701.499 -65.494
-424.508 -565.500
-557.500 -448.501
323.978 638.024
716.496 19.500
-15.503 -719.498
700.504 -171.493
217.507 -688.498
-617.499 372.496
703.402 -182.834
-726.493 -21.501
-2.488 727.496
-724.506 -75.500
-718.497 -130.499
527.501 -515.495
-730.495 94.500
-337.508 -659.508
690.499 278.499
404.500 629.495
342.491 666.500
-745.501 -78.496
-248.504 -708.511
-748.501 47.504
7.508 -752.496
-509.498 552.506
-611.501 -438.495
291.499 -704.499
692.499 327.499
764.500 72.502
755.502 153.498
95.039 767.454
-767.567 -99.874
93.457 769.721
-774.044 -105.009
39.499 782.500
748.504 249.506
-57.495 -789.495
394.500 -702.502
-801.498 96.504
458.507 -666.493
721.491 369.500
-573.500 573.498
-466.493 -669.503
-654.499 -489.500
-191.502 -796.501
-825.503 -72.504
-432.505 721.502
228.498 -811.505
-348.888 769.574
-640.500 552.500
-51.504 -847.495
-800.497 -285.508
851.500 -15.502
810.501 -268.497
-765.498 -379.503
-788.492 -331.501
79.504 851.500
-843.524 -158.033
-687.498 513.499
120.498 851.500
-625.500 596.501
-67.496 862.495
-319.507 -806.504
-112.501 -864.503
303.503 -818.504
840.500 -242.504
-440.499 -758.502
-885.503 49.494
-17.499 888.491
586.499 -671.498
-891.501 23.498
761.503 470.501
364.498 829.492
879.498 -221.496
799.509 -428.501
843.501 343.502
-107.494 906.506
292.504 -869.502
-377.498 -839.499
-922.502 -56.509
-906.444 200.020
-909.597 195.987
354.501 -865.499
851.504 393.506
930.508 -148.498
-909.497 245.497
-939.490 -88.500
-408.497 -854.494
-923.793 211.939
-923.821 212.399
-934.498 190.498
-322.502 -898.491
-809.502 505.498
-337.495 893.502
-669.503 -686.504
-963.504 71.497
-761.504 -602.497
775.507 -591.497
-587.500 778.497
-905.507 372.497
964.504 -177.501
837.492 -517.502
931.505 -333.494
-987.501 -95.501
-397.499 -913.495
-418.505 906.498
-499.499 -868.500
-972.499 -242.499
12.501 -1007.500
630.494 785.499
846.503 -557.506
-680.499 -750.500
1.785 -1014.410
-434.498 921.501
-989.497 258.500
597.508 -833.500
958.506 -372.500
-19.499 -1029.500
453.506 924.492
-593.502 -845.500
-592.193 -847.730
1033.500 -45.503
-940.496 -430.496
-959.503 393.502
1036.100 -82.056
988.499 -324.500
733.504 738.501
1040.700 -82.739
20.497 -1045.510
408.503 -967.503
-972.498 -395.498
-286.499 -1014.500
446.496 -957.501
639.498 -841.665
525.495 -917.501
688.502 804.500
-145.501 -1050.500
-823.267 -674.044
-1061.500 68.502
-631.498 -858.497
984.505 -416.505
-778.500 734.504
-218.504 1050.500
-1073.500 -38.499
-999.505 396.502
1003.490 -397.498
1053.500 240.495
-1073.510 159.498
224.507 -1064.500
112.496 1081.500
-721.323 819.066
292.493 -1053.510
1097.500 -71.498
68.503 -1098.500
374.801 -1038.280
378.058 -1039.590
-1056.500 -332.501
754.501 813.487
729.491 -838.501
-526.502 984.500
-1116.500 22.503
-856.502 717.494
709.500 -869.502
610.498 -944.507
1059.500 396.497
738.503 -857.502
288.670 -1096.670
44.502 1133.500
-557.509 989.497
240.497 -1111.490
288.993 -1099.970
-1135.500 64.493
-1059.500 -414.505
-1138.500 39.503
324.503 -1094.500
-1136.500 -97.500
42.507 -1143.500
-467.498 1047.490
1143.500 168.501
1161.500 -31.512
-1162.510 28.503
-869.499 -773.500
1159.500 110.501
-1155.500 216.501
-639.508 -992.499
-848.507 821.504
-156.508 -1177.500
942.501 -724.500
-1186.500 -90.503
1174.500 201.505
1194.500 -125.500
-1146.500 -356.496
-1106.500 472.737
895.500 805.504
-1179.500 260.503
-1211.500 74.500
823.503 -899.497
-1218.500 -5.498
-342.497 -1170.500
-646.503 1033.500
-976.497 735.502
672.500 -1030.500
1038.500 -660.502
-950.495 783.495
-1017.500 696.500
-677.501 1036.490
1247.500 -14.496
1247.500 69.499
1212.500 -306.503
-546.500 -1128.500
1119.500 -566.500
-1259.500 37.497
-1200.500 388.500
1138.500 -550.510
-402.497 -1198.500
1256.500 -173.494
540.500 -1159.500
-1276.500 -97.503
1188.500 478.501
-1097.490 660.500
-724.505 -1057.510
-853.502 957.500
721.498 -1063.500
458.501 1203.510
440.502 1210.490
-1122.490 -633.506
-1268.500 249.502
-887.498 -944.500
-1233.500 411.493
1176.500 -566.494
807.503 -1026.500
-1053.500 771.508
1311.510 18.500
-861.497 999.501
1288.500 291.502
612.501 -1171.500
-573.499 1190.500
-559.503 -1198.500
1309.500 -233.500
1330.500 25.499
920.492 -973.498
1242.500 501.495
1329.500 -211.504
-1143.500 -711.493
-1003.500 898.498
1276.500 446.498
-1266.500 488.500
-1160.500 -709.495
712.497 -1163.500
-1363.500 15.498
1367.500 -5.498
1069.500 857.515
936.501 -1002.500
975.498 -971.502
-1312.510 412.497
-1169.500 725.497
-1174.500 -719.498
1191.510 -701.505
-1380.500 -59.497
-966.503 995.022
-1356.500 291.504
-966.501 -1002.490
1138.500 803.504
-1304.490 495.500
1319.500 -472.500
1402.510 0.501
-1297.500 -535.502
-1035.500 950.509
-1402.500 -128.500
1098.510 884.505
-1415.500 -13.509
-1136.500 -846.501
-1175.500 794.508
-1103.500 -894.499
1238.510 703.505
-1333.500 506.508
1251.090 688.020
915.501 1097.500
1235.500 724.509
1282.510 -639.499
-1325.500 543.503
1348.500 506.493
1401.510 -343.495
1349.500 -514.495
-1353.500 507.504
1335.500 572.495
898.500 1145.500
1185.500 -848.501
-824.500 -1209.500
998.493 -1095.500
-1241.500 813.500
1487.500 32.501
-1361.510 598.496
-1438.500 385.495
-931.497 1166.500
1129.500 995.496
-1475.500 313.498
1209.500 905.501
1349.500 -689.501
-1063.500 -1087.500
-1413.510 -561.500
-1479.500 -387.496
1529.500 -107.499
-1510.500 290.496
-1142.490 1038.500
-1501.510 388.491
1005.500 -1183.500
-1260.500 923.498
1404.500 697.497
-1043.500 -1173.500
-1566.500 107.499
-1255.500 -964.498
-1506.500 496.499
1113.500 1142.500
1601.500 80.494
-1470.500 637.504
-1514.490 526.502
1594.500 -182.503
1370.500 -840.499
-1568.500 348.500
-1605.500 -95.501
1574.500 -341.499
1227.500 -1059.510
-1303.500 963.500
-1350.500 909.501
-1547.500 529.501
-1617.500 -277.510
-1428.500 818.502
1614.510 331.499
-1603.500 -383.500
-1507.500 668.502
1588.500 457.498
-1467.500 -764.502
1469.500 -775.495
1293.490 1042.500
1385.500 -920.509
-1527.500 672.500
-1389.510 -928.507
-1606.500 462.503
-1388.500 934.504
1538.500 707.500
-1582.500 611.501
1248.020 1160.180
-1583.500 630.500
1248.340 1163.410
1228.500 1184.500
-1287.500 -1128.500
-1305.500 1139.510
1537.500 -822.498
-1472.500 964.496
-1609.500 -719.496
-1415.860 -1065.620
-1604.500 755.498
1301.500 1208.490
1535.510 -901.507
-1429.500 -1069.500
-1591.500 -819.496
-1457.500 1068.500
-1587.500 999.499
1563.500 -1084.490
-1608.500 -1185.500
