0.500 -0.490
-105.498 -6.503
159.505 117.505
-99.501 195.502
220.500 94.499
-246.501 -78.503
-253.500 67.498
138.501 239.500
-200.505 223.499
-301.503 -94.499
216.504 -255.499
-39.500 -343.504
347.503 52.499
-161.502 -348.502
-308.496 -283.499
365.507 208.498
109.499 -412.498
-90.500 426.495
-236.501 403.489
-222.505 415.501
-133.495 468.503
376.502 -316.497
490.501 -112.500
-335.501 -376.502
-399.509 -315.500
400.496 322.497
437.498 277.499
-169.498 -492.506
-358.503 -388.500
-121.510 514.500
482.041 -235.237
486.025 -230.760
183.502 -534.505
-568.498 1.497
-301.498 -490.505
562.506 128.495
366.508 -455.497
-18.501 588.497
-398.503 435.500
76.493 -590.496
-483.501 -363.496
395.498 459.500
543.499 276.502
428.495 -459.507
-523.505 351.501
-122.502 661.503
50.504 -673.496
283.504 621.500
406.496 -571.494
119.496 -697.495
-689.505 -209.498
137.498 -721.501
-417.501 606.507
705.500 -231.501
-678.505 -301.503
-216.508 712.499
552.502 507.500
-736.496 -168.508
432.501 -624.499
358.503 671.500
759.502 133.506
767.501 75.499
33.501 776.497
-747.499 237.497
-385.505 -686.495
-665.500 -420.503
-786.502 74.505
-25.502 -800.508
-734.502 -338.501
703.492 -404.502
-426.497 695.505
-198.498 791.506
-102.501 816.500
-491.499 -671.505
-643.497 -528.504
387.499 -755.504
690.591 -499.989
692.979 -505.457
383.988 -768.327
732.496 449.503
383.496 -770.500
-518.492 -687.500
79.507 -868.495
-594.499 639.499
832.496 283.501
182.498 -892.507
511.498 -778.501
-21.488 -932.496
916.495 177.502
-668.500 -654.497
-815.497 457.502
-124.500 929.507
436.505 833.504
687.492 -644.508
-596.498 748.499
-785.501 567.503
15.506 972.494
-426.498 -876.500
-190.502 962.500
985.495 63.505
655.491 -739.503
973.495 176.500
915.501 388.494
743.493 -677.503
-931.494 398.501
969.498 308.512
-1022.500 -2.503
938.492 422.501
-205.500 -1009.500
335.495 985.499
-425.499 -954.500
885.510 -557.499
-67.502 -1047.500
-789.499 -691.491
-378.502 979.496
-1033.490 199.501
50.501 1063.500
-583.496 -892.496
-1050.500 205.501
-858.502 645.504
80.499 1078.500
-245.500 1059.490
44.500 -1106.500
583.503 -944.498
-811.499 -760.503
896.504 -659.499
-135.497 1111.500
319.506 -1080.500
-764.512 828.496
-301.500 1091.500
819.505 -796.505
970.496 606.501
1149.500 -84.500
392.496 1091.500
845.505 -801.499
-1106.500 -362.499
-1159.500 -134.502
1164.500 150.504
-757.497 -899.509
885.496 780.496
916.502 756.502
-864.493 825.495
432.503 1122.510
945.490 744.501
1211.500 77.495
820.504 897.497
1202.510 193.505
158.499 -1208.500
-1065.500 -601.504
-332.500 1185.500
-354.496 1185.500
-975.504 767.500
1237.500 132.503
-878.503 882.504
-998.498 -749.497
-1223.500 -290.504
-877.499 -903.502
-809.504 -991.499
1026.500 -783.498
-1288.500 -182.493
-1307.500 -27.501
842.696 1002.690
578.506 -1189.500
800.499 -1057.500
1248.510 477.503
-888.497 1012.500
1346.510 72.499
637.505 -1199.500
-1036.500 878.504
1089.500 -819.497
1193.500 666.502
-918.501 1032.500
713.493 -1196.500
-876.497 -1083.490
-856.504 -1106.500
-1370.500 -284.500
-764.489 1204.500
1416.500 233.501
-1108.490 -914.502
1285.490 -648.502
-1448.500 69.500
1424.500 -396.503
-881.501 -1187.490
1056.500 1036.500
950.501 -1141.490
1299.500 725.500
1173.510 -920.506
-969.501 -1135.510
1450.510 -369.504
-1478.500 -281.497
-1319.500 728.497
-1348.500 -674.496
-1047.500 -1099.510
-1513.500 -190.501
-1095.510 1061.500
-1456.500 454.505
1018.500 -1143.500
-939.504 -1208.500
-963.496 -1197.500
-1518.500 -285.497
1297.500 840.502
1035.500 -1160.500
-1215.500 -983.489
-1113.500 1112.500
-1449.350 -625.675
-1455.510 -611.504
1580.500 32.505
1577.500 -181.496
1451.500 674.499
1596.500 -129.491
1440.500 -706.499
-1062.490 1207.500
-1442.500 -720.494
1526.500 -533.496
1448.500 723.508
1610.500 -235.498
1508.500 -710.495
1610.500 -614.499
1590.500 -687.498
-1452.510 -951.496
1517.500 -852.491
1563.500 -789.496
1370.500 1102.500
1510.500 -922.501
1478.500 1001.500
1406.490 1100.500
-1403.500 1126.490
1441.510 1120.500
-1559.500 -1039.500
1616.500 1073.500
