0.505 -0.499
45.507 30.503
-64.013 16.980
-67.483 17.845
86.498 41.500
38.503 114.504
138.500 71.500
71.496 154.500
-32.500 -219.498
-218.502 -62.499
-262.504 40.488
-265.498 -49.497
215.499 197.503
-122.500 265.496
2.499 300.502
103.504 284.497
90.500 -294.494
288.492 149.491
311.496 167.500
-266.496 -260.497
264.497 265.497
393.500 -42.503
374.501 133.496
-346.495 -236.506
-169.500 -406.500
-396.498 -194.492
446.498 12.497
-442.503 -72.501
-66.505 443.502
39.502 -453.498
-253.494 -378.501
90.505 -451.507
-446.502 -126.498
158.500 -440.502
418.499 223.506
-285.505 -381.507
-319.497 366.500
-460.499 -184.494
306.504 -407.497
469.507 237.495
-240.505 470.497
-505.498 -155.500
-517.500 114.507
468.500 -254.499
-190.498 -499.497
-543.497 26.502
351.496 419.498
-161.500 -552.498
515.499 -315.506
-414.499 440.496
-218.501 -571.501
293.499 537.502
-582.497 227.502
633.503 -65.496
635.496 185.504
-637.499 -177.498
109.504 687.504
409.499 -575.505
-703.499 -50.500
165.503 -693.506
-173.502 695.501
626.496 366.496
-156.494 711.498
558.500 469.506
-714.507 -156.504
676.502 -312.497
-131.493 733.494
603.495 -446.500
-193.506 730.502
561.500 508.500
-272.499 -708.505
729.499 234.504
579.498 -505.499
724.499 261.497
15.506 -773.503
-252.505 -733.497
776.508 18.503
-249.749 -736.869
466.502 -673.497
-692.506 -441.496
-811.507 -152.499
604.487 -564.498
119.121 818.467
-556.495 624.498
-633.504 546.496
-322.507 -776.502
-695.506 -481.499
-235.497 812.492
835.806 -148.504
-522.491 -671.496
845.497 -114.504
846.578 -148.494
-848.503 -229.507
-879.500 44.495
-471.500 746.489
4.495 890.502
-373.505 809.496
438.497 778.494
-872.500 200.500
721.495 -534.505
-669.503 -612.501
889.683 -220.330
893.164 -219.991
650.504 656.499
934.498 -69.505
31.507 936.500
-496.500 -804.503
946.500 32.505
-822.504 472.503
-437.492 844.495
917.495 -255.492
937.500 213.499
-730.499 624.498
-515.500 -815.504
526.498 -811.499
563.498 786.505
395.971 -891.444
-660.501 727.506
406.556 -896.892
924.504 369.503
908.498 -408.496
-292.497 951.494
262.503 -968.493
-833.499 -560.497
981.494 -228.496
-158.499 995.503
86.498 1006.500
825.502 619.502
169.501 -1026.500
178.205 1026.800
1026.500 200.501
-236.492 -1020.490
-991.501 -338.501
181.498 1032.500
448.501 953.504
-167.496 1051.500
682.503 -819.493
821.500 682.501
-1069.500 22.502
739.500 781.494
-1025.490 372.507
965.504 -516.502
-971.499 -503.494
761.497 806.502
1118.500 -18.502
99.499 -1115.500
-1053.500 -389.499
945.806 -618.381
948.544 -616.229
-1097.500 -295.499
-824.500 -802.505
-248.506 -1125.500
706.499 -922.502
-717.505 -918.496
-1107.500 367.497
-13.493 -1169.500
-1081.500 -447.497
-217.500 -1154.500
-738.499 -914.500
-713.499 -936.494
741.500 -927.506
1016.500 -621.497
1147.500 -356.498
1041.500 602.505
1098.610 510.090
1099.010 509.490
-924.499 -787.513
-1170.500 323.503
551.511 -1084.490
1220.500 86.506
324.500 -1184.500
934.501 -806.502
-1138.500 -480.506
-653.500 1048.500
-908.498 -863.502
-952.504 825.497
1255.500 140.487
-1225.500 -322.499
466.503 -1185.500
1174.500 512.495
925.497 886.501
-1262.500 221.492
420.498 -1212.500
-808.499 -998.497
-1204.510 -457.504
488.502 -1194.500
-951.500 -871.499
1210.500 -452.498
611.498 1141.500
1263.500 311.505
1263.500 352.497
1108.500 709.504
1181.500 589.500
-1316.510 132.498
983.494 -890.493
-844.493 1024.500
1287.510 335.495
-1299.500 282.499
1229.500 -519.502
-1215.500 550.496
1304.500 -317.001
1340.500 165.500
-1103.490 850.500
1394.500 50.504
1016.500 -968.501
-1034.490 974.496
-1440.500 20.498
1146.490 -885.497
1098.500 954.497
1283.500 696.503
-1446.500 210.511
-1347.500 568.505
1464.500 -163.503
1448.510 270.503
1197.490 865.505
-1215.500 860.506
-926.498 -1171.500
-1366.500 -652.496
1179.500 956.494
-1356.490 -690.495
1524.500 19.499
-1481.500 369.499
1527.500 -49.498
1422.510 562.496
1004.490 -1156.500
-1323.490 -783.497
1447.500 -538.504
-1455.510 -515.498
993.498 -1198.500
-1507.500 435.498
1332.500 -858.498
1210.500 1046.500
1440.500 700.502
-1242.510 -1028.500
-1432.500 -743.498
-1269.510 998.500
1496.500 615.505
1296.490 -972.491
-1509.500 622.503
-1532.510 -599.495
1544.510 595.502
1619.490 358.498
1258.500 1102.500
1178.500 1195.500
1348.500 1007.500
1237.500 1151.500
1448.510 900.503
1612.500 576.498
1605.500 -601.485
-1504.500 834.499
-1309.500 -1163.500
1592.990 -733.500
-1400.500 -1083.490
1345.500 1156.500
-1556.500 920.502
-1600.490 -893.502
-1441.500 1212.500
