0.504 -0.496
110.508 36.495
81.497 92.496
76.502 164.503
51.501 187.498
210.501 -28.501
133.502 170.501
-15.495 229.499
-246.504 76.497
91.496 -261.497
-56.498 283.496
-165.488 -254.498
-309.504 -97.505
167.494 286.492
-80.504 341.497
249.499 -259.499
-361.500 -76.498
76.497 365.496
139.503 -360.494
399.508 13.494
-271.499 -294.495
-312.499 -250.506
-255.508 310.501
110.506 394.494
19.497 -428.494
217.505 -380.504
-418.504 132.497
-454.508 15.502
-171.497 428.497
443.500 142.499
-239.497 -403.501
-97.498 469.498
423.502 -255.501
217.504 455.492
-408.506 -298.496
473.500 185.499
-291.500 426.503
-507.498 -122.503
503.501 -168.496
277.503 470.507
-200.503 520.495
-471.995 304.015
-471.986 304.114
-512.499 -249.498
158.501 -558.497
-557.500 160.496
95.509 573.501
304.499 -497.493
563.497 167.496
593.500 46.508
587.501 -119.499
582.505 161.504
-584.505 153.496
92.506 -610.496
-549.497 288.502
234.501 590.497
-553.504 -312.500
-239.497 -599.995
358.500 -540.495
-638.504 136.493
-542.502 -370.499
-25.494 -662.505
-495.498 442.504
-652.500 -161.496
-654.497 -190.499
573.500 372.507
429.496 532.502
252.502 -642.505
692.493 -8.501
-681.501 128.498
625.490 305.513
-679.501 -161.501
511.499 481.499
-699.501 59.503
683.502 165.503
162.998 -702.994
-308.503 658.499
395.503 615.500
509.496 529.499
572.497 -463.498
-545.501 -504.496
229.503 706.498
-84.503 739.497
113.502 738.497
599.507 453.503
-694.502 292.493
644.499 404.499
-565.502 522.497
56.499 774.497
-211.494 -754.504
-770.502 159.500
-310.502 -727.499
123.504 791.500
-158.507 -787.498
-204.503 779.506
823.502 -0.498
823.502 -0.104
619.500 542.501
823.501 -45.501
440.506 -698.496
432.493 720.498
-843.501 -96.506
-752.494 -403.499
311.499 795.501
504.502 692.498
302.500 -806.497
-725.506 464.501
369.066 782.797
377.488 791.503
-878.495 85.500
858.491 212.510
161.495 870.503
885.031 -59.448
-886.507 -38.498
756.499 467.506
878.497 -150.496
-103.499 887.497
-503.503 -746.501
633.507 -647.501
-896.555 -138.123
-700.492 -577.501
-898.760 -137.945
916.500 37.363
-42.502 917.499
-641.501 -660.500
885.506 258.507
767.495 516.496
812.494 460.506
-884.503 297.503
644.498 676.507
-827.499 -448.495
794.504 -507.499
680.490 -653.503
107.501 -952.495
-530.497 -811.501
880.503 410.500
926.499 -295.499
958.504 -182.501
-570.777 -801.777
-571.583 -803.029
-177.501 974.499
847.501 -530.494
-942.493 -340.496
-451.507 894.503
1001.500 71.494
-800.500 607.498
-1002.500 -102.495
474.501 891.505
722.496 -709.499
806.505 -615.503
-677.499 -756.494
-652.833 -780.740
305.500 970.499
1018.820 44.886
-1019.500 9.498
-323.492 -970.502
1022.430 45.584
-433.503 -932.493
533.501 879.509
-661.206 -788.842
-888.494 525.501
-221.496 -1009.500
984.501 318.498
934.498 -457.501
1041.500 -30.500
-467.499 931.499
199.502 1023.500
566.493 -878.492
759.498 -721.495
-671.499 804.499
656.502 -825.493
1032.500 231.504
-1048.500 163.500
159.504 -1055.500
865.501 -627.498
488.501 -951.499
1039.820 265.269
-1021.500 328.500
1042.500 272.500
1032.500 316.501
-822.495 -704.492
456.503 986.505
-268.502 -1055.500
792.496 747.497
-268.500 -1058.430
-469.501 985.497
656.504 882.497
24.504 -1102.490
606.503 920.502
280.497 1066.500
-903.505 634.505
-178.498 1112.500
1116.510 235.505
-1120.500 219.504
124.502 1135.500
-790.506 827.503
623.500 960.498
-981.501 608.498
468.492 1058.500
854.500 -782.504
-1011.500 -569.499
840.491 804.501
1141.500 240.500
898.492 -746.501
-1034.500 -551.488
1174.500 46.493
784.500 -881.504
98.504 1177.510
1068.500 -512.505
701.494 955.502
-1151.500 296.502
1162.500 264.499
1187.500 -123.496
-1114.500 428.498
924.492 761.503
-1184.500 180.500
-584.495 1050.510
-1149.510 355.505
832.505 878.502
-1194.500 -211.499
-1071.500 568.498
720.495 -978.504
-151.500 -1209.500
710.499 997.506
1085.500 581.502
658.502 -1043.500
457.503 1146.500
966.499 769.496
1233.500 -83.499
-670.497 -1038.500
-881.502 -876.496
876.500 883.499
-1241.490 -165.501
1225.500 270.497
948.506 -822.500
-667.495 1062.510
-1058.510 -675.499
-1196.500 381.500
999.505 764.492
1240.500 224.504
1206.500 -366.504
1164.500 496.503
-480.501 -1175.500
840.501 -976.506
-1286.500 45.498
527.492 -1176.510
-1196.500 -536.502
544.493 -1196.500
-948.500 908.497
-915.495 951.500
840.502 -1026.500
1050.490 -810.499
-1272.510 387.508
1081.500 -790.502
1126.500 -728.499
1314.500 272.498
627.500 1191.500
-632.497 -1205.500
1302.500 425.500
1130.500 -786.504
1377.500 -31.496
1161.500 743.494
1333.500 -363.498
1260.500 570.501
847.500 1093.490
-1381.500 -105.501
1300.500 -482.495
1173.340 -746.498
-1384.500 -137.507
-739.501 1180.500
-779.503 1154.500
1279.500 562.506
-860.500 1101.500
-1380.510 -289.505
-799.497 -1176.500
-1335.490 -501.497
1321.500 -540.502
1372.500 -404.501
1431.500 -45.498
911.500 1105.500
-1360.500 -467.502
-1092.490 964.508
1078.500 -985.499
-1250.500 -757.501
-884.499 -1166.500
-1104.500 -962.500
1370.500 -541.499
-1019.500 1063.500
1471.510 -102.500
1259.510 776.500
1483.500 38.503
1174.500 913.505
1441.500 -373.498
-1404.500 517.500
1248.500 850.495
1071.500 1065.500
-1106.500 1033.500
-1441.500 470.500
-1290.500 -809.501
1499.500 315.503
-1113.500 -1055.500
1386.500 658.500
1366.500 -709.490
1389.500 -666.504
-1426.500 582.500
1221.500 -944.507
1033.490 1146.500
-1086.500 1108.500
-1448.500 591.497
-1265.500 -921.498
1558.500 -160.496
1238.500 976.497
-1561.500 -240.498
1544.500 -350.502
1567.500 -227.496
1276.500 -942.502
1594.500 -258.505
1232.500 1046.500
-1514.500 566.502
1317.500 -942.503
1120.500 -1176.500
-1590.490 329.501
1494.490 -644.506
-1387.490 861.497
1390.500 -861.505
1558.500 498.506
-1157.500 1175.500
-1355.500 -946.500
-1508.490 -696.496
1473.500 -789.495
-1365.500 -981.498
-1219.510 1161.500
1343.490 -1032.490
1360.490 1032.500
1562.500 693.506
1523.490 791.499
-1482.500 -902.504
1568.500 802.493
1574.660 795.973
1405.500 1072.500
-1510.500 937.501
1604.500 -772.169
-1481.510 -1004.500
1593.500 -828.506
-1385.500 1183.490
1371.490 -1206.500
-1591.500 956.500
-1466.510 -1188.500
1559.490 1081.500
1472.490 1210.500
-1611.500 -1179.500
