0.493 -0.507
-77.494 25.502
94.496 9.494
80.497 95.492
27.505 -126.501
-124.502 -37.492
128.504 26.501
121.499 84.495
144.496 56.501
-88.494 -151.503
-108.503 -162.494
76.494 -181.503
214.496 -23.498
-91.500 206.497
240.503 -52.502
2.501 -260.497
-234.497 -127.500
-204.499 -218.509
304.494 -78.503
288.499 130.493
-325.494 46.508
-25.499 331.501
-148.492 297.499
280.501 -184.505
-201.501 270.498
219.497 266.494
-194.501 -292.494
-283.494 249.499
101.507 -370.499
-318.494 226.498
-254.496 302.500
361.498 -207.496
-402.498 -111.497
329.502 -274.495
319.849 -291.022
302.499 -309.501
-69.502 -444.494
-401.493 -208.502
-100.495 453.501
-290.492 -384.505
-419.499 -264.500
116.492 -522.501
-533.500 -120.500
441.503 -328.498
22.496 552.507
-549.498 -99.498
-220.502 -525.496
-95.501 561.499
367.499 -438.504
-148.500 558.496
331.506 503.506
609.504 -76.494
526.500 320.499
478.501 395.500
-272.497 -559.498
-332.502 -533.508
-639.504 -49.499
-355.501 537.501
-644.500 82.505
354.502 -551.495
-242.498 608.503
660.505 52.502
166.498 644.509
269.498 -614.500
598.502 -305.503
-533.501 408.503
297.507 606.503
634.499 251.497
-637.497 -262.499
-261.494 639.502
-361.500 629.497
-517.508 -511.493
-137.499 -719.498
629.498 378.498
-653.500 340.503
-650.498 -361.498
743.508 86.506
197.501 -730.501
659.505 -416.498
-685.169 -371.176
34.490 -785.501
-290.107 -730.682
70.498 -783.509
-287.398 -732.326
748.501 244.501
730.505 -348.503
561.499 610.499
541.504 629.505
-340.504 -758.500
-753.501 -363.498
122.506 -834.496
102.506 840.504
246.500 -811.501
537.501 683.503
821.501 -307.499
553.504 684.501
-792.504 392.499
-243.498 850.501
807.506 369.501
-127.899 879.623
-127.610 880.208
588.501 -674.500
-843.499 323.505
905.510 60.496
376.499 835.497
895.510 225.505
-27.499 922.505
401.508 832.501
481.498 -793.502
-879.498 -303.500
-861.498 375.503
-879.504 333.504
-919.497 -206.497
-749.503 607.505
-287.494 921.503
755.500 -603.505
-35.509 966.503
-969.496 -21.503
-214.495 948.504
426.501 896.501
46.504 996.500
799.501 -600.504
80.497 1007.500
934.501 387.498
-485.498 -887.506
794.507 636.498
918.500 -446.501
-589.496 -843.491
1029.500 -18.496
-90.506 1027.490
153.499 1020.500
-654.501 802.503
-1038.500 22.497
-575.503 -869.500
-929.501 -489.501
-783.499 699.496
855.496 612.498
771.503 -728.509
905.503 569.499
-468.500 -965.503
1073.500 27.500
489.504 966.499
-782.490 752.508
607.495 -903.500
103.508 1092.500
-780.498 782.498
871.508 690.505
-1105.500 -190.508
-1114.500 -155.490
-1043.500 -440.495
344.495 -1092.500
-1137.500 -144.507
-459.504 -1051.500
1119.500 -254.488
867.493 -754.495
-955.500 638.505
-1013.500 -556.496
631.497 -971.503
-1008.500 -575.511
-1123.230 298.770
-1128.980 294.865
-723.504 915.501
-1170.490 -39.504
1042.500 537.500
1148.490 -276.498
-759.500 909.507
312.503 -1146.490
647.501 -1003.500
1195.510 -130.505
1197.500 -153.502
589.503 -1055.500
-256.501 1180.500
-511.494 1103.500
-1195.510 -242.495
720.503 986.498
575.698 1080.940
-495.505 1122.500
-1225.500 130.495
1187.500 335.507
414.499 -1171.500
581.499 1097.500
1116.500 558.498
1028.490 713.502
-800.499 -970.499
-1188.500 424.500
1141.500 555.497
855.502 -943.503
1217.500 -374.497
1070.500 705.492
1168.500 528.505
-827.495 -980.500
-1281.500 164.492
-1272.510 278.500
-1270.500 307.498
1285.500 278.503
1058.500 -782.502
-873.500 -988.495
-1200.500 575.500
-1260.500 -435.502
-833.506 1047.500
-1248.490 484.503
796.503 1086.490
-923.501 -986.494
1348.490 152.501
1341.500 220.495
-1346.490 -185.505
-1062.500 -850.500
-1351.500 209.510
1256.490 547.504
1240.500 -590.500
-1375.500 -6.498
-1382.510 -30.495
1025.500 -930.505
-1368.500 -245.502
-783.498 1149.500
963.497 -1019.500
-1400.500 -130.499
-1265.500 -627.501
1138.500 845.505
957.492 1046.500
-1428.500 36.495
857.497 1149.500
922.505 -1099.500
-1391.500 372.501
1054.500 -1013.500
-1415.500 414.499
-1273.500 -760.499
-1066.500 -1043.500
1301.500 -731.494
-1021.500 1107.500
1444.500 491.506
-1517.500 165.499
-1232.500 901.507
1423.500 -572.504
-1104.500 -1085.500
1549.500 130.503
1348.510 779.498
-1558.500 76.503
1135.500 1084.500
-1480.500 527.501
1570.490 -236.497
1587.500 168.499
-1564.500 -313.505
-1582.500 217.501
-1265.500 -991.500
1605.490 -142.509
-1615.500 -85.500
-1576.490 391.498
-1319.500 -952.497
-1129.500 1175.500
-1474.510 719.501
-1397.500 -863.502
1571.500 -482.496
-1512.500 663.501
1154.500 1192.510
1602.500 -474.502
1613.500 -448.499
-1527.500 -706.504
1602.500 -558.501
-1327.500 1078.500
1582.490 -656.498
-1375.500 1043.500
1357.500 -1082.490
-1303.500 1157.500
1426.490 -1077.500
-1398.500 1124.490
-1470.490 1080.500
-1495.500 -1049.500
1459.500 1133.500
-1577.500 -974.499
-1556.500 -1013.500
-1493.500 1103.500
-1472.500 -1148.500
1468.500 -1204.500
-1494.500 -1210.490
1588.500 -1150.500
