0.502 -0.502
69.495 -3.495
77.500 57.501
71.505 -67.501
-80.505 -59.503
179.497 35.503
-150.504 -106.496
-117.501 150.489
257.351 -43.122
257.404 -43.022
-168.504 222.501
0.501 288.501
285.500 83.501
-104.502 -279.498
150.500 258.499
-166.504 -285.501
77.493 337.507
373.504 -22.495
-122.498 -356.502
343.497 -158.504
-381.504 84.500
338.501 -199.500
-339.500 197.494
-393.501 -61.505
292.500 285.501
-311.505 337.501
462.499 -50.496
379.492 -288.505
386.505 285.504
-404.501 -285.499
379.498 -336.497
-287.500 421.495
-499.498 -115.500
509.500 100.500
355.501 -425.501
-499.500 -241.499
-278.498 -481.499
108.503 -557.501
199.497 531.494
-127.501 -557.502
504.507 -279.508
-458.498 356.499
-566.498 143.501
-583.497 -117.502
-599.505 7.504
-16.501 599.496
47.504 610.501
-148.495 -597.500
-315.506 -536.506
-28.501 625.493
-418.503 -479.497
107.519 629.886
101.911 633.300
573.498 309.509
371.491 -545.502
670.492 -17.495
573.494 -349.498
-545.499 397.501
25.495 -686.504
-287.495 625.503
134.494 -676.498
1.495 695.497
-656.495 -241.504
-660.492 231.497
-329.497 -625.504
-223.498 673.498
-421.499 -590.502
-610.500 -422.506
742.497 63.500
-585.487 459.506
650.348 366.502
724.499 -186.111
724.500 -186.502
651.789 366.502
178.498 -737.493
137.502 -754.499
652.500 419.503
509.497 -588.503
-314.504 711.503
-511.500 591.503
-112.502 776.502
-724.503 -308.499
760.498 -227.502
508.494 619.499
-781.499 224.504
383.493 -727.504
-169.493 811.507
380.502 -758.502
-107.499 842.496
-712.496 473.504
-410.499 755.500
730.499 457.497
14.579 862.769
-390.504 -770.498
19.836 867.625
426.504 -762.498
43.495 874.494
774.503 451.498
835.501 -330.500
-813.505 391.499
-806.503 421.498
535.500 737.507
916.501 97.496
514.495 -768.504
865.500 -328.497
361.499 852.496
-54.504 -929.501
221.498 -907.498
678.501 657.499
906.498 306.499
-520.500 -803.497
-173.502 943.501
-499.491 -826.497
-112.500 -962.504
167.501 956.495
-297.498 -927.506
495.495 -851.502
793.500 585.501
953.495 286.506
-246.499 -973.506
428.501 912.502
504.497 877.502
-318.512 964.499
-337.495 959.493
952.497 371.499
31.503 1021.500
-1021.500 55.493
1021.500 -101.493
931.500 -453.501
-1007.500 244.501
697.501 -769.501
858.503 -584.500
675.505 -793.495
-708.502 767.502
497.498 -921.502
125.499 1040.500
-1030.500 197.505
-1020.500 -254.498
983.503 -382.492
490.502 939.494
846.494 651.495
-341.506 -1015.510
385.500 -1001.500
-702.495 -812.499
-1051.500 217.499
-1053.500 -246.500
-810.505 -722.500
-64.501 1083.510
-920.504 576.500
-84.504 -1084.500
983.500 -465.493
-1079.500 -141.497
-866.494 660.502
-955.501 526.500
-751.502 792.499
-318.499 -1054.500
694.498 868.500
-949.913 581.874
-950.499 583.096
797.493 -806.503
981.505 584.499
399.504 -1075.500
-9.507 1156.500
-679.500 -941.499
1137.500 236.497
-969.494 -643.506
1093.050 400.496
-684.356 -949.256
571.506 -1026.490
1136.500 -306.497
-386.500 -1124.500
-282.502 -1156.490
468.499 1094.490
405.496 1128.490
1198.500 -69.502
-253.506 -1175.500
1125.500 467.504
-333.499 -1181.500
1195.500 -296.502
-979.498 751.503
-1064.500 635.497
-584.505 -1096.490
1109.500 -575.504
1101.500 595.498
-1225.500 -268.498
-1249.510 120.499
612.502 1099.500
1248.500 -167.496
1111.500 -641.495
443.508 -1206.500
-500.506 1188.490
-1277.500 -211.503
1281.500 194.498
963.497 -882.501
-660.496 -1129.500
-1267.500 336.503
807.499 -1040.500
-842.497 -1023.510
-1318.500 -161.498
-1036.500 848.500
-855.180 -1036.090
-1103.500 773.504
769.502 1114.500
1207.500 617.500
-1310.500 346.500
-1035.510 884.496
-1162.490 -710.491
1348.500 -215.497
-822.490 1102.500
-1328.500 390.505
970.503 -991.506
-775.498 1149.490
-940.502 1025.490
961.496 1009.500
1227.500 -687.499
1342.490 -429.498
-741.500 1201.500
-767.501 -1193.500
1288.500 609.501
790.503 -1200.500
-1129.500 887.496
1317.500 576.494
-860.499 1180.500
1343.500 582.498
972.506 1103.510
1227.500 -830.496
-988.502 -1108.500
1323.500 694.497
-1498.500 21.501
1301.500 758.502
1339.500 690.494
-1475.500 317.505
1332.500 -714.497
-1289.500 -800.508
-1523.500 79.501
1292.500 -832.505
-1265.500 893.506
-1494.500 -437.502
-1283.500 -893.494
1367.510 775.500
-1285.500 908.507
-1086.500 -1150.500
-1549.500 -323.503
1370.500 817.499
-1308.500 913.494
1427.500 731.506
-1364.500 -868.503
1498.500 632.500
-1413.500 819.503
1421.500 823.497
-1407.500 -862.500
1221.500 1119.500
-1147.500 -1206.500
-1170.500 -1190.500
1464.510 -807.498
-1502.490 737.505
-1592.500 -535.499
-1527.500 -761.503
-1511.510 -849.498
1271.500 -1191.500
-1472.500 957.498
1432.510 1044.500
-1534.500 -898.498
1582.490 832.500
-1452.500 -1050.500
-1466.500 1073.510
-1445.500 1127.500
-1543.500 1004.500
-1544.500 1101.500
