0.503 -0.500
52.500 -18.495
83.499 24.501
-148.500 64.500
177.498 -36.496
181.494 38.498
165.505 -99.499
-186.498 -112.500
216.496 56.500
231.274 -22.846
233.479 -23.371
34.502 242.501
111.495 232.500
-147.430 -218.893
238.507 -147.495
-258.495 -136.508
35.501 -299.505
-277.501 -131.503
269.492 -178.500
18.498 325.500
-6.498 -353.506
-351.501 -44.503
-199.507 -297.498
169.499 -316.501
345.505 -185.500
74.497 385.502
-377.500 -121.505
-403.501 -130.497
7.503 -435.496
-11.498 447.507
-100.497 436.498
-432.503 134.504
433.505 147.506
-346.501 305.506
-72.503 -462.495
-352.497 -317.496
379.500 -301.501
468.505 -131.497
429.507 -231.496
-487.500 20.493
488.979 -26.500
17.503 -491.499
492.500 5.499
-492.502 87.502
442.501 -253.505
-492.499 -133.507
-198.509 -477.503
-453.500 257.498
-365.497 380.504
255.502 -469.504
466.500 262.505
-136.499 517.496
190.496 502.505
-518.497 -144.496
-262.508 -487.502
379.504 -412.495
-510.504 233.501
564.500 3.505
546.503 -178.494
327.510 472.497
-316.498 -490.501
-12.493 583.495
345.499 474.500
-478.331 -340.685
9.771 587.796
-478.910 -341.863
14.438 591.435
-423.498 415.489
106.508 -601.496
136.504 602.503
-311.499 -536.503
-140.489 -634.494
112.498 -644.503
200.504 -626.497
200.508 626.506
-496.504 -438.497
178.495 -641.502
549.499 -388.505
-337.500 -591.510
148.501 664.504
230.542 -652.293
634.504 -284.503
-386.506 577.504
-635.497 -284.504
650.499 -258.505
-559.501 422.496
-656.503 -253.500
-585.506 -395.509
-320.502 629.496
-445.503 557.501
-656.499 294.497
684.495 233.499
-220.508 -689.501
-555.500 -487.500
333.496 -668.495
-50.498 -747.501
42.502 754.501
385.509 -656.501
-740.491 181.500
-460.504 616.499
746.506 -209.503
725.501 274.492
-765.496 -149.501
505.490 -602.494
-439.501 -654.500
172.492 -775.508
356.504 713.501
445.494 662.504
-739.501 -301.982
269.496 758.493
153.495 -792.500
-657.501 -472.501
459.504 -681.501
-705.502 420.505
78.496 823.504
-56.670 828.696
-60.691 831.034
798.500 242.501
778.506 311.493
-738.507 -397.492
-662.502 -524.498
2.501 845.501
11.500 -846.496
-789.502 302.500
91.489 -843.501
67.504 851.497
202.499 -838.500
-781.500 -368.495
71.503 -862.501
340.507 802.502
861.503 -142.494
336.505 -816.497
-115.490 -877.504
94.495 -884.499
-684.501 -576.504
-493.499 755.496
620.503 -658.500
-739.497 -527.495
-645.493 640.500
-912.502 7.497
895.505 -182.501
513.500 -756.502
-916.501 -67.498
-145.501 -908.504
788.504 -476.502
-70.544 -924.249
-82.505 -927.497
659.509 -662.506
364.503 -868.490
-473.498 -819.497
-945.494 28.499
825.505 -464.496
-149.500 942.491
893.488 -346.502
-895.504 -341.500
964.507 35.499
736.504 625.497
352.505 -903.511
904.496 369.495
774.491 598.492
-528.507 -824.498
-739.505 -643.501
634.493 -751.496
984.503 -70.495
981.499 -120.500
-984.501 119.500
-467.502 874.502
821.506 -566.500
574.505 818.492
-895.502 445.505
-119.500 -995.498
-998.502 105.500
764.504 -655.494
-54.494 -1010.500
-563.498 -840.502
-847.496 -560.507
343.498 -957.499
1006.500 -165.498
-820.501 -617.496
-207.499 -1007.500
702.503 -755.501
-428.499 -941.501
-892.499 529.500
25.499 -1043.500
-1033.500 -142.510
-18.497 -1058.500
942.498 -489.501
-639.505 849.501
-1061.490 -66.499
-408.207 -984.334
-683.494 -817.501
441.098 -971.499
442.573 -971.497
-1051.500 177.500
-428.160 -980.578
-428.101 -981.032
519.505 -936.504
-409.146 -989.562
-907.496 -572.499
-272.500 -1038.500
-956.504 -486.500
90.497 -1073.500
-203.507 -1062.500
369.500 1020.500
1076.500 -162.499
796.506 -742.502
-70.499 -1086.500
1089.500 12.507
-504.504 -966.496
886.502 -639.503
-429.506 -1007.500
-1054.500 -328.507
-1003.490 -472.502
1111.490 -35.504
6.569 -1116.140
-41.507 -1115.500
8.348 -1118.350
1016.500 -470.503
141.499 -1119.510
628.498 -938.503
234.502 -1108.510
-153.501 -1122.500
1029.490 489.499
-9.500 1147.500
989.499 -587.502
-69.500 -1149.510
1069.490 -432.499
-1024.500 -537.496
923.499 -699.505
881.501 -755.500
-111.499 -1156.500
-27.502 -1162.500
1039.510 523.499
1139.500 -246.496
918.504 719.504
675.499 952.497
-329.497 -1125.510
1008.500 619.508
-128.499 -1177.500
408.506 1113.500
-810.502 869.499
-1063.500 -532.499
-735.496 -936.500
-1160.490 270.501
992.506 -663.504
-323.499 -1154.500
-147.499 -1190.500
77.499 1197.500
-826.500 -872.496
-760.496 934.497
884.499 -822.504
-771.498 -929.505
-408.500 -1139.510
646.498 1024.500
-1126.500 450.498
562.500 1078.490
1119.500 479.499
939.510 -781.498
-1208.500 186.496
-541.503 -1101.500
805.504 927.502
568.503 -1090.490
-893.497 -848.507
-860.504 -883.494
1196.490 -316.504
1135.500 -498.503
-1155.490 -449.495
-1232.490 158.501
1182.500 -390.502
-1062.500 -648.498
-941.497 -814.499
-672.499 -1050.510
-888.496 -885.501
-635.496 -1082.490
-1139.500 -542.499
498.506 -1160.510
-1226.500 301.498
-622.495 1104.500
1124.510 588.505
-906.506 -894.499
994.509 800.498
815.504 -986.501
-840.499 -965.501
-703.502 1069.500
1279.500 113.498
-497.507 -1186.500
1022.940 792.141
1022.590 793.314
-750.501 1078.490
934.503 -932.109
934.503 -932.498
755.497 -1084.500
-622.145 1164.880
-623.589 1165.000
-747.501 -1101.500
1248.500 463.500
-1044.500 -826.495
916.502 975.499
1124.500 728.501
1263.500 448.502
1104.960 -768.885
1043.500 849.499
-953.501 951.504
-1084.500 -813.497
841.505 -1064.500
1283.500 441.497
-1240.500 -561.502
-1309.500 375.502
1144.500 -748.502
1367.500 -24.496
1348.510 243.503
931.499 1008.500
1133.490 -776.499
-1102.510 -819.499
1040.500 -899.507
1333.500 -357.493
-838.507 -1099.500
-1300.490 -520.503
-1381.500 256.502
-940.510 -1046.500
-1306.020 -526.965
1284.500 -584.490
-1409.500 -80.503
-1048.510 -947.500
1384.500 287.492
-1032.500 -971.499
-1324.500 -514.506
-1188.500 -779.502
1298.130 -596.103
-1328.780 -523.457
-1076.500 950.497
-1136.490 -881.503
-1336.500 533.498
-1076.500 -958.498
-1360.500 -480.507
-1130.500 -899.498
925.495 -1113.500
1207.500 -799.497
-1436.490 177.503
807.491 1206.500
-1278.500 -693.497
-994.502 -1071.500
-1413.500 385.505
1448.510 258.498
1204.500 -850.502
-948.499 -1132.510
1426.500 389.500
-1254.510 796.497
1498.500 -44.502
-1397.510 -558.500
1506.500 -0.505
1414.500 520.497
-1181.500 935.494
-1313.500 744.495
1478.500 342.495
-946.500 1185.500
-972.501 -1170.510
-1288.900 -812.090
-1107.500 -1047.500
941.501 1203.500
-1295.250 -817.218
-1317.500 785.500
-1234.500 -921.494
-1539.490 58.499
-1040.500 -1140.500
-1287.500 864.496
1550.500 -89.501
-1363.500 742.505
1530.500 -295.499
1496.500 -445.504
1556.500 133.504
-1118.500 1091.500
-1548.500 -216.494
-1303.500 869.500
1469.490 -584.494
-1567.500 -205.500
-1265.500 950.502
1456.500 -625.497
1553.830 -329.395
1494.500 -544.500
-1093.050 1164.500
1564.670 -327.004
-1300.500 -931.503
-1273.510 -971.503
1550.500 -457.501
-1385.500 834.501
-1505.510 -601.495
-1301.500 987.503
1609.500 -288.501
1528.500 591.500
-1157.500 -1171.500
-1201.500 -1131.500
-1326.500 983.498
1181.500 1159.500
-1177.500 -1198.500
-1513.500 -735.508
-1578.490 -589.500
1334.510 -1030.500
-1519.500 746.500
-1341.500 -1057.500
1238.500 1187.500
-1412.500 -1007.500
1554.490 -797.507
-1476.500 943.499
1430.500 1029.500
1475.500 964.492
1473.500 1015.500
-1508.500 -1030.500
-1508.960 -1063.500
-1561.500 -992.506
-1527.170 -1053.760
-1444.500 -1168.500
-1528.810 -1056.150
-1592.490 -967.494
1502.500 -1173.500
