0.509 -0.492
7.503 85.504
8.502 122.499
95.502 153.501
43.497 203.500
175.500 -117.498
198.505 77.500
-28.506 -228.497
-246.500 -50.500
-224.499 152.500
78.500 260.510
240.496 -163.502
-280.635 -86.498
204.502 224.500
-64.497 323.511
-86.503 329.503
-226.501 -302.497
-327.492 225.500
-62.507 404.501
-264.509 320.502
392.497 -203.496
-446.499 137.506
-418.504 249.506
426.496 -255.501
-101.495 -502.498
419.502 -303.499
-339.502 391.498
-498.498 192.505
8.250 538.252
10.519 540.264
143.499 -522.503
324.502 -453.500
132.497 541.496
-84.500 -556.499
-456.502 -367.498
557.498 -184.496
551.499 203.497
-585.496 -55.494
503.501 324.488
522.508 315.495
-439.503 -423.502
482.505 -386.503
387.501 483.496
539.499 -314.497
11.502 -626.499
-373.498 -517.498
275.499 -579.496
-640.510 -8.499
-31.500 646.503
-648.502 109.501
-656.504 63.507
81.507 668.492
335.498 592.506
642.497 -232.500
-643.498 -229.508
-671.502 135.503
-223.496 653.500
486.501 495.507
-289.497 638.499
695.510 105.500
703.500 -55.490
283.496 647.497
543.502 -461.502
-152.500 -700.501
691.496 -242.497
530.498 508.500
507.498 -549.501
-165.505 737.504
-534.502 536.502
764.499 11.501
-530.494 -559.495
-284.500 718.494
76.503 -781.494
-785.498 49.503
525.503 -591.490
-502.504 -616.502
165.504 777.500
755.496 259.503
117.501 802.506
323.501 748.500
-659.503 479.499
820.502 -16.492
598.510 561.498
-61.502 -825.504
528.498 644.500
791.506 300.497
588.500 618.501
-631.503 -574.495
634.505 574.503
-456.501 -743.500
28.453 892.586
682.499 -590.504
363.503 825.493
31.497 901.499
804.496 -413.497
-94.496 -903.499
45.126 907.294
-642.499 663.501
711.495 -604.495
-232.499 914.491
-355.500 -875.493
589.500 -748.499
-526.501 795.502
54.499 -959.496
-736.511 615.501
-785.500 -564.497
552.505 802.505
765.502 612.504
23.499 980.492
351.501 -921.507
-161.502 984.497
-986.498 -157.499
-711.495 703.504
-665.501 -753.502
300.497 975.502
-695.503 751.502
-930.505 429.502
733.502 -724.501
-981.497 312.502
-655.501 -803.507
945.505 429.508
-506.507 918.495
-747.506 -737.498
-686.496 -813.500
758.498 755.505
654.494 -848.494
601.499 891.498
-461.500 976.505
752.504 -778.499
-531.500 -947.499
-1091.510 -53.504
-374.500 1026.500
743.499 818.501
979.504 540.494
-194.496 -1103.510
1068.500 -338.499
292.240 1084.390
292.249 1084.460
1107.500 -199.499
1105.500 239.496
-529.503 -999.499
881.504 716.498
850.508 -761.501
-1016.500 519.499
-1021.500 -525.496
551.498 1011.500
-1052.500 -470.503
-612.509 980.495
457.497 1085.500
-531.502 1056.500
580.845 1041.340
585.369 1039.550
-1191.510 62.504
919.498 762.503
1083.500 510.499
-41.502 1202.500
-143.495 1211.500
312.502 1180.500
908.499 821.504
242.502 -1204.490
436.495 1149.500
-1161.500 -407.501
780.499 -960.497
-740.509 996.496
1232.500 -175.501
-1217.500 305.495
1210.500 -352.505
680.500 1066.500
-872.493 919.495
-1264.500 -127.502
-1026.490 -758.501
1233.500 -348.495
-1281.500 -141.491
-1024.500 -783.495
957.498 871.504
1103.500 683.492
-1313.500 -43.497
-1090.500 -738.497
-908.502 956.504
-889.499 976.501
1036.490 -823.499
-953.502 916.499
-1289.500 307.503
-882.499 994.496
-1233.500 502.500
1088.510 775.496
1331.500 143.503
801.501 1076.500
1227.500 -553.499
1160.500 682.497
-639.507 1188.500
864.499 -1038.500
-886.499 1018.500
1288.500 -430.501
-1256.500 522.497
765.503 1126.500
-1058.500 863.490
-1153.490 752.501
1371.500 -143.504
692.507 1200.500
-1386.500 43.496
-1172.500 748.499
-866.497 -1090.490
790.500 1156.500
-1257.500 -623.500
-1394.500 166.498
-1395.490 -159.492
1395.500 207.500
956.499 1037.510
-969.503 -1028.500
1058.500 -940.495
1417.500 43.506
871.500 1128.500
1358.500 -451.508
1369.500 424.495
-808.504 1184.500
848.503 -1164.500
-1423.490 -250.500
-1438.490 180.500
1245.500 748.503
-1059.490 -1003.500
1427.500 411.499
1153.510 951.507
-1486.500 -169.504
-1461.500 -339.510
1235.490 -859.501
1388.500 581.499
-1484.500 -259.499
1258.500 831.503
-1507.500 38.497
1470.500 -377.494
-1240.500 873.505
1449.510 498.499
-1340.490 748.498
-1390.520 654.882
1540.500 52.508
1445.500 -537.510
-1370.500 711.503
-1394.500 664.498
-981.502 1197.500
1120.500 1074.500
-1422.500 -632.504
-1014.500 1189.500
1503.500 433.497
1477.500 578.498
1324.500 874.497
1540.500 383.508
1266.500 -959.496
-1170.510 1075.490
1312.500 916.502
-1262.500 1006.500
-1585.500 309.497
-1301.500 960.504
-1254.500 1041.500
1534.500 -560.493
-1288.490 1010.490
-1315.500 989.499
1483.500 -721.501
-1330.490 -1005.500
-1307.500 1063.500
1484.500 -812.502
-1366.500 1001.500
1413.500 937.498
1255.500 1163.500
-1236.500 1184.500
-1270.510 1153.500
1596.500 -678.497
1272.510 1185.500
1366.500 1083.500
-1471.500 951.499
1307.500 1168.500
1285.500 1202.500
-1497.500 925.496
1332.500 -1164.510
1520.500 927.502
1382.500 1141.500
1620.500 -859.501
1607.500 1009.500
-1526.500 1199.500
1552.500 -1193.510
1568.510 -1177.510
