0.502 -0.500
-43.501 -66.496
-44.499 140.506
174.499 -44.495
-90.502 -155.491
-190.500 -19.495
-45.497 -213.496
225.501 29.497
186.497 140.500
141.501 -186.499
-233.496 8.508
106.502 215.502
-43.048 236.734
215.174 162.155
218.712 160.539
93.503 273.496
195.503 -217.510
-283.490 -111.504
-290.873 112.395
-17.501 315.503
-5.501 -323.500
-304.495 109.504
-308.003 103.436
90.508 -323.501
201.498 -272.501
133.500 -315.503
-247.499 -238.500
305.501 171.498
349.501 -53.503
236.500 -264.500
-303.503 181.500
360.494 -111.496
-397.500 -118.503
321.502 283.497
-368.958 -225.850
359.502 -243.501
-370.753 -227.147
382.497 211.499
267.503 353.509
412.501 164.507
34.504 450.501
405.499 234.498
-234.497 406.496
469.497 -160.498
497.501 -69.507
94.506 -493.503
-274.499 426.505
-338.504 381.501
53.500 510.499
112.500 -503.496
475.496 200.506
-517.497 -16.493
505.500 -123.497
-105.494 510.499
-479.504 208.499
448.501 281.503
105.507 520.500
269.500 459.503
542.497 -30.501
382.500 404.503
545.494 113.498
112.504 549.501
-143.496 545.505
215.503 528.501
-460.503 -350.497
57.501 575.503
-557.499 155.497
-369.498 453.498
-432.499 403.496
-586.499 -88.498
-211.496 -562.500
-172.499 583.508
-335.501 -512.497
483.502 390.497
274.469 558.525
7.504 627.503
266.499 569.497
131.497 -619.495
-638.507 -19.503
-473.498 -432.499
552.506 -334.504
84.502 641.500
-495.510 -424.500
-336.509 561.497
565.497 331.502
369.498 -546.506
-655.501 -94.496
655.496 -131.501
333.499 -584.506
109.504 664.501
518.493 -436.495
-378.497 -567.498
687.498 124.505
667.500 -216.499
172.501 683.502
-331.494 -625.502
44.501 711.500
714.501 16.496
253.496 667.493
207.505 688.502
662.506 296.504
-679.505 274.504
-261.496 685.446
-53.502 740.506
647.500 -373.495
717.504 -222.500
-234.506 -716.509
222.041 724.989
236.656 725.163
380.501 668.498
614.500 463.499
188.501 751.493
-162.500 758.505
-426.500 -649.498
266.499 -735.495
377.498 689.506
717.497 332.497
693.503 382.498
-681.500 -413.501
-220.866 766.302
-218.500 771.502
613.498 519.504
-410.500 690.500
-373.497 714.500
803.507 -100.503
357.507 726.509
-772.500 241.498
793.493 -172.498
-432.500 -688.501
-747.495 -332.506
802.500 182.506
-281.509 773.501
-93.500 818.496
-208.506 798.503
-534.505 634.503
-191.503 809.494
-372.503 751.499
-133.503 831.501
820.743 204.033
-174.501 827.503
713.493 461.495
850.500 -32.498
-827.502 195.498
-578.499 623.500
827.499 210.498
70.499 850.496
-58.133 857.661
551.490 660.492
-59.675 859.846
861.501 -70.499
845.509 180.499
747.504 439.499
-106.497 862.501
162.502 856.506
-646.501 585.500
-869.508 84.496
-507.496 711.501
-215.503 861.496
-829.503 322.514
-666.494 -593.505
408.500 796.506
-732.505 516.498
24.503 896.495
894.506 102.507
-133.495 891.505
329.500 -840.504
-451.494 -781.502
556.497 724.501
-763.506 -505.499
662.496 -638.495
908.493 149.504
-82.498 916.502
-379.497 839.501
-38.499 928.498
936.498 -26.496
-925.500 -163.505
-641.502 688.496
264.500 -906.497
-570.506 752.503
-745.501 583.500
-386.500 866.495
382.491 -874.495
-264.502 920.503
-922.493 265.495
-611.503 741.510
-595.499 759.498
-282.506 -926.497
-116.506 965.502
-463.493 857.502
-856.493 -470.498
918.502 -339.495
-545.494 816.506
486.499 857.497
738.500 654.497
-605.500 784.502
834.505 542.502
-694.495 714.506
-180.499 983.503
-793.502 612.500
-333.497 947.490
-219.495 -984.493
-766.501 656.500
-268.495 974.501
-1013.500 -26.498
-911.505 453.501
-672.501 765.498
-901.501 477.499
854.496 563.498
903.497 -484.504
1025.510 -46.495
283.499 997.500
108.501 -1035.500
-64.500 -1041.500
379.759 979.037
-1050.500 65.498
995.498 -351.495
-934.499 495.503
972.504 -422.504
-142.500 1050.500
-130.535 1052.940
-1076.500 21.503
954.505 -502.501
1054.500 228.494
-596.492 899.504
-908.495 -586.500
799.506 730.504
666.502 855.497
-953.499 -520.502
39.496 1085.500
-1068.500 -205.506
-724.504 -812.494
-1048.500 298.496
989.499 462.501
-207.509 1072.510
299.505 1052.490
1096.500 13.498
1084.500 192.495
-491.495 986.497
-33.499 -1103.500
942.505 576.500
-472.149 1003.120
17.504 1109.500
850.501 714.493
191.500 -1095.500
462.499 1010.500
-471.213 1008.670
-175.497 1104.500
-1121.500 -60.505
-492.392 1012.000
-492.479 1012.450
1123.500 90.498
38.504 1129.500
-44.500 1130.500
1021.500 -489.498
315.506 1087.500
240.500 -1110.500
153.499 1128.500
-769.171 -849.454
1121.500 261.508
1130.630 219.224
753.507 870.498
1130.980 218.038
-690.503 921.501
870.497 -756.497
571.506 1003.500
1122.500 -278.499
-516.503 -1034.500
1073.500 430.503
-45.499 -1158.500
927.498 -697.494
821.503 820.495
-494.499 1052.490
1070.500 482.497
-965.497 667.503
-1079.500 474.497
-571.502 1031.500
78.493 -1180.490
294.499 1145.500
1026.510 589.495
1054.500 -540.502
106.505 1180.500
-1067.500 520.496
1166.490 234.496
973.493 696.505
744.497 945.494
-731.493 955.501
127.501 1198.510
-799.503 909.497
-1199.500 246.499
1137.490 456.503
1226.500 -68.496
-1193.500 316.504
1202.170 302.331
-1192.510 338.497
-1203.180 303.382
1236.500 -156.500
1209.650 301.777
1243.500 -204.499
-1228.500 285.496
656.503 -1096.510
-890.508 915.494
1222.500 379.496
-1078.500 688.505
-1136.500 -595.509
950.503 -864.499
-1156.500 -564.500
1290.500 107.495
486.496 1200.500
1137.500 631.501
-550.506 1185.500
1306.500 77.505
-1284.500 254.501
1260.500 402.502
-1155.510 -644.505
-1011.500 854.502
875.502 994.495
875.502 994.885
1325.500 -67.499
777.495 -1080.500
-608.501 1182.500
-748.499 -1104.500
-644.506 1167.500
-994.503 888.500
-1132.510 706.498
-811.512 1073.500
613.496 1199.500
1350.500 19.503
-1250.500 510.508
-1103.510 -784.503
1324.500 -303.504
-1153.500 -726.501
-1221.500 610.501
1062.500 -866.502
683.508 1191.500
-849.500 1082.500
1197.500 692.505
-1286.500 509.501
-1373.500 -223.503
-914.498 1049.510
909.501 -1056.500
-1001.500 972.501
853.498 1109.500
-1083.500 885.505
-1246.500 641.501
1337.490 469.504
-1051.500 950.498
989.504 1021.500
-1406.500 220.501
-773.741 1199.500
-1223.510 743.499
1411.500 246.504
783.502 1200.490
-1445.500 -120.499
1245.500 -751.502
-1304.500 -646.504
868.495 1181.510
-915.497 1146.500
1467.500 -74.506
-1206.490 837.499
-1193.510 861.506
920.498 1150.490
-949.503 1136.500
1361.500 -613.497
-1460.510 -338.499
-978.507 1135.500
-995.506 1127.500
1501.500 -160.499
1510.500 -26.509
-1337.500 700.495
1396.500 579.505
1492.510 260.501
1438.500 475.496
1234.500 879.504
-1357.500 680.503
1310.500 -781.496
-1170.500 979.501
-1110.500 1052.500
1344.500 740.500
1245.500 -898.496
-1473.510 431.499
-1245.500 901.498
-990.498 1176.490
-1535.500 127.493
1528.500 215.502
1263.500 -892.501
-1024.490 -1162.500
-1209.500 -979.499
1378.510 -729.497
1447.500 588.500
-1557.500 127.504
-1132.500 1078.510
1557.500 -196.492
-1159.490 1068.500
1167.500 1064.510
1527.510 414.504
1572.080 -189.767
1587.500 -22.503
1093.510 1154.640
1120.500 1145.500
-1514.500 538.498
1520.500 -555.496
-1597.500 255.495
-1569.500 413.505
1602.500 301.497
1188.500 1117.500
-1587.500 382.501
1141.500 1174.500
1591.500 400.507
1499.510 -668.498
-1558.500 515.503
1534.500 586.499
-1613.500 389.504
-1453.490 822.495
1550.500 626.496
-1155.500 1208.500
-1229.500 1134.500
-1619.500 440.493
1565.510 610.504
1493.490 -789.503
-1240.510 1153.500
-1609.500 582.498
-1405.500 980.507
-1478.490 877.502
-1359.500 1065.500
-1333.500 1115.500
-1614.500 686.495
-1399.500 1108.510
1548.500 907.497
1597.500 -827.497
-1594.500 -861.495
-1494.500 1034.500
-1574.960 982.502
-1598.010 991.230
-1597.180 993.340
-1585.500 1016.500
1538.500 1100.500
1606.500 1017.500
