0.498 -0.501
-32.503 -67.502
191.495 48.502
-188.499 -69.494
86.501 -186.496
169.500 123.505
-151.497 -170.492
228.495 -14.496
235.503 67.508
58.507 -246.500
236.505 150.494
-40.500 290.504
103.499 295.496
-33.502 -352.495
321.821 188.952
193.508 327.499
90.499 -370.502
271.497 268.494
-347.499 -173.497
331.495 205.500
-360.507 149.503
-280.502 275.497
327.494 -253.501
-298.498 -290.503
-172.497 381.504
-225.497 384.500
120.501 434.494
-454.500 6.508
157.497 433.495
485.502 -22.503
-226.500 429.490
-365.501 322.502
99.500 -488.497
-375.500 -339.495
457.497 -224.495
-18.500 508.503
344.500 392.503
-227.496 470.497
-389.500 352.494
-30.787 -527.351
-521.506 81.491
54.501 -528.493
-40.250 -535.222
-518.500 183.499
458.498 310.497
-513.499 226.504
185.501 -532.499
-570.501 38.499
-535.503 -213.507
-573.500 -81.509
-336.505 482.496
595.501 -59.498
3.500 -609.500
204.499 586.499
576.503 240.501
-534.502 -330.503
-529.499 340.504
635.502 -103.497
55.496 -647.496
-247.500 -603.503
261.502 604.495
-223.500 634.500
190.500 -661.492
-343.494 -599.493
626.500 -304.496
-517.500 -468.496
-682.496 -162.496
-635.498 -321.504
-442.498 -559.495
-718.500 10.500
-287.500 659.498
272.506 -668.497
-217.500 -691.499
161.505 -709.497
-732.503 76.500
488.504 -555.497
-727.494 -135.504
-426.497 619.502
688.500 -313.502
-711.500 259.498
-724.497 -257.507
696.505 -335.499
-721.504 -301.505
199.503 780.503
175.496 791.505
460.500 683.506
-318.501 769.496
-833.503 -19.497
-281.506 -792.494
-815.503 223.497
-519.508 675.499
210.506 -829.495
711.500 489.500
36.898 868.009
-844.503 205.500
867.500 -100.499
32.821 873.223
214.504 -858.491
-442.504 772.503
717.509 -532.496
483.504 -751.505
-265.505 861.499
-326.503 -864.498
39.500 924.501
-916.500 128.501
-311.498 -872.497
-742.499 -560.500
-589.499 -722.499
-800.489 -482.492
476.504 813.502
247.496 -912.492
376.494 870.496
-573.891 -762.811
-128.499 -948.505
-183.507 938.505
924.502 253.494
-578.505 -764.506
-949.500 -187.502
-541.499 803.499
-967.505 -64.492
52.499 969.505
-592.083 -772.165
805.501 -547.498
-923.346 317.350
347.502 -915.497
-790.500 576.491
947.496 -257.497
-477.498 -858.497
-704.497 683.502
-963.502 203.499
-718.508 674.495
-962.499 -234.499
-505.500 852.508
871.498 474.501
835.491 542.496
-683.501 726.493
-584.498 811.494
-929.503 372.501
801.505 609.498
-533.498 865.495
831.504 590.501
-589.502 834.498
1024.490 -83.504
-980.505 316.502
-372.499 961.498
-582.495 855.949
939.497 443.505
184.496 1030.500
-211.503 1026.500
-1033.500 -193.500
200.503 1041.510
1034.500 -261.498
-989.495 404.500
-1023.500 -316.500
-302.508 1030.490
1028.500 -321.503
-109.494 1071.500
916.503 -595.500
-966.495 507.504
-959.501 534.500
27.498 -1100.500
1057.500 -307.504
-96.501 1104.500
-1101.500 -150.508
-1051.500 364.498
-1013.500 -473.505
-1115.500 80.496
-1034.500 436.501
98.492 1121.500
1129.500 -50.496
-862.503 745.507
-805.504 -809.502
-1116.500 276.494
-1129.500 217.508
-823.500 813.503
438.500 -1074.510
-1161.500 72.491
-706.501 929.505
1161.500 159.509
-1120.500 342.501
-1084.510 456.495
1174.500 -102.499
-794.502 870.496
-1164.500 -183.493
27.502 1178.500
-257.498 1158.490
-1064.500 524.503
-32.501 1190.510
713.500 -956.502
-593.499 1036.500
1194.500 106.498
-920.492 -769.499
9.501 1200.500
722.494 965.505
-1176.500 263.502
-803.499 899.499
-901.503 802.507
-1003.490 -672.498
-1195.510 -179.502
-562.507 1071.500
967.503 728.495
250.493 1186.510
-1132.500 -446.508
-375.497 -1161.500
516.497 -1112.500
-320.501 1184.500
-437.492 1152.500
609.502 1074.500
-433.499 -1158.500
-1208.630 264.580
-1087.500 -597.500
-1213.500 273.495
-603.499 -1089.500
1039.500 688.495
-1257.500 4.505
-1251.500 -147.506
-1151.500 -518.500
-1244.500 220.512
-670.504 1072.500
-716.505 1043.490
-1214.500 386.499
1257.500 -221.496
-914.503 -894.504
-907.405 905.893
-911.978 906.236
-1098.500 671.503
-1147.500 584.507
993.499 -825.497
1294.500 23.495
1225.500 -432.501
-791.500 1035.500
-1305.500 -77.509
-987.500 864.492
-1313.500 73.500
-1114.500 701.503
1040.500 818.500
610.500 1175.500
-1215.500 527.502
-871.883 1003.370
-671.491 1147.500
1241.490 -482.500
-877.204 1004.800
-849.501 1029.500
-1321.500 -206.504
-1194.500 603.504
-1302.500 -325.496
-1276.500 -423.508
-960.499 943.505
-1256.500 489.499
-1292.500 -392.500
-1265.500 -473.505
689.505 1164.500
-1308.500 370.501
-1304.500 390.502
836.496 1077.500
-937.504 998.493
-1286.500 475.501
-1163.500 733.507
-784.499 1131.500
-1376.510 -57.501
-1348.490 311.496
-1374.500 -167.507
1291.310 505.460
1018.500 -942.499
-1016.510 948.496
-915.498 1047.500
-935.898 1035.970
-1174.500 757.508
-1180.330 749.177
-936.083 1038.550
-1118.500 851.507
-826.504 1146.500
-1303.500 550.502
1152.500 828.498
-1316.500 -542.498
-1336.710 501.032
-1334.500 511.500
-1349.500 477.500
-1430.500 -93.498
-1231.500 -736.499
1323.500 556.506
-922.506 -1104.510
1414.500 287.493
1406.500 -339.492
-1347.510 532.497
-1440.510 196.505
-1380.500 461.499
-870.503 1174.500
-977.501 -1098.500
-1290.500 703.502
1092.500 1005.510
-1421.500 431.509
-1389.500 549.501
-1426.500 497.501
-1468.490 364.504
-1069.500 -1073.500
1295.500 789.504
-1047.500 1100.500
-1520.490 -45.503
1200.500 959.506
-1521.500 -321.505
-1511.500 -374.500
-1435.500 -622.499
-1190.560 1022.020
-1529.500 378.496
-1211.500 1019.500
-1202.500 1046.500
1349.500 -855.497
-1540.500 458.498
1611.500 -124.500
-1614.500 -64.498
-1499.500 602.499
-1370.500 -858.492
-1264.500 1033.510
-1196.500 1117.510
-1163.500 1160.500
-1573.500 477.500
-1619.500 -308.510
-1598.500 439.499
-1529.500 670.502
1470.490 -832.497
-1234.500 -1186.500
1406.500 -1023.500
-1605.500 666.494
-1364.500 -1084.500
-1468.500 955.499
1420.490 1050.500
-1344.500 -1173.500
-1360.500 -1168.500
1451.500 1055.500
-1504.500 -980.510
1613.500 807.499
1604.500 850.496
-1607.500 856.499
1430.490 1151.510
-1604.510 903.503
-1564.490 1003.500
-1527.500 1106.500
1513.500 -1203.500
1600.500 -1101.490
