0.501 -0.502
79.498 -17.497
174.507 -64.502
-2.499 186.498
-8.500 208.499
-215.507 -13.498
-66.506 220.506
-233.500 -197.497
233.502 246.503
220.500 -270.498
298.500 182.496
326.496 194.507
-223.503 308.500
-36.496 -384.505
310.503 238.501
-41.500 416.507
231.501 -371.505
175.503 402.498
-432.504 -114.500
-354.505 287.506
457.496 73.499
465.499 27.501
-77.501 463.501
-373.504 -345.503
-512.497 19.497
319.500 408.502
-514.498 -105.502
-181.497 509.502
-544.497 -150.510
-226.504 -521.499
-502.498 -265.506
-296.504 -488.496
507.498 263.504
-499.500 -293.497
-469.501 -343.504
449.496 379.503
515.499 -298.510
415.501 432.493
-597.502 65.496
21.505 -628.505
-602.499 183.493
619.500 148.494
-646.498 28.507
-650.503 -88.506
615.503 -281.500
-441.494 539.491
543.502 -439.494
-630.496 312.505
-702.506 -49.500
-598.496 372.500
-735.788 32.652
-397.502 -631.501
-745.251 24.790
567.497 490.496
490.504 577.503
-428.502 625.494
-731.501 209.505
-475.504 609.507
-71.503 771.503
467.498 632.493
262.503 748.501
-304.502 -735.495
798.499 -48.496
290.493 -749.503
-132.501 -802.497
-331.918 746.363
-321.497 761.496
-423.501 713.497
801.500 -221.503
608.498 -584.501
686.503 -501.494
-415.503 -743.495
-495.500 692.503
174.507 -842.503
-696.506 -517.495
-179.500 -849.502
771.493 -400.500
812.497 331.499
-184.501 859.501
-720.500 506.504
295.507 -836.498
-682.507 575.503
888.502 140.490
554.496 -715.497
-38.498 -904.495
267.499 -870.500
204.495 -893.508
-379.496 836.502
-850.508 -375.496
614.499 -712.499
917.506 217.502
-938.497 -124.507
-854.505 407.507
821.497 -506.506
-526.509 -816.506
-970.493 -35.500
841.505 -488.498
-369.500 -902.498
296.501 941.502
875.498 484.502
-295.504 962.494
-33.498 -1009.500
854.502 538.499
234.502 982.503
-528.509 -861.497
982.496 -250.495
701.498 732.502
-485.507 -895.500
-459.503 911.494
82.494 1018.500
-291.501 -982.499
909.500 -476.495
672.509 -778.502
-893.495 518.496
-1010.500 -223.507
-811.500 -661.498
-159.496 -1035.500
-557.501 886.499
-306.503 -1003.490
1049.500 96.501
474.500 -941.498
-1020.500 290.503
986.505 422.506
-1076.500 -28.498
208.500 1058.500
-1043.490 -301.498
-487.502 -980.497
-1059.500 -293.502
1066.500 271.494
69.497 -1105.500
965.503 -552.497
208.496 1110.500
881.505 -716.496
-1108.500 242.501
1078.500 -361.501
790.503 -821.498
-491.500 1033.500
621.840 961.975
181.497 1135.510
-716.498 899.505
-1074.500 419.503
263.489 -1131.500
-532.503 1039.500
-341.498 -1125.500
-1186.500 16.499
-955.503 -710.497
1053.500 -564.498
656.499 1009.490
443.494 -1141.510
918.489 846.497
-801.500 -959.498
415.502 1185.500
1131.500 547.498
-1115.500 -578.495
-1227.500 -285.497
-1050.500 -707.497
-368.502 1211.490
1262.500 -123.500
-432.493 1199.500
-1273.490 114.501
-1098.490 -700.509
-1075.500 -740.499
-1179.500 -577.500
-1293.500 262.503
-683.501 1144.500
-863.501 1020.500
-1086.500 779.492
929.496 -963.499
-1334.060 -188.325
-991.507 913.499
-1294.500 390.499
-1340.590 -190.134
-1199.500 628.504
-1354.500 -146.500
-1358.500 -197.496
1281.490 -500.501
1290.500 503.504
827.498 -1113.500
-924.498 1032.500
946.501 -1015.500
-929.502 -1033.500
-711.509 -1195.500
1383.500 153.508
-1203.500 -706.504
1126.500 -841.498
-964.505 -1022.500
-923.499 1084.500
-1413.500 279.499
1227.510 -758.504
-1340.500 540.505
-1232.500 -757.500
937.499 1118.500
-1367.510 -513.498
-1116.500 -945.502
-925.494 1133.500
-1090.500 979.502
-1278.500 721.500
1225.500 -854.500
1348.500 648.496
-1338.500 677.499
-1119.500 1019.500
-1092.500 -1059.510
1264.500 -856.502
-1275.490 838.491
-1263.500 -862.505
-1225.500 -928.500
-1537.500 27.499
1156.490 1014.500
-1473.500 460.507
-1517.500 308.505
-1269.500 888.493
1427.500 -606.496
-1522.500 356.495
-1054.500 1164.490
1239.500 971.500
-1147.500 -1097.500
-1529.500 493.498
-1385.500 -818.498
-1610.500 114.502
-1607.500 -232.502
1372.500 -875.503
1454.500 -775.503
-1290.500 1025.500
-1521.500 661.509
1578.500 566.497
1601.500 521.499
1469.500 837.504
-1540.500 739.498
1550.500 750.509
1434.500 954.502
1478.500 897.496
1596.500 -736.493
1532.500 -903.505
-1394.500 -1118.500
-1517.500 954.499
-1539.500 -923.503
-1372.500 -1211.490
-1551.500 -1078.510
