0.497 -0.501
6.812 23.209
-21.497 -19.501
7.514 31.498
-6.505 47.493
49.500 10.504
-61.499 2.498
-40.495 53.498
-48.496 -53.500
25.499 71.498
71.504 28.502
48.495 -66.499
47.502 -85.493
97.498 70.503
119.501 -53.502
-74.499 -118.493
25.499 -144.499
-140.501 -51.505
-130.498 76.500
-121.503 -118.502
-167.503 -41.498
103.505 139.499
143.501 133.506
-179.504 -78.505
12.498 205.497
-161.500 127.499
138.497 -154.497
142.426 -159.896
203.505 -75.487
215.497 34.496
170.495 -156.500
-217.497 -98.507
121.499 -207.498
-214.497 108.502
221.495 98.496
218.495 -134.499
-202.503 -158.499
258.501 -42.496
-29.502 -260.498
261.495 25.497
169.501 220.499
107.498 259.504
92.392 269.425
152.499 243.497
217.499 -190.504
95.495 278.507
304.494 6.500
307.497 104.498
308.500 130.499
327.507 -72.499
-215.495 -279.500
-240.495 261.494
-211.898 -287.520
88.504 -349.503
362.499 -10.498
-232.499 -287.494
-296.226 231.393
-300.274 234.017
378.349 -59.925
-243.500 300.494
-304.506 -246.499
213.501 -329.500
125.501 372.503
-378.504 -112.502
-290.497 269.492
362.505 -174.495
251.502 -314.500
-154.499 373.501
-353.506 210.505
-238.499 -344.495
145.500 -405.497
-228.499 389.498
-431.503 -144.500
-458.493 89.505
-366.495 301.500
230.496 416.504
417.509 -236.507
58.503 -477.504
-465.501 -120.499
-56.501 -484.504
-14.492 487.497
-209.500 -441.499
27.503 489.504
469.499 -150.499
356.495 343.503
313.505 383.499
450.505 207.502
43.955 496.987
118.497 -486.497
-506.509 1.502
492.501 -128.503
-420.498 292.507
-398.502 323.505
30.498 514.502
20.497 -516.501
-276.501 -437.499
193.502 481.504
-216.497 479.494
-124.500 -512.503
-427.497 -324.501
-543.498 -8.500
240.501 491.503
286.620 472.670
290.051 473.002
-433.496 -353.497
-417.497 -374.501
378.500 414.505
-462.684 318.504
-337.498 -453.359
-337.844 -454.499
-464.504 323.502
174.493 -545.499
25.497 574.501
76.505 -577.502
583.502 -72.501
406.507 -429.502
499.267 318.462
-559.499 211.498
249.507 545.500
509.505 327.499
-414.496 -442.503
303.495 -529.495
-297.498 -532.506
227.501 -567.499
393.497 473.507
-421.494 450.497
143.493 601.491
125.492 -607.502
-253.504 566.497
44.496 619.504
253.498 -568.501
381.492 496.500
-216.498 -589.499
245.439 578.084
245.130 579.691
-391.506 495.497
521.498 -365.502
-354.503 528.505
520.494 373.506
-373.504 520.494
-334.494 -548.500
-522.496 372.502
300.649 567.807
-46.497 641.504
304.676 568.077
260.507 593.496
598.498 -254.500
-636.491 -139.499
-324.496 -567.501
-624.507 -228.506
-528.507 -406.497
370.502 -562.494
319.498 597.508
-537.512 414.384
-679.498 51.495
-14.500 683.507
-352.499 586.497
-682.500 84.496
-542.504 423.505
-638.500 -274.501
-399.505 569.506
625.496 -317.504
445.496 -545.501
-596.496 -377.503
-61.497 704.497
-416.492 -577.501
461.498 550.499
-672.492 -255.500
-486.502 530.504
368.502 619.500
-243.499 -689.499
-719.496 -126.496
-16.502 -732.495
160.500 -717.497
-94.492 -729.498
-570.506 464.502
442.506 -593.501
-731.184 -142.061
744.500 45.502
-714.499 218.500
-756.501 -52.499
-755.499 -106.500
596.504 479.499
277.507 715.498
587.499 498.495
-770.499 53.503
319.497 705.507
685.503 370.497
432.498 648.500
-0.504 -780.498
-88.498 779.491
589.498 519.935
784.501 -63.501
401.495 -680.501
-662.500 -429.496
358.496 705.503
-551.506 567.492
-716.499 339.497
646.500 -465.498
789.500 -107.499
179.497 -779.497
638.502 483.505
-800.501 14.497
-176.496 784.498
-673.498 439.497
-549.498 592.501
-682.498 -437.499
767.503 -263.496
-768.499 -301.498
198.498 -808.505
468.501 689.499
808.509 -211.499
634.497 543.504
-519.499 -661.499
139.501 829.501
-681.493 501.509
695.501 -485.501
-87.500 844.503
-736.494 430.503
663.500 539.501
-340.489 -785.503
789.503 342.508
39.495 862.497
-809.502 315.500
-602.503 -628.507
-647.499 584.500
545.498 681.502
789.503 -387.505
215.497 -854.504
327.502 -818.497
454.503 754.499
-878.501 -103.503
741.504 483.495
885.501 89.504
673.501 -587.497
-174.500 -877.500
395.496 804.507
-1.499 896.498
-325.502 841.497
-331.502 -843.499
-705.495 -583.504
-765.503 505.499
567.501 722.501
917.502 64.502
-401.496 -833.493
-3.498 925.502
-820.499 -432.500
-612.508 -701.505
686.501 -632.505
893.500 -276.488
-824.503 441.499
911.499 231.500
184.502 -924.496
-776.502 -533.496
-645.505 -687.501
439.496 -835.506
322.500 -890.502
390.884 862.321
-600.500 736.497
379.879 878.037
-953.496 -86.495
-936.500 199.499
-817.495 -512.509
962.493 -110.499
259.504 934.503
-954.499 -193.501
391.509 893.508
-771.501 602.499
-915.502 383.496
-830.500 544.502
857.492 -517.496
527.500 854.504
777.495 -643.505
-8.498 1009.500
868.502 518.493
21.709 1011.160
98.495 -1008.500
10.841 1014.360
924.501 420.498
1019.500 37.495
-797.503 634.506
-1024.500 -102.501
-532.506 -882.497
771.504 683.503
-205.502 1011.500
-159.501 -1021.500
-610.500 833.500
402.503 954.505
394.500 -964.500
504.498 911.494
390.496 971.494
644.507 -826.498
-133.493 -1043.500
311.504 1004.500
-1052.500 -102.500
295.500 1015.500
1031.500 249.500
-754.499 748.505
1043.500 207.506
-933.504 510.504
-980.506 414.506
-692.500 -810.498
1054.500 162.507
-1044.490 223.503
669.502 837.502
-1058.500 183.494
471.499 967.504
997.501 414.501
304.665 1037.480
-968.504 487.498
300.496 1042.500
-947.505 -541.507
9.501 1091.500
885.504 -641.500
902.502 623.501
-577.497 -941.495
-56.502 -1103.500
-738.500 -827.500
-149.504 -1102.500
-1075.500 -297.507
-1027.500 449.500
-688.496 886.496
1114.500 172.500
-22.504 1128.500
-690.499 -894.505
827.506 771.500
-145.496 1122.500
210.146 1117.880
-536.499 -1006.500
1053.500 -447.507
486.498 -1036.500
538.505 1010.500
-860.496 -756.496
196.503 1129.500
289.500 -1110.500
-297.500 1109.500
-485.504 -1043.510
718.499 -903.502
340.502 1103.510
-1033.500 -516.503
-905.500 -734.495
-80.500 1166.500
686.497 949.502
-618.495 994.506
-1029.490 559.502
-683.498 952.502
-1064.500 -495.503
485.501 1083.500
523.500 1071.510
-990.504 -664.512
777.494 907.499
684.496 980.510
-409.500 1124.510
-1046.500 581.506
-254.497 -1181.510
970.505 725.497
483.497 1117.500
-1209.500 -156.496
922.497 799.504
934.499 -787.504
-600.497 -1066.500
-909.503 829.498
377.500 1173.500
332.499 1187.500
-950.496 -787.501
1061.500 -631.492
-994.498 732.499
-764.499 -977.507
846.497 907.494
1208.500 -307.501
-812.503 -948.499
493.501 1148.500
-806.238 -955.787
474.497 1157.500
-330.498 -1211.500
-1248.500 -155.501
-1059.500 680.498
-1222.500 -316.498
1137.500 -567.496
584.503 -1133.500
-1284.500 66.502
1290.500 111.495
786.155 1033.460
-1282.490 205.499
-765.491 -1053.500
1259.500 347.509
-1291.500 -205.499
-904.501 -947.505
593.500 1171.500
796.498 1048.500
-1100.490 -723.503
-779.500 -1072.500
-1050.500 -809.502
655.497 1154.500
1278.500 -412.496
-818.499 -1065.490
1020.500 879.503
-1104.500 -771.502
-1209.510 595.501
-1346.500 -112.496
-1027.500 877.497
-1338.500 195.500
772.499 1112.500
-1082.500 823.500
1039.510 -879.496
-773.502 1121.490
707.499 -1172.500
-717.503 -1167.500
831.933 1092.350
-795.504 -1119.500
831.165 1093.160
1026.500 915.503
872.501 1065.500
771.496 1151.500
838.981 1103.500
-1345.500 -344.497
-1230.500 -644.503
-685.498 -1211.490
-1229.500 662.501
-1075.510 -893.496
915.494 -1069.500
-891.498 -1090.510
1396.500 -276.505
773.499 1197.490
867.500 1134.500
1418.500 -195.496
1228.610 737.111
1234.140 733.858
-1409.500 -271.504
1220.510 791.504
923.497 -1125.500
936.426 -1115.530
942.641 -1112.790
-922.499 1130.500
-1008.500 1060.500
1464.490 156.503
-863.496 1192.500
1446.500 311.500
1162.500 -916.498
1075.500 1022.500
1224.510 840.508
-1397.500 -506.498
-1044.500 -1061.500
887.501 1199.510
-1482.500 186.499
-921.499 1199.500
-1354.500 675.505
-1435.500 489.506
-1203.500 -928.499
-994.500 -1153.510
938.503 1200.500
1493.500 321.499
-1527.500 98.498
1119.510 1049.500
-1522.510 203.506
-1536.500 -12.503
1144.500 1035.500
-1256.500 -900.494
1088.500 1112.500
-1465.500 -540.501
-1520.500 -361.500
990.507 1210.500
1129.500 1084.500
-1568.500 18.495
1277.500 -914.507
-1488.500 -518.502
-1268.500 -937.491
-1149.500 -1088.500
1417.490 706.503
1569.500 216.502
-1470.490 -589.503
-1422.510 -708.506
1509.510 500.507
1475.500 -601.494
1151.500 1100.510
1238.490 1009.500
1598.490 -17.503
-1322.510 910.500
1138.510 1133.500
1449.500 703.501
1069.500 1209.500
-1295.410 -971.250
-1303.880 -965.901
-1358.500 -889.498
1581.490 -389.496
1563.500 -464.505
-1325.460 -970.596
-1325.110 -971.572
-1563.510 -542.505
-1375.500 -923.501
1363.500 954.503
1577.500 539.499
-1331.490 -1003.490
-1522.500 700.511
1339.500 -1014.500
-1474.490 -815.495
-1400.500 936.498
1379.500 971.502
-1335.610 -1037.030
-1473.500 -851.501
-1593.500 -601.494
-1290.490 -1115.510
1287.500 -1136.500
-1608.490 -600.495
1521.020 -813.277
1529.500 -804.496
-1314.510 -1174.500
-1424.500 1050.500
-1511.510 965.496
1401.510 1137.500
-1614.500 -817.110
-1614.500 -817.499
-1600.500 865.500
-1586.500 -901.501
1598.510 -900.497
-1527.500 1130.500
-1542.500 -1181.500
