0.501 -0.491
-26.499 -66.504
-86.495 0.496
6.498 135.500
136.499 -10.503
134.501 98.498
-83.502 147.502
220.500 4.497
155.496 161.498
167.147 153.662
-261.500 48.492
171.719 -211.498
173.109 -211.499
-70.506 276.499
-244.497 -170.504
301.500 13.500
-298.506 114.505
-246.495 238.503
200.500 -281.489
-311.503 -194.506
-310.506 205.506
169.501 335.504
390.500 82.494
-343.502 223.497
-406.503 -87.501
378.489 -195.501
-11.500 427.494
-152.501 404.504
11.501 435.506
-337.499 -306.501
-451.492 -90.498
-255.500 -385.500
-83.494 -455.499
-238.496 -406.496
-35.500 -472.508
168.499 443.500
-168.507 450.503
224.498 -434.497
-469.498 -139.500
-165.504 -470.497
514.493 -50.501
523.500 -95.497
-375.503 -394.491
-345.498 420.506
-28.505 552.503
-93.500 548.498
-311.501 -467.503
200.494 -529.493
-141.502 -562.503
-356.499 -461.497
-98.500 -579.499
-89.550 -591.797
-613.498 -4.499
-326.504 -525.499
596.504 221.498
-587.493 -264.501
-646.501 -17.496
-646.506 38.503
630.496 167.498
374.499 -547.495
-431.505 -503.501
-606.500 277.502
529.502 425.506
407.501 -544.498
442.501 -519.500
537.503 -450.499
-692.496 -145.501
-107.496 -703.494
201.505 -691.506
-650.495 -320.496
-663.502 -302.501
-598.497 427.500
457.499 -580.498
619.501 -410.500
-740.498 117.500
607.497 -444.503
761.504 -20.501
-633.502 -423.494
-730.492 -230.504
101.498 760.494
94.505 -772.499
-767.503 -138.495
-680.501 -386.501
343.502 -712.495
120.500 -792.503
-299.497 -752.506
473.498 -663.496
-507.500 -639.492
51.506 814.499
740.497 346.498
-820.501 46.499
-140.501 -812.509
819.500 101.501
-490.501 -675.493
576.498 -606.498
188.500 -817.497
-822.498 164.495
-157.496 -825.504
-260.500 808.505
129.495 850.496
531.501 -679.489
218.500 836.494
-781.489 -388.497
-420.505 -767.496
350.501 804.498
-833.500 278.503
-123.499 878.496
577.500 674.497
-873.502 -158.504
428.502 -783.500
590.497 -672.504
-194.505 -877.499
713.502 548.499
-846.501 308.503
247.499 -879.499
857.505 315.502
-229.498 -889.499
-786.504 473.506
538.495 -751.506
-679.508 -641.504
477.503 -805.498
-104.500 929.498
-477.498 -805.495
-818.503 -458.495
932.500 -166.497
-647.503 -694.501
-917.496 -260.503
637.501 -718.505
931.500 -237.493
-523.502 -809.508
-489.503 -831.497
-554.503 -797.507
-786.500 574.502
640.503 -742.495
-691.499 707.504
544.503 -828.495
-817.499 -561.505
-441.503 -888.498
-517.499 -850.498
958.507 -272.497
-943.493 327.494
316.500 -949.500
994.491 164.498
-866.501 -522.501
-43.501 -1016.500
859.498 -551.493
-209.499 -1000.500
105.498 1016.500
-1015.510 118.503
-474.503 914.503
-945.493 -411.503
-385.498 -959.508
663.495 794.493
-698.498 767.505
-1001.490 277.502
291.489 999.504
-834.502 625.499
927.501 490.498
-525.604 907.750
-525.586 907.855
-877.801 579.152
-878.747 579.439
-1054.500 -62.505
-994.499 -357.502
604.500 868.497
-926.501 -512.499
-549.497 -906.499
-444.494 -962.501
-248.497 -1034.500
455.498 964.497
708.508 -799.496
1065.510 79.496
1055.500 172.500
-156.496 -1058.500
-1063.490 -110.496
871.495 620.501
267.499 -1039.500
-480.501 -963.505
-268.503 -1043.500
-623.501 -878.502
800.505 -727.503
-1076.500 96.505
-922.499 -565.501
-853.499 -665.503
-1085.500 47.499
-775.498 764.499
-673.502 861.498
-969.501 -512.506
1072.500 -242.504
811.492 -746.497
94.502 1100.500
1056.500 -352.506
154.499 -1103.500
-1113.530 -21.049
-1114.500 -4.499
-1105.500 152.491
-914.503 644.494
-79.498 -1120.490
-1127.500 -29.500
-889.494 -701.493
-401.499 1060.500
-905.502 -685.498
320.505 -1090.500
-942.508 637.498
-546.501 -1000.490
955.502 -632.500
657.497 -941.498
223.496 1128.500
-1023.510 -529.496
-463.492 -1057.500
-380.509 1091.500
827.493 809.501
-140.501 -1152.500
-134.496 1157.500
-182.504 1151.500
-1133.500 -311.498
546.499 -1042.500
-1067.510 -495.498
1166.500 201.495
-679.503 -969.497
751.503 916.500
873.497 -808.500
-1174.500 -198.499
-1106.500 453.503
978.501 -692.503
356.508 1150.500
-437.500 -1123.500
166.498 1193.500
-975.498 723.506
250.499 -1190.500
-1212.490 127.494
533.498 -1098.490
364.494 -1167.500
1214.500 -171.503
-453.505 -1141.500
-1232.500 -97.499
-796.502 -952.501
-673.494 1043.500
-939.508 816.495
-1219.500 -267.495
796.501 970.494
-1124.490 -569.502
-1259.910 51.380
-1260.190 51.987
633.492 -1097.500
-478.499 1177.500
596.501 -1131.510
-574.503 -1147.500
-855.499 -958.498
-1191.500 -481.496
-612.501 1133.500
-1170.490 -539.501
-933.497 888.498
-1001.500 815.496
457.501 1211.500
-691.494 -1100.500
1290.500 -161.496
977.499 -860.495
-680.521 -1110.250
674.498 -1115.510
1188.500 -546.491
-1280.500 310.501
-1181.500 -584.501
-626.497 1159.500
742.503 -1090.510
1022.500 833.499
723.502 -1107.500
-1149.500 -656.498
-1318.490 134.501
957.507 -919.495
950.501 930.502
1274.500 405.497
-1108.500 -748.495
-713.506 -1132.500
-1045.500 835.496
987.505 905.500
-1157.500 678.503
-865.053 -1028.680
-865.162 -1029.120
-1288.510 -391.495
-1216.500 581.497
986.500 -923.499
-835.492 -1074.500
-1362.500 59.501
1141.500 754.494
-1380.500 69.500
-1385.500 17.502
-1203.490 -687.494
991.500 969.495
932.498 -1027.500
-1325.500 -447.501
1021.500 965.502
-850.505 1123.500
1340.500 -442.502
-1332.500 462.495
-1373.500 322.498
-1175.500 -784.494
-1242.500 -683.501
1221.510 723.498
-1349.500 -479.501
-1435.500 -15.505
-1012.500 -1023.510
-1433.500 138.499
-1390.500 -394.499
-1295.500 -641.496
1447.500 4.503
-1383.500 430.503
-1355.500 517.496
1013.500 -1054.500
-929.498 -1138.500
1475.500 -110.503
1178.490 -895.503
-1484.500 -48.500
1022.500 -1081.500
-1469.500 -290.497
-1426.500 464.501
1465.500 336.499
-1230.510 -873.510
-1453.500 469.498
1525.490 -236.501
-1064.500 -1119.500
-1399.490 -655.508
-1515.510 317.502
1267.490 -896.497
-1163.500 -1045.510
-1540.500 -271.502
-1049.510 -1168.490
-1259.500 -946.507
-1548.500 346.495
-1492.500 -543.494
-1472.490 -639.495
-1199.490 -1084.500
-1317.500 -946.492
1383.500 -880.506
-1256.500 -1058.510
1179.490 1154.490
1467.500 -772.498
1516.500 -678.499
-1527.500 -665.495
1618.490 -404.501
-1208.510 1149.500
1281.500 1090.500
1459.500 841.506
1620.500 -486.499
1259.500 -1134.510
1528.510 -753.506
-1529.500 761.494
1368.500 -1029.500
1390.500 -1051.490
1552.500 -800.505
-1416.500 -1050.500
1592.500 792.495
-1471.500 1017.510
-1611.490 -809.506
1483.500 1026.490
1475.500 1127.500
-1608.500 934.507
1482.500 -1133.500
1576.500 -1187.500
