0.504 -0.496
-49.495 -29.503
-52.496 -82.492
30.509 137.502
86.502 -116.498
-93.500 -112.511
169.498 12.500
-188.490 13.500
-189.507 -45.493
165.503 121.503
82.496 -199.495
-86.501 213.500
-19.512 235.496
127.506 -214.502
229.503 -113.495
206.499 -179.497
-215.505 -174.496
-105.495 265.508
284.501 -57.501
-79.502 282.501
-47.499 -293.496
286.494 -95.500
-188.498 242.503
-294.500 118.496
280.495 154.500
-29.500 319.497
174.493 290.498
301.223 170.435
33.503 -346.498
319.499 143.495
349.502 61.496
90.502 343.497
309.501 176.497
-358.493 54.497
362.499 -66.501
-277.774 249.772
-279.426 251.452
-151.502 348.501
-339.498 -172.491
370.497 103.507
231.502 313.503
-371.498 -119.500
-311.494 235.494
-98.496 -386.501
-376.497 -174.516
24.502 418.501
-419.507 -78.504
219.506 366.501
438.505 -101.499
288.497 -357.506
-69.500 453.495
-190.496 428.497
161.502 459.497
278.490 408.501
-452.503 -205.502
-376.506 327.501
252.499 437.499
511.493 -57.509
355.506 -379.495
514.503 149.498
-496.507 -205.500
-263.500 -469.504
170.504 514.494
-378.499 387.504
-525.502 133.498
533.502 110.501
321.501 -442.495
247.493 -489.495
549.502 8.501
-168.505 532.504
480.502 -331.500
-305.500 -500.505
-583.495 75.502
290.496 -514.500
578.999 125.530
578.776 127.767
-1.503 -600.499
579.501 167.504
-544.501 284.502
377.489 488.500
-614.507 -71.490
352.496 -511.499
-594.497 -189.499
612.500 134.502
609.504 -155.504
500.497 380.510
-510.495 -387.506
-142.774 624.975
399.508 503.500
601.497 -237.499
-526.505 -374.503
-207.500 613.505
-524.044 380.735
-649.499 -4.502
568.493 333.498
-150.504 642.601
598.502 -281.495
-482.501 454.502
372.496 -563.494
139.499 664.504
657.932 189.353
661.049 188.650
311.501 615.503
575.496 383.500
480.499 497.496
696.499 -4.494
704.497 -35.508
-403.496 577.496
-318.503 630.497
-20.503 711.493
693.500 -170.499
629.501 345.495
-512.501 -505.502
-305.504 658.499
230.496 -692.512
687.502 257.504
-19.500 733.501
-372.496 633.501
730.500 -94.500
156.500 724.501
556.502 491.507
-727.507 152.499
-400.499 -638.506
649.496 -384.501
-143.504 741.499
167.500 -739.501
724.499 270.500
423.501 647.501
381.493 674.495
-31.494 775.500
-356.498 697.497
-767.502 190.498
-184.496 773.501
529.494 603.503
-220.498 777.504
-150.312 802.779
-315.504 757.497
-162.966 805.482
-286.495 774.497
823.506 100.498
-358.495 -749.496
31.498 830.498
-830.504 -58.501
661.506 507.494
811.498 -199.500
-843.501 78.500
-313.508 -789.500
-534.496 671.502
-396.497 761.497
801.502 317.505
-191.499 840.495
418.499 754.498
-807.500 308.502
855.510 -163.493
824.500 -282.494
283.497 824.497
220.501 -850.500
-822.503 308.498
116.507 871.501
-828.966 301.821
-807.503 381.494
365.496 818.510
892.500 98.500
-342.502 836.504
724.492 551.503
-689.503 596.512
-566.501 716.501
914.500 51.502
-435.498 -805.500
625.501 -671.502
320.498 -865.503
864.681 -323.431
500.502 -782.510
873.976 -320.855
920.497 -172.500
887.498 303.499
-856.495 -394.492
-957.089 -22.246
-727.498 626.503
871.502 406.498
-589.497 762.499
-964.225 -25.324
372.501 892.501
-196.499 951.499
-967.499 94.500
949.497 230.503
551.503 -816.502
990.502 20.501
-436.500 891.507
618.500 -778.500
990.499 116.504
768.502 -639.496
915.499 403.327
-804.507 596.501
1000.500 -136.500
-288.509 969.544
223.504 991.504
38.284 1016.570
999.493 206.503
857.501 563.501
1026.500 5.497
474.499 -915.498
-978.496 -322.503
22.501 -1031.500
122.497 1025.500
148.499 -1024.500
498.499 906.497
491.498 -911.497
498.499 906.887
731.498 -737.498
-92.501 -1034.490
986.502 385.500
-910.503 -545.491
-50.507 1060.500
790.503 715.496
-823.499 677.499
1011.500 -358.497
1077.500 -74.501
-326.500 1028.500
1008.500 -388.497
-461.498 980.501
-544.504 938.504
1085.500 74.501
604.501 905.495
-996.504 -438.500
1006.500 417.503
-991.500 450.500
-1082.500 -133.497
1016.210 400.912
-417.602 1010.670
-766.497 781.501
-420.322 1015.280
704.497 -845.497
-616.499 -911.502
-1036.500 -371.498
-1078.500 224.499
-901.495 641.497
-662.519 888.970
-24.496 1109.510
1085.490 249.501
-498.503 -1001.500
-544.507 -980.505
-500.493 1005.500
1127.500 51.505
-465.502 1028.500
-1112.490 -215.498
-604.412 961.200
501.497 1021.500
-600.498 966.499
-2.499 1140.500
-383.498 1077.500
-564.507 997.495
-543.502 1012.500
-585.495 990.503
-1135.500 -203.497
1154.500 53.500
-430.503 1077.490
1103.500 371.496
-1088.490 412.500
-488.504 1065.500
1110.500 -398.502
-1169.500 164.503
-159.499 -1173.490
767.498 902.501
783.506 -891.500
568.499 1042.500
-666.499 984.502
-1104.500 -447.503
-794.503 -896.508
362.507 1143.500
-11.493 1203.500
-579.504 1057.500
1207.500 20.503
300.493 1169.500
528.498 1086.490
-12.499 -1211.490
-33.499 -1211.500
455.500 1125.500
182.502 1205.490
-1118.500 -486.494
-456.500 1136.500
-775.503 949.496
1233.500 -24.505
794.499 946.502
-775.500 -962.500
720.031 1004.630
741.507 989.500
-1213.500 248.499
1200.500 313.500
1043.500 -672.500
-820.499 934.501
-674.502 -1051.500
1216.500 288.497
-767.502 986.508
-946.505 -819.507
1056.510 672.493
-1003.500 -751.502
1250.500 -123.500
1248.500 -158.493
-1247.500 172.498
765.496 1011.500
591.501 1127.500
1182.500 -476.503
1036.500 -747.501
-519.503 1172.500
-431.501 -1209.500
1280.500 130.500
-618.500 1131.500
-798.496 -1014.500
1276.500 209.500
-1158.510 -579.505
1294.500 73.503
1257.500 321.498
1042.510 -778.502
1297.500 -113.500
1003.500 -846.502
1031.810 -816.133
1044.500 -804.500
-757.497 1080.500
671.499 1141.500
-966.502 909.502
1148.500 -668.501
-1200.500 567.497
1264.510 -420.502
585.504 1200.510
-612.498 1189.510
1132.490 717.506
1182.490 -637.503
-759.499 1110.510
-921.502 982.498
-1341.500 -157.506
1231.500 559.503
-757.503 -1121.500
1123.500 759.497
-686.502 1178.500
-1016.500 909.502
1364.490 47.497
1083.490 849.503
1090.500 -874.492
-1400.500 -59.499
-1360.490 -348.502
-843.504 1122.500
1330.500 -480.499
-1100.500 887.501
1147.510 -841.495
1068.500 -942.501
-1313.500 555.504
-982.490 1042.510
1448.510 -18.501
-941.495 1103.500
-1009.500 1057.500
-1074.490 995.501
-1029.500 1042.500
-1211.500 837.497
-1453.500 -239.501
977.338 1108.970
-1385.490 519.499
1336.500 637.504
1258.500 -781.502
-1014.500 1086.500
972.501 1125.500
1317.500 -706.502
1491.500 -180.505
1096.500 1031.500
-953.497 -1169.500
-1361.490 655.497
-1456.500 410.496
-1212.500 912.503
-1279.500 -830.499
1518.500 -152.500
-1128.500 1036.500
1365.500 -703.503
1513.490 269.497
-1092.500 1085.500
-981.504 1204.500
1131.500 1066.510
1484.500 466.495
-1555.500 -184.501
1288.500 892.496
1260.510 936.500
1566.500 -136.502
1232.500 977.509
-1221.510 995.499
-1471.500 -569.499
-1572.490 157.496
-1261.500 956.501
1310.500 916.500
-1481.510 618.493
1246.500 -1017.500
1176.500 1097.510
1431.500 749.506
1616.500 112.493
1500.500 616.498
1296.500 996.497
-1528.350 -601.275
1452.500 769.495
-1529.820 -600.894
-1413.500 841.501
-1430.500 818.495
1597.500 -423.505
1494.500 757.498
1590.500 -531.505
-1449.500 869.491
1619.500 -517.500
1237.500 1194.500
1276.500 1165.490
1483.500 -909.500
1605.500 695.502
-1557.510 -871.495
-1450.500 1064.500
1485.490 -1075.500
1504.500 -1081.500
-1600.500 933.500
-1486.500 -1146.510
1555.500 1054.500
-1579.510 1120.510
