0.499 -0.501
26.500 -23.505
-53.498 48.503
29.498 85.492
95.506 21.503
-58.501 97.501
45.503 -107.503
122.495 -10.494
144.504 -16.497
-37.507 -143.498
-117.498 120.498
63.500 163.501
178.501 -59.500
-115.505 -153.492
29.501 199.499
-168.501 -128.500
186.498 -105.496
146.498 175.501
171.501 -195.506
-258.508 -31.497
261.498 -36.500
-218.494 -149.501
266.500 16.502
-264.503 31.494
-262.502 61.498
159.501 -224.505
-2.498 283.497
210.499 -197.496
286.496 85.500
262.506 171.507
308.500 -76.497
256.498 197.490
-232.494 -228.500
-314.506 -91.494
-71.506 324.501
195.500 277.505
-200.025 -275.502
-152.496 306.493
104.502 326.501
-234.190 251.806
-209.323 -275.497
-236.110 253.170
-92.498 -343.503
303.495 187.501
133.505 330.501
-189.498 306.505
-294.503 216.504
51.504 365.335
130.501 348.501
15.504 382.496
-104.497 -369.493
354.498 -154.498
-387.501 -53.500
-328.495 219.018
-328.262 220.214
-21.499 -402.504
-315.496 257.501
-392.499 118.497
-375.505 219.500
-420.501 -127.500
-448.504 67.505
341.506 -301.505
-215.496 407.500
-380.493 262.497
369.502 -283.497
97.501 -455.499
-436.495 -168.502
15.502 -486.513
482.503 71.498
409.502 -281.500
-273.494 417.504
-421.511 -278.494
513.499 -86.500
-251.499 461.507
49.496 529.498
350.498 401.502
-532.501 47.498
133.498 -521.499
504.503 -196.501
543.505 -71.500
458.503 -327.498
-136.498 546.500
-68.504 564.500
515.497 245.500
561.503 -105.499
-321.498 485.499
-564.500 -183.495
-533.496 265.499
516.495 -303.503
-595.495 104.501
245.505 557.494
591.760 -152.822
-566.490 232.500
-235.496 569.497
-31.505 -627.495
453.497 435.492
353.495 -527.497
-157.500 -630.503
-68.499 -647.500
319.493 571.506
-569.510 322.501
-389.506 -542.503
651.506 150.504
-569.499 357.507
567.502 366.507
-304.502 602.488
-584.503 352.497
-669.498 138.497
-679.499 101.502
323.494 611.493
38.494 690.502
318.499 -616.502
-604.502 345.499
344.496 -610.499
666.501 216.500
58.503 -713.500
652.495 -304.501
-186.504 -696.494
-225.504 684.502
98.509 -720.498
-701.501 -195.500
734.498 -5.507
-377.494 639.502
554.495 500.498
-189.497 -724.498
-743.505 101.503
-403.498 633.496
-532.499 -539.495
757.494 -82.502
-9.501 -767.499
575.501 510.499
552.495 -536.503
-453.501 -624.498
-195.503 -747.504
318.500 704.498
602.503 487.504
664.501 400.506
-762.502 -154.503
702.501 343.499
-210.508 -756.498
775.491 137.498
358.502 -703.506
-788.492 43.495
-524.504 594.504
-756.498 -246.496
-602.494 519.502
-763.502 245.496
799.502 -92.504
768.495 249.500
-119.499 -799.499
-747.492 -322.501
-732.503 354.500
-243.505 -778.499
-309.499 767.504
804.504 198.500
488.500 669.500
-597.499 575.500
540.501 -633.493
-541.500 631.502
-743.503 -377.501
-176.495 -818.496
-667.506 517.499
512.501 682.498
-571.504 -638.498
480.503 717.498
704.500 -506.507
-811.499 -308.505
75.501 869.499
-341.500 809.494
512.500 -718.494
-881.504 33.495
-511.504 -719.496
781.505 -416.507
559.500 -687.507
862.500 -205.505
-846.500 -273.495
-426.500 781.502
470.501 762.503
-452.505 -776.512
-215.495 -875.497
-892.498 144.500
111.499 899.503
766.499 493.496
598.498 -690.499
728.494 -554.499
-281.495 871.502
545.785 -737.581
910.504 124.500
402.499 -828.498
524.500 756.502
906.500 -166.503
-686.504 -617.504
132.496 -915.497
556.335 -739.904
-648.503 -660.498
755.498 537.503
-924.497 63.500
-624.502 689.503
733.494 -579.497
-64.500 937.498
381.504 859.497
377.502 -865.501
-597.501 739.499
-735.497 602.493
652.500 -697.489
953.498 59.505
554.501 -778.492
793.502 -534.502
79.504 959.497
-867.498 419.504
702.500 -667.498
606.509 -757.497
852.502 -466.504
418.496 876.496
-87.502 -970.496
106.494 969.505
559.499 -807.499
970.499 162.488
66.572 982.109
-945.501 291.501
961.507 256.501
-159.498 982.496
-159.498 982.888
461.508 887.503
978.649 227.174
-310.499 954.501
984.965 198.900
979.273 227.946
1004.500 169.497
727.493 715.497
309.673 975.866
994.496 -256.502
1027.410 10.501
-1025.500 -68.501
310.495 989.506
-887.494 537.500
-930.501 -467.495
-736.494 -738.500
-1009.500 279.500
-779.505 703.501
394.498 -978.507
-1030.500 226.501
-754.495 -738.494
87.501 -1056.510
-280.499 1022.500
556.499 908.503
101.052 -1064.170
-386.502 996.495
-579.505 900.501
-869.508 625.505
705.500 -811.499
874.504 634.494
1068.500 -177.502
-54.497 1081.510
645.500 -871.500
535.496 947.500
735.498 -803.493
-121.500 1089.510
-1096.500 9.505
-543.496 953.498
862.500 -683.493
333.502 -1055.500
-1086.500 210.498
-967.501 540.504
-893.497 -657.503
-936.504 608.499
999.500 -518.501
-1012.500 -498.491
65.503 1128.500
840.501 760.500
948.497 -624.503
446.501 -1048.500
-76.503 1138.500
-970.496 601.496
1145.510 54.504
411.501 -1071.500
628.509 -962.503
-7.493 1149.510
1152.500 -64.499
872.502 -759.504
1092.500 385.501
866.499 776.499
581.501 -1011.500
-867.496 778.506
818.511 832.502
-993.492 -620.502
1017.500 595.503
1132.490 328.503
1162.500 -207.502
280.500 1147.500
659.743 985.412
662.471 983.767
-1185.500 -68.503
782.498 896.499
118.498 1184.490
-1149.500 -315.501
975.503 -691.499
1101.490 -481.506
-1149.510 374.494
-1170.500 313.498
717.490 978.504
748.316 -957.751
1206.500 149.492
608.499 -1053.490
-129.501 1208.500
745.268 -964.601
-992.504 705.500
510.496 1111.500
670.503 1024.500
941.503 -788.950
-1070.510 611.506
-565.495 -1098.500
-535.499 1115.500
1231.500 -139.497
1126.490 516.501
-390.500 1184.510
1203.490 -343.504
-728.497 1018.500
734.506 -1018.500
394.508 1191.490
-1244.500 189.497
1235.500 -248.496
350.499 -1212.490
-720.498 1039.500
791.493 1001.500
-610.498 -1125.500
1146.500 573.499
-635.502 1113.500
-1008.500 804.503
1227.500 420.503
-719.499 1087.500
-947.504 902.507
821.501 -1028.500
1215.500 511.504
1100.500 736.504
875.507 993.503
-888.495 984.492
-1168.100 655.580
-1234.500 524.498
-1169.500 658.498
-890.507 1006.500
616.502 -1204.490
1078.500 824.504
1362.500 -131.502
1367.500 79.496
-1127.500 -777.497
1358.500 -195.502
1372.500 -46.500
1051.500 -884.492
1166.500 725.499
968.503 -978.495
-1212.500 655.503
984.501 969.495
946.494 1009.500
1350.510 -313.498
-963.506 1003.510
-849.498 1105.510
702.509 -1210.500
966.500 1011.500
1017.510 965.499
1281.500 582.501
-1404.500 -104.496
-1390.510 235.503
1401.500 -169.499
911.496 1082.500
-1332.500 483.501
1210.500 759.507
849.507 1152.500
-834.326 1170.850
-1408.500 303.494
1444.500 83.499
1384.200 422.430
-939.497 -1100.500
1387.890 422.231
-848.473 1180.970
1251.490 742.498
-1433.500 246.499
-849.176 1182.180
1452.500 117.495
-883.503 1157.500
-1465.500 -123.502
1104.500 974.502
1028.500 -1062.500
-1268.500 -758.499
-975.496 -1112.500
-1256.500 780.502
1348.980 -621.931
1349.030 -622.028
1489.500 120.501
-1451.500 364.497
-921.498 1179.500
1484.510 208.500
-1237.500 845.505
1221.510 875.503
-1057.500 1096.500
-1081.500 1073.500
1343.490 -734.494
1203.500 -950.504
-1537.500 241.501
1539.500 256.504
-1168.500 -1037.510
-995.498 1208.500
1224.500 990.503
-1399.500 -736.503
-1034.500 1205.510
-1143.500 1103.500
-1037.500 -1207.500
1515.500 -490.495
-1199.510 1058.500
1565.500 335.501
-1102.500 1162.500
1599.500 156.498
1111.490 -1163.500
-1593.490 258.503
1595.220 -274.617
1595.620 -275.181
1616.500 -100.501
1350.500 -896.497
1583.500 -378.502
1595.500 347.493
-1576.500 -426.504
-1506.500 637.506
1591.500 387.489
1237.500 -1078.500
-1336.500 964.504
1543.500 586.496
-1367.500 -933.500
-1617.500 -371.504
-1392.500 -929.499
-1414.610 904.233
-1474.500 809.498
-1310.500 -1078.500
-1599.510 599.496
-1364.500 -1035.500
1604.510 -606.496
1463.500 913.496
-1279.500 -1192.500
-1526.500 -865.499
-1500.500 -1148.500
