-53.098 -89.859
-68.098 98.140
-227.095 -162.849
-238.097 -142.861
-125.100 -280.852
-38.095 -293.860
-227.095 148.140
-326.106 103.138
-105.109 -421.870
-374.105 -238.863
-193.098 -417.855
-416.098 -118.866
-129.101 -446.866
195.901 -362.867
203.904 179.143
101.899 -445.859
-431.098 30.154
-351.104 -371.861
61.889 311.142
361.893 -44.854
-441.104 97.141
-461.093 -244.858
-391.095 -369.858
-185.103 -514.861
110.902 -506.860
-480.099 57.143
269.773 232.919
271.900 242.134
-339.104 278.145
310.892 210.137
-101.103 387.139
272.901 -444.852
160.901 -533.847
-63.100 403.146
-494.098 174.144
218.901 -526.864
-125.100 422.144
379.904 246.130
504.899 -71.863
287.897 -549.858
502.907 53.141
-641.101 -166.854
376.894 324.141
-451.104 358.142
-534.098 269.142
164.901 -650.861
-647.102 -200.870
539.903 -303.855
-424.098 -599.863
-246.104 512.157
-631.100 168.141
600.903 -62.858
-337.091 -691.859
-107.091 579.140
475.898 341.149
-486.098 439.137
393.896 433.139
629.899 -6.858
-385.109 516.135
-87.102 605.133
605.903 155.140
-258.094 583.146
223.905 561.142
-758.094 -197.868
-13.089 626.133
445.892 -609.867
-550.090 -622.858
-454.102 -703.865
-122.104 647.135
-40.099 -832.864
180.904 -795.864
642.898 204.143
-117.096 -851.854
-254.103 655.141
528.893 -600.862
729.902 -73.856
-766.113 -424.866
475.901 496.136
658.906 -439.858
-94.104 -884.854
-692.096 -567.864
-222.104 700.132
396.775 581.185
-119.106 720.135
-818.103 -365.865
404.764 584.491
-282.106 696.150
423.901 577.138
-537.108 -758.858
-887.105 -125.862
-12.093 -926.853
-775.104 -518.867
-801.113 296.144
799.897 -94.860
-834.106 -459.859
345.903 -857.856
310.894 -876.860
204.892 739.141
577.907 -686.849
-627.099 -747.866
-343.105 742.139
-502.102 674.137
794.901 -360.862
-483.092 -878.863
-477.955 -887.098
-632.092 -784.852
850.899 -151.857
-753.103 -666.849
505.903 625.133
675.906 -638.864
679.893 461.141
212.900 -969.864
828.896 172.141
784.894 299.140
-37.108 835.138
-716.099 558.136
-657.104 -793.850
699.902 463.147
-889.105 -510.858
601.905 -765.872
-515.100 -917.862
581.908 621.143
887.891 76.150
-877.100 -574.860
-162.095 -1040.860
718.898 484.137
-1005.090 -278.867
-67.096 -1061.870
-340.102 -1020.870
-700.104 639.140
46.900 880.136
-465.108 806.143
218.912 858.140
-1033.100 54.142
-62.096 -1083.860
-416.102 836.141
-436.104 829.143
-73.408 -1093.980
-380.098 -1047.860
-851.100 -714.862
-311.102 891.140
398.895 827.145
-511.094 833.140
-678.094 -910.853
-1099.100 -105.851
679.897 657.134
-1018.110 -521.868
-1098.110 -384.862
698.897 -876.853
231.900 -1141.870
-334.100 964.159
-1150.090 5.136
839.902 -739.875
-489.105 932.136
951.896 405.137
-1173.100 -33.852
1060.890 -252.868
699.901 -936.864
-370.095 -1186.850
-759.101 -987.855
-401.103 -1179.850
760.895 -917.859
-921.097 -861.867
998.894 -590.853
937.902 -713.861
-1217.100 95.134
812.905 -890.864
-1233.090 -94.862
191.900 1065.140
988.896 479.144
-1212.100 -391.861
-1245.090 -216.866
728.905 -1004.850
-397.089 1067.140
-1263.100 -21.858
-127.097 1122.150
-1269.100 -78.863
466.891 1029.140
-468.096 1074.150
1142.890 241.138
-573.097 1039.140
-312.104 1127.130
739.902 885.137
721.904 -1080.870
-1194.110 -627.862
-1305.110 -246.851
200.901 1155.130
1204.900 161.136
-1340.090 -110.869
-1353.100 -222.864
139.898 1206.130
1258.900 -239.857
-968.098 -1048.850
-1213.100 561.148
1256.890 -364.860
-1381.100 112.132
500.079 1134.450
1284.900 43.139
1222.900 350.149
-1402.100 -4.864
749.892 -1178.860
-1275.090 509.139
511.891 1149.140
952.900 -1057.860
915.901 916.139
-1351.100 -620.861
-814.102 1104.140
1041.890 -1008.860
-969.103 1008.140
812.900 1049.140
-1360.110 -684.870
1357.890 183.144
-1423.100 357.142
971.916 -1115.860
-1208.110 800.126
1404.890 -237.857
1385.900 -385.857
1316.900 -621.855
1068.890 862.142
-1249.090 787.137
-1409.090 -707.871
-1458.110 -593.860
1288.900 566.136
-1488.110 332.137
-896.111 1146.150
-1337.100 686.145
-1300.090 749.139
-1336.100 713.144
-1191.100 -1098.870
1318.900 -756.858
-1147.100 -1158.860
-1602.100 -31.861
-1419.100 -838.859
-1615.100 -10.868
-1538.090 -611.854
1186.900 913.136
-1511.100 565.133
-1103.090 1117.140
1538.890 77.138
-1590.100 401.141
-1557.100 -703.854
1569.900 -387.855
-1580.100 -731.861
-1430.100 861.137
1486.900 -773.859
1112.900 1133.140
-1589.100 -798.860
1373.900 -1023.860
-1437.100 915.134
-1553.100 -919.863
-1618.110 -791.865
-1357.100 1046.140
-1504.090 860.141
1248.900 1058.140
-1246.100 1178.140
-1617.100 -856.848
-1454.100 -1140.850
-1341.100 1099.140
1556.900 870.137
1608.900 -974.859
1517.900 -1141.860
-1488.110 1163.140
-1560.150 1087.420
-1558.110 1094.140
-1619.100 1097.140
1527.900 1093.150
