0.497 -0.506
-47.492 -78.504
-47.492 -138.499
-119.504 92.496
98.504 -124.500
79.501 141.493
78.498 -170.496
-195.499 30.504
175.494 -100.504
218.495 -21.503
217.501 102.499
194.502 161.503
218.495 130.502
165.507 221.496
211.498 188.501
-163.501 -233.111
-163.501 -233.501
-104.502 264.497
132.502 257.500
191.503 -219.498
276.495 -114.501
60.499 296.499
-248.492 -188.501
-314.502 49.499
-25.504 318.499
313.497 73.502
35.505 340.507
295.505 174.505
69.807 335.940
-330.500 103.496
-78.504 -340.503
79.501 352.508
-353.507 -77.500
-148.501 -334.499
282.504 -233.501
94.502 -355.505
-158.498 339.501
-333.504 173.505
384.501 92.499
-335.501 212.502
-241.493 315.502
228.499 345.494
-412.492 -60.505
-224.497 -352.498
413.502 -72.499
72.495 418.493
-261.497 -335.496
-389.498 177.499
-359.500 244.504
32.860 436.139
-367.502 -241.501
27.882 441.232
-53.498 439.496
-66.498 -439.507
-449.499 -37.500
-350.495 290.510
-422.502 175.510
-440.503 134.499
465.500 -0.505
-466.510 34.498
-432.497 196.495
86.507 -468.503
80.299 -478.181
-455.505 -165.500
282.493 398.500
332.494 367.495
260.493 -422.503
-468.498 172.499
-380.499 -326.497
-503.504 -28.500
264.981 -431.837
473.504 179.502
-120.504 -494.504
158.495 -484.497
131.503 493.497
240.002 455.495
377.502 -359.500
503.498 141.500
-207.497 481.506
-516.494 95.496
-405.501 -336.508
455.505 -271.496
-529.502 31.506
-398.614 353.975
445.495 -297.498
485.506 225.499
27.498 -535.504
-402.497 -357.500
-230.492 -487.502
-401.971 -366.349
-309.503 447.498
70.496 -545.497
-400.987 381.011
-552.502 -50.501
-523.499 -186.501
-542.504 128.503
-379.009 409.230
-533.498 163.501
80.504 553.497
-383.993 411.582
32.503 -563.499
-360.498 437.499
-401.104 407.101
-401.249 407.533
547.498 169.501
276.499 510.502
104.497 -572.505
121.501 570.504
-533.500 236.496
-567.875 139.961
-357.498 468.499
-18.499 -590.501
-198.500 555.500
-114.497 580.496
-197.507 -562.502
522.501 -289.500
-597.491 -5.500
127.499 -586.500
600.495 -59.493
-252.501 -549.498
555.500 251.501
-219.498 -569.500
-38.505 613.509
191.499 -591.503
362.501 -510.503
-257.500 -578.501
287.504 -565.499
-449.501 446.494
-565.503 -288.505
-81.500 631.491
-250.501 588.499
-442.493 475.494
33.507 -658.498
72.496 -660.498
428.506 -508.499
-652.497 -130.496
412.503 -524.499
-671.499 -18.499
565.496 -368.501
-254.495 631.508
399.505 562.499
-263.503 -645.500
186.496 678.500
152.499 690.491
-416.502 -573.499
701.500 -125.504
-166.503 692.502
489.492 -536.496
469.503 555.498
650.507 -331.506
655.503 322.495
-697.501 243.502
-541.502 503.497
61.505 -749.500
708.500 -252.495
541.510 -527.497
644.495 396.504
679.497 -335.511
335.497 -680.502
-328.509 -683.491
457.500 611.501
-549.503 533.503
-634.496 -434.498
671.496 376.497
-619.502 457.498
273.500 722.499
188.499 750.497
764.039 135.231
-772.503 63.496
653.499 -422.499
-458.496 -628.502
766.396 138.398
761.508 -164.498
-255.502 -741.500
85.498 788.500
-379.498 697.508
-737.501 -296.502
795.496 -39.495
-680.498 420.504
-378.494 -710.496
-719.501 -362.499
-731.504 341.496
748.498 324.506
65.501 -813.499
-490.505 -655.492
627.512 529.497
-528.495 629.505
-779.500 272.503
-146.501 814.502
480.498 -677.499
-742.502 373.500
11.501 833.499
-756.506 352.490
-436.498 -713.495
390.501 -746.501
-67.499 -840.509
-658.499 527.503
-658.499 527.892
32.498 -845.502
-29.500 852.500
807.501 -281.504
-167.493 -844.495
-860.504 36.493
-228.502 832.498
-62.498 -863.501
-197.489 -850.501
-486.499 -725.502
-157.492 -866.502
-173.495 -871.500
-260.499 850.501
861.496 -241.497
-420.498 -789.503
369.497 815.497
633.497 -642.497
552.502 712.501
230.502 -872.509
898.501 104.496
-436.499 -793.500
-530.495 -735.499
607.494 -678.505
-497.503 -763.501
-909.500 99.499
-729.666 557.485
-918.620 -0.313
-734.859 555.271
-925.856 -2.662
789.502 -488.500
-42.499 933.494
-244.500 -904.508
-591.502 734.494
91.497 940.498
-906.500 -267.494
635.501 -711.499
463.502 833.493
-826.501 481.501
110.498 950.498
-687.497 -675.497
452.499 852.498
-712.494 -654.499
-954.504 -159.499
-891.497 382.498
2.502 -971.501
708.501 -678.501
-596.498 779.504
-903.500 -386.499
709.503 680.502
-547.504 816.498
64.499 -989.499
-371.506 -923.498
-690.941 716.500
970.499 -236.497
908.509 415.496
-972.498 -228.500
936.505 -353.501
489.506 872.500
577.502 817.502
-698.515 716.503
957.496 -304.496
158.502 -992.498
-904.503 -451.500
-620.498 798.502
-777.496 -648.499
-960.499 -326.502
242.504 987.501
996.500 209.492
-938.504 398.501
4.502 -1021.500
969.504 -337.497
363.496 959.493
-676.498 771.503
170.501 1012.500
808.505 634.493
1030.500 15.500
-60.497 -1029.500
771.497 -695.506
924.488 -474.502
-848.502 -608.493
1043.500 -54.505
-882.502 -558.497
791.503 682.497
443.152 953.500
443.500 954.640
188.492 -1036.490
1057.130 -58.367
-848.504 642.496
-1036.500 288.495
-9.505 1077.500
-996.496 411.496
497.499 -969.498
-490.500 -973.505
355.500 1032.490
25.503 -1093.500
-144.497 -1084.500
-889.497 -637.502
-303.504 1051.490
830.505 -720.505
-739.499 -815.498
508.499 976.499
1086.500 -186.499
988.507 -497.506
-433.500 1018.500
337.495 1055.500
-932.499 -599.496
-536.502 978.496
1004.500 499.503
-1020.500 -473.493
651.503 -918.498
117.501 1122.510
-237.497 -1104.500
675.496 907.509
-1042.500 -446.502
1125.500 -156.500
1126.000 -156.131
580.497 979.501
1129.510 -156.501
-848.497 761.497
341.497 1088.500
80.498 1138.500
-868.492 -747.499
-1147.500 72.500
-1117.500 -280.501
-397.499 -1082.490
-592.505 -989.498
1107.500 324.504
1158.500 -74.503
-681.497 946.505
-734.501 -910.505
-1145.500 251.501
501.499 -1070.500
127.498 1175.490
-132.498 -1178.500
1042.490 570.503
-207.503 1176.500
1006.500 645.504
1025.510 617.495
-1187.500 -164.498
-1059.510 562.496
-1163.500 297.498
750.501 945.499
-607.499 1046.500
-1100.500 -505.501
987.501 709.501
546.497 1086.500
404.500 -1148.500
-732.502 -980.506
-878.503 855.511
664.502 -1032.500
-853.500 884.504
-1163.500 -402.502
-1224.500 126.500
-346.501 -1183.500
898.500 854.498
836.502 916.497
-517.495 1127.510
-470.499 -1149.510
-1126.500 -523.503
-1215.500 291.492
1035.490 -702.504
953.501 825.505
-793.502 -980.502
1009.500 -767.490
-945.502 -845.495
-1270.500 51.503
-454.500 1188.490
550.496 1153.500
1159.500 539.504
627.496 -1117.500
876.505 -935.500
469.510 1193.500
-489.506 1185.500
574.800 1153.750
540.507 -1174.510
-1200.500 476.505
1215.510 -450.500
569.495 1165.490
-862.509 971.501
1305.500 18.502
880.501 964.505
1152.500 -628.502
-1110.050 -700.934
-1111.020 -702.448
1234.500 468.499
-1197.500 556.496
1170.500 613.498
941.496 -933.503
851.499 -1018.500
-1124.500 -712.496
-1296.490 -328.504
-911.501 978.508
-1197.500 596.508
-729.501 -1123.510
949.504 960.498
1011.500 898.500
-914.490 996.504
751.500 -1126.500
-1184.500 -654.499
-1277.500 -466.502
-1133.500 762.497
-1231.500 -597.508
-1154.500 -741.502
1112.490 -812.498
-1257.500 -563.506
950.500 -1001.500
-980.500 974.504
-1331.510 -376.499
-1346.490 323.498
1072.500 877.498
1331.510 400.509
-1381.500 -201.494
1351.510 -359.492
893.496 -1078.500
1402.500 -7.504
-1211.500 -711.502
-1003.500 983.501
779.507 -1173.500
1103.500 878.504
-859.500 -1121.500
-1232.950 -703.517
-1262.500 -656.499
1297.500 601.502
-1229.500 -732.502
-1129.500 885.501
-1016.490 1018.500
782.497 1210.500
-832.504 1176.500
984.495 1057.500
-1287.500 -657.498
919.496 1116.490
-1145.500 884.502
-1257.900 -720.046
1442.500 -151.500
-1257.990 -720.926
-854.501 -1184.510
1461.500 -14.499
1451.490 185.499
-1259.500 -745.498
1432.500 309.499
-1290.500 -707.503
-1119.500 -969.501
1269.500 765.502
1203.500 -871.498
1165.500 928.504
891.505 -1199.500
-1354.510 -629.495
-1394.500 534.502
-1456.500 -354.499
-1487.500 -292.495
-1274.500 827.505
-1385.500 -630.505
-1063.500 -1092.500
-1469.500 -416.506
-1480.490 -376.496
1243.500 896.494
-1524.490 -174.501
-1374.500 -688.495
-1331.490 -777.491
-1254.490 -903.497
-1300.500 -838.502
-1065.500 1124.500
1362.500 -740.501
-1321.500 -813.502
-1385.500 -719.501
-1338.500 -821.496
-1475.500 540.503
1071.500 1157.500
1328.490 867.505
-1307.500 -902.499
1568.500 274.497
-1141.490 -1126.500
1487.500 -605.502
-1529.500 501.501
1099.500 -1184.500
1337.510 922.502
1118.500 1180.490
1428.500 -786.496
-1117.500 1190.500
-1552.500 507.506
-1261.500 -1045.500
-1373.510 -895.499
1416.500 -833.504
-1493.500 690.498
1337.490 -970.504
1545.500 622.495
-1548.500 614.495
-1551.500 -613.501
-1325.490 -1018.500
1302.500 1057.510
1171.500 -1208.500
-1297.980 -1088.090
-1298.040 -1088.710
-1270.920 -1127.190
-1284.500 -1119.490
-1570.500 -716.494
-1385.500 -1037.490
-1418.500 -1009.500
-1382.500 -1074.500
-1400.500 -1066.500
1590.510 -881.497
-1542.500 -972.503
1620.490 894.502
1457.500 1149.490
1514.500 -1103.510
-1581.500 1062.500
1605.500 1040.500
-1602.030 -1131.730
-1607.390 -1135.510
