0.494 -0.498
26.503 6.505
31.877 -1.420
-54.500 -44.499
-12.502 130.502
-54.498 125.501
-172.508 38.504
180.505 35.498
-215.498 -40.497
-219.500 -95.500
-129.494 -210.493
-251.506 94.500
8.502 -271.503
238.496 -139.504
-279.499 -42.497
149.502 -242.503
-64.500 280.500
250.499 143.501
289.503 -126.502
-197.492 -247.500
198.499 269.496
314.501 117.505
-336.500 49.500
197.500 -285.495
309.500 -184.506
369.501 -6.499
-148.502 369.500
-78.511 -396.500
19.498 417.502
416.502 55.497
413.497 -78.496
-411.499 116.500
-353.504 252.498
441.045 -45.952
441.089 -45.856
290.502 -337.498
-348.502 305.503
411.508 218.500
-272.494 -394.498
483.504 -8.506
-343.498 339.504
-445.502 189.504
485.499 -40.499
506.505 -8.494
-249.497 440.496
198.499 469.506
-299.499 -415.495
354.497 -370.505
-488.500 176.504
523.500 -9.510
522.918 -43.451
528.503 -32.502
-91.500 531.506
-290.496 -458.501
490.498 246.496
555.215 34.245
556.047 34.108
-395.498 392.503
465.498 -312.501
-224.498 -513.503
-476.501 -296.499
563.451 32.841
455.492 333.502
153.505 543.500
-366.502 437.498
-130.494 -560.503
-384.497 -428.511
495.502 -296.508
-500.496 -291.499
-577.503 73.507
431.501 407.500
199.496 -560.498
528.500 273.500
353.499 481.502
600.498 15.499
-116.508 589.504
593.503 124.500
-331.502 -516.503
284.502 555.501
145.505 614.502
314.500 551.503
425.504 -475.492
-457.501 -447.494
-306.498 573.493
657.503 20.498
-237.506 614.501
419.498 514.499
408.495 -524.504
471.496 468.505
-628.494 226.494
658.500 -129.491
377.496 555.492
-145.499 -660.501
113.497 674.501
577.491 -369.504
-181.500 -673.507
-97.502 -692.507
-691.496 -145.500
-629.503 320.497
-688.505 173.501
-114.505 -705.492
535.497 475.498
712.507 112.498
-96.499 -718.498
-521.310 -512.326
731.493 -45.494
-532.153 -506.744
721.496 -147.504
489.496 -550.499
244.495 -696.504
-651.506 -352.500
-111.500 733.498
-452.500 -590.493
-450.498 595.502
-587.500 -465.502
-442.493 -613.504
586.500 -479.503
-502.499 -569.495
762.505 -14.502
153.498 746.502
-750.505 -141.498
-764.502 -30.506
124.499 755.501
-498.821 -585.321
757.501 136.489
-773.493 -11.494
-36.500 773.494
310.497 717.503
-550.492 556.504
-706.496 341.499
764.506 186.492
-662.501 -425.499
749.497 262.497
-33.502 793.501
-731.503 -311.505
-795.497 25.507
678.500 417.501
-791.507 -95.501
-513.499 -612.499
-732.048 -320.615
386.501 704.497
-387.498 703.499
331.497 -744.499
-806.502 134.492
-371.500 -730.499
804.501 -158.496
-47.501 818.497
441.493 -705.503
-788.492 -277.505
-757.505 -354.500
-182.505 819.491
557.500 -634.501
295.497 -791.495
35.502 -844.500
634.504 -560.495
-360.497 -770.500
460.498 -718.501
-672.491 535.498
480.498 -723.503
868.502 -42.500
-623.496 -612.498
108.503 -871.497
818.496 -338.499
-832.500 -305.502
-832.497 324.501
-858.506 -261.507
526.507 -728.502
73.507 898.500
-666.500 -611.502
-895.488 126.502
-479.501 -768.501
-333.501 841.498
-182.507 -890.497
737.495 -534.500
906.500 -93.499
895.802 -191.263
-116.495 -916.500
907.714 -183.972
898.498 -226.497
-804.505 467.496
795.493 -486.501
782.493 515.499
595.503 727.494
136.497 -931.494
445.500 -831.500
-258.508 -910.502
-409.505 -857.507
-596.499 -743.504
-712.498 638.501
389.506 874.505
725.508 639.491
656.502 -718.493
-663.501 -712.499
908.504 354.493
-972.500 105.496
707.499 -680.503
-88.496 978.505
402.500 -908.500
1000.500 -27.492
-996.500 -96.501
663.492 753.492
921.502 -402.497
832.499 563.498
-493.504 -878.502
87.691 1003.710
-320.499 -962.496
701.499 732.513
-714.497 -720.511
83.502 1012.510
-942.493 380.498
594.502 836.494
-812.498 -635.500
-82.493 -1032.500
-215.500 -1016.490
-163.494 -1026.510
-302.495 1009.500
-426.503 975.503
303.507 1025.500
988.501 -411.497
-17.504 1069.500
997.494 -393.505
608.497 -883.501
-1070.510 102.499
-786.504 -746.503
-959.175 -517.281
847.502 695.497
-1095.500 -34.500
1063.500 279.502
-970.114 -521.304
597.499 925.501
-1096.500 103.505
-808.490 -753.495
-768.494 -794.506
1105.500 156.499
-72.496 -1114.500
-1068.500 -322.499
-941.065 -605.500
-942.326 -607.953
962.499 -588.498
-711.494 -875.501
1050.500 419.495
1100.510 -267.496
708.505 -887.503
60.497 -1136.510
-258.500 1109.500
993.494 560.496
1126.510 -183.498
-749.500 859.496
260.502 1113.500
943.503 652.498
979.501 603.496
547.497 1013.510
358.503 -1100.500
-163.499 -1161.500
-836.504 822.492
231.501 1150.500
-993.496 -637.508
355.500 -1126.500
337.495 1133.500
-961.501 -690.502
1049.500 -550.502
939.496 723.499
894.503 778.503
-1129.510 372.507
-685.501 -975.502
-1053.500 573.499
-1180.500 215.499
-855.491 -842.500
669.496 999.500
-760.502 931.501
1122.490 -449.504
-649.501 -1019.500
1106.500 -493.495
809.501 -904.500
1195.500 -244.502
-668.505 1021.490
-1172.500 392.503
-1197.500 343.499
-1241.500 131.495
-355.505 -1198.500
957.503 -811.500
595.498 1110.510
481.501 1167.500
1264.500 37.501
1016.500 -759.498
1258.500 162.507
1010.500 775.503
-1090.500 658.504
741.505 -1038.490
-1275.490 -161.503
708.494 1075.510
-743.505 -1056.500
-1243.510 -363.498
-1299.490 73.490
687.497 1109.490
-1227.500 442.495
-704.502 1100.500
-709.505 -1098.500
-1299.500 -149.501
-1069.500 -756.497
1238.500 -441.502
1039.500 817.496
1165.500 637.499
969.510 -911.499
-935.500 964.501
1356.500 -47.502
-985.503 -939.499
1248.490 555.495
-1066.500 -857.500
1379.500 30.500
-1118.500 816.495
983.498 -977.499
-1373.510 -191.502
1169.510 -777.506
-1411.500 -80.496
1387.500 285.493
1306.870 566.989
1308.820 569.711
1430.500 -70.500
1413.500 -257.496
-1435.500 -98.503
-1289.500 649.504
-1222.500 -777.501
-986.498 1060.500
1021.500 -1038.500
-1330.500 -593.496
-1464.500 -41.497
-1169.490 -884.502
-1157.490 899.501
-1184.500 -903.500
1018.500 -1114.500
1217.500 895.506
-1462.500 -380.503
-1250.510 850.493
1498.500 -246.110
1498.500 -246.500
-1464.500 -406.497
1520.500 54.499
1496.510 288.501
-1347.500 716.496
-1339.500 754.506
1365.500 -717.506
986.506 -1200.490
1389.500 699.503
1556.500 26.497
1550.500 145.502
-1315.490 -837.502
-1494.500 -452.498
1079.490 1135.500
1028.490 1190.500
1242.500 975.501
1549.500 315.497
-1583.500 -82.503
-1549.490 344.495
-1594.500 83.508
1040.580 1212.080
1585.500 224.501
-1515.500 526.500
-1538.500 -475.496
-1540.510 -529.503
1275.500 -1037.500
-1424.500 -854.503
1612.500 -434.505
-1148.500 1212.500
1321.500 1026.490
1443.500 -875.505
-1216.500 1176.500
1422.510 946.494
-1617.490 -563.497
1612.500 -583.500
-1536.500 812.495
-1462.500 -957.500
1291.500 1186.500
1535.500 -850.502
1561.500 802.498
1404.500 -1092.500
-1502.500 -983.501
-1452.500 -1078.510
1389.500 -1166.500
1496.500 1038.500
1457.510 -1157.500
1455.510 -1186.500
1528.500 -1186.500
-1587.500 -1122.500
-1605.500 -1126.500
