0.496 -0.498
-81.499 4.498
-100.503 -22.499
-121.503 12.505
125.495 39.499
-143.504 120.500
-208.503 10.497
-124.502 -196.502
-196.497 123.494
-230.505 -32.501
144.503 -225.501
5.506 -270.500
-248.500 -120.505
-214.498 -177.495
35.503 -281.503
226.502 170.505
-99.498 -293.494
79.498 305.494
-142.496 -321.497
-347.502 -78.492
-95.501 373.502
-110.500 381.502
-354.501 182.500
390.503 -112.494
389.505 -153.497
20.500 -448.496
-70.499 448.497
22.665 -455.805
-254.500 387.494
-335.501 -323.500
431.507 -186.509
-459.496 -158.499
229.500 -433.511
497.502 -49.504
429.496 -263.498
-312.511 -398.499
515.508 55.503
-457.505 -281.503
-1.499 -542.495
-10.496 545.501
442.498 338.498
411.506 387.503
541.504 -199.498
408.504 415.496
-351.874 475.196
-357.521 473.007
-369.501 466.496
-125.501 -588.503
607.497 -46.496
-369.499 513.503
-43.495 632.501
538.496 336.499
365.494 531.498
616.497 192.498
259.503 591.497
-276.499 -588.508
-138.501 636.497
-650.499 45.496
-640.500 170.497
208.503 629.492
603.504 -295.500
618.503 -277.499
-595.504 -354.498
568.500 -402.498
395.499 578.498
688.499 159.501
484.501 -517.499
-372.502 -603.508
-689.502 175.498
-566.499 431.503
-238.504 674.498
164.760 703.824
-717.503 -150.500
175.118 713.264
478.500 572.500
-657.499 353.503
732.504 -159.493
-262.502 -706.500
261.502 712.500
-505.063 -575.499
-140.498 -755.499
781.502 -118.495
-774.503 197.502
157.501 -786.505
395.498 709.497
308.507 754.504
748.499 -334.499
-635.497 -523.495
-678.498 467.503
-320.503 766.504
-406.489 -727.503
685.502 491.502
-691.500 -493.498
-642.495 -567.501
-533.498 671.502
-832.499 -250.497
876.500 -220.497
-903.497 103.507
80.498 -909.506
171.504 897.509
-183.494 905.496
-926.694 22.500
301.506 879.504
-929.741 22.857
-930.467 22.502
878.500 -319.501
-275.502 -894.494
415.503 -846.505
895.505 297.497
950.491 46.507
-769.502 558.494
-554.493 -780.504
-599.493 749.488
-965.501 -10.489
-106.500 961.506
-347.499 912.498
-881.501 -426.501
-402.499 -898.502
708.505 689.498
-702.503 -703.505
632.501 -770.501
-1001.880 114.635
-1015.500 118.493
856.499 -561.503
-451.492 921.502
148.494 -1028.500
-822.505 -643.503
-1032.510 188.499
270.501 1017.500
329.499 -1012.500
982.495 -417.503
-860.499 630.505
580.496 -902.496
-1078.500 -69.502
-541.494 941.497
-1073.500 -170.497
-908.503 -607.504
-973.509 496.497
-1045.490 -326.506
-0.495 -1096.500
69.500 -1095.510
-1088.500 -138.503
45.502 1100.500
-358.500 1042.500
-163.503 1092.500
-809.497 755.500
-518.495 -986.506
-987.500 -519.505
1108.500 -172.502
-1106.500 -189.508
301.499 1087.500
-549.495 989.492
789.498 -827.498
-405.501 -1071.500
-1078.500 384.498
651.501 -943.497
-101.502 -1142.500
-331.502 -1103.500
-1111.500 -313.504
560.504 1014.490
1139.490 -225.501
-1009.510 -587.496
-935.501 708.506
-632.507 -990.507
951.496 715.498
-1192.490 -84.501
138.496 -1195.500
-1175.510 277.508
-517.505 1097.500
-929.505 781.497
659.499 -1033.500
1212.500 -206.502
1010.510 -721.501
1202.500 311.511
-843.500 919.504
1246.510 -85.505
1012.500 -741.497
-1248.490 -130.503
1042.510 700.497
1245.500 -174.500
-410.499 1192.500
-567.501 1126.510
705.502 1051.500
1196.500 421.505
-598.499 -1120.500
-834.499 -959.499
1191.500 -458.496
-1087.500 682.513
-1279.510 122.507
-795.503 1010.510
-1053.510 752.508
-719.503 -1077.510
-1254.500 -348.501
883.496 963.497
-1308.500 -11.495
-1066.500 -763.502
-900.500 -958.508
-789.496 1063.490
1154.500 651.498
-1194.500 -578.503
-1183.500 603.510
969.494 -914.500
-836.501 -1037.490
955.500 929.503
961.941 -929.769
960.964 -931.571
-1053.500 -826.495
-1073.500 802.493
949.504 954.503
-1323.500 313.498
-1325.950 309.697
-1363.500 -110.494
-873.507 1053.500
-1094.500 834.502
-1133.500 -782.492
-1380.500 24.507
-1261.500 -565.499
-1390.500 -203.490
957.499 -1039.490
-817.500 -1162.500
-1107.510 -917.494
-1118.500 904.501
-1425.500 -203.500
-1154.500 -871.499
-1415.500 -300.500
-1333.500 -562.494
-1357.500 515.502
-950.501 1100.500
-937.494 -1115.500
-827.499 1202.500
-1009.500 1061.510
1393.500 -484.502
1447.490 -291.502
-1040.500 1066.490
-1507.500 91.502
919.502 1199.490
-1102.510 -1036.500
-1423.500 -540.495
-1415.500 -613.502
-1527.500 -255.504
-1161.500 1034.500
-1469.500 520.492
-1104.500 1100.490
-1013.500 -1188.500
-1310.500 850.498
1378.510 -742.500
-1453.500 579.507
-1451.510 -585.501
1565.510 -62.501
-1016.310 -1196.050
1579.500 235.502
-1588.500 -173.496
-1066.500 -1191.500
-1082.500 -1184.500
-1545.500 -435.508
-1488.490 603.501
1558.490 394.493
-1220.490 -1048.500
-1253.500 -1010.490
-1381.500 -827.494
-1332.500 906.507
1247.500 1023.490
-1224.510 1076.500
1325.490 951.503
-1593.500 350.500
1321.500 -978.498
-1589.500 444.503
-1358.500 -943.498
-1174.500 1179.500
1361.500 967.509
-1609.500 -455.500
1344.500 1021.500
1185.500 1209.500
-1520.500 758.505
-1431.500 917.505
1527.500 775.499
-1261.500 -1173.490
-1609.500 -614.498
1521.500 830.501
-1251.500 1200.500
-1297.490 1157.490
-1395.500 -1042.500
1305.500 -1161.500
-1564.490 -930.496
1612.500 -858.506
-1401.500 1210.500
1492.500 -1107.510
-1551.500 -1038.500
-1495.510 -1134.490
-1490.500 1185.500
1609.500 1073.500
-1608.500 1103.490
