0.503 -0.502
-64.500 1.503
-30.497 93.496
87.503 -67.499
-82.494 -90.502
-123.500 -14.359
-123.847 -15.498
-0.495 -143.501
-6.909 150.487
-27.509 150.500
153.496 -38.498
-116.493 -106.497
-10.502 158.501
-106.499 -124.502
-198.490 -5.494
-204.504 59.500
-99.503 188.492
-221.503 79.489
-194.494 -135.497
-23.500 -238.495
230.500 -68.504
-217.499 107.498
174.499 182.495
266.500 -29.504
-2.495 279.498
122.507 -274.504
294.505 96.501
286.499 -125.500
-311.503 26.505
326.497 -36.507
77.501 322.497
197.496 -275.495
-19.499 339.500
124.499 323.497
-112.500 -330.499
352.500 43.498
17.499 360.496
-288.498 -217.499
-178.501 319.507
-229.503 285.497
335.501 -153.492
226.506 300.500
-378.503 52.501
214.498 -320.504
382.496 -92.503
56.497 388.504
-102.503 -383.494
29.503 398.504
324.504 239.495
-264.499 309.500
-169.500 -374.499
-370.497 -187.506
48.495 -413.500
149.500 390.501
419.504 120.507
247.493 360.500
-438.507 1.501
435.498 -113.505
341.787 293.280
345.901 288.602
-424.497 151.501
371.500 -258.495
247.501 380.508
-375.495 -255.502
-457.488 -7.502
-413.500 197.500
176.496 425.504
134.498 446.498
373.499 292.501
-407.502 -243.497
462.502 -114.502
457.499 136.498
197.495 446.495
-459.506 168.500
-470.500 -146.503
422.508 259.499
391.495 -317.503
320.503 396.501
-290.503 -421.505
203.501 471.393
511.504 -74.500
-430.501 284.497
247.500 459.504
202.787 481.369
154.503 500.503
62.502 521.496
422.505 316.498
-310.492 429.507
190.497 495.505
409.490 -343.501
-347.501 418.500
67.500 -544.497
269.504 478.496
-540.503 -100.498
-24.503 550.495
407.489 376.500
-548.503 121.500
221.500 522.500
-444.500 -357.508
93.505 -564.491
29.500 572.502
427.497 -387.505
-329.502 -476.504
-580.495 -81.505
-268.500 521.505
579.501 -105.499
-589.497 -5.504
-512.498 294.495
-522.916 279.364
295.506 523.503
397.499 -452.504
-288.503 -534.498
-486.505 -373.495
-238.504 -567.505
616.503 26.501
314.498 -531.498
-438.494 -434.493
462.503 412.498
79.501 -618.499
-548.496 313.496
571.499 280.498
168.494 -618.503
536.495 -351.500
417.499 490.492
610.509 -219.501
534.500 383.495
655.501 -87.503
627.505 219.503
651.496 -134.512
-553.498 367.498
300.504 596.502
465.501 483.496
-168.501 650.508
532.500 -419.494
-484.501 474.500
-605.499 -309.499
-344.504 -588.501
342.501 591.496
-111.621 675.381
-116.872 678.421
-17.505 -689.496
510.497 464.506
205.501 661.501
423.497 558.494
-489.501 508.498
586.738 398.039
-701.496 -111.503
-648.504 -290.499
-55.504 709.503
-501.504 -509.502
-87.501 -716.501
-107.501 715.499
570.501 449.498
-547.503 -484.503
-542.554 -490.489
-667.505 312.502
733.498 91.498
-600.501 433.498
647.500 -366.502
-574.510 473.502
-375.496 643.496
681.497 308.506
-61.502 750.506
-497.500 -578.496
512.501 567.503
-686.508 -339.499
-731.501 -227.506
-734.496 221.501
-186.500 746.497
-99.503 -764.501
-240.500 733.502
-24.498 -774.497
603.500 -487.505
367.499 684.502
705.501 332.505
-509.505 -595.497
302.498 723.507
285.867 731.149
514.497 595.503
-783.499 -89.499
349.501 708.504
-632.504 -484.498
289.504 742.495
-219.496 767.495
501.501 -623.497
-545.496 -589.497
-69.505 -804.496
-741.500 326.505
-284.231 759.506
-447.495 -678.498
-286.501 764.502
-814.506 -70.501
-281.493 -768.499
-521.497 -636.495
-414.506 -717.495
191.503 -808.501
189.512 -811.816
28.501 832.505
-530.494 643.499
-367.498 -753.504
814.500 206.513
406.504 -736.501
-49.500 846.500
-840.500 117.500
841.501 143.502
-776.503 -361.503
860.503 -4.502
-807.494 308.498
-611.498 -612.501
-386.493 -782.500
-828.505 -283.497
-190.495 -858.508
-347.500 814.498
693.506 -554.499
-835.506 308.511
800.496 392.500
-829.498 -327.501
-362.503 -816.497
886.510 -124.491
319.498 -843.495
319.491 844.501
-792.506 -437.498
910.497 -22.495
898.503 -167.506
-264.500 -878.497
-364.499 -847.501
853.502 -355.497
-364.695 857.190
-249.497 901.494
-540.490 769.499
-370.501 866.499
-39.502 943.503
-509.499 -803.499
662.505 683.497
-752.504 -587.500
-108.503 -959.495
-699.499 -668.506
-747.501 615.502
-630.497 740.503
-220.503 951.505
-954.497 -212.504
169.499 963.493
-977.499 95.499
214.500 967.494
428.500 897.500
-401.502 909.502
563.509 824.495
-204.498 979.502
230.942 976.499
991.506 -176.506
-185.495 989.495
989.508 201.501
517.511 866.496
-979.497 250.493
-503.503 877.496
1010.490 77.505
789.503 -642.499
217.503 994.502
926.498 -427.503
-906.493 -469.492
225.504 -998.502
30.506 -1023.510
-566.502 864.500
-320.493 985.500
449.498 -936.498
-82.498 1036.500
388.498 967.502
-845.501 -611.491
-1016.500 250.504
-864.499 594.503
-368.498 -985.502
-162.498 -1041.490
-957.495 -445.501
-233.504 1031.500
-854.503 635.498
1034.510 257.497
-185.499 1052.510
-1051.500 200.504
439.494 980.500
-516.503 943.502
715.019 804.461
-964.503 -478.500
587.500 903.505
1077.500 -51.494
1016.500 363.500
487.803 962.833
209.493 1060.500
492.273 963.602
-1088.500 65.500
725.504 815.498
-655.496 872.495
1013.500 408.497
-388.508 1021.500
-740.503 806.498
972.497 522.499
134.500 -1096.500
-987.379 -508.397
467.508 -1011.500
-993.375 -504.269
1102.500 -172.506
818.506 -762.486
-388.500 1048.510
-601.503 943.506
481.123 -1016.330
-1121.500 -87.497
-731.500 -859.499
-1013.500 -508.545
910.498 -677.500
448.503 1041.490
-1013.170 -509.462
-308.500 -1092.500
228.504 1111.490
738.494 865.496
-1050.500 -436.494
1122.500 192.495
-605.503 -964.502
131.499 1131.500
603.499 968.505
-487.505 1034.500
335.502 1097.500
-1015.500 -537.992
-1112.500 289.500
196.505 -1138.500
589.501 993.496
-418.495 -1078.500
-1124.500 -274.493
-969.506 -636.495
-1061.500 -467.507
-1155.490 133.500
-808.505 836.498
-1016.610 -567.028
443.748 1076.820
443.469 1079.000
704.502 -931.501
-1071.500 467.499
502.424 1068.820
577.505 -1031.490
507.119 1069.080
-1179.500 -121.502
459.507 1095.500
-669.497 982.497
1148.490 -313.500
164.505 1179.490
-1180.500 -165.504
-985.502 -687.500
-961.497 -723.502
113.504 1200.500
-1203.500 -100.494
-614.500 1047.500
-769.506 940.500
-802.497 913.500
-504.489 -1107.500
-1161.500 -371.499
522.502 1102.510
-857.495 870.494
-1156.500 -404.496
-964.502 -766.499
-822.500 -930.502
-1082.500 607.503
795.500 -958.503
-664.500 -1056.500
553.266 -1121.140
552.537 -1121.500
-1248.500 45.498
556.313 -1121.500
1201.500 366.498
676.507 1058.500
-643.496 1080.500
1120.500 -581.508
1125.500 575.498
916.502 870.497
517.511 -1155.490
575.501 1130.500
-1268.500 -124.497
-529.496 -1162.510
-1028.500 -762.501
-1135.500 595.496
1159.500 550.505
1284.500 23.501
822.504 986.503
849.506 -965.500
-449.504 1203.500
-969.495 -846.499
1126.930 -633.118
812.500 1007.500
1285.490 -159.497
1140.240 -624.634
1146.650 -621.784
-1292.070 -179.358
-1075.500 -740.497
-669.502 -1127.500
-1066.500 -764.502
1252.500 -401.504
815.498 1031.940
-1303.080 -178.536
-868.496 987.501
867.499 993.507
-957.500 -909.501
1028.500 844.505
-1252.500 -450.500
644.503 1167.500
-1286.500 -375.110
-1286.500 -375.499
-888.500 1010.500
-607.505 1206.490
-1300.500 381.496
-1120.500 -767.504
-1093.500 -811.498
863.496 1060.500
1158.500 729.496
1367.500 -94.497
1268.510 524.497
-1186.510 -694.500
896.497 1058.500
847.505 -1108.500
-1304.500 491.497
-1333.500 410.496
-1271.500 580.495
980.494 999.504
-1375.500 269.494
-1362.110 -340.965
-1369.150 -342.441
-1328.500 -488.499
-1197.490 -777.503
768.494 1210.490
-909.499 1115.500
-1311.500 596.495
1377.500 -435.500
-1441.500 80.500
-1447.500 -3.499
-849.502 1175.510
1273.500 -718.498
-1049.500 1016.500
-1213.500 -818.500
1455.500 169.502
-1188.490 -856.503
-1137.500 -928.499
1311.500 661.503
-1463.500 -125.501
-1019.510 -1060.500
-1241.880 -804.588
-1479.510 -30.503
1301.500 709.504
1290.510 754.493
-1495.500 90.495
-907.503 -1193.500
-1495.500 108.500
-1087.500 -1041.490
-1485.490 -247.494
1179.500 938.502
-1410.500 -538.505
-1402.500 -573.501
-1128.500 -1014.500
1178.500 -958.506
1525.500 64.502
-1076.510 1086.500
-1213.490 -932.501
1120.500 1045.500
1377.500 675.494
-1430.500 -561.495
-1379.510 -684.492
-1259.490 893.496
-1488.500 -417.498
1496.500 -431.502
-1191.500 -1004.500
1260.500 936.496
-1573.500 91.497
-1596.490 101.503
-1473.500 -650.499
-1605.490 136.503
-1254.500 -1031.500
1455.500 -722.507
-1200.500 1093.500
1495.500 -641.498
-1302.500 -976.500
1555.510 -526.506
-1597.500 379.509
-1153.500 -1171.500
1475.490 -730.501
1162.490 1166.500
-1586.500 -524.494
-1506.500 746.497
1568.500 616.496
-1395.500 -993.502
-1241.500 -1199.500
1386.500 -1036.490
-1504.500 -895.498
-1367.500 1110.500
-1522.500 909.498
1548.500 874.505
1457.500 -1042.490
-1392.500 -1132.510
1388.500 -1179.500
-1620.500 -928.495
1507.500 -1184.510
1564.500 -1197.500
