0.504 -0.495
-43.500 -65.502
69.495 -88.506
-118.500 -44.500
125.501 49.493
-111.501 87.499
149.504 -13.501
-2.503 -188.501
164.505 -106.497
151.501 -125.503
105.501 -167.500
-214.495 34.501
-16.501 218.499
142.497 -188.500
232.507 81.507
-64.504 238.511
217.500 121.496
-225.495 -107.493
-188.496 -166.498
268.493 9.496
52.500 271.503
2.500 -297.499
254.508 -194.501
199.499 -251.503
315.506 -67.500
322.500 -9.507
249.493 -218.507
306.507 -130.498
243.727 -229.776
-329.500 88.499
340.502 53.495
110.499 326.491
-265.499 -235.493
358.502 39.498
361.095 36.329
182.499 -331.500
228.496 -304.501
169.504 347.502
-326.494 -212.494
42.500 -391.493
304.501 251.496
320.499 -233.496
-174.497 368.495
350.494 -221.504
-159.497 382.502
-299.501 -291.497
-409.503 104.505
103.506 410.504
-372.502 -215.492
-167.493 -397.494
-429.502 42.508
-0.495 434.498
433.495 -44.502
19.495 440.500
-406.495 -221.501
57.501 467.499
-284.499 375.498
-39.505 -473.500
-181.503 442.500
484.505 30.505
213.501 435.503
340.501 -354.504
513.500 14.503
419.502 -299.505
-507.495 -94.498
390.497 338.499
-422.499 -304.499
-507.504 -138.507
-389.499 -358.500
468.495 253.503
-105.503 523.500
-543.501 -38.498
-161.502 526.502
-521.502 188.507
-194.499 528.503
-257.498 502.505
-381.571 419.756
47.499 571.501
41.499 -574.500
-410.501 402.497
-390.501 427.500
-251.501 -524.497
81.504 579.500
599.498 32.497
-339.503 -498.499
214.499 -574.505
-155.496 594.501
434.501 -438.492
-45.512 -619.495
92.495 -615.503
-586.504 226.496
578.503 261.503
506.500 383.499
121.501 625.496
-607.498 200.501
549.500 332.504
-258.503 587.504
649.496 -38.497
140.504 635.505
-634.501 163.501
307.500 -587.497
-379.503 542.496
643.500 -166.502
92.495 -665.503
268.496 -620.495
-226.502 637.497
-599.501 322.507
-199.500 652.504
-682.499 43.506
663.500 -170.504
-520.503 464.503
480.501 -510.497
-186.498 676.499
-327.498 621.500
190.507 -682.495
-10.500 710.499
-394.501 -596.501
-230.496 677.498
-130.498 707.500
-363.501 -633.499
146.500 -716.501
568.498 459.498
727.499 -81.501
-602.498 418.492
512.498 531.503
-260.498 691.503
399.504 628.496
-569.500 -480.496
-548.117 507.271
-548.099 507.347
-487.504 569.493
376.495 650.492
463.502 597.497
721.501 -239.497
183.507 739.493
685.503 -340.497
-436.499 -633.503
528.503 -582.501
-541.501 570.496
-784.508 -148.498
751.507 303.496
-784.502 202.500
-561.503 -585.495
266.502 -770.504
-706.503 405.498
801.504 -192.505
-813.502 133.505
-146.500 -812.495
-809.502 167.500
-818.506 -118.503
-787.602 257.403
-195.502 805.497
456.495 -701.502
833.496 85.502
805.496 267.498
-722.494 448.501
775.500 351.499
-826.505 237.500
-681.495 526.492
-863.494 53.499
512.505 -701.495
-692.507 -525.507
-211.497 844.498
496.503 720.507
-349.502 802.493
215.001 848.995
213.524 851.457
205.502 866.503
848.504 293.508
680.498 -594.507
163.505 889.495
813.504 -409.493
-886.507 -209.498
658.499 -641.499
219.493 -895.502
-918.502 -102.500
-876.497 -295.498
884.505 273.490
-416.503 -832.498
710.505 605.498
899.497 -252.500
381.505 -853.496
637.500 684.495
-380.500 859.497
-23.507 946.499
-948.495 11.496
-947.505 66.500
755.502 579.500
931.507 -201.491
-539.498 -787.502
337.502 -897.497
-836.500 -470.500
-29.502 -963.493
-815.503 522.502
933.501 275.505
-844.503 491.497
-777.503 -598.497
-860.498 -473.502
769.504 -614.498
818.501 550.500
-179.499 -970.501
-129.500 980.500
908.502 -412.504
956.497 287.495
746.501 -664.491
147.501 989.497
890.495 -465.500
907.502 431.498
978.560 -230.845
-582.498 819.492
843.500 -550.499
981.638 -231.073
-4.497 1008.510
-549.499 851.500
282.497 975.500
924.500 -428.499
-50.502 1018.500
-324.499 -969.499
234.502 998.500
-598.498 835.500
522.509 889.500
-896.498 519.506
174.080 -1023.550
429.501 -945.498
-820.502 -636.501
829.503 626.500
-489.496 -926.506
-357.504 -989.494
-1038.490 -165.504
-1052.500 -20.495
1044.490 -165.497
-1056.500 121.498
782.512 721.500
1051.970 -171.972
76.495 1068.510
-1014.500 344.506
1064.500 133.498
1013.500 -356.500
-448.505 -982.504
-517.501 955.504
-1086.510 -40.497
-1055.490 -270.498
838.500 698.503
979.507 -483.494
-652.502 -879.505
60.499 1093.500
-65.503 1094.500
-59.497 -1098.510
-909.500 620.505
702.497 853.500
-1104.500 85.503
-604.501 -933.497
367.498 -1050.500
-913.494 -636.503
-1050.500 -377.500
-787.505 793.493
-890.499 685.498
936.496 624.496
783.500 809.496
738.494 853.505
-4.501 -1130.500
-333.503 1086.510
1009.500 -527.499
992.500 560.496
564.498 991.500
939.502 648.499
901.497 700.491
-847.499 764.499
-253.497 -1114.500
-620.500 960.499
-962.499 626.508
-566.496 1001.500
-89.495 -1153.490
-1145.500 174.505
-1158.510 -35.492
-1038.500 542.501
780.496 876.501
1011.500 -603.506
-1144.490 289.500
1182.500 14.499
-423.501 -1105.510
903.493 769.503
-520.504 1066.500
-20.500 1192.500
-382.504 1132.500
-626.509 1018.490
-1195.500 -69.497
1103.500 -479.499
1159.500 323.492
934.500 -759.499
-1199.500 150.497
-53.508 -1209.500
-707.507 -983.495
-833.509 888.501
-669.493 1021.500
-882.509 862.499
708.503 -1014.500
1123.500 -521.509
-485.497 1139.500
-722.494 1008.500
616.153 -1089.510
620.760 -1089.510
-351.504 1205.500
1233.500 265.507
1113.510 602.497
1232.500 290.501
-920.504 870.501
1106.500 622.494
-739.505 -1032.500
1043.500 -728.502
-817.497 976.491
1160.500 534.492
1214.500 419.500
-530.502 -1175.490
-740.499 -1059.500
991.505 -835.499
-893.499 -939.496
566.500 1170.510
-767.499 1049.500
-871.505 965.505
899.493 942.502
-651.502 1130.500
1243.500 412.498
-1289.510 -261.498
-935.496 -940.499
1318.500 -181.506
-864.500 1011.500
1177.490 -629.501
1309.500 -274.501
-973.495 917.495
1252.500 473.502
934.493 -966.496
-1283.500 404.498
1288.500 -398.501
1350.510 -135.494
977.494 942.496
1212.500 -633.499
-1296.500 -449.506
1227.500 -621.501
1288.500 -490.499
1352.510 -283.500
-704.490 1194.510
1372.500 -207.499
1099.500 -852.499
-1187.500 -723.500
1275.500 -563.502
1368.490 -277.499
-890.501 1075.500
-1398.500 7.504
1275.490 -577.186
999.497 979.498
1133.500 -824.502
1213.490 -702.500
1231.500 -682.496
-1071.500 913.493
1370.500 -373.498
1012.500 -1014.500
-1244.500 718.500
931.503 -1098.500
1442.500 74.504
1305.490 638.500
-1359.500 515.507
820.500 -1203.490
1221.500 798.503
1452.490 192.502
-1244.500 781.501
-1141.490 935.510
1300.500 703.504
-1124.500 -976.498
-1312.500 -714.496
946.497 -1158.500
-1189.510 914.501
1448.500 418.503
1379.490 -614.500
-1494.500 -228.499
-1045.510 1092.510
-1242.500 -875.496
-1026.500 1124.500
1068.500 -1089.500
-1448.490 482.505
-1483.500 -391.498
-996.502 1183.500
1539.500 -172.500
1564.500 -108.510
-1174.490 1037.500
-1197.500 -1029.500
1377.500 -779.497
-1497.500 -512.998
1570.490 -231.500
1076.500 -1173.500
1540.500 407.505
-1432.500 697.499
1443.500 -682.496
-1579.510 -246.498
1525.500 -496.497
-1097.500 1189.490
1596.500 273.496
1535.500 -523.497
-1528.030 562.074
1611.510 251.499
-1399.500 853.499
1294.500 -1011.490
1466.490 -800.508
-1590.500 528.503
-1278.500 -1103.500
1329.500 -1046.500
-1516.600 750.399
-1517.390 749.186
1509.500 -770.510
1444.490 -897.502
1297.500 -1100.500
1294.510 -1126.500
1322.500 -1115.510
-1595.500 668.505
-1558.500 758.500
1551.500 -791.500
1584.500 769.494
1450.500 -1025.520
1428.500 1105.490
1510.500 1000.500
1409.500 1150.500
-1511.500 1054.500
-1515.510 -1075.500
-1498.510 1144.510
-1504.560 -1151.570
-1507.990 -1150.240
-1607.500 1005.490
-1566.510 1088.500
-1613.500 1042.500
1572.500 1130.500
