0.501 -0.502
-29.891 66.844
-31.278 66.965
30.496 -149.506
172.502 92.504
11.505 -243.503
-75.499 266.503
8.506 284.500
-224.491 -200.499
180.502 -250.493
89.500 297.496
-236.499 203.503
212.495 -245.492
245.501 -219.498
-273.502 -186.506
-212.500 270.499
335.493 -148.499
311.499 198.502
262.505 -277.501
-81.498 376.505
301.498 242.497
18.494 -398.502
-300.503 268.504
-353.501 -206.502
174.499 370.498
-280.506 -308.494
-272.082 -319.272
402.501 -138.498
413.500 -105.507
-51.843 434.443
-324.497 -294.501
156.504 -410.501
-63.503 441.506
280.499 -356.502
-431.497 -146.498
-450.491 87.508
-213.496 409.497
-449.499 -127.509
377.492 -295.501
-82.503 -482.503
336.505 -368.511
-55.504 -499.499
-283.495 -429.504
-305.499 418.499
10.507 -519.503
-517.497 61.496
240.502 -472.503
392.503 -357.499
-537.499 -52.494
-501.498 -210.503
345.500 -435.497
288.507 -490.503
-481.503 309.502
70.496 -574.505
-512.502 -268.500
-546.502 -207.500
-569.492 -142.501
438.501 -399.506
442.505 -421.503
541.500 282.500
352.501 -507.506
-310.504 -535.505
408.496 465.498
-57.501 620.501
-299.499 551.490
-326.493 -548.494
373.499 518.494
-622.503 164.501
-523.495 375.499
139.495 -635.498
-620.496 -253.501
-471.497 -487.502
645.504 -228.492
-668.494 159.498
507.492 -470.501
-683.501 108.512
-478.504 505.500
-360.499 -600.503
708.507 77.502
592.496 -397.502
-541.491 468.499
594.500 406.506
708.503 146.495
95.497 -722.501
-394.499 -614.499
603.120 -414.018
734.497 44.496
-63.496 733.503
-205.501 -722.497
-246.501 710.498
-223.496 719.501
-577.500 486.500
463.492 -606.497
147.500 -766.503
-591.494 -509.494
301.505 725.505
-390.496 682.502
-10.504 -790.507
-688.497 -390.494
-668.502 -425.499
360.500 -707.505
736.500 -299.499
-796.501 -23.500
-368.502 -718.491
662.500 -469.499
827.498 -28.491
512.494 651.494
-313.505 -769.501
349.504 -759.497
-409.496 729.499
759.498 -354.513
842.506 78.503
-645.495 -549.497
-831.493 -185.496
-404.497 -753.504
-235.503 -822.501
192.499 -835.498
-857.502 -83.498
84.500 -864.500
-604.503 -627.504
444.500 -752.509
-424.494 -763.498
-657.499 -575.499
-872.499 -65.498
-842.497 240.498
-545.503 -691.493
-270.491 841.503
628.500 623.501
410.496 -785.497
-692.500 -556.499
-882.499 -151.491
762.495 475.501
-79.497 -898.498
-337.497 835.496
482.496 -765.499
-875.495 224.501
-292.499 -856.501
-683.503 -595.500
-724.501 -547.497
-592.504 692.496
760.500 -511.501
545.492 -738.504
-913.497 91.500
831.504 393.493
528.506 -754.501
-603.497 -698.493
-880.500 282.502
742.492 -566.504
-826.506 -452.497
-946.497 3.503
-638.496 -701.494
-863.506 -403.499
821.503 486.502
769.504 -569.503
-712.500 -652.496
953.497 -205.493
720.511 -668.505
480.498 857.504
975.496 154.494
-344.494 -928.507
-993.488 95.503
-987.497 -158.496
-615.506 -790.505
-788.498 -629.499
-856.505 533.497
-702.497 -741.496
-586.502 -850.508
341.486 985.505
-1019.500 -230.507
-985.507 360.503
796.500 -687.501
-600.502 -868.504
1046.500 167.505
692.501 803.498
927.502 519.502
-1010.490 -332.500
-145.499 -1059.500
804.498 -712.500
-147.504 1066.500
-410.505 -1000.500
484.501 -970.495
946.504 -531.504
-465.497 -988.496
1093.500 -99.501
-1063.500 283.501
-859.499 691.507
-1102.500 69.502
-1064.500 -296.500
-838.502 -721.510
267.491 -1076.500
-122.502 -1102.500
-3.499 -1109.500
150.501 -1103.500
689.497 -875.501
18.504 -1121.500
106.497 1118.500
22.884 -1125.320
-1039.500 -438.500
184.503 -1116.500
635.501 936.503
-720.496 -883.506
-1139.500 -36.499
-201.501 1123.510
-1076.500 405.501
-29.495 1150.490
1027.510 -527.503
-1127.510 -290.494
-1118.500 -343.506
-122.501 1163.490
-1156.490 -190.503
-1073.500 -475.505
-69.501 -1176.500
-230.493 -1162.500
-1091.500 -460.496
-9.497 -1186.500
-826.495 -856.498
424.503 1113.500
-841.503 -846.506
-957.494 -712.502
334.500 -1146.500
114.498 -1201.500
-1172.500 -293.500
-1098.490 526.501
-1212.500 -138.506
-528.501 1109.510
-860.498 -878.501
1219.500 224.497
1194.500 335.504
1133.500 -505.495
363.495 1191.500
-1114.500 556.504
-1017.500 -722.499
424.501 -1177.500
-389.498 1189.500
1029.490 727.499
1021.500 -744.496
-1227.510 -313.501
1265.500 105.496
-496.497 -1172.510
1209.500 -401.503
588.506 1133.500
836.505 -976.503
1119.510 -642.499
-1021.050 -790.675
-1021.150 -791.119
-988.503 -832.497
1255.500 -311.502
-1064.500 735.504
-1276.500 -281.496
-1307.500 109.502
-1303.500 159.496
1139.500 -660.496
1265.510 -380.495
-1278.500 350.499
-1220.500 573.499
1349.490 -49.498
1286.490 -421.500
1350.500 -126.494
1053.500 -864.498
-1073.500 844.035
-1363.500 -100.504
-1346.510 272.501
-1329.500 -359.506
-1278.500 518.511
1211.500 663.507
1381.500 -25.498
-1342.490 324.501
-1370.500 198.501
-1373.500 216.503
-981.500 990.508
-1384.500 190.500
781.511 1162.490
-1296.500 -535.501
-1078.490 -899.500
899.502 1082.500
-1171.500 -796.491
-1418.500 13.497
-1347.500 -447.499
-1380.490 -332.499
763.500 -1201.500
1222.500 -729.500
-1378.500 381.498
976.500 1051.500
774.823 -1209.100
-1408.500 -275.494
-1388.510 -377.496
-1130.500 897.505
-1172.230 846.152
-1174.470 846.634
-994.492 1055.510
-1459.510 -59.493
-819.053 1213.750
-1071.500 -1008.500
-1362.500 -575.498
-1401.500 -481.503
-1490.500 115.501
-972.497 -1147.510
-1077.500 1050.500
-1217.500 -891.507
1041.500 -1102.490
1306.500 -771.501
-976.501 1159.510
-1197.510 -936.496
-1442.500 -479.500
1524.500 -0.502
-1218.500 915.500
1463.510 441.502
1499.490 -317.500
-1520.500 -189.501
-1491.500 351.495
-1051.500 -1118.500
-1248.510 907.501
1528.500 -230.493
1029.500 -1159.500
1457.500 -538.503
-1535.870 268.390
-1536.280 269.000
-1411.500 -665.503
-1325.500 -828.499
-1501.510 -441.507
-1554.500 -249.495
-1409.510 703.499
-1074.500 -1153.500
1496.500 555.497
1226.490 -1029.500
-1576.500 -282.495
1088.500 -1176.500
1453.500 679.497
-1358.500 -868.499
1318.500 -930.497
-1434.500 -739.499
1620.510 -94.503
1393.500 -834.502
1309.490 -978.499
-1104.500 -1204.510
-1292.500 1000.500
1302.500 -1001.490
-1608.500 354.496
1227.500 -1102.500
-1420.500 -847.504
1518.500 -662.501
-1494.510 -742.485
-1585.490 542.496
-1611.500 -461.496
-1262.500 1104.500
1208.500 1179.500
-1291.120 -1128.120
1278.500 -1159.500
-1330.500 1102.490
-1262.490 1183.510
1335.500 1130.500
-1286.510 -1193.500
-1544.500 838.507
-1489.490 946.504
-1337.490 -1160.500
1489.500 963.497
-1381.500 1123.500
1570.500 843.498
1542.500 -900.500
-1587.500 -850.495
-1565.500 -1075.500
1573.500 -1084.500
1599.510 1093.510
