-1.479 3.957
-2.802 7.310
-49.505 31.495
5.499 82.500
42.506 72.498
-102.494 -5.495
-82.503 -90.499
-74.501 140.507
-81.501 -133.503
-127.500 130.497
-32.502 -189.499
-152.498 180.499
178.984 -173.973
92.503 -234.505
203.499 -153.495
259.503 -11.504
89.496 271.492
-3.501 -280.497
-248.501 -164.504
-9.501 -303.502
-87.508 -295.502
252.504 -203.503
40.499 333.498
-334.500 -60.501
115.507 -320.505
361.501 47.503
-216.504 332.501
-402.496 -70.504
86.498 404.505
-163.493 -374.502
-413.365 125.030
-367.501 230.501
168.505 407.508
-292.501 -332.504
-449.499 -139.494
134.494 -446.505
104.501 -454.497
-26.496 -471.501
407.506 293.498
422.495 283.499
-438.832 263.961
493.497 -121.498
-506.501 104.494
-481.508 -186.494
-448.498 280.497
332.502 410.497
150.498 513.507
234.507 -475.503
-527.506 -103.495
549.500 -119.505
78.501 569.501
-442.497 396.501
-492.502 -326.497
-439.500 -407.501
577.498 -190.488
-466.502 -403.495
360.499 -503.497
-515.487 358.498
-436.277 -446.415
610.505 -128.497
-436.226 -446.829
-631.496 -27.503
-516.497 -361.499
-203.500 -594.500
363.508 521.500
-326.499 -553.497
-372.499 -526.499
425.504 493.496
-541.506 370.507
264.275 600.200
268.911 599.854
244.497 613.503
108.497 653.497
-634.503 197.495
355.503 -554.503
-192.498 650.512
-685.504 9.499
-290.504 -619.495
-377.497 586.493
415.499 558.495
82.494 -691.500
621.502 348.503
551.497 -447.490
243.501 -668.494
-697.501 -181.501
117.507 -706.508
-728.505 45.506
-154.499 718.500
-159.502 -709.500
493.497 -534.499
-497.500 541.501
457.500 -567.500
594.504 446.500
-610.494 431.499
-454.501 594.497
-563.502 -495.503
-306.501 692.504
-134.497 -737.503
-756.497 8.503
736.497 -172.494
444.500 -614.496
-589.506 -495.495
-638.502 442.502
-302.503 -708.506
-708.497 -324.497
565.501 539.507
44.509 -775.511
-746.687 269.033
-471.498 -634.499
-750.242 268.687
-365.503 716.491
-172.504 786.501
402.495 698.497
-55.495 -800.505
797.498 121.496
804.506 76.500
-794.491 -166.499
-584.504 -561.502
-815.501 -13.502
-212.496 -784.506
181.501 -800.495
493.503 -658.509
645.499 521.499
620.498 -545.497
-669.497 -489.506
-487.502 -689.507
603.504 -592.499
-166.501 -831.497
-730.495 -437.498
-828.512 210.501
-697.498 -490.503
476.496 722.499
53.494 869.500
-695.504 -521.508
245.509 -834.501
41.509 -869.503
-30.503 879.497
-519.496 -706.505
-91.508 -883.501
488.493 751.497
818.504 370.509
306.500 -842.502
480.496 -757.502
437.500 793.498
383.302 824.076
-88.497 907.498
382.502 830.504
-865.499 305.501
147.504 -899.504
901.503 -171.497
-825.502 423.499
-846.500 -374.500
-268.506 891.498
-907.495 216.504
-563.501 -739.497
-936.503 12.501
-819.494 461.498
26.503 -935.495
-421.499 -839.500
931.500 -154.508
-40.504 -947.497
-846.989 -437.163
-501.217 -813.735
-501.174 -813.826
-856.499 -432.502
-57.495 962.497
98.500 -953.496
-431.499 868.490
-891.504 -376.493
471.497 -843.501
-343.503 -912.496
975.501 -66.498
413.497 -885.504
308.501 -929.495
983.501 64.496
955.500 -238.498
-83.499 -995.497
-17.501 -1002.500
816.503 -597.501
-974.503 300.507
-575.503 845.499
-893.504 -511.499
-829.504 617.504
-917.505 486.021
-931.501 -456.500
-856.498 -589.500
-1015.500 265.500
816.501 658.500
1033.500 -165.495
397.496 974.500
979.499 395.506
-828.498 -654.504
-378.497 997.494
-984.498 413.488
-899.497 -570.506
-746.500 -775.507
-1077.500 -85.505
-1006.500 -406.503
16.495 1089.490
1030.510 -334.505
1048.500 288.501
782.495 -750.499
1030.500 -355.509
1089.500 70.504
-1069.500 242.494
-822.499 -720.496
-243.496 -1066.500
-997.499 466.496
-490.497 -980.502
-526.506 972.498
949.501 -552.503
537.503 -958.502
1103.060 45.138
1038.190 -371.962
1103.410 46.315
105.570 -1098.890
-958.500 -555.499
1009.500 467.494
-122.498 -1103.110
-122.498 -1103.500
-921.496 -626.498
-921.499 -631.802
-1076.510 318.497
-1123.500 -51.505
147.499 -1110.500
-177.498 1117.510
-956.495 -596.509
1127.500 -67.499
120.505 -1121.510
-1041.510 -448.503
989.503 564.500
907.495 698.501
-1077.490 -384.500
353.506 -1084.510
1003.500 -545.503
-1129.500 -206.506
-588.500 -985.502
-26.503 -1148.500
-352.499 -1095.500
1155.500 71.503
353.503 -1101.040
-1161.500 -37.496
119.504 1158.510
-1001.500 -602.503
-978.503 -639.495
-1045.500 -525.500
-1144.730 -253.413
-277.502 -1137.510
-1149.350 -256.399
-830.495 842.509
-1156.840 -234.584
-1156.900 -235.040
-1159.500 232.497
1156.500 246.500
-886.502 789.501
-1036.510 -578.497
-795.501 -880.503
1025.500 -606.495
156.502 -1184.500
-1175.500 -253.497
641.495 1022.510
-1066.500 569.495
856.497 -847.494
1098.500 -502.498
-1064.500 -581.498
-1204.500 -171.501
891.497 -821.499
-841.493 883.508
-785.934 -925.831
-776.305 -934.216
-785.289 -927.212
1189.500 259.500
-674.494 -1012.490
-1087.500 -579.502
737.501 995.495
-1238.500 63.504
-1184.500 371.498
-1002.510 -729.506
-1204.510 309.498
1101.500 -567.497
1178.500 -403.494
-1181.500 -408.498
-942.496 -820.495
-1079.500 -641.501
861.496 -911.506
-515.503 -1144.500
-823.502 -949.500
-504.495 1158.490
-682.501 -1060.490
710.501 -1040.500
-855.501 -929.499
-806.495 980.502
-1118.210 -595.286
587.495 -1121.500
1013.500 -762.499
-1197.500 -433.500
-1129.130 -599.314
-827.500 980.497
-799.507 -998.494
915.497 903.498
-693.503 -1081.500
-1167.500 -550.502
-921.509 -904.500
706.093 -1079.890
477.501 -1200.500
710.698 -1081.600
-1239.500 406.502
521.499 -1188.500
-1251.500 -363.496
1057.500 776.488
-1032.500 820.505
-1217.500 505.504
616.494 -1163.500
658.509 1148.500
-960.502 -908.500
-558.501 -1201.500
1241.500 485.499
767.500 -1085.500
-998.502 898.500
-816.498 1074.510
-1328.500 -244.502
-1036.500 -868.500
837.498 -1060.500
-1243.490 550.503
939.495 -976.498
-1261.500 -506.500
-1363.490 12.505
-1181.500 696.501
1300.500 -428.506
-1220.550 -635.037
946.505 1004.500
-1386.500 43.501
1329.490 390.498
-1389.500 124.499
-1353.510 -338.502
-858.399 -1098.500
-1387.500 -165.499
-1291.500 -534.507
-1394.500 -115.501
-1306.510 517.496
-1034.490 -950.493
1264.500 624.491
-860.498 -1120.490
925.504 -1065.500
-1423.490 140.499
-1006.500 -1012.500
-1424.490 190.497
-1333.500 549.499
-1344.500 -528.503
992.499 -1047.500
-933.503 -1103.500
853.501 -1169.500
-1447.500 158.509
1197.500 827.501
-1227.500 -783.497
-1438.500 249.502
1011.500 -1045.500
-1465.500 65.503
-1034.490 -1035.500
-1430.490 -321.492
1456.500 196.504
-1466.500 165.504
-1429.490 -369.508
-1409.500 -444.503
1315.500 -678.498
-1444.510 -346.508
-1088.500 -1008.510
-1415.500 461.500
-1488.500 -100.497
-1233.500 -837.492
-1347.500 680.504
1042.500 -1087.500
-1473.510 -349.498
-932.500 1199.510
-1401.500 598.501
-1229.500 -897.500
1512.500 177.503
1516.500 -136.496
-1504.500 -289.503
-938.500 -1208.490
1530.500 -60.502
1519.500 206.500
1076.500 -1090.500
-970.498 1196.500
-1391.500 -687.501
1548.500 -99.500
1323.500 -807.503
-1528.500 315.503
-1559.490 -35.498
-1155.500 -1053.490
-1501.500 -486.512
1427.500 696.495
-1551.500 353.502
-1546.500 -368.503
1163.500 -1079.500
-1569.500 -312.499
-1601.500 76.503
-1569.490 362.500
-1550.500 -465.497
-1495.500 658.506
-1617.490 228.498
-1622.500 198.502
1357.500 933.496
1279.500 -1059.490
-1610.500 456.501
-1513.510 733.504
-1457.500 -855.502
-1529.510 732.501
-1439.500 -903.500
-1520.500 -761.501
-1528.500 756.496
1231.500 1193.500
-1544.500 750.496
-1284.500 1150.500
-1620.500 587.503
-1533.500 809.501
1491.500 881.499
1553.500 807.496
-1320.500 -1153.500
1316.500 -1181.500
-1559.500 -851.505
-1619.500 777.509
-1493.510 1152.490
-1501.510 1175.510
1554.500 -1134.490
1618.500 1116.510
