0.501 -0.498
-6.504 -60.511
13.500 -102.503
-21.505 108.503
-124.504 -48.499
122.503 56.506
-134.502 27.503
-66.502 -141.495
5.502 156.505
148.499 72.499
-148.502 -93.497
-186.498 -19.505
158.506 -122.499
-106.499 191.507
222.498 -93.499
106.501 218.493
-40.503 245.509
200.500 149.502
-56.501 -262.506
-118.025 -250.057
-119.438 -249.560
-210.495 -202.504
-239.505 -170.497
-201.486 -219.245
-196.440 -224.562
193.499 231.490
-309.506 47.497
-227.497 -247.505
-126.502 345.503
374.500 -30.498
330.509 -180.496
-15.500 384.500
274.499 275.498
-219.499 335.492
110.499 -388.500
-337.500 226.505
104.500 396.501
352.495 214.503
-141.497 -392.501
193.495 -388.498
336.496 279.492
172.501 423.498
337.499 323.500
189.495 427.505
150.503 444.497
-424.501 -207.497
-444.495 182.500
179.496 448.499
89.499 -479.501
111.499 -478.497
-490.502 41.500
-347.499 350.496
396.499 304.505
280.501 426.497
-452.503 235.495
-245.501 -450.506
-77.498 508.502
507.505 -91.496
-62.501 511.505
254.495 -454.497
276.493 448.497
-511.501 -132.508
-402.495 353.499
-505.512 -187.495
-352.503 412.507
-136.506 539.502
97.495 550.497
-189.503 -527.501
537.501 -190.495
487.503 297.502
512.499 256.500
374.505 438.499
-382.498 -433.497
-22.503 585.504
-126.501 574.500
-78.494 584.506
-153.497 -571.499
592.496 18.506
-452.511 -382.497
-168.506 567.503
-176.501 -574.494
-610.499 -5.501
27.504 610.501
-362.508 499.500
621.499 -31.501
409.500 468.499
-366.494 -505.510
-161.493 -609.506
-474.493 -423.502
638.494 1.503
91.497 644.501
-131.507 642.500
-302.501 -591.499
410.500 530.496
-100.507 668.508
-340.494 -586.494
-681.501 -31.505
-191.503 -661.490
-633.498 269.492
690.506 -40.500
568.505 404.500
-320.504 630.504
226.506 -675.498
98.495 711.498
708.500 146.502
-549.493 -473.503
-59.504 722.500
541.503 -487.498
-549.502 480.498
388.499 620.501
137.500 720.502
-344.493 652.497
-697.511 244.503
160.502 727.503
-485.495 568.493
104.503 741.498
716.512 -225.500
428.504 617.499
339.503 691.509
556.505 -537.495
-756.500 -165.500
-406.503 660.505
554.493 -563.504
172.499 -771.498
-693.504 377.494
-422.489 -673.495
738.499 -296.498
-334.500 -725.499
-753.496 -291.699
-753.497 -295.045
128.500 805.501
394.502 717.502
241.502 795.502
784.498 -291.495
813.498 209.504
173.504 -822.498
390.492 747.501
-397.501 -745.499
837.494 116.503
-806.918 249.817
468.499 705.504
491.494 690.502
-198.504 -825.109
-513.502 674.501
-198.504 -825.498
-477.506 701.504
-841.500 112.499
-852.497 24.508
434.496 734.506
-580.502 -630.501
-792.497 -328.498
-820.500 257.500
-808.501 318.501
823.501 301.494
541.499 -693.505
556.495 683.505
-835.501 283.823
-835.501 283.929
-509.490 -726.498
895.495 -93.503
299.501 852.496
-557.502 713.503
744.499 519.501
-30.502 -908.499
696.498 587.496
-513.506 753.499
-247.506 -879.504
-278.496 873.510
450.023 805.167
-819.503 441.496
-867.505 344.491
457.494 815.500
-44.718 935.425
875.509 -350.501
654.494 -679.501
177.505 -926.503
931.493 161.503
-714.870 619.293
-712.602 622.055
-724.202 611.978
-901.501 -300.503
-45.504 949.499
-749.503 584.500
-908.502 299.497
532.497 796.504
138.495 951.499
660.507 706.494
601.495 -762.499
-970.504 49.497
-49.501 972.502
-866.495 444.505
-916.492 330.495
-925.499 307.505
99.492 970.506
561.495 -804.492
972.498 -154.498
-23.503 983.501
430.489 -894.499
-990.505 -82.506
219.505 969.504
-695.509 -713.505
-868.505 501.503
292.500 960.494
981.495 235.500
-1009.500 -14.503
1011.500 12.504
-947.506 355.497
-818.501 596.496
-804.492 615.499
-797.494 -634.498
-543.509 862.498
-366.493 952.506
48.511 -1022.500
-843.500 585.500
-883.508 -527.500
848.498 584.501
-924.499 453.490
-786.498 669.498
-824.440 623.487
-891.253 523.595
-844.983 608.559
-844.944 608.968
-903.497 518.493
987.501 341.498
677.501 -797.497
186.501 -1034.500
-214.502 1029.500
476.497 938.499
1053.510 -49.499
1052.500 146.496
-903.500 558.500
1043.500 -206.502
746.504 762.499
-652.494 843.497
654.291 844.921
882.496 -605.503
-406.500 -994.498
-876.496 621.504
1072.500 103.500
647.499 861.501
-9.497 1078.500
-548.497 930.497
-1072.510 155.496
-857.504 669.491
371.499 -1024.500
-725.499 813.500
797.505 745.501
-748.498 795.500
-389.497 1023.500
-1009.500 -439.497
-492.506 -985.495
207.500 1083.500
207.500 1083.890
688.506 -864.498
-676.504 872.496
-880.494 669.498
-836.507 725.500
-1086.330 260.827
-1086.390 260.726
817.502 762.496
-1044.490 -411.503
-1103.510 -212.504
-1058.490 392.505
-1107.500 -257.496
1019.500 -506.506
668.496 -923.496
982.504 577.503
-960.500 614.497
879.509 729.496
1006.500 543.495
117.500 1137.500
-954.502 642.499
-864.500 759.491
-680.497 -929.497
-174.500 1144.500
667.497 -947.498
1159.500 -57.503
-266.508 -1132.500
929.500 -702.494
-464.492 -1072.490
-609.501 996.500
-1103.500 -387.500
1169.970 -67.722
-102.504 1166.500
-973.500 -655.501
-944.493 698.505
1178.510 75.498
567.490 -1037.500
1015.500 614.499
-1173.500 187.499
936.496 737.496
1160.500 -278.500
-1146.500 -330.507
1173.500 238.504
-972.499 698.496
-561.492 1060.490
-1184.500 222.503
784.505 927.501
1214.150 -92.080
1204.500 181.504
-797.498 920.498
993.505 -710.502
1218.110 -87.679
1089.500 574.503
-1230.500 49.500
339.499 1192.500
-897.504 857.495
596.506 1092.500
476.500 1153.500
-311.501 1211.500
1215.500 313.501
-1217.490 -306.502
1223.500 -300.503
-1182.500 452.504
1243.500 -255.500
-1159.510 -516.499
-1263.920 123.337
-1263.940 123.415
-721.498 -1047.500
-631.501 1104.500
1153.500 554.505
696.500 1074.500
-1217.500 -397.496
-1124.500 623.495
-1285.500 118.495
-784.494 -1026.500
-1282.500 155.506
-1277.500 219.504
-768.505 1049.500
1278.500 249.494
908.493 -937.497
-1303.780 96.528
-1305.320 74.930
-1303.670 99.497
502.489 1207.500
-1302.500 123.501
-668.503 -1125.500
1309.500 -52.498
1224.490 -473.497
-1309.790 98.340
1238.500 -451.505
-1182.500 -584.486
1283.490 312.503
832.501 -1026.510
1212.500 525.502
-1317.110 106.657
869.504 996.506
-673.571 -1139.350
-1318.500 111.506
-620.499 1182.500
-1125.500 720.496
-651.502 -1171.500
-1012.500 -886.503
991.499 911.502
-1070.500 -827.500
-961.497 951.502
884.505 1026.500
1195.500 -646.499
1288.490 -434.507
-990.505 -936.498
-935.501 1002.500
1079.500 849.501
1373.500 -176.503
-1296.500 484.503
956.501 1003.500
1390.510 75.494
-1367.500 275.493
-898.491 -1072.510
-1308.490 -506.504
-773.500 -1175.500
-1083.500 913.504
1354.500 -422.502
1412.500 -139.499
-1020.500 -988.495
829.505 -1155.500
1279.500 -628.497
1431.490 -19.505
-1231.490 -731.494
1217.500 771.494
-909.498 -1122.500
1094.510 951.497
-1385.500 -437.501
-1451.500 64.493
-1414.510 335.492
-853.505 1179.500
-1100.510 955.496
1458.500 51.498
-1082.510 977.495
939.505 -1120.500
1400.500 -426.501
-1251.500 760.505
1394.490 470.502
1041.500 -1040.500
1127.500 946.501
905.496 -1168.500
-1436.500 -438.503
-1020.500 -1112.500
928.502 -1205.500
-1122.510 1044.500
1438.500 535.498
-1037.500 1141.500
1540.500 -102.503
1494.500 421.496
-1266.490 902.506
1014.500 -1186.490
-1147.500 -1060.500
1055.500 -1164.500
-1565.500 -139.499
1178.490 1043.510
-1496.500 -497.505
1373.500 781.499
-1075.500 -1159.500
-1565.500 -221.499
-1585.490 19.495
-1605.510 -119.495
-1559.500 -400.503
-1418.510 -764.496
-1257.500 1008.500
-1119.500 -1167.500
1577.500 359.503
-1306.490 -961.504
1439.490 755.500
-1133.720 -1174.610
-1133.610 -1175.160
1286.510 1006.500
-1605.500 -320.508
-1179.500 1172.500
-1450.510 820.499
-1333.500 -1015.500
1195.500 -1191.500
1417.500 919.496
1198.500 1197.500
-1487.500 -812.502
1588.500 607.502
1260.500 1148.500
-1425.500 -954.503
1359.500 1052.500
-1296.500 1140.510
1461.500 936.502
-1498.500 -898.496
-1294.500 1174.500
1455.490 975.498
-1575.500 -801.498
-1406.510 -1100.500
-1389.510 1132.500
1489.510 1056.500
-1460.500 1098.500
1583.490 -1102.500
-1569.500 1123.510
