0.505 -0.497
80.503 28.506
-87.771 -0.010
-89.068 1.242
103.499 -20.504
29.498 106.496
105.497 47.502
-120.500 -16.500
-95.505 -131.498
168.493 6.503
152.505 88.503
-15.505 181.502
-189.498 68.501
16.510 -228.505
-196.500 126.504
102.495 216.500
226.500 -87.497
-154.507 -199.500
197.501 189.499
-0.497 285.502
20.495 -286.495
270.504 121.497
159.498 -260.498
207.508 -228.499
-323.503 -133.506
-351.501 13.499
-300.497 183.505
160.501 -315.495
-336.271 107.953
-44.496 359.499
358.508 75.510
121.499 -348.500
363.504 -93.499
16.951 377.883
-232.502 308.497
9.501 392.598
-205.493 -337.501
-153.500 367.496
-155.499 -374.496
331.503 242.500
4.496 -418.500
-142.497 394.499
-206.505 365.498
-376.490 -194.506
396.506 154.504
413.496 103.505
376.489 -202.500
-120.494 -426.508
335.498 296.499
304.503 -339.504
-156.497 -430.501
-194.500 427.499
477.498 -51.500
424.501 227.503
131.504 470.496
9.508 488.501
453.507 201.492
496.250 -33.544
504.500 -27.496
130.499 491.498
-159.501 487.506
-33.501 514.502
-436.495 -278.493
-230.494 -466.495
517.500 -58.501
-68.501 515.496
306.500 -424.501
-131.491 506.499
-397.496 -343.501
293.505 439.502
-363.495 386.499
-520.502 -129.498
-237.497 485.500
115.499 530.492
-274.490 -469.495
-0.335 546.500
-14.479 547.997
449.501 -326.503
182.505 -529.503
353.501 -437.503
499.490 -265.497
-560.502 -96.503
556.496 -139.502
-44.497 578.496
573.497 -96.505
-397.495 427.500
431.494 -395.505
304.501 499.498
506.497 -303.499
-371.500 -459.496
-507.505 303.502
-189.494 561.499
-604.494 16.497
172.507 588.504
-608.494 87.494
545.499 288.500
467.501 407.497
-619.503 14.498
-624.698 8.456
-422.499 468.502
268.500 -578.494
-546.499 328.496
581.497 -269.500
137.493 -628.495
566.499 305.503
-627.498 -211.498
-283.503 603.493
-617.499 293.504
253.503 636.495
-57.496 683.499
-608.503 -345.499
-292.496 -642.496
680.497 192.503
-147.502 691.500
532.510 470.500
-275.496 -655.508
648.499 305.498
716.503 -37.503
-23.500 -724.502
662.498 -298.497
577.496 448.495
-639.500 368.498
421.503 607.501
740.503 -75.506
-389.496 638.505
-312.497 685.492
-590.499 471.495
-63.494 -759.492
-498.014 581.446
-187.500 742.504
-272.602 718.152
754.496 151.500
-274.521 721.384
733.504 -248.496
-747.503 -204.500
531.498 -572.500
781.501 -14.493
756.500 201.504
-711.503 327.506
165.745 766.573
766.494 -177.498
785.259 -55.773
785.492 -56.967
562.500 551.502
726.500 306.496
-351.493 705.498
504.500 608.504
-447.496 654.154
-443.705 659.286
-319.498 730.500
-786.492 138.505
-733.694 -318.803
76.497 798.494
688.499 414.502
-737.281 -320.608
-411.501 692.501
-430.509 683.492
-391.514 707.499
819.496 -45.496
-244.501 783.494
-270.503 -776.502
247.510 783.500
-289.487 778.501
815.498 167.504
-343.496 762.500
349.501 760.501
-506.497 670.500
603.500 -592.496
504.492 680.497
97.502 848.504
860.944 13.738
-428.501 746.506
-858.495 -85.504
864.045 13.269
501.488 -713.500
573.504 -659.500
-607.494 627.494
253.491 -845.505
-876.497 94.499
117.504 879.498
884.498 84.499
-317.502 831.500
-649.505 609.500
831.500 331.499
-601.503 663.503
728.503 -533.497
845.502 -341.496
548.499 -737.501
-149.501 -907.500
-616.495 -683.499
921.495 101.498
-148.496 921.505
920.500 -180.498
-469.494 811.499
-378.503 858.504
103.504 936.492
-33.504 943.498
629.497 706.500
629.497 706.891
846.499 -427.499
-846.507 -436.500
613.503 -730.500
931.503 -211.496
-942.496 -150.505
-597.504 750.503
-167.498 947.500
-738.501 -618.500
891.498 380.495
847.499 -473.505
-784.510 573.505
-321.993 917.500
-144.502 962.498
-331.323 917.498
-467.501 864.496
-600.500 778.501
-745.497 645.500
-987.501 -73.500
935.499 -351.494
291.502 957.502
966.503 -270.503
-72.497 1000.500
-225.499 977.499
-535.505 848.503
-830.500 568.499
996.502 154.497
638.498 -783.501
-987.498 232.500
-50.500 1013.500
-872.494 -520.509
409.504 936.495
-99.500 -1020.500
735.498 714.495
621.491 816.500
-1016.490 -148.503
-393.502 949.496
-894.506 -509.509
473.509 917.493
-679.493 781.501
-792.502 -671.494
-358.498 974.503
1042.500 -63.499
-750.497 -736.498
502.500 -928.504
-907.499 541.496
-50.500 -1061.490
-804.494 695.506
-661.501 -841.501
566.499 910.497
441.499 -981.494
258.505 1045.510
911.500 -578.500
-769.496 755.503
685.512 843.499
1059.500 249.497
641.492 880.496
942.503 548.498
-829.502 706.501
-848.503 690.493
1086.500 147.503
-172.509 -1083.500
-887.498 643.503
136.503 1089.500
1026.500 405.494
192.493 1088.510
-835.499 732.487
-1091.490 212.500
1114.490 -59.498
424.495 1033.510
-1007.500 484.492
461.500 1021.500
1062.500 -373.497
-271.497 1094.500
36.629 1129.370
36.598 1129.440
1104.500 250.343
-854.501 -752.504
-668.824 925.433
-691.503 912.498
-667.500 930.661
1143.500 -106.504
565.503 1004.500
1105.500 -332.510
-1011.500 554.501
-14.499 1154.500
899.504 727.497
-938.494 676.497
701.496 925.494
-908.498 724.502
1160.510 79.495
-688.098 937.959
-688.157 938.416
12.499 1165.500
328.495 1118.490
-82.498 1165.490
-1157.490 173.495
-810.504 844.507
-866.496 -792.492
842.035 821.635
1085.490 -458.500
-1139.510 302.504
865.500 808.498
-1092.500 -477.500
-685.500 977.487
-1022.490 630.497
922.498 772.502
1180.500 238.501
506.504 -1097.490
688.496 993.505
-1058.510 590.506
-1151.500 -385.508
1215.500 -34.501
1214.500 59.497
886.497 832.503
1174.490 -337.496
-1219.500 64.496
779.501 947.500
1198.500 272.499
1226.500 -132.499
-765.501 969.504
1209.890 257.317
1132.500 -498.497
1144.450 -494.444
-348.497 -1204.500
-905.502 881.497
-900.494 -889.497
612.498 -1108.500
652.501 1084.510
916.502 -882.500
1266.500 -144.501
-1248.490 258.501
-441.500 1197.500
-1192.500 471.500
795.504 -1009.500
1255.500 -294.509
-1208.500 448.506
-1103.500 -668.500
-741.499 -1057.500
806.497 1023.510
1300.500 110.500
-528.506 -1198.490
-682.498 -1125.500
-943.496 921.499
1321.500 -68.504
-1195.510 -565.498
-1226.500 494.495
1305.500 234.505
-723.507 1115.500
1220.500 530.504
-1318.500 -186.500
852.500 -1043.510
1330.500 -223.498
-1020.500 888.509
653.502 1187.500
1066.490 -840.497
920.495 -998.493
-782.500 1122.490
1368.510 -89.500
695.498 1193.500
-822.504 1114.500
800.500 1137.500
-1292.500 -517.502
780.498 -1154.490
-1393.500 -31.502
1293.500 -525.502
798.496 -1149.500
1397.500 -85.499
1036.500 -948.499
-1232.500 673.495
1293.500 -558.498
-1379.500 309.500
1228.490 706.496
1295.500 582.487
-1419.490 69.493
1280.500 622.507
1414.500 184.493
-1115.490 908.502
880.509 1140.510
1434.490 160.503
1090.300 948.851
1084.500 962.505
-1455.500 26.499
-1008.490 1051.510
1457.500 -115.504
982.499 1083.500
-1365.500 540.500
-1386.500 495.500
1020.500 -1066.510
1416.490 434.501
1473.500 197.494
-1047.500 1067.500
-1483.500 -212.496
-1201.500 -896.497
1491.500 -159.500
948.495 1168.510
-950.502 1167.490
-1368.490 -635.498
1222.500 885.503
1508.500 84.501
1406.500 -562.503
-1407.510 -560.509
-1518.500 -52.497
1521.500 4.501
-1229.500 900.500
-1252.490 868.509
-1350.510 712.504
-1008.500 -1153.500
-1120.510 1046.510
1522.510 -262.505
1544.500 -53.501
1524.500 -298.501
1253.500 922.491
-1256.170 -931.449
1111.510 -1111.500
-1224.500 984.496
-1535.500 349.498
-1531.500 372.506
-1554.510 278.496
-1551.500 335.501
-1406.500 739.493
1571.500 -247.506
-1106.500 1141.500
1078.500 1188.500
1518.500 522.498
1367.500 846.507
-1281.500 970.505
-1325.500 912.501
1296.500 956.506
-1579.490 323.498
1366.490 -860.501
-1144.500 1137.490
1402.500 809.498
1493.500 -639.498
1436.500 768.501
-1174.500 1142.500
-1194.500 1137.500
-1519.500 656.505
1456.500 795.501
1368.500 -941.501
-1567.510 559.499
-1181.500 1184.500
1432.500 871.502
1576.500 -574.500
1378.500 -974.499
-1541.490 691.501
-1499.500 792.501
-1607.510 563.502
1480.500 -848.498
1345.510 -1051.500
1371.510 -1017.500
-1447.500 906.495
1384.500 -1002.500
1347.500 1055.490
-1465.510 884.493
-1328.500 1083.500
1239.490 1188.500
1514.500 -813.504
1603.500 641.500
1391.500 1032.500
-1404.500 1020.500
-1347.500 1113.500
-1274.500 -1209.500
-1378.510 1108.500
-1498.500 955.490
1444.500 -1077.500
-1618.500 -828.496
1502.500 -1037.500
1428.500 -1153.500
-1443.500 1185.500
1464.830 1166.500
1475.680 1166.500
1617.500 -965.495
-1452.500 1207.500
1460.500 1208.500
1539.490 1196.490
-1596.500 1140.500
