0.497 -0.504
-78.505 -67.993
-98.500 67.506
92.497 107.496
37.497 142.497
-156.502 10.503
63.498 -146.497
184.495 -30.505
-59.501 246.500
-265.505 -52.498
-138.499 257.505
-249.497 176.497
-105.507 -302.504
248.501 -254.500
291.501 205.500
315.504 -179.501
361.502 39.494
-40.503 370.504
-47.509 -387.501
-197.505 350.497
406.511 39.499
394.504 -121.503
131.496 393.503
-379.498 -185.499
448.494 -7.505
-435.495 -161.504
-167.502 -445.493
483.493 -14.501
-484.003 -19.996
409.498 -314.505
462.499 -249.502
520.493 88.502
201.493 488.511
299.500 -445.496
514.502 -155.505
503.500 188.502
-511.501 171.492
160.496 -516.501
-536.501 -148.496
316.501 -460.498
-458.502 328.496
-411.499 -395.502
573.501 -58.494
554.502 173.501
576.499 84.504
-103.496 601.500
-169.502 -587.499
611.500 -20.502
280.503 547.502
570.496 -233.506
-238.501 -570.502
215.502 -581.499
-559.501 276.506
-450.482 -442.588
-450.202 -445.145
572.504 -276.501
-515.505 -374.496
266.504 -587.505
-320.497 -561.494
660.494 -83.500
82.501 665.499
631.496 251.506
-609.499 316.493
-321.489 608.497
-213.496 659.504
-48.503 -695.500
370.497 -601.500
-627.500 -353.497
-24.498 -726.504
617.501 407.501
-700.505 255.496
-724.498 -191.506
752.509 -60.502
-250.500 715.499
273.497 719.499
375.496 672.502
779.499 -39.499
-740.494 -255.492
564.499 546.493
758.502 214.501
-629.502 473.503
-806.494 34.493
782.496 -212.500
114.501 805.502
817.502 21.500
483.501 -664.501
-781.858 -250.230
505.505 647.503
-783.078 -252.531
823.491 -29.500
642.498 523.496
-206.504 804.499
-264.503 792.502
-686.509 489.507
-826.508 167.495
-328.495 -782.499
414.507 -742.501
566.026 639.071
502.500 693.497
502.500 693.887
-636.502 -576.506
860.348 11.038
140.504 854.501
-293.499 815.498
-816.507 293.506
234.501 844.497
253.497 839.497
-847.503 224.498
153.504 -868.499
-349.502 -809.492
-877.503 -127.503
-439.505 -773.503
-590.500 664.508
50.503 -893.499
0.498 -900.500
-867.495 -241.494
825.499 -371.503
-871.728 -247.241
777.504 -470.503
-17.505 -917.505
907.494 -159.495
811.502 -438.499
-896.506 -223.500
354.501 853.502
-369.499 853.498
-833.507 424.501
286.495 -896.499
591.503 742.495
145.496 -941.492
-184.490 934.500
880.503 368.499
-952.505 -54.498
956.499 -151.497
-842.499 -480.506
717.503 -655.502
-681.495 -692.505
-801.499 577.499
715.502 684.499
464.493 -876.506
-778.502 -623.503
791.505 -608.499
991.506 -147.491
-420.496 909.510
701.501 -721.504
969.492 268.505
-745.498 -679.499
989.499 216.503
520.493 -884.499
689.803 759.887
693.441 760.590
-975.499 337.497
1032.500 65.495
672.504 785.501
822.505 -631.504
1015.500 -221.500
285.499 998.497
-1038.500 109.494
-979.497 368.500
-531.507 -904.500
857.507 604.500
221.506 -1031.510
-290.505 1013.500
977.501 -398.499
-783.502 707.501
1033.500 221.503
1051.500 108.498
1055.500 -66.496
525.499 920.504
997.499 384.499
633.502 -862.507
516.498 -937.500
-1054.500 -192.498
-1008.500 364.508
-454.494 971.501
-308.495 -1033.500
334.500 -1028.500
-258.498 1049.510
860.503 -667.500
1033.500 350.501
227.499 1068.500
1041.500 -367.510
821.497 -746.500
899.501 649.498
-1108.500 55.505
-677.498 -880.494
549.492 972.499
-638.497 920.498
208.495 -1103.510
1126.500 6.501
-946.508 -620.500
-152.503 1128.500
-1080.500 -361.495
840.502 776.505
297.501 1110.500
1144.500 139.510
892.502 -734.500
-90.499 1151.500
25.494 -1161.500
1096.500 386.501
679.497 -955.490
-258.503 -1150.500
-793.504 -874.492
1096.500 -441.511
696.499 956.500
-938.501 722.500
247.492 1160.500
-531.670 -1063.590
153.499 1184.500
-276.502 -1165.500
-542.426 -1069.810
-966.498 711.507
-565.499 1061.500
-1031.500 -623.501
261.499 -1186.500
137.493 -1207.500
701.516 992.756
-492.497 1114.500
704.494 1001.500
1026.510 -672.500
-1072.510 597.503
645.499 1045.500
1231.500 -15.498
-1022.500 687.500
296.503 -1202.500
1241.880 36.836
777.500 968.502
-872.501 891.008
-872.501 891.110
692.500 1048.500
1010.500 -748.504
1033.500 716.502
407.502 1189.500
536.497 1137.500
-696.499 1048.510
843.497 -937.499
1189.500 419.505
-1251.500 150.510
-1067.500 673.503
802.499 976.503
-1197.500 414.493
464.500 1186.510
-1275.500 -86.504
1150.500 -575.494
1278.490 -141.490
-954.499 865.501
1084.500 707.501
821.504 1004.500
1296.490 80.501
1122.500 654.499
-1246.650 364.057
-1251.150 363.670
-1304.500 -72.499
-612.502 1164.490
-1303.500 -195.510
899.495 968.496
1315.490 -136.497
1260.500 406.500
1210.500 540.499
1317.500 -154.500
-1011.500 -870.497
1234.500 513.500
-1256.500 470.504
1344.500 42.500
1202.500 605.493
883.505 1016.510
-1171.500 699.499
1171.500 -716.499
-1290.500 -471.498
1132.500 798.494
1295.500 505.507
1368.500 -256.503
-1280.510 -556.497
-924.494 1046.500
-1115.490 855.494
969.499 1026.490
-1274.500 606.496
1420.500 -54.502
887.501 -1111.500
-1369.490 389.508
1288.500 -621.494
765.494 -1212.500
1322.500 585.498
1220.490 -799.501
-854.506 -1185.500
1068.490 -1019.510
-1478.500 -77.507
1155.500 -931.503
1376.500 562.499
1459.500 299.501
1274.500 774.499
1458.510 322.501
1363.510 616.505
-1413.490 507.501
-1089.500 -1039.500
1466.500 -348.503
1501.500 -178.502
-1485.500 -298.500
1025.500 -1127.500
-1018.510 1132.500
955.499 1190.500
1313.500 788.496
1492.500 -349.504
-1464.500 -455.504
1534.500 -30.499
1317.500 -788.500
1516.500 302.508
1390.500 679.495
1523.490 -284.497
-1515.500 -353.495
1461.500 -543.493
1304.510 872.494
-1329.500 841.503
-1554.500 252.500
1572.500 -109.500
1485.490 532.498
1147.500 1088.500
-1187.500 1049.500
-1131.500 -1117.500
1477.500 590.499
1306.500 -921.508
1585.500 -205.497
1540.500 434.503
1383.500 817.499
1491.500 -600.495
1543.500 511.509
-1551.500 -490.493
1272.500 -1016.500
-1482.500 672.499
1615.500 -233.497
-1282.510 -1019.500
-1554.500 -524.501
-1616.500 294.495
1580.500 483.500
-1168.490 -1174.510
1320.500 1011.500
1281.490 1066.500
1289.500 -1069.500
1353.500 -1028.500
1483.500 -865.509
1265.340 1166.500
1383.500 -1026.500
1607.490 -619.498
-1492.500 862.498
1450.490 -938.498
-1578.500 728.491
1288.500 -1174.500
1570.500 799.500
-1609.510 -725.493
1534.500 893.505
-1388.500 1105.500
-1306.500 1211.500
1345.500 -1203.500
1367.500 -1200.500
1393.500 -1186.500
-1463.500 -1104.500
1594.500 -1037.500
1504.490 -1189.490
-1516.500 1196.500
1572.500 -1147.500
-1612.500 1139.500
