0.502 -0.499
5.509 119.491
32.497 -141.498
-187.501 0.499
-178.496 -136.503
-50.499 -223.497
160.496 195.498
-9.506 259.496
230.500 143.497
-151.502 231.493
-127.506 -249.495
276.507 -113.501
-298.493 53.508
329.507 -47.502
-13.499 -342.506
-242.500 243.501
-11.502 346.500
88.499 -357.497
390.502 34.505
-406.503 11.496
-296.502 288.503
-157.501 -385.505
315.499 -289.498
301.503 312.501
373.499 -265.507
458.493 52.499
447.502 113.502
480.499 -8.508
-414.500 262.504
-481.502 155.505
-200.495 -467.497
-268.496 433.499
380.498 -345.496
-484.490 186.499
361.501 383.503
-72.500 537.504
-62.499 -544.504
134.499 -546.504
457.495 331.498
554.497 124.499
267.496 -509.499
-27.499 603.502
-570.494 -212.496
-610.504 -34.504
-123.496 608.500
-617.499 -84.497
249.500 -572.497
190.494 602.500
-641.500 -72.502
170.499 623.489
-223.500 618.507
657.407 72.347
657.639 72.959
165.501 -652.495
645.504 204.499
248.494 634.502
-644.500 237.505
-481.501 -497.496
-627.504 292.495
437.507 -541.506
-564.498 -408.501
263.501 -661.500
588.500 403.503
-512.500 -498.495
-655.373 289.418
-604.495 385.509
178.501 699.502
429.500 -586.496
-495.498 533.500
291.830 674.031
301.674 672.655
45.509 737.496
420.502 609.502
-17.503 751.500
-541.497 542.499
767.502 129.491
780.501 -13.504
788.507 -54.505
31.502 800.500
682.496 434.504
-785.503 -216.501
670.495 -475.497
-768.499 302.497
-728.504 434.505
248.493 -816.502
-216.497 832.498
-860.504 -25.502
-657.500 -563.506
-201.499 842.499
858.502 -131.502
-60.502 872.497
866.497 130.501
142.375 865.764
145.502 871.505
627.496 -624.497
-717.497 -525.501
874.502 -178.499
-157.499 -878.500
135.502 -882.501
164.503 883.505
-899.504 -29.499
-324.495 -844.507
-766.501 -490.501
162.504 -898.503
866.506 294.503
878.495 -273.507
-926.502 5.506
-31.500 -937.496
734.500 -584.504
-840.498 415.502
-804.504 503.502
-813.502 536.504
983.496 -83.501
761.498 -660.502
864.502 521.498
933.500 -387.506
798.510 -632.503
385.504 -944.497
108.494 1017.500
-894.500 509.502
-1029.500 -101.500
-770.500 693.505
258.501 1004.500
-969.500 -372.503
-0.502 1041.500
27.496 -1054.490
-1005.500 -327.500
-690.501 801.509
25.323 -1061.770
699.500 802.506
-477.504 -954.503
449.496 -976.502
-431.492 987.499
625.500 -884.494
-662.500 859.498
1078.500 -131.499
479.491 974.499
192.499 1069.500
577.512 -931.494
1071.500 229.497
925.464 603.493
370.500 -1041.500
-1010.510 473.504
909.499 656.502
-647.499 917.496
29.492 1129.500
-745.491 858.507
-1031.500 480.504
405.505 -1073.500
-840.502 -785.497
1003.500 -564.501
-917.501 -696.502
689.501 926.497
-1051.510 478.500
1089.500 -389.497
1120.500 334.505
-1114.500 362.498
1011.500 -596.495
-98.494 -1170.490
526.506 1056.500
1183.500 79.501
1183.500 79.893
-105.547 -1182.460
162.499 -1178.500
-104.491 1184.500
895.497 -789.503
-1164.500 264.506
-563.500 -1067.500
1059.500 -587.499
-23.500 1210.500
360.495 -1157.500
-458.499 1121.500
978.501 721.503
613.503 1050.500
643.495 -1043.500
-1225.500 -97.500
1235.500 50.499
-1232.490 -168.497
860.495 899.493
579.493 1104.510
470.498 -1164.500
-1253.500 -69.496
1026.500 731.494
-896.495 -898.502
-532.498 -1152.500
429.503 -1200.490
505.489 -1174.510
1154.500 -569.502
-1199.490 466.501
-609.504 -1148.500
-1016.500 -824.506
-648.507 -1152.500
1002.500 870.497
1161.500 -658.502
-779.497 -1087.500
1349.510 -30.501
-1225.500 570.496
-1269.500 486.507
1293.500 427.507
1213.500 633.507
-1222.500 624.497
809.504 1112.500
1095.500 -838.497
-742.494 -1164.490
1381.500 -19.504
-662.497 1213.500
1187.500 -727.498
-1300.500 -497.492
1036.510 955.502
-1296.500 571.504
1270.500 630.493
-1015.500 990.507
874.507 -1123.510
1240.510 714.497
1333.500 -547.506
1349.490 -516.504
-1443.500 -65.492
-1292.500 -663.496
1134.500 -910.502
-1401.510 -399.499
-1425.500 328.493
-1243.500 773.505
-1164.500 -896.499
-1469.500 2.501
-937.500 -1141.500
1459.500 -280.491
-1142.500 956.508
1473.500 262.502
-1188.510 -911.495
1495.500 -124.502
-1516.500 -103.501
1200.500 938.503
1527.500 -35.498
1299.500 -813.500
-1026.500 -1153.500
-1545.500 5.505
-1100.500 1090.510
-1191.500 994.499
1468.500 -525.501
1555.510 -120.500
1382.050 795.518
-1464.500 638.500
1223.500 -1030.500
-1565.500 362.500
-1129.500 1146.500
-1526.500 -518.504
1485.500 646.502
1394.500 874.505
-1409.500 868.499
1325.500 993.500
-1455.510 -800.503
-1181.500 1181.500
-1244.500 1145.500
-1512.500 784.497
1558.500 -762.499
-1535.500 830.506
1433.500 -1044.490
1432.500 1056.510
-1563.500 -887.496
-1359.500 1205.490
-1611.500 850.503
-1513.500 -1052.500
1594.500 -931.502
1523.500 1078.500
-1557.500 -1049.500
1566.500 1057.500
-1497.500 -1195.490
1593.490 1073.500
1532.500 1178.500
1551.500 1180.500
