0.499 -0.506
-41.491 -91.500
37.506 -100.503
107.497 -2.498
-94.498 58.506
105.495 -41.500
77.505 123.500
14.501 147.498
74.496 147.499
35.579 167.670
-144.500 107.499
36.488 183.503
-82.500 183.502
-189.502 116.503
-227.499 -17.500
-120.504 197.501
85.500 -219.505
32.584 244.421
155.494 -196.494
27.848 249.259
-229.499 -109.498
-211.497 -158.503
-254.505 69.497
207.500 175.500
-258.497 116.500
296.496 -15.501
112.504 280.504
-278.499 117.499
-9.500 305.496
228.503 -205.501
185.499 275.496
333.505 -15.498
-252.499 222.501
-297.509 -158.501
306.500 143.505
263.500 215.493
162.503 -300.504
-339.495 55.501
-279.493 -204.502
347.504 -66.506
360.495 -84.499
367.504 -60.502
-65.497 365.492
267.502 259.503
279.502 -249.495
205.500 -326.488
379.502 69.497
-9.491 -402.506
299.493 270.493
-35.500 430.498
-391.502 219.498
140.501 428.498
274.496 -359.501
120.504 440.496
-355.878 286.163
-355.430 286.839
165.494 -437.502
-468.500 14.500
-402.501 -258.498
-130.501 460.496
-330.491 -347.498
-405.505 275.496
-98.225 486.387
441.503 -240.497
259.506 -431.507
-95.501 493.502
-12.740 -510.744
-348.187 372.498
-13.553 -512.005
-359.119 372.501
483.499 204.499
-516.507 108.498
-365.501 -388.495
-496.502 195.505
-483.506 -246.506
-137.511 542.508
-184.501 528.499
420.506 386.503
499.505 -289.504
-217.506 -563.499
-565.499 -231.495
-195.502 579.497
505.504 -350.493
-604.502 117.500
370.500 -495.501
-308.507 -541.502
-621.502 106.496
499.494 400.500
-12.503 640.497
213.503 -606.504
-625.503 223.501
-65.489 662.505
-307.508 -603.498
612.494 295.495
195.494 -661.496
-544.496 -427.492
694.494 -44.504
-679.501 -147.506
-185.501 -674.496
-394.494 583.503
450.504 543.492
689.501 -183.498
-90.504 719.496
-440.499 -578.504
-546.496 -479.494
-693.502 -244.498
409.498 615.496
-711.503 200.504
46.510 -751.500
704.504 -285.499
437.495 -623.506
473.493 597.495
-46.502 775.504
-618.493 -491.503
-673.497 415.499
-383.507 -693.497
755.501 -256.503
-49.505 797.502
-787.499 -145.498
-555.495 -580.506
764.495 275.504
-552.501 597.501
-800.498 -176.498
386.499 726.491
796.496 217.503
-275.495 778.495
-800.492 218.501
632.494 541.504
160.501 824.506
-58.498 840.502
-560.495 -638.503
365.505 -777.506
544.502 664.495
-849.499 143.498
-863.503 42.502
-812.500 -296.506
655.499 -573.501
143.499 -859.505
-323.406 -809.472
643.499 -593.490
764.502 -426.497
290.494 -827.501
870.495 134.496
335.497 819.499
486.502 746.499
-859.671 -237.024
-864.497 -220.500
-884.498 135.500
-826.500 -351.509
-891.492 -114.503
-879.503 -199.491
705.506 568.502
-635.500 -649.494
-674.500 -616.502
834.499 -375.500
877.496 -261.504
914.504 -83.499
206.496 -897.498
737.858 552.712
-877.501 -282.496
921.497 80.507
734.501 566.500
891.498 -280.501
-346.505 868.499
-934.508 -61.500
279.495 904.495
952.506 -43.504
244.500 -923.495
909.500 -292.505
-37.501 954.504
-533.496 795.494
3.498 -959.496
895.498 348.496
326.501 905.505
86.500 961.495
-744.491 620.499
-741.503 -630.502
-777.498 587.495
-975.502 -14.497
-974.789 47.924
-737.495 644.491
-122.499 972.501
-551.494 813.492
-829.496 532.503
-986.506 49.505
949.504 278.499
-199.503 972.502
986.499 -137.502
-178.495 -980.504
697.504 717.496
-817.500 579.494
953.498 -313.498
-623.497 794.497
-971.505 -283.500
159.496 999.501
953.507 344.497
-1012.500 45.493
-884.500 -505.503
742.504 709.499
-1032.500 -40.494
357.502 -974.500
-896.497 523.498
-289.499 997.497
-141.500 -1031.500
-1020.500 -206.505
-1015.500 -230.504
440.500 944.502
1021.490 -239.499
720.501 -764.504
-312.499 1005.500
905.498 546.499
-1017.490 -297.497
-994.506 374.506
1059.510 97.495
-771.499 -732.500
-500.494 -939.502
375.503 -1007.500
-363.502 -1020.500
-916.502 576.504
-881.499 -630.494
974.505 -481.505
611.503 -910.502
12.500 -1098.500
-991.499 -473.498
1097.490 102.501
166.494 -1090.500
463.504 1000.500
-630.502 911.498
-655.496 900.506
-1075.500 290.502
189.495 1099.490
1115.500 -106.500
-1109.500 -150.498
-1121.500 -15.495
276.498 -1092.500
-423.504 -1047.500
255.504 -1105.510
-880.504 722.508
481.501 1035.500
1087.500 -353.497
-1111.500 -269.502
-129.500 -1137.500
-499.496 1031.500
1130.500 -199.500
397.491 -1078.490
120.504 1143.510
-1075.500 409.502
1152.500 2.503
1104.500 349.500
-1086.490 -400.499
-434.500 1073.500
747.492 885.505
-341.499 -1109.500
723.500 -909.498
-5.502 1161.500
-51.497 -1165.500
-1167.500 4.501
-667.503 963.496
1088.500 439.497
-696.492 -945.496
-404.508 -1106.500
-1182.500 -122.504
1071.500 -521.497
743.504 -932.498
130.496 -1185.490
511.504 -1080.500
447.504 1109.500
-358.502 1143.500
1155.500 -337.503
1147.560 374.021
1025.500 636.499
-1205.490 169.507
786.509 -937.492
693.498 1009.500
-1150.500 418.499
-599.496 -1072.500
-776.494 956.499
1083.510 588.498
1044.510 -664.506
-1208.500 300.502
-1045.490 -687.499
1198.500 363.502
493.503 1150.500
1165.490 488.497
1248.490 -214.508
-917.496 876.497
-1244.500 -260.506
-1224.500 -345.506
1210.500 398.499
-1164.500 522.505
616.501 1119.500
1233.500 344.505
-1040.500 759.492
1023.500 790.499
1234.490 390.495
1248.500 356.500
1165.500 -575.503
-860.496 982.501
1253.500 383.502
-1006.500 -848.497
-880.499 994.499
-1113.500 742.503
1331.500 -190.506
-1008.490 893.502
892.497 1011.490
-751.500 1120.500
1345.500 211.495
-1308.490 -393.501
-1093.500 827.499
1307.730 417.283
1308.140 417.211
-1261.500 -542.504
-1025.500 913.504
1316.330 414.251
-1271.490 540.499
-1171.500 734.504
-705.499 -1202.500
1234.510 663.502
1349.500 381.501
-1405.500 141.496
1406.500 169.496
-802.502 1169.500
1423.500 -56.502
-1100.500 -910.497
-1266.500 -660.502
820.499 1174.500
-1006.500 -1022.500
-1439.500 -11.495
-1096.500 932.499
-1438.500 79.498
-1246.500 -730.505
-1345.500 -532.498
-1420.500 -287.504
-1145.500 892.495
-1454.500 -107.496
1415.500 367.504
1356.500 -550.500
-1445.500 245.500
1325.510 -644.503
-1062.500 -1026.500
1392.500 499.495
-1370.500 559.499
1311.510 -706.503
1466.500 272.504
-884.494 -1201.490
-1209.500 874.503
1335.500 668.506
1492.500 128.500
-1297.510 750.496
1462.500 -349.494
1111.490 1013.500
-1340.500 -699.494
1505.490 -157.500
1221.500 -895.499
-1151.500 990.500
-931.497 1201.500
-1516.500 -132.499
-1464.500 -417.493
-1065.510 -1090.500
-1521.500 139.500
-1264.500 -859.502
1324.500 -773.503
1442.500 -526.498
1288.500 -837.498
1515.490 292.505
1337.510 776.499
-1453.500 540.504
1392.500 685.506
1095.500 1113.500
1564.500 25.497
-1378.500 -743.506
1578.500 61.502
1096.500 -1141.500
1574.500 -191.502
1522.500 446.502
1040.500 -1198.490
-1493.490 541.503
-1342.500 -853.498
-1282.490 949.498
1597.490 65.502
1345.510 868.503
1593.500 -177.499
-1450.500 684.501
-1404.500 -779.498
1574.500 -347.504
1292.500 978.497
-1616.500 149.504
1118.500 1199.500
1586.500 455.495
1248.500 1086.500
-1357.490 956.500
1281.500 1072.500
-1387.490 933.502
-1341.500 1003.500
1292.500 -1073.490
-1212.500 -1178.500
1619.500 507.504
1422.500 925.503
1384.500 995.498
1596.490 -603.503
-1234.500 1179.510
1355.490 1056.500
-1313.500 -1115.510
-1298.500 1132.500
1499.490 912.507
-1575.500 -814.505
-1579.500 846.497
-1617.500 -781.505
1587.500 -875.495
1558.500 -1063.500
1608.500 -1212.500
