0.501 -0.496
-40.500 -0.497
26.502 47.501
-38.498 107.497
-87.502 -98.503
137.497 -16.505
-138.505 55.499
-98.507 120.500
-162.509 41.504
-186.506 -6.501
-203.503 9.499
-173.505 142.491
-221.502 -40.498
-199.503 -109.505
-262.499 5.499
203.505 184.501
307.500 2.499
293.496 148.501
-344.503 -56.498
-218.499 274.502
-199.497 -312.500
183.499 338.492
-12.497 -387.496
155.499 375.500
261.509 -316.505
400.494 -98.497
-387.494 139.501
414.492 -38.498
238.497 344.499
-368.501 212.502
369.503 -227.502
-1.500 -451.498
406.493 206.499
162.506 -445.505
478.502 -17.495
-392.499 -279.502
-347.501 -343.493
-149.501 -481.504
-444.501 -240.500
203.495 466.495
-37.505 510.500
505.500 -92.503
467.495 -229.500
-216.500 477.498
528.500 58.501
291.501 446.491
269.497 472.501
-104.503 -536.500
28.500 -546.505
550.503 -14.492
-525.499 170.494
393.506 392.496
-502.500 -239.501
-566.498 0.489
-384.505 426.500
557.500 -170.501
-555.504 -217.505
293.502 520.500
343.492 -492.496
361.495 481.508
193.506 577.502
38.500 612.500
498.500 -378.503
35.502 634.497
-185.490 608.498
563.501 299.507
436.502 -466.498
393.505 507.507
541.499 -354.508
523.502 -383.500
-516.498 404.497
-648.506 -103.501
-635.499 -176.499
-417.507 521.504
647.496 185.501
46.501 693.500
372.501 610.500
659.498 -282.505
-633.493 -340.493
249.500 674.502
508.502 514.510
-80.505 722.500
-563.504 -460.504
615.504 -406.504
26.505 753.497
746.501 139.496
-444.499 617.501
219.500 -735.501
-48.500 771.501
767.492 168.499
-620.496 489.491
571.500 -552.498
-793.497 33.501
-334.493 -732.498
-805.504 -54.504
-694.498 -414.503
-457.504 666.505
615.500 -534.496
711.498 -399.508
-809.496 108.505
-786.501 233.502
617.440 -551.067
-117.496 825.500
-341.491 -773.505
783.504 -321.501
-836.497 144.501
11.498 -858.485
-12.496 864.503
-363.499 -790.503
251.506 -846.503
-426.493 773.501
-745.504 -497.499
903.504 20.503
-40.506 -911.498
-861.498 -310.496
916.501 -127.501
-499.511 -778.505
244.501 900.498
-856.504 -373.501
825.502 -446.495
-937.498 65.497
484.499 -812.503
-947.490 83.502
303.499 905.507
-844.504 464.500
954.499 -147.498
637.498 -729.494
-812.504 526.500
-812.505 526.889
-128.503 961.501
-369.497 -902.496
-980.501 18.496
-977.496 -131.504
-968.500 -206.505
993.497 -12.504
-24.501 -995.505
-130.496 988.496
683.500 -728.498
566.505 -826.504
190.502 987.499
1006.500 121.499
-966.497 319.501
-998.493 235.501
154.501 -1018.500
590.505 -849.503
-218.497 -1018.490
-917.502 -492.502
924.506 485.498
-1003.490 -308.502
-154.498 1039.500
817.502 668.503
-981.504 -416.501
-873.502 -617.497
1024.500 318.498
-676.495 -838.492
-695.504 -823.501
-831.503 -694.502
-947.498 -531.506
-1094.500 -27.494
1061.500 273.496
-1055.500 306.497
-857.501 691.507
615.506 -916.502
-962.499 -547.503
-452.498 1012.500
1054.500 -361.499
480.500 1010.490
1092.500 -266.502
-595.502 954.502
-842.498 750.505
-985.498 -558.501
-618.503 948.498
1082.490 343.504
-1104.500 -305.506
-985.501 591.500
1064.500 441.494
-1148.500 104.495
54.498 -1156.500
-223.493 -1138.500
-846.501 793.493
309.501 1119.500
-870.502 783.495
1179.500 19.501
-1097.500 -432.489
1181.510 -4.497
554.496 1045.500
-1044.490 556.498
838.498 -842.492
-1182.500 126.836
-1182.500 138.500
1146.500 -326.491
-291.504 -1158.500
967.499 -704.507
-534.502 1072.500
1069.500 551.505
-324.503 -1176.500
-1013.500 -681.502
1183.510 -315.503
-623.505 1053.500
-899.500 831.503
974.500 -745.495
-992.498 -739.502
-1212.500 -252.491
-999.505 736.501
284.499 -1210.510
1232.500 -169.501
1207.510 303.497
-670.494 -1064.500
-1098.500 622.501
-519.509 -1155.500
599.500 -1121.500
-1171.510 -494.503
-1269.500 69.497
-1041.500 732.502
1052.500 -730.504
-1266.500 193.504
-1207.500 -451.505
-1170.510 547.498
496.503 1195.500
920.505 -915.501
898.497 -940.496
-1270.490 310.493
915.501 -937.495
1037.500 -830.501
-1333.500 6.500
-1109.500 -742.499
-895.499 992.497
-989.503 901.501
1321.500 -225.501
1200.500 614.503
-1339.500 195.503
-958.491 -964.498
1018.510 907.494
-1335.500 -284.497
-1102.500 812.505
1282.500 489.506
1340.490 308.503
-1339.490 -322.495
-1393.500 -37.503
-818.483 -1132.500
1203.500 710.495
-1028.510 -964.497
1412.490 -13.498
-1428.500 79.501
-1287.490 627.503
-1356.510 -461.505
-846.499 1163.500
-1438.500 125.504
-1149.500 888.497
1073.500 988.507
-1269.500 -719.494
1400.500 -448.500
1378.500 -512.494
-1377.490 513.500
-920.760 1163.580
-923.865 1164.290
-1098.500 -1029.510
1496.500 188.495
-1435.500 -505.499
1363.510 -681.500
1421.510 -567.500
-1257.500 876.491
1305.500 -826.498
-1321.500 802.502
-1046.510 1141.500
-1012.500 1172.500
-1548.500 58.498
1023.500 -1165.500
1354.500 759.498
-1249.500 929.503
-1028.500 1181.500
1035.500 -1187.500
-1576.890 -107.632
-1584.500 3.496
-1586.500 -93.501
-1046.500 1201.500
1491.500 -593.502
1252.500 -1005.490
1556.500 -418.496
-1597.490 222.509
-1605.500 167.500
-1609.500 -137.499
-1615.500 -82.499
1304.500 968.504
-1527.490 568.498
-1584.490 -398.502
-1559.500 -570.498
1188.510 -1170.510
1514.500 707.497
1602.500 -545.502
1561.500 -657.505
1619.500 513.505
1608.500 562.499
1409.500 -983.487
-1310.500 -1115.500
1538.490 790.499
-1296.490 1145.500
-1338.500 -1104.500
-1336.500 -1129.500
1460.500 -989.503
1378.500 1148.500
1416.500 1105.500
1584.500 870.497
-1406.500 -1145.500
-1403.500 1150.490
1525.500 997.499
1573.500 926.504
1463.490 1123.500
-1504.510 -1078.510
-1417.490 -1192.500
1490.490 1125.500
