0.499 -0.503
-42.499 -28.495
-71.506 8.498
7.504 78.498
-60.500 54.499
-157.497 -76.502
101.500 146.503
-77.499 -168.500
205.051 -34.747
207.395 -31.597
115.505 198.496
53.494 -225.494
90.495 217.505
188.509 146.497
-227.500 -95.502
-246.499 5.498
-128.502 -240.502
-209.507 195.497
236.499 -203.489
149.511 -288.505
-322.504 -39.494
-329.495 19.494
-323.509 -66.490
329.503 -63.499
-259.501 227.504
-346.503 -7.496
72.499 346.503
-312.502 174.496
-322.500 -191.501
-376.500 52.507
-77.506 375.498
206.499 -325.499
-263.499 -284.502
334.500 230.499
-145.499 384.499
-301.494 283.500
417.498 35.496
-409.498 89.508
-265.497 337.493
-89.499 429.503
158.507 -412.499
-85.499 -438.497
-20.495 -455.501
-366.503 -272.506
-463.502 -27.502
450.501 -148.505
-95.504 -464.503
-257.502 -404.501
301.506 -398.502
-463.509 184.500
239.506 439.500
-483.499 128.498
103.505 -492.497
-473.917 169.370
251.501 -438.505
147.499 486.497
463.840 -214.632
131.487 -495.496
418.504 307.506
474.610 -217.803
0.500 522.499
-411.504 324.491
-349.501 -393.502
22.506 -532.500
514.503 142.498
-470.495 250.502
224.499 484.503
-445.504 -297.499
-509.504 173.507
-161.504 -529.508
400.499 -390.499
-546.494 -172.504
-510.007 269.009
-465.507 -345.498
-420.495 401.497
451.501 372.500
-517.502 275.506
107.498 -582.497
-572.498 152.498
390.501 -456.497
435.497 416.495
-462.504 385.494
-269.499 544.499
505.490 -340.493
418.497 442.499
566.493 -232.493
-355.500 504.502
539.638 -310.501
540.344 -310.147
23.503 621.499
543.077 -310.502
371.500 -504.505
402.501 -488.505
400.504 503.497
-85.500 641.495
-596.498 -253.498
-389.500 517.490
555.507 340.501
-175.491 629.505
-279.502 -597.500
-600.498 275.502
-654.501 99.503
-274.274 -609.098
-95.491 660.501
-597.501 -315.504
-353.503 575.510
-671.501 -77.504
622.502 273.497
-60.504 677.506
237.505 -642.503
-111.500 -678.492
-0.499 -692.509
563.494 408.500
-449.502 -535.500
-176.491 -683.492
-50.500 -704.499
-126.500 -695.499
693.499 -143.503
114.498 701.502
367.494 611.503
318.497 640.502
363.508 -623.503
-711.503 175.501
707.499 208.496
-584.504 449.502
261.497 701.492
182.500 733.502
-104.846 757.501
-104.496 758.640
-753.501 -141.492
421.504 -642.502
-456.501 617.497
-383.495 -666.495
24.500 773.503
-43.507 775.510
674.503 393.494
-251.498 -743.493
-628.504 468.503
-663.500 418.503
-182.495 767.493
418.504 676.504
778.493 -167.493
-458.497 -653.501
300.504 743.502
795.501 124.506
472.503 654.503
90.500 -803.493
-464.694 -663.149
814.503 11.506
-799.502 152.492
362.494 735.501
-631.503 -526.502
499.501 653.495
-762.493 321.494
-721.498 -416.107
-721.498 -416.499
66.494 -841.489
646.505 543.505
828.500 -173.501
-58.496 -847.503
-751.497 396.507
-349.506 -775.500
163.501 -835.504
-531.500 665.498
-300.500 802.504
625.502 -588.495
-190.496 838.505
815.511 -300.499
-475.498 -734.498
222.505 -848.501
-8.503 876.496
-705.500 -521.488
-415.501 -773.501
93.503 -873.503
-439.502 -760.507
-202.499 -858.502
-619.497 -628.501
-208.496 860.499
-431.497 774.500
552.500 695.496
-450.501 765.497
-881.496 -123.502
-520.505 -725.505
742.504 -497.509
-812.498 -371.492
-717.503 532.494
-573.499 685.505
-901.509 6.505
-899.493 -66.497
-902.501 47.503
621.501 663.502
-371.503 830.496
392.500 822.495
-514.496 -754.501
279.491 -870.496
910.501 90.502
-204.499 891.503
-807.501 431.502
-871.500 289.507
-917.499 128.499
-928.495 80.497
-147.495 -923.503
694.495 632.501
17.097 938.964
-5.494 939.506
-810.496 475.496
333.496 880.504
12.508 948.494
572.490 -762.512
-694.501 653.498
-788.500 -543.507
-926.504 -256.501
468.498 -841.500
-963.501 11.501
-676.492 -689.504
-587.494 766.497
-927.502 280.509
-568.504 -786.495
882.496 405.504
-472.498 -853.496
-924.501 312.500
700.494 682.501
-946.408 251.182
-828.500 -527.499
-81.490 982.506
-954.603 254.443
-970.092 194.971
-514.503 -855.498
-972.483 223.011
208.498 976.501
-999.498 9.501
-972.484 250.323
-972.650 250.741
949.504 333.490
445.507 -907.497
-1010.510 31.489
-991.501 -239.502
466.499 907.498
-1020.500 -33.498
-424.498 939.502
-780.499 676.501
-944.501 -430.501
667.501 804.508
-1050.500 6.499
-795.503 -687.502
-1032.500 -216.502
507.509 925.502
-1049.510 -139.500
-552.502 905.502
-461.501 958.501
-484.500 -948.495
-1024.510 291.498
-1016.500 321.498
-814.501 696.501
-414.490 990.505
-760.498 -765.497
21.504 1085.500
111.494 -1081.500
540.497 -944.499
-944.496 547.501
-960.499 -522.492
-1040.500 -352.494
-784.498 -774.495
371.501 1041.490
-1105.500 -75.500
-309.500 -1065.500
-1092.500 -207.500
-820.498 -755.498
-222.506 1092.510
945.500 598.502
-1122.500 -2.499
-480.499 -1015.500
-988.495 -533.498
-1121.500 74.499
865.503 -725.505
325.502 -1082.500
-1120.500 -143.492
-984.493 -556.504
1126.500 133.499
-1133.500 -40.505
-983.865 -567.561
937.502 643.504
1126.500 182.503
107.503 1135.500
-827.500 -786.503
386.501 -1075.500
267.503 1110.500
-168.501 1130.500
1017.500 -529.505
-39.500 -1146.490
761.496 -859.493
158.498 1136.490
1141.230 141.362
-259.501 1119.500
1141.490 -167.493
2.497 1154.500
1147.350 143.422
-1162.350 -27.572
395.492 1097.460
476.505 1065.490
391.498 1103.490
-1148.500 -231.496
-516.499 -1052.500
623.504 -995.500
-437.506 1090.490
-1125.500 353.503
-1118.500 -376.499
43.505 1179.500
425.504 1102.500
796.504 877.505
1040.510 589.506
-833.508 -858.502
-1133.500 385.496
921.499 772.502
125.496 -1197.500
303.502 -1167.500
395.494 -1142.500
-535.496 1082.500
-1108.500 484.497
-1199.500 -182.500
1018.500 -663.498
819.494 -900.497
292.503 1181.500
-525.498 1100.500
-622.506 -1054.500
479.492 1130.490
972.503 752.496
1147.500 -451.498
693.500 1019.500
292.500 1203.500
-617.503 -1078.500
-858.496 900.494
810.498 -946.501
-1215.500 308.498
-383.505 -1197.500
-564.506 1123.500
1260.490 52.498
637.494 1089.500
-1167.490 -487.501
1184.500 447.497
-755.497 1017.500
-826.499 -962.493
-1003.510 -790.494
-906.506 -903.499
465.495 1200.510
-730.503 -1066.500
-482.495 -1203.500
1154.500 593.502
-1283.500 -198.501
-1264.510 -318.500
-719.499 -1089.490
914.506 935.503
-547.502 -1189.500
-1308.500 83.496
-1284.490 270.501
744.496 -1083.500
-1257.500 382.500
-1257.500 382.890
-1127.500 677.498
-573.494 1185.490
-692.499 1120.500
-763.498 -1076.500
-1177.500 595.496
-737.493 -1096.510
1279.500 359.497
-999.498 876.500
-962.503 -937.502
892.497 1005.500
-1182.490 642.497
1330.490 -236.501
1288.500 -409.504
604.503 1209.490
1143.510 722.488
-1051.500 -852.501
757.507 1122.500
-1345.490 188.500
1265.490 -506.510
1314.500 -362.494
1159.500 -725.511
960.946 -980.501
-772.499 1137.500
-1357.500 222.498
-1209.500 663.499
1087.500 862.505
-1374.500 200.493
786.499 1149.500
-1111.490 842.507
-1027.500 -944.497
-842.501 1116.500
-815.501 -1138.500
-1337.110 416.882
-1088.500 -884.502
-1399.500 -110.498
-1344.140 414.920
-1403.500 114.503
-1250.500 -649.502
-1289.060 581.498
-871.501 1115.500
1396.500 -242.497
-1300.090 581.497
-1273.500 638.501
1307.500 -574.499
1400.500 326.496
1437.500 49.500
1186.490 -813.496
-1011.500 -1026.500
-1085.500 -960.508
1455.500 41.501
-1367.490 -502.492
-1029.500 -1031.500
-1018.500 1049.500
-1347.500 -574.498
1424.490 -366.496
1079.500 1001.500
-1089.500 992.492
1344.500 607.505
-1098.500 -1003.500
-1057.500 1048.500
-1452.490 339.501
1487.500 125.495
-1136.490 -974.499
902.498 -1199.500
-1189.510 917.496
1451.500 -407.496
-1503.490 -139.498
-957.505 -1170.500
-1274.500 820.500
1113.500 -1038.500
1476.500 -377.501
1421.500 -607.497
-1531.500 235.500
1133.510 1064.500
1520.500 329.497
-1473.500 510.506
-1560.500 -72.503
1220.500 991.498
1564.500 236.506
-1571.670 -180.560
1368.500 803.496
1399.500 -750.501
1072.500 -1173.500
1438.500 676.501
-1585.070 -184.333
-1164.500 1092.500
-1470.500 637.497
-1317.500 -919.506
-1586.500 253.493
1229.500 -1040.500
-1346.500 -897.495
1455.500 -724.498
1585.500 -389.497
1127.490 1187.500
-1567.490 -475.501
-1473.490 766.501
-1502.490 737.502
-1423.510 -895.499
-1568.500 -609.502
-1480.500 858.497
-1571.490 -682.507
1246.490 -1181.490
-1508.500 -855.501
-1548.490 -800.500
1596.490 -712.502
-1383.500 -1081.500
-1538.490 869.498
-1541.500 888.502
1423.500 -1072.500
1328.500 1192.500
-1441.510 1068.490
-1558.500 -891.496
-1378.500 -1187.500
-1610.500 -851.499
-1378.500 1198.500
-1619.510 869.500
-1535.510 -1014.500
1573.500 966.498
1618.500 -932.503
1589.500 -1043.500
