3.547 -2.025
20.098 -10.245
-16.944 -13.027
-16.984 -13.436
5.494 -26.507
-18.503 -34.507
-42.500 0.495
-19.496 42.497
43.498 36.500
-39.507 43.507
65.497 -42.498
93.584 -18.335
6.497 90.500
-76.501 -54.496
103.101 -12.772
104.002 -11.926
-71.991 -87.832
-108.505 25.499
-52.502 -108.502
-117.497 -0.500
-92.506 73.495
-81.327 -90.429
-14.505 122.510
-116.507 75.501
-17.502 -168.503
-58.511 -161.501
94.502 147.497
-109.506 -147.504
116.499 161.503
-29.497 209.504
89.500 -241.501
186.508 183.502
-256.508 19.496
258.498 60.499
-73.495 -254.505
66.510 259.500
168.499 210.504
-243.501 104.506
-143.491 -235.498
238.500 -157.501
-24.504 -284.508
-119.501 -262.503
295.504 22.497
-71.501 293.502
-235.499 -191.500
-131.503 -283.498
-117.847 -292.214
309.505 -79.496
304.501 94.501
-53.499 -315.076
-53.499 -315.179
-180.498 266.503
333.505 44.495
-42.502 335.498
-42.493 -343.189
-36.672 -347.164
289.502 195.497
-332.499 -126.492
-188.501 302.504
-170.498 320.502
68.500 -368.502
132.500 -351.497
-341.494 145.501
108.493 368.499
292.499 256.500
396.495 0.507
243.499 317.499
-279.378 -309.717
-194.499 377.500
-332.506 265.499
-421.503 -88.493
421.499 -156.498
455.492 -11.500
366.506 -294.505
-110.503 454.507
-308.499 352.505
295.507 370.506
236.495 411.498
478.503 -34.496
422.495 -241.499
-83.501 -478.502
50.496 481.499
-284.502 -409.492
-369.497 -334.503
302.495 -405.507
420.512 -303.506
-366.498 -368.500
465.507 266.498
-222.507 483.498
-491.507 206.498
255.495 477.499
304.507 -459.495
-448.506 -327.498
451.496 331.500
-210.498 -523.502
-321.495 460.495
542.491 190.501
-107.507 -563.501
-513.503 -267.501
-541.496 -209.498
-314.509 487.502
416.510 -428.503
-463.496 -386.497
-395.496 457.503
-453.254 -417.540
-453.244 -417.620
624.503 -108.497
-455.499 432.498
-255.504 -580.500
-474.434 -419.215
117.510 -627.493
548.496 -332.504
-485.038 -413.756
240.503 -597.492
45.505 -643.499
-437.504 -490.500
-501.495 -424.021
-495.309 -431.968
-491.710 -438.116
-500.133 -428.958
-494.169 -436.851
654.508 -138.490
669.508 -37.495
667.502 -104.501
-494.368 -454.938
-15.493 689.502
288.165 631.135
-313.504 617.501
-249.505 -650.513
295.276 632.830
703.491 -15.503
621.498 329.494
-534.503 454.505
-698.502 110.503
90.497 708.503
718.498 -99.502
646.504 -333.497
712.501 -174.491
544.497 494.501
-709.504 188.497
728.497 -173.503
425.503 -616.493
750.497 33.497
-688.504 286.504
351.500 670.491
25.495 761.501
-619.508 -450.491
-45.497 -768.502
777.500 -104.493
670.501 431.500
308.504 733.498
197.506 -774.511
-748.501 -280.497
-755.499 265.497
532.505 610.506
653.497 -494.507
783.501 238.647
783.502 247.500
-769.503 -279.507
767.500 -306.496
438.500 696.507
781.502 269.504
831.498 -83.501
-785.495 -301.496
-787.504 299.501
-371.498 -761.501
-336.507 774.502
729.504 -447.502
808.501 278.503
197.503 -833.496
651.499 573.503
-615.502 604.495
743.497 449.497
608.498 622.498
-735.497 -476.497
546.496 -707.497
-382.493 -806.501
97.500 886.496
606.501 -665.503
-60.846 -900.687
903.505 -54.500
-61.509 -904.053
830.505 365.499
-202.504 -883.504
276.496 -868.504
902.501 -150.500
915.505 10.495
-351.501 841.503
-862.500 -304.497
704.501 595.506
925.501 39.500
35.501 925.497
-104.503 -932.498
82.502 933.499
771.502 -547.499
736.493 -595.500
-909.500 -243.497
898.496 -308.491
681.500 659.508
197.504 927.498
958.497 16.498
954.497 100.500
760.491 584.501
-75.501 954.494
609.498 -748.500
-559.504 777.493
935.496 259.497
-487.496 -837.497
-957.496 147.501
798.496 558.497
-429.494 -873.498
-749.499 -625.501
578.501 -793.500
473.492 -861.502
983.507 20.497
-777.493 -601.508
953.507 -264.498
-661.496 740.502
749.496 662.506
975.502 239.497
-567.501 822.489
700.499 728.499
650.126 777.419
887.502 -496.505
-1006.500 77.503
860.501 539.505
976.501 -288.502
986.499 -262.508
442.505 916.500
675.502 764.498
-401.501 -938.502
-446.496 916.498
500.510 -901.505
523.499 887.502
994.493 -285.500
-856.502 570.490
-351.497 -972.502
751.495 -717.505
-764.500 -702.495
-958.499 413.499
966.503 415.502
508.507 -922.502
-503.500 -927.504
688.495 803.501
-324.501 -1008.500
477.505 -949.498
514.957 -930.816
-880.501 585.493
-866.496 -623.498
737.503 -782.503
225.500 -1054.500
1076.500 81.492
663.497 -861.504
338.505 1031.490
239.500 1058.500
293.502 1046.500
1063.500 252.500
985.499 -494.497
-958.502 -533.502
785.497 771.497
470.503 1004.490
196.504 -1095.500
495.500 993.500
758.495 813.499
-1056.510 -344.500
1057.500 361.502
1057.500 361.893
893.496 -674.494
755.500 -831.503
53.502 1116.500
-1075.510 -311.497
694.496 883.498
1095.500 -274.506
-392.499 1051.500
-1111.500 -179.496
923.503 -660.498
1098.500 -298.498
594.046 -970.942
485.499 1027.500
595.956 -972.324
-815.501 -790.500
-1117.290 -196.016
917.499 676.498
112.498 -1135.500
988.493 -584.500
-222.499 -1125.500
-655.506 -940.503
-889.499 -723.488
1144.500 134.502
809.508 817.496
-227.501 1124.500
-471.503 1047.500
290.498 -1124.500
-246.502 1129.500
799.499 840.502
-1118.500 290.501
-473.502 -1060.500
1142.500 239.500
904.507 737.504
-995.502 -602.513
-699.489 -932.495
1081.500 -458.498
-114.495 1165.490
845.502 819.502
1180.500 -29.496
-793.500 -874.501
-182.501 1167.500
-603.499 -1022.490
662.506 -998.503
-1194.500 -36.499
58.501 1200.500
407.493 1143.500
552.500 1082.490
907.496 815.498
-629.509 1042.500
-1209.500 -162.504
1158.500 -414.496
-912.492 813.505
1232.500 -106.494
-1214.500 -206.497
-1108.270 536.938
-506.494 -1127.500
1051.500 654.505
1241.500 22.501
1207.500 -295.500
-1109.500 543.500
1154.500 -463.503
1244.500 -7.500
-760.499 -980.497
297.501 -1210.500
434.498 -1174.500
910.498 860.500
-652.494 1066.500
555.504 -1129.500
886.499 896.496
1253.500 -203.495
919.498 -880.498
1249.500 -268.499
-1088.500 663.493
1278.510 -113.494
1168.500 -535.496
1205.500 458.497
619.497 1128.500
1291.510 6.501
-763.501 1038.500
-1288.500 -58.497
-991.497 829.506
-1167.500 -564.499
1225.500 -443.493
901.500 949.493
-1302.510 91.501
1310.970 75.397
996.503 -860.500
1213.490 526.506
1321.510 86.499
-1138.500 -671.500
1328.500 -26.500
-1286.500 -307.495
852.903 1020.960
582.497 1204.450
582.497 1204.550
-1318.500 213.492
-665.498 1167.490
1354.500 -43.506
853.007 1052.020
1149.500 723.509
1347.500 208.501
-1019.500 -904.499
854.888 1082.430
854.534 1083.410
707.497 1185.500
804.503 1125.510
-1321.500 -418.497
-1151.500 -783.493
875.262 1089.330
880.616 1086.220
1407.500 61.499
1334.500 -463.493
-1218.500 -712.502
1355.490 416.504
814.500 1159.510
1283.500 614.499
1031.500 981.507
-1421.490 79.507
1431.500 -57.495
1181.500 -816.502
-1259.500 -685.499
904.504 1120.510
-1349.510 503.497
841.497 -1181.500
1362.500 -513.496
-978.504 -1079.500
1386.500 468.500
-969.492 1093.500
911.507 1157.500
1436.500 -356.500
1119.510 -982.501
965.495 1135.500
-1184.500 903.501
-1458.500 333.497
1190.500 926.498
-1390.500 583.500
-1201.500 921.502
939.499 -1199.500
1133.500 1014.500
-1473.490 379.495
1490.500 353.507
-1068.490 -1094.500
-1409.500 -615.497
1545.490 118.500
1552.280 101.923
1556.490 -42.497
-1485.500 449.500
1489.490 491.499
-1105.500 1109.500
-1237.500 976.504
1598.500 -173.502
1404.500 781.501
1091.500 1183.500
-1581.490 284.498
1342.500 -913.497
-1615.500 161.497
1296.500 993.501
1607.500 331.501
-1397.340 -874.929
-1404.500 -867.499
-1470.500 747.500
1454.500 -799.501
1559.510 584.500
-1451.510 806.502
-1148.500 1201.500
-1172.500 1208.490
-1263.500 -1124.500
-1195.510 1208.490
1404.490 970.500
-1581.500 634.503
-1394.500 -989.498
1278.500 1142.500
1378.500 1024.500
1488.500 -864.499
1375.500 -1038.500
1512.500 -828.500
-1300.510 -1127.500
1606.500 -669.499
1581.500 734.499
1422.500 1019.510
1560.500 807.496
1494.500 924.499
-1540.500 -842.501
-1613.490 -693.496
1587.510 768.499
1531.500 881.500
1439.500 1041.500
-1610.500 751.503
1588.500 840.498
1383.500 1150.500
1392.950 1141.460
-1599.500 827.503
1578.500 -889.498
-1529.500 967.502
1440.490 1123.500
-1616.500 -964.501
-1511.500 -1149.500
-1535.500 -1127.500
-1512.500 -1173.500
1608.510 -1121.490
