0.510 -0.500
4.496 -97.498
121.502 -108.502
-79.497 -142.499
133.504 115.501
124.499 -150.499
49.509 206.498
77.500 201.495
102.502 213.496
-197.503 185.507
231.501 159.501
-290.497 -56.498
-30.496 -311.493
-315.497 -43.500
-268.505 -182.499
-342.501 -19.502
97.502 348.496
-122.777 348.717
168.504 331.494
-130.516 352.875
342.499 214.503
202.496 351.499
396.492 98.501
-399.504 89.498
-379.221 178.986
160.498 414.499
-296.505 -351.509
418.511 207.501
438.503 -181.510
475.499 -37.506
-84.501 479.503
351.509 342.499
-317.494 -382.500
331.498 379.496
302.499 -406.498
511.497 30.505
311.500 -425.499
-297.511 435.506
-269.499 -460.494
153.499 518.491
112.498 -536.501
331.505 -441.499
379.501 422.500
270.497 -505.500
-63.501 -573.498
570.501 -97.496
180.496 552.499
-487.501 -317.504
588.505 -10.501
470.502 370.498
575.499 -170.505
-94.505 -614.501
-395.496 -482.501
-31.494 -631.496
486.033 416.053
618.501 -178.501
-265.498 -589.496
490.221 422.253
406.499 504.501
547.494 358.505
332.502 567.498
-219.505 625.497
-317.498 -588.497
-423.493 528.503
-111.497 668.496
330.495 595.496
-328.502 597.497
-52.500 -684.500
61.496 -687.496
146.500 674.502
-150.506 675.498
-385.501 581.503
559.499 -420.500
-662.496 -253.503
327.952 634.060
335.246 632.444
296.501 654.498
382.502 613.498
470.500 558.506
615.502 -407.496
-253.501 -701.498
662.499 -357.503
500.503 564.495
250.493 -721.500
345.499 683.500
-405.492 651.504
-765.501 69.496
-420.499 643.494
-453.499 623.497
114.498 763.501
327.500 -705.499
383.502 678.495
140.489 768.503
-400.499 674.492
775.499 134.493
-467.499 -633.508
771.497 -171.499
689.504 399.499
729.507 323.501
-277.496 747.497
434.499 669.498
772.500 -209.494
-239.497 766.500
-397.504 703.496
332.499 737.503
785.496 237.504
-755.494 333.493
-460.506 -693.503
-680.501 -485.505
487.501 697.501
-103.505 -846.505
-369.499 768.500
-796.497 311.506
-852.502 -79.503
156.495 853.497
-67.500 870.500
636.504 602.503
-826.505 -293.492
882.498 -56.499
-859.499 221.503
337.500 -822.503
696.493 571.500
355.501 835.503
271.496 -873.498
781.505 480.499
-664.502 632.508
-666.501 -640.500
-791.499 -482.499
638.502 675.502
-188.497 913.506
-828.497 -435.501
463.499 -820.507
-935.501 -123.495
909.496 -257.501
530.501 784.495
-102.502 942.503
258.500 -924.501
911.503 306.499
528.500 810.501
727.500 -645.505
906.503 416.501
745.500 663.499
512.496 861.494
-729.500 692.511
287.496 -974.505
902.498 -472.496
596.494 828.508
810.503 -627.500
-225.501 1007.500
731.500 730.500
-873.493 -555.503
-676.498 787.500
1047.500 -34.502
624.500 -854.505
-613.505 871.503
574.499 -926.505
-314.500 1048.490
846.497 -696.499
284.498 1066.500
164.507 1102.500
-798.499 777.499
665.500 895.505
-302.496 1077.500
603.502 952.498
164.501 -1118.500
194.495 1120.500
347.501 1090.500
1050.500 460.495
237.507 1121.500
-530.497 -1026.500
143.496 -1147.500
800.500 835.501
-903.504 -726.494
-877.504 757.499
1133.500 -267.498
-765.503 880.501
-1121.500 342.494
-753.495 -905.496
-961.499 681.491
989.498 -654.499
488.493 1082.510
571.500 -1043.500
-980.499 682.497
-25.504 1201.500
-1155.510 331.505
-1201.500 53.502
1041.500 -646.497
-922.502 805.500
-1202.510 249.496
774.509 -962.502
-417.570 1162.500
-429.496 1162.500
1080.500 609.504
-1129.500 -519.499
-1045.500 -682.505
882.497 -886.499
563.500 -1119.490
908.502 869.493
1069.500 -702.501
987.504 -818.502
1234.500 -364.511
-1280.500 -135.503
-763.503 -1039.500
1264.500 261.500
-1116.500 -656.507
-769.087 -1046.680
1124.500 -656.499
1113.020 716.976
1113.000 717.075
1324.510 -26.492
1302.500 247.498
-664.494 1171.500
-1355.500 109.505
-1138.510 771.497
723.494 1183.500
-1369.500 225.505
-1397.500 -49.500
1092.500 -877.497
849.499 1118.500
-1387.500 -306.498
-1361.500 406.506
1318.490 -541.498
-1414.490 -207.489
1039.490 1011.490
1356.500 -531.500
-1435.500 -257.502
-895.499 -1152.500
1323.490 -629.498
-1443.500 268.493
1425.510 373.504
1471.500 113.495
-1014.500 1073.500
-1474.500 94.496
-1251.500 814.508
-1507.490 13.497
1139.510 -992.502
-1366.500 657.498
1081.500 -1066.500
1418.500 557.501
942.504 1205.500
-1025.500 1138.500
1355.500 722.500
-1427.500 -567.504
-1081.500 -1093.500
-1497.500 372.500
-1323.500 -798.505
1304.500 842.001
-1208.500 979.499
1032.490 1164.500
1096.500 1114.490
1193.500 1036.500
1469.500 585.499
-1556.500 -312.500
1488.500 -565.502
-1100.500 1158.500
1406.500 773.504
-1294.500 949.500
-1577.500 -324.501
-1561.500 413.507
1498.500 -658.504
1614.510 -301.501
-1556.500 -534.499
1473.490 741.501
1500.500 -714.495
-1146.500 1203.490
-1520.500 681.501
-1587.500 510.501
-1462.500 -809.498
1209.500 -1167.500
1259.500 -1123.500
-1614.510 514.495
1402.500 955.503
1234.510 1167.500
1548.490 745.500
1286.490 1195.500
1535.500 877.498
1446.730 1066.380
1446.160 1067.500
-1488.490 1169.510
