0.502 -0.498
22.495 75.501
76.501 -26.503
45.502 66.500
35.500 96.498
-99.505 101.495
94.496 142.511
-140.501 114.497
-39.499 195.505
5.503 -200.504
-119.500 -166.499
-191.504 125.503
-229.504 11.503
232.503 -31.495
151.500 179.495
199.118 -126.574
-76.494 -225.496
232.494 -103.499
223.499 -138.499
115.501 244.502
115.501 244.892
44.784 267.918
48.736 269.292
-130.015 -261.303
-134.768 -262.402
98.502 -281.501
248.505 -170.497
295.497 -93.496
169.492 -269.499
226.497 226.501
-324.508 -25.495
235.503 -233.505
218.500 255.494
330.500 -70.492
-339.497 17.504
322.504 -131.497
-57.507 343.497
340.497 -90.505
-243.502 261.500
314.506 174.496
364.385 85.500
297.505 -231.504
362.009 112.013
212.502 -315.503
321.505 202.499
-330.506 -190.497
373.499 -88.498
-383.503 10.499
361.691 138.118
361.536 138.526
260.502 -294.500
403.502 -21.501
378.755 141.265
383.985 139.847
115.502 -392.504
-366.504 179.501
412.500 24.495
-394.506 -140.501
239.498 347.492
81.488 420.495
86.161 420.495
428.501 -53.497
401.505 168.493
313.496 -304.498
429.500 -92.507
-361.500 251.498
-165.492 -412.499
404.498 199.499
-55.504 453.501
432.501 -162.501
-361.500 286.509
179.502 443.504
350.497 -327.499
-436.502 -209.502
100.499 473.505
453.493 180.497
-491.500 38.496
449.497 -217.494
240.503 -451.503
-182.497 -479.498
174.497 485.492
152.500 501.504
523.493 50.499
308.499 -433.495
-122.502 -519.505
-303.503 438.494
410.500 -345.493
-80.496 537.496
-370.504 -412.506
33.495 -554.502
221.499 522.497
-58.501 565.505
383.508 420.502
-525.498 224.495
199.502 -553.508
556.504 216.499
-173.505 -574.501
511.495 320.499
-311.501 -524.499
608.503 76.498
572.502 -237.502
50.501 -620.500
507.501 362.499
-299.726 548.092
-311.504 546.502
-590.500 227.501
565.495 291.496
97.500 634.498
-419.510 488.493
-65.495 643.498
-122.511 -636.498
396.498 -513.502
-108.842 648.870
-168.500 637.505
-635.497 191.497
665.504 2.502
-187.493 643.501
-110.494 662.499
651.496 -174.499
-653.496 196.501
518.498 -462.500
-535.494 -441.500
-600.503 357.497
-198.498 674.501
357.499 -609.499
-646.504 289.501
131.505 -697.497
-124.498 -700.508
382.499 -600.506
232.502 674.500
650.498 319.504
361.497 -631.500
-248.499 -687.496
-354.501 -639.503
-467.494 -562.497
596.504 427.504
362.128 -642.533
716.500 181.509
748.498 58.494
-229.500 -715.501
166.501 732.502
500.503 575.499
-757.496 -127.508
532.493 559.498
-652.507 -413.503
-770.502 -64.492
684.499 372.503
-498.504 -607.503
-740.500 -280.502
329.501 720.498
608.499 -512.109
608.500 -512.499
505.499 -615.499
-238.500 763.501
-302.498 -742.501
730.505 -353.501
-800.503 129.503
730.506 356.509
-105.498 -807.495
-626.496 -522.504
812.502 82.501
802.500 185.503
615.506 547.505
-325.501 -758.501
781.501 -272.498
810.009 178.993
-455.504 -695.494
-36.503 830.496
544.496 -634.505
-602.494 -581.506
731.494 -416.493
841.506 37.504
250.499 814.500
850.503 78.498
-748.498 -411.501
-152.501 -845.499
-862.501 6.498
-74.500 -860.500
-281.496 816.502
-622.503 -600.504
861.499 95.504
852.504 163.504
865.496 -123.502
-756.501 -439.508
-723.501 491.498
625.505 -619.507
-614.500 -638.506
456.506 763.500
-880.496 126.501
-112.500 -886.496
-440.501 -789.502
-7.499 -905.502
858.495 301.502
185.491 893.499
276.498 870.506
53.500 -916.500
921.498 -1.503
346.499 -855.504
-418.505 -823.496
-785.499 484.499
-226.503 899.501
-748.497 -550.495
310.500 877.506
-658.500 669.498
700.498 -630.503
77.502 -940.500
539.500 -777.502
914.506 242.499
736.498 593.497
-835.514 -443.502
11.498 951.501
902.497 321.490
304.506 -909.496
958.499 -38.504
-379.501 -881.506
-839.497 463.502
-802.495 532.503
780.495 578.502
272.504 -935.493
-19.495 974.503
891.507 -405.504
870.504 -454.507
-315.049 -932.935
-446.505 -878.504
721.499 672.501
517.496 -841.494
-317.479 -935.690
-468.496 -877.503
-524.504 -846.505
-988.499 -124.502
-993.503 -81.499
993.501 -101.504
-327.500 -943.503
-95.507 -998.494
-551.496 -845.503
511.500 -872.501
-778.502 -644.502
1011.500 -73.506
859.502 539.502
-902.500 -470.497
-422.452 -926.515
-404.501 -935.513
-516.501 881.497
714.493 -736.492
551.502 -865.497
1020.500 -135.504
657.490 -792.497
1026.500 91.503
-355.504 -969.503
1020.500 -164.503
575.500 -859.495
934.503 444.503
-444.896 -940.049
-472.502 -926.504
-444.986 -940.930
231.500 -1015.500
-421.505 -954.501
275.494 -1009.500
551.496 890.495
-1040.500 124.496
977.501 -382.502
-543.511 -901.500
326.499 -1001.500
1036.500 207.502
441.496 964.500
-6.497 1060.500
-999.499 355.499
-447.502 -964.496
970.496 434.504
1024.500 -297.498
-958.497 472.500
-994.499 391.505
-688.504 -818.493
505.505 -943.508
438.500 -978.501
-1062.500 146.496
386.487 -1003.490
468.496 969.503
-626.501 875.501
25.500 -1079.510
265.505 -1048.500
-554.500 -930.503
-986.500 -448.503
-1066.500 237.495
1085.500 149.495
972.500 508.503
201.508 1083.500
-1061.500 -296.504
-168.498 -1091.500
862.492 690.500
891.501 -655.496
1076.500 266.499
1106.510 -87.500
-282.501 1073.490
753.498 816.500
-1099.500 -160.498
-795.502 -776.497
-510.501 -990.503
998.503 -512.494
882.499 702.504
326.501 -1085.490
342.498 -1083.500
533.497 1002.490
-504.244 -1027.400
1131.500 -195.494
1144.500 118.502
-516.498 -1032.500
-707.504 -914.499
10.505 1157.500
-485.500 -1052.500
1094.490 -400.495
-25.500 1164.500
514.502 -1048.500
1066.500 485.497
610.505 1001.500
884.507 -778.500
819.502 -847.501
30.502 -1178.500
878.302 -788.164
-1096.500 435.502
-1178.500 123.498
769.501 -904.503
-1139.500 348.495
-957.488 -714.504
-447.498 -1119.500
826.503 -878.503
127.499 1203.500
-483.511 1110.500
-492.501 -1114.500
946.500 769.501
868.493 -862.498
1104.490 -530.501
847.506 884.498
1213.500 -176.502
-549.500 -1100.500
-329.495 -1199.500
887.503 872.498
967.496 -801.502
767.492 994.499
1215.500 326.499
-501.493 1159.500
737.498 1029.490
1025.500 751.504
908.500 -894.500
778.498 1014.500
829.497 -984.501
-1206.510 449.496
896.505 925.498
-1181.500 521.500
1253.500 -357.504
934.499 -911.501
577.500 -1172.500
726.498 1088.500
1083.500 -738.507
1173.500 587.495
1315.500 -81.505
610.502 -1168.500
873.500 -989.505
1092.220 -755.074
1328.500 -30.500
-1083.500 768.500
-1171.490 -632.503
670.502 1151.500
-767.491 1091.500
1296.500 323.504
1281.500 381.493
1312.500 -278.502
603.494 -1198.500
870.498 1022.500
-590.492 -1208.510
621.496 -1193.510
-799.497 -1088.500
-692.499 -1160.490
1353.500 -122.501
-1361.500 -88.508
1008.510 -922.501
-1328.500 -333.497
1161.500 734.492
719.493 -1175.500
-899.502 -1048.500
862.496 -1087.500
694.503 1204.500
-1354.510 -317.498
1220.500 -675.495
1128.500 828.499
-1388.490 177.503
725.502 -1201.500
1150.500 807.498
1405.490 -91.501
1412.500 -1.501
-1250.500 -656.500
-1205.500 -741.496
1267.500 632.498
-845.503 1136.500
1279.510 613.497
-934.503 1070.500
1132.500 862.497
-1283.500 -620.498
-1386.500 332.501
1311.500 -580.500
1300.490 -609.499
1120.500 -902.502
-923.496 1105.500
-1445.510 -73.504
868.497 -1159.500
1253.150 735.500
831.510 -1192.490
1253.500 736.640
-1201.500 -830.500
1309.500 656.509
1207.500 -845.499
1389.510 493.504
-1110.500 1005.500
1487.500 303.496
1393.500 -605.497
1480.500 -347.510
1063.500 1088.490
1514.500 158.496
1327.500 766.499
1531.500 78.498
956.502 1198.510
1268.500 -865.507
1106.500 1069.500
1415.500 606.502
1286.500 -848.497
-1531.500 194.504
-1464.510 -500.502
1548.490 138.502
1180.500 -1036.500
-1327.500 863.508
-1564.500 279.505
-1577.500 -239.504
-1050.500 -1202.500
1450.500 -697.497
1274.500 982.504
1411.500 775.505
-1589.500 285.499
1167.500 1121.500
1363.490 -886.495
1367.500 882.502
-1613.500 286.500
1580.500 470.507
-1596.490 413.495
-1619.500 -364.498
-1619.000 -372.526
1611.500 -425.504
1369.500 951.493
1427.500 -879.500
-1309.510 1045.500
1250.510 -1119.500
1528.500 710.500
1556.500 -660.499
1397.590 955.777
1391.500 965.496
-1502.500 -797.501
1358.510 -1048.500
-1324.510 1093.500
-1279.500 1151.500
1594.500 -666.506
1564.510 -765.500
-1304.500 1186.490
1618.500 757.503
1398.500 1118.510
-1572.490 -881.501
1372.500 1188.500
1518.500 -1063.500
1549.500 -1022.500
1556.500 -1105.500
1505.500 1193.500
-1560.500 1209.490
1572.500 1208.500
