2.440 -0.983
-46.501 62.506
111.501 6.499
85.503 -99.495
-64.494 132.497
27.496 146.503
-3.493 150.504
-14.499 -178.499
18.961 179.420
-148.500 -130.499
186.496 75.498
21.552 205.876
21.128 205.957
21.413 206.787
128.500 -183.501
-222.495 -35.495
54.498 -227.496
15.499 237.497
-98.492 -232.507
-198.509 -155.496
-179.502 182.497
-256.506 -15.500
-256.503 62.495
-135.499 230.493
294.500 -25.492
264.493 -135.496
103.501 -279.499
174.493 252.503
234.504 -206.504
-153.506 287.495
214.498 -260.490
158.501 314.496
254.501 -247.500
353.496 -41.493
51.498 -355.492
368.500 -14.504
-286.507 231.501
-253.501 288.493
396.501 -21.500
177.503 -360.509
275.496 305.504
415.496 55.504
-429.548 -37.475
-185.506 395.495
-444.499 16.496
-451.494 53.496
-69.493 -456.497
-416.500 -195.502
-329.496 -330.504
468.501 81.505
396.596 263.025
221.498 420.498
399.065 262.407
-280.495 -391.495
486.498 -17.502
290.500 388.498
-483.496 47.503
433.504 -235.498
-166.499 -469.501
-202.498 460.503
-467.496 207.498
-86.493 514.502
508.499 141.495
374.055 -376.612
253.503 464.504
374.282 -377.175
-525.493 -54.502
-385.502 363.499
154.503 524.503
533.501 143.500
553.504 -2.500
-300.502 461.508
360.497 430.503
-82.497 557.501
-352.498 -440.504
540.505 178.502
338.498 -461.492
-545.023 -160.495
-425.498 -396.504
596.499 -65.491
258.500 -543.494
595.778 -106.252
-239.500 -554.499
46.500 606.499
603.854 -101.074
599.499 -124.496
-417.494 -445.502
-233.492 563.503
620.501 -118.495
-419.497 -470.501
94.500 -625.923
94.518 -626.022
589.503 234.497
-608.504 -168.498
589.499 -259.499
644.498 3.500
-251.498 593.503
-642.504 -111.502
-274.510 592.502
556.493 358.493
-659.492 27.502
-234.506 -620.505
309.496 591.493
260.498 622.508
-332.494 -591.501
-388.499 565.489
380.506 578.497
-683.495 -103.500
-682.490 115.502
438.500 -546.504
-578.499 -391.499
352.506 606.499
337.501 -618.504
712.500 -30.496
-655.501 282.505
-607.508 377.501
295.502 -656.496
60.495 -721.504
-473.501 -545.501
726.500 -22.509
-716.500 -112.501
654.499 333.497
-696.497 220.501
-56.502 732.501
52.498 733.495
-717.509 170.503
78.501 738.500
-344.501 -663.499
602.504 -451.499
715.493 243.497
266.505 707.503
-654.500 374.496
-497.493 569.501
-291.497 -702.504
390.503 -656.506
-651.499 402.500
735.492 247.497
-529.502 -564.498
-618.504 -480.495
-578.504 -547.499
448.499 -662.495
392.508 704.500
54.502 807.498
666.496 465.506
716.513 -389.494
-615.494 -535.499
701.494 -426.493
-818.499 25.493
-259.503 780.495
727.502 391.502
-816.498 124.494
-285.498 776.512
778.500 -294.497
831.503 37.497
-810.505 173.498
-482.508 -679.498
-222.503 -806.498
-772.500 -336.501
778.497 -337.508
-590.494 -611.497
-512.502 -681.495
-689.500 502.494
821.493 -271.506
23.496 -863.498
-859.492 39.502
855.503 140.507
-636.755 -583.952
-832.501 226.499
-641.573 -581.652
-670.503 -556.502
-279.498 825.500
-227.486 845.499
583.502 657.504
-771.502 418.503
42.506 879.506
-880.509 13.502
384.508 -797.507
342.500 -817.504
886.493 45.498
-476.502 746.500
-853.511 239.503
256.503 855.506
328.501 831.501
-111.504 -888.501
897.498 26.500
-646.504 -621.507
804.504 407.496
230.496 870.503
824.495 -387.500
-806.500 -415.495
425.502 804.499
-460.496 783.501
-275.499 873.496
-872.498 280.502
-650.499 -649.509
911.491 172.500
929.504 -61.493
-834.499 -415.500
-320.500 -877.504
-586.498 -726.501
-737.506 577.501
-553.500 761.500
227.500 915.500
210.497 920.500
147.501 933.501
803.499 504.504
-734.502 597.499
940.496 217.501
882.504 399.504
-820.506 -509.505
-768.502 584.503
-862.504 434.498
-515.942 -824.737
602.504 -767.500
913.499 346.500
79.501 972.496
964.497 173.510
9.495 980.504
-437.498 876.499
-521.402 -831.775
-966.497 165.501
773.497 609.494
848.458 512.079
847.998 513.257
-153.494 977.501
927.502 -359.507
811.499 574.492
953.498 -292.501
-923.505 367.500
-960.503 257.506
777.494 -636.500
-290.502 -962.502
808.756 -607.311
-38.470 1007.950
-117.500 -1004.500
986.506 -237.500
816.129 -603.316
-40.451 1011.300
-888.501 483.498
-467.494 -901.501
776.503 661.497
202.499 999.506
-981.504 289.505
1022.500 -112.498
-629.499 -809.500
-246.501 995.500
-544.497 -878.499
-812.499 -640.500
-161.491 1023.490
-812.505 644.503
958.502 407.502
-1000.500 -277.502
-1018.500 -201.497
-19.498 1041.500
-290.500 1003.510
955.500 -438.495
344.496 -995.503
1053.510 -102.502
-330.508 1001.500
813.505 -686.502
1030.510 -277.499
-895.501 581.501
-1068.500 155.495
-848.489 -671.492
-845.505 674.495
881.504 635.493
-1026.500 358.499
1076.500 185.501
-246.505 -1064.510
-688.499 -847.497
1065.500 255.495
-1015.500 410.500
169.512 1087.500
920.500 -622.502
202.493 -1091.500
-762.499 810.501
-674.504 -891.493
1081.500 299.506
1125.500 56.503
235.503 -1110.500
1038.110 461.048
1044.680 455.940
-1118.500 -210.504
-1132.500 -115.501
593.494 981.499
1006.510 567.497
-957.506 648.506
197.498 1145.500
-865.501 -784.500
-1074.500 455.500
-1160.500 169.503
240.505 1152.500
1019.510 615.495
-1194.500 -33.501
-1100.500 -468.497
-135.502 1189.500
-833.500 -860.501
1095.500 -499.502
-364.467 1144.880
1125.500 441.495
-269.506 -1178.500
374.501 1151.510
976.496 -722.508
-359.512 1158.500
-724.495 978.500
-1216.490 -57.505
-629.493 -1052.500
-1141.510 -453.505
-1212.500 213.505
978.501 -757.496
1228.500 181.510
-875.498 -877.501
577.727 -1105.010
-1054.510 662.500
578.204 -1110.500
-878.494 894.493
-711.498 -1035.500
1001.500 -773.494
-1215.500 -343.499
1255.510 177.497
-951.495 -848.497
1005.500 -791.496
662.496 1093.500
1204.510 437.497
922.503 888.499
-1096.490 676.495
-1276.490 207.502
-1292.910 68.652
-584.495 1157.500
1282.500 251.498
-630.493 1143.500
1189.510 -558.502
-1123.490 -673.504
-1307.500 72.502
-1263.500 -354.506
-959.503 905.499
-1318.500 129.497
-1235.500 -492.495
-1166.020 638.524
-1285.500 346.501
-1169.270 643.260
1287.500 -372.503
-1259.500 446.502
-1271.500 415.497
1290.500 380.496
815.501 -1071.500
953.500 951.496
-1092.500 793.501
1340.490 204.496
1277.500 455.500
1035.500 876.499
-675.497 -1178.500
950.501 -981.500
1133.500 -764.500
1332.500 331.492
-847.498 -1085.500
1356.500 258.499
1257.500 -574.501
1312.500 -478.496
-1247.500 623.509
1028.500 951.497
-1362.500 -314.501
1106.500 -864.501
1253.500 636.502
-981.504 -1005.500
-1372.500 303.500
-1116.490 865.495
1264.500 657.495
-1156.500 828.502
-1257.500 675.498
1071.490 -954.498
-1014.500 -1016.500
-1286.480 640.037
-1286.010 641.230
1441.500 -102.497
-1063.500 972.500
1442.500 -168.500
-1045.500 -1006.500
1284.500 -689.500
-1205.680 -814.494
-1216.500 -806.498
-1371.510 -501.502
-1416.490 -376.499
1422.500 -379.499
1304.500 -706.501
-1429.500 -405.498
-971.497 -1127.500
1348.500 637.498
-1013.500 1089.490
1226.500 -854.498
1345.500 656.501
-1447.500 370.501
-1341.500 659.495
-1396.500 557.502
-1189.500 921.499
1379.500 -614.495
-1443.510 -428.496
1210.500 -911.499
-1334.500 707.499
1248.500 -870.494
1452.500 456.500
-1465.500 -434.494
-1444.500 -507.499
1133.500 -1037.490
1527.500 180.508
-1131.500 1039.500
-1512.500 300.506
-1389.510 -685.507
1545.500 -267.499
1441.500 621.497
-1546.500 262.504
-1564.510 138.502
-1482.500 523.498
-1511.500 -449.507
1478.500 -572.489
1113.490 1128.500
1494.500 -544.507
1492.140 -574.428
1546.500 -433.490
1434.500 730.496
-1509.500 -558.500
-1613.500 -157.503
1154.500 1146.500
1464.500 -719.502
1379.500 878.502
1504.500 -649.497
1541.500 -571.506
-1205.500 1112.500
1579.500 479.497
1225.510 1115.500
-1238.500 1118.500
-1352.500 -997.500
-1593.500 535.502
1285.090 -1095.600
1561.500 -652.499
1326.490 -1072.500
1566.500 -679.495
-1521.500 776.494
1340.140 -1071.530
-1574.490 754.501
-1547.500 854.502
-1535.500 893.497
-1556.500 895.501
1538.500 936.500
-1398.510 1133.500
-1584.500 896.503
-1406.500 1183.500
-1589.590 -979.042
-1521.490 1088.500
-1496.490 1148.500
-1605.500 1118.500
