0.499 -0.497
47.493 20.502
-42.497 44.507
23.501 79.504
100.505 10.496
-112.499 32.496
84.497 82.492
-95.496 -76.497
135.500 -11.497
26.497 -133.498
36.494 142.493
93.493 -115.502
11.501 175.498
-12.878 186.417
193.500 -29.500
21.500 210.508
110.500 181.499
-13.503 -232.504
83.505 219.510
-206.499 112.500
234.501 96.500
128.498 222.500
178.505 -191.510
218.497 150.498
118.499 242.499
160.502 224.504
21.497 281.496
-176.501 -235.503
-287.501 87.500
216.504 220.505
140.498 -284.496
-135.504 287.497
164.506 -275.500
297.497 -141.501
143.500 -305.503
215.509 259.495
-159.492 -299.498
144.026 -314.359
-342.016 51.698
191.505 291.500
-346.752 50.602
353.500 77.504
-332.508 146.500
-211.497 314.494
-80.501 -372.505
-375.497 -98.505
-331.502 -202.497
201.497 337.494
282.497 -288.499
-166.505 382.499
-391.500 -164.501
382.500 -189.106
382.500 -189.495
153.916 399.494
-189.497 392.503
319.503 -306.496
-176.502 412.500
431.504 138.499
152.012 426.517
-330.505 -316.501
-381.503 -257.505
-117.500 459.496
310.503 363.498
151.686 453.117
151.530 453.527
168.751 456.253
173.960 454.855
396.504 -290.505
-59.505 497.496
104.501 490.500
-331.500 -378.501
503.502 -35.508
502.498 -96.502
191.501 483.495
-314.495 418.495
111.500 519.502
127.513 -517.499
312.498 -441.497
16.499 544.510
449.500 314.496
243.505 494.498
195.501 515.501
394.504 389.513
-446.501 327.501
468.499 -299.499
554.495 43.505
-546.504 121.501
-356.502 433.504
-521.501 -210.502
-312.500 -480.499
-96.503 564.501
-96.503 564.891
8.501 574.502
86.505 -569.503
-253.500 516.497
290.507 -501.503
-455.498 -368.496
-436.501 -394.500
-583.492 -99.512
55.501 -594.509
-281.497 -530.500
-155.499 -580.502
283.499 -530.508
-409.490 444.500
-215.500 -571.499
322.500 -522.493
-167.863 589.920
-163.036 591.464
-132.502 -602.497
-543.504 290.499
423.498 -452.504
345.507 -517.499
478.499 -399.499
-357.500 -517.502
346.490 531.500
-613.502 172.504
-318.500 -555.502
633.503 -130.501
531.502 369.499
-562.502 -322.498
-559.496 333.501
277.504 -596.504
654.503 -84.496
-508.506 -421.496
106.503 -654.501
-654.503 103.499
57.506 -662.493
213.502 -630.503
638.498 189.498
15.491 -669.508
30.502 669.501
163.506 -654.501
-531.509 -437.505
-605.507 327.498
47.506 -698.498
356.493 607.505
503.500 493.500
303.498 638.495
621.499 348.502
594.498 393.499
648.503 -321.501
-678.500 -249.502
-273.496 670.505
-300.504 -661.500
106.501 -731.500
121.495 -729.497
737.498 -61.497
630.493 389.490
300.497 681.515
284.497 -692.499
-465.490 587.503
-182.500 -734.498
642.508 406.497
-125.860 749.162
-133.167 748.541
696.499 309.497
-750.501 -130.499
575.504 -501.504
-662.500 -378.492
176.492 743.501
526.495 -555.496
-708.495 -293.497
587.500 497.504
594.993 491.006
-30.504 770.496
631.802 -444.612
637.493 -436.494
441.498 635.502
752.497 -184.499
-590.502 502.491
730.493 272.500
784.498 20.502
580.500 -530.494
761.500 210.492
635.497 474.497
-517.053 -603.940
-645.499 -469.499
-519.480 -606.483
785.508 149.502
-622.500 -502.497
-718.505 356.505
619.504 -514.501
-582.499 -556.503
786.494 177.499
-529.500 -613.509
-111.505 803.502
780.502 238.508
-34.502 815.501
-588.495 577.496
-272.499 786.499
-370.500 -749.498
-57.499 833.510
476.501 688.503
389.497 746.499
-177.504 -825.498
713.513 -455.504
-556.502 -639.501
846.492 -77.502
521.495 671.496
655.491 -543.497
-588.501 614.504
-649.499 -554.496
12.501 853.493
580.505 -627.491
-814.496 -269.499
-606.494 -608.497
-624.436 -600.516
-841.503 -211.501
-671.496 -554.497
341.494 -804.496
850.504 -201.505
-871.504 -103.505
680.506 -558.500
168.500 -864.505
371.498 -800.501
-622.502 -627.499
-835.496 -288.503
621.501 -630.497
-826.502 -325.497
-645.898 -613.052
698.496 553.507
-645.986 -613.932
645.501 614.499
801.496 401.504
889.502 118.504
-728.503 -525.496
870.502 224.508
293.504 -854.494
-674.495 -600.506
364.498 -827.501
51.497 -903.499
381.505 -823.497
-648.500 -637.498
-176.500 -892.502
-45.505 -911.505
823.508 -396.497
-232.505 -887.496
-755.505 -525.510
829.468 -408.095
-298.515 875.501
473.503 -803.490
688.499 633.502
747.504 -567.501
-759.503 551.502
-530.500 774.496
607.506 -720.497
-746.505 -578.498
329.498 886.501
-276.489 904.497
296.503 903.505
478.501 -827.499
814.503 517.508
412.501 872.505
-968.496 29.494
-756.498 -606.502
-710.499 -662.497
860.499 458.503
967.501 137.498
-971.497 -101.499
-114.499 975.500
-978.502 -129.500
-703.256 -697.411
-683.498 -720.496
611.506 -785.496
-966.496 -240.502
996.508 -35.504
-828.503 555.500
576.496 -816.494
-526.496 -853.501
-715.504 -702.498
914.504 426.498
952.500 -335.502
-991.498 185.497
851.496 -546.498
-644.509 -783.502
-873.501 517.497
25.501 1015.500
-895.496 -501.505
141.497 -1017.500
-283.499 989.499
855.494 576.498
-893.494 522.505
-528.749 891.089
-1007.500 251.506
-689.497 -779.501
-540.498 889.498
-174.501 -1028.490
-329.570 993.968
-993.503 -333.506
724.494 759.501
933.494 -492.500
1055.500 39.497
-294.511 -1015.500
-654.501 829.503
-391.495 984.500
534.497 917.498
1028.500 -273.505
-331.504 1010.500
759.501 747.503
1040.510 -246.496
125.501 1061.500
576.500 900.500
-1061.510 -134.496
-746.496 -768.498
-412.500 992.497
69.505 -1076.510
654.501 858.506
-42.509 1078.500
-478.505 -972.499
-889.501 620.499
543.502 -941.497
-911.513 -594.508
1067.500 229.498
-843.498 693.495
298.504 -1052.500
477.500 -994.500
-1005.500 -462.502
-424.500 1025.500
988.504 -509.499
392.504 -1041.510
-290.499 -1075.500
1100.510 189.508
1081.500 279.500
1005.500 -493.495
901.500 -667.499
-650.502 -913.494
763.494 824.506
520.494 1000.500
545.506 -991.496
-706.509 -884.498
255.503 1104.500
190.505 -1120.500
-547.499 -998.507
608.502 -964.498
-1129.510 -162.502
-1047.500 453.500
1114.500 -267.503
-1108.500 325.499
784.493 -858.499
44.503 1164.500
-682.496 -950.073
-682.496 -950.177
855.496 799.497
-784.508 -869.506
1151.500 220.495
-757.506 -897.507
991.497 635.498
159.494 -1177.500
-660.584 -987.770
-671.503 -980.497
1073.500 -526.497
-754.499 -931.500
-769.505 -922.499
1162.490 307.498
707.498 -974.499
403.499 -1136.490
565.507 -1065.500
1207.500 -25.498
960.503 -739.508
661.502 1016.500
1161.500 -353.498
-888.495 -828.493
-467.491 1123.510
-254.504 1190.490
-1132.500 451.509
-1218.500 -141.499
682.500 1028.510
1069.500 630.496
1131.500 -519.499
-1176.500 -404.498
-1236.510 189.498
1061.510 -673.502
-998.505 -763.507
738.504 -1023.500
1057.500 688.496
-1244.490 234.502
557.501 1152.500
-979.505 839.501
-514.499 1183.500
1259.510 -317.505
-1306.500 12.498
962.500 901.507
-1101.500 -727.493
1322.490 -97.507
1261.510 -413.501
748.498 1097.500
1293.500 -322.504
1278.500 385.503
-1045.490 832.505
-715.501 -1142.500
1328.500 -233.497
1266.500 464.499
-940.292 -968.137
-943.532 -969.796
825.500 1076.490
-1353.500 152.503
1297.500 444.498
-1104.500 811.501
-916.496 1032.500
-1305.500 451.497
1204.500 -683.505
-1067.490 886.501
1249.490 608.502
1234.500 -646.501
692.499 1208.510
1391.490 -140.497
1400.330 183.888
-1329.500 474.500
1067.500 926.496
1166.500 801.505
1403.500 187.493
1055.500 946.500
957.500 1054.490
1235.490 -720.503
1433.500 -6.505
1386.500 388.503
-946.504 -1085.500
-1404.500 -327.500
-1046.500 -1006.500
-1273.500 697.504
1075.500 -981.501
-1340.490 571.492
1097.500 969.492
1443.500 -268.502
-1269.500 736.502
-1043.500 -1045.500
950.505 1132.500
930.501 1154.500
-1234.510 823.508
1047.150 1053.500
-861.495 -1210.500
1047.500 1054.640
1320.500 -690.505
-1433.510 -436.497
1418.510 -491.505
1197.500 916.499
969.504 -1158.500
935.503 1189.500
-1424.500 -523.495
-1140.500 -1007.500
-1455.500 450.498
1508.500 -227.502
-1248.500 -878.500
-1485.500 -352.499
1078.490 -1087.500
-1217.500 -943.499
1346.500 774.506
-1522.500 -317.502
1120.500 1083.500
1392.500 -712.502
1250.500 -941.493
1558.500 150.502
-1160.500 -1078.500
-1426.500 692.500
-1589.500 -26.496
-1383.500 786.502
-1148.240 -1114.580
-1148.180 -1115.030
-1618.510 -10.506
-1171.500 -1120.500
1203.500 1091.500
-1187.500 -1113.500
1595.490 -351.500
1463.510 729.504
1462.500 -743.497
1119.500 -1199.500
1444.490 780.495
1621.500 -298.509
-1130.510 -1201.500
1578.500 -483.506
1263.500 -1063.500
-1195.470 -1138.810
-1207.500 -1127.500
1578.500 491.505
-1207.300 -1131.030
-1195.440 -1144.250
-1200.190 -1142.550
1311.500 1020.500
1219.500 -1148.500
1166.500 1204.500
-1202.500 -1169.500
-1506.500 803.500
-1483.490 881.500
1400.500 1067.500
-1353.500 -1175.510
1361.510 -1171.500
1511.500 -979.503
-1508.510 -984.505
-1388.500 1154.510
1480.500 -1065.500
-1534.500 -985.492
1502.490 1041.490
1574.500 976.496
-1556.500 -1013.500
1589.500 -983.506
1528.500 -1134.500
1555.500 1097.500
1598.500 -1057.500
