0.500 -0.503
35.502 75.495
82.494 -98.499
-128.501 -74.493
198.501 -20.500
-88.503 -191.498
140.500 -214.498
13.503 -263.502
37.500 -272.500
-275.509 -60.501
265.500 -181.502
-200.503 -253.501
-121.493 324.499
186.500 308.496
-329.494 218.499
338.502 248.500
207.503 -377.499
162.496 422.500
-495.503 -18.499
158.500 489.502
319.503 -410.495
246.496 -461.502
-2.492 -529.507
-291.505 448.498
528.504 -169.499
555.501 -59.504
327.494 454.499
497.499 291.502
-501.499 -288.498
11.501 587.493
-453.495 379.509
273.501 553.507
-481.503 397.503
-256.500 587.492
-314.500 560.498
-636.500 108.493
-572.500 302.496
-529.500 379.497
-629.507 -183.499
493.497 -436.504
615.505 258.510
157.508 -649.497
427.499 -514.506
413.497 -541.499
281.496 619.494
541.498 426.505
76.491 -707.501
-515.509 490.498
452.504 -553.491
-444.501 560.500
-396.504 -596.501
-580.497 433.500
-706.495 -172.498
-193.500 -706.498
-733.504 15.503
-720.502 -139.494
183.498 717.495
-55.503 741.506
227.500 710.499
-740.499 -129.502
-13.504 754.504
-538.502 528.505
48.499 -757.503
-256.501 -716.504
312.488 696.500
-766.502 37.502
189.504 748.492
-481.504 -605.501
-495.502 608.499
784.495 -56.504
-278.504 -735.502
-50.501 -788.504
-723.504 344.509
462.502 660.495
-310.494 -747.494
-685.503 -430.500
-309.454 -753.230
-519.505 -630.499
-809.498 -122.497
-52.494 820.502
-657.497 -498.503
-750.491 -351.498
-43.497 -830.507
698.501 457.507
-164.497 819.494
488.497 681.504
418.497 -745.502
576.500 638.504
825.497 250.495
467.495 -738.494
-672.498 -563.497
880.503 -72.492
38.504 -885.502
715.500 555.499
-773.498 471.499
-910.503 76.502
885.500 246.501
-920.503 -45.505
-308.508 -881.496
933.499 -81.503
-292.490 -890.500
334.506 878.500
907.499 -276.495
-68.498 946.496
-950.504 12.503
-845.506 447.500
202.495 935.498
919.504 270.506
-212.500 -939.500
-189.500 -948.496
-589.495 769.493
973.498 50.494
-307.495 -929.500
-956.497 -224.497
-338.500 927.500
-999.502 57.500
-699.502 721.502
-345.506 -945.499
-315.494 968.501
-945.502 397.506
33.497 -1039.500
-722.503 746.497
-552.505 -893.494
-527.499 914.492
945.494 -508.503
-375.496 -1007.500
-876.501 623.496
-881.052 617.516
202.499 1067.500
680.501 852.504
511.499 -975.492
-1084.490 -197.504
-259.499 -1073.500
-1051.500 -367.493
970.505 584.495
-513.506 1010.500
-953.503 -614.498
1102.500 -303.500
-625.498 960.501
-607.506 -976.494
-44.502 -1153.500
-474.505 1067.500
-1034.510 558.491
1064.500 -510.492
1029.510 577.495
-909.499 752.499
-1044.870 549.327
240.506 1166.500
911.508 772.499
-895.503 -801.502
-1011.500 -649.497
87.505 -1206.510
441.504 1132.500
1222.510 -13.508
-901.497 -825.497
-1103.500 -535.501
-1191.500 -301.499
460.501 -1141.500
-301.495 1195.500
-1217.500 202.502
1009.500 719.499
-1238.500 128.503
927.500 839.492
-625.498 1083.500
-1234.500 208.501
609.496 -1098.500
536.506 -1136.500
784.507 982.500
-1251.510 156.500
644.504 -1090.500
-1261.500 -124.501
-1171.500 490.505
1272.500 -39.505
833.506 964.503
1100.490 685.497
969.496 -887.501
1193.500 587.496
-1308.500 -255.495
717.500 1127.500
1276.510 -408.501
-1031.500 855.503
-1261.500 -461.496
-1264.500 458.503
-635.500 -1191.500
1076.500 -816.498
748.501 1125.510
1351.500 59.496
855.499 1054.500
-1011.490 -913.498
-991.495 -942.501
1098.500 -829.502
-1316.500 412.503
784.502 -1152.500
753.498 -1173.490
1002.500 -972.503
-1399.500 -143.503
776.504 -1175.500
-1342.500 427.506
-1419.490 -47.498
1342.510 -476.500
1342.950 -483.514
-960.496 -1057.500
1202.500 -786.504
-839.502 1168.500
-1366.500 -472.505
1308.500 -717.496
1478.500 271.497
1030.500 1124.500
1197.500 970.499
-1212.490 953.504
-1539.500 125.503
-1532.500 245.495
1523.500 336.496
1094.510 1128.500
1522.500 -447.502
-1482.490 -598.494
1572.500 349.496
1232.500 -1054.510
-1342.500 -911.500
1602.500 -267.503
1426.500 784.502
1502.500 634.500
1551.490 567.496
-1509.500 719.508
-1412.500 899.496
1479.490 -789.500
-1295.500 -1087.500
1357.500 -1082.500
-1533.500 815.503
-1467.490 -939.495
1275.500 1205.500
-1600.510 751.491
1391.500 -1101.500
-1605.490 -858.498
-1584.500 -1005.500
1571.500 1121.490
1562.500 -1202.510
