0.502 -0.502
27.501 -9.501
-16.499 -25.503
-73.499 -3.499
53.502 63.495
115.503 -14.502
107.503 84.498
-114.494 -108.500
181.503 -6.496
-169.507 107.501
152.505 138.505
176.506 137.502
41.495 -223.498
215.503 -72.505
-151.497 -176.498
210.773 -111.327
217.935 -108.232
212.501 -130.498
186.503 171.494
-251.495 47.502
-135.505 -219.507
233.503 -126.504
268.503 -9.508
56.912 270.440
56.102 271.170
-176.496 -228.499
-253.500 -144.505
-289.493 -55.500
188.500 -261.501
239.503 220.498
-162.505 285.503
328.495 -50.505
-57.507 326.501
343.493 -43.500
-31.497 -356.503
-31.159 -357.622
-362.077 51.019
-289.501 -237.499
-321.493 197.503
-332.500 -180.503
-172.502 349.496
-223.503 -324.502
-326.575 230.421
-352.497 203.499
-34.503 407.503
220.503 345.500
-321.330 256.575
-321.418 256.921
-398.509 -125.505
360.500 215.501
-405.506 120.498
-324.498 289.497
379.500 216.500
311.501 309.502
38.501 440.492
-75.503 -437.509
448.500 4.502
-99.494 447.501
-416.497 192.502
-349.508 -308.505
364.499 -311.498
181.501 -448.503
480.500 100.501
-63.504 486.499
296.497 -397.498
499.500 6.503
407.509 -292.504
360.506 -352.500
508.491 -12.499
278.502 -432.500
-489.507 -171.497
386.000 357.496
14.500 -529.505
-530.500 -63.495
-162.506 -512.496
528.502 -100.500
535.500 125.500
336.504 436.500
-479.509 299.505
398.491 -404.506
-155.504 559.503
459.502 364.500
-528.501 256.495
72.499 583.506
566.502 166.499
-584.494 -83.495
584.496 121.506
-92.499 -591.501
-596.497 39.498
5.500 605.503
-491.498 360.505
48.503 615.500
527.500 -324.500
563.501 -273.502
-482.497 -399.510
555.496 292.498
496.503 -385.503
609.498 -157.497
-629.500 64.499
-44.501 -633.498
531.497 347.495
-620.503 143.501
-137.507 -626.507
11.499 -643.505
-40.499 643.490
638.495 -151.498
469.502 458.498
-334.512 -581.918
-334.494 -582.018
600.506 -315.499
511.974 460.067
511.626 461.259
514.500 -463.508
276.497 634.500
602.499 346.499
-512.494 473.496
688.504 120.500
-594.507 372.508
-254.503 656.496
-398.497 580.494
-583.499 -404.498
-634.502 318.501
686.496 188.503
361.748 -615.341
483.500 524.495
97.489 706.499
368.676 -612.356
328.495 -640.503
720.506 -6.504
451.497 563.498
-24.505 726.500
-390.494 624.497
705.504 228.505
-523.505 542.503
-694.508 -315.499
459.501 613.498
149.498 -756.498
-64.491 -771.503
-378.500 -675.501
357.502 -691.491
-739.497 -248.497
680.830 388.274
685.504 383.498
464.499 -637.498
-107.500 -788.501
555.503 574.498
-208.500 783.495
140.498 800.504
-812.547 60.531
-234.501 782.497
-815.500 -102.501
-668.500 -484.499
663.504 493.495
637.496 -532.498
-822.500 117.501
826.503 101.497
-625.496 555.504
759.496 359.497
-826.496 155.499
48.492 840.495
-544.489 650.501
-774.503 -359.506
849.498 95.501
-724.504 466.502
680.502 538.496
-670.505 -551.500
-345.498 797.491
-19.498 874.498
-861.499 153.495
-560.502 684.497
-225.507 856.496
-827.496 316.497
505.493 -736.506
-43.501 893.499
881.502 161.494
830.499 346.501
-846.499 -307.498
-584.501 685.493
-843.497 -359.494
-916.494 53.498
-430.501 -813.508
504.500 -770.500
-769.502 -515.501
823.498 -426.502
716.491 -594.502
-848.502 -383.498
928.501 112.495
-42.497 938.501
523.505 -786.496
901.502 283.499
-58.496 946.503
-949.499 -53.500
525.437 -802.984
-230.498 930.495
933.500 232.495
948.499 161.505
897.504 355.499
-737.496 -630.500
-123.499 -963.500
-119.502 968.505
-705.495 674.496
-789.499 -586.498
834.497 -527.503
776.503 -614.501
-676.498 -740.502
319.496 950.498
986.503 -185.494
-570.501 -831.498
981.499 -247.500
645.500 -785.504
-1017.500 -55.495
618.506 812.495
-913.501 -456.500
-58.494 1026.500
-549.498 875.496
-183.489 1017.510
894.504 529.500
942.502 -443.494
-576.501 875.501
-1048.500 7.502
-1009.500 -288.492
905.498 548.498
-1052.500 152.495
-508.500 937.499
721.499 786.500
-253.496 1036.490
610.499 -878.505
789.496 -724.500
-820.494 693.496
455.503 -981.508
-975.498 -471.492
-564.495 924.495
-274.502 -1050.490
-959.504 509.499
91.499 -1083.960
653.501 869.497
91.502 -1087.790
1090.500 70.507
-1092.510 19.499
804.499 -741.505
-1067.500 247.506
-243.500 -1071.500
881.505 -660.503
-1020.500 417.502
1052.500 336.496
978.504 519.783
320.500 -1061.500
-936.495 -593.491
-298.465 1072.450
-589.499 -947.502
978.496 537.504
1061.500 -348.499
570.503 -962.507
-301.283 1077.260
-555.499 972.496
-1026.500 -449.503
396.514 1049.510
722.499 859.497
-80.501 1119.500
-786.500 -806.497
-1061.500 -377.494
-1128.500 13.497
-1071.500 358.498
-1009.500 512.503
720.506 -876.495
-969.507 -592.492
-275.500 1102.500
-419.499 1059.490
-1003.500 541.493
-1100.510 308.495
-1064.500 -434.500
972.829 -627.592
738.501 -892.499
126.499 1150.490
990.500 -602.502
1047.500 -502.493
700.499 -928.499
-1045.500 -514.501
983.633 -629.989
1059.490 492.497
-780.503 873.500
-4.499 1173.510
-47.507 1173.490
-764.503 -895.500
-759.500 908.500
-421.499 1107.500
-1092.770 -482.509
-1097.950 -479.527
1028.500 -631.495
-513.507 1093.510
988.491 -701.499
618.493 -1044.500
-1126.500 -450.499
1165.500 343.499
946.504 -763.507
1064.510 596.496
-1034.500 650.498
-1107.500 -520.497
-1052.500 -633.501
-1214.500 -214.498
-989.184 -741.471
1163.500 -422.500
-725.495 1001.510
-728.501 -1000.500
-1226.510 169.496
-557.505 1108.500
-1114.500 -549.505
-994.795 -747.581
-1213.500 273.504
-1201.500 323.502
-860.493 900.502
-944.493 -821.499
1038.500 -707.499
-599.504 1112.500
1030.500 741.498
-1132.500 574.494
1039.500 -732.498
-1219.500 381.505
1266.500 -188.498
1201.500 -450.500
-1270.500 188.494
-1260.500 -293.498
-1024.490 -793.496
1117.500 -660.504
1269.510 -291.500
817.497 1015.500
-1242.510 397.494
-1078.500 736.504
-1296.500 164.502
-1072.500 756.495
-1108.500 -716.500
-1291.500 -290.506
-1258.500 443.503
748.653 -1106.600
856.499 1027.500
-1111.500 747.504
790.208 -1086.500
-1285.500 -390.500
797.698 -1086.500
917.500 987.501
-764.504 -1114.510
-1231.510 604.502
1194.500 -688.498
1132.510 -798.496
1351.500 -320.501
-1290.500 -526.506
-1176.500 -752.500
1175.510 775.498
-1166.500 -798.494
1354.510 406.496
-1153.500 817.504
1337.500 -463.503
-1306.500 541.503
-1375.500 334.498
-1254.500 659.505
-1359.500 431.501
1201.500 -785.493
1350.500 -491.496
1314.500 -588.493
1346.490 519.499
-1334.500 -556.505
1073.480 -971.509
1455.500 -12.502
-1379.500 467.502
-1081.500 983.505
-1186.500 854.495
-1460.490 -128.504
-1251.500 763.500
-1473.500 -46.498
1072.490 -1016.500
-1134.500 -967.495
1329.500 704.496
-1364.500 -673.505
-1421.500 546.496
1401.510 -607.495
-1404.500 600.501
-1491.490 337.496
1495.500 337.503
1477.740 -414.563
1480.500 -409.499
-1337.500 -755.495
-1021.500 1153.500
-1221.500 -945.504
1333.500 -784.504
969.500 1208.500
1230.500 -960.492
1546.500 214.496
-1313.490 844.495
1527.500 364.501
1561.500 185.507
1222.500 -995.500
-1386.510 -770.495
-1587.490 -46.503
-1593.500 56.508
1590.510 137.501
1472.500 -620.500
-1465.510 656.502
-1086.500 -1198.500
1403.490 -811.494
-1197.500 -1094.500
-1199.500 1091.500
-1594.500 -321.507
-1593.500 364.507
1409.510 -837.505
-1467.500 -734.502
1202.500 1119.500
1177.500 -1171.500
-1420.500 873.507
-1376.500 -989.501
1272.500 1133.500
-1288.490 1115.500
-1466.500 895.500
1446.500 -947.489
-1517.510 -897.498
-1449.500 1018.500
-1550.010 865.009
-1553.500 870.503
-1555.490 -906.499
1530.490 -991.499
-1589.500 -895.499
1389.500 -1184.500
-1519.500 -1026.500
-1469.500 1099.500
-1397.490 1204.500
-1518.490 1067.490
1541.500 -1063.490
-1546.500 1172.500
