0.495 -0.506
-51.499 4.498
12.497 55.501
-46.494 56.500
19.501 76.503
74.507 -37.499
43.504 78.492
5.507 94.503
25.505 -93.499
108.499 -12.500
-96.497 -69.501
110.502 64.501
-59.493 -126.504
47.502 142.499
-108.499 -116.503
-29.496 -182.501
-18.497 195.503
-104.498 182.504
202.503 78.501
107.498 205.498
-191.501 136.494
-147.497 196.504
227.501 112.499
218.496 144.494
185.505 218.503
-266.500 111.497
-266.503 -122.500
171.503 240.504
308.505 -11.494
47.112 305.330
-163.492 -269.499
-33.499 314.498
-196.503 -263.505
270.501 -188.502
38.356 326.362
58.192 325.481
57.867 329.023
312.500 -121.500
-166.509 -294.507
-343.505 55.499
-348.500 21.500
292.501 195.503
338.499 125.448
24.497 359.505
-241.500 267.493
-274.494 262.506
194.503 327.505
-318.508 214.501
-362.508 -139.506
-368.500 122.496
-59.506 -388.499
86.503 -387.498
364.497 -177.501
350.015 210.665
350.499 216.500
-403.501 88.505
-413.500 25.500
-312.498 -282.501
263.502 329.503
-129.504 401.508
409.501 -114.505
350.498 243.501
-410.498 -141.495
-104.501 425.499
325.504 296.499
12.503 -446.502
242.504 374.508
363.503 259.501
-341.502 291.503
-311.494 -326.498
-57.496 447.497
-241.503 381.260
-366.499 272.511
453.495 65.494
405.499 225.498
373.505 281.506
454.508 -119.504
-388.500 262.506
-399.011 252.321
289.499 -387.493
-124.505 -468.502
493.504 40.489
-493.496 -29.500
-472.502 152.499
-407.497 290.502
-498.505 -53.501
408.498 299.500
-22.503 -506.489
-502.502 74.501
-490.501 -137.497
233.501 -462.493
318.501 413.499
-458.501 -250.500
-495.506 167.499
389.499 351.499
-240.498 -476.502
-513.499 150.498
-485.500 -231.501
424.497 336.493
542.499 21.501
450.502 302.498
-543.493 -12.499
267.493 479.503
-461.501 303.503
381.502 421.497
512.504 248.493
-458.505 -344.499
428.497 392.502
464.505 -357.511
469.985 350.485
332.647 483.647
472.293 349.504
285.504 516.501
340.411 489.632
-541.498 262.500
-486.505 -356.502
-569.504 -207.497
-370.500 -481.504
-87.504 604.503
-584.313 183.755
-365.497 -501.504
-27.509 -623.497
-593.497 192.507
-581.502 -230.502
465.505 419.498
-359.499 512.503
609.495 168.503
-579.503 260.497
-371.264 -517.944
-587.939 254.267
490.171 -427.135
499.190 -421.299
486.678 -437.415
127.491 649.506
-387.499 -539.502
-353.504 -566.495
616.500 258.497
-654.499 133.494
-664.496 85.511
-440.498 507.500
533.505 414.496
-680.492 3.500
-338.496 590.500
676.505 138.495
213.496 -657.503
326.492 -618.499
-684.502 -140.497
699.500 14.498
-17.500 698.503
695.503 77.502
394.494 587.500
697.500 -131.502
592.501 391.500
679.490 210.498
-702.503 106.494
-180.506 -693.495
-713.504 -102.498
-425.498 -583.495
305.498 656.498
-679.499 256.506
-340.495 645.497
700.261 -217.217
-487.504 548.495
695.493 240.501
-407.498 615.503
-534.498 518.503
457.501 593.495
-632.507 402.500
743.502 106.501
739.500 135.496
183.499 729.498
-756.496 19.500
485.504 582.502
-13.506 760.495
-259.497 717.500
284.499 -710.505
-191.501 -743.495
221.499 -737.501
-744.242 202.246
-745.592 198.812
470.503 618.504
593.503 -505.500
-616.499 -478.493
-671.498 -397.503
-124.505 -771.502
-357.500 695.498
734.504 -311.503
749.498 280.495
677.501 431.499
-34.495 803.505
-805.960 -45.963
-224.498 785.502
740.508 348.498
-819.500 -22.488
-699.495 -428.503
-823.736 -44.602
-823.937 -46.152
-650.501 509.502
15.500 826.501
-515.501 -648.503
646.498 -520.499
476.496 -684.500
-777.500 -299.499
823.507 -133.502
783.500 298.500
-614.502 577.502
-789.501 298.499
-752.494 -385.505
-685.504 501.495
784.435 336.998
515.503 686.505
-208.503 -833.503
-324.506 794.501
-687.503 -520.495
850.501 153.499
72.509 860.496
796.293 341.772
587.502 -642.504
-462.501 736.499
-793.503 -365.495
-661.498 574.504
-876.503 -9.494
576.494 662.500
859.498 -185.504
-744.506 467.500
-5.501 -882.502
529.499 709.504
836.499 296.502
-694.498 -552.503
-864.499 -200.497
-731.497 -510.497
-829.494 -338.496
-715.498 -553.501
-899.497 -123.500
-514.493 748.498
885.577 211.426
-910.505 -0.502
-819.493 418.506
432.493 813.501
-247.462 887.663
-247.022 889.848
902.499 201.497
-738.504 -575.500
931.502 108.501
834.505 -438.501
-727.502 -599.495
189.503 924.498
-930.502 -166.505
412.504 853.506
-675.494 -667.503
-912.497 -276.499
-876.497 -375.503
544.492 -784.651
542.448 -787.998
744.498 601.497
-958.502 -53.503
-627.499 731.498
814.497 -520.498
-967.499 -26.493
-801.497 542.500
-122.494 -961.500
-782.504 -573.500
971.499 5.497
-507.021 828.030
-137.503 961.496
-598.505 -767.501
288.500 929.503
-956.501 195.505
496.500 842.498
-418.498 884.500
-889.265 426.651
-937.507 -309.492
740.504 654.501
-615.502 -773.506
-887.508 434.494
-915.588 -384.497
917.498 390.503
972.502 -232.503
-924.212 -386.304
-924.173 -387.801
-909.778 420.229
-907.501 -431.496
514.500 865.500
-910.501 431.496
994.033 -200.663
702.502 731.503
-451.504 907.501
551.831 851.224
743.507 691.502
670.502 -763.496
-957.502 -338.499
800.498 -627.497
260.504 983.505
952.498 363.506
999.704 -201.667
-948.496 371.502
963.077 347.033
210.499 -1005.490
-773.501 686.503
3.498 1044.500
844.764 623.434
-1023.500 -239.500
-973.510 -402.497
942.496 473.501
-956.500 448.501
1057.500 -42.496
-1013.500 303.500
496.506 -944.499
-1054.510 159.497
-989.503 -408.495
-1069.500 84.495
1071.510 98.488
-870.505 -634.500
-1061.500 -189.489
-1068.500 146.503
-468.497 -976.503
217.501 1064.490
-1087.500 -77.503
1085.500 -159.501
660.504 875.499
870.503 -674.501
-764.495 -799.506
1059.500 -332.501
-894.500 -661.499
300.496 -1072.510
-1076.500 290.506
1036.500 -426.507
-382.501 -1058.500
-1118.500 190.499
-1130.500 113.500
-370.500 1074.500
-601.497 969.501
487.502 -1033.490
914.495 684.501
996.500 559.498
-1143.510 -24.500
-1012.500 -544.496
25.036 1149.640
-350.496 1096.510
711.503 907.502
-790.497 -840.506
512.501 -1035.500
1152.500 -91.493
-1153.510 -146.508
241.503 1139.500
-1098.500 -391.504
1167.500 -60.497
-266.506 1137.510
-1163.510 -127.501
523.504 1048.500
-1066.500 -504.501
-244.497 1158.500
150.494 -1178.500
1184.500 123.498
-1115.500 -417.494
-1180.500 -163.495
1193.490 2.504
-1175.500 -223.495
-119.505 1191.500
-141.497 1189.500
-813.498 -889.503
792.506 910.502
-810.707 -896.245
1059.500 -586.495
1204.490 -127.499
1143.500 406.497
1121.500 466.496
-1199.500 -190.500
-847.500 871.500
251.500 -1191.500
867.495 856.493
-1013.500 -678.504
-690.503 -1009.500
-670.503 -1027.510
-1200.500 -280.497
-1233.490 -55.498
958.502 -780.498
385.502 1178.490
1025.510 722.498
-1254.500 35.503
1257.490 -68.502
-1262.500 -15.508
-780.497 993.499
-426.495 -1193.510
-1016.500 -769.497
683.494 -1084.500
1132.490 -601.493
-1105.510 -649.504
1230.500 -374.495
-1197.500 -502.502
-1264.500 294.491
1062.500 -750.503
821.499 1010.500
1268.500 297.503
1299.490 96.504
-912.501 937.492
-1294.510 192.501
-1309.490 -82.495
-1284.500 -273.497
1294.500 244.495
1106.500 -728.507
636.496 1162.500
659.502 -1156.500
-1292.490 -339.488
1163.500 -659.497
1268.500 -432.505
1182.500 630.500
992.503 908.500
-815.494 1073.500
-1330.510 226.501
1198.500 -639.502
-1351.500 -218.499
-1309.500 -401.496
-1353.500 -240.498
-857.499 1081.500
1375.500 -131.500
956.511 998.498
833.499 -1105.500
-1384.500 -104.500
-1384.500 -112.852
-1247.500 616.497
-1207.500 -698.494
-1133.500 -827.499
-1400.500 -140.502
730.501 -1208.500
-1406.500 -121.494
-1268.490 619.497
-1413.500 13.502
1065.500 931.503
-1417.510 31.496
998.496 1010.510
1422.500 99.508
1345.490 475.502
-1417.500 179.495
1417.500 196.501
1403.500 281.498
-1404.500 -283.505
1227.500 744.500
-1339.500 523.505
1268.500 680.489
-1418.510 253.501
1404.500 -339.497
-1207.500 791.500
1328.500 -575.498
-1427.500 -288.500
-1427.500 -310.495
1438.490 -282.495
-1363.500 -542.495
-1439.500 299.495
1467.490 156.502
1140.500 -937.497
1451.490 273.505
1415.500 -447.494
-948.506 1141.500
1438.500 -394.497
1378.500 571.501
-943.504 1161.500
1165.490 -943.500
-1497.490 -162.499
-1463.510 -362.505
-1444.500 -442.509
1362.500 664.500
-1412.500 -566.500
1163.500 982.504
-1230.500 -909.502
1531.500 -66.496
1110.500 1061.510
1440.500 578.506
-1518.500 326.500
1501.500 408.494
-1478.500 -511.500
1514.500 437.500
1272.500 935.504
-1037.500 1196.500
1344.500 843.506
1344.500 843.896
-1402.510 -772.495
-1495.490 580.506
-1183.500 -1084.500
1258.500 1003.500
-1427.500 -751.502
-1245.500 -1039.500
-1190.500 1101.500
-1617.500 134.503
1615.510 -169.492
-1369.490 -873.500
-1588.500 344.500
-1573.500 -425.502
-1620.510 185.502
-1544.500 -526.499
-1432.500 782.502
1240.500 -1070.510
-1566.500 497.495
-1185.500 1140.500
-1397.500 877.495
1155.510 1183.500
1618.490 -349.500
1325.500 999.504
-1612.510 -400.497
-1488.500 -748.060
1607.500 486.504
-1468.500 -814.500
1242.500 1130.500
1294.500 1080.500
-1495.500 790.499
-1507.500 -769.507
1585.500 614.503
-1538.500 739.499
-1512.500 -794.496
1597.500 -610.498
-1591.500 -639.500
1454.490 918.499
-1380.490 1037.500
1483.500 -913.502
1459.510 -968.506
1608.500 -737.507
-1427.500 -1049.510
-1599.490 769.497
1365.500 1149.500
-1508.500 -960.498
-1382.500 1143.510
1507.970 1081.640
1453.500 -1167.490
1541.500 1085.490
1551.500 1120.500
