0.491 -0.506
44.500 45.505
113.496 -23.503
6.499 -118.507
-137.498 -38.504
40.496 145.502
-155.504 24.506
41.495 187.508
-92.494 -203.498
-135.499 -180.501
196.501 124.502
52.502 -245.495
-148.501 202.498
-241.508 -75.505
-241.491 158.503
17.503 297.501
-267.500 139.495
232.502 -194.496
-124.496 -297.495
-328.510 60.506
178.499 295.495
-35.502 -355.506
152.504 322.497
-118.494 -339.498
61.495 -360.498
265.502 256.504
-360.495 -126.506
383.496 -80.499
-375.497 127.491
-335.507 -242.494
217.494 -361.496
-346.264 239.044
290.507 -308.502
-344.496 -287.501
-356.502 290.501
-398.501 232.497
429.508 -179.501
-411.501 -252.502
312.502 371.496
194.504 455.496
87.502 -495.505
-502.494 0.504
308.503 415.496
-412.503 315.495
-474.501 -215.502
365.501 372.497
-393.502 -368.502
-523.493 127.496
-465.503 271.498
-542.497 -10.509
543.502 -67.512
303.494 456.504
-179.501 -518.499
-516.499 183.984
-244.505 498.501
-454.495 340.496
572.510 2.503
-398.498 414.499
-524.499 244.501
-528.501 -250.507
507.502 294.499
96.491 581.501
-394.501 441.502
-568.496 166.497
-119.501 -591.497
167.493 -582.495
-555.497 -247.499
-500.505 355.495
-597.063 167.099
3.504 624.499
-600.502 172.502
-621.506 -80.505
-184.155 600.848
-171.499 610.502
-624.493 121.491
-375.505 -517.497
-486.508 420.495
-606.506 -221.503
564.499 -358.501
-609.493 278.499
267.499 -618.500
-155.497 654.499
-674.502 -19.500
-657.493 -158.502
230.500 636.499
295.503 620.504
-482.502 -495.507
652.498 -244.495
677.504 -181.491
364.505 -620.501
-662.506 -279.491
-321.500 650.497
512.501 517.502
657.506 314.496
70.500 728.501
-719.504 -144.504
-564.504 468.505
-689.501 254.498
-686.503 274.503
-619.503 408.500
-719.502 196.498
37.499 -746.507
-27.501 746.504
-639.504 -389.507
-495.504 -563.503
-652.497 369.504
-67.498 748.502
-711.500 -245.507
740.504 144.500
-677.508 353.498
-527.500 554.502
191.495 742.504
-432.506 -636.501
-625.503 -451.508
770.503 68.503
-74.499 769.503
-606.498 480.501
-610.493 -479.503
-290.498 720.502
-763.504 -181.497
54.044 -785.996
-359.501 700.498
696.505 -371.498
572.802 -543.840
-352.500 -706.504
48.930 -788.367
581.158 -535.742
-69.501 791.937
-790.500 84.498
-597.495 -525.500
37.505 -795.504
-542.500 581.493
3.506 798.506
663.499 458.505
-23.496 807.501
-730.499 349.495
-721.897 373.398
401.497 -708.499
-696.505 421.503
815.500 6.499
-720.513 382.496
816.493 91.506
-268.503 778.498
-756.496 332.499
810.499 178.513
750.504 356.499
-732.507 399.502
703.495 461.502
-269.502 -797.504
-587.491 605.497
-789.500 300.509
-161.491 -834.496
-278.500 804.498
-842.506 -142.502
670.498 -534.500
-824.498 235.499
-602.446 618.925
-598.503 626.499
715.499 -492.498
-190.503 846.500
-636.494 -591.499
-441.495 748.498
236.503 839.499
-769.493 412.504
-797.499 360.503
623.496 -619.495
-372.007 797.502
344.493 -811.499
-375.117 797.503
154.499 -879.504
839.506 303.505
-695.503 563.496
-876.498 242.497
-556.505 720.506
-825.496 -394.501
-813.507 -442.495
899.498 225.497
-422.500 825.502
124.510 923.500
-918.496 -165.491
305.500 -884.501
909.497 243.502
680.498 -656.503
-890.500 314.497
-550.501 -770.503
320.502 -892.495
-472.495 823.509
-255.503 -917.500
-346.886 894.230
-351.573 894.678
741.491 624.509
-92.500 964.497
810.505 -534.497
-406.501 880.494
942.499 -236.498
-865.501 449.497
-276.504 935.500
-918.500 329.489
-208.503 953.494
-328.509 921.508
312.500 928.496
-936.500 292.497
-907.504 -386.492
-733.494 -668.496
-969.509 210.497
-992.556 75.953
-996.499 85.502
-406.896 915.464
-166.497 988.498
-407.046 917.560
-65.500 1002.500
-389.501 929.495
908.494 440.495
-1005.500 -84.498
187.503 1001.500
-980.498 276.500
-1016.500 78.499
-1027.500 19.499
-894.496 508.499
801.505 650.495
544.802 888.536
540.001 893.315
278.501 1010.500
-1027.500 -235.499
826.503 -667.503
-275.499 1027.500
-629.559 869.010
-172.498 1059.500
799.495 -718.498
-956.503 496.505
-647.506 864.508
-1079.500 -73.494
-315.507 1035.500
694.504 831.505
-510.498 961.500
540.497 946.504
720.501 823.500
512.508 -968.504
-641.498 890.498
1099.500 18.499
-1092.500 130.497
1084.510 -198.497
47.494 1100.500
1040.510 367.501
-662.500 -886.505
50.500 -1107.490
-694.497 870.499
-357.501 1055.510
-1066.500 -336.505
-1113.500 -170.498
550.497 993.497
377.496 1071.500
916.502 -673.497
-1009.500 -530.505
-249.501 -1119.490
-225.503 1124.490
-87.497 1148.500
-641.508 956.502
-299.509 -1113.500
-384.504 -1087.500
-1150.500 -84.360
-1150.850 -85.499
223.501 1134.500
-861.505 773.498
158.497 1150.500
-1146.500 -204.501
-1155.500 -184.497
387.500 1106.500
-615.496 1000.500
-969.499 667.501
-903.505 -755.501
220.499 -1177.500
-1165.500 282.496
-980.500 -695.499
-969.501 710.501
861.501 -843.503
-223.499 1185.490
-1006.500 -672.510
278.502 -1181.500
1180.510 305.505
-1036.630 644.215
1227.500 -12.509
-233.498 1205.500
-1042.950 649.085
868.499 -874.502
-1027.500 684.503
-1235.500 6.496
-1237.500 -65.503
-943.498 805.499
-1242.510 61.502
-1251.500 31.498
-1003.500 -753.504
-1230.500 255.499
-1184.500 -428.499
-769.495 -999.498
1012.510 759.502
-712.499 1045.490
-1252.500 -207.495
-642.499 -1096.500
1147.500 -547.494
-1105.500 630.500
-672.504 1084.500
-1179.500 -488.492
685.502 1077.500
1277.500 -56.498
446.497 1203.500
-919.499 902.494
700.500 1090.500
586.502 1156.500
909.501 -930.497
-1268.500 286.499
-523.498 -1193.500
-488.497 1208.500
509.491 1201.510
904.501 941.511
1284.490 -272.498
686.501 -1125.500
-904.500 -961.501
-907.679 -965.115
-722.507 1117.510
-620.879 -1179.320
-1112.500 734.495
-634.501 -1174.490
-1240.490 515.501
-1258.510 -473.503
1019.500 897.499
-1369.500 -15.512
-1305.500 425.493
-1146.500 764.494
1019.500 -932.502
1158.500 -757.500
1356.500 -278.499
-1176.500 733.506
-953.501 1006.500
-1125.500 -828.504
1368.500 -302.500
-1379.500 -287.499
-1351.500 420.493
-743.502 1206.490
1313.500 587.502
-1223.960 770.564
-1447.500 23.498
-1225.500 777.497
-1075.500 986.503
-892.505 -1167.500
-1146.510 -923.496
-1098.500 980.494
-1122.500 956.497
-1162.500 911.499
-1468.500 189.500
-1211.500 -856.503
-1489.500 140.504
-1476.500 -246.499
-1066.500 1050.500
1409.500 -515.503
-1475.490 289.497
-1415.500 -517.506
-1350.500 669.501
-1494.500 -323.506
-1532.500 -25.498
-1124.500 1041.510
-1372.500 -685.503
-1234.510 -911.499
-1203.500 -956.500
-1530.500 165.494
-1291.500 844.506
1549.500 -35.503
-1558.500 -32.502
-1533.490 -305.503
-1429.490 -645.507
-1302.500 888.500
1134.500 -1101.490
-1471.990 -576.505
1408.500 728.506
-1310.490 906.495
1454.500 660.506
-1513.500 509.496
-1232.490 1017.500
1514.500 -527.502
-1597.500 -189.494
-1578.500 314.495
-1514.500 547.503
1445.500 712.499
1502.490 592.499
-1594.510 298.505
1586.500 357.501
-1118.510 -1200.500
-1340.500 959.500
1147.500 1194.500
-1600.490 -433.496
-1509.500 -704.505
-1618.490 404.502
1226.500 -1143.500
1587.500 566.496
-1604.500 -522.504
1285.500 1098.500
-1308.500 1075.490
-1543.500 705.505
-1360.500 -1016.500
-1274.500 -1130.500
-1304.500 1103.500
-1458.500 -913.499
1442.500 -976.504
-1535.490 846.502
-1471.500 953.495
-1455.510 -1040.490
-1476.500 1027.490
-1566.500 -894.497
-1427.500 1117.500
1595.500 882.493
-1553.500 956.497
-1595.500 -928.503
-1571.500 -969.508
-1578.500 -1004.500
-1583.500 1052.500
-1583.500 1168.500
-1607.500 -1167.500
