0.501 -0.496
43.505 122.511
-168.505 -34.505
178.495 15.503
-189.501 59.490
-23.500 -198.505
-204.492 151.505
156.497 220.495
262.506 106.501
261.495 127.505
-211.503 198.500
-177.504 -244.499
-298.500 -43.500
190.504 263.503
276.494 182.499
8.509 -333.508
-170.502 295.490
129.498 319.496
262.505 241.504
81.499 -363.499
-203.501 -315.503
358.508 -134.503
-387.505 46.502
139.500 -383.501
411.502 59.502
414.503 -48.502
233.496 346.495
383.499 -173.499
34.505 -425.494
-336.494 -271.503
9.503 -436.501
132.498 444.502
-35.505 -465.493
439.498 -172.505
-95.496 -463.499
480.498 -49.497
-20.492 -483.497
131.504 469.503
200.496 -450.502
475.506 146.504
500.496 -76.492
507.496 -5.504
127.504 -492.500
391.504 -329.499
-58.503 -514.503
169.502 -497.506
114.504 516.502
-168.499 514.504
-184.503 -517.503
-308.503 472.499
-563.496 98.506
-563.495 98.895
572.498 -49.499
-329.498 469.497
-44.506 -588.501
-397.497 -436.504
70.503 -589.508
592.504 75.495
-602.501 42.500
486.508 359.506
607.501 -26.504
-579.498 -183.503
480.504 -375.500
307.497 -529.501
599.508 -139.497
-238.505 573.504
440.505 444.503
-584.494 254.500
-562.499 307.505
-322.495 562.508
544.500 360.504
-560.493 346.495
-583.500 339.499
600.497 -328.504
-619.504 -304.500
-640.499 -265.507
483.502 -527.493
-604.499 385.494
-613.498 -380.493
724.499 -30.496
-491.497 -533.499
-716.494 173.499
-738.495 -84.502
-306.501 -697.503
-709.499 306.498
-415.502 -660.506
-365.496 -689.501
-489.499 -609.504
-578.504 528.499
-259.505 -743.497
290.503 731.501
-776.507 145.497
-638.505 -466.496
563.505 555.501
-780.505 -161.504
-66.501 -802.504
768.496 -249.507
-748.497 306.503
424.509 692.498
335.506 741.504
-676.500 454.499
-124.501 807.504
-754.502 -315.506
-747.501 -333.498
85.496 819.496
-824.499 -89.500
592.507 -582.496
-816.499 210.503
265.508 803.499
-221.496 -817.498
-512.498 674.499
723.501 443.500
573.499 -643.497
660.500 -567.506
717.498 -493.501
-792.504 383.503
-797.501 -376.504
-579.759 679.579
-582.839 680.276
-310.503 850.501
-894.504 147.501
117.496 -905.499
-246.496 889.501
46.498 922.501
798.503 470.502
849.498 -374.499
-509.501 -780.504
736.495 -572.505
531.498 -777.499
-823.499 454.508
684.501 -649.507
411.498 -861.499
-663.310 695.010
-696.509 669.496
750.502 611.494
-544.503 803.500
-817.500 -526.495
-674.505 702.495
-466.503 856.499
-96.505 975.500
-943.498 -275.498
123.497 -976.497
-33.500 -990.500
762.498 633.494
-687.495 720.502
-969.500 -238.508
-913.502 -410.504
-970.789 -247.882
156.505 1000.500
634.497 -791.503
-988.495 230.502
-819.499 -603.510
-455.505 -916.506
227.504 997.499
-1023.500 -65.494
-494.508 899.507
-730.493 -722.502
-923.512 452.492
-580.492 -851.501
295.506 -989.495
579.500 858.495
-908.503 498.499
510.495 905.494
808.500 655.500
734.503 -739.498
951.501 -432.498
-724.506 751.502
1045.500 92.501
172.501 1038.500
973.500 -405.498
690.502 797.495
-1039.500 -177.498
433.503 962.503
6.499 -1056.500
123.500 1053.500
-641.498 847.502
-991.503 391.498
-735.503 -789.498
749.499 781.500
-496.502 968.500
144.504 -1084.500
-623.503 900.501
-1089.500 133.488
867.496 674.501
-1062.500 -297.502
-373.497 1047.510
-870.498 -704.494
-1107.500 -168.498
-349.502 1068.500
767.492 829.502
908.503 675.496
-644.497 -933.497
-917.505 688.505
1149.490 -98.500
-696.501 925.506
658.495 -959.505
484.497 -1064.490
706.501 -937.502
-649.501 985.498
586.497 1025.510
684.504 -966.496
-1133.500 -352.506
-967.500 -690.501
-866.498 -819.500
586.498 -1048.500
-303.499 1163.510
836.506 -873.494
543.498 1089.490
-814.504 -907.500
-540.505 1092.500
-1011.500 700.492
-1216.500 195.497
-1211.500 -226.497
233.500 1210.510
-1063.500 -624.499
698.973 1018.120
688.494 1027.500
-1210.500 -272.504
741.361 997.878
366.494 1189.500
745.497 1003.490
1112.500 -575.504
-1198.500 -389.504
-518.505 1152.500
-850.489 -945.508
783.498 -1004.500
1249.500 -276.501
-982.501 -822.499
889.496 923.496
-1032.490 760.502
1258.500 304.502
-868.496 -960.498
1302.500 -46.500
1295.500 -156.495
-848.502 990.497
-790.500 -1047.510
1225.500 -479.502
-893.497 -969.504
1287.490 -327.501
1312.500 -257.497
831.503 1048.500
926.499 966.503
601.494 1196.500
1121.500 -735.498
887.495 -1008.500
969.498 -931.506
-1340.500 -119.500
-1186.500 -643.501
-650.505 1183.500
-1325.500 -281.500
1207.500 -620.494
-760.506 -1135.500
1316.500 377.500
-1358.490 -171.499
726.498 -1162.500
705.495 1174.500
-1339.500 290.501
-1092.490 -829.501
-1259.490 550.936
-1260.150 554.301
-1197.500 -681.499
-1377.500 -76.500
-1064.500 -879.501
775.505 -1148.500
1162.490 -761.501
-1293.500 510.497
776.506 -1166.500
-1368.500 -330.496
-1400.500 149.496
-1052.500 961.496
1440.500 4.494
-942.500 -1098.510
1444.500 98.488
947.507 1095.500
-1381.770 -441.968
-1388.500 -425.497
-1411.930 -344.776
-1455.500 -30.495
1045.500 1018.510
1226.490 804.498
-1424.190 -353.635
-1424.170 -353.722
-1413.500 -412.497
-1300.500 693.501
1010.500 -1076.500
1444.500 -311.501
-1177.500 892.498
1148.510 934.500
-1239.500 -823.496
-929.502 -1164.500
-1429.490 -425.507
-1470.500 -255.505
-1418.500 -467.500
910.501 1195.500
-922.505 1201.500
-1449.510 -444.498
-1252.510 854.511
-1425.500 526.506
973.499 1174.500
1525.500 -129.494
1410.510 -607.497
-1035.500 1136.500
-1454.240 -507.202
-1454.010 -509.428
1411.500 -633.505
-1503.500 363.500
-1448.500 -558.500
-1047.510 -1152.490
-1323.500 -859.508
1164.500 1078.500
1552.500 339.500
1310.500 -909.502
-1552.510 388.495
-1058.500 1200.490
1603.500 133.493
1587.500 -319.509
1266.500 -1011.500
-1445.500 -731.497
-1202.510 -1106.500
-1570.500 -454.503
1366.500 917.505
-1556.500 -543.498
1283.490 1045.500
1431.500 857.496
-1519.500 -707.497
1466.500 -818.496
1368.500 -983.500
1410.500 -975.500
-1455.510 -913.500
-1469.500 899.497
-1554.500 -765.504
-1597.500 757.502
-1484.500 1006.500
-1353.490 1185.500
-1541.500 -931.496
1565.500 -892.508
1452.500 1102.510
-1619.510 915.500
-1488.510 1180.500
-1506.500 1188.490
1601.500 1061.500
