0.504 -0.499
-0.499 38.499
-54.497 3.503
3.498 -69.501
-24.498 69.500
-86.497 1.492
-95.496 21.505
-104.503 -39.497
-14.505 115.511
19.491 -124.501
-131.504 -1.498
92.501 139.504
-61.608 175.969
-129.503 -138.498
-193.505 -10.502
-178.505 -77.509
137.498 -142.497
-193.499 60.502
-203.498 -45.496
-63.984 203.012
213.497 -81.494
-227.404 -34.047
-41.997 230.830
-191.498 -140.501
-46.498 232.482
-64.123 228.316
-64.260 228.739
-114.497 -209.503
174.503 164.503
-78.507 -232.499
228.505 91.499
-20.507 -249.504
-24.502 258.504
-166.500 -200.500
26.498 268.491
-110.499 265.504
-21.500 288.503
-214.498 -221.501
-103.498 293.502
-257.498 -176.496
126.502 303.495
307.498 144.505
-350.500 66.504
-120.500 -337.494
83.504 -362.496
-197.501 319.495
334.491 -175.507
-328.498 -189.500
286.495 -254.495
279.502 265.504
-273.502 274.499
135.496 376.490
-188.502 -356.502
368.502 167.501
-205.499 348.499
-331.501 237.502
394.497 123.500
-381.499 161.495
414.498 -31.498
-35.493 -414.500
84.497 406.500
286.501 -314.508
-312.501 -299.491
404.089 164.364
-391.502 191.500
-423.495 -108.505
-427.498 93.507
-404.499 171.495
168.498 -409.111
168.498 -409.502
361.783 266.565
367.339 261.661
414.501 179.502
80.500 448.493
218.506 402.505
-309.499 340.498
-309.500 340.888
406.493 245.503
468.491 85.503
-184.498 441.508
-48.499 -499.504
502.502 49.497
-229.510 -457.499
-40.511 510.496
-73.504 -509.496
69.506 -511.494
251.503 453.510
-507.501 -134.494
294.499 436.503
-377.047 367.455
435.496 -301.498
-381.867 365.912
533.499 -11.499
-69.499 -531.499
166.491 509.497
107.503 -529.501
415.500 -348.491
183.502 -512.501
-69.499 -540.352
550.500 16.500
-468.505 294.501
-552.504 -73.494
557.494 -43.507
413.496 379.497
557.492 -71.495
465.502 321.495
-530.495 198.501
254.506 -520.503
514.502 -278.501
-562.718 -170.168
558.501 -197.500
566.506 173.505
-243.494 539.494
-569.868 -171.876
455.502 397.497
-396.505 -463.503
-573.499 213.499
-338.843 520.169
-346.176 519.538
-248.491 582.496
636.506 2.493
577.492 284.500
-379.499 -528.497
-201.500 619.505
106.497 643.506
187.502 628.500
-323.498 573.501
-270.493 600.498
-486.503 446.505
621.500 228.494
657.501 -100.503
75.503 660.497
532.500 -401.503
-627.497 225.496
-298.493 -602.496
100.492 -667.501
266.511 -621.506
-666.498 108.498
-599.501 -324.495
620.496 -294.505
432.496 -539.500
673.497 197.509
614.498 340.494
-556.497 -430.505
212.501 -677.501
486.495 516.496
520.510 505.501
-617.500 -391.501
78.498 -729.494
730.496 -81.504
303.500 669.497
344.502 652.500
-484.498 559.507
418.504 611.502
627.506 -416.500
-85.499 -749.504
134.499 -744.494
111.498 -751.498
72.496 -759.497
-767.503 71.503
-682.504 366.503
522.500 577.485
-773.503 -99.496
-608.502 -488.503
424.502 -656.495
-555.498 -549.495
418.294 -666.175
-783.504 115.504
-188.507 772.500
289.497 747.504
763.496 -251.495
-326.503 738.501
363.489 -723.501
-127.503 -804.497
-91.500 814.502
609.496 551.504
823.500 7.503
-510.496 645.509
-557.499 -613.504
66.503 -828.500
-487.506 674.500
817.499 -177.501
835.502 54.495
-830.501 109.495
369.501 -753.502
499.502 -674.506
741.502 395.507
408.494 -736.495
316.496 -780.498
-842.501 -47.497
-159.499 -831.495
34.500 851.506
855.501 -31.500
605.503 -612.497
-812.501 284.499
1.499 -864.499
422.497 759.511
-753.502 -440.500
611.462 -624.089
-255.501 834.499
-816.503 -326.504
-807.497 358.501
444.501 -765.502
441.502 770.495
-48.501 -891.504
-886.494 -118.506
-106.502 -892.504
-539.500 -719.504
-807.496 395.497
813.506 389.500
902.497 -2.504
-493.503 755.490
-376.505 -821.506
468.503 -780.502
729.505 -549.501
910.492 81.502
-352.502 -844.502
-687.503 -604.501
-156.497 -902.499
801.488 445.496
-667.500 -632.494
-507.496 -771.499
-439.496 -813.501
-745.501 552.500
370.502 -853.506
-169.510 914.500
74.498 -928.496
811.500 -459.499
-200.499 -910.501
-539.839 762.853
800.504 -486.502
322.502 888.491
-541.497 776.504
411.503 -855.500
534.496 -787.497
-167.494 -940.495
-947.500 138.507
707.497 646.503
-587.500 -760.501
-602.495 753.502
-546.499 -799.501
502.500 832.506
-91.499 -970.493
-798.504 -559.497
-107.501 -973.500
-143.497 969.504
-109.501 974.498
128.499 974.502
-622.494 760.504
963.505 -240.499
636.504 -764.497
575.497 811.495
-743.497 -661.491
-741.743 666.081
882.501 -480.504
714.505 -707.495
-753.492 664.507
-634.502 793.501
-768.500 -678.508
-235.509 998.498
1015.500 155.505
1002.500 230.498
399.507 -948.497
411.499 950.501
448.501 936.499
-919.504 -483.510
-985.493 334.499
803.500 666.498
981.504 366.505
792.502 685.496
163.500 -1038.500
133.501 -1044.490
1031.500 211.503
-528.503 -910.489
698.490 787.488
899.504 549.500
-463.503 946.502
21.489 1054.500
768.500 -724.498
785.501 -708.501
-993.494 -360.501
48.501 1058.500
-870.499 608.501
-405.497 -984.502
266.496 -1038.510
174.499 -1061.500
157.503 -1067.500
930.498 -564.509
457.498 988.509
830.498 706.502
-953.501 -530.504
404.502 -1016.500
112.501 1087.500
271.497 -1063.500
186.502 1081.500
-906.495 -619.500
85.500 -1098.500
690.510 859.505
671.505 880.495
782.152 784.500
782.498 785.641
-1056.500 339.498
369.495 -1049.500
-43.498 -1112.500
1073.500 -310.494
337.500 1064.500
-676.508 888.499
688.501 -886.495
1115.500 157.497
851.497 -740.494
923.500 655.494
674.503 913.500
1136.050 -37.756
1138.400 -34.600
347.498 1084.500
-889.498 -714.499
-756.054 -854.929
308.506 1100.500
-757.708 -856.973
-866.494 -748.490
-1105.500 302.496
-413.501 1069.500
1022.500 -527.497
-824.500 -805.498
-401.502 -1081.490
-769.134 -865.017
907.499 -731.501
-1126.500 307.502
-163.504 -1157.500
434.501 1085.500
-1121.500 -333.503
-1068.500 477.497
1084.500 -443.502
848.505 810.495
-603.494 -1006.500
-1091.510 -446.493
-1065.500 -506.504
1054.500 -531.497
-445.504 1095.500
1065.500 521.501
-1119.500 406.503
1139.500 -351.497
-722.501 947.504
1174.510 -220.497
-263.497 -1169.500
-799.501 -893.497
299.507 1161.490
1027.490 -622.496
-896.500 -805.504
-1087.500 -527.498
-851.502 -861.504
-218.499 1193.510
748.501 -959.497
-1078.500 -566.498
-870.440 -853.520
-400.506 -1152.500
-919.501 -805.502
844.505 -889.493
-663.493 1030.500
339.500 -1181.500
578.499 -1086.500
923.501 816.507
-1220.500 -195.499
-868.502 -881.499
-459.500 -1149.510
-1240.500 -34.498
-893.891 -868.046
-893.980 -868.928
-980.503 -776.492
-1254.500 32.502
-924.501 -855.502
-431.501 1184.500
-896.501 -893.499
1173.500 476.500
1154.500 525.502
404.493 -1203.500
1025.500 748.496
-1008.500 -776.501
-1228.500 -332.491
886.497 920.494
1193.500 -476.507
1283.500 -69.503
-1236.500 -361.497
654.496 1116.500
615.502 1138.500
805.494 1021.510
-1000.500 -833.502
503.505 -1210.500
1287.510 254.506
-1290.500 239.496
-1227.500 -478.500
1009.490 -857.497
1252.500 -435.494
889.506 986.499
982.504 -895.504
-1011.500 -863.503
-963.503 -922.498
914.110 988.953
909.509 998.505
-955.901 -958.760
1104.500 789.498
-1205.500 624.494
-936.500 -984.493
-771.499 -1123.500
711.499 1163.490
-1359.500 109.501
1178.500 -697.505
-970.500 -965.496
-1325.500 -367.492
1013.510 -932.496
-896.501 -1050.500
-1158.500 -754.499
-1259.500 -577.510
1389.500 40.505
-1134.500 812.504
-1381.500 238.504
-944.499 -1047.500
1093.480 -899.492
-1275.510 619.497
1197.500 763.501
-977.504 1030.500
1390.500 342.495
1373.500 -432.496
1432.500 -163.499
-1005.500 -1037.500
1264.500 702.504
1338.500 -556.495
1360.500 -504.501
-1178.500 -854.497
-1400.500 -397.495
-1296.500 672.501
-1277.490 -714.504
-1337.500 599.495
918.496 1144.500
1450.500 -238.501
1388.500 493.500
1365.510 558.500
1375.510 -540.502
1163.500 -920.503
1409.500 464.499
867.496 -1205.510
1242.510 813.493
1466.500 -243.496
1325.500 675.504
1429.500 417.495
1329.500 -687.507
-905.500 -1191.490
-1502.490 -30.500
-1099.500 1031.500
-1508.500 16.504
-964.504 -1161.500
1510.500 161.502
-1496.510 -375.495
1317.500 811.501
1132.500 1054.500
1502.510 -380.492
1035.500 -1157.510
1230.500 -950.502
-1049.500 -1148.500
-1020.500 -1178.500
1401.500 -713.503
1387.500 751.506
1014.500 1210.500
1545.500 -348.504
1545.800 -348.125
-1565.500 239.504
1550.540 -348.505
-1035.490 -1206.500
-1520.500 488.504
-1474.500 613.495
-1585.500 -214.497
1580.510 -260.504
-1461.510 -656.498
-1161.500 -1106.500
-1515.500 527.502
1281.500 967.496
1560.500 387.505
-1591.510 263.500
1453.500 732.502
1353.500 911.508
1570.500 464.497
-1597.500 361.507
-1280.500 -1039.510
1488.500 735.501
1200.500 1208.490
-1392.490 -1003.500
1460.500 -939.508
1554.500 787.501
1287.500 -1188.500
1433.500 -1010.500
1325.500 1149.490
1444.500 1015.510
1360.500 -1189.500
1592.500 -862.490
1357.400 1212.420
1495.500 1041.500
1454.500 1192.500
1552.500 -1064.500
-1562.500 -1174.500
