0.500 -0.495
-9.491 -19.500
-28.490 -16.495
68.498 -107.495
-113.500 56.500
-145.495 51.500
-151.500 -134.500
181.502 -94.504
-214.495 23.499
186.510 -154.504
212.499 137.501
-65.500 -254.501
-220.508 162.503
-284.504 22.503
197.499 210.496
297.497 -148.501
95.511 -366.503
388.503 58.489
300.494 264.503
316.501 252.496
74.501 -440.498
-236.497 378.505
-187.497 -431.495
-284.498 376.502
134.501 -463.500
482.502 30.506
446.502 -208.498
411.499 281.500
505.501 14.504
-399.498 -311.507
409.507 -307.505
-462.501 -293.495
-583.500 -54.502
238.504 552.498
-230.505 558.496
-399.503 -462.497
512.495 334.507
618.501 -69.498
-266.502 573.500
-637.496 -16.506
343.496 539.492
-250.489 598.498
-646.494 -102.506
111.501 -667.499
635.495 262.498
-175.494 670.498
-682.502 133.495
-669.497 274.503
667.496 -284.501
-534.496 491.500
-704.501 -225.504
-620.501 442.503
-652.499 395.500
-764.500 35.497
-2.490 -770.495
-529.510 -584.504
-248.497 -752.499
-766.500 -201.499
-348.501 716.499
-427.504 672.502
587.715 539.846
588.499 545.492
243.494 784.510
-751.498 332.509
547.504 615.504
676.493 -471.506
-808.502 -184.505
669.494 -495.499
489.508 -674.499
265.502 -797.500
-756.497 373.499
416.505 734.507
831.507 -166.501
553.506 -649.498
404.499 -765.494
773.500 -396.499
787.503 -368.504
62.509 -869.499
-818.503 -333.505
883.503 53.508
-70.499 -886.500
-460.503 764.505
-246.507 -871.496
637.505 -646.494
660.501 -629.499
-858.499 -306.503
-917.499 -31.492
744.501 555.500
871.500 -337.493
-905.496 231.491
-694.497 630.512
930.504 131.503
-107.505 944.507
865.504 397.502
-449.496 -841.501
-930.501 241.497
921.494 285.503
-981.502 119.505
914.498 -443.498
-905.496 468.500
303.501 982.503
254.496 999.507
1000.500 287.495
866.498 -579.505
-381.504 970.501
-920.503 -492.503
164.496 1031.510
915.500 -509.501
914.498 524.506
-1014.500 293.493
-1003.500 -343.505
459.502 -959.500
1060.500 -84.495
-1031.500 257.496
-64.495 1062.500
-1031.500 303.497
-974.501 463.507
1077.500 -85.502
-519.491 951.506
-602.493 -910.495
-999.498 446.494
-1071.500 244.504
-636.499 901.503
852.494 714.502
1111.500 123.500
-1032.980 431.765
-1104.500 187.506
-1033.500 437.492
1129.500 0.493
-661.501 914.498
-995.506 -542.501
-506.497 -1016.500
1049.500 -435.501
-271.504 -1108.500
1034.500 -502.499
1128.500 263.499
1117.490 -311.507
-967.505 -639.501
623.507 978.501
-677.499 -947.499
585.493 1012.510
357.497 -1120.500
367.501 1119.500
1165.500 231.502
532.506 -1065.500
1051.500 -608.495
-880.502 -848.492
796.500 -940.504
-575.499 1093.500
-1046.500 -670.500
-1100.490 -580.491
-439.502 1165.500
1159.500 478.495
819.501 -956.499
-842.501 -935.500
1176.500 -452.503
1156.500 -506.496
-1200.500 -419.510
-773.510 1012.490
-1131.500 602.499
717.502 1070.500
-748.506 -1079.500
-904.502 958.496
-1181.500 -598.499
-1302.500 311.497
1360.500 -12.506
-1229.500 602.498
1125.500 -790.511
1229.500 618.504
977.502 974.497
-1360.500 234.501
-1381.500 30.504
1222.500 -664.498
-1145.500 -790.500
1026.500 -945.496
-1399.510 9.504
-1274.500 580.498
-1397.500 -208.489
1387.500 -288.501
-814.504 1158.500
1131.500 -861.504
-1422.500 -67.505
-1123.500 -879.503
-1316.500 -554.500
-1430.500 6.502
1436.500 49.491
1436.500 -73.500
986.504 -1065.500
-813.503 -1212.500
1459.500 -71.496
1143.500 -910.498
1423.510 -337.503
1258.500 -747.502
-986.501 -1081.490
998.499 1081.510
-1469.500 -155.501
1439.500 -354.496
1483.500 -74.495
-1463.500 -293.500
1024.500 1095.500
1302.500 789.505
1309.580 782.158
1526.500 -154.501
-1115.500 -1054.500
1182.500 997.495
-990.507 1201.500
-1324.500 -839.495
1373.490 789.499
1325.510 874.492
-1263.490 964.500
-1601.500 -56.505
-1459.500 671.504
-1475.510 -669.501
-1445.500 742.504
-1436.500 -788.497
1539.500 -595.487
1276.500 -1057.500
1163.500 -1186.500
1514.490 -721.494
1516.010 -730.031
1338.500 1041.500
-1484.500 824.497
-1603.500 -606.505
1287.500 -1197.500
1612.500 774.506
1499.500 -1002.500
-1430.500 1112.500
-1572.490 927.501
1620.500 871.494
1479.490 1131.500
-1431.500 -1199.500
-1593.490 -994.495
-1530.500 1141.500
1566.500 1142.500
-1579.500 -1136.500
-1551.500 1185.510
-1578.500 1203.500
