0.503 -0.504
-0.498 -36.497
35.499 80.502
87.492 30.501
-7.495 -123.503
70.494 136.500
190.499 -45.501
-71.497 199.494
196.498 101.499
-93.497 205.500
-231.504 30.499
-69.498 280.502
167.498 -240.496
-254.497 -173.503
-270.497 196.496
-333.500 102.502
-36.500 -352.498
-289.654 -208.978
233.496 -287.501
1.240 412.236
3.503 414.252
124.493 414.504
-345.498 267.502
-425.506 126.500
-454.496 15.492
-236.500 -427.504
386.499 -327.493
-505.501 70.497
377.502 357.503
-38.499 518.499
494.502 199.495
74.495 539.501
513.498 190.507
542.506 79.501
420.500 -380.507
326.501 464.500
-227.503 525.499
273.495 518.495
-293.498 510.501
413.506 -429.496
475.500 368.501
-595.508 -177.500
-170.498 607.502
551.508 -309.497
-110.497 -630.504
519.497 381.497
-288.499 588.499
-656.499 -12.499
318.506 -580.493
-649.500 -130.498
135.502 -651.496
156.502 646.501
-664.498 -58.497
-537.503 410.500
109.508 669.493
-678.498 13.501
-468.502 -492.503
686.503 -18.493
-94.504 -685.505
313.502 616.497
534.496 -440.499
477.494 -513.494
-452.497 -549.501
696.501 -179.499
586.501 433.499
636.501 -357.505
516.497 515.501
-655.497 -352.505
-386.504 -645.497
-662.500 355.506
575.497 489.498
2.507 -757.493
745.496 134.490
269.504 -708.497
22.210 759.116
757.508 -112.501
622.502 446.505
25.830 766.699
36.896 771.669
351.508 692.496
685.497 -367.499
-793.503 -72.502
539.498 -589.506
780.498 175.501
-235.499 780.498
812.502 -140.495
-643.497 536.506
16.495 843.498
503.498 -678.499
-163.502 -832.498
-526.494 665.504
539.504 669.501
-165.498 847.496
-544.493 -688.502
-736.497 489.504
289.504 838.502
522.500 -721.507
751.496 482.499
-517.502 -746.498
-710.498 575.504
68.502 -916.500
-694.495 622.502
-506.503 785.501
-647.499 -703.500
587.495 755.500
-460.505 840.498
-72.500 -961.504
-374.500 889.493
802.496 -540.499
742.504 622.498
932.503 302.496
-933.503 305.494
281.961 943.734
680.495 -720.500
-472.499 -877.500
727.502 684.498
-986.497 190.502
709.500 -735.503
536.506 872.506
-998.495 -279.500
443.501 943.496
-609.496 845.495
864.499 584.490
-104.503 -1041.500
963.491 411.499
587.508 -882.498
-802.500 -692.498
-46.504 1058.500
-529.505 918.498
564.854 901.336
569.374 899.538
-146.493 1067.500
-371.500 -1013.500
300.498 1036.500
-1016.490 395.500
423.499 1006.510
1093.500 113.492
901.498 629.507
45.498 -1100.500
59.494 1103.500
347.504 -1061.500
-1102.500 -175.497
14.498 1118.490
-684.503 -886.508
889.497 687.504
733.500 -858.505
-735.501 861.498
1067.500 382.499
-88.499 1133.500
663.498 925.498
1103.510 -325.503
-674.494 -938.509
-767.496 -870.496
1066.490 -465.494
-867.509 786.501
-706.498 -948.496
654.497 -986.499
753.511 -913.496
937.497 735.508
-1200.500 -57.501
1084.500 551.497
-550.503 -1087.510
782.492 934.500
-883.188 843.045
-902.493 822.512
-633.499 1046.500
-1071.500 -596.493
-875.497 859.496
-1041.500 -652.506
-947.496 783.500
746.501 982.502
-1221.500 183.501
-467.496 1143.510
852.500 -896.499
-627.504 1074.510
1067.500 641.502
341.500 1198.500
-879.500 882.501
672.500 1054.500
1227.500 -301.499
1140.500 550.502
-548.498 -1141.500
770.500 1011.510
-663.500 1088.500
606.498 1125.490
-1051.500 732.490
-1233.500 379.504
933.495 896.499
-1180.500 -532.498
1208.500 -480.504
849.500 984.501
-1278.500 -249.495
-1292.500 186.505
-1147.500 624.495
-799.503 1043.490
-1255.500 399.504
1320.510 17.501
1232.500 -476.498
-1295.500 -263.503
-1167.500 620.502
-1325.500 -164.499
815.495 1073.500
783.505 -1101.500
-796.496 1094.500
1223.500 615.504
-1050.500 -891.497
1352.500 296.505
1382.490 81.507
1129.500 812.501
1366.500 -268.501
-1049.500 -917.495
-1396.490 -76.504
-1401.500 45.497
1288.510 -558.495
1229.490 -684.504
1408.500 -81.504
732.510 1206.500
-1115.500 -871.498
1041.490 -960.499
1234.500 695.506
-969.496 1055.500
1094.500 931.504
1409.510 283.500
-1410.510 -280.500
-1231.500 743.500
1367.500 450.493
-1445.500 60.504
-1002.490 1048.510
870.499 -1182.500
-1333.500 621.495
847.501 1207.500
1429.500 369.499
1359.500 -579.497
-1363.500 584.503
-1385.870 530.415
-1282.510 -752.503
-1441.490 -372.500
945.504 1152.500
-1389.500 538.495
-1158.510 938.501
1298.500 737.500
1285.500 778.505
-962.506 1167.490
1485.500 304.503
1065.500 -1081.500
-1518.490 -82.495
1456.500 448.503
-1250.500 872.501
-1502.490 -291.505
1530.510 -72.496
-1290.500 827.502
-998.502 -1170.500
-1242.500 906.496
1522.500 255.506
1059.500 1127.490
-1276.500 876.499
-1503.500 -382.499
-1482.500 -463.503
1470.500 -505.508
-993.493 1197.500
-1303.500 856.509
-1089.500 -1145.500
-1293.500 927.505
1225.500 1017.500
1243.490 -997.501
1449.490 -668.495
1385.500 798.502
-1588.500 189.494
-1220.500 1044.490
-1353.500 867.499
-1255.490 1014.510
1241.980 1039.180
1121.510 1179.500
1335.500 939.497
1275.490 1021.500
1254.500 1054.500
-1450.500 -762.503
-1458.500 819.502
1350.500 996.506
-1485.490 794.500
1277.500 -1100.500
1490.500 788.505
1538.500 -691.508
1601.490 543.502
-1317.500 1077.500
1492.500 -856.497
-1367.500 1111.510
1494.500 -949.503
-1365.500 -1147.500
-1347.500 1187.510
1573.500 868.500
1604.500 -812.505
-1412.500 1153.510
-1506.500 1059.500
-1469.500 1119.490
1606.510 962.504
-1512.500 1118.500
1524.500 1115.500
-1527.850 1116.560
-1528.470 1119.400
1560.500 1076.500
-1588.510 1111.500
-1609.500 1107.500
1617.490 1116.020
1616.170 1119.340
-1571.500 1184.510
1606.500 1166.500
