-8.095 2.132
23.895 -57.855
99.894 -34.862
-133.085 -44.862
-131.112 99.136
-40.105 168.142
-177.090 -55.861
-200.100 -7.856
-57.099 -206.860
-248.111 -51.868
53.907 243.143
-218.109 142.139
189.901 162.133
232.901 231.139
208.903 -252.858
-255.105 236.141
164.902 -303.858
-207.109 303.142
261.906 -237.863
339.894 146.137
233.905 334.148
-413.089 -87.858
-62.098 -409.869
-410.099 -164.857
-62.102 454.138
63.893 -451.858
-345.098 -320.859
237.905 401.131
-442.104 -176.860
-350.098 333.145
-309.097 374.148
-261.095 -407.857
475.909 50.136
460.904 159.135
65.900 -489.863
-162.094 491.138
210.907 -478.859
483.896 -204.859
-551.089 -26.861
-551.100 -73.865
252.896 -485.877
504.897 -219.860
-547.097 -153.852
550.908 71.139
541.899 -138.858
522.905 211.139
514.477 -238.208
13.895 585.131
-268.098 528.142
501.905 302.135
532.901 260.139
-37.099 -605.865
388.902 -470.867
259.892 -559.866
-532.092 383.137
-188.098 -629.865
-454.100 493.145
-301.099 610.129
-685.095 60.143
-436.091 537.141
-227.101 654.131
244.902 -649.861
-432.100 561.146
-702.091 -127.856
-609.097 394.139
702.899 -97.849
-668.104 292.142
356.899 -619.862
-693.094 229.139
343.892 636.138
-741.108 -12.862
-717.093 -196.866
166.890 731.147
745.904 55.145
-656.109 -390.856
613.903 446.135
-430.107 -640.859
323.909 -691.863
205.903 755.135
348.904 700.138
464.913 635.147
536.909 579.154
632.906 474.136
-572.108 572.140
419.898 681.146
64.902 -799.861
111.895 836.136
34.898 847.146
472.896 702.142
282.911 803.137
-741.097 -432.872
847.899 7.141
-355.096 785.146
-805.095 324.140
865.913 61.144
716.896 -494.863
-883.105 158.141
443.900 -764.860
886.891 -48.860
-903.102 69.141
-71.093 908.137
724.905 -538.862
56.906 -907.863
533.906 742.146
916.901 -4.861
483.902 799.147
873.900 -318.858
-819.098 475.139
905.903 224.142
430.897 838.138
-624.101 721.151
-955.101 -25.858
-558.098 -774.858
588.901 754.145
-700.105 668.134
-789.098 -558.857
-71.099 962.139
-359.095 918.138
-63.102 -978.855
426.907 -883.857
-654.106 759.142
-418.105 -908.860
-86.104 999.143
-385.105 -924.866
351.895 943.146
511.904 867.143
113.902 -1002.850
853.894 -548.865
-739.095 -713.864
507.894 -891.862
724.891 738.144
-1038.100 141.131
-815.091 668.135
623.897 -832.857
-784.111 -703.871
388.900 984.142
-1062.100 -136.875
510.898 931.139
943.900 -498.861
727.898 -784.866
-499.101 975.142
-437.101 1006.140
297.895 -1046.860
249.891 1065.140
866.898 -655.867
1082.890 96.146
137.886 1090.130
-58.110 -1096.860
154.899 -1085.860
-1054.100 -379.867
1107.900 -15.866
-921.099 650.133
-1128.100 49.146
-1129.100 -24.860
378.896 -1063.030
-742.096 867.146
-1139.100 -108.862
1126.900 -149.865
-820.096 -811.858
-195.097 -1137.860
-822.096 824.139
-1106.100 -364.864
504.904 -1035.860
-528.101 -1033.860
-1090.110 -421.867
-336.105 1121.130
365.900 -1110.860
1167.900 -12.853
363.759 -1114.790
64.904 -1172.860
769.905 -894.863
-1195.090 -49.859
797.899 -881.853
-761.102 -940.415
528.901 -1078.860
-761.103 -942.558
1170.900 -263.870
1191.910 -228.860
829.895 -887.865
478.902 -1125.860
-994.104 745.138
-719.101 1025.140
-464.103 1166.140
1157.890 -448.862
-1258.100 24.147
-1183.100 -427.872
667.894 -1050.860
-861.094 920.135
704.910 -1029.860
-1264.320 -18.019
-1067.090 -680.861
-1240.100 272.132
-1271.430 -12.364
-1128.100 -603.857
-1243.100 316.143
-615.101 1128.140
1269.890 -117.856
-685.094 1110.150
794.902 1029.130
884.896 957.141
-1021.090 830.152
-1170.100 -616.862
786.904 -1051.860
1319.910 107.141
948.905 940.136
720.908 -1126.850
1335.900 46.134
1199.910 -588.872
-680.100 1169.130
-1165.100 699.135
1118.900 750.143
-1021.100 903.141
1230.900 -603.857
1095.890 853.136
-1408.110 192.142
-1422.100 -16.857
-893.099 1108.140
-1009.100 -1003.860
1115.900 -867.857
1267.900 -630.858
-1437.100 93.139
1356.900 446.140
1402.900 -290.858
-1410.100 -351.853
-813.095 1208.130
-1059.100 1003.140
-964.370 1117.950
-957.100 1126.140
1337.900 635.151
1040.900 -1057.870
1056.900 -1066.860
-1127.100 1016.130
-1509.090 -192.863
-1508.100 232.144
-1211.110 929.141
1133.890 1018.140
-1474.110 451.138
-1539.100 132.137
-1201.100 972.131
1337.480 749.571
1339.020 747.407
1162.900 1021.140
1352.890 -757.865
-1541.100 -314.862
1260.900 919.134
-1299.100 891.138
-1426.110 -686.859
-1044.100 1195.140
1573.880 71.136
-1579.100 -264.849
-1300.100 935.137
1339.620 -864.342
-1165.100 -1111.860
1328.900 902.135
-1266.100 1013.140
-1427.110 791.143
-1409.090 -859.857
-1496.100 778.134
1355.900 1018.140
-1350.110 -1071.860
-1301.100 -1153.850
-1541.100 -811.860
-1609.100 -674.864
1272.900 -1175.860
-1621.100 736.158
-1472.100 1018.140
-1598.090 -832.858
-1498.130 -1027.200
-1523.100 1013.140
-1504.090 1102.140
-1464.100 1168.140
-1548.520 -1054.950
-1563.100 -1057.870
1528.910 1116.140
-1621.100 1153.140
