0.495 -0.502
-6.501 40.498
82.502 -15.506
24.502 135.504
-19.495 157.501
179.494 -18.502
-56.510 -174.506
168.495 95.504
-224.499 48.505
-216.499 93.500
2.500 -245.503
122.507 221.497
205.503 -150.498
-270.499 -31.497
-127.496 261.501
-23.500 300.500
-290.501 82.498
-248.497 -175.501
-244.503 208.501
334.501 -18.500
115.493 340.496
-42.496 363.498
285.499 -234.495
-354.508 118.495
350.501 147.493
-353.498 -155.502
229.501 318.498
407.500 34.499
-405.502 83.505
-300.504 -290.501
159.508 387.500
-221.500 -356.501
158.499 -392.497
-363.504 -220.500
-432.501 85.494
-216.497 397.500
-139.498 -441.501
175.066 -429.985
169.949 -432.359
158.498 -439.504
384.498 -269.494
-33.498 -476.497
-483.498 111.508
-478.510 -140.501
-464.495 -184.496
-157.495 478.503
-493.496 -113.500
-509.497 -53.507
-389.505 333.497
153.498 490.502
-132.501 498.503
-265.500 464.498
-428.507 321.505
-536.500 53.496
-38.499 546.500
480.497 -270.496
154.506 534.503
-499.499 -247.497
-503.502 251.490
-536.499 172.508
312.505 471.506
-123.503 -553.496
503.498 265.508
548.507 165.497
273.496 -517.504
-410.494 -417.504
-585.502 85.500
-414.501 462.498
516.502 -354.494
-597.498 185.501
-239.939 579.942
-558.500 311.499
-291.498 572.498
459.503 -453.504
-638.493 148.506
129.512 648.508
-408.501 520.507
420.501 -522.495
-589.500 -322.506
-460.499 501.500
-251.489 633.501
684.499 -11.497
-675.505 -106.499
435.499 -530.493
-514.500 453.502
-689.494 -59.503
-489.003 501.453
-492.499 507.506
-360.502 611.496
294.497 648.500
687.762 -196.176
-419.496 582.492
384.505 610.497
698.124 -186.737
667.500 280.500
-308.504 657.500
267.500 677.504
-513.496 -525.495
-717.492 186.494
-113.501 -740.503
173.500 -730.507
-242.504 -711.499
-161.496 -734.500
-351.502 683.497
-769.499 -53.508
775.498 102.495
698.495 352.499
738.506 -267.497
-676.502 413.500
-505.501 615.496
-398.503 697.507
-790.498 162.495
787.503 -185.492
-611.506 529.502
816.503 -23.503
-297.492 761.502
801.507 166.490
-584.504 589.500
-293.498 789.496
-582.495 609.499
833.501 -142.499
432.498 731.503
-747.500 -404.496
795.506 -303.502
-386.503 766.494
337.496 -795.496
622.498 -601.502
-141.499 853.504
-487.502 -719.492
310.502 818.502
-609.503 -629.501
-859.499 -191.507
-127.499 -872.490
488.503 734.502
-371.503 -807.504
429.502 778.505
393.498 -798.496
-823.504 -347.500
-892.504 92.495
-552.503 709.494
-576.510 692.499
-849.503 -327.501
635.505 655.506
-880.494 241.502
-520.503 750.504
-718.499 567.499
-462.868 -794.365
-476.498 -790.508
424.493 821.494
-925.500 -5.498
-629.496 686.503
-842.494 -402.498
-654.495 667.501
-686.499 635.496
-467.498 814.496
-621.899 711.407
928.498 -183.497
-739.596 -595.595
-620.504 720.502
-741.947 -598.740
-769.497 573.502
-876.568 401.974
-82.153 963.883
-598.502 761.497
-907.503 344.495
-509.502 826.501
-880.501 411.494
208.501 950.495
326.496 -918.495
-634.498 738.498
-398.698 -892.301
-69.493 974.499
-401.735 -892.059
-402.462 -892.496
912.497 -363.511
-952.498 250.503
-697.501 696.500
-899.500 404.496
940.498 -313.507
-979.501 155.497
904.489 423.499
111.500 995.502
-432.508 906.496
-671.505 750.498
874.501 502.496
419.506 -919.504
304.505 -967.504
948.510 360.507
-860.501 539.498
-1009.500 121.501
-787.500 647.501
-438.506 -925.490
-53.505 1022.500
-1019.500 141.505
179.505 -1016.490
-1024.500 -152.510
463.501 -928.498
-1032.500 -95.497
-449.496 934.506
-224.504 1014.500
-832.503 623.497
791.501 679.495
-1021.500 239.641
-1021.850 238.500
-816.503 661.501
952.502 448.502
443.494 -959.500
-718.505 -782.506
-953.501 -473.513
-875.502 605.496
348.502 1014.500
1072.500 113.496
-977.496 455.504
1031.490 -319.501
-496.494 958.497
416.498 997.495
971.503 -482.509
553.508 -936.497
791.494 -748.498
948.500 538.495
-603.499 911.496
-512.874 970.130
-265.499 1066.510
-769.502 787.506
644.495 893.500
977.501 -511.498
285.493 -1066.500
-202.506 -1085.490
62.493 -1103.500
-508.502 981.497
-194.502 1090.500
-1100.500 -139.500
-1111.500 117.503
-967.491 -560.498
180.499 1109.500
688.502 -894.504
36.505 1127.500
-550.499 -985.495
78.503 1125.500
-1106.500 257.503
-1032.500 -499.501
890.501 726.494
28.502 1150.500
-1108.500 328.499
802.491 833.502
1016.500 -565.488
-173.499 1153.500
-801.502 848.499
307.498 1127.490
-351.501 1116.510
33.500 1173.940
-1019.510 -590.497
323.492 -1134.510
-468.508 1082.500
-1126.500 352.501
-1119.500 383.504
-1050.500 -549.494
843.498 836.494
110.504 1183.500
982.496 671.503
-759.502 -920.509
-184.497 1181.500
81.504 1193.500
-659.502 -999.499
1043.510 590.502
-565.501 -1060.500
-863.503 835.506
-820.497 -880.501
-281.385 1171.510
-285.953 1171.510
1054.500 609.498
-1058.510 608.500
-554.499 -1095.500
-1228.500 37.501
1220.500 154.501
-926.493 -811.499
422.497 -1160.500
-323.499 -1193.510
-1194.510 -340.502
-334.501 1200.500
-386.504 1197.510
-1245.500 -182.491
1125.500 -567.501
-588.505 -1116.500
-1120.490 579.498
-716.502 -1047.500
-1237.510 305.500
1270.500 -194.501
-1250.500 -303.498
1245.500 377.493
-1074.500 -749.496
-820.493 -1022.500
-1159.500 610.499
-1295.000 -238.992
-1323.500 77.501
-1160.500 -645.497
1272.490 -399.504
-1334.500 2.500
1060.500 819.500
887.507 1014.500
-886.507 1014.510
-1315.500 342.499
-1320.490 -359.500
-1372.490 19.495
-952.644 988.230
-1258.500 -551.505
-782.501 1130.510
-958.959 993.103
-888.498 1060.500
-945.508 1031.500
728.508 -1207.500
1198.490 743.504
-1020.510 972.504
-857.499 -1120.500
953.489 1044.500
-1142.500 -834.494
-1247.490 -667.498
1377.500 347.499
-1206.500 752.504
-1393.500 292.506
1424.500 81.504
-1148.500 847.494
-889.501 -1119.500
-1426.500 -103.501
1234.500 -726.501
-1423.500 -188.503
1133.490 -883.498
-1365.500 458.505
-1348.500 508.500
-1417.500 284.507
-1442.500 131.503
-867.499 1162.510
-1250.490 746.502
1428.500 302.500
-1360.510 -534.499
1006.500 -1079.500
-1479.500 -118.499
-1358.500 -602.495
-1406.500 482.502
-1363.510 609.499
-1384.500 -565.501
-1033.500 -1082.500
-1033.500 1082.510
-1414.500 -495.489
1499.500 76.496
-1362.500 -634.499
1343.500 680.499
1125.510 -1007.500
1510.500 51.505
1010.500 -1129.490
-1451.500 -453.505
1324.500 -765.504
-1507.500 -267.502
-989.504 -1172.500
-1110.500 -1066.500
-1528.500 189.507
-1098.500 1079.500
-1070.500 1112.510
-1507.510 -342.492
1541.500 -160.505
-1523.500 -361.499
-1125.500 -1099.510
-1554.060 -246.543
1063.500 -1171.500
-1563.500 -237.505
-1377.500 -781.495
-1522.510 441.502
-1314.490 -891.503
-1577.500 215.505
-1540.500 -406.499
-1464.500 633.495
-1148.640 1117.070
-1479.510 616.501
-1567.500 -353.502
1257.500 -1007.510
-1151.490 1125.500
-1583.500 302.500
-1268.500 1006.500
-1416.500 834.495
-1537.500 -588.496
-1509.500 661.503
1549.500 -608.504
1184.510 1171.490
-1420.500 874.496
-1511.500 724.500
-1321.500 -1035.500
1199.500 -1192.500
-1444.510 -880.496
-1214.500 -1182.500
-1221.500 1195.500
-1531.500 850.502
-1567.500 808.499
-1438.500 -1027.500
-1462.500 1039.500
1501.500 989.497
-1551.500 -913.494
1429.490 -1151.500
1483.490 -1101.500
-1585.500 -973.501
-1466.500 1189.510
-1586.500 1176.500
1613.510 1148.500
