0.501 -0.499
79.504 -62.498
-66.496 -145.501
25.506 -161.499
-195.502 120.503
31.501 241.503
-139.509 -207.508
254.495 -38.499
132.503 -225.496
-85.497 -258.493
271.499 38.502
93.503 262.502
276.502 -41.502
-310.504 55.504
29.503 317.502
329.843 175.619
142.509 347.509
332.614 178.785
-305.500 229.498
280.501 275.500
-278.502 -302.502
-302.502 -278.502
-204.505 364.496
396.502 -151.500
-389.497 176.493
426.504 -91.501
368.495 -236.495
-283.496 -347.499
127.506 -431.511
-370.495 259.499
370.498 -273.495
-358.500 306.497
94.826 -470.499
454.500 190.501
-263.504 -418.505
454.502 -197.498
390.498 308.502
-208.501 -461.495
64.511 505.504
-193.504 479.507
372.497 -362.497
-406.490 -371.501
-154.503 536.500
-560.501 -16.502
559.495 -116.496
127.502 577.495
-76.500 591.500
-294.496 523.500
413.497 439.502
318.057 513.575
320.827 522.731
-602.499 -131.500
332.186 528.742
463.504 421.498
568.499 -266.498
-225.502 601.503
-642.504 60.496
-412.497 524.500
305.505 595.501
595.494 309.500
-528.497 441.501
-254.497 -641.497
364.501 -600.506
654.498 261.500
167.505 -691.507
564.506 -469.503
-562.496 470.504
-546.258 491.049
719.498 159.503
-601.499 429.500
-540.501 507.495
625.502 410.500
-545.506 527.502
-59.504 -772.496
-330.504 707.505
-692.493 371.497
126.491 786.505
-326.501 733.504
-773.496 261.500
656.507 489.496
639.499 -513.498
224.504 790.499
-361.505 741.501
-38.497 -830.500
-790.502 256.499
-586.504 -590.494
-817.494 -157.494
-183.497 816.505
-482.495 684.501
-837.492 25.498
820.501 181.500
-689.499 -494.500
578.498 623.507
-857.495 42.502
859.501 11.500
177.509 855.498
-785.505 -387.504
-483.494 731.498
880.498 4.504
864.508 198.500
-881.503 -161.503
277.497 855.505
-212.501 880.505
323.494 846.489
846.501 332.506
558.926 723.357
558.943 723.428
-120.504 910.504
35.506 -926.501
-853.498 362.496
-636.502 675.492
924.505 -106.496
-263.501 894.503
-665.505 665.499
315.497 -895.502
911.493 313.512
929.506 258.511
-798.494 548.501
-938.498 240.492
-65.499 968.508
805.494 -544.508
-248.509 946.498
852.502 488.500
-119.500 -978.498
-963.500 203.500
-980.199 152.443
568.499 814.500
-26.503 993.502
184.505 977.498
-983.504 158.505
-876.501 477.504
-430.503 901.496
965.493 275.500
-636.501 776.502
-909.499 433.498
-870.499 509.510
337.500 -952.505
-971.500 -303.506
-899.490 478.498
-220.494 -999.502
-894.499 -499.493
-847.495 -578.501
-141.496 1016.510
-921.502 457.497
848.496 -598.498
723.495 744.496
-534.505 890.498
-665.507 799.494
-87.499 -1038.500
-196.497 1026.500
-862.495 -594.500
-962.504 -420.493
-1011.490 -292.500
-916.502 522.499
695.500 802.504
-372.491 -996.506
892.501 579.494
847.502 -650.496
-585.505 892.502
-858.509 636.495
575.495 -904.505
-966.494 462.499
826.499 686.501
-887.501 605.492
-18.503 1080.490
432.504 994.497
-125.501 1079.500
384.498 1020.500
80.500 1089.500
-188.501 1085.500
981.505 -512.506
345.499 1051.500
-89.502 1103.500
1092.500 -195.503
-115.499 1103.500
-636.493 -911.502
-767.505 807.506
853.235 718.219
445.502 -1024.500
857.364 717.191
762.498 -818.498
-755.499 831.497
-671.501 903.496
-742.496 -853.502
-1055.500 407.493
111.494 1126.510
-129.507 1125.500
1136.500 -30.504
-604.498 -966.503
593.500 973.504
-1077.500 382.500
1098.500 326.501
-965.490 -618.493
279.498 -1113.500
-944.503 654.503
230.503 1130.960
230.503 1131.060
-1070.500 -434.502
-1143.500 -182.500
1169.500 14.502
1072.510 466.504
103.498 1164.500
1048.500 525.496
-31.509 -1173.500
979.497 -654.492
1123.500 -364.495
-81.504 1178.500
926.498 -736.505
-517.501 1072.490
-989.492 678.506
724.503 -959.494
599.495 1044.500
-681.499 999.499
951.504 755.500
1181.500 -288.502
1080.500 -558.504
-243.502 -1191.490
-989.501 -709.502
-325.499 -1178.500
-511.501 1112.500
-1048.510 -634.499
-974.498 748.492
-1195.510 284.499
-676.500 1026.500
-588.499 1082.500
-342.500 1192.500
-425.499 1170.500
-1029.510 710.500
654.496 1072.500
-1199.500 373.497
589.496 1116.500
-1106.500 617.498
1136.500 -565.496
524.499 1156.500
-1044.500 -722.497
-1076.490 674.492
-881.501 916.503
-730.500 1050.510
870.506 941.496
1246.500 -313.500
1207.500 442.497
655.500 1106.500
1003.500 -814.497
-577.501 1155.490
946.498 881.503
-1022.510 -800.495
-1116.210 667.927
-1237.500 -406.496
532.507 -1193.510
-1126.850 664.882
-539.503 1193.500
-1127.320 666.975
-1208.510 508.503
1031.500 821.503
1318.500 162.490
1075.500 779.489
-915.498 962.499
-1310.490 236.500
974.503 -913.493
1241.500 492.501
-1336.500 1.503
1221.500 548.500
-687.496 1148.500
604.504 1198.500
-1178.490 653.497
-598.495 -1211.500
1053.500 853.500
849.502 1059.500
-825.496 -1079.500
774.510 1117.500
-1297.500 407.495
-1195.490 648.499
-662.497 -1193.500
1338.490 278.503
-1122.490 784.498
-1166.500 719.497
-1147.500 750.501
-1075.500 864.504
-1269.500 552.492
1001.500 -959.501
-1362.500 -276.503
-883.498 1080.490
1266.510 603.503
-1402.510 44.497
-1397.500 -167.502
-1400.500 164.502
1140.500 838.501
-1409.500 -211.500
1093.510 919.503
990.497 1035.500
837.502 1167.490
821.397 1180.500
-1399.500 366.503
-1424.500 -258.505
-1019.960 1034.500
1241.510 762.491
-868.497 1176.500
-1150.500 908.494
-1040.110 1036.380
-980.503 -1095.500
-1039.900 1038.680
-1118.500 954.501
-969.499 1107.500
-1314.490 674.504
1456.500 259.498
-1329.510 647.502
-1285.500 -742.499
-1037.500 1063.500
1289.500 -745.501
-1245.500 833.500
1176.500 -950.499
-912.495 1206.500
1450.500 434.501
1420.500 524.503
-1408.500 564.503
1524.500 -18.503
1110.500 1053.500
-1525.500 -125.500
-1101.490 1083.500
1212.490 -964.502
-1547.500 205.499
-1293.500 892.505
1094.510 -1134.500
-1532.500 -365.502
1513.500 440.502
-1349.490 -815.502
-1190.510 1039.500
-1244.500 -978.505
-1140.500 1097.500
-1584.500 45.495
1220.500 1014.500
-1202.510 1071.500
-1593.490 305.499
1463.500 705.494
1409.500 819.496
-1437.490 803.504
-1415.500 864.497
1255.490 -1100.500
-1299.500 -1047.500
-1581.500 534.499
1600.500 -488.508
1596.510 516.489
1344.500 1006.500
-1332.510 1022.510
-1541.510 679.501
-1400.500 949.501
-1530.500 744.506
1578.500 -645.504
-1445.500 903.501
1596.500 600.496
-1428.500 931.506
-1413.500 971.501
1252.500 1181.500
1286.500 -1161.500
-1530.490 817.493
-1548.490 -787.504
1404.500 1066.500
1365.500 1116.490
-1402.500 1090.510
-1304.500 -1209.500
-1539.500 -919.497
1540.500 921.511
1396.500 -1138.500
1555.500 945.505
-1611.510 859.494
1566.500 963.499
-1612.500 884.493
-1501.500 1062.500
1595.500 933.496
1420.500 1201.500
-1456.500 -1169.500
-1583.500 1036.510
-1539.500 1112.510
-1536.510 1172.500
