0.504 -0.503
60.498 -20.501
66.499 -69.500
148.507 -29.498
-140.501 -64.504
143.501 84.495
123.497 -116.499
-142.492 -95.496
-120.177 124.789
-122.100 126.162
179.501 49.494
-41.496 183.499
-78.502 181.506
108.497 167.500
-179.499 87.505
150.495 -138.502
-133.500 -157.500
38.500 204.495
-212.502 88.537
-212.501 90.773
218.495 -90.495
-200.506 127.500
-40.497 -251.496
262.495 65.500
-272.492 -13.498
-258.503 87.502
246.500 -121.500
13.503 -274.497
91.500 -261.497
172.503 -222.499
-89.500 -274.501
-187.503 -219.498
122.497 265.498
-265.505 129.505
158.505 250.335
269.502 -126.503
-107.500 279.502
214.501 213.498
-261.498 -184.505
242.503 219.500
-165.498 287.499
-326.499 -66.508
239.496 237.506
304.508 -168.496
307.495 169.496
-145.500 331.502
-100.501 -354.499
314.502 -214.501
372.503 92.503
378.505 65.502
-290.500 -260.499
390.503 -88.502
-66.026 -400.838
407.502 -18.495
-75.318 -401.485
387.489 -142.504
-214.498 351.499
-407.502 -89.501
-35.503 420.499
419.498 84.498
-305.499 -301.498
303.506 -306.503
-415.496 126.499
150.503 412.495
32.501 441.497
293.508 -336.493
-447.504 92.504
-133.498 438.507
343.499 -306.497
43.499 -465.494
437.498 -181.503
-471.499 -35.505
-453.495 180.503
32.509 -492.504
-286.499 -410.491
-454.649 214.432
-202.494 467.496
-468.017 209.736
-488.506 201.495
118.496 -522.508
-432.498 -320.501
-545.494 -4.503
457.498 299.503
487.498 -257.497
-553.503 -42.495
344.497 449.499
-127.501 551.493
-275.503 500.501
-300.499 492.502
132.500 570.499
606.504 -24.492
-417.505 448.500
-490.499 371.498
-616.510 -44.498
240.497 -572.491
417.497 466.506
158.504 -606.500
481.500 -407.507
508.499 -388.500
-612.501 204.503
-639.499 96.501
630.502 151.502
-488.503 426.502
-435.499 484.503
559.504 337.499
420.499 506.512
-567.504 -337.492
-213.499 628.505
-554.500 367.506
-658.502 -103.500
549.505 -384.506
646.492 -183.501
675.494 -166.499
-627.500 -298.501
279.493 -639.496
642.496 -294.497
-245.505 667.504
-328.501 635.505
-246.504 -676.495
695.496 -200.500
410.498 597.496
678.503 275.504
-619.499 -390.492
601.494 -429.497
-518.495 536.499
-188.499 730.500
-749.493 -116.498
-10.502 -759.504
117.501 -752.501
-762.495 -7.497
161.500 747.497
-607.496 -465.502
-622.496 446.497
-493.500 586.500
729.779 -247.827
659.499 -403.503
658.503 407.498
774.501 61.499
80.501 -773.498
-388.506 -677.499
-745.505 262.494
-602.500 -520.501
786.496 128.509
679.503 418.496
-792.504 -89.497
196.504 778.502
21.497 805.497
707.504 396.501
-671.496 -454.502
504.496 -638.497
583.496 571.501
-307.499 -761.506
-706.501 -420.500
-36.498 -826.502
-817.502 133.501
775.492 313.496
-220.494 809.497
572.505 618.502
606.495 586.507
-73.496 844.497
-73.496 844.888
162.498 834.504
816.504 257.503
-39.505 -855.507
-768.494 376.502
-668.500 542.494
212.501 -838.505
188.502 846.504
560.503 662.507
148.571 856.108
472.499 -731.497
867.502 -92.495
498.493 -723.499
252.502 -843.497
-43.496 -879.494
-753.499 462.502
-480.492 743.499
467.498 753.496
-424.504 -779.506
-879.504 119.496
-58.499 -889.495
799.493 -399.495
-296.495 845.498
-193.498 876.502
-898.499 66.502
615.502 659.500
901.505 53.503
888.503 166.494
144.499 -895.503
896.501 -169.504
-447.498 795.492
-886.501 -223.503
-90.494 -912.496
502.498 772.499
-844.495 376.495
-816.502 442.499
35.504 -931.499
-361.501 -859.501
-539.504 -760.500
928.505 116.497
-499.502 -803.498
25.499 945.506
390.500 862.878
-40.497 950.500
-21.501 -952.496
-951.494 48.499
708.498 -641.498
545.497 784.495
939.503 -178.501
-850.499 434.498
390.499 876.496
-300.499 -916.504
873.492 411.500
517.497 -819.504
-957.493 -148.500
-754.507 610.499
860.492 454.496
-783.499 -617.499
1.502 1000.500
141.505 997.494
-59.508 -1011.500
68.499 1014.500
701.507 -741.504
-873.499 533.505
640.505 810.498
822.504 629.496
-1016.490 206.495
1042.500 46.504
-945.502 439.504
-1035.510 146.496
617.504 848.499
1010.500 -291.502
-444.495 952.498
864.508 -605.494
-627.503 848.501
-585.500 -885.499
-53.504 1063.500
-1041.500 -229.501
939.509 -510.496
-620.492 869.504
677.495 -830.505
-603.499 -885.503
-306.500 1026.500
191.501 1054.490
724.499 -796.497
-862.495 -650.502
1054.500 -249.502
296.497 -1044.500
82.502 1083.510
353.499 1028.500
1089.500 -17.499
-540.504 945.501
-891.498 629.499
-742.505 -807.506
1086.500 181.499
-1103.500 21.501
1101.500 87.501
891.501 -653.498
569.499 -947.501
764.502 -799.502
-620.499 915.497
-835.499 725.497
712.780 -848.588
-1001.500 -472.502
74.499 -1106.500
1105.650 153.182
723.345 -850.903
1106.270 153.948
1114.510 124.892
975.505 556.497
-133.494 1115.500
-780.494 808.494
898.503 -679.497
545.504 -986.502
1136.500 96.503
-783.496 828.498
-841.500 -773.496
-1041.100 477.583
958.496 -630.494
723.502 -890.496
820.499 -804.495
-1042.500 480.501
-19.495 1152.500
934.495 680.501
-1101.500 348.496
740.183 891.369
1015.500 -559.498
742.496 890.379
870.507 -771.504
776.496 -867.503
584.501 1006.500
293.510 1126.500
-393.503 1098.500
1168.920 -64.499
730.493 -920.505
464.507 1078.500
356.489 1120.500
908.494 750.498
-183.503 1165.490
-1083.500 475.497
227.500 1161.500
-853.501 821.503
959.495 696.502
84.498 1184.490
868.501 811.503
-746.501 925.505
748.497 930.505
798.504 888.501
1150.500 -338.503
256.497 -1191.500
-479.713 1124.190
-479.764 1124.280
270.048 -1199.170
-733.324 988.513
-1193.500 304.498
1123.500 524.504
568.507 -1103.500
528.504 1124.510
-1244.490 60.500
-747.476 996.977
-779.502 973.501
1222.500 -254.502
-748.174 998.179
1214.500 318.504
871.502 914.510
-1263.500 126.502
-1126.500 593.501
881.496 -921.501
-1251.510 -272.501
823.496 -985.500
1258.500 262.499
-816.506 992.500
508.510 -1184.500
-1286.500 69.503
1289.500 -15.503
912.505 -912.498
-1110.500 656.503
-766.497 1044.500
1037.500 -783.498
-945.499 905.499
1303.500 -135.495
-967.501 882.500
-1305.500 184.500
1171.500 -608.504
1240.500 451.498
957.494 912.504
-555.504 1202.500
625.499 -1175.500
1124.500 -719.500
590.497 -1199.500
-1309.500 -293.493
-969.498 -934.508
1346.500 84.503
-888.505 1015.500
809.495 -1081.500
1322.490 -281.495
1258.500 509.500
1053.500 -862.507
764.495 -1133.500
-1026.510 907.496
-925.495 1010.500
-739.503 1156.500
1201.500 669.495
-1078.500 861.497
-988.504 965.498
-1385.500 60.509
1028.490 931.504
1069.500 894.504
1173.500 755.503
1276.500 -566.493
1351.500 359.498
1156.500 -788.500
1048.500 934.498
1390.500 -209.503
989.502 1000.510
1333.500 450.508
922.499 1065.510
794.499 -1176.510
1103.500 892.500
934.496 -1072.500
931.281 -1080.230
-1206.500 765.499
1270.500 661.501
-1361.500 444.499
1373.500 -420.492
1127.500 -891.503
1401.500 -321.502
-1107.500 -919.499
-1437.510 74.503
-930.500 1102.510
-1012.500 1048.500
-1279.650 703.923
923.501 -1136.490
929.499 1133.500
-1334.490 610.499
-831.499 1214.490
1312.500 697.497
1396.510 524.500
1191.500 905.501
-1448.500 403.500
970.502 1162.500
-1513.500 -116.504
1356.500 683.502
1519.500 20.500
-1465.490 -414.499
-1235.500 -900.496
1014.500 -1145.500
-1528.500 -97.500
-1411.500 -596.505
1531.500 -108.499
1526.500 -195.497
1316.500 813.498
1527.500 -262.499
-1451.500 -542.498
-1549.510 123.496
-1534.500 256.497
1512.920 369.463
1518.150 369.174
-1003.490 -1199.500
-1197.510 1012.500
-1017.510 1198.500
1526.500 -384.501
-1555.500 -241.508
1570.500 -233.508
1248.500 -988.496
-1555.500 341.504
1166.510 -1088.500
1599.510 27.495
1605.500 62.496
1312.500 928.490
-1220.490 1074.500
-1200.500 -1098.510
-1225.500 -1095.510
-1560.500 -584.505
-1232.500 1131.500
-1598.500 538.501
-1195.500 -1201.500
1544.730 -704.921
1545.020 -705.520
-1355.510 -1033.500
1235.510 -1176.510
-1403.510 1000.490
1546.500 -823.504
1413.500 -1054.500
-1440.490 1048.490
1564.500 864.500
-1619.500 818.492
1565.500 -993.504
1432.510 1192.490
-1544.500 1049.490
1456.500 -1187.510
-1540.500 1145.490
