0.499 -0.499
-0.504 -37.498
-58.496 -50.507
76.501 -16.496
-106.499 80.504
76.502 111.496
-88.499 -114.497
147.506 -57.495
100.499 150.499
54.503 195.496
-200.498 -40.499
17.499 209.497
-100.496 188.492
-169.504 -142.503
222.498 -21.504
36.772 222.350
47.356 228.415
-213.500 -122.505
265.493 40.495
-276.504 83.498
260.495 141.490
-24.501 -296.500
245.506 181.501
-233.492 218.494
39.509 -324.498
165.496 -286.495
307.495 -125.498
-329.500 59.501
-337.495 6.501
305.502 152.027
305.501 153.223
291.496 -205.501
309.501 192.501
-74.501 356.502
338.497 156.505
-15.497 373.498
284.501 -248.504
-276.495 -264.499
-0.500 -383.500
-382.502 -19.498
405.502 13.503
-352.508 -205.508
409.502 -17.495
386.488 -148.497
-274.501 322.501
-22.499 427.502
-76.502 -423.495
429.499 -77.501
388.229 206.736
390.433 206.037
-152.501 419.500
-37.505 -451.500
24.496 -453.489
-343.502 307.505
40.496 463.499
315.502 357.502
-473.505 57.500
323.506 -352.501
-466.496 116.503
254.503 410.500
-275.502 408.500
16.497 494.498
422.503 269.497
-329.501 376.505
38.500 -505.498
-413.499 -293.499
-358.493 361.500
-511.498 -70.499
375.500 361.503
327.497 405.500
495.498 -186.498
-70.499 527.499
459.493 279.505
-212.506 501.494
536.499 103.496
144.491 531.502
540.506 -155.496
-444.503 347.499
499.492 -267.498
168.499 544.498
246.500 528.498
-56.504 581.504
-396.507 450.503
319.498 514.504
601.502 94.501
-565.500 233.502
-335.499 -514.495
532.502 -310.498
617.504 47.499
600.507 -169.505
537.503 316.487
544.432 -308.074
-303.497 548.500
-113.491 -621.505
-639.500 -57.500
-535.272 365.386
-537.494 367.501
-637.495 175.498
421.505 517.495
-667.503 0.505
92.503 665.502
-571.498 354.497
-677.500 -55.495
616.500 293.500
684.502 9.494
272.499 -628.499
-179.500 -663.496
-429.503 536.500
678.497 -142.500
-589.495 -363.501
304.504 628.496
694.501 102.497
668.498 217.499
206.493 684.504
-713.499 45.510
717.497 -7.498
612.489 396.500
412.500 -607.505
166.500 715.504
712.497 189.495
486.501 553.503
-72.492 735.491
141.495 -727.502
-635.497 -391.506
-396.502 640.489
667.504 -355.502
652.506 389.497
756.500 -88.498
-759.505 -79.498
661.499 -384.500
255.491 -731.500
-630.501 455.496
779.498 53.499
187.504 -764.500
-138.490 -776.503
366.496 -699.501
-50.501 794.504
-41.503 -797.499
717.501 363.496
-805.503 -75.496
-627.499 517.499
-361.503 729.501
815.494 27.505
210.492 791.505
613.500 551.500
796.497 222.498
-367.505 749.598
747.511 374.497
-229.498 803.507
739.494 392.499
840.501 26.503
-429.497 726.499
-804.510 273.499
755.496 -401.503
-226.504 824.504
120.498 -852.501
103.498 -855.494
331.496 -801.506
-836.499 -259.505
165.502 861.498
85.503 878.502
886.502 -9.499
-851.494 -244.501
825.500 337.503
-870.497 220.500
-234.502 869.503
565.498 707.505
906.500 -54.500
-906.501 -49.508
-746.503 -522.500
-810.494 430.505
-916.504 72.508
-351.498 849.493
911.500 -151.501
906.499 -183.499
-850.495 -378.502
-165.505 916.495
-541.501 758.497
666.498 -658.495
401.506 -850.503
-779.263 526.949
-728.501 597.498
814.496 -480.503
-525.499 785.502
909.497 271.499
-76.494 947.509
179.499 935.503
921.496 246.500
-670.500 -680.497
-712.495 -636.495
-635.510 714.500
-947.503 145.493
955.498 -144.495
-226.504 -941.493
964.501 89.501
-390.500 886.502
971.500 33.497
-597.499 768.505
651.506 -729.499
-351.310 912.008
968.507 164.499
304.502 933.499
304.502 933.891
-365.490 917.488
-365.832 918.079
894.498 -433.500
-426.503 896.502
962.499 274.492
654.504 -758.495
407.500 917.500
-352.500 -942.491
763.500 -660.495
-574.505 831.501
798.504 -634.503
640.503 -794.499
654.502 -783.504
612.496 -821.504
-494.507 901.500
811.497 634.499
1032.500 2.498
-526.502 887.493
-390.506 957.499
-467.497 -938.500
-797.509 -687.498
42.507 1053.500
562.498 893.496
-1016.500 315.503
949.500 -495.498
962.502 505.502
-610.500 903.501
318.501 1047.490
690.501 -853.494
1102.500 -67.498
-54.501 1102.500
592.503 934.501
745.503 -825.501
887.504 669.497
-140.241 1105.100
-1055.500 358.500
-546.497 973.500
546.503 983.504
-763.500 827.500
385.501 1059.500
662.495 -916.507
528.042 1001.110
882.495 710.498
-385.504 1071.500
1125.500 -224.496
-1145.500 107.501
853.503 -775.498
571.501 1001.500
914.504 -708.499
350.506 1107.510
1151.500 -200.501
854.496 803.507
-1146.500 250.499
-225.499 1161.500
-793.507 879.498
-403.508 -1116.500
-1086.500 485.504
958.500 -708.492
284.501 1157.500
-425.503 -1116.490
-478.499 1102.490
-548.500 -1071.500
195.498 1187.500
1189.500 199.500
-1103.500 487.508
1066.500 568.502
1196.500 -188.498
-211.502 -1192.500
-934.497 770.495
-1113.770 479.257
416.501 1140.500
-1080.500 562.496
-639.500 1042.500
-195.502 1208.510
-1204.490 -235.496
-812.502 929.497
360.496 -1186.510
-880.495 -880.500
1183.500 389.499
494.501 1143.500
-926.500 -857.492
-972.497 807.504
1265.490 40.502
-996.502 -782.501
-381.502 -1211.500
-512.500 1167.490
1194.500 -461.501
1263.510 -227.493
1282.500 -77.496
-1278.280 159.425
819.503 -996.491
-1285.780 157.205
1296.500 63.497
1177.500 -562.503
-1279.490 280.500
-608.571 1163.190
-657.499 1138.500
-1057.500 785.494
-610.504 1168.500
885.500 978.501
1212.510 530.499
1205.500 -550.495
781.403 1069.960
1325.500 31.501
1048.500 819.503
-1276.510 -387.494
778.492 1086.510
-749.505 1106.500
1324.500 -189.497
-1329.510 -150.504
1163.500 665.499
1027.500 866.501
1005.500 909.496
-657.497 1188.510
1071.510 840.496
-696.505 1169.490
920.502 1008.500
1185.510 681.495
1372.990 -11.496
-830.493 -1093.510
1374.840 -11.494
-1070.500 872.507
1044.500 -908.503
-878.528 1071.440
-1359.500 -269.502
1222.510 666.501
-740.499 1182.500
-999.504 973.499
-812.320 1136.170
-806.905 1141.430
-764.503 1170.500
1244.500 -647.494
1364.500 326.505
-1183.500 -755.501
-786.507 1166.500
1066.510 919.502
-1396.490 -196.500
-1069.510 -920.505
965.496 1033.500
1364.500 399.494
-1425.500 55.499
-1169.500 -823.501
-1273.500 656.498
-1158.500 845.496
1315.500 593.496
-1388.500 430.499
-873.499 1171.500
-1466.490 -27.499
1373.490 544.496
1029.500 -1063.500
-1197.500 -875.497
1426.500 -432.502
-1490.500 -12.493
1484.500 -160.500
1046.500 -1069.500
-1339.500 -666.500
-1478.500 -269.503
1502.500 181.497
-1394.490 -592.499
-1382.500 628.489
1064.500 1085.500
-993.499 1150.500
1031.490 1118.500
-1164.490 -986.504
-1497.490 -308.487
1437.500 -539.501
1327.500 -773.495
-1494.490 377.498
-981.502 1188.500
1308.500 -818.504
1475.510 463.500
-1043.500 1141.500
1513.500 345.500
1551.500 104.498
1427.500 -636.500
-1128.500 -1087.510
1386.500 765.502
1409.500 722.505
1532.500 419.498
1474.500 -593.511
-1548.490 -401.499
1604.490 103.501
-1536.500 470.502
1471.500 -651.497
1307.500 943.497
1486.500 -652.501
-1580.500 394.498
1522.500 -590.496
1600.500 -368.495
1492.500 -694.502
1356.500 -937.504
-1204.500 1136.500
1305.510 -1029.500
-1148.500 1206.500
1158.220 1199.980
1505.500 -724.494
1165.700 1198.320
1548.500 -662.501
-1209.500 -1182.500
1588.500 -588.502
-1492.500 806.495
-1258.490 1143.490
-1378.500 -1024.500
1400.500 -1036.510
1500.500 905.496
1435.500 -1006.500
1324.500 1150.500
1426.500 1028.510
1382.500 1096.500
-1353.500 1132.500
1453.500 1053.500
-1619.500 808.507
1365.500 -1197.500
-1479.500 1095.510
1587.500 -946.498
-1474.490 1176.500
-1502.500 -1165.500
