0.499 -0.500
-21.500 6.498
31.502 -44.498
-46.501 39.503
37.498 -90.498
115.501 -25.503
-118.514 -1.497
123.496 27.503
-103.495 -87.493
-143.503 22.504
-110.493 106.499
145.504 94.499
160.495 -67.500
18.497 -180.500
57.505 -183.499
10.504 191.498
-72.495 182.503
5.500 -208.503
-195.498 73.495
125.498 180.499
-187.496 -119.496
-197.501 123.500
121.501 207.496
-105.502 220.499
201.506 -146.495
167.496 195.500
-266.501 -126.503
-256.504 148.495
64.499 290.497
-319.499 -98.510
-133.498 306.500
182.499 -292.494
-23.504 343.503
338.495 71.496
210.504 -276.501
5.503 346.498
3.496 364.499
250.497 -274.498
362.502 -86.495
-369.498 -118.502
-75.496 386.498
347.499 -194.498
391.507 -73.493
-252.493 -316.492
-200.509 351.491
-405.493 2.498
-408.507 65.501
-404.502 96.503
-110.505 404.491
407.494 -106.493
-182.498 -379.495
-357.013 -245.166
-265.502 -343.497
-387.497 -196.509
296.499 -322.499
-366.326 -244.514
-66.508 -436.495
-283.498 337.496
378.492 242.496
435.777 -155.823
223.509 405.503
354.504 -301.495
-368.169 286.172
-320.504 339.502
-465.497 -54.496
-370.599 288.298
-150.500 -464.498
-430.501 253.499
-33.502 -503.500
508.503 141.494
-464.995 258.030
-464.880 259.226
-536.500 -13.501
-449.501 296.498
326.504 433.502
184.502 -517.496
-69.506 550.500
-534.502 160.500
-341.500 441.497
525.501 205.503
436.499 359.493
-512.498 260.501
487.490 -307.494
-573.502 -87.503
581.505 -16.497
126.503 567.506
-516.501 304.499
-594.505 111.504
-592.505 -127.501
600.497 -92.504
-400.492 455.497
200.494 576.499
-186.500 591.502
145.502 -604.500
171.498 -599.499
-376.500 498.501
-581.506 -238.498
-256.500 577.505
-203.502 -603.491
627.496 122.498
640.499 -104.502
206.507 616.497
428.503 492.500
379.501 -533.507
566.500 330.502
532.505 388.496
-241.498 -622.494
626.498 233.498
475.505 477.504
450.502 501.499
659.502 181.505
-330.497 -602.498
-680.503 95.505
-445.497 526.499
-117.499 -692.500
-78.506 -699.501
-355.496 606.493
180.504 -692.505
-73.498 712.496
363.505 -628.503
696.494 -218.503
529.499 -508.511
-723.503 -136.496
205.493 709.495
608.496 -423.501
-671.504 316.497
-561.501 -505.506
-362.504 -666.502
-742.500 155.496
372.497 664.507
741.499 -182.504
-707.498 284.500
758.504 103.498
-188.496 -744.497
-422.501 644.503
379.499 -681.502
550.505 -556.501
331.496 -711.501
396.495 676.492
-367.495 -694.497
635.501 474.512
796.500 38.499
-339.497 722.502
-706.499 375.506
366.498 712.497
554.501 -581.501
417.502 -686.497
-373.492 -718.501
627.501 518.497
-704.500 410.500
614.498 -538.492
364.954 -731.942
372.276 -733.567
674.496 -474.501
-389.498 -726.498
-720.505 406.495
-299.504 -772.502
818.505 138.490
469.501 -695.501
358.505 758.494
-817.503 194.498
-741.505 400.497
-828.499 156.500
519.493 -666.499
218.505 -816.499
813.493 231.502
-496.500 685.504
833.956 173.414
828.883 201.146
829.550 201.925
411.499 748.497
370.498 -771.506
-423.502 -747.505
-523.497 680.498
-630.502 -586.498
421.503 -752.500
851.493 143.501
-706.495 -497.496
821.488 -273.497
865.919 -13.498
-357.491 -790.496
192.507 -852.498
-865.500 -143.500
373.497 -800.506
-28.497 889.495
-52.497 -895.503
275.496 860.498
-894.500 159.490
-420.501 810.499
8.498 916.498
896.499 -198.506
-648.504 648.510
608.500 696.512
312.500 875.498
-925.501 -98.497
-730.509 576.500
-399.498 -845.499
-923.498 -192.505
-943.507 103.502
355.492 882.512
-663.503 687.497
-917.501 -269.496
516.499 -808.497
-751.507 -596.508
-908.496 307.493
-723.503 633.497
674.498 -687.500
747.495 607.495
-872.504 416.504
-451.505 855.502
545.503 -802.499
-693.499 -679.497
814.500 -530.501
-916.506 -325.494
-635.498 -739.502
455.499 -866.500
-20.505 979.496
-165.505 966.500
981.494 23.499
-275.509 -944.504
203.501 -964.497
-797.500 578.500
982.495 -92.500
760.498 -632.498
6.493 988.501
-539.496 832.498
-387.497 913.498
209.566 977.983
449.504 897.508
-32.420 1003.110
946.498 351.501
984.499 -232.499
-983.505 -253.494
211.504 994.507
680.501 -762.499
981.493 293.499
720.502 734.503
431.502 938.509
-830.500 -615.495
-103.503 -1034.500
-868.510 -570.498
914.506 -497.493
-1018.500 -215.496
-92.679 -1040.890
-1040.500 97.508
883.498 561.501
139.497 -1039.510
433.502 -955.500
783.502 -699.503
1044.500 114.501
-259.500 1018.500
-259.500 1018.890
745.499 748.503
-746.497 751.500
251.504 -1035.500
1054.500 -169.498
-1046.500 211.507
702.496 806.507
386.505 -1002.500
-716.500 800.501
216.508 -1057.500
1017.500 -366.504
-413.507 999.496
1053.500 -275.499
746.502 -793.510
-1084.510 130.501
-863.500 669.497
984.496 478.505
670.499 872.508
551.282 -953.747
547.551 -960.667
556.851 965.766
554.923 967.141
-149.500 1110.500
410.493 -1044.510
-1008.490 489.500
-379.500 1066.500
610.506 957.498
1007.500 533.505
1077.500 378.499
-215.503 1123.500
535.499 -1012.500
-26.496 1149.490
566.500 1005.500
-1095.490 363.503
-925.497 -691.497
-488.499 1046.500
1069.490 468.492
-943.497 -690.497
189.496 1154.500
414.495 1103.510
-98.497 1176.500
-168.504 1169.500
-690.497 962.498
-1113.490 -410.500
1179.500 -166.500
683.496 975.495
-905.490 775.499
-1024.510 611.492
970.498 695.499
1172.500 -228.495
1194.500 39.503
1192.500 -83.496
-1195.500 0.498
618.503 -1025.500
29.504 1202.500
149.501 -1195.500
-650.501 1013.500
91.500 -1204.490
1159.500 -343.497
122.506 -1209.500
-1162.500 355.506
-1002.490 700.492
-1187.500 301.499
847.504 -889.501
303.503 1190.500
765.489 962.501
1215.500 -204.505
953.492 782.502
1033.500 680.505
-1083.500 -604.492
763.503 -979.502
1136.500 533.498
410.505 -1193.500
1268.500 39.501
-1265.500 83.503
-1107.510 620.496
-1071.500 687.500
869.505 931.497
-1199.500 -438.498
1277.500 71.501
-1246.500 288.493
1226.200 372.347
834.496 973.500
1229.890 371.954
1076.500 711.501
901.506 925.501
853.503 974.508
494.496 -1200.510
-1108.500 682.504
-765.497 -1060.500
1143.480 -643.926
-992.499 856.502
1143.520 -644.023
1115.500 692.498
-1185.500 -563.505
1312.500 73.498
1311.490 159.505
804.491 1047.500
-635.506 1178.500
817.503 -1063.500
747.500 1120.500
985.508 928.498
-812.505 -1085.500
-1335.500 -246.501
1133.500 -752.501
-1362.490 7.499
1092.500 824.505
-1126.500 789.502
990.503 -958.501
-838.498 1092.500
1365.500 203.500
-1305.490 459.493
-829.500 1113.500
-1330.500 399.496
-738.496 1183.500
-1211.500 698.499
1307.500 -521.506
760.501 1187.500
1417.500 102.503
1394.510 278.499
-825.497 1162.490
1393.230 -314.620
1393.630 -315.180
1421.500 -146.502
1376.490 -414.505
-1413.500 275.508
1100.500 937.494
-1139.500 892.496
1422.510 288.501
1132.500 -910.499
803.503 1211.500
1420.500 327.499
-1071.500 988.495
892.503 -1164.500
-1005.500 1068.500
1385.500 524.496
1016.500 -1083.500
-1007.500 1091.590
-893.496 -1190.500
1493.500 138.499
-1312.950 748.702
-1332.500 -718.505
-1314.500 752.495
1462.500 403.503
-1387.500 619.501
1386.500 -636.511
-959.505 1189.510
1424.500 -585.496
-1083.500 1093.500
-1359.500 751.498
-1150.500 -1052.500
1564.500 82.500
1325.500 847.498
1577.780 38.849
1588.490 19.505
1588.160 48.277
-1594.500 -18.497
-1188.500 -1064.510
1524.500 -485.496
-1564.490 330.500
1510.500 531.498
-1492.500 582.503
1602.500 172.506
1612.490 31.500
1499.500 -617.503
1618.500 -132.495
1483.500 675.496
-1581.500 401.502
-1479.500 -694.499
-1610.500 344.501
-1399.500 883.498
-1377.500 949.497
1613.490 455.506
-1177.500 1195.500
-1203.500 1173.500
1573.500 -612.499
1492.500 -804.499
1580.500 618.500
-1387.500 -982.501
-1257.490 -1158.490
1239.500 1183.500
1537.510 -774.505
-1617.500 -667.495
-1267.500 1208.500
-1327.500 1165.500
1568.490 868.501
1408.500 -1132.500
1555.500 925.498
-1592.500 -870.497
-1476.500 1078.510
-1618.500 -866.496
-1538.500 -1020.510
1551.500 -1003.500
1454.500 -1149.500
-1561.610 1021.240
-1442.500 -1187.490
-1593.500 -975.504
-1510.510 -1138.500
