0.503 -0.502
18.501 -27.497
-50.494 -50.499
-72.501 -65.500
-101.499 46.505
120.498 -14.503
73.501 105.497
122.495 45.498
-61.497 155.492
93.494 -148.497
137.498 -114.500
-196.507 -4.495
123.501 158.495
-159.498 -123.505
-180.504 -91.501
64.502 197.499
-121.499 -176.494
130.504 -186.498
-60.004 -223.919
-60.896 -224.759
167.500 -163.494
-70.407 -230.327
-211.505 120.504
-184.495 -171.502
-240.502 78.496
-144.904 -224.196
-205.493 -170.503
-161.448 -215.516
-97.498 -255.502
82.502 262.500
-159.497 -240.498
-181.904 -227.046
-120.504 264.497
-181.991 -227.923
-258.502 -141.508
292.496 57.499
-207.504 -214.503
277.498 121.501
230.498 -206.496
-183.503 -249.496
-282.499 -139.496
146.497 -288.502
-274.496 -190.496
-348.503 50.496
-339.496 104.501
-283.499 -216.501
289.497 -217.503
-240.493 -270.502
-279.496 237.502
-357.500 86.505
370.497 -16.498
77.499 -367.500
-235.800 -304.006
-216.494 -325.499
312.499 -239.499
-245.317 -307.405
-363.496 160.496
-180.500 -384.499
-411.507 -112.503
111.139 412.123
118.285 413.835
-221.489 -378.502
259.500 -363.502
-273.496 -365.495
442.501 121.501
363.499 280.495
-70.507 -456.499
-424.493 -198.496
-392.496 265.497
172.500 449.502
-83.496 485.500
-478.500 135.505
-188.507 467.498
-502.507 48.505
-511.501 -72.495
262.500 -449.499
349.508 392.503
128.507 510.493
-236.504 -473.493
487.498 220.501
-185.503 -503.502
255.493 475.500
207.499 -504.497
-491.506 242.504
-308.499 -456.499
457.504 -311.497
500.498 -240.506
-485.500 269.493
-148.494 537.507
-283.494 -483.501
-26.502 -567.492
261.493 -512.498
533.499 -217.508
-402.495 -412.501
-215.035 -535.662
421.494 404.503
-294.506 -505.493
-280.863 -514.208
464.496 357.499
500.501 -306.503
-90.504 -587.500
489.497 -341.499
-203.487 -564.191
576.499 -168.502
-197.674 -568.158
598.497 64.500
602.028 33.624
601.505 42.502
557.508 237.496
-501.504 -348.499
-566.505 238.513
-483.504 396.503
550.499 -301.509
624.503 72.501
146.500 -619.504
514.496 378.502
491.504 440.494
643.500 157.498
-79.498 657.492
546.501 -376.498
-627.499 213.500
390.496 -538.512
-664.501 -13.497
-592.496 -311.497
562.492 -374.499
568.500 367.498
608.495 -304.505
260.501 -640.497
149.502 -675.501
605.504 343.503
16.501 696.505
-446.932 -535.713
-95.495 701.496
555.499 442.496
-140.497 695.495
506.496 505.499
457.126 551.961
660.503 -283.495
486.501 -537.502
482.492 540.505
254.499 685.495
332.503 657.500
666.499 325.503
-244.501 -705.502
-708.501 235.502
-507.500 549.498
748.498 55.493
493.507 576.497
738.501 -187.499
745.506 -159.501
-250.506 723.505
728.500 -253.496
772.504 -99.500
-539.509 -563.500
-450.506 -639.499
787.502 36.496
604.502 -507.498
771.505 206.492
779.494 -181.502
586.502 546.502
-536.505 -598.505
-523.505 614.499
151.494 793.506
731.495 -348.495
559.503 586.497
108.495 808.494
303.501 757.500
278.507 767.500
496.497 652.506
802.508 -177.499
55.503 819.498
88.494 -818.504
-621.501 -558.499
-267.502 -794.504
-717.492 -438.506
293.502 789.494
-374.502 -755.502
607.493 589.500
715.505 456.499
-688.506 -498.504
-37.497 -854.491
598.502 612.510
498.497 -701.506
572.500 -651.496
700.495 513.500
-866.495 65.501
870.503 50.498
641.500 592.500
860.497 155.501
860.497 155.890
274.494 -833.498
-789.511 382.501
-110.490 -873.497
-877.492 -113.504
-125.502 876.500
-637.503 -619.499
-888.496 -33.503
733.501 -506.504
889.506 -115.496
-626.252 -652.538
-626.242 -652.616
785.496 -460.503
356.503 840.494
701.502 588.500
-420.500 -816.500
-732.501 552.495
-646.536 -654.922
215.502 898.503
-617.499 687.505
-659.266 -649.645
816.500 -458.497
-935.501 43.503
808.500 -484.506
702.501 630.499
-676.505 -659.599
-668.829 -669.617
946.497 38.504
-675.799 -664.163
842.499 435.497
-666.216 -675.120
678.501 664.502
-609.502 -728.491
-669.212 -674.026
-739.506 597.502
952.504 -63.500
826.501 -481.494
-122.501 955.502
-670.167 -694.201
-290.501 923.497
0.507 968.502
616.500 -751.506
-968.497 77.500
-400.505 886.495
417.500 882.500
-413.493 -889.499
-835.501 517.504
-419.505 891.495
457.495 -877.502
584.498 -802.501
-357.504 925.503
-563.504 817.500
690.499 714.497
-122.492 994.501
47.498 -1004.500
398.502 -923.499
729.495 -696.505
642.388 780.974
994.502 -223.503
305.076 979.512
-201.499 -1007.500
996.507 250.506
381.497 954.500
381.497 954.890
312.622 982.677
641.015 810.003
922.493 -467.503
-643.501 814.496
926.499 -491.498
1001.500 314.510
641.829 838.543
641.495 839.461
-799.494 -691.498
932.505 501.506
593.494 878.497
500.501 935.494
1049.510 -171.502
47.504 -1067.500
-934.502 -517.506
463.501 -963.501
1053.500 -200.504
661.273 844.332
666.613 841.227
825.499 -691.500
-416.492 992.497
198.501 1063.490
-955.499 -516.502
493.493 968.504
1047.510 -298.506
601.502 910.498
-1036.500 347.501
433.504 -1011.500
811.500 743.504
602.494 -926.509
129.501 -1101.500
687.499 873.498
1097.490 -186.488
-973.497 -539.500
1113.360 -118.861
-1061.500 363.497
917.494 -652.503
1122.500 -107.495
1091.500 -304.495
-372.493 1069.500
1062.500 398.506
329.506 -1086.500
1031.500 -486.497
-801.503 810.503
1071.500 -393.507
1141.500 10.500
692.501 907.494
832.498 -783.495
-540.502 -1012.510
741.499 -877.507
-1147.510 -78.503
1135.510 -217.500
591.501 -994.504
770.500 -863.505
744.500 886.506
1139.510 211.490
989.503 -606.492
-1144.490 190.501
1070.500 -458.498
-216.529 -1146.740
-63.497 1167.500
-922.494 -721.497
-217.003 -1151.570
-824.501 833.502
358.496 -1127.510
1160.500 -234.490
962.502 691.503
988.501 -655.503
-1054.500 -545.495
905.498 773.499
-363.499 -1135.510
519.500 1073.510
1165.510 260.509
-552.502 -1059.500
520.501 -1079.490
-1102.500 -482.497
366.506 -1149.500
348.490 1154.700
202.503 1190.500
356.035 1155.260
611.497 -1044.500
-1200.500 -151.497
-261.502 -1183.500
1205.510 -130.495
372.506 -1156.460
336.499 -1178.500
1056.500 -633.501
-936.494 807.508
1005.500 -727.503
-1091.500 588.493
-836.499 930.497
1234.500 -246.501
859.505 929.494
458.502 1183.500
1268.500 151.503
454.055 -1196.950
-662.494 -1096.500
455.958 -1198.330
-601.498 -1133.490
-938.498 -880.503
1260.500 283.494
-968.501 -855.505
1167.510 556.503
1057.490 753.499
-778.500 1059.500
-1313.500 64.504
-1171.500 603.505
818.499 1047.490
1161.500 -650.497
-572.496 -1201.500
1332.500 -73.504
-568.504 1208.500
-1298.260 313.936
775.500 -1090.500
-623.504 1183.500
-1299.500 320.497
1338.400 -87.324
875.496 1015.500
-776.503 1099.510
682.496 1161.500
-1275.500 439.501
-955.497 -962.497
850.496 -1065.490
1253.500 -541.502
1034.500 891.506
817.501 1096.500
1158.500 731.503
1351.500 -229.495
1320.510 370.509
-679.502 -1195.500
1131.500 781.503
1191.500 -700.501
-1063.500 -882.504
-1316.500 -420.503
1378.510 131.503
-1261.500 -591.508
-1323.250 -437.011
-917.503 1049.500
-1280.500 -557.508
-1159.500 -788.503
-745.507 1191.500
1172.500 777.505
1383.510 264.499
1242.500 688.505
1332.500 511.496
-1401.500 -272.495
1187.500 796.491
973.496 1049.510
1310.500 579.503
-1144.500 862.494
1279.500 648.500
1397.500 -356.503
1336.500 543.499
1131.500 897.501
1030.500 -1013.500
1139.000 890.349
-882.502 1147.500
1448.510 -178.496
-1010.500 -1058.500
1334.500 610.500
1184.500 872.503
-1088.490 -989.494
-1420.500 -404.504
-1200.500 -864.501
1484.500 -14.498
921.499 1174.500
-1427.500 -450.507
-888.485 -1207.500
1016.500 1111.500
-988.503 -1148.500
-1513.500 -142.491
1458.500 -433.497
1509.500 -198.493
1450.500 478.494
-1526.500 -16.495
1066.500 1093.510
-993.501 1160.500
-1369.500 677.497
-1502.500 -297.497
977.499 -1187.500
1530.500 -183.502
-1159.500 1028.500
-1386.510 695.497
-1283.490 878.505
1438.490 595.499
-1551.500 278.496
1577.500 49.503
1371.500 793.499
1206.490 1031.500
1263.510 964.498
1562.500 307.496
1593.500 78.503
-1507.490 -559.496
-1423.500 749.502
-1385.500 -829.497
1606.510 -220.495
1578.500 -372.496
1543.500 499.495
1192.500 -1107.500
1294.500 -987.498
-1592.500 359.500
-1325.500 968.498
1258.500 1056.500
-1356.500 -942.500
1432.500 -850.500
-1350.500 974.501
1397.500 925.505
1446.500 860.499
-1373.500 974.497
-1547.500 -677.496
1351.500 -1015.500
1331.500 -1052.490
1566.500 -685.502
-1232.500 -1190.500
1508.500 824.506
-1373.500 -1064.500
1559.510 -790.498
-1444.500 -989.496
1451.500 995.496
-1374.500 1111.510
-1487.500 -961.502
1418.500 -1074.490
1310.500 1203.510
-1454.500 1054.500
1352.490 1191.500
1596.490 -903.501
