0.501 -0.496
-29.494 16.500
107.503 96.487
122.500 -135.505
-5.498 -247.492
117.500 256.498
-189.498 223.505
312.499 -4.417
312.499 -7.099
158.491 273.501
-238.502 -234.501
-326.498 99.501
286.500 -208.488
-319.511 203.501
361.507 -128.500
-150.505 354.505
327.502 -223.503
81.495 409.509
173.498 405.505
-448.498 50.500
-389.500 -242.502
229.503 397.503
-113.493 444.981
-113.511 445.083
124.497 444.502
367.500 294.497
-469.495 -48.504
328.495 -358.494
-185.496 -458.505
-492.495 141.504
-427.498 283.507
51.495 520.506
530.502 20.499
198.505 -508.497
280.490 -475.502
229.497 510.491
-109.494 -553.500
-523.499 219.504
-385.497 -438.504
-506.500 -346.503
136.494 599.502
-497.504 384.498
-508.504 -384.503
580.501 -270.500
-442.508 462.501
662.496 95.503
573.493 363.510
-274.504 621.488
546.504 412.490
-667.501 -171.499
-448.503 528.502
-666.505 201.505
-552.502 424.506
178.840 684.380
178.501 685.503
-22.502 -710.495
-19.495 710.491
-373.502 612.502
398.502 599.500
-55.497 -719.502
636.508 -346.503
581.103 439.311
-542.497 494.500
588.505 442.058
-148.501 720.498
-656.497 -342.506
-696.502 -257.508
80.498 -741.497
249.500 -709.502
-741.498 -122.493
673.507 -337.497
-413.501 -648.494
-718.763 273.408
-721.972 268.793
-699.506 -332.508
718.495 292.505
-743.505 225.503
774.504 115.501
738.462 262.012
737.497 278.503
721.501 325.503
603.497 -514.502
570.504 -552.498
498.501 620.492
683.497 420.501
-58.503 -801.502
-92.499 799.503
-690.500 413.499
-787.497 -188.504
232.496 -780.494
23.497 814.506
817.503 42.503
-817.503 69.496
-633.498 -526.497
66.508 826.503
80.499 -826.494
-721.504 412.499
517.506 657.494
618.498 -571.498
819.500 193.502
-492.500 697.503
-853.497 -39.498
687.505 -516.506
-230.498 -828.501
-565.504 649.505
250.501 830.506
-140.501 858.501
-304.503 -819.500
47.496 872.509
-793.503 371.496
-688.501 546.505
77.511 -877.504
-832.495 292.497
873.510 -143.496
-635.495 621.499
406.500 797.503
-687.503 -576.498
-871.505 216.499
-352.508 -827.500
-898.493 86.496
623.504 654.502
-61.502 902.494
860.503 282.494
-634.499 646.492
-844.498 -334.498
-302.503 860.500
-745.506 529.500
905.505 149.498
-284.497 -873.500
585.504 707.500
-888.509 258.494
-212.500 915.501
941.105 -9.050
-805.502 484.500
-545.504 765.504
894.498 -296.497
267.503 -905.497
928.505 198.502
-745.502 -587.503
-644.497 699.500
83.506 949.503
743.495 597.506
-517.499 -802.498
591.505 752.500
946.497 184.502
-796.500 549.501
-864.499 448.495
983.231 9.506
579.497 -797.501
-862.499 476.498
990.696 9.509
728.503 679.495
-853.754 513.375
-490.505 -871.496
208.498 -980.499
637.501 774.497
-861.278 516.800
986.499 -196.504
-104.504 999.503
-835.497 562.493
867.498 532.498
-601.495 -821.505
477.503 -904.501
-1027.500 44.501
-408.497 951.502
432.495 943.501
-355.501 976.503
-891.505 543.494
-842.499 618.496
1032.490 -184.505
454.505 949.494
651.494 -830.500
-370.503 -989.492
946.496 472.491
432.247 965.571
-1033.490 250.505
440.145 969.239
184.501 1050.500
764.498 746.501
1011.500 345.503
-806.495 711.502
1025.500 329.504
122.501 1071.500
892.497 -607.501
-280.500 -1043.490
425.502 -1004.500
231.504 1070.500
1050.500 -323.496
202.503 1079.500
435.503 1009.500
-1074.500 235.508
1006.490 454.503
326.507 1070.500
643.496 -917.503
-642.500 918.495
-1073.500 324.504
-70.511 1119.500
-1032.500 464.506
-189.568 1117.020
842.499 758.499
805.499 802.503
704.504 -895.499
-1145.490 10.503
-1067.510 433.506
398.502 1083.500
-994.503 -604.498
-476.500 -1062.500
-1022.500 -565.499
404.504 -1100.500
-1015.500 -586.495
1141.500 -275.504
-435.495 1089.490
-1167.490 120.499
-250.494 -1153.500
559.507 1041.500
-1154.500 265.499
643.501 -996.503
1112.500 412.503
258.504 1157.500
210.503 -1170.500
493.493 1085.490
13.501 1195.500
576.497 1050.500
1009.500 -653.510
766.501 -929.503
1163.500 -315.499
-1199.500 111.510
1075.500 545.499
1168.500 313.500
-1053.510 597.495
-473.502 1115.500
773.660 -936.278
-1191.500 -230.495
1196.500 -215.508
-241.495 1195.510
556.500 -1090.500
-1193.500 -276.498
317.504 1185.500
-1231.500 120.504
765.498 -976.494
-784.498 964.498
987.501 -770.507
1073.500 650.500
-1048.500 695.499
1046.500 -705.500
777.503 995.498
-1072.500 -672.498
-730.494 -1040.500
1269.500 78.500
863.505 935.506
1218.490 375.497
1258.500 -229.499
1275.500 120.501
-1018.500 779.502
-853.499 958.500
-1078.500 696.500
-663.228 1100.200
-663.283 1100.270
-590.498 -1145.490
1211.830 448.429
-473.500 1208.500
1222.630 446.844
896.504 943.501
693.501 1112.500
1236.500 -447.497
1268.500 346.506
916.499 -944.502
1232.500 475.501
1270.500 371.501
-1321.490 -99.499
-769.499 1085.500
1238.500 -498.498
760.504 1096.500
1269.500 447.510
-1330.500 -207.499
751.495 1119.500
-682.507 1165.500
1130.500 -742.500
-897.490 -1012.490
1355.490 -57.502
1199.510 638.500
-895.499 1026.490
-1034.510 -890.504
-791.498 -1120.500
1357.500 285.496
-692.498 1209.500
-942.502 1037.500
-728.501 1204.500
935.507 -1061.500
-977.500 1028.500
1360.500 421.499
-1354.500 442.500
1423.500 102.501
1305.500 580.494
1309.500 -573.499
1254.500 -705.493
1374.500 -432.502
1436.500 134.501
-1264.500 -704.496
-1125.490 -910.506
-1417.490 303.504
-1039.500 -1019.500
1430.510 300.497
-1442.500 -249.502
-1432.500 313.502
-1407.500 -445.492
912.504 -1166.500
1437.500 396.498
999.490 1117.500
-1358.500 652.498
1444.500 -435.502
-926.503 1191.500
1032.510 -1108.500
1251.500 -874.498
1266.500 853.503
1341.500 746.500
-1275.500 856.498
-1542.500 136.498
-1123.500 -1078.490
-1406.500 670.499
1564.490 -64.501
1279.500 923.496
1480.510 -547.502
1442.500 670.505
1522.500 -479.497
1509.500 -527.501
1569.500 305.499
-1349.510 -876.494
-1306.490 943.501
1480.500 642.504
-1145.500 -1137.500
1595.510 -303.498
1161.500 -1141.500
-1501.500 632.505
-1118.510 -1191.500
-1108.500 1200.500
1580.500 502.501
-1490.490 -745.501
-1458.500 -813.498
-1178.500 1189.500
1285.490 -1076.500
-1417.500 937.503
-1504.500 793.507
1444.500 -905.500
-1538.500 -794.497
-1494.500 -875.502
-1556.500 783.508
1442.500 -1003.500
1538.500 -864.500
1581.500 819.501
-1449.500 1050.490
1450.500 -1150.500
1596.500 936.502
-1588.500 -1069.500
-1535.500 1152.500
-1556.510 1124.500
