0.503 -0.498
-127.504 -23.501
157.494 -84.498
39.499 197.502
178.509 109.499
142.499 154.494
215.502 -95.505
222.499 -117.502
-213.505 219.509
11.507 -321.504
-202.496 301.506
-365.505 54.500
-247.500 285.497
229.491 -305.497
-369.504 -130.503
-395.497 -4.494
-282.496 -291.499
396.500 101.508
-197.499 385.499
-109.911 419.356
-365.495 -246.499
309.500 -321.496
-99.495 434.502
-266.497 362.498
459.505 -52.500
-202.498 -425.505
142.510 452.496
-412.497 -284.501
-283.503 -417.500
-494.502 -107.501
-3.499 -508.502
-444.496 246.500
-481.500 180.511
-155.497 502.497
31.507 531.496
537.499 -58.498
528.500 -115.503
408.498 -368.502
541.502 110.497
-314.500 -463.499
555.504 -103.499
-499.784 -281.348
-417.493 -401.499
-509.255 -289.215
-467.490 -362.496
-231.500 569.499
-609.495 81.492
-76.499 623.491
-324.502 543.498
-272.493 -579.506
473.502 441.497
638.496 136.506
-269.494 -608.501
-644.498 187.495
-143.506 -661.498
675.500 85.503
-239.500 -659.502
-474.501 549.502
200.494 -701.500
-262.506 681.500
696.504 -224.508
740.503 -29.502
462.500 -582.498
-301.507 685.492
288.498 691.495
706.505 -271.506
682.492 335.497
708.499 282.507
-768.501 -34.501
438.506 663.489
500.497 626.501
-726.503 -352.500
-64.499 -811.501
791.503 198.501
-816.503 88.502
-697.506 -440.503
477.500 -688.500
410.496 733.500
7.496 -845.500
-852.496 -81.501
-207.496 836.492
-147.502 849.488
861.494 -144.504
409.507 782.504
382.505 804.497
-441.504 775.497
-609.500 655.503
-827.499 -345.495
56.502 911.508
-729.507 552.509
-819.497 425.502
-616.500 -693.499
-768.503 -539.498
-666.499 663.498
-465.496 -839.495
-927.494 281.496
-664.504 710.493
-165.497 -961.498
-930.495 -302.502
773.503 -611.503
265.501 -961.508
-665.506 754.503
-802.503 -618.503
917.498 440.495
-817.500 -610.491
-818.501 609.497
-1021.500 55.502
-1023.500 -65.506
-1009.500 -208.497
79.499 1044.500
1053.500 45.504
610.498 861.504
825.294 658.972
878.505 -591.498
546.503 907.508
-202.500 1040.490
-997.499 365.499
-844.500 644.504
-69.491 -1072.500
-1059.510 195.501
-225.500 1054.500
-183.500 -1079.500
-991.495 473.497
-1052.500 323.499
-782.498 777.497
809.508 -761.498
858.494 705.494
-984.505 519.496
1085.510 254.492
1060.500 -345.499
-16.507 1115.500
1111.500 200.497
-1134.490 -51.495
-654.497 930.501
-581.496 -989.508
-977.502 -602.505
108.501 -1147.490
1145.500 -148.498
621.498 990.504
1171.500 -68.493
-1093.510 -465.505
-999.503 643.497
-1076.060 -506.326
-1183.500 117.495
-296.497 -1156.500
-1082.590 -508.132
1074.500 -527.506
60.504 -1196.500
-722.496 963.502
-366.087 1152.440
-1098.500 -515.499
-370.500 1158.490
330.495 1175.510
553.497 -1094.500
724.503 989.496
-1229.500 -26.503
-1232.500 18.502
1231.500 142.501
-298.498 -1205.490
-1232.500 147.500
-1219.510 303.496
-878.492 -901.506
1134.510 559.497
-723.496 -1038.500
851.497 936.504
-361.503 1212.500
432.507 -1194.490
966.497 -828.499
1052.500 -719.498
886.500 -918.495
-876.509 935.499
-1234.500 374.499
-1258.500 -295.493
-939.504 -898.494
560.503 -1190.500
-817.499 -1035.500
-751.503 1087.500
1326.500 -9.501
1320.510 -190.499
-1205.500 571.500
-1321.500 -213.495
-863.500 -1027.500
835.501 -1060.500
683.494 1173.500
-842.499 -1068.500
779.503 1115.500
-690.491 1180.490
-1350.500 277.498
1271.500 -558.497
900.503 -1057.500
1112.490 -833.498
-1117.500 -832.499
1134.500 -814.494
1137.500 822.496
1377.510 271.495
-978.507 1007.510
-966.499 -1032.500
-889.505 1105.510
-1325.500 539.504
-1333.500 -550.505
1206.510 -801.493
-1359.510 522.499
1133.500 923.502
-996.501 -1085.500
965.500 -1131.500
1130.510 966.505
-1486.500 104.503
-1502.500 54.498
-1444.500 444.497
-1505.510 237.505
-999.503 1150.500
-957.499 1201.500
985.504 1182.500
1384.500 -677.501
-1461.500 -508.499
1273.500 -884.505
1369.500 732.499
1012.510 1183.490
1549.500 231.503
-1047.510 1165.500
-1573.500 -30.494
-1029.490 -1194.500
-1564.500 -197.501
-1188.510 1036.500
1162.500 1074.490
-1204.510 1028.500
-1584.490 102.495
-1497.500 530.496
-1290.490 926.501
-1163.500 1082.500
-1456.510 -637.509
-1449.390 652.674
-1449.400 652.753
-1052.500 1191.500
1192.500 -1065.510
1234.510 1030.500
-1555.500 -407.512
1099.500 -1181.500
1460.500 694.503
-1145.510 -1147.500
-1455.500 714.497
1568.500 -420.495
1372.510 -898.499
1600.500 380.499
-1516.500 656.499
1198.500 1153.500
1376.500 969.496
-1469.500 -850.502
-1526.490 755.496
-1497.500 868.501
-1488.500 898.494
-1530.490 -845.503
-1600.500 716.497
-1579.510 795.497
-1371.500 1124.500
-1323.500 1197.500
1366.500 1152.500
-1506.500 -1003.500
1621.500 -828.499
-1613.500 898.506
-1415.500 1194.500
1475.500 -1209.500
1583.490 -1116.500
