0.499 -0.502
64.506 105.505
127.499 13.498
-167.503 13.499
-171.501 122.504
177.502 201.504
-185.502 -195.506
322.503 79.498
24.505 -336.496
-360.503 41.500
-189.499 -363.497
128.503 -394.497
-406.499 -114.509
143.501 422.497
-118.497 431.503
203.501 400.504
399.502 -209.499
-160.500 -434.499
-302.503 -354.504
458.495 109.499
330.501 -361.498
-501.498 -20.500
502.502 -68.504
-328.501 400.497
165.502 497.496
-449.502 281.501
-95.505 -543.501
78.502 -566.496
-569.500 -53.508
546.505 194.506
566.501 -162.496
309.501 -508.503
379.496 -465.495
268.937 -548.448
2.494 612.501
56.502 -619.499
366.494 -515.499
-402.504 -488.497
96.506 -635.499
-334.495 552.497
611.500 218.496
-626.506 -168.490
30.497 -656.494
-581.500 -363.498
525.492 -449.501
-398.501 571.505
-347.492 -605.499
-262.505 -659.501
-724.501 -41.505
693.500 221.501
-675.503 -281.492
486.493 557.500
-86.502 739.494
718.499 237.502
-65.502 -754.506
453.508 -611.508
262.503 718.500
-767.500 36.507
-90.503 -765.500
141.502 768.496
633.505 -499.496
-627.491 -517.500
585.499 -570.502
377.490 725.508
-176.500 -800.493
120.499 -815.497
259.496 782.502
738.500 368.502
825.500 -52.498
-558.495 -613.497
746.500 391.496
529.498 661.505
845.496 -66.495
-241.493 -821.504
-844.497 -169.504
60.500 864.499
40.502 867.506
596.498 -648.498
70.498 885.498
-869.502 229.504
-551.501 -719.504
-647.501 640.502
832.500 -387.496
-838.495 371.503
-753.503 529.492
-155.492 910.495
-229.500 909.502
-83.496 942.498
-50.496 948.496
752.492 582.502
-78.499 -952.502
-906.500 322.503
-941.497 200.504
927.506 285.502
851.500 467.487
-795.500 557.500
183.495 -958.503
-598.504 770.498
-712.502 666.498
-965.503 -145.504
-536.500 823.502
-991.497 8.494
792.503 -599.505
605.498 -792.495
868.497 496.507
995.495 -163.508
-828.499 -581.505
630.494 -796.499
-757.500 683.504
-1022.500 89.502
-1003.500 285.501
983.498 354.496
1045.500 -57.505
-57.497 -1048.500
-595.500 864.497
736.502 -757.494
201.501 -1038.500
815.501 -690.494
483.512 953.493
-935.501 518.505
990.502 419.498
-165.502 1067.490
298.506 1041.510
719.499 812.500
885.510 -630.502
606.501 904.503
582.500 922.504
741.497 -801.497
957.496 527.504
-272.496 -1072.500
95.495 -1109.500
-1080.490 268.499
1109.500 256.501
1157.510 18.511
694.494 -928.502
1104.500 360.495
-1015.500 -563.499
1159.500 83.501
284.501 1126.500
-366.507 -1103.500
1163.500 -26.492
-750.510 -890.499
934.500 708.501
732.501 -920.506
-732.498 921.506
1148.500 -269.506
-1149.500 -283.500
-1184.500 44.503
89.496 -1183.510
-262.499 -1158.500
620.506 -1021.500
-2.500 -1204.500
-1120.500 442.497
431.499 -1126.500
1128.500 428.496
763.504 -937.495
-694.497 -989.509
-654.499 1031.510
-884.509 846.505
842.499 -899.497
562.499 -1113.500
415.498 1176.500
-617.500 -1091.500
-1215.500 311.508
398.501 1191.500
841.503 -939.501
-1234.500 -267.497
-475.504 -1179.490
1227.500 356.500
1272.500 -158.503
1272.500 202.506
1264.500 -280.490
-1296.500 92.500
1297.500 124.499
1248.500 -430.503
521.500 1212.500
1256.500 410.503
-1062.500 -789.498
1214.500 554.501
-652.498 1193.500
-1350.500 201.505
1202.500 -677.497
1147.500 -776.503
1014.500 949.502
-840.505 -1108.500
1028.510 -938.496
-1376.500 -213.502
-967.508 1013.500
872.503 -1105.500
-1410.500 -90.490
1347.500 -430.503
766.501 1190.500
1307.490 -554.497
1293.500 -596.500
788.502 -1186.500
1185.490 797.503
-1431.510 -151.494
1204.510 797.497
-1443.500 -90.505
-1166.500 -856.502
-901.501 1142.500
-909.493 -1150.500
-1130.500 -949.502
-928.503 1153.510
-1478.500 -133.498
1074.500 1040.500
1494.500 -110.499
-1347.500 657.498
-1391.500 -569.500
-1482.500 261.498
-1398.500 568.505
-1229.500 -886.503
1399.350 -611.808
1407.500 -599.508
984.497 -1185.500
-1105.500 1090.500
1272.510 892.499
990.232 -1198.980
-1488.500 -450.496
-1550.500 167.501
1554.500 139.982
1554.510 148.500
-1038.500 1171.500
1154.500 -1066.500
-1079.500 1156.500
-1427.500 712.500
1270.490 -980.494
1420.500 -749.508
1499.490 579.502
-1395.500 805.503
-1589.500 -270.502
1577.490 -354.498
1528.490 528.497
-1603.500 210.494
-1424.490 -773.505
1601.500 269.506
1542.500 510.503
1188.500 -1111.500
1433.500 -790.502
1271.500 1032.500
-1384.500 888.505
-1370.500 912.500
-1415.500 885.504
1278.500 -1104.500
-1410.510 -1022.490
1518.500 878.504
-1574.500 -779.492
1311.500 1196.490
1347.500 1158.500
-1579.500 816.490
1589.490 810.503
-1383.510 1141.500
1614.500 813.492
1449.500 -1095.500
1506.500 -1035.490
1612.490 949.500
-1446.500 -1189.500
1597.500 -1181.500
