0.495 -0.504
-35.496 93.503
-150.502 104.498
-200.500 72.499
-180.500 -119.504
-76.535 210.365
-68.498 222.497
-51.495 231.503
-231.499 151.503
-267.494 107.505
170.502 -266.503
316.496 -14.495
85.502 310.502
-263.495 187.495
-272.501 -180.495
-10.498 334.493
205.501 -267.497
2.497 -346.499
206.497 288.500
357.504 -19.502
326.493 -150.503
60.497 -373.503
380.497 9.498
-39.500 -386.495
-393.498 44.501
46.506 393.490
248.506 -317.504
17.500 408.503
139.500 403.504
44.497 -438.493
-369.501 264.496
287.632 360.020
331.505 333.501
302.511 382.501
-504.498 102.498
250.502 461.496
-64.496 539.498
-478.494 -260.503
-508.502 215.504
-543.501 115.495
565.503 -68.500
558.495 127.503
498.503 -284.499
-230.505 -525.501
552.499 174.498
-552.505 -196.503
-589.503 82.497
-596.505 -2.497
584.505 135.502
-396.502 -452.495
-151.493 -588.497
-609.958 -80.805
-434.497 442.492
-250.501 -570.505
-606.495 -145.498
553.498 -291.503
-620.503 -70.494
475.498 417.501
-623.502 -121.496
301.501 -561.493
178.500 613.497
500.501 399.498
-546.502 -333.501
-483.505 432.510
-44.497 -657.490
-230.495 -617.496
-671.501 -33.511
-92.502 668.500
-393.501 549.499
213.495 642.494
-162.501 663.495
-71.494 -696.504
466.504 522.502
428.502 -569.497
-658.503 -277.498
712.501 80.498
-716.495 29.496
-221.170 -684.637
-220.521 -687.912
159.491 -708.504
-261.499 -677.505
-116.500 726.498
145.495 -723.498
-622.493 -404.498
-499.503 552.501
661.507 356.497
-608.499 -441.500
306.504 -704.503
221.501 -737.498
-396.499 -662.500
-601.504 486.502
-776.496 66.496
-668.502 -401.496
-700.498 -351.495
218.558 -755.201
-775.500 129.504
-548.501 565.500
-148.502 775.501
-789.500 -31.503
-79.512 -805.499
-595.508 550.504
-75.940 -811.663
778.498 -243.501
-807.493 110.961
-810.501 -98.499
-808.505 116.500
-690.495 446.498
-296.512 -769.501
529.494 634.505
-818.510 -169.498
-231.503 -806.497
-370.511 -756.508
-163.502 -827.499
708.498 469.494
284.504 -801.497
-12.504 -855.502
-845.498 -162.503
864.498 -51.501
545.501 -673.508
-765.505 409.499
-816.495 299.493
839.495 -235.504
439.492 757.500
-553.504 682.494
603.501 646.498
50.499 -887.499
-598.497 659.498
-222.499 -869.508
-690.501 -573.496
-537.502 -722.504
114.498 -895.496
-457.503 -785.498
-778.502 -496.494
-913.506 180.503
-845.502 -397.500
-927.498 138.494
913.507 -222.499
-835.498 434.499
821.494 -479.504
-911.505 -273.499
-950.496 -114.492
-776.503 -585.500
102.494 -970.507
973.495 -79.497
330.504 920.495
-94.502 -976.508
-829.507 -525.500
834.491 519.502
679.501 713.500
250.503 -954.497
-418.504 -902.506
-71.497 992.493
996.503 -56.505
-438.500 -898.501
535.497 -848.498
-606.504 811.500
-357.502 950.500
-122.494 -1014.500
-559.503 -860.500
-1006.500 197.502
-869.504 546.500
-765.500 694.499
-245.491 -1007.510
353.500 -975.494
122.493 -1031.490
950.501 429.496
-731.459 -753.534
844.503 -625.501
-730.613 -754.911
-830.502 -661.498
-1061.500 63.498
943.501 -494.498
-940.502 498.502
-1044.500 224.506
-181.495 1056.500
407.500 1000.500
-287.494 -1043.500
-342.498 1027.500
174.499 1071.500
-903.501 602.504
-240.498 -1061.500
526.497 -959.502
57.497 -1093.500
-1063.500 -261.500
-137.499 -1088.500
793.508 -758.505
-630.493 -898.500
-1094.500 108.509
-1035.870 380.263
-375.976 1039.030
177.503 1091.510
786.500 -781.498
-1083.500 242.498
-1048.160 371.793
-350.500 -1056.500
498.500 996.501
120.494 -1110.490
-942.495 -603.499
-1122.500 70.492
-645.498 922.504
-1126.500 22.506
-1089.500 -301.494
-653.500 -932.499
-918.502 677.502
-8.503 -1144.500
-677.502 -925.496
694.499 914.501
766.503 855.505
1083.500 388.508
-545.497 1014.500
-1154.500 30.503
985.501 -607.496
12.505 -1157.500
-671.501 945.496
91.498 -1158.500
-958.500 -674.496
891.504 767.501
-882.497 788.495
479.497 1082.500
-483.494 1088.500
985.500 676.500
1170.500 264.499
1201.500 171.494
-1023.500 652.495
-892.501 829.500
1126.500 470.501
-359.498 -1167.500
-744.502 -973.498
-1216.500 -149.501
-413.503 -1156.510
-1214.500 -187.499
668.501 -1042.500
637.492 -1062.490
-356.493 -1192.500
371.497 1192.500
-1241.500 -141.494
-1254.500 190.497
-811.499 -981.499
-1238.500 -299.499
-607.514 -1124.500
1129.500 600.503
-991.505 816.500
-1103.500 666.503
-1132.510 -621.504
-587.498 1158.500
-538.495 -1183.510
-699.502 -1097.510
-613.503 1150.510
-1257.500 -370.495
-556.500 -1188.500
-1198.500 538.499
-775.501 1064.490
-1143.400 -656.097
-1143.240 -657.311
-1073.510 765.496
1257.510 413.502
-1328.500 121.495
-774.503 -1088.500
-1251.510 490.497
-1226.510 554.503
-1160.090 -684.562
-1218.360 580.040
-1038.490 -867.502
955.499 961.505
-1139.500 741.502
-1343.500 -253.500
-686.496 -1183.500
-868.498 -1058.500
-1365.490 96.500
776.499 -1129.500
666.501 -1199.500
-894.494 -1040.500
-1169.490 -722.499
-1284.500 -494.495
1076.500 -859.503
-1376.500 -111.501
1135.500 -801.503
1217.500 -671.502
-1200.500 -705.494
-1304.500 503.500
1384.500 222.500
-1085.500 896.494
-923.497 -1064.490
1360.500 -384.496
-978.507 -1023.500
1402.500 -199.496
-1299.500 -562.498
-1229.500 744.499
-1199.490 797.509
1361.490 487.506
-1438.500 147.499
1058.500 988.498
-1278.500 -698.501
-1394.500 -448.494
1156.510 -911.500
-1157.500 -912.498
1378.500 -524.497
-1183.500 882.505
1306.510 -704.503
-1088.500 1011.490
-1492.500 -55.492
-1375.500 -593.503
1259.980 -829.153
1259.540 -831.358
-1272.500 809.504
-1082.500 1053.500
-1357.500 669.508
1373.500 -639.499
-1299.510 -782.495
-1494.500 -309.493
1403.500 -612.501
1340.500 -744.501
976.505 1181.500
-1466.500 -492.503
-1012.500 1169.500
-1194.490 986.502
-1491.500 419.502
-1283.590 -874.888
-1283.570 -874.952
-1070.500 -1137.510
1321.500 838.501
1472.500 -566.497
1580.500 -103.498
-1188.500 1061.500
-1394.500 783.503
-1394.500 783.894
1567.500 382.497
1311.510 939.504
-1249.500 -1022.500
1152.500 -1200.500
-1144.500 -1209.510
1296.500 1059.500
1514.500 740.497
-1540.500 -690.505
-1190.500 1202.510
-1250.500 -1141.500
1254.500 -1146.500
1530.500 -765.502
-1458.500 921.506
1278.490 1177.510
1294.490 -1173.500
1548.500 813.497
1343.500 1140.500
-1565.500 -816.496
-1592.490 -778.494
-1413.500 -1075.500
-1363.500 -1163.490
-1546.490 912.502
-1405.500 1117.500
-1599.500 834.503
1419.500 1116.500
-1541.510 -961.500
1431.500 -1191.500
-1573.500 1011.500
-1618.500 -968.503
1490.490 -1164.500
-1550.500 -1106.500
