0.502 -0.502
64.499 -88.493
-54.498 -122.500
-92.498 100.496
123.500 -101.500
141.496 -82.497
-11.848 -164.245
-18.532 -166.113
-81.498 -152.495
-166.507 45.504
154.505 103.501
146.499 -119.504
198.502 -33.503
146.504 143.503
216.496 -16.500
-51.503 -228.497
9.503 -238.511
218.497 109.497
54.499 245.501
247.494 -72.500
239.497 125.492
-35.500 270.500
-133.501 -243.498
86.498 -264.495
45.497 -279.502
269.500 102.001
-159.501 248.499
41.500 300.504
-1.502 -306.502
-287.501 131.504
-126.503 -291.495
148.498 -288.500
-221.503 235.497
-265.497 186.497
27.500 -330.497
-192.504 -274.495
73.056 -329.690
73.865 -330.865
-76.502 -341.500
-274.502 230.499
3.501 -361.493
-35.500 -368.501
42.504 -370.500
375.500 -45.503
197.500 -325.495
370.504 92.501
24.507 381.505
-380.499 67.500
-50.503 -387.504
-345.499 -195.497
-323.102 -232.884
-323.816 -236.889
289.506 279.500
-66.495 -399.506
-398.502 -87.499
391.500 -124.494
402.501 -92.500
-342.381 -230.282
-342.368 -230.360
384.504 -174.496
284.501 -312.502
-239.503 -351.503
-341.495 -253.504
-74.500 -425.501
-19.503 -432.496
421.500 105.493
-76.394 -430.709
-232.508 -376.503
63.504 437.497
87.494 -440.504
-134.497 -429.504
-450.503 -94.495
-172.500 427.494
-415.498 -220.500
199.496 428.502
-311.501 -367.504
186.505 -459.497
-482.501 -110.502
492.497 85.502
-221.499 -458.501
477.749 -181.497
-323.496 399.503
322.502 -407.497
-111.014 -511.543
-125.423 510.112
-456.503 271.502
411.503 342.504
-221.501 -493.499
546.507 18.499
-437.504 -340.497
-509.498 221.491
255.501 -498.502
359.418 -430.492
538.500 163.500
157.504 -544.503
-389.495 -412.502
372.686 -429.312
315.505 -474.501
551.497 -146.498
233.503 -523.495
-256.499 -519.498
-447.894 367.630
-447.606 368.212
349.499 -466.495
-16.501 -603.502
-598.497 -95.499
410.491 454.495
-350.500 -508.493
-526.502 -328.499
398.508 -482.496
213.504 -591.496
-412.502 -474.505
-548.505 309.501
-445.496 -447.503
532.498 -345.501
-609.502 179.499
-244.505 588.507
14.501 -638.504
-625.502 128.497
-564.498 -302.500
-436.495 -470.501
-172.500 618.499
491.508 -415.496
296.495 574.503
-264.501 593.495
-610.509 230.499
597.497 -281.495
264.500 604.498
650.494 115.496
663.501 28.509
-178.497 -640.499
-451.500 -489.492
-634.497 -205.508
271.499 -612.498
655.498 -142.500
56.500 -671.501
-671.506 62.498
187.499 651.493
373.500 571.504
517.508 -450.495
215.505 -656.507
581.501 375.499
473.506 506.505
-509.503 -471.497
-375.489 -585.499
268.499 -642.495
688.504 114.494
-669.503 -200.507
460.503 528.506
-366.498 598.497
523.503 -470.501
-684.500 173.501
-392.505 587.501
423.500 -577.409
-627.499 -349.493
-480.497 -542.504
378.502 -624.499
729.495 28.499
-418.505 -600.497
436.721 -591.550
67.494 731.500
-610.502 417.497
-727.504 -152.496
-530.500 -522.497
197.502 719.502
12.502 747.506
203.494 -721.500
-482.499 579.498
-752.497 82.502
-507.506 566.499
-699.499 299.501
-346.495 680.497
-729.500 -235.499
-758.499 -163.497
-634.505 447.509
251.961 737.350
255.083 736.645
-109.498 -773.502
-206.500 -754.497
97.500 779.491
-67.500 -790.498
-712.500 -352.501
688.501 -400.505
-785.499 135.497
791.502 125.501
-784.504 -166.503
-793.497 -133.495
-485.504 -644.496
500.502 635.503
-745.498 325.505
-712.499 394.500
773.499 -267.502
442.499 -689.510
-799.504 -174.502
821.500 44.501
-145.498 809.498
199.500 800.508
668.503 485.495
579.503 590.495
695.498 -462.508
-600.495 -584.503
-171.501 -826.505
-843.497 -104.503
832.500 -178.508
-842.503 121.499
-268.508 -811.502
234.499 821.504
685.502 513.504
-812.500 -310.500
820.499 300.498
-582.507 -654.504
850.506 214.494
164.498 -868.504
855.503 -245.492
-628.501 -630.509
-493.497 742.493
-809.500 -385.505
903.499 -25.499
903.502 36.495
520.456 747.501
857.501 314.503
-569.497 -721.497
456.502 -802.501
-859.497 -334.504
912.496 147.499
-901.500 200.496
-827.497 -418.508
-861.502 346.501
568.504 -737.503
-757.499 548.500
-907.496 -249.499
523.506 782.494
-938.499 -120.506
284.498 -904.501
946.501 91.499
-926.498 -228.503
947.501 -123.109
947.501 -123.499
958.505 15.504
-505.504 814.502
784.501 568.501
145.959 -958.261
-960.496 149.502
-949.500 212.501
932.508 -285.494
-892.497 -395.499
-448.499 869.502
-950.500 -239.503
-980.502 42.503
-977.495 -110.499
784.500 -597.499
599.501 784.504
-793.502 -591.500
884.498 -451.496
929.498 -372.507
-994.504 -117.501
675.502 -742.496
-998.503 152.498
306.501 -967.504
973.493 295.500
524.499 -873.501
-966.502 -319.499
117.498 1011.500
1015.490 129.496
930.498 435.502
-1011.670 -185.877
797.503 -654.498
-1017.500 -174.496
1016.500 201.497
461.506 935.496
-124.495 -1043.510
983.503 -382.502
1051.500 -88.505
-899.500 -581.499
-738.497 -776.501
-310.501 -1028.500
153.506 -1066.500
-1070.500 138.499
-1021.490 350.491
-770.494 -760.498
-996.495 -428.501
659.510 -863.499
-1082.500 -84.496
1048.490 318.501
-749.494 -801.505
-518.502 -973.498
429.837 -1017.680
-1010.500 -451.500
434.030 -1019.780
-950.506 -568.505
900.496 -647.504
622.500 -919.504
773.498 -798.496
904.504 645.498
-1041.500 -395.499
-921.504 625.497
-540.500 974.502
937.503 604.497
-483.495 1004.500
1119.970 35.113
402.503 -1046.500
601.498 -947.499
-1103.510 -214.497
-1101.500 227.503
-106.497 -1121.500
525.495 -999.499
-374.499 1066.500
-121.498 -1126.500
-126.527 -1137.730
1147.500 29.506
1007.500 -553.498
-671.496 -933.507
1022.500 -530.503
940.500 -667.503
896.497 -732.496
1103.490 358.495
-1131.490 -259.500
1160.500 55.501
-1028.500 540.495
-391.500 -1095.490
-928.495 704.501
-1033.500 -540.495
-899.499 -746.504
-1165.500 115.488
495.501 1066.490
1111.500 -388.497
-1170.960 -117.745
-1180.490 -9.501
-1174.960 -122.241
702.498 -951.499
641.506 -997.499
-1163.490 -226.493
-615.501 -1017.500
-775.503 902.502
1165.500 296.496
-965.503 724.494
883.500 -827.494
-915.500 -794.499
1212.500 -35.497
933.500 -783.498
1218.490 11.498
-401.497 1150.500
1109.500 -509.495
1053.500 629.501
-1181.500 -338.500
1029.500 675.497
-1068.500 618.506
-1042.500 -670.497
-1230.500 151.497
-1064.510 -641.502
-1234.210 145.663
-702.505 1034.500
461.498 -1172.510
-768.502 -1003.500
-1254.510 156.501
1035.500 728.500
-1257.390 145.210
-673.499 -1073.510
729.500 1046.500
-467.503 1187.510
1220.500 407.499
1192.500 -488.496
-1145.500 -592.499
-1255.500 -298.495
1126.500 635.504
1185.490 552.504
-1019.500 820.502
-1295.510 186.497
-1032.500 804.492
797.495 -1045.500
-1166.500 -613.499
-1317.500 110.499
1020.510 842.498
-895.500 -979.502
1309.500 220.506
-1079.500 -772.499
1239.500 482.501
-1258.500 -437.500
-1241.500 -486.499
1318.660 211.787
-843.502 1035.510
-614.499 1186.500
1324.500 -192.499
1187.500 -620.505
774.494 1096.500
-1115.490 -777.498
851.494 1064.490
1294.500 -436.500
-1339.500 -322.497
-1333.960 -351.500
1339.500 -371.509
949.507 -1018.500
-1353.310 -343.759
-1353.850 -345.170
1266.500 -592.496
-1396.510 -59.503
1170.500 774.494
-720.505 -1205.500
-1037.500 -948.506
-770.504 1175.500
-1098.490 879.497
1080.500 -907.502
1076.660 -914.527
831.499 1142.490
1150.500 824.493
-1413.510 65.499
1060.500 -942.497
-1040.500 -972.507
-1395.500 -291.501
1284.500 -646.503
-1053.500 -989.496
1375.500 448.496
1108.500 -940.501
-1428.500 -271.501
-1078.500 -1008.500
1344.500 -613.505
-1052.500 -1049.510
-1485.490 72.503
1476.490 188.505
1473.500 -312.498
1493.500 229.509
-1515.500 -64.498
-1468.490 -403.499
1006.500 -1144.500
-1501.500 -281.493
1185.490 -969.497
-1418.500 584.498
-1503.510 -312.502
-1536.490 -73.505
-1333.490 -767.502
-1282.500 849.498
-1263.500 881.499
-977.501 1193.500
-1409.500 -629.496
1521.510 270.514
-1463.510 -495.499
-1138.510 -1047.490
1557.500 30.498
1183.500 -1024.490
-1564.500 -135.498
-1229.510 976.499
-1571.500 -13.496
-1306.500 -874.497
1533.500 367.500
1322.500 -866.502
-1521.500 -439.495
-1378.500 -794.491
-1529.490 437.497
-1418.500 -731.494
1457.500 -686.494
1386.500 -824.497
-1455.500 -696.494
-1550.500 447.504
-1619.500 -86.499
-1484.500 -655.500
1586.510 359.499
1491.500 -658.498
1365.500 -904.502
1577.500 -463.500
1439.500 800.505
-1548.500 -562.498
-1303.500 1007.500
1457.840 -771.500
1407.850 -869.228
1550.500 -581.506
1408.970 -871.466
1358.500 947.501
1468.640 -771.495
1583.500 522.499
-1404.500 -901.498
1172.490 -1190.500
1442.500 -849.499
-1266.490 -1096.500
1603.850 489.609
1614.680 491.993
-1449.500 -877.502
-1553.510 -682.493
-1592.500 -591.498
-1226.500 1183.500
-1425.490 -935.500
-1450.500 -930.502
-1497.500 857.497
1267.500 -1175.500
-1596.960 -681.365
-1578.500 723.505
-1457.500 948.497
-1611.530 -678.604
-1612.150 -681.455
1575.500 786.501
-1486.500 -949.501
1441.500 -1018.500
-1613.490 -735.505
-1405.500 1087.500
-1484.500 -979.505
1589.500 835.501
-1534.500 -934.500
-1455.500 -1073.500
1445.500 1099.500
1436.500 -1112.490
1375.500 -1191.500
-1411.490 -1212.510
-1517.500 1091.500
1488.500 1152.500
1554.500 1122.500
1613.510 -1199.500
-1618.510 -1204.500
