0.501 -0.495
7.502 85.502
8.497 122.496
95.499 153.494
43.496 203.500
175.502 -117.499
198.500 77.501
-28.494 -228.497
-246.503 -50.502
-224.498 152.495
78.502 260.501
240.506 -163.496
-280.650 -86.498
204.501 224.508
-64.500 323.508
-86.505 329.496
-226.495 -302.501
-327.499 225.498
-62.496 404.496
-264.498 320.498
392.500 -203.502
-446.498 137.502
-418.501 249.505
426.500 -255.507
-101.495 -502.507
419.502 -303.501
-339.505 391.501
-498.504 192.502
8.245 538.251
10.494 540.252
143.499 -522.501
324.494 -453.498
132.498 541.503
-84.502 -556.500
-456.506 -367.496
557.499 -184.494
551.500 203.496
-585.495 -55.498
503.496 324.504
522.499 315.501
-439.500 -423.499
482.506 -386.495
387.500 483.505
539.502 -314.504
11.506 -626.501
-373.490 -517.503
275.507 -579.505
-640.493 -8.506
-31.499 646.500
-648.501 109.500
-656.504 63.499
81.498 668.492
335.499 592.499
642.498 -232.496
-643.496 -229.506
-671.499 135.497
-223.507 653.497
486.496 495.500
-289.507 638.501
695.498 105.496
703.504 -55.502
283.496 647.509
543.503 -461.507
-152.503 -700.501
691.498 -242.494
530.506 508.500
507.500 -549.498
-165.504 737.512
-534.497 536.498
764.498 11.497
-530.498 -559.495
-284.494 718.505
76.502 -781.496
-785.506 49.502
525.504 -591.503
-502.500 -616.499
165.495 777.499
755.492 259.505
117.499 802.500
323.504 748.496
-659.500 479.498
820.496 -16.496
598.499 561.491
-61.489 -825.496
528.496 644.508
791.505 300.502
588.499 618.501
-631.499 -574.501
634.500 574.501
-456.500 -743.502
28.451 892.582
682.502 -590.501
363.500 825.504
31.505 901.509
804.502 -413.505
-94.504 -903.499
45.116 907.296
-642.503 663.505
711.504 -604.494
-232.496 914.502
-355.493 -875.500
589.503 -748.498
-526.494 795.496
54.501 -959.501
-736.504 615.504
-785.499 -564.497
552.503 802.504
765.498 612.502
23.500 980.507
351.505 -921.503
-161.503 984.500
-986.499 -157.504
-711.498 703.499
-665.504 -753.507
300.501 975.505
-695.502 751.505
-930.493 429.507
733.502 -724.495
-981.504 312.493
-655.495 -803.503
945.497 429.498
-506.501 918.503
-747.505 -737.503
-686.509 -813.500
758.503 755.500
654.503 -848.505
601.501 891.491
-461.495 976.496
752.503 -778.488
-531.503 -947.493
-1091.500 -53.501
-374.507 1026.500
743.503 818.498
979.499 540.498
-194.496 -1103.500
1068.500 -338.506
292.236 1084.390
292.245 1084.460
1107.500 -199.504
1105.490 239.496
-529.499 -999.499
881.505 716.501
850.508 -761.493
-1016.500 519.505
-1021.500 -525.498
551.502 1011.500
-1052.500 -470.500
-612.508 980.499
457.506 1085.500
-531.499 1056.500
580.850 1041.330
585.368 1039.540
-1191.500 62.504
919.499 762.502
1083.500 510.501
-41.503 1202.500
-143.500 1211.500
312.498 1180.500
908.507 821.509
242.498 -1204.500
436.499 1149.500
-1161.490 -407.501
780.499 -960.502
-740.495 996.500
1232.500 -175.502
-1217.500 305.503
1210.500 -352.501
680.503 1066.500
-872.502 919.499
-1264.490 -127.498
-1026.500 -758.508
1233.500 -348.497
-1281.500 -141.496
-1024.500 -783.501
957.504 871.489
1103.500 683.507
-1313.490 -43.508
-1090.500 -738.501
-908.502 956.498
-889.492 976.499
1036.500 -823.503
-953.496 916.496
-1289.500 307.508
-882.498 994.500
-1233.500 502.497
1088.500 775.499
1331.500 143.506
801.500 1076.500
1227.500 -553.502
1160.500 682.499
-639.505 1188.490
864.495 -1038.490
-886.489 1018.500
1288.500 -430.498
-1256.500 522.501
765.499 1126.510
-1058.490 863.502
-1153.500 752.496
1371.500 -143.502
692.503 1200.500
-1386.500 43.498
-1172.500 748.493
-866.502 -1090.490
790.501 1156.500
-1257.500 -623.495
-1394.500 166.497
-1395.510 -159.495
1395.510 207.497
956.509 1037.510
-969.504 -1028.500
1058.500 -940.496
1417.500 43.499
871.506 1128.500
1358.500 -451.500
1369.500 424.497
-808.489 1184.500
848.510 -1164.500
-1423.500 -250.502
-1438.500 180.502
1245.500 748.504
-1059.490 -1003.500
1427.500 411.494
1153.500 951.491
-1486.500 -169.498
-1461.500 -339.501
1235.500 -859.499
1388.500 581.490
-1484.490 -259.506
1258.500 831.501
-1507.500 38.501
1470.500 -377.497
-1240.500 873.507
1449.500 498.500
-1340.500 748.499
-1390.520 654.877
1540.500 52.497
1445.500 -537.496
-1370.490 711.503
-1394.500 664.508
-981.503 1197.500
1120.510 1074.500
-1422.500 -632.496
-1014.500 1189.490
1503.500 433.498
1477.490 578.499
1324.500 874.499
1540.500 383.508
1266.500 -959.503
-1170.490 1075.500
1312.510 916.497
-1262.500 1006.500
-1585.500 309.503
-1301.490 960.502
-1254.500 1041.500
1534.500 -560.493
-1288.500 1010.490
-1315.490 989.503
1483.500 -721.502
-1330.500 -1005.500
-1307.500 1063.500
1484.500 -812.495
-1366.500 1001.500
1413.500 937.503
1255.510 1163.500
-1236.500 1184.500
-1270.500 1153.500
1596.500 -678.499
1272.500 1185.510
1366.500 1083.500
-1471.500 951.503
1307.500 1168.500
1285.500 1202.500
-1497.500 925.496
1332.500 -1164.500
1520.500 927.498
1382.500 1141.500
1620.500 -859.500
1607.490 1009.510
-1526.500 1199.500
1552.490 -1193.500
1568.500 -1177.500
