0.501 -0.503
56.493 41.502
83.497 47.507
88.136 39.733
-115.503 85.504
-159.500 7.507
4.491 169.499
-164.505 -47.500
47.501 173.505
-77.501 -163.498
-224.500 7.501
58.507 -228.497
-192.508 143.497
-146.496 -199.494
237.498 73.501
199.505 -203.503
-278.503 99.499
291.504 -102.500
-1.504 324.502
246.500 -247.499
-31.506 -351.499
342.496 -90.497
311.501 179.492
-351.502 169.497
361.502 -150.499
374.496 152.501
262.497 308.487
-225.503 -343.502
-290.500 303.496
-83.498 415.502
426.499 27.505
-252.499 -364.497
338.503 -302.498
-383.495 242.505
-284.500 356.500
85.496 460.500
468.501 -46.495
-243.497 -407.497
-278.503 390.500
475.500 88.497
-426.504 230.502
-424.505 -240.501
497.038 -13.960
-179.499 -463.497
497.082 -13.863
-337.509 -373.505
-448.491 -235.500
-87.494 -512.500
-182.499 489.503
401.503 -337.504
-517.496 129.505
475.498 251.502
541.493 22.502
542.500 -10.504
-285.506 -463.503
-329.496 444.501
564.500 21.505
-409.507 -391.503
-299.501 488.504
267.502 508.494
241.500 -522.501
-22.504 577.507
579.917 -14.459
581.501 20.500
585.495 -3.500
514.505 -282.496
545.495 -267.505
614.057 62.841
614.296 63.344
-105.502 -610.503
555.500 277.503
224.502 584.501
625.199 61.416
-564.502 284.495
522.503 366.496
-45.506 636.501
-140.502 -623.492
-634.499 -85.494
470.506 -443.498
-57.500 -644.499
-474.321 -453.328
-485.154 -447.738
-75.499 -656.501
659.501 43.498
-599.498 -291.499
-624.506 232.504
500.501 441.499
451.500 -492.505
-236.500 624.498
595.498 304.492
424.498 518.500
-57.502 -669.495
-408.499 -533.499
655.499 152.498
-538.500 -405.500
-563.499 377.499
-398.508 -556.502
-166.501 663.501
-456.495 -510.500
217.507 656.501
356.498 593.502
-452.821 -526.311
-692.503 -79.501
386.501 589.502
-704.506 30.501
625.499 -341.496
-612.503 -363.501
-713.496 49.500
283.498 -658.499
717.500 47.501
713.498 -103.500
-677.505 -248.500
-468.501 -553.495
-678.597 -257.605
-732.497 -32.494
491.504 550.495
-733.499 87.504
542.501 502.511
186.511 717.501
532.500 -520.499
450.513 592.491
-330.497 -673.505
-379.502 648.508
-639.499 400.501
-703.503 -290.505
-732.499 -213.500
-742.489 195.502
632.503 -452.506
-479.498 612.506
-320.499 -713.497
-37.502 781.495
777.497 -123.499
775.500 138.506
790.495 -20.496
607.497 508.503
-577.495 -549.496
368.504 -708.507
70.507 -798.499
-776.499 -240.502
-313.495 756.500
38.507 820.494
822.495 8.497
229.497 789.492
331.498 -754.500
200.493 799.502
479.501 -672.507
-801.499 -195.490
-619.500 -547.495
-438.503 -708.501
822.503 161.503
142.504 -827.503
42.504 840.503
-601.498 593.507
498.499 -686.496
-147.497 -837.509
387.494 757.498
598.500 -606.494
-830.501 190.498
-764.499 386.499
831.504 211.503
677.500 -534.496
518.501 -692.501
28.501 866.503
818.499 288.495
-82.499 -865.498
860.501 -137.503
750.499 445.499
463.502 742.505
-106.503 869.503
-553.496 -680.492
-371.498 -798.498
-222.501 -854.501
-618.502 -647.504
564.502 -699.502
168.488 -887.498
-733.500 528.490
-907.495 171.503
869.496 -317.498
929.504 -21.496
480.497 -798.497
-257.497 894.501
782.502 -511.498
-454.501 -816.499
-668.502 -654.502
-935.506 -29.498
-639.500 697.500
-285.499 -904.495
-763.499 -566.504
152.504 945.503
842.495 -465.509
952.795 -172.259
966.497 -74.500
953.497 -207.501
435.497 -873.494
964.713 -164.967
-182.504 -961.498
-872.496 444.496
-131.499 -972.496
-51.502 -980.503
695.500 -693.500
747.496 -656.501
-740.491 -677.501
-906.187 -446.122
859.497 543.499
676.503 761.498
-1004.500 170.493
-917.121 -449.351
-762.502 -683.509
-724.498 -724.495
-8.498 1028.500
471.500 914.499
-1031.500 35.502
-890.066 -533.490
-891.313 -535.922
-1009.500 -250.496
-1029.490 172.500
972.500 -384.497
804.492 670.509
-669.502 -806.504
981.497 377.495
-42.501 -1062.500
1063.500 -9.503
170.094 1050.720
642.499 -855.496
166.503 1059.500
745.492 786.497
911.499 590.499
-222.502 1063.500
-346.507 1030.500
88.497 -1088.500
783.494 764.494
-941.494 -564.499
-911.506 -617.504
677.507 872.499
1039.840 -395.021
-646.510 -905.507
-134.497 -1105.500
1049.490 -378.503
-810.499 -769.497
65.496 1119.500
-611.496 -949.501
386.507 -1062.500
742.495 -862.500
388.498 1069.500
-671.501 919.504
-1057.500 440.506
-1110.500 285.504
382.505 -1087.500
1007.490 -572.493
-758.499 884.499
-978.495 639.503
1137.490 298.496
-175.503 1163.500
930.503 724.501
683.504 962.501
-325.504 -1136.500
1157.500 -254.493
1176.500 173.499
-1171.500 203.503
-1098.500 461.492
1186.500 -170.500
-1125.500 412.497
-681.502 993.498
-704.493 -983.500
347.498 1159.500
1128.500 440.496
-1209.490 -86.501
196.504 -1198.500
-1182.500 -286.508
1096.500 -536.501
843.505 -882.507
1074.490 584.504
-1019.500 -678.500
-671.495 -1026.500
635.500 1052.500
1026.510 678.497
-587.499 1081.500
1062.500 628.493
-1233.500 -73.497
319.500 1197.500
-1230.500 147.501
-1013.500 724.503
1173.500 -437.501
1156.500 -481.504
425.499 1178.500
-1152.500 511.497
1024.500 751.499
981.497 807.503
995.506 -794.496
771.506 -1013.510
-939.502 -860.503
1254.500 -233.501
-1017.500 -778.505
758.503 1036.500
1056.500 -744.503
-1307.500 -113.495
-622.501 1162.500
1334.500 48.497
-854.497 1029.500
572.500 1210.500
686.508 1150.500
-1341.490 -2.495
1332.500 175.493
1005.500 -895.501
-1169.500 -695.500
1099.500 802.497
1291.510 -433.502
-1038.500 883.504
-1365.510 -19.502
-1271.500 -510.496
800.505 1113.500
-1118.510 -801.497
-789.505 -1135.500
-684.497 -1205.510
780.502 1148.500
-1393.500 36.502
1017.500 -960.501
-1134.500 -819.500
-1209.500 720.501
1130.500 844.500
1253.490 659.503
1425.500 -39.506
-1396.500 -297.500
1211.500 -767.503
-1398.490 -323.496
-903.500 1126.500
-1075.500 967.498
1451.500 38.496
-883.490 -1153.490
1335.500 574.504
-1260.490 -750.498
1053.500 -1022.500
-1429.500 -367.493
-1167.500 920.499
-1265.500 788.499
1476.500 -252.494
1468.500 297.498
1500.500 -64.501
-1257.510 825.497
-1510.500 -0.505
1395.350 584.851
1397.450 588.302
1048.510 -1098.500
-1472.500 -389.493
-980.502 -1171.500
-1518.500 163.497
-1470.500 421.500
-1475.500 -441.502
-1433.500 601.500
1013.500 -1183.500
-1367.500 -764.499
1412.500 -712.496
1563.500 -243.112
1563.500 -243.502
-1133.500 -1123.500
1596.500 60.500
-1585.500 195.495
-1576.510 -263.502
1314.500 921.514
1579.500 297.493
-1609.510 0.502
-1550.490 -473.502
-1584.500 -424.498
1484.500 717.497
-1405.490 -864.500
1181.500 1167.500
1310.500 -1030.500
1343.500 1002.500
-1445.500 -887.498
-1449.500 887.501
-1398.500 -982.497
-1260.500 -1164.500
1486.510 -874.502
-1267.500 -1206.500
1425.500 1053.510
1580.500 -851.503
1438.500 -1089.500
1526.500 968.501
-1392.500 -1173.500
1422.500 -1162.500
-1530.490 -1021.500
-1457.500 -1130.490
-1547.500 -1024.500
-1586.500 979.503
-1518.500 -1093.500
1491.500 -1155.500
-1577.500 -1039.500
1487.500 -1184.500
1606.490 1062.510
-1581.500 -1147.500
