0.506 -0.496
-91.501 27.498
161.502 -3.502
-41.497 161.494
186.501 93.504
-220.495 -27.505
-213.495 93.494
-232.504 28.499
-97.600 213.084
-93.503 226.499
-7.502 248.493
-230.504 -95.501
-138.502 -217.503
246.501 -101.489
276.503 -87.502
-261.501 -133.502
-273.499 107.506
-286.502 -74.494
-164.500 248.494
-149.500 260.495
250.501 -216.508
223.494 251.503
253.496 -244.492
-334.495 -125.496
-331.502 143.502
-353.498 -112.497
128.500 362.503
6.502 384.496
262.500 -292.501
358.498 -169.500
123.493 -385.495
-420.499 42.504
-388.958 190.343
-391.499 196.500
427.502 127.497
-450.502 11.504
437.499 147.502
-470.498 -52.496
-373.502 298.505
-344.501 332.501
309.501 -368.500
-71.500 -493.500
-475.504 185.504
-482.495 -180.501
-303.501 -421.498
-536.503 152.501
-566.503 -18.502
-567.500 29.506
509.496 262.502
-326.499 -477.501
-540.500 211.496
-232.499 536.500
-99.501 -585.493
-444.504 412.506
-610.501 2.502
-522.007 323.580
-522.233 325.797
-42.495 -629.500
-12.505 633.505
-209.496 600.505
515.506 401.500
-602.508 253.501
-288.494 -589.496
-562.501 338.502
-526.499 393.502
310.498 -582.502
251.500 -613.501
671.500 31.497
-672.499 -3.501
-606.507 -294.500
-312.506 600.500
240.494 634.494
294.499 619.497
-264.496 636.506
641.504 263.496
-48.498 691.507
-686.495 -99.499
-684.499 -121.499
241.496 -657.498
-636.502 -291.501
-543.507 441.502
-83.499 696.495
-519.496 484.498
276.496 -660.495
669.499 -256.499
-225.500 -680.498
-695.501 -212.496
626.499 373.505
-675.499 274.494
730.499 -20.497
31.534 -737.065
734.493 75.501
27.448 -741.047
-201.497 -714.504
-737.503 -85.505
-731.501 143.496
552.500 -512.506
451.500 -605.500
-94.498 -754.499
-750.499 148.493
-422.504 -650.505
698.496 -344.498
-92.499 -782.501
-697.494 368.509
765.502 -222.502
-525.497 -606.499
90.496 797.496
-349.492 -728.496
-765.497 257.499
-720.505 -391.501
522.500 638.502
-699.508 -442.503
793.502 -247.499
837.573 37.621
837.802 38.203
836.509 181.500
582.502 638.509
-859.499 -97.505
-149.509 -862.504
-877.497 -99.500
-774.501 -430.502
-871.505 197.502
-548.507 -706.499
-84.501 -895.501
-686.494 579.500
-844.498 326.501
-430.504 -810.500
655.499 642.500
345.502 850.498
907.499 143.503
-31.494 -920.498
-925.496 -39.506
927.495 105.496
-406.501 -846.501
904.491 -272.498
143.497 934.495
-447.927 -834.600
-451.169 -833.297
101.498 946.500
-336.507 -891.502
-884.497 -365.498
-826.503 -483.503
-944.501 169.500
-279.495 -931.501
171.501 962.506
-967.502 140.508
958.500 -256.504
-738.503 -664.497
981.499 194.492
-632.504 -777.495
-992.504 149.498
-434.500 905.501
-548.500 -843.503
-935.503 -371.504
-1004.510 -83.500
-538.506 852.504
-836.503 -565.498
-682.502 -744.508
151.499 -1000.510
-421.497 -920.501
517.496 -871.497
-1005.510 -144.498
-464.498 -904.498
-1016.500 -6.495
-1010.860 -120.567
864.505 -559.497
-1024.500 -122.500
1013.500 214.492
-428.498 -944.492
-228.504 1011.500
-1029.490 -141.495
-955.503 -412.494
816.503 -654.498
646.506 825.498
-935.504 -475.491
985.507 -367.494
848.494 -622.496
1013.500 297.503
223.499 -1037.500
-191.506 -1045.500
-1060.500 111.505
-303.497 -1024.500
745.501 781.499
42.498 -1086.500
-366.503 -1024.500
1086.500 67.499
-522.496 -956.505
-142.501 -1081.500
-1090.510 9.500
-1044.450 318.090
-1045.460 319.461
929.496 -581.494
-910.493 619.500
-763.500 795.503
-657.511 -888.498
-840.506 725.503
1088.500 -234.510
1086.500 248.501
773.497 802.501
-144.501 -1106.500
-648.503 -908.498
-1000.500 494.499
1032.500 429.499
980.492 -541.497
524.500 991.501
-1039.500 -439.496
376.497 1066.500
-1128.500 111.493
-924.503 660.497
-1105.510 -267.505
405.499 1072.500
-256.497 1125.500
553.503 -1015.500
-1072.500 -470.501
-974.500 670.497
379.500 1121.500
-1185.500 46.495
89.493 -1193.500
-951.502 -728.496
-1092.510 493.500
1106.500 -476.497
111.500 -1202.500
-437.501 1127.500
860.502 -852.500
-1212.500 65.500
-842.501 876.506
-380.502 1156.500
1218.500 -102.499
-1149.490 422.502
-819.500 -919.503
-332.497 -1193.500
1071.500 -626.499
-1093.510 585.502
-1038.880 -679.567
-1242.500 46.500
-1008.510 728.502
659.498 -1057.490
-960.503 802.501
-1052.500 -681.502
-944.489 -839.495
-1255.500 -180.500
1119.500 602.498
-474.508 -1180.490
-1185.510 -460.503
682.506 -1078.500
-1148.500 561.498
-776.500 -1025.500
-509.496 1180.500
-764.496 -1045.510
-959.500 -874.501
-944.499 -894.499
-1097.500 -699.495
-1299.500 90.505
-654.502 1126.500
-900.500 942.504
-948.498 -913.495
-1085.500 -759.499
821.499 -1047.510
-918.501 972.502
-888.501 -1007.500
-815.497 -1075.500
-1285.500 425.499
-901.109 1015.310
-1166.500 699.503
-1270.500 495.502
-913.502 1029.500
1381.500 -103.503
-1365.500 244.502
-1390.500 -5.499
1389.500 146.497
1148.500 -828.494
-884.499 1105.510
-1394.500 -295.475
-1394.500 -298.501
1419.500 151.492
850.504 -1161.500
1114.500 -911.505
1424.500 220.495
1030.500 1015.500
-960.497 -1086.500
1016.500 -1037.500
-970.499 1082.510
-1462.500 -63.501
-1461.500 -114.503
1309.500 674.501
1460.500 -200.507
-1138.500 948.505
-874.503 1205.510
1312.500 -713.500
1415.500 -487.494
-1411.500 -497.506
-1241.510 844.502
1471.500 307.502
-1489.500 214.501
1250.500 -843.499
-940.491 -1179.500
-1168.500 960.500
-1515.500 -110.499
1025.500 1123.500
-1480.500 -371.496
-1129.500 1028.500
-1089.500 -1085.500
1365.500 -718.504
-1020.500 1163.500
-1345.500 -779.497
-1486.100 465.886
-1486.520 467.038
-1476.500 501.494
-1105.500 1103.500
-1511.510 403.500
-1504.090 440.437
1082.500 -1142.500
-1575.500 9.506
1176.500 -1058.500
1361.500 -811.497
-1580.500 119.502
1197.500 -1042.500
-1462.500 -621.497
1404.500 -746.499
1527.500 442.506
1528.500 460.499
1397.490 -784.511
-1546.500 424.503
1222.510 1042.500
-1616.510 -198.496
1478.500 701.499
-1526.500 -594.498
-1290.490 1033.490
-1567.500 -534.498
1330.500 -990.500
-1414.500 881.500
-1442.500 841.502
-1620.490 -425.494
1555.500 -626.506
-1271.500 -1146.500
1610.780 625.415
1609.500 635.503
1526.500 -827.493
1413.500 -1049.500
-1610.500 -742.508
1351.510 -1163.500
1572.510 -856.504
-1614.500 866.501
1449.500 1192.500
-1593.500 991.510
1548.500 1108.500
-1598.500 1035.500
-1552.390 -1127.030
-1554.300 -1132.510
