0.500 -0.501
53.500 -3.500
-12.503 -112.499
73.489 -111.501
-34.500 -155.504
114.496 -119.497
-155.502 58.501
94.496 -146.502
196.505 -125.501
-53.505 -243.507
-151.498 -200.502
-54.505 260.497
102.168 248.710
88.496 255.505
-20.506 -300.502
69.501 -321.505
277.506 180.501
322.507 -86.506
128.507 322.499
-167.498 338.497
-149.872 347.198
-155.516 345.009
-262.500 -279.502
-166.488 384.500
425.501 45.503
94.505 -419.501
-434.494 47.504
200.505 -398.501
50.502 -447.494
-446.501 -74.498
188.509 418.500
-142.502 -445.505
230.494 -409.501
-359.497 302.495
-261.499 -402.495
-482.496 52.505
341.502 -354.502
-448.497 226.495
61.504 506.497
155.505 503.494
-120.503 -521.503
-36.502 543.497
-564.497 74.498
-467.499 338.499
-514.501 -268.498
214.503 -579.504
-398.501 -473.499
216.674 -586.818
-324.502 536.495
593.493 -242.501
-115.504 631.502
407.501 502.504
459.502 465.505
592.500 -284.496
613.505 263.495
610.498 291.502
645.496 213.498
363.761 575.822
-689.501 -16.503
374.121 585.260
566.498 406.497
-553.498 425.496
191.501 -674.507
635.501 -318.502
427.507 -568.496
-85.500 -715.500
-713.690 -96.301
66.500 -718.495
-716.737 -96.061
-386.486 611.506
-717.466 -96.495
721.500 -72.502
703.494 -179.495
-627.501 -365.505
461.499 584.492
634.498 -397.508
596.506 454.504
-181.501 -728.489
-751.498 -127.500
-312.502 -697.501
18.493 768.499
744.506 211.499
-440.498 -641.500
-782.880 -5.363
-494.494 -610.493
-141.497 772.498
-796.493 -1.502
508.496 626.495
-638.502 494.498
-811.502 66.501
681.500 447.492
-242.506 779.500
-448.504 -685.505
750.500 -332.497
825.502 66.500
95.498 823.500
-748.501 364.499
596.497 584.502
817.496 -177.500
-72.496 -835.505
-588.501 614.506
371.508 766.494
-328.503 797.498
-678.497 -540.504
-216.498 -853.499
-860.503 -184.502
-850.495 256.494
49.498 -889.500
900.491 32.498
501.497 750.497
-857.496 -283.502
-870.505 -252.499
-336.501 843.495
-708.500 568.502
-150.500 897.501
814.500 -432.508
830.497 -414.499
-889.499 -302.499
-834.505 -437.502
778.500 -542.498
-701.500 638.497
39.504 949.500
692.502 -660.503
-944.493 152.500
-509.500 -821.506
895.501 368.498
-364.498 -903.499
-625.495 -757.495
-617.504 771.500
-968.491 -198.500
-896.501 -424.496
245.499 961.500
948.504 -295.511
353.501 -930.506
-303.495 947.500
470.504 885.497
-782.502 -629.496
-708.499 -720.501
-852.501 542.500
-818.499 609.505
999.505 -252.495
-570.500 858.492
-87.501 -1028.500
-351.508 973.504
-1045.500 3.504
-214.502 -1027.500
-1022.500 -242.505
-944.503 465.501
-199.492 1040.510
-836.503 657.504
-804.501 -697.506
-563.511 908.498
967.503 -476.500
917.496 566.503
501.501 954.493
-1076.500 -126.496
274.497 -1055.510
203.499 1074.490
-855.505 687.492
-1082.500 187.500
-1084.500 184.176
-644.501 898.508
1116.510 172.496
-1033.510 -456.504
-1142.510 -90.498
373.501 1084.500
-82.504 1147.500
-1130.500 -221.500
-876.501 753.508
1101.510 -359.501
-331.496 -1114.500
763.508 888.507
-1109.500 381.496
620.501 -1000.500
1177.500 -84.496
-715.501 941.499
-771.506 903.508
-357.500 1138.500
-470.497 1097.500
1104.500 -462.502
-982.507 -684.505
-206.502 1179.490
-1158.510 -312.506
-444.500 -1115.500
-598.496 1040.500
-800.502 907.507
-219.502 -1205.500
-864.502 -871.500
344.499 -1181.490
-1191.500 -311.503
410.491 1165.500
-1045.500 -670.501
-1184.500 -406.504
-642.503 -1076.500
848.497 -927.494
-1259.490 -25.496
-914.496 874.498
-853.505 -935.499
-1056.500 699.502
-1212.500 384.497
-859.505 938.501
-1196.490 441.500
-707.500 -1073.500
-928.497 -889.498
532.498 -1171.500
-1113.500 -665.499
1083.500 -715.501
911.500 927.503
-1227.500 463.502
-532.499 -1200.500
1170.510 595.507
-1076.500 751.497
-646.490 -1155.500
794.496 -1065.500
-971.506 913.501
-1287.500 -361.501
666.500 1162.490
1217.510 -566.503
-1331.500 222.498
-1198.500 -641.498
-1325.490 311.505
-950.494 -977.496
-906.501 -1025.510
-923.495 1011.500
-1342.500 -280.495
1095.500 843.496
1348.500 -313.507
-1192.500 -714.499
1265.490 582.500
-1166.490 760.499
-1253.510 609.501
-1383.500 191.498
-1225.500 -685.500
870.503 -1110.500
-1309.500 -536.497
-891.494 1102.500
1015.500 -992.502
-766.500 1195.510
1171.500 810.502
-1424.510 34.508
1382.500 -368.500
-994.495 1029.500
-1037.500 988.503
1165.500 835.501
-810.494 1183.510
-1409.500 285.495
-1422.510 234.496
-1424.500 -267.494
1440.500 186.496
-904.501 -1145.500
1432.500 300.500
-1435.500 -298.501
-1370.510 -555.496
1383.500 533.507
-1486.500 -49.499
-1166.500 -927.495
879.503 -1205.500
1460.500 -349.500
1495.500 -224.499
963.506 1168.500
-958.504 1176.500
1495.500 -316.499
-1049.500 -1114.500
1250.500 -887.498
-1131.500 1035.500
-1531.490 136.507
-1018.510 -1153.500
-1447.500 -534.497
1252.940 -909.495
-1375.500 -710.498
-1147.510 -1042.500
1130.500 1078.490
-1518.500 -375.499
1441.490 -614.489
-1466.500 -555.501
1088.490 1129.500
-1349.500 819.502
-1213.500 1010.500
-1444.500 656.499
-1323.490 931.504
-1531.500 -548.494
1209.510 -1090.500
-1461.500 720.496
1200.520 -1107.640
1199.920 -1108.920
-1185.500 -1141.500
-1533.500 672.494
-1612.500 454.499
-1341.500 -1024.500
-1483.490 -807.496
-1557.500 -746.501
-1327.500 1108.500
1476.500 910.497
-1332.510 -1131.500
-1433.500 1009.500
-1465.490 970.500
1560.500 839.504
1407.500 1094.510
-1479.500 994.500
-1415.500 1122.500
1598.500 856.503
1579.500 910.505
-1584.490 969.497
-1494.850 1111.500
-1494.500 1112.640
1604.500 1125.500
-1600.500 1138.510
1593.500 -1172.500
