0.493 -0.497
118.491 21.499
-123.504 47.497
-136.504 29.503
113.500 114.498
-20.512 166.500
-166.501 -76.505
24.497 208.499
213.508 -63.498
103.504 -206.499
-198.500 119.500
-141.504 272.498
-241.497 -192.504
-305.501 51.505
-307.496 126.498
319.494 169.495
-247.508 265.494
346.498 122.498
-349.497 157.509
393.501 -88.496
-350.506 199.502
175.503 371.509
242.499 -339.503
-94.513 -417.501
244.474 -357.245
408.502 142.498
-234.503 370.497
50.508 -455.500
436.496 173.508
-70.498 477.499
436.498 255.499
-497.498 -129.496
-140.506 510.496
210.506 -515.504
-137.499 -545.501
204.542 -528.835
203.262 -531.533
561.501 -99.501
-70.501 -575.507
-295.500 -510.494
-596.500 72.504
604.495 75.503
120.500 616.496
550.503 -327.501
-60.502 -655.501
202.502 -627.500
-222.500 656.497
-706.497 10.501
-630.506 344.499
-532.500 483.497
-710.034 -166.476
-712.499 -160.504
-318.498 658.503
-552.494 -480.500
505.497 -536.495
-739.504 19.493
394.491 629.503
700.499 285.503
-370.504 -675.495
-730.505 -255.500
-352.503 710.499
760.495 288.501
-83.496 813.505
-762.499 299.499
-356.501 739.496
387.505 736.495
13.506 -840.496
735.501 -407.497
811.497 224.496
193.501 -827.494
-850.502 -10.502
494.505 -694.493
765.502 412.500
-623.502 -608.497
-159.505 -860.500
-885.493 88.501
-896.499 -41.503
642.496 -628.506
-548.503 -712.502
711.498 558.495
-852.500 302.502
-871.503 272.501
-858.507 -313.499
899.500 -184.503
928.512 -80.495
-695.496 625.499
924.503 183.501
-292.497 902.500
-897.504 309.500
-232.498 -925.497
-406.508 862.502
28.490 -961.499
878.500 -440.498
854.492 495.504
-377.493 912.504
-864.499 -482.498
694.499 706.495
-986.504 104.496
-624.499 -786.496
-68.497 1017.490
-929.494 424.500
347.499 962.495
798.505 -643.507
-550.498 -871.496
-994.496 305.503
-1029.510 163.501
246.497 1015.500
1045.500 51.495
162.496 1034.500
-1015.500 257.506
881.503 -572.507
1055.500 4.503
-695.495 -796.501
515.502 -925.496
357.500 -1000.500
1027.500 282.500
-519.496 930.496
1041.510 -250.505
-517.495 -937.493
-1024.500 -327.502
433.506 -986.497
-989.496 426.501
802.504 726.501
-1080.500 -133.500
-1000.500 -445.490
271.264 -1068.310
-294.501 -1063.500
992.497 490.499
261.761 -1076.200
291.507 -1072.500
-1112.500 -56.497
1099.510 -203.494
-383.501 1052.500
953.500 599.496
-576.503 972.504
-893.502 700.497
1016.500 509.495
94.502 -1142.500
-165.499 -1136.500
1095.510 -357.502
-910.500 708.506
-1146.500 203.505
-797.504 -855.498
-870.503 782.510
-703.498 -940.496
-283.495 -1143.500
-396.497 -1112.500
-524.503 1060.500
-999.493 -636.501
-1131.510 -352.497
1159.490 -281.499
-617.494 -1020.510
-810.510 888.502
-476.494 1104.490
-238.500 -1180.500
370.496 -1146.490
1087.500 520.503
-637.494 -1032.490
1135.500 443.500
-530.497 -1099.500
-458.497 -1132.510
-625.994 1058.450
-617.496 1066.500
-423.500 -1170.500
-665.504 -1063.500
616.508 -1093.500
-1159.490 -483.496
-1256.500 -20.495
669.502 1070.490
1256.490 161.492
-716.501 -1047.500
587.504 -1129.500
606.504 -1121.500
-1176.500 488.497
-1270.500 111.501
1007.500 791.502
-1076.500 716.499
1225.500 430.498
-853.494 985.506
664.497 1124.500
-1140.500 -656.503
1216.500 -531.503
-1285.500 -336.499
-1045.490 -850.497
881.497 -1028.500
1354.500 148.501
1366.500 -174.504
1370.890 -188.669
-962.502 993.497
1363.500 -278.505
1372.500 239.497
1392.500 146.506
-1129.490 -829.505
1321.500 -487.499
1122.500 -865.497
-1413.510 -109.499
1198.500 759.497
878.502 -1116.500
1027.500 985.502
1283.500 640.501
-1324.490 -554.506
-1198.030 818.687
-1204.590 816.866
-1219.080 808.839
-1444.500 -293.496
-1264.490 -761.506
1460.510 -259.493
-1449.500 -341.504
-1224.500 862.496
1498.510 128.500
-1082.500 1042.500
-1515.500 -267.499
-1205.500 -983.496
1475.500 495.504
-1522.490 329.499
-1507.500 -492.501
-1584.500 106.502
-1522.500 471.501
-1395.510 -781.499
1166.500 -1103.500
1601.510 221.497
-1344.500 -908.498
-1457.500 771.497
1608.500 386.494
-1187.500 1152.500
1545.500 -596.504
-1585.500 476.501
1156.500 1210.500
-1564.500 682.503
-1490.500 -882.502
1332.500 1159.510
1529.500 903.504
-1441.500 1052.500
-1604.490 816.498
1595.500 -948.502
-1597.500 -985.499
-1533.510 1149.500
-1620.500 -1044.500
