0.501 -0.503
24.503 -64.498
-33.998 -88.999
-114.498 -30.502
39.496 112.058
-101.505 74.497
192.496 45.506
153.506 155.503
153.505 -166.501
-88.505 220.492
178.502 -173.505
225.498 105.494
169.497 -200.503
267.502 103.501
-121.497 -261.504
-300.501 -81.495
-135.498 285.506
86.504 307.501
-327.506 -30.500
-197.498 264.499
322.497 106.500
-313.497 165.504
-24.501 363.505
349.499 107.497
322.493 -175.502
256.501 263.496
27.506 -371.493
-142.499 360.498
-50.498 -392.496
285.504 -295.500
409.503 -57.499
230.495 -343.504
-423.505 54.495
-126.496 413.503
-433.500 27.506
390.503 227.496
225.505 -401.499
-159.500 445.496
475.500 46.496
-466.496 -105.496
-79.499 472.498
-251.504 -427.499
475.501 -171.491
-236.499 -450.497
271.503 430.502
-220.503 464.495
469.001 224.504
370.499 -372.499
-379.496 -368.496
139.500 518.495
28.503 -548.498
-492.503 -265.498
521.492 -205.495
188.495 -528.496
-480.503 -301.503
-8.498 590.497
-592.500 -21.495
477.498 -353.498
483.497 363.503
-301.506 -531.498
79.500 611.501
239.500 578.502
436.507 453.497
631.500 -52.504
-109.506 -628.495
154.499 621.500
60.505 -645.503
506.509 -409.502
-335.502 567.502
-295.501 602.500
-483.492 471.495
685.498 180.497
-706.504 -67.496
4.491 -723.501
-474.501 -548.488
-298.501 662.506
508.503 -526.503
-673.502 288.501
622.501 -402.501
-313.495 673.494
680.494 303.499
-640.500 396.498
17.154 -755.303
-665.503 361.498
9.763 -759.304
-370.499 662.495
-759.508 86.504
-548.500 542.506
-518.495 -582.504
-658.501 -424.503
164.506 -771.500
-202.500 -767.503
-570.501 567.495
87.532 -801.491
-758.498 -336.507
123.497 -824.495
304.508 782.497
-638.501 549.501
409.505 741.501
455.494 -719.506
804.500 278.506
-525.504 -687.502
-407.501 -773.508
-511.499 708.499
798.501 376.506
-693.497 545.505
866.504 -197.499
884.498 105.502
351.496 -819.503
875.503 169.498
182.504 881.499
726.501 535.509
-600.498 -682.501
913.503 39.503
-686.499 -606.495
-201.502 900.504
-616.502 -709.493
892.497 302.502
222.499 915.504
70.501 952.502
-437.498 -853.499
974.502 -20.499
441.499 -880.508
980.499 -126.494
180.500 -972.493
-61.504 -987.504
-708.506 -694.499
994.494 -50.502
766.498 -637.498
996.496 -192.501
890.496 -491.493
75.502 1016.500
645.501 791.500
-281.498 982.498
-1000.500 -263.498
-1036.070 -138.502
157.501 1033.500
-1037.490 -138.501
639.497 829.502
-1046.500 74.499
485.501 -932.495
-1048.580 67.495
1059.490 -61.503
1051.500 154.505
-277.508 -1029.510
-732.494 773.500
-340.508 1009.500
866.496 635.502
654.496 -857.502
-858.500 -657.495
274.503 -1049.500
-505.500 961.498
110.499 1081.500
-207.501 -1068.500
310.498 1047.500
479.494 985.498
914.498 -608.497
651.499 883.508
-530.501 962.501
1097.500 176.506
556.498 962.504
1089.500 -289.494
1130.490 49.500
-740.493 -856.506
-966.501 588.492
982.500 572.504
-1136.500 20.503
9.496 1145.500
65.506 1150.500
-1132.510 226.494
397.493 1086.500
-69.503 -1157.510
793.500 -848.513
-843.506 -804.504
-1170.500 -60.498
-1120.500 366.502
-1097.490 434.501
362.497 -1127.500
-1183.500 -112.504
74.498 -1187.500
-123.502 1182.500
1132.490 365.504
-973.503 -686.496
994.499 -657.504
442.500 1106.500
130.497 1184.500
304.500 -1153.500
1065.500 -542.500
303.914 -1156.430
258.500 1167.500
878.500 -819.495
-783.503 -913.500
-476.500 1116.500
187.501 1200.510
-699.498 993.503
-863.502 -861.503
1002.500 725.499
-1102.490 -571.494
-622.498 1074.500
-838.492 927.503
-822.501 -945.501
1236.500 213.497
947.498 826.509
842.997 -970.000
1147.500 580.496
-685.498 1100.500
1077.500 745.497
1200.500 531.500
-1278.500 -311.511
-859.497 -1001.510
1310.500 214.497
1058.500 -811.494
-975.501 912.500
-975.501 914.188
1295.500 350.502
957.505 -941.495
-1298.510 -343.496
-1246.500 501.501
-975.500 929.500
-1099.500 -781.497
1318.500 -303.502
1226.500 584.505
-1313.500 -365.501
984.498 964.510
-1160.500 743.495
-937.953 -1016.430
-944.423 -1017.470
-1347.500 -339.496
712.498 -1202.500
-1397.500 -70.501
1267.500 -599.504
1323.500 473.500
1106.500 -876.503
1408.500 -180.502
-1426.500 -21.507
885.501 1130.500
-959.497 1082.500
-1423.510 -274.496
-1310.500 -622.499
1293.500 659.507
1457.500 -143.495
1387.500 -534.503
-1285.500 747.502
966.494 -1133.500
-1391.510 531.492
-1004.500 1139.500
982.498 1169.500
-1378.500 657.503
1509.490 242.501
1493.500 339.496
-1536.500 -160.497
1445.500 550.508
-1267.500 918.503
-1367.500 -768.503
1563.510 -190.504
1154.500 -1076.490
1504.500 -510.497
1506.500 521.498
1562.500 -331.499
1584.510 -202.505
1593.500 166.508
1381.500 812.498
-1295.500 942.506
-1084.500 -1187.500
-1176.510 -1096.500
1523.500 531.504
-1585.500 -332.498
1606.500 218.498
1327.490 942.508
1569.500 443.495
1381.500 -878.504
-1432.500 798.499
1309.510 989.507
-1566.500 535.508
-1145.490 -1199.500
1491.490 737.506
1150.500 1205.500
-1509.500 -736.497
-1387.500 957.499
1489.510 843.502
-1276.490 1146.500
-1387.500 1060.500
1310.500 1170.510
1419.500 1037.500
1400.500 -1103.490
1456.500 -1130.500
1554.500 1016.490
-1522.500 -1156.500
1490.500 -1210.500
