0.501 -0.505
28.500 59.503
30.497 -123.493
-91.506 -104.502
-89.496 178.498
-209.499 76.500
39.503 -238.498
-56.498 245.503
267.500 -9.502
-5.501 -277.494
172.504 230.500
-90.957 -276.536
-98.197 -283.002
-246.496 178.489
122.500 -281.501
136.498 293.502
-355.504 -42.505
-56.500 -355.496
180.498 312.506
114.497 370.501
-5.499 -392.498
396.504 18.496
-405.495 74.500
126.498 -406.495
181.504 396.490
-432.503 -90.503
207.504 -413.501
97.494 -452.494
-304.500 -349.507
428.498 220.501
269.579 437.096
-274.507 -434.491
420.503 -305.502
-399.504 -345.508
278.494 451.498
49.502 546.502
-96.505 542.501
219.500 516.504
561.505 -60.505
536.500 182.502
-515.498 256.502
-420.504 400.500
-497.498 -306.502
143.499 -568.500
575.501 137.501
140.498 578.500
-594.500 35.504
-591.505 -81.501
-573.500 -217.503
147.498 -596.503
622.498 -69.497
-340.499 529.503
-337.508 -532.502
629.503 -92.497
411.495 -494.494
-634.502 167.504
179.497 -647.497
-583.508 333.507
-230.498 637.497
408.495 558.502
67.500 689.504
105.494 687.500
-632.506 289.493
-693.500 -71.499
-284.502 641.500
644.501 -284.498
275.506 -649.502
-187.503 -681.505
295.498 643.500
-366.841 -609.249
-380.499 -601.499
525.497 484.495
-426.502 578.505
-581.502 437.500
-285.499 687.492
-743.499 87.502
-577.494 481.493
-452.498 610.497
-73.496 767.501
-779.507 -50.501
-783.494 -7.506
-287.503 730.504
729.499 -298.501
-641.505 -463.506
-529.503 -594.498
-789.499 114.498
-625.889 -502.805
-630.506 -504.505
805.500 139.494
-644.079 -512.167
-36.498 -824.504
-782.503 262.499
-398.498 744.498
-595.508 599.503
-796.505 -306.498
155.495 846.501
-798.500 329.502
360.500 -799.503
878.494 -16.502
-855.500 -229.499
214.503 865.507
836.508 -345.500
-899.497 232.508
629.503 -689.501
-780.497 517.502
435.497 -834.500
-283.495 902.493
955.505 -79.501
963.496 -20.495
961.504 155.503
-426.497 -881.507
-142.494 -970.496
264.496 -948.496
984.505 -66.509
-349.506 929.499
668.497 739.505
-483.498 -878.496
874.497 495.502
-885.497 480.506
-853.501 -547.501
-1012.490 64.504
-492.505 889.497
-1024.500 16.498
-915.500 462.498
418.500 945.496
-649.505 -814.499
-1034.500 187.506
-276.504 -1016.500
-987.503 384.506
152.499 1051.500
902.508 -565.504
128.498 1063.500
-365.502 -1011.500
1065.500 187.500
-408.502 -1003.500
-1083.500 -64.499
-1070.500 -220.508
-968.499 -508.504
251.502 -1067.500
828.502 722.507
-1097.500 58.500
-387.505 -1043.500
1107.500 135.496
-381.505 1047.500
-588.493 950.495
365.504 -1061.500
795.501 793.503
-503.503 -1006.500
896.496 689.496
-1054.500 -415.496
-1037.500 461.505
922.501 -675.501
-959.497 -629.499
-13.097 1147.440
141.503 -1140.500
763.503 863.500
-17.497 1153.490
-999.350 579.349
1142.490 -188.497
793.496 843.496
437.498 1082.500
-510.497 1052.510
-1167.510 101.501
1106.500 397.503
1155.500 -237.499
-529.500 -1057.500
1183.500 17.499
707.502 -954.503
1137.510 343.494
-1139.510 -341.495
-327.491 1144.500
-1007.500 636.502
336.501 1144.500
141.502 -1189.500
-1190.500 -193.505
-1058.490 578.496
-10.500 1207.500
-868.497 848.498
-1231.500 68.496
-1207.500 -263.501
-1190.500 336.503
-781.496 960.507
-796.499 951.505
-613.504 1086.500
1231.510 260.498
-760.500 1006.500
-1070.510 670.497
-1262.500 73.494
551.496 -1141.500
-963.502 -829.502
-576.502 1138.490
-658.507 1095.490
-1237.500 328.495
-556.499 -1160.500
503.495 -1190.500
-663.505 -1113.500
-1133.500 629.503
-1208.490 477.496
-664.500 1120.500
-606.499 1153.490
-1049.500 778.502
-1016.500 -823.497
-1197.500 538.496
-1042.490 806.497
-657.511 1143.390
-1117.510 704.503
-1321.500 105.500
1323.500 -98.502
-1323.500 -218.494
-1336.500 -170.501
-1204.500 607.503
-1332.500 260.499
935.496 985.502
-1353.500 -139.500
-1259.500 525.503
-1280.500 -476.497
-1108.490 -799.499
-1366.500 -72.506
1242.490 -593.502
-1170.500 726.496
1006.500 942.494
-990.497 -970.510
-1389.510 47.488
-1379.490 177.500
-1292.620 527.571
-947.510 1028.500
-1151.500 797.497
-1371.490 -286.495
-1297.490 536.503
-1327.500 481.496
-908.499 1101.500
-1392.500 331.500
-1446.500 87.502
-797.501 -1211.500
1251.310 749.452
-879.505 1162.500
-1303.500 654.498
1363.500 524.501
-1452.490 198.499
-989.502 1090.500
1359.500 -572.498
1013.500 1079.510
-889.494 1193.500
1289.500 -751.500
893.504 -1198.490
1019.500 -1097.500
-1240.500 861.505
1286.510 801.503
-1506.500 161.497
-1192.500 953.494
-1488.510 -365.493
-1413.500 -594.509
-1309.490 802.501
1534.500 111.496
-1399.500 638.497
-1396.500 659.502
-1438.510 576.494
-1350.500 762.504
-1267.500 -906.500
-1209.500 986.494
-1289.500 882.500
-998.406 1202.280
-1002.970 1202.960
1127.500 1088.500
-1381.500 748.502
1031.500 -1197.500
-1576.500 -119.497
-1081.500 1159.490
1557.500 -307.492
-1589.500 -66.499
-1529.500 458.496
1562.500 336.498
-1601.500 211.503
-1399.510 -810.502
1594.500 280.505
-1262.500 1020.500
-1401.500 827.500
-1093.490 -1206.500
-1446.500 750.498
-1434.720 776.011
-1432.510 786.507
-1376.500 -894.499
1270.490 1045.490
-1307.460 -1001.260
-1280.820 1037.660
-1274.500 1047.510
-1312.210 -1001.090
-1312.500 -1001.500
-1478.490 734.492
-1392.510 -890.506
-1446.500 808.499
1580.500 -502.499
1382.500 -918.500
-1218.500 1147.500
-1519.500 703.496
1469.510 -823.502
-1566.500 634.500
-1542.500 -711.494
1329.500 -1067.500
-1491.500 827.496
-1394.500 990.509
-1358.500 -1040.500
-1528.500 773.498
1562.500 -707.501
1606.500 667.508
1402.500 -1066.500
-1609.510 885.505
1600.500 950.499
-1502.500 -1112.490
1480.490 -1146.500
1591.500 1059.500
1585.500 1105.500
-1528.510 -1198.500
