0.502 -0.494
111.504 -18.503
-118.502 -134.503
-49.494 185.501
-79.499 -183.504
150.498 148.494
-207.491 55.496
104.497 -224.501
84.503 263.501
253.500 -146.501
305.501 -132.496
-191.499 293.498
67.503 -349.498
327.502 -218.496
397.496 -93.499
-301.506 -294.490
-126.498 408.502
20.500 431.496
-163.503 -411.499
459.491 99.504
-148.502 -455.495
188.510 462.499
300.500 399.503
-189.501 473.500
243.501 -467.499
-60.501 523.501
371.493 376.501
-381.497 -375.495
149.504 523.493
113.501 544.500
-552.502 -67.504
-565.491 39.503
-27.491 574.501
-423.505 400.506
-532.981 -252.146
252.505 -537.502
144.501 580.502
-547.499 -244.496
170.499 578.499
-463.502 -396.496
626.497 53.501
281.504 -567.501
-279.493 -577.501
-562.502 -311.491
379.502 -521.496
-340.497 554.500
491.498 -434.498
-548.496 -422.498
555.502 -415.497
-557.499 423.498
661.504 -244.498
-727.506 16.516
380.500 -630.499
550.506 490.500
-750.499 6.495
-667.504 344.492
-15.504 -757.503
-701.512 -290.499
-502.499 579.500
-648.499 431.504
701.497 -346.502
372.497 693.496
-781.506 129.500
-22.489 -794.498
-489.164 -626.959
280.502 745.501
662.500 454.497
-798.496 -154.501
-693.506 -432.503
-89.500 -813.506
-724.493 393.499
-450.497 -695.505
78.500 826.500
829.505 81.498
543.508 645.504
-800.503 -288.497
-455.502 721.496
-850.493 119.500
-366.507 778.503
-340.501 792.506
39.503 868.496
814.504 323.499
-715.503 -505.498
-382.498 794.503
876.497 -127.500
760.499 -454.498
885.500 -24.505
243.499 854.498
230.505 -859.500
523.499 729.504
-899.500 -31.504
-787.502 -443.501
-689.509 588.502
-583.501 697.498
-174.506 -902.499
-921.508 13.497
898.499 226.495
139.493 915.505
639.504 -673.502
-407.499 -853.498
524.505 -797.502
-206.504 -934.499
-30.508 -967.489
-31.495 971.509
-709.502 667.497
-151.498 -963.494
-239.507 -945.502
24.501 976.501
330.500 -922.499
881.499 433.497
799.509 574.497
-645.505 755.501
-987.504 -214.503
766.500 659.502
-914.500 445.499
-898.494 495.496
371.497 961.495
-8.496 -1033.500
-407.490 953.501
490.501 915.495
614.496 840.507
360.495 -979.499
861.498 -596.493
-421.499 -960.494
885.492 -570.494
-65.503 -1053.500
-124.505 -1048.500
200.499 -1048.500
1069.500 71.504
-986.506 -418.501
-282.496 1034.500
44.497 -1073.500
213.506 -1066.500
-1056.500 -258.499
564.500 932.498
-365.492 1029.500
-1034.500 -353.511
50.499 -1096.500
876.491 -672.495
960.502 549.500
689.497 869.496
1109.500 -57.503
-1115.500 -36.496
-1055.500 367.502
-1096.500 -243.499
-48.503 -1127.500
1006.500 -531.497
123.502 -1142.500
-946.510 -653.501
280.501 -1117.500
-250.504 -1128.510
-301.508 1115.500
-681.497 -945.510
664.495 970.497
-950.501 713.496
1040.500 578.500
-736.495 -936.502
-154.498 -1185.500
471.500 1098.500
822.503 -869.498
-462.494 1104.500
1195.500 -129.503
-102.503 -1198.500
-400.498 -1135.500
-32.506 -1208.500
384.498 -1149.500
1206.500 194.502
1131.500 466.502
1189.510 -296.499
-1001.500 707.501
1110.500 -530.502
-726.506 994.495
-1020.510 -691.504
-668.500 1045.500
796.494 -968.499
-902.500 877.494
844.505 -939.498
740.493 1023.500
1106.500 -612.501
-826.505 -970.497
401.502 -1212.500
569.501 -1144.500
-684.499 1078.490
-1141.490 -589.501
-916.496 -913.503
-937.497 -893.494
1053.500 -755.497
1266.500 -292.497
647.498 -1127.500
-739.506 -1077.500
-728.610 -1088.850
-724.172 -1092.350
871.499 -980.499
743.499 -1088.500
-1040.500 -820.496
-789.504 -1067.500
-1193.500 -600.498
1043.500 -845.493
1338.500 165.502
-710.500 1149.500
-1011.500 900.498
661.499 1186.500
1358.500 84.501
-981.502 954.501
1214.500 636.496
-1211.510 641.504
-1232.490 610.494
-1210.490 -658.494
-1303.500 460.502
1373.510 -278.501
-994.499 -996.501
-1409.500 -56.505
1414.500 -45.502
-1076.500 -927.496
1379.500 350.502
-1408.500 -218.496
1349.510 -469.498
1406.500 -273.504
-1360.610 451.300
-1047.500 -1000.500
-1005.500 -1066.500
1354.510 -569.499
1155.500 918.492
854.502 1204.500
-1395.500 -531.496
1049.500 -1078.500
-1328.510 722.500
-1438.490 -488.493
-1434.500 -552.495
-1133.490 -1064.500
1546.500 -194.022
-1541.500 232.500
1447.500 588.502
1387.500 -736.492
-1342.500 -822.501
-1531.500 394.495
-1554.500 295.500
1588.500 -161.509
-1560.500 -415.501
1615.500 158.498
-1477.490 675.492
1466.500 718.500
-1481.500 -706.506
1236.500 -1081.500
1129.500 -1201.500
-1543.510 582.502
-1496.490 700.501
1524.500 -677.501
1500.500 -747.503
-1416.500 -900.503
-1433.490 -881.503
1328.500 1060.500
-1386.500 -1016.500
-1522.500 -811.506
1429.500 -973.499
-1576.490 -712.499
-1448.500 -983.501
-1596.500 766.502
1419.490 -1098.510
-1576.500 -1008.500
1614.500 1102.500
1578.510 -1158.510
-1618.500 -1100.500
