0.500 -0.489
-66.493 -34.504
71.503 -91.504
-84.506 -97.506
107.500 -139.507
184.499 -44.498
-59.496 -224.506
243.501 -90.507
-213.500 -148.495
-246.501 -97.494
-183.505 204.493
-250.498 152.496
82.501 -288.499
187.498 245.506
-310.500 -47.499
307.503 -70.495
-264.497 -174.491
340.497 74.500
-23.508 -358.499
-215.498 289.499
-106.496 346.497
-29.502 382.501
209.498 -342.505
-241.501 -349.499
105.509 -412.502
421.501 66.493
-177.499 387.493
-344.508 256.500
436.507 42.508
409.506 165.497
370.493 250.501
-384.498 -233.500
411.492 185.501
-355.756 278.348
-358.949 280.692
459.495 -41.497
217.504 408.506
-38.497 461.492
475.498 -64.499
172.502 485.508
222.501 465.491
-3.497 -535.501
-499.491 -235.507
-81.500 -549.494
-400.498 396.501
468.876 315.041
-318.502 473.504
-433.501 -385.497
-559.513 163.497
-562.360 154.918
-519.501 269.499
135.504 580.500
-462.499 392.499
532.498 -296.499
412.501 -464.502
109.501 610.502
558.498 281.504
611.505 136.504
-592.505 209.497
-439.499 453.496
211.502 595.496
611.502 -171.507
321.506 -552.497
399.499 -499.494
-642.497 44.503
638.498 -144.506
338.501 -562.501
-592.500 287.497
277.502 599.510
662.857 18.581
485.502 -453.500
-615.500 270.494
185.510 647.553
186.434 652.272
-410.494 -541.498
281.503 -624.505
-324.506 616.500
-480.507 -510.503
-331.496 634.501
676.979 -240.497
509.501 518.498
738.499 -72.500
44.495 -742.504
573.504 489.503
309.500 687.496
-582.510 488.499
763.492 23.500
218.497 -739.498
514.505 -585.498
-614.498 -486.501
-666.499 -421.497
751.497 -265.498
582.498 -545.504
333.504 727.504
771.496 -218.502
778.498 212.494
-611.500 -528.497
765.499 265.501
741.501 326.498
-34.508 809.492
-562.507 585.504
-447.502 -683.504
306.499 -765.492
824.500 -23.497
496.502 660.503
203.501 -802.499
-155.496 812.500
699.500 449.499
748.503 -377.501
829.494 -124.501
654.502 524.501
-720.229 -431.224
-720.004 -433.466
-642.498 547.504
337.498 -781.500
824.490 228.496
322.507 806.505
-537.500 686.503
-866.500 130.502
-793.503 -373.499
-857.500 -194.505
-876.501 -98.502
883.501 -117.497
-417.501 -789.498
710.499 549.497
153.503 -888.504
887.499 215.503
94.498 908.502
901.505 -190.510
127.505 913.967
767.499 -528.495
-935.505 39.497
15.492 -939.492
-239.506 -915.495
940.498 -127.500
238.503 921.500
-379.506 -876.506
-935.506 200.496
278.504 -929.500
-178.498 -956.491
350.500 907.503
-656.505 -719.500
433.496 874.497
971.495 128.496
891.499 424.503
78.504 984.500
904.498 -405.499
-214.501 -967.501
167.499 -979.500
-291.504 -954.492
956.500 -286.493
370.497 926.496
-853.504 522.499
-531.505 -850.500
898.499 -451.503
-292.027 -963.355
-730.499 -696.495
-166.499 -998.503
636.498 789.510
-372.501 -951.501
363.503 -962.493
964.505 357.491
1019.510 -165.503
-601.500 -841.959
-601.500 -842.058
980.506 -341.501
1009.500 -249.498
806.500 669.503
267.499 1016.500
-740.504 -747.501
548.504 904.491
-242.495 -1032.500
-721.505 776.497
-182.503 1047.500
-397.499 -987.502
967.495 -458.505
599.500 -894.499
-387.502 -1008.500
905.508 -596.504
969.502 -495.497
-950.501 537.501
849.497 687.505
-1030.500 -365.499
-234.502 1078.500
-1045.490 368.504
-1100.500 -138.503
811.500 774.499
832.501 755.497
990.504 544.498
-134.501 -1131.500
994.497 -563.495
495.502 -1032.500
-581.500 993.501
-1115.500 301.504
1149.500 134.494
-284.497 1123.500
833.053 813.855
833.110 814.315
1165.510 81.499
-317.509 -1127.490
-1178.510 75.499
-1180.500 -37.495
1085.500 -470.502
485.505 1078.510
-565.498 1039.490
-221.505 1163.510
140.500 -1179.500
1186.490 -72.498
-961.495 697.502
1188.500 49.507
-1020.500 -611.499
357.502 1139.500
326.505 1150.500
-754.499 -937.503
-875.498 843.504
1032.500 -652.498
-945.505 -772.497
-934.503 795.504
-1201.490 -256.504
1002.880 -714.778
572.502 -1096.490
827.499 926.496
-1113.510 550.499
1013.820 -720.416
1001.500 -737.504
755.502 -991.507
975.503 -776.492
1141.490 511.494
976.499 785.497
-1252.500 71.503
1083.510 635.501
749.489 -1009.500
1017.500 -741.507
-1127.500 -562.499
998.500 770.502
-1253.630 -138.885
-1253.690 -138.792
-1212.510 -357.502
804.499 979.498
1231.500 -321.498
-1265.500 147.499
556.496 -1148.510
1180.500 488.506
1064.500 718.495
1257.500 -268.502
1270.500 -198.500
1269.490 208.495
1089.500 703.506
1287.510 -229.505
721.494 1093.500
1185.470 563.856
1181.500 572.501
1309.500 138.506
1295.500 -255.496
1058.490 -795.504
1320.500 -96.504
-887.501 981.498
1319.500 -133.503
1107.490 732.497
1310.990 218.605
1262.500 -416.497
-1328.500 56.493
1036.500 835.503
-769.499 -1087.490
1305.410 -270.027
1256.500 -456.503
1316.220 240.188
815.505 1065.490
1170.500 -661.496
595.496 -1205.500
1263.560 -468.258
1338.500 223.497
1240.500 -561.501
-721.507 1156.510
1298.500 450.501
-1356.510 225.501
1268.510 538.502
1368.500 -192.499
985.502 971.502
-1256.500 582.501
830.500 -1111.500
-1371.500 -260.497
1343.510 391.501
1271.500 609.497
1334.500 -492.507
1120.500 -884.501
1428.500 -8.498
1351.500 -482.494
1356.500 468.497
1386.510 -395.500
1289.750 -646.357
883.501 1146.500
-1422.500 -266.493
1295.870 -650.596
-965.497 1082.500
1036.500 1016.500
1455.500 35.500
1409.500 -374.497
-1432.500 295.504
1403.500 -419.494
1459.500 133.497
-821.503 1212.500
-1230.510 796.500
-1149.510 909.504
1122.500 -951.496
1292.500 702.498
-1310.510 -671.108
1316.500 660.504
-1310.510 -671.499
1076.500 1013.500
-1001.500 1089.500
-1141.500 -944.498
1446.490 354.495
1357.500 613.500
1470.500 -270.502
1494.510 -70.502
1475.510 277.506
1392.500 -575.500
1411.500 535.500
1508.500 -160.499
1476.490 367.499
1254.500 -867.499
1137.500 1019.500
1313.500 780.500
1383.500 651.491
-1350.500 -723.508
-1066.500 -1107.500
1506.500 -317.507
1376.070 704.169
1414.500 -635.507
-1438.500 577.499
1381.210 710.251
-1480.500 -468.502
1542.500 199.498
1440.500 589.501
1426.500 631.506
1500.500 -430.501
-1524.500 -335.500
1081.500 -1132.510
1450.500 -601.495
1466.500 576.507
-1186.500 1046.500
1562.500 -260.505
1432.500 679.499
1484.510 560.497
1353.500 846.497
1133.030 1130.220
1595.500 142.493
1225.500 -1032.500
1132.800 1132.570
1531.490 488.498
1275.500 -979.494
1518.500 557.503
1078.500 1205.500
1585.500 -346.496
-1585.490 -349.508
1324.490 945.502
1605.500 -274.495
1580.500 396.503
-1405.500 822.492
1287.500 -999.501
1533.510 555.497
1520.500 622.501
-1549.500 -564.497
-1164.500 -1194.500
1511.500 -723.501
1603.500 -501.506
1550.500 -647.494
-1457.500 -837.501
-1536.500 694.500
-1448.500 -868.498
1516.500 749.500
1187.500 -1206.500
1313.500 -1076.500
1361.510 -1025.500
1549.500 -806.499
1500.510 -895.498
1520.500 -862.496
-1561.500 792.502
1527.500 871.501
1441.490 1018.500
-1353.500 -1137.500
1584.500 -800.954
1578.310 -819.947
1580.190 -820.376
-1327.500 -1194.490
-1484.490 -1011.490
1521.510 -966.497
1466.010 1070.040
1464.680 1078.220
1461.500 1088.510
1558.000 -967.992
1570.500 965.500
1530.500 1030.510
1515.500 1069.500
1606.510 946.501
-1587.500 -985.498
1477.500 -1150.500
-1589.500 -1044.500
1530.500 1134.500
1558.490 -1115.500
