100.336 38.151
101.006 38.152
100.904 39.148
91.897 -88.859
93.329 -90.726
91.814 -90.780
89.897 -90.859
91.759 -92.291
93.917 -101.870
94.011 -102.868
93.341 -102.868
144.907 -123.856
144.335 -124.853
145.009 -124.852
193.913 -162.860
193.340 -163.860
194.013 -163.861
321.332 77.140
322.002 77.138
321.887 78.139
183.913 -188.858
183.338 -189.857
184.016 -189.856
114.896 -210.857
114.334 -211.859
115.008 -211.858
215.342 270.130
216.010 270.129
215.905 271.135
330.333 184.147
331.008 184.148
330.904 185.149
152.332 339.134
153.004 339.135
-159.011 201.136
152.904 340.141
-159.676 201.139
-159.118 202.147
409.332 53.140
409.889 54.142
410.002 53.137
-221.108 -50.857
-220.993 -51.850
-221.672 -51.849
-35.109 -291.852
-34.995 -292.857
-35.666 -292.853
-7.098 -304.857
-6.992 -305.863
-7.665 -305.861
-19.102 -303.862
-18.989 -304.864
-19.669 -304.860
-254.990 144.144
-255.100 145.145
-255.667 144.143
131.902 -344.858
131.339 -345.857
132.016 -345.860
-168.091 -252.854
-167.998 -253.855
-168.666 -253.861
-302.106 -41.859
-301.984 -42.856
-302.666 -42.849
82.899 -378.861
84.331 -380.712
82.811 -380.772
80.900 -380.860
82.752 -382.288
-325.992 33.145
-326.092 34.145
-326.664 33.143
12.007 457.140
11.334 457.138
11.900 458.138
277.884 -361.864
277.331 -362.854
278.001 -362.852
144.897 -406.865
144.329 -407.865
145.006 -407.862
-115.237 435.712
-113.672 437.279
-115.183 437.224
-117.098 437.141
-115.102 439.144
369.333 406.148
370.005 406.144
369.900 407.144
-357.094 -14.867
-356.989 -15.858
-357.665 -15.863
-74.987 469.037
-75.695 469.010
-75.501 470.387
-291.993 296.140
-292.664 296.145
-292.107 297.141
-79.470 474.669
-80.665 475.143
-80.095 476.140
-198.081 -333.865
-197.988 -334.861
-198.659 -334.864
577.338 -28.860
577.907 -27.864
578.008 -28.858
-126.103 -388.859
-125.995 -389.861
-126.666 -389.859
354.900 -378.863
354.336 -379.857
355.011 -379.855
533.336 269.152
534.009 269.149
533.904 270.141
596.331 58.140
477.894 361.144
596.895 59.145
597.010 58.142
479.755 359.713
506.906 -249.853
506.329 -250.858
479.811 361.228
507.005 -250.860
481.328 361.285
479.893 363.144
-191.240 465.713
-189.671 467.286
-191.182 467.231
-193.102 467.149
-191.096 469.144
55.900 -489.857
203.336 558.126
204.012 558.129
56.004 -490.859
55.335 -490.855
203.908 559.143
310.904 -451.864
308.903 -453.864
310.821 -453.781
312.331 -453.725
310.764 -455.292
588.346 -213.864
588.910 -212.861
589.016 -213.864
-436.671 170.282
-438.240 168.713
-438.183 170.224
-438.099 172.141
587.330 306.140
-440.099 170.140
588.005 306.136
587.895 307.137
-214.988 501.141
-215.659 501.142
-215.090 502.144
-442.110 -125.866
-441.996 -126.867
-442.667 -126.862
-315.984 424.145
-316.659 424.145
-316.081 425.148
-107.093 -493.855
-106.996 -494.843
-107.664 -494.844
-426.118 -189.862
-426.002 -190.870
633.336 252.135
-426.673 -190.866
634.002 252.134
633.903 253.139
481.331 476.145
482.187 476.103
481.883 477.143
389.336 546.137
488.333 475.328
390.008 546.134
490.015 475.142
389.901 547.150
489.911 476.141
-189.101 -497.854
-188.991 -498.855
-189.664 -498.854
635.341 353.142
-391.995 417.136
636.010 353.148
-392.663 417.137
635.914 354.147
-392.101 418.137
-532.094 -28.865
-531.992 -29.860
342.905 -549.854
-532.662 -29.857
342.336 -550.855
343.004 -550.859
-466.090 -255.862
-465.992 -256.868
-466.672 -256.872
716.336 -142.855
716.905 -141.853
717.010 -142.854
348.330 633.139
349.005 633.137
348.890 634.141
134.892 -607.857
134.329 -608.855
134.998 -608.852
149.903 -618.862
149.334 -619.859
150.014 -619.862
737.330 232.134
738.007 232.137
737.903 233.141
675.911 -336.859
675.336 -337.866
676.015 -337.858
-236.102 -570.863
-235.997 -571.857
-236.666 -571.859
531.916 -525.857
531.340 -526.865
532.015 -526.865
74.752 751.710
72.898 753.144
74.814 753.231
76.334 753.290
74.904 755.140
514.334 624.136
515.012 624.137
514.906 625.135
-202.000 695.135
-202.677 695.135
-578.106 -214.857
-202.110 696.141
-577.992 -215.848
-578.662 -215.845
182.331 761.151
183.006 761.148
182.895 762.140
-187.102 -633.857
-186.992 -634.855
-187.667 -634.854
-634.999 68.140
-635.106 69.143
-635.668 68.139
-432.994 555.136
-433.668 555.141
-433.102 556.142
-274.995 681.147
-275.667 681.152
-275.113 682.144
826.333 212.139
827.012 212.139
826.905 213.134
837.341 -98.850
837.904 -97.850
838.009 -98.853
550.334 651.136
551.007 651.141
550.911 652.141
703.905 -429.867
703.330 -430.859
704.011 -430.858
-636.095 -191.862
-635.988 -192.858
-636.665 -192.859
-218.990 743.135
-219.666 743.134
-219.096 744.137
682.903 -499.862
682.332 -500.854
683.007 -500.857
-694.102 -47.866
-693.996 -48.862
-694.667 -48.863
-684.985 263.139
-685.087 264.137
-685.659 263.135
-63.996 852.141
-64.664 852.140
-64.101 853.142
-656.099 -317.862
-655.992 -318.861
-656.663 -318.864
-512.670 631.289
-514.247 629.715
-514.188 631.225
-514.100 633.140
-516.102 631.133
-502.104 -574.854
-501.995 -575.855
-502.669 -575.856
592.331 749.136
593.004 749.137
592.896 750.137
-747.986 212.137
-381.682 757.582
965.333 -7.868
-748.088 213.142
-748.659 212.140
965.907 -6.860
966.010 -7.863
-383.478 757.852
-384.011 760.093
-385.527 760.724
-385.093 762.138
921.335 -281.860
921.906 -280.858
-780.998 47.128
-781.107 48.132
922.008 -281.860
-781.670 47.130
-446.990 735.136
-447.659 735.131
-447.089 736.140
496.334 835.143
496.999 835.144
496.899 836.144
935.334 373.143
936.003 373.143
935.899 374.146
269.635 923.708
272.756 923.775
267.434 925.004
-734.096 -309.861
-733.996 -310.865
-734.659 -310.865
272.921 926.568
267.449 928.234
269.606 928.067
273.080 929.074
95.894 -869.857
270.570 930.185
96.003 -870.865
95.327 -870.862
630.338 786.141
631.015 786.141
630.914 787.137
760.906 -605.866
760.342 -606.870
761.011 -606.867
532.914 -780.856
530.902 -782.858
532.822 -782.773
534.337 -782.717
532.759 -784.286
915.898 -412.866
985.896 329.142
917.909 -410.862
987.746 327.713
917.814 -412.778
987.808 329.232
917.749 -414.284
987.899 331.144
919.329 -412.719
989.327 329.293
-359.089 -776.858
-358.986 -777.857
-359.664 -777.857
-441.089 -734.855
-440.988 -735.849
-441.662 -735.848
-839.100 -67.855
-838.989 -68.856
-839.662 -68.858
-592.987 687.145
-237.093 -849.861
-593.666 687.147
-593.093 688.142
-236.985 -850.859
-237.663 -850.861
-276.100 -838.863
-275.991 -839.868
-276.670 -839.861
-302.988 906.141
-303.667 906.138
-303.093 907.140
276.335 984.135
277.011 984.134
276.908 985.138
-783.096 -361.866
-782.992 -362.864
-783.669 -362.866
-415.108 -787.859
543.913 -828.859
-414.998 -788.861
543.337 -829.867
-415.665 -788.860
544.009 -829.863
-8.094 -936.857
-7.986 -937.856
-8.663 -937.855
501.756 938.709
499.899 940.138
501.816 940.225
503.321 940.283
501.904 942.142
1014.340 417.142
1015.000 417.142
1014.890 418.137
1058.340 -216.862
1058.890 -215.865
1087.900 -52.853
1059.000 -216.865
1089.890 -50.853
1089.810 -52.771
1089.750 -54.289
1091.330 -52.715
-735.090 -510.863
-734.987 -511.863
-735.664 -511.865
719.334 836.138
720.006 836.135
719.906 837.142
-636.990 748.142
-637.670 748.143
-637.105 749.140
867.905 -646.851
867.335 -647.858
868.003 -647.859
-335.098 -894.863
-333.670 -896.724
-335.182 -896.780
-337.101 -896.862
-335.239 -898.286
-286.107 -920.863
-285.997 -921.868
-286.677 -921.867
-735.990 655.135
-736.667 655.129
-736.094 656.144
7.002 1075.140
6.333 1075.140
895.907 -633.862
-282.320 -930.541
897.907 -631.862
6.892 1076.140
-281.997 -931.854
897.816 -633.769
-282.677 -931.858
897.754 -635.287
899.332 -633.707
-633.994 790.140
-634.662 790.141
-634.097 791.138
-666.111 -684.865
-708.666 713.278
-710.237 711.708
-665.989 -685.867
-666.669 -685.868
-710.181 713.220
-901.998 368.143
-902.101 369.141
-902.668 368.139
-710.098 715.138
-712.097 713.135
1011.910 -502.851
1011.350 -503.846
1012.010 -503.853
1153.340 -117.867
1153.890 -116.866
1154.010 -117.865
-716.990 727.144
1164.330 143.138
-717.666 727.145
-717.100 728.141
1164.900 144.141
1165.010 143.142
-653.989 803.151
-654.659 803.153
-654.095 804.145
722.903 -838.860
722.338 -839.870
723.013 -839.866
-749.091 -631.863
-748.990 -632.864
-749.659 -632.865
-740.108 -649.866
-739.996 -650.870
-740.670 -650.872
-815.095 -549.864
-814.985 -550.854
-815.666 -550.854
-392.093 -938.855
-391.991 -939.855
-392.667 -939.861
1197.320 36.137
1197.890 37.136
1198.010 36.132
-784.996 688.143
302.342 1118.140
303.009 1118.140
-785.665 688.146
-785.110 689.148
302.912 1119.150
240.911 -1053.860
240.332 -1054.850
241.015 -1054.850
-367.001 1037.140
-367.666 1037.140
-367.108 1038.140
-842.106 -537.866
-841.994 -538.865
-811.993 662.133
-842.673 -538.866
-812.670 662.133
-812.107 663.134
299.910 -1050.870
299.342 -1051.870
300.010 -1051.870
280.344 1139.130
281.012 1139.130
280.906 1140.140
363.897 -1058.860
363.339 -1059.860
364.007 -1059.860
825.900 -829.868
825.336 -830.873
826.006 -830.868
-908.676 -475.723
-910.102 -473.858
-910.186 -475.772
-910.243 -477.287
-912.100 -475.844
806.326 943.151
-65.112 -1097.860
807.004 943.142
-794.991 758.145
806.890 944.144
-795.662 758.146
-795.095 759.144
-63.676 -1099.720
-65.187 -1099.770
-67.092 -1099.850
-845.992 692.136
-846.667 692.139
-846.100 693.142
-65.238 -1101.290
-936.671 -464.723
-938.111 -462.858
-938.190 -464.776
-938.244 -466.287
-940.100 -464.853
1013.340 751.140
1014.010 751.143
1013.900 752.140
842.908 -852.864
842.341 -853.873
-1059.990 58.133
-1060.100 59.138
843.014 -853.870
-1060.660 58.134
-133.990 1177.150
-134.660 1177.150
841.457 -858.976
-134.099 1178.140
-1059.990 143.128
840.339 -861.859
-1060.090 144.132
841.012 -861.854
-1060.660 143.126
889.901 -825.863
887.895 -827.858
889.821 -827.774
891.332 -827.717
889.766 -829.286
-720.716 -799.860
-720.053 -800.953
-373.109 -1035.870
-372.989 -1036.860
-373.669 -1036.860
-722.420 -801.376
-724.704 -801.240
-90.963 -1123.850
-90.522 -1125.340
-91.576 -1125.210
-1081.000 58.126
-1081.100 59.132
-1081.670 58.124
-1062.990 277.139
-1063.100 278.144
-1063.660 277.142
332.902 -1130.860
1240.340 388.143
332.347 -1131.860
333.011 -1131.860
1241.010 388.142
1240.900 389.139
728.900 -978.865
728.335 -979.866
729.012 -979.868
-980.997 554.130
-11.104 -1154.860
-981.109 555.134
-981.670 554.128
-9.674 -1156.710
-11.180 -1156.770
-13.100 -1156.860
-11.231 -1158.290
-1097.980 -69.871
-1098.090 -68.861
-1098.660 -69.871
-1105.000 -31.859
-1105.110 -30.859
-1105.670 -31.857
496.900 -1103.870
494.894 -1105.860
496.817 -1105.780
498.328 -1105.720
-776.997 873.142
-777.660 873.143
-777.100 874.142
496.761 -1107.290
1192.340 566.146
1193.020 566.144
1192.910 567.147
-373.091 -1085.860
-372.984 -1086.860
-373.664 -1086.860
-1082.990 341.139
-1083.090 342.137
-1083.660 341.135
1316.330 -88.864
1316.900 -87.866
1317.010 -88.861
740.328 1081.140
741.003 1081.130
740.888 1082.140
-1082.000 442.135
-1082.100 443.144
-1082.670 442.138
-320.108 -1148.860
-318.671 -1150.720
-320.189 -1150.770
-322.103 -1150.860
-320.244 -1152.290
-1119.680 -287.711
-1121.100 -285.860
-1121.180 -287.772
-1121.240 -289.285
-825.109 -823.854
-823.675 -825.716
694.907 -1078.860
694.335 -1079.850
-825.182 -825.767
-1123.100 -287.862
1244.340 581.136
695.006 -1079.860
1245.010 581.138
-825.232 -827.282
1244.900 582.144
-827.101 -825.844
1346.330 276.136
-183.089 -1198.870
1347.010 276.139
1346.910 277.142
1316.900 400.144
665.909 -1098.850
-182.986 -1199.870
-183.661 -1199.870
665.342 -1099.850
1318.760 398.708
666.008 -1099.860
-1160.670 -119.710
1318.810 400.220
1318.890 402.143
-1162.090 -117.858
-1162.190 -119.773
1320.330 400.272
-1162.250 -121.291
-1164.100 -119.867
879.891 -976.859
-1160.990 255.132
-1161.100 256.141
879.326 -977.859
-1161.670 255.134
880.003 -977.867
-648.096 -1007.860
-647.996 -1008.870
1158.900 -693.862
1158.340 -694.863
-648.669 -1008.870
1159.000 -694.866
-944.990 792.137
-945.669 792.135
-945.096 793.137
1096.340 865.144
1097.010 865.146
1096.910 866.145
-956.107 -724.858
-955.995 -725.850
-956.669 -725.846
-1200.000 254.147
-1200.110 255.140
-1200.670 254.150
-1129.120 -445.869
-1129.000 -446.869
1189.340 787.145
-1129.670 -446.870
1190.010 787.144
1189.900 788.144
797.901 -1087.850
797.333 -1088.850
798.014 -1088.850
1215.900 -681.856
1215.330 -682.857
1216.010 -682.854
-1143.670 516.280
-1145.250 514.704
-1145.190 516.219
-1145.100 518.135
1429.330 -95.857
-1147.100 516.131
1429.910 -94.855
1430.010 -95.855
1213.900 -711.866
1213.330 -712.859
-724.094 -1021.860
1214.010 -712.862
-723.982 -1022.860
-724.669 -1022.860
1444.330 79.127
1444.900 80.137
-1139.110 -484.871
1445.010 79.134
-1139.000 -485.868
-1139.660 -485.870
-1068.090 -647.860
-1067.990 -648.862
-1068.870 -648.898
952.331 1099.140
953.008 1099.140
952.901 1100.140
727.893 -1171.860
-1077.090 -648.856
-1076.980 -649.857
725.901 -1173.850
-1077.660 -649.857
1116.330 949.134
727.817 -1173.780
1117.000 949.137
729.333 -1173.730
-1263.990 -15.866
-1264.100 -14.860
1116.890 950.142
727.765 -1175.290
-1264.670 -15.864
1409.340 458.131
1410.000 458.132
1409.910 459.136
-1224.000 416.129
-1224.100 417.138
-1224.670 416.127
1330.900 -584.874
1332.910 -582.862
1332.820 -584.779
1332.760 -586.293
1334.330 -584.714
1448.900 357.135
1450.760 355.706
1162.340 931.145
1450.820 357.222
1163.010 931.149
1450.900 359.137
1162.900 932.145
1452.330 357.280
980.329 1123.140
981.005 1123.140
980.893 1124.140
949.336 1160.140
950.010 1160.140
-1231.220 -419.856
949.913 1161.140
-1231.580 -421.340
-1233.110 -421.693
-1307.670 -89.713
-1309.100 -87.854
-1309.180 -89.768
-1309.240 -91.291
-1311.100 -89.851
-782.099 -1103.860
-781.997 -1104.870
-782.666 -1104.870
-1197.090 -610.856
-1196.980 -611.850
-1197.660 -611.849
-866.088 -1063.860
-865.990 -1064.860
-866.655 -1064.870
-1324.990 403.146
-1325.100 404.141
-1325.670 403.146
-1169.100 -712.863
-1168.990 -713.869
-1169.660 -713.870
-975.093 -977.863
-974.981 -978.855
-975.662 -978.852
-1143.000 847.147
-1143.670 847.145
-1143.110 848.143
-1227.990 706.143
-1228.090 707.136
-1228.660 706.141
-985.670 1065.290
-987.248 1063.710
-1033.100 -936.856
-1032.990 -937.851
-987.189 1065.230
-1033.670 -937.854
-987.102 1067.140
-989.098 1065.130
-1320.090 -440.865
-1319.990 -441.864
-1320.660 -441.866
-1077.090 -895.858
-1075.680 -897.712
-1077.180 -897.774
-1077.250 -899.291
-1079.100 -897.866
-1314.100 -495.861
-1314.000 -496.870
-821.104 -1160.850
-1314.660 -496.873
-820.995 -1161.850
-821.666 -1161.850
-1380.100 -335.861
-1380.000 -336.855
-1380.670 -336.853
1270.890 -959.861
1270.330 -960.859
1271.010 -960.863
1551.330 -500.851
1551.900 -499.859
-1256.120 -707.859
-1256.000 -708.856
1552.010 -500.851
-1256.670 -708.854
-1113.100 -939.861
-1112.990 -940.860
-1113.670 -940.862
-915.123 1223.570
-915.001 1224.250
-914.247 1225.850
-916.175 1224.770
-1318.100 -617.861
-1317.990 -618.864
-915.486 1226.340
-1318.660 -618.866
1609.330 -374.863
1609.910 -373.859
1610.010 -374.859
1593.330 522.131
1234.900 1123.140
1594.010 522.132
1236.760 1121.710
1593.910 523.134
1236.820 1123.230
1238.330 1123.290
1236.900 1125.140
1295.900 -1000.860
1295.330 -1001.850
1296.010 -1001.860
1444.360 -811.005
1446.560 -808.814
1628.330 -407.855
1628.910 -406.854
1446.450 -812.309
1629.010 -407.856
1270.890 -1041.860
1270.330 -1042.860
1448.860 -809.891
1271.010 -1042.860
1446.530 -814.392
1448.920 -812.263
-1484.100 -208.850
-1483.990 -209.852
-1484.660 -209.851
-1367.140 -654.895
-1367.070 -657.254
-1369.430 -653.818
-1369.540 -657.302
-1369.480 -659.392
-1371.640 -656.004
-1183.090 -966.859
-1519.670 219.283
-1182.990 -967.858
-1183.660 -967.856
-1521.240 217.711
-1521.180 219.224
-1521.090 221.139
-1492.990 398.150
-1523.100 219.137
-1493.110 399.146
-1493.670 398.154
1474.340 924.149
1475.010 924.145
1474.900 925.150
-1156.980 1107.140
-1157.660 1107.140
-1157.090 1108.140
-1429.100 -598.860
-1428.980 -599.868
-1429.670 -599.869
-1068.100 -1162.860
-1067.990 -1163.860
-1068.670 -1163.860
-1456.000 681.141
-1456.100 682.138
-1456.670 681.139
1552.340 905.143
1553.020 905.140
1552.900 906.138
-1433.100 -681.852
-1433.000 -682.858
-1433.660 -682.862
-1552.670 -402.719
-1554.090 -400.861
-1554.180 -402.775
-1554.240 -404.288
-1556.100 -402.859
-1575.100 -354.859
-1574.990 -355.856
-1575.670 -355.855
-1316.670 -940.718
-1318.100 -938.857
-1318.190 -940.778
-1318.240 -942.291
-1320.090 -940.867
-1482.000 739.142
-1482.100 740.140
-1482.660 739.140
-1540.120 -542.864
-1540.000 -543.862
-1540.670 -543.859
-1179.100 -1147.870
-1178.980 -1148.860
-1179.670 -1148.860
-1607.000 417.147
-1607.110 418.146
-1607.670 417.146
1442.910 -1116.860
1442.330 -1117.860
1443.000 -1117.860
-1618.990 472.135
-1619.100 473.140
-1619.660 472.135
-1596.110 -505.855
-1596.000 -506.858
-1596.670 -506.860
-1536.110 -694.864
-1536.000 -695.862
-1571.680 -610.713
-1536.670 -695.862
-1573.110 -608.859
-1573.190 -610.769
-1573.250 -612.291
-1575.100 -610.852
-1542.990 838.156
-1543.100 839.151
-1543.670 838.158
-1385.000 1106.130
-1385.670 1106.130
-1385.110 1107.130
-1497.110 -1059.860
-1497.000 -1060.850
-1497.660 -1060.850
-1483.000 1163.140
-1483.670 1163.140
-1483.110 1164.140
-1545.100 -1019.860
-1544.990 -1020.850
-1545.670 -1020.850
-1588.100 -1003.860
-1588.000 -1004.860
-1588.660 -1004.860
-1580.100 -1208.870
-1579.990 -1209.860
-1580.660 -1209.860
