0.505 -0.499
15.500 -26.500
31.496 95.506
-158.504 -19.500
-166.503 36.507
140.496 -126.506
-188.376 21.983
125.496 168.495
-182.500 127.505
219.492 -44.496
192.502 150.496
-21.499 -249.503
-289.505 -11.504
-34.502 -294.497
-8.500 -296.499
91.495 310.500
-306.508 120.498
280.502 178.489
-146.496 303.498
342.498 -48.491
-189.499 291.503
-392.500 58.506
84.504 -394.500
-240.499 -335.493
-396.497 149.501
409.495 -170.499
-272.495 -354.497
-416.500 174.504
-308.500 -333.500
399.506 264.504
-472.500 118.501
-102.495 -478.505
473.502 142.503
360.498 342.503
57.499 494.496
519.504 29.501
225.496 489.502
-440.498 327.500
150.506 530.496
-553.495 41.499
504.503 -254.505
-573.499 39.499
-353.499 -466.498
-589.503 29.505
168.504 -570.493
566.501 -199.499
-596.494 -93.505
-414.499 453.504
610.498 -88.503
239.506 568.501
-601.495 -197.495
586.498 279.508
-413.499 515.507
534.503 -394.494
-481.498 479.504
280.499 -621.506
252.502 -634.504
-21.372 688.182
-247.500 -657.501
-12.500 702.497
-702.506 -37.500
-423.496 571.499
-198.497 -684.496
653.501 -295.504
529.498 -487.506
22.502 -719.496
676.506 262.497
187.499 704.498
80.508 -733.505
-516.497 -533.500
-549.499 -518.502
149.500 -746.503
-761.495 41.499
250.503 721.502
-765.503 -46.499
-268.501 726.511
-495.499 -597.507
-777.499 87.504
414.500 676.491
441.504 666.496
99.498 793.504
211.500 771.502
758.502 -268.504
672.490 451.504
-816.496 14.495
834.496 41.498
388.497 748.504
693.502 -506.509
-830.497 -238.495
857.496 127.501
481.502 722.498
-848.501 204.498
698.498 544.506
-747.503 478.500
-342.503 828.491
881.501 230.496
-703.501 -582.498
-748.503 -533.502
-834.501 398.497
285.917 880.709
503.986 778.700
286.502 888.498
517.357 782.446
298.494 907.503
952.504 -109.505
-27.501 -960.500
902.497 331.495
-970.500 6.499
84.498 970.503
814.497 540.498
-886.501 410.498
-807.498 -556.504
941.504 278.500
-746.496 -640.501
-546.500 817.501
887.502 -430.504
-950.508 -261.508
-849.497 527.497
999.500 -61.505
-428.499 -911.500
-500.498 876.500
990.491 230.505
75.507 -1015.490
-547.497 -858.497
192.494 1000.490
656.499 781.494
-1008.490 218.492
-526.985 901.023
-64.489 1046.510
1042.510 -135.500
-891.503 560.496
572.501 -890.503
1003.500 -340.504
-1056.500 109.502
75.503 1061.500
1005.490 390.496
-845.505 669.500
1013.500 -409.504
965.499 -520.496
-1090.500 139.500
-944.505 569.495
-979.506 513.499
-3.510 1107.500
-62.494 -1110.490
335.498 1060.500
247.505 1086.500
-359.495 -1055.500
-282.502 1081.500
-900.498 668.498
912.504 670.505
747.500 -861.502
71.505 -1138.500
475.502 -1047.510
-276.509 1125.500
-1153.490 126.501
-607.501 992.503
-841.499 808.498
-603.493 -1004.500
1068.500 -490.498
1060.500 509.497
-366.340 1123.520
-362.358 1126.150
-696.497 957.495
1133.340 388.146
1133.690 390.057
-1200.490 48.508
-1087.500 516.498
-751.503 -955.496
-1199.500 -255.497
-702.505 -1007.500
1191.500 -302.495
-338.498 1185.500
-1065.500 -622.503
-771.500 -965.506
993.493 744.500
-1013.500 -717.505
-831.498 923.499
-713.143 -1023.940
896.507 -871.501
-935.499 -828.497
1203.500 -348.499
-1252.070 -24.282
-1246.500 -161.500
-1258.510 -8.499
442.494 -1185.500
555.505 1142.500
-846.500 956.500
-667.502 -1095.500
-1279.500 -87.499
-580.505 1143.500
1039.500 -756.503
-1285.500 -57.497
-1180.490 515.500
-1108.500 -660.501
-675.502 1100.500
-1293.500 50.500
1124.500 -647.501
-1205.500 -483.496
-980.497 -858.489
-1049.500 777.504
-703.499 1105.500
1074.510 -761.506
1220.500 495.498
-1311.500 131.494
-527.501 1208.500
-1109.500 -716.501
-1307.490 -300.500
-1325.500 254.495
1301.500 363.499
-1286.500 435.499
-1241.490 571.494
1329.490 326.499
-1355.510 194.500
-1131.830 -790.625
-1132.480 -793.900
845.504 1095.500
-1366.500 256.505
-1368.010 250.967
1008.500 -963.496
-710.497 1199.490
-1171.500 -767.498
1009.940 -975.566
-1223.490 690.494
1404.500 -137.498
-1399.500 -198.501
-1040.510 -968.498
-1418.500 103.498
-895.495 1109.500
-1039.670 -982.141
1247.510 701.499
1324.500 543.502
779.500 1204.500
-881.498 -1133.500
-994.499 -1046.500
-1232.490 758.497
-943.497 -1101.500
-1124.500 916.509
934.495 -1123.500
1429.500 -303.503
1139.500 915.496
-1423.510 -342.496
1440.490 285.503
-1116.500 958.500
-1212.500 834.499
932.496 -1141.500
-1474.510 46.502
-1427.500 -385.502
-1307.490 -699.498
-1320.500 679.496
-1139.510 -961.504
-1446.500 365.495
1479.500 246.497
-1482.510 -254.502
-1472.500 -319.502
1326.500 -720.501
-1201.500 -913.502
-1252.500 -850.500
-1518.500 -20.504
-1482.510 332.496
-928.491 -1207.500
1529.500 154.501
1525.500 -218.499
-1544.490 -1.504
1123.500 1066.500
1163.330 1024.140
1164.370 1025.080
-1325.500 -808.500
-1222.500 -983.499
-1222.500 994.496
1408.500 -726.501
1355.500 -822.502
1203.490 -1037.500
-1333.500 861.502
-1538.500 425.505
-1477.500 613.502
1552.500 391.499
1163.500 -1109.500
-1138.500 -1144.510
1591.500 -281.501
-1496.500 611.499
1617.510 -238.501
-1565.490 469.499
1407.510 -841.498
1164.500 1162.500
-1436.490 -804.505
1524.500 -631.501
1552.500 -564.490
-1492.510 -707.501
-1330.500 988.502
-1585.500 -488.499
1495.500 740.498
-1186.500 -1174.500
-1599.500 504.499
-1409.500 912.500
1400.500 -942.501
-1281.500 1111.510
1208.500 1197.500
-1315.500 -1122.500
1497.500 866.500
-1411.510 999.497
-1451.490 -945.491
-1471.500 -933.501
1350.500 -1130.500
1521.500 -907.497
1493.500 -959.501
-1573.510 840.493
-1336.500 -1183.500
-1379.500 -1146.500
-1587.490 -845.499
-1388.500 1148.500
-1447.500 1078.500
1563.500 -905.501
-1574.360 888.956
-1595.500 869.502
-1504.500 1045.500
-1456.510 -1137.500
1525.500 -1069.490
1453.510 1203.490
-1518.500 1126.500
