0.313 0.889
-1.502 16.504
-29.501 -155.508
-34.635 -168.837
-35.741 -171.542
-142.506 144.496
-188.500 -102.505
-35.492 -263.503
-36.498 290.494
298.513 38.503
142.497 269.501
256.501 -164.499
-333.502 -71.502
-304.501 -223.498
-134.501 374.499
247.503 -315.504
307.500 262.506
-292.501 -300.502
-372.506 -197.502
-252.497 349.492
-39.503 -453.498
387.494 -247.496
475.494 -32.500
92.500 481.497
-141.502 470.495
-420.491 269.498
-492.492 148.503
-213.504 -473.498
154.495 503.497
64.493 529.505
-394.503 377.501
-381.498 396.500
348.502 438.502
-532.497 -169.497
181.500 535.500
-279.500 521.502
534.499 -254.496
268.504 -528.503
-235.505 565.499
610.501 -59.496
-195.504 -585.501
121.501 -606.495
192.499 -588.491
-382.506 -500.502
612.493 -185.506
181.498 619.504
-462.502 469.493
632.501 187.496
40.259 -672.312
59.505 -675.503
30.767 -680.204
-600.497 -333.501
-569.496 396.499
661.494 290.499
-451.493 -565.512
-85.493 738.495
-575.494 475.503
135.501 -737.494
-409.501 630.511
-126.499 -750.499
364.496 -677.497
765.495 127.493
-760.499 205.503
337.500 -711.495
355.503 -703.496
442.502 654.500
-621.498 506.500
550.501 593.502
-519.498 621.505
-795.500 -149.503
815.506 25.502
501.498 657.494
77.495 -824.499
-624.496 550.505
821.506 174.499
-377.503 -757.504
609.502 -605.499
660.502 552.505
-506.495 -697.494
-778.502 -376.500
783.500 376.505
774.498 422.498
876.503 100.503
-510.503 733.499
-861.502 -278.503
187.500 -891.505
604.499 -684.500
-343.501 849.503
-492.505 -771.499
-447.498 -802.504
923.492 -134.499
507.494 785.500
-771.503 -529.503
830.505 -446.501
-734.503 -591.497
97.497 -941.495
-460.501 -834.507
-605.495 -749.502
-851.500 -452.495
-876.494 413.501
495.503 -837.494
-418.501 884.498
-981.534 162.521
-995.496 70.503
-984.499 168.507
761.501 654.498
-149.502 999.501
-665.501 -771.501
133.492 1012.500
-628.500 -803.498
1020.500 -89.497
126.495 -1022.500
-923.492 -465.502
454.501 938.494
-989.498 345.499
-738.505 -743.500
594.507 871.500
398.500 -979.499
19.498 -1063.500
1064.510 109.499
-830.499 -674.501
-371.491 -1003.490
-617.499 -878.498
20.297 -1075.650
-215.497 -1060.500
-1025.510 354.502
69.502 -1084.500
866.505 -658.501
1070.500 209.501
1073.900 196.676
-849.498 -686.499
-440.497 -1004.500
-922.509 -603.502
381.499 -1043.500
-405.503 -1034.500
977.501 535.501
-588.508 -948.504
587.501 -951.504
-1127.500 7.505
-1120.490 -162.499
-875.502 -717.505
730.497 867.503
125.508 1128.500
-1023.510 -526.492
843.503 -785.507
-28.502 -1156.500
1153.510 130.502
-511.499 1042.490
753.494 886.495
-931.499 702.495
-928.505 -705.499
437.496 1094.500
-1142.500 320.506
1068.500 524.502
867.500 819.500
-834.502 853.498
693.504 981.500
-614.501 1045.500
823.502 899.505
1104.500 522.497
-1189.500 286.508
1219.500 -183.503
319.498 -1190.510
-737.503 -990.503
683.499 -1032.510
544.507 1115.490
-891.495 -863.500
954.498 807.500
1088.500 615.494
-1070.500 652.497
934.499 -844.503
-1187.490 424.506
-1267.500 -131.498
-653.507 1103.500
-1250.500 -322.509
469.496 -1212.500
-1302.500 -12.502
1202.500 506.501
-659.499 1135.500
1058.500 -776.500
-1168.500 654.505
-1187.500 621.497
1333.490 -153.493
1251.500 -500.501
1278.500 -429.502
-1299.500 439.499
-1218.500 660.495
-831.497 -1110.500
-1281.500 -534.503
-1379.500 185.504
1356.500 -341.498
749.505 1184.500
-1415.500 -41.497
1061.500 -938.498
-776.499 -1189.500
1345.490 480.501
1301.510 600.503
-1022.500 1008.490
-1397.500 -347.507
1015.500 1023.500
-1351.500 501.504
-1433.500 -175.496
-1422.500 265.504
1442.500 134.495
1321.500 -607.503
-1101.500 -965.498
-1371.500 -518.499
1382.510 -493.495
-1344.500 603.503
-1325.500 655.501
1193.510 874.497
1480.500 -28.497
936.506 1149.500
1427.500 -401.499
-1263.500 786.494
1419.500 -459.502
1451.500 388.496
1266.500 -825.495
1441.500 -478.506
1314.500 765.500
-1107.500 -1059.490
-1330.500 788.493
1456.500 -548.506
1469.500 -526.497
1452.500 -603.507
1446.510 637.507
-1484.500 542.503
1506.500 -483.495
1535.500 -388.502
-1583.490 -30.496
-1436.500 -671.502
-1520.500 -457.498
1576.500 -217.500
1552.510 -418.499
-1584.500 300.502
-1604.500 -254.499
-1248.510 1093.500
-1613.500 441.500
-1268.500 1103.490
-1590.490 -605.502
-1229.500 1186.500
1482.500 -901.497
-1546.500 856.506
1313.500 -1194.500
-1456.500 1112.500
