0.504 -0.509
-63.502 59.498
-138.498 -34.502
-145.505 53.496
-159.502 -36.498
-14.490 -214.497
279.494 -11.503
59.502 273.499
294.503 -58.496
293.495 -82.502
-60.499 -308.497
-115.507 321.500
286.501 -206.505
-52.504 354.493
-56.501 -355.499
-320.500 166.501
262.506 276.498
-395.499 31.498
-393.500 -143.502
-384.045 174.587
-385.455 174.963
-262.501 332.502
392.495 -184.499
309.499 -307.497
346.502 -265.497
-398.493 -181.503
94.496 427.507
229.499 373.497
-416.493 -149.501
190.503 -400.498
-432.499 -103.501
-340.497 287.511
-47.500 -450.498
-285.502 373.502
-424.502 -232.505
459.503 185.500
-496.498 -33.501
-464.283 193.895
436.499 253.501
417.506 -292.499
-471.272 199.531
-247.499 -452.496
-283.506 435.497
-495.501 169.503
-162.493 501.500
-482.503 216.505
-138.502 519.502
504.495 193.503
141.503 -523.503
-428.504 331.489
-32.497 -548.505
338.502 440.505
430.496 -352.505
-407.498 378.503
-540.500 -174.503
-514.500 246.503
-418.498 -389.114
-418.498 -389.504
-164.499 -549.508
308.504 489.496
412.501 -407.495
354.492 474.500
413.503 -428.499
406.491 435.496
-579.502 -173.495
591.498 142.493
-89.499 602.495
602.507 -98.495
324.509 -518.495
-613.496 -96.498
-473.504 404.505
-424.498 456.501
-314.494 547.500
-636.498 -26.497
-561.501 -305.501
-461.503 -443.502
-289.500 599.496
647.503 -185.500
59.498 678.503
-102.507 687.507
-190.500 670.497
-622.506 -330.496
-654.505 -263.496
-712.498 18.500
604.499 394.496
728.500 4.498
-701.499 197.496
707.502 -187.506
-732.504 -24.497
106.499 -729.508
-22.498 738.498
566.507 -486.500
40.502 745.495
633.511 -400.500
-408.487 630.504
418.499 626.500
679.500 339.506
219.493 729.499
-607.497 467.488
-55.495 -769.505
-344.505 690.504
99.505 775.501
39.497 792.500
191.503 772.501
747.500 292.506
-736.498 -321.499
-803.504 -79.496
544.504 602.501
-219.496 -786.499
-788.502 211.500
-458.500 -678.498
566.503 -600.499
-607.501 -564.494
-801.497 267.510
-86.498 -843.504
-818.499 -234.493
506.500 -687.500
518.496 696.499
664.500 -560.502
713.494 506.500
754.497 447.505
635.496 -605.501
-205.504 859.500
857.502 230.502
132.501 -878.500
-693.504 -564.501
754.502 -481.506
890.499 -114.494
-25.504 899.497
-136.498 891.505
531.495 -730.501
-330.496 841.493
-120.499 897.498
-443.494 793.501
634.501 653.498
655.493 -635.503
-798.507 449.496
916.493 49.499
-658.498 -642.501
70.500 917.498
-30.504 923.503
-528.495 -760.504
-160.500 912.510
-655.494 655.496
-130.497 919.497
268.495 889.500
929.502 70.504
206.496 -916.493
915.502 213.498
590.499 -734.504
-540.501 778.495
526.498 791.504
-510.503 -802.499
732.500 -611.499
104.496 950.501
854.493 445.505
768.498 -588.496
933.505 257.499
864.964 436.133
966.498 -91.507
-764.500 602.503
770.499 601.500
267.505 -941.503
975.498 89.505
-927.503 -324.496
751.503 643.502
155.499 -980.502
906.169 414.925
681.499 730.503
127.502 -991.493
-920.503 392.501
910.123 419.324
-295.496 -961.500
16.506 -1013.500
-778.507 658.500
79.498 -1019.500
-512.502 -884.493
101.502 1017.500
-887.509 -528.506
-648.502 -805.499
760.495 -709.500
-1035.990 84.935
1035.500 105.495
-1036.320 88.306
-678.499 788.502
94.499 -1040.500
-643.500 -824.496
871.498 578.505
536.501 -901.504
-224.508 1026.510
-390.503 977.496
-405.509 973.503
-992.504 361.495
-80.500 -1065.490
-1040.500 -256.496
51.495 -1071.500
329.508 -1021.500
892.499 -600.502
-1073.500 47.493
-1056.500 217.495
-737.499 788.496
1076.500 104.494
685.498 840.501
249.503 -1062.500
995.494 459.499
-690.506 856.497
1054.500 341.502
294.507 -1070.500
-470.497 1004.490
441.502 1018.510
-854.504 -709.497
-697.505 -866.499
74.500 1114.500
-353.500 1060.500
-546.499 -976.494
-916.504 -642.500
116.502 1113.500
-832.498 -749.507
-857.494 -721.131
896.503 687.505
-303.498 1089.500
-401.498 -1060.490
-412.500 1057.490
866.503 743.495
-464.497 1044.510
630.502 -958.499
-508.502 1034.500
1090.500 379.503
-1144.500 -158.501
-237.497 1131.500
62.494 -1156.500
390.496 1090.500
-981.506 -628.498
184.501 -1166.500
759.501 -914.503
-710.494 951.496
20.499 1191.500
-977.502 685.503
-1193.510 68.500
440.500 -1116.500
177.494 1196.500
-818.494 -895.496
-405.502 -1144.500
1109.500 497.500
244.496 1190.510
-474.503 1120.510
543.500 1092.500
152.500 1211.500
1071.500 590.504
-954.501 -765.498
906.499 822.502
966.506 759.505
-235.495 1206.500
-1044.500 654.505
-443.503 1151.500
-333.503 -1207.500
-1184.500 409.501
-1221.500 -291.504
939.499 -840.498
-734.493 -1027.500
700.504 1054.500
1134.500 569.497
971.503 824.501
-405.500 1212.500
1208.490 423.498
676.500 1090.500
-1090.500 -681.501
-1183.500 504.503
-1288.500 -80.498
631.500 -1128.500
-678.501 1099.500
-911.502 921.498
-1031.500 -818.502
-1096.500 -729.501
1230.500 -491.499
-1057.500 800.502
-1202.500 -563.503
-707.497 1123.500
-1330.500 -54.497
-852.502 1023.510
709.497 1130.500
-1231.500 -518.504
-1164.500 654.504
-746.505 -1112.500
782.498 1090.500
-1319.510 287.501
-1180.500 662.499
1313.490 341.493
845.498 1071.500
-776.495 1130.500
-1226.500 -615.498
903.503 1044.510
-1299.490 -467.497
-1316.500 429.494
-1176.500 730.503
-1200.960 690.820
-1200.970 690.926
-1100.500 -853.492
-1349.500 358.502
-1397.500 -35.499
1325.490 474.498
1396.490 214.499
748.504 -1200.500
-1210.500 -731.497
885.500 -1109.500
1028.500 -985.503
-1420.500 97.497
-1422.500 144.506
823.504 -1188.500
-1438.500 -169.501
-1451.500 19.500
-895.511 1142.500
-858.500 1174.500
-1244.500 755.503
1077.500 992.502
-1284.500 703.502
-1451.510 -239.502
1449.500 -282.490
-1260.500 -779.501
-1205.500 866.500
-1303.500 711.506
-1297.500 737.504
-996.493 -1116.490
-908.499 -1197.500
906.495 -1200.500
1172.500 945.505
1445.510 439.490
-1348.490 -694.500
-949.493 1184.500
1348.500 -701.504
-1518.500 -53.501
1507.500 -212.501
-1303.500 -791.507
-1257.500 866.500
1249.500 885.499
-1482.500 -387.499
-1532.490 39.507
-1336.500 764.489
-1444.500 537.498
-1318.340 -799.610
-1318.170 -800.169
-1146.500 1030.500
1120.490 1062.500
-1113.260 1071.480
-1122.200 1062.990
-1111.340 1075.170
1165.500 -1028.500
1140.500 -1058.500
-1293.510 -877.496
1355.500 786.502
1535.500 316.501
-1289.500 -896.494
-1316.500 -862.498
-1268.500 931.502
-1324.500 874.502
-1124.500 -1127.500
-1333.500 -875.501
-1225.500 1040.500
-1599.500 -171.502
-1295.500 956.505
-1213.490 1062.510
-1476.870 651.831
-1477.050 651.686
-1329.500 -920.499
-1310.500 948.504
-1252.500 1027.490
1604.500 256.501
-1356.500 -894.502
1489.500 660.492
-1140.500 -1168.510
-1235.110 1071.250
-1236.550 1071.500
-1257.500 1054.060
-1257.500 1054.950
-1200.500 1125.500
-1527.500 -616.504
1512.500 -655.494
-1316.510 994.500
-1603.500 413.500
-1563.500 566.497
-1466.490 799.498
-1370.670 -959.641
-1370.990 -962.918
-1294.500 1067.510
1613.490 485.501
-1546.500 -670.503
-1581.500 604.497
1509.500 -775.488
-1280.490 1123.500
1265.500 1144.500
-1373.510 -1015.500
1464.500 -905.495
-1306.500 1122.500
-1476.510 -896.506
-1264.500 1188.500
1477.500 922.500
-1389.500 1055.500
-1387.500 1088.500
1533.500 -888.502
1452.490 1020.500
-1477.500 -991.501
-1610.500 -757.504
1509.500 -964.500
1505.500 971.500
-1384.500 1153.490
-1416.500 1152.500
-1617.500 860.496
1447.500 -1133.500
-1398.500 -1205.500
-1467.510 -1172.500
-1579.500 1059.500
-1596.500 1172.500
