0.505 -0.495
-68.502 46.500
100.500 -86.504
22.501 162.500
-1.497 183.506
-181.505 29.503
-106.500 175.496
-173.502 111.497
152.495 -156.498
229.501 5.501
124.501 -194.504
-77.500 228.498
-96.496 -234.508
-250.501 -132.499
143.509 -247.501
102.502 -273.503
-116.498 -280.500
11.503 317.497
-312.502 98.502
19.498 -342.498
332.534 -118.292
339.491 -109.503
-241.509 267.500
78.553 362.984
238.495 296.502
68.499 374.503
-141.500 -365.498
268.503 -298.503
-393.498 -173.496
370.506 -221.504
156.503 404.502
313.495 316.501
-93.505 -452.498
118.498 -450.107
118.498 -450.497
177.497 434.497
197.498 -431.497
117.499 -475.503
300.501 -387.499
-123.505 -476.500
-490.506 -32.506
249.504 426.500
-494.497 88.499
-498.505 128.496
175.501 -489.498
-52.497 -523.501
280.500 -450.505
-240.504 473.500
-154.496 -525.496
-534.498 127.501
488.508 287.497
-102.495 564.502
-319.502 479.499
-548.499 178.500
-573.509 76.512
295.499 -504.499
170.497 -568.504
594.496 21.498
-397.500 -444.496
16.497 605.497
590.501 193.499
323.501 -533.501
399.497 -482.495
-605.499 156.501
-607.239 149.627
441.497 -445.504
631.914 47.694
-370.505 -520.498
-544.498 -335.502
494.495 -407.492
639.820 44.498
639.901 67.388
575.507 -288.496
644.677 62.675
341.498 565.501
661.503 -12.507
-661.502 11.501
-634.502 -224.495
518.500 431.504
538.504 -417.496
665.495 -153.500
145.492 -672.502
-217.499 652.503
685.506 -99.502
684.504 115.497
-93.502 694.500
598.502 -372.499
-682.499 177.503
250.508 -662.501
680.503 201.488
631.496 325.497
441.503 -566.494
-706.496 130.495
-675.495 247.499
-712.505 151.499
389.496 -619.504
681.496 268.503
641.497 -365.504
-493.495 -549.497
652.503 367.500
596.496 -457.495
-264.499 -703.506
691.498 302.502
727.502 -239.504
496.494 582.497
-515.499 -566.502
-181.502 -748.494
503.494 -588.494
558.506 537.505
-697.495 337.496
-315.501 -709.504
-651.489 -459.503
801.501 76.500
457.497 667.502
804.505 -113.498
785.508 -208.500
354.502 -733.505
542.502 -614.500
789.501 -226.500
593.501 578.498
-311.505 -769.497
-220.500 800.506
-28.500 -833.493
-783.503 -284.507
793.498 263.502
785.502 -291.504
-708.494 445.500
-29.505 841.504
-434.502 722.496
490.499 687.510
743.497 407.505
-644.499 573.502
121.500 854.500
740.497 464.501
-820.502 308.500
190.493 856.500
841.498 -261.493
544.509 -693.500
561.494 -685.508
-84.505 -886.501
359.499 815.503
712.497 -540.500
788.511 -424.492
575.158 -686.472
-832.503 -339.501
-51.500 903.499
897.491 146.499
728.506 -548.494
910.612 62.233
350.503 843.492
912.639 58.797
724.503 571.503
75.504 920.503
-384.498 -849.498
802.508 487.498
680.499 655.497
826.495 -460.503
-710.503 624.505
-888.505 333.951
-888.505 334.055
-82.498 -951.493
611.496 733.500
570.504 -772.501
271.500 -922.495
-214.502 943.501
895.492 -379.508
950.754 223.557
-638.497 738.494
949.504 234.499
733.498 647.499
579.499 -799.502
-2.496 -988.500
875.500 -462.502
-359.496 926.496
782.500 622.502
355.502 939.502
506.498 -869.501
-419.502 913.493
969.496 269.495
859.501 -532.498
842.495 564.508
1000.500 -187.500
1020.490 44.499
1004.490 185.493
-178.503 1005.510
570.378 848.093
570.325 848.188
992.499 -247.498
1023.500 99.498
-100.499 1023.500
840.042 -596.857
348.498 969.506
-924.495 464.504
629.498 -824.503
269.496 1002.500
972.503 -368.503
848.214 -601.955
1022.490 189.499
711.500 759.506
1028.500 -164.499
431.500 -948.500
976.500 363.501
842.773 -621.084
-557.502 884.492
1022.500 -255.504
669.501 824.501
-382.503 991.499
-848.502 641.500
1063.500 64.496
861.494 -628.504
1070.500 -50.500
521.498 -936.497
974.493 -454.503
1072.500 -126.497
19.497 -1086.500
-283.501 -1051.500
-844.500 686.502
831.498 -706.498
-1054.500 282.498
996.496 -458.502
1020.500 405.497
-393.501 -1026.500
-1088.490 150.501
1092.100 -143.684
-851.492 -698.499
1092.970 -144.052
1103.040 -128.961
997.500 -488.501
-130.497 -1104.500
-1014.500 459.499
1090.500 233.498
1085.500 258.495
741.496 -836.501
-996.498 506.504
1130.510 3.502
1062.380 391.921
1058.500 408.501
1010.500 -517.499
561.500 988.497
-677.496 916.500
369.499 1081.500
1113.500 271.495
1119.500 -249.502
1061.500 434.497
952.498 -642.499
-438.494 1066.500
1058.500 468.506
567.488 -1009.500
1086.500 -415.502
377.493 1103.500
971.497 -656.501
1053.510 -519.496
-887.497 767.498
-441.497 -1090.500
1141.510 -300.505
1171.500 201.505
-968.499 -697.499
-741.509 -938.499
623.499 -1021.500
1031.500 611.502
-1184.500 -227.494
-824.502 -884.501
1037.500 -628.505
1212.500 -85.501
981.504 -717.508
973.500 -735.495
-1123.510 -475.496
-945.497 770.546
-357.501 -1167.490
-945.496 772.772
1155.510 -416.497
600.500 -1073.500
1089.500 -573.499
1148.500 449.504
293.501 -1198.500
1231.500 115.497
-657.494 -1050.490
1128.500 517.499
991.501 -749.498
1213.500 -268.499
357.499 1190.500
-1178.500 -419.504
1220.500 300.502
1207.500 351.500
909.491 875.500
401.501 -1201.500
-724.499 -1040.490
1143.500 552.498
754.496 1021.500
1268.500 -82.495
1091.500 -675.501
703.506 -1079.500
1280.500 150.494
559.500 1166.500
1017.500 -805.503
1276.500 255.501
805.505 1025.500
922.494 -924.499
1257.500 -352.496
1081.500 733.496
1301.500 132.500
861.503 992.497
-819.501 -1033.490
-1064.490 -779.499
1073.510 771.504
-1227.500 489.494
760.503 1084.510
-1014.500 854.499
696.497 -1133.500
1273.500 -393.497
1291.510 338.499
971.509 -925.502
-1297.490 -353.494
1138.510 -725.497
817.495 -1078.500
-1102.500 -783.501
1290.500 -426.502
1323.500 314.497
1286.500 444.497
1079.500 831.494
1013.500 -917.501
1253.510 -567.491
1098.500 -843.498
760.491 1159.500
1366.490 -257.499
1392.500 90.495
1267.490 -596.503
721.496 -1201.500
-1385.510 203.503
1370.500 -324.494
1411.500 -23.502
1310.500 532.498
1277.500 610.503
-1390.500 -271.502
947.503 -1061.500
1341.500 -479.497
1337.420 -492.948
1360.050 -428.515
1363.500 -418.502
1360.860 -432.300
1427.500 -47.503
936.054 -1080.950
1377.500 -386.505
936.795 -1082.580
-1287.500 670.498
1011.500 -1044.500
1422.500 -312.497
-901.507 -1145.500
1140.500 -910.493
1451.500 162.504
1057.500 -1009.490
1230.500 789.501
953.494 -1118.500
1320.500 646.500
999.823 -1082.210
1116.500 -962.498
1005.960 -1081.070
1297.500 -710.502
1413.490 -446.496
1494.500 38.494
-1447.510 373.493
1483.500 208.501
1471.500 -291.504
-1492.490 147.502
1235.500 -852.504
993.506 1124.500
1223.490 874.496
-1057.500 1071.500
913.502 -1206.500
1382.510 -616.503
1228.490 -901.496
962.501 -1183.500
-1307.500 -802.505
-1533.500 50.504
1534.500 51.500
1266.650 872.573
1366.500 743.505
-1538.500 -226.508
1539.500 -229.493
1274.730 894.677
1294.500 869.499
1281.270 893.589
1284.800 893.088
1535.500 312.497
1022.810 -1195.990
1027.260 -1194.850
-1467.500 -572.492
1552.500 -273.501
1457.500 -601.495
-1269.500 933.501
-1396.510 750.500
-1064.500 1185.500
-1056.500 -1197.510
1190.500 -1066.500
1121.510 -1148.500
-1559.490 -394.500
-1545.490 -497.500
1498.500 638.503
1146.500 -1172.500
-1482.500 -726.504
1617.500 -353.499
1494.500 715.497
1553.500 605.500
1471.500 787.497
1501.500 -741.501
1601.500 515.502
1525.500 721.500
1543.500 701.500
1445.500 886.500
1482.500 -848.502
1541.500 748.494
-1455.490 -921.496
1352.060 -1073.050
1597.500 658.504
1374.500 1047.500
1392.490 -1035.500
1593.490 -691.507
1261.500 1204.490
-1604.500 688.496
-1604.500 688.888
1359.500 -1099.500
1454.500 976.501
1428.500 -1033.500
1357.500 1125.500
1380.500 -1120.500
-1471.510 997.498
-1528.500 -910.500
1488.500 981.504
-1321.490 1212.500
-1495.500 -1004.510
1608.500 815.502
1427.500 -1105.490
1421.500 1128.510
-1448.500 1108.500
-1498.500 -1107.500
1598.500 981.502
1550.500 -1081.510
1506.500 1185.500
1598.500 1096.500
1587.500 1190.490
1619.500 1177.500
