0.497 -0.503
-26.502 14.503
28.500 -25.498
1.495 -38.499
43.505 -4.497
-34.508 -82.505
100.503 19.497
66.499 -84.507
-97.497 -45.501
46.495 115.505
21.497 -144.512
34.498 152.502
53.492 -149.508
-100.501 123.489
-41.507 -164.498
108.504 -156.497
-156.500 -115.502
215.503 13.503
-123.499 177.503
26.494 -228.507
-256.502 -81.499
-179.496 -225.500
262.502 -122.503
-172.425 -232.828
41.500 -289.499
123.495 268.501
-81.508 -285.504
25.491 -302.511
-308.500 -76.495
296.500 -118.509
-201.500 -247.496
221.500 230.498
204.489 -251.499
224.497 -247.499
-282.494 181.497
264.498 -224.504
339.507 -77.501
-322.088 -135.328
-300.502 -178.495
-316.869 155.965
201.501 296.504
357.499 -69.497
-240.496 272.499
-329.499 171.504
243.497 284.503
-57.504 375.499
406.495 25.492
192.499 364.502
306.501 -285.494
-280.506 316.493
-97.496 417.491
396.506 165.503
-231.493 369.496
-334.501 284.499
-385.497 -215.503
435.501 141.497
123.497 -442.498
-446.494 -106.508
442.422 128.588
444.501 125.003
324.506 332.505
387.502 257.496
-191.501 430.499
311.505 355.498
-333.493 334.505
307.506 -369.495
-62.504 477.499
244.501 -419.506
170.506 -466.501
418.495 -269.500
-395.497 -309.501
-72.499 497.501
-372.503 339.504
241.498 446.503
368.496 -353.491
4.503 524.501
-496.503 -177.505
-510.500 147.500
-486.508 -219.509
470.509 259.503
-421.496 332.495
-342.500 432.498
-335.501 -449.498
-395.499 -405.500
516.505 235.509
-573.504 -99.501
-568.502 125.506
-539.500 234.492
-457.500 370.500
-157.495 -569.497
-127.500 577.505
-235.499 -545.503
62.498 -592.503
592.499 -73.500
-418.504 -429.500
-512.491 310.501
-604.497 -126.498
615.498 -96.500
-619.501 57.502
-382.500 490.502
284.500 556.501
-587.505 215.491
-47.506 -637.501
-562.504 305.501
-450.499 -463.500
-647.505 -0.503
135.500 634.500
-550.500 344.499
-304.491 574.498
-650.499 -95.508
-620.493 224.500
-262.498 -607.499
-82.498 658.501
356.500 571.503
500.500 -463.505
-585.592 -356.595
677.499 -132.500
-153.505 675.500
-565.503 400.500
-694.502 8.497
159.496 683.506
593.501 -382.494
205.502 680.497
403.501 -589.501
715.504 -16.497
-662.499 269.501
169.500 -696.500
-254.499 669.503
-590.497 -410.502
302.507 -656.497
-625.505 -372.497
42.499 -730.500
-504.508 553.504
725.500 -200.498
415.496 -634.498
746.508 139.496
-619.498 -444.503
118.493 -761.502
-514.501 -581.502
-778.497 -62.498
-388.497 -680.498
-22.498 784.492
-629.501 -477.500
-74.494 -787.500
714.491 -348.501
323.502 -726.496
10.499 794.500
-750.498 272.496
-644.495 498.501
-679.498 450.499
-701.492 424.503
669.500 -477.497
791.504 230.505
-359.509 -742.507
780.492 -277.499
-788.503 -251.500
233.502 -798.498
-577.503 607.504
449.502 -714.503
-15.503 844.500
526.505 -674.502
-41.502 -854.494
-533.501 668.497
-426.502 741.501
757.499 -403.500
856.500 -62.496
-809.504 296.510
-365.500 -789.501
545.506 -691.502
-690.500 -552.501
548.354 -695.981
600.495 651.503
798.495 390.506
375.499 805.499
-414.495 788.497
332.504 -828.503
-732.501 508.497
-184.500 873.495
504.494 -740.498
-855.502 281.496
316.504 -847.502
-189.498 -889.492
-823.499 386.500
782.307 467.414
150.497 -899.503
549.502 731.507
-237.488 -887.503
785.502 -480.499
265.499 -888.495
924.497 92.500
-129.499 -921.499
-273.504 -890.504
-769.499 -531.493
928.503 -145.503
494.503 -801.493
-927.501 168.507
-99.495 938.501
-937.496 112.500
347.496 883.498
-465.870 837.748
-479.503 831.504
642.504 718.502
960.502 89.505
302.498 -916.501
-920.495 -293.499
-578.500 775.498
-465.503 854.497
-779.505 -588.503
-865.501 -466.499
677.510 -714.497
975.507 -174.506
480.500 -870.500
-171.495 -979.503
-673.497 -735.504
1003.500 -38.498
-434.500 904.498
620.500 -790.499
-645.510 -770.504
1005.500 45.494
-795.503 617.494
1003.500 108.498
-174.504 998.506
708.501 -735.496
-300.503 -979.501
-940.497 -405.498
421.506 -936.501
145.497 -1021.500
-363.500 971.499
-1029.500 -172.500
-918.505 -497.499
350.500 984.499
-422.501 955.502
-769.497 -708.501
787.503 689.502
415.500 -961.498
358.496 -992.499
405.139 -976.572
318.496 1009.500
1051.500 -135.497
1039.500 -209.503
1060.500 -65.507
580.502 893.497
968.497 -453.498
-854.503 643.504
993.506 -406.498
-886.501 -610.503
-272.501 -1043.500
801.499 -724.502
-1078.500 -63.509
-1053.510 242.499
-996.503 -424.497
675.504 867.506
423.501 1015.500
54.502 1099.500
490.501 -987.499
-594.903 928.866
-595.493 930.093
1010.500 452.499
523.495 -977.505
-445.505 1017.490
-45.497 -1113.500
-922.503 -627.505
-1110.500 107.505
-756.490 -824.498
883.494 692.500
387.495 -1056.500
1127.500 -2.492
1125.490 -68.499
335.499 -1080.500
1122.500 160.499
1024.500 -495.498
-172.508 1124.490
-546.497 1002.500
809.494 809.507
180.505 -1132.500
-974.507 612.508
-709.507 909.496
-755.500 881.493
-922.505 713.499
-991.512 -615.500
-1165.510 -86.499
1070.500 -473.496
-798.496 854.500
1164.500 -123.504
1162.500 -146.499
-687.501 949.502
-182.501 1158.500
852.495 -807.502
-899.502 -762.492
1132.500 -336.503
-1176.370 160.279
-1177.440 159.359
-336.505 1140.510
-702.499 960.508
-761.494 -917.503
-1115.500 421.499
975.503 691.498
-1088.500 495.499
-643.497 1021.500
620.500 1038.490
1201.490 154.501
1107.500 -497.499
-1034.500 -645.507
846.502 878.502
856.213 869.395
-934.494 785.507
-275.499 1189.500
-1222.030 -6.923
-1211.510 169.495
593.503 -1073.500
-238.498 -1208.500
505.505 -1126.500
1223.500 188.501
1220.510 -213.499
-1157.500 452.500
-477.499 -1159.490
1053.500 -692.499
1160.500 -500.501
-1261.500 92.362
842.507 -948.503
-1207.500 386.505
936.500 -864.497
-1205.490 417.500
-935.499 -870.506
-747.502 1038.500
-1225.500 369.497
1184.500 -489.501
-1284.500 -32.500
864.507 -955.495
-1041.490 786.497
1198.500 538.498
-1317.500 5.500
-1317.500 5.891
556.499 1196.500
-992.710 883.267
-992.744 883.356
1093.500 757.506
-1212.500 -548.497
-1294.500 322.497
1200.500 589.499
-611.497 -1195.500
-750.496 -1115.500
-598.493 1204.500
-1195.500 618.496
1338.500 -162.499
1346.490 -183.494
-1311.360 355.280
-775.499 -1116.490
-1313.500 362.497
-949.502 -987.491
926.503 -1041.500
718.492 1208.500
903.490 1078.500
-1353.500 396.505
1397.510 -255.502
1015.510 -996.499
-1163.500 -836.499
-1433.510 -84.501
-1398.500 372.498
1453.510 0.503
885.500 -1153.490
-1439.500 210.496
1303.500 -665.498
-1446.500 266.502
-1451.500 -251.506
1401.500 -472.502
-1362.510 619.501
-1307.500 728.499
-1159.500 952.498
1458.500 -377.494
-1328.500 727.490
928.504 1208.500
1497.500 -325.497
-1496.500 -354.496
1489.490 -387.506
-993.504 1174.500
-1280.500 856.500
1539.510 -99.500
1161.490 -1023.500
1547.500 -163.501
1125.500 -1078.500
-1354.500 -780.498
1482.500 -514.494
-1573.500 63.497
-1573.500 -102.500
1484.500 -541.500
-1509.490 -489.499
-1099.500 1144.800
-1099.500 1152.500
-1209.500 -1038.500
-1209.500 1042.500
-1114.510 1155.510
1498.500 585.500
1212.750 -1062.980
-1224.500 1049.500
1217.210 -1063.640
-1566.500 401.503
-1254.500 1024.500
1398.500 821.498
1287.500 -995.508
-1494.500 659.503
1374.500 889.497
1296.890 -1004.480
-1439.500 -789.498
1436.500 -808.503
-1380.510 -953.500
-1473.500 913.501
1254.500 -1214.490
-1541.500 843.501
1607.500 717.499
1354.500 1146.510
-1421.500 -1083.990
-1541.500 -971.501
-1537.500 977.502
1590.510 1022.490
-1569.500 -1076.500
1598.500 -1047.490
-1563.500 1190.500
1592.500 -1155.500
