0.505 -0.499
114.498 21.498
-17.497 155.498
217.502 -85.500
-100.499 -243.506
275.502 36.499
159.498 -234.500
290.500 60.504
-307.401 -3.022
163.501 -271.495
-299.500 -124.502
-277.814 190.405
-275.497 195.500
101.496 332.503
-26.494 -348.504
367.505 -41.494
382.500 -97.498
-362.494 161.504
-406.499 94.502
123.497 400.506
-426.496 48.502
246.499 -359.499
422.505 148.498
153.503 429.500
-320.504 349.500
-87.500 -513.502
119.497 -509.497
71.494 -531.504
-542.499 -112.505
-282.496 476.503
358.503 -448.500
318.495 477.493
-251.503 -519.501
-564.498 -137.504
580.500 -86.505
-444.500 -384.500
-250.500 535.497
134.504 580.495
369.497 -474.500
-580.499 -153.501
558.502 224.494
-125.499 -590.503
186.501 576.501
-24.498 -606.495
288.500 -536.500
-595.496 125.498
523.503 -315.508
616.507 15.503
-603.502 -123.501
270.504 556.499
-44.499 -627.495
-356.504 -518.499
43.505 -630.502
-610.496 174.508
255.500 584.503
-654.499 -51.497
626.501 233.495
-105.495 659.492
650.323 -162.867
651.828 -163.593
661.500 158.496
635.502 310.501
705.496 -81.493
-266.496 -658.497
-365.495 617.500
578.500 427.507
-723.508 69.504
483.507 548.502
716.497 -151.499
568.503 -463.505
-625.501 -383.501
-480.497 -574.508
636.505 398.498
663.504 360.506
136.500 -743.508
-185.495 -734.494
-294.501 -706.503
770.497 23.502
531.500 577.496
340.497 712.498
-792.497 -71.497
652.494 -462.496
468.503 648.503
-234.497 -775.502
758.501 292.498
92.510 -811.502
143.508 804.500
-480.501 664.503
457.496 -682.501
724.501 411.503
539.719 639.579
528.497 650.498
-275.497 -794.503
-697.506 -501.495
335.494 -794.506
-860.499 -46.505
-246.500 829.494
-736.499 468.495
831.504 -285.500
615.501 -640.500
-834.503 302.494
864.502 214.505
-318.502 -836.500
-446.507 776.497
840.495 -324.500
-888.498 -144.501
903.495 44.506
856.506 -299.507
-388.514 -829.010
-392.430 -828.752
-351.508 846.495
-804.500 -440.501
920.503 -77.495
-792.506 472.492
-622.507 690.500
-51.499 964.500
76.498 964.495
-51.087 966.444
970.500 -22.502
627.492 -746.501
825.497 520.500
552.501 -808.493
-47.504 980.508
874.500 -487.505
-968.499 -276.503
550.810 -846.405
561.575 -844.035
856.500 -545.496
1015.500 -33.495
-465.505 909.505
788.493 -664.506
-603.503 -839.498
374.506 963.506
218.498 1011.500
398.500 959.497
944.500 -451.502
-304.502 1001.500
1039.510 134.502
208.503 -1027.500
969.502 421.499
924.500 527.504
1013.500 -337.495
-971.496 447.499
-324.502 1026.500
1077.500 -42.502
-544.498 -945.499
-999.504 441.498
-1084.500 -188.503
-1094.490 117.501
618.685 -912.156
622.168 -911.477
691.497 862.499
-1045.500 -365.497
1108.500 -48.507
-596.506 -939.499
268.505 -1086.500
-399.499 1049.500
-3.503 1123.500
-856.495 728.497
308.507 1082.500
-322.500 -1085.500
429.498 -1051.500
1094.500 306.498
1008.500 525.491
626.503 954.500
572.500 988.507
254.499 1114.500
653.498 -944.499
709.497 -904.508
-179.497 -1147.490
1021.510 -554.500
1138.490 -234.502
-32.502 1181.500
1182.510 68.500
1092.500 466.498
-872.504 806.504
-969.501 -691.506
-1154.500 -301.499
-889.498 -803.501
459.502 1108.500
-380.497 1142.500
-269.505 1211.510
1186.500 -371.499
1237.500 -140.500
1271.010 49.510
-790.498 -1000.500
1145.500 -563.499
-911.503 -907.500
-1290.500 72.501
-1035.500 779.503
1230.500 -419.504
-1254.490 347.493
681.501 -1112.500
-573.497 -1181.500
1287.500 299.500
-789.503 -1062.500
1165.500 -630.507
990.504 880.507
-867.496 1010.500
-1246.500 -471.500
1320.500 193.501
-1278.500 397.496
-727.503 -1131.500
-666.505 -1169.500
-1278.500 422.498
899.496 -1010.500
1098.500 792.498
-1270.500 475.501
1140.500 -754.496
-1267.510 551.501
1010.490 946.506
1213.500 670.494
-799.495 -1133.500
-1357.510 284.505
1036.500 -939.998
-853.503 -1108.500
-1325.500 452.499
-1400.500 -131.505
834.503 1139.500
1151.500 822.491
-1295.500 572.502
-1251.500 665.497
-988.506 1020.500
1395.500 -284.498
-1014.500 1000.510
-1366.510 413.510
-1353.500 460.499
-1221.500 760.494
968.504 1087.500
1322.510 610.505
1301.500 -656.503
1105.500 953.504
1063.510 1010.500
-1377.500 516.500
984.497 -1102.510
-1491.500 2.507
-1087.500 -1026.500
1030.500 1087.500
-1293.500 -773.500
1515.500 -45.497
-1475.500 347.503
-1003.500 -1162.510
1539.500 88.500
-1350.500 747.490
-1491.500 425.506
1020.500 -1171.490
-1471.500 543.506
-1564.500 -128.504
1109.500 1114.500
-1192.500 1028.500
-1094.490 -1153.510
1280.500 950.496
-1473.500 -610.503
-1321.500 902.502
-1295.500 -951.502
1176.500 1125.500
-1318.490 980.498
1144.500 1191.500
1249.500 1083.500
-1207.500 -1169.500
-1199.500 1177.490
1231.500 -1149.500
-1567.500 -630.499
1463.500 862.496
1391.500 981.499
1415.500 -952.498
1281.500 1158.500
1615.500 626.496
1617.500 669.502
1548.500 826.501
1447.500 996.499
-1602.500 719.497
-1538.510 902.495
1601.500 -833.500
-1519.500 -1015.500
1396.500 -1188.500
1602.500 -969.503
1506.500 -1187.500
