0.499 -0.490
-2.506 -109.497
-57.499 -99.498
-103.503 -60.500
-87.505 88.495
-44.167 167.385
-147.502 -93.505
-173.503 16.505
-44.505 168.509
166.497 77.504
-76.499 -229.503
130.494 -216.502
-117.495 -245.504
261.493 92.497
28.498 300.501
280.496 126.502
-236.490 200.490
175.504 262.494
306.501 -107.505
-148.498 305.503
-340.495 -51.026
-340.513 -50.927
338.745 -83.344
-190.497 296.494
345.664 -80.350
332.496 -155.501
344.497 170.503
-164.501 348.504
380.501 119.499
-382.498 -138.501
349.496 211.501
-303.496 287.501
-361.497 216.509
-132.500 -406.494
-128.508 417.495
201.491 394.504
438.499 -104.498
393.503 230.498
222.501 398.494
200.787 412.709
208.340 416.794
-268.502 381.499
-347.498 344.499
493.501 61.503
205.501 453.505
479.506 138.505
-29.502 502.510
-428.502 -268.499
-491.496 127.502
475.500 -197.499
71.499 -514.965
15.505 519.502
71.497 -518.798
104.505 513.506
472.503 -229.506
-11.499 528.499
-87.499 525.493
490.499 -244.498
511.494 198.496
172.499 521.498
491.456 -260.982
-274.500 -485.503
-245.501 -503.502
-305.490 472.494
288.496 -495.499
321.496 475.497
-414.498 401.500
260.498 517.499
336.503 483.496
418.502 -423.498
42.500 594.500
549.502 248.494
-591.505 122.497
610.500 -5.499
-505.502 354.505
584.498 206.508
98.502 616.496
-563.496 -284.505
-268.505 579.492
607.497 -244.501
118.499 -645.506
570.493 -330.502
-125.499 -648.497
528.496 -406.500
-185.498 642.499
521.500 423.497
-671.494 -20.501
-672.501 44.501
685.499 -64.499
144.499 673.500
444.496 531.500
169.507 672.502
-576.500 -390.499
-382.559 583.527
-669.506 -199.502
600.507 365.501
504.505 513.502
-550.502 464.498
40.494 -728.501
496.505 534.500
180.503 707.500
630.500 371.502
-705.495 210.509
-733.505 -95.504
570.499 -480.504
742.497 -84.510
81.508 -744.508
675.504 -328.503
-604.500 444.492
653.498 -376.499
-770.499 14.506
691.496 -343.508
749.500 -188.505
-428.499 656.501
-786.506 -53.495
763.498 -203.495
480.497 632.500
235.498 760.493
-782.498 166.497
-753.509 277.495
804.496 -1.499
799.505 97.497
-261.501 -764.511
-344.499 737.498
-772.502 -261.505
50.065 814.128
47.373 815.060
-747.494 -342.501
-708.497 -438.504
-376.496 745.503
360.505 754.499
-622.502 572.500
380.500 756.503
-350.045 773.421
538.497 658.500
842.503 -127.498
-180.502 832.502
-442.493 733.497
338.502 -799.503
-855.489 143.507
-852.500 167.505
-345.196 801.397
-345.598 801.517
691.094 -536.052
-345.455 802.744
588.505 653.499
-71.501 876.498
-858.501 219.501
720.502 519.504
-657.501 598.500
80.508 -889.495
731.229 -518.500
738.697 -518.500
-506.501 -746.498
572.502 701.506
-349.502 836.498
313.501 856.501
-737.497 -541.497
915.499 80.498
628.502 -671.493
-916.502 72.509
-191.504 901.502
219.504 895.501
898.502 -224.497
-930.497 -59.514
935.189 -97.847
-839.497 425.500
-651.495 681.503
942.654 -98.949
694.499 652.506
951.505 -72.493
942.500 -166.498
393.499 -881.499
-924.505 -274.500
-962.502 -58.506
-47.501 964.497
431.502 -872.497
-976.503 58.500
-560.498 802.498
392.004 908.503
986.495 -100.504
-510.501 849.502
-972.183 -199.472
-977.798 -205.581
29.499 1000.500
-666.498 -751.504
990.500 -172.500
696.509 724.506
968.500 273.494
990.497 -195.500
566.497 837.498
1014.500 22.506
-115.501 1008.500
28.499 -1016.500
469.502 915.498
-1027.500 79.500
977.502 335.503
-1003.500 -248.493
-845.232 595.201
-845.284 595.264
739.505 -729.500
-1043.490 16.495
-1041.500 -97.499
834.501 632.496
543.500 896.499
-1022.490 238.499
717.501 767.500
342.500 995.495
-58.501 -1052.500
1040.500 173.502
-77.496 1052.500
-525.499 915.502
651.499 -832.508
858.499 625.497
784.497 -717.504
-1066.500 94.494
1071.500 -127.497
-1068.500 150.503
-858.493 654.505
617.503 894.502
1005.500 -415.496
-977.504 476.495
-1090.770 46.701
-463.501 -992.495
-1098.480 50.846
1002.500 -456.501
-673.503 870.502
-1103.510 10.502
-1090.500 -175.497
1075.500 -257.493
-1108.500 -17.498
-864.503 695.500
-951.501 587.506
361.498 -1063.490
-634.503 929.498
482.498 1018.500
-1127.500 78.501
895.505 695.506
-900.497 693.500
1134.500 99.500
940.499 643.500
-175.504 1134.500
527.971 1020.590
-1047.500 474.500
527.306 1022.800
327.505 -1104.500
1143.500 -154.504
447.498 -1065.500
66.496 1161.500
-386.500 -1099.500
1142.490 -245.506
-1140.500 -252.492
-960.502 -669.497
-1097.490 -408.496
706.233 935.211
1170.500 72.495
-1153.490 -209.490
701.508 941.504
-800.497 -864.503
-552.499 1040.510
805.498 -862.497
-677.494 -967.504
-5.498 1185.500
376.498 -1125.510
963.504 694.498
41.498 1196.500
781.494 908.506
501.498 1092.500
-1035.500 -615.503
944.501 -752.502
893.495 -814.509
-1083.500 540.498
-807.497 -906.502
1155.500 -405.508
1145.500 -437.498
954.509 770.502
468.492 1136.500
-875.499 869.508
854.493 894.504
-434.496 1159.500
924.501 825.500
1089.490 -594.486
-1182.500 -387.498
-566.502 1116.490
916.497 -855.505
1102.500 598.494
-999.501 -762.497
-1129.490 553.499
688.496 1056.500
-1148.500 -523.501
1004.510 -767.490
1268.510 -59.495
1251.500 228.492
-1233.500 313.500
-427.504 1209.500
-1283.500 5.503
479.505 1192.500
578.504 1148.510
-1165.500 547.500
-1091.500 -685.498
-964.497 -857.507
1269.490 -244.501
-775.500 1033.500
925.506 903.500
-1273.490 234.505
-1290.500 138.503
-1098.500 693.496
1257.500 331.492
1302.490 59.502
1312.500 32.502
709.498 1107.500
-1010.510 -845.501
-675.501 1132.500
-1323.500 -23.502
-1304.500 236.498
-1309.500 -212.497
655.503 -1166.500
1329.500 199.501
-1343.490 -134.495
1350.500 -78.502
1334.500 -269.506
1337.500 -294.498
-1355.490 -225.498
-1121.510 795.499
-1327.500 -427.501
1085.500 882.495
992.494 -996.498
-724.500 -1206.500
1361.490 -394.495
1419.500 -90.503
1287.500 -606.508
-956.503 -1065.500
934.503 1096.500
-1170.500 -844.502
-1160.500 861.502
997.503 -1050.500
1445.280 107.435
-1438.510 -192.504
1448.500 112.495
-1134.490 915.500
-1085.500 980.497
948.502 1116.500
-1280.500 711.499
1022.500 1083.500
-1027.500 1082.500
1126.500 -982.499
1203.490 889.496
1437.500 -434.506
1024.500 1104.500
-1470.500 -343.502
-1327.500 732.506
-1021.500 -1122.490
-1275.500 823.492
1440.500 -498.501
-1351.500 706.502
1105.500 1054.500
-1460.490 -460.500
-1081.500 1086.510
-1267.500 877.503
-1491.500 401.496
-1506.510 -352.502
1194.500 -985.503
1465.490 510.500
-1077.500 1118.510
1070.500 -1132.510
1549.500 -238.503
-1088.500 -1134.500
1330.500 -849.498
-1540.500 -341.492
-1512.500 485.490
-1292.500 941.494
-1605.510 206.500
1120.500 1170.490
-1317.500 959.499
1271.500 -1032.500
1235.500 -1104.500
1262.500 -1083.500
-1338.510 1010.500
1616.500 -452.495
-1217.500 1156.500
1406.500 957.501
-1451.490 891.498
-1545.500 -723.497
-1553.500 -775.494
1595.500 718.499
1583.490 748.494
1619.500 667.507
-1443.510 997.499
1410.500 1082.490
1545.500 881.499
-1325.500 1190.500
1483.500 -990.499
-1398.500 -1106.500
-1371.500 -1152.500
-1399.510 1120.500
-1393.500 -1130.500
-1469.500 1037.500
-1572.510 894.502
1582.490 911.502
-1522.500 1126.500
-1510.500 1187.500
