0.501 -0.497
146.494 -37.501
100.505 163.501
225.505 26.494
230.499 -33.506
8.498 238.501
-7.503 -240.500
-93.499 238.503
88.505 -250.492
-262.501 -36.508
-52.502 -261.492
-250.504 -123.504
263.502 -100.498
-6.493 -295.501
-276.495 104.492
147.497 265.504
-24.503 -305.508
303.501 82.499
298.502 107.495
-196.497 -253.507
284.501 -157.507
311.495 -115.497
-132.504 -305.503
-39.507 -331.497
-335.502 2.502
285.503 182.497
-196.497 -276.495
-333.500 61.502
-57.498 336.493
345.499 55.501
132.503 -330.498
302.854 188.429
313.716 186.830
95.495 354.496
204.500 310.500
-65.505 -377.505
261.500 284.502
294.503 256.499
71.504 384.504
-288.500 -269.504
-391.500 -127.498
376.500 -170.500
-44.492 412.497
361.502 -215.501
-209.494 -377.502
175.502 396.497
127.509 -420.498
-100.500 431.513
62.505 440.502
446.498 36.498
331.505 -304.501
-181.503 -415.498
-176.257 -423.241
374.500 -273.497
-418.501 197.503
-97.499 456.499
-97.500 456.889
-16.501 467.499
-316.503 -351.496
203.503 -430.505
373.510 -297.498
221.506 428.503
-404.509 -264.502
388.956 -289.015
-274.509 401.503
-159.498 -463.501
-429.504 -236.499
-34.498 -502.500
477.502 -177.506
90.500 500.496
-306.500 -411.502
-100.366 -507.693
-2.504 -520.505
-98.244 -512.026
119.500 -511.501
-396.500 -354.498
-55.501 -535.502
278.499 460.498
-534.498 -69.508
369.504 400.498
319.500 445.499
75.503 -547.492
-497.495 248.503
-377.499 410.504
466.497 309.497
-457.500 -323.505
-367.502 -425.504
126.496 -551.502
481.501 301.501
550.503 144.504
-309.505 476.495
-342.503 455.504
-547.503 189.501
68.492 -584.689
73.357 -587.020
595.497 -55.492
69.499 594.492
-548.498 247.492
-186.503 576.505
581.675 -189.268
582.067 -190.818
16.500 -613.505
541.496 -290.503
-450.496 -421.500
576.551 222.998
-345.499 -513.495
385.502 484.497
595.500 -173.501
578.551 244.673
591.497 213.502
583.030 240.405
591.504 -221.504
-609.500 -164.511
486.499 -406.504
-622.497 122.497
-639.504 -37.489
639.496 -60.497
-95.497 638.501
427.507 486.496
588.503 -275.495
-187.500 -628.496
-50.506 660.497
-553.500 -365.494
638.444 -195.005
-352.495 570.501
643.527 -194.500
654.499 -164.504
607.505 303.501
678.499 -56.503
375.501 570.490
588.497 -352.498
677.485 109.389
182.502 661.495
467.503 -505.505
465.018 -514.564
-687.506 -90.499
558.500 413.507
689.166 92.930
-432.498 -544.498
685.497 121.498
588.499 375.496
637.796 -290.173
673.504 192.503
-667.505 -217.504
-584.507 -390.503
702.496 40.495
642.262 -289.398
390.498 -588.500
687.089 179.023
482.505 -523.494
701.498 -138.503
219.500 -684.498
-339.506 -634.496
-640.497 -327.496
-64.496 718.498
-534.505 -486.506
-656.500 -308.504
165.506 -708.502
-320.497 655.507
634.505 368.498
-595.499 437.500
-80.508 -748.497
-595.495 -461.498
530.502 -536.497
-31.500 755.496
-295.503 702.508
761.499 -103.497
768.501 0.496
-639.501 -432.506
732.505 -257.501
679.504 -377.502
753.497 197.508
255.498 -736.506
551.500 -558.491
153.843 770.942
792.500 -60.498
579.505 545.497
749.501 -279.498
166.505 783.499
669.504 446.507
532.498 604.503
-619.495 517.500
794.503 150.495
750.503 303.501
492.502 -649.503
744.505 332.500
729.501 366.501
742.495 -340.500
-303.496 -770.493
807.500 -195.497
352.501 -753.503
749.498 360.496
826.506 100.506
-722.499 421.497
729.501 -414.496
-77.497 836.502
419.501 -729.497
789.499 296.497
535.501 -652.504
813.500 243.495
-745.499 407.500
487.501 698.502
389.497 -758.506
595.499 610.501
-123.500 -846.491
639.499 569.497
-819.504 -249.503
-299.503 -805.498
-803.504 -309.499
594.493 629.497
744.502 449.502
-552.497 -671.497
404.509 -773.495
-160.496 -859.490
872.501 -60.497
335.500 -811.504
495.502 -725.503
405.244 -783.969
888.505 -18.497
229.500 -867.499
-895.503 -37.502
-389.510 -809.503
401.495 -809.502
472.504 -772.492
452.501 -793.496
516.502 753.502
258.498 -877.500
380.490 -832.500
67.496 921.497
623.501 -684.499
-655.497 -655.500
842.502 392.493
219.495 -909.509
355.503 -871.501
-449.501 829.494
-417.494 -853.500
181.502 -934.502
712.500 -642.495
-172.499 944.499
15.495 -961.499
631.506 724.509
-961.509 -23.510
-930.499 -249.504
-668.500 -697.512
945.497 -213.058
897.504 -368.500
788.501 567.499
946.499 -235.507
-74.499 -975.498
973.501 100.495
714.495 -670.501
626.507 -755.507
-978.496 71.500
886.532 -425.305
906.502 384.494
893.499 -416.491
814.498 555.507
507.498 848.496
285.503 -949.501
963.493 233.501
970.500 206.501
460.502 -879.501
960.500 -253.497
-372.497 -921.496
446.498 893.497
-37.503 -1000.500
335.497 -946.499
987.502 -185.496
-603.498 802.495
-769.502 646.497
851.499 -547.499
462.494 -900.505
535.491 -859.501
676.495 -760.501
203.502 -1000.500
808.504 626.502
-884.508 529.501
1003.500 -245.502
-241.510 1006.500
1019.500 -186.494
-248.509 -1008.500
494.626 913.989
488.097 919.060
918.500 498.498
-369.504 -980.504
-332.497 -1000.500
-1055.500 -8.498
839.496 646.498
503.208 933.674
908.503 550.503
726.494 -778.503
499.504 939.499
445.499 -968.498
-364.505 1001.500
-1061.510 128.503
-344.501 -1018.500
684.501 -836.495
630.497 -878.512
1069.500 177.497
1028.500 361.501
1020.500 395.500
-1008.500 -428.506
1057.850 296.433
-492.495 -986.496
-1075.500 -242.501
1015.500 436.495
1105.500 -34.502
1063.500 307.497
103.503 -1106.500
-878.511 -692.500
792.502 -792.494
905.054 660.950
890.507 680.492
904.208 662.573
993.501 522.502
-566.505 -972.504
570.502 -972.503
-231.503 -1106.500
554.496 985.500
1075.500 -355.502
-132.502 1126.500
576.229 -978.522
1112.480 -234.499
-1092.500 310.507
919.044 675.043
-1135.500 -102.502
666.497 927.500
605.492 -972.501
1090.270 352.095
1091.290 351.417
1146.500 56.495
654.492 -943.501
-349.501 1094.500
1095.630 361.081
765.498 -865.497
1140.500 184.502
201.493 -1139.500
-864.500 776.497
183.499 -1149.500
-156.494 1155.500
-930.508 -706.503
207.564 -1151.260
558.507 -1034.500
-280.489 -1141.500
400.496 -1105.500
818.326 -847.613
-636.503 -994.501
905.500 759.503
773.583 894.300
472.499 1085.500
1137.490 331.498
771.649 899.247
1118.500 392.503
-244.501 -1160.500
-270.501 1159.500
-664.507 -995.498
-703.501 971.501
662.501 -1007.500
-20.498 -1205.500
-502.494 1098.500
1126.510 451.500
-883.501 -833.498
567.496 1082.490
-567.500 -1089.500
877.501 865.498
1239.490 92.499
1192.500 -375.494
1139.500 517.497
1034.500 707.498
1240.500 -186.493
-377.495 -1199.500
-1214.490 323.494
1255.500 -79.500
-1024.490 729.507
776.498 992.495
1177.500 458.497
381.500 1207.490
976.504 809.496
-1077.500 675.496
820.494 -978.502
924.504 882.501
893.506 924.499
-1063.500 -725.493
-1287.500 -136.497
1088.500 703.503
580.491 1159.500
1306.500 27.500
-1099.510 -711.492
1227.500 473.495
-1245.500 -424.498
-703.498 1112.500
542.505 -1203.500
958.501 -915.503
936.497 -943.497
695.503 1137.510
-1311.500 251.495
1325.500 179.497
598.496 1197.510
1323.510 213.501
-817.498 -1064.500
1049.500 -845.503
1323.500 -280.502
679.497 -1170.500
719.493 -1150.500
893.500 1021.500
-706.502 1159.490
847.492 1065.490
-791.495 1108.490
-855.502 -1065.500
912.497 1024.500
-890.502 1044.500
-1350.500 251.500
893.499 -1047.500
848.504 1084.500
-1109.500 -817.503
-1258.500 -573.500
-747.499 1163.500
1352.500 317.502
1205.500 -699.502
1307.500 482.494
-687.503 -1212.500
-947.500 -1025.500
-1339.500 -409.499
1346.500 399.500
1306.510 527.501
-1397.490 -192.494
876.503 1120.500
1404.500 -279.505
1101.500 916.497
1392.500 346.501
1352.500 -480.498
-897.500 -1123.500
1249.500 722.500
1394.510 379.501
1241.500 748.496
-1380.490 -444.498
991.502 1063.490
1393.510 424.490
-828.142 1198.640
-1122.500 -932.498
1420.500 337.500
-1150.510 -902.499
-825.504 1207.500
1413.500 395.500
1063.500 1018.500
992.508 1093.490
-1474.500 -178.498
1174.500 925.502
1158.500 948.508
1355.500 -637.498
-1387.510 565.493
1023.500 1104.500
1422.510 509.501
1276.490 -819.514
-940.498 1191.500
1252.500 870.496
1104.490 -1056.500
1398.500 -662.502
1482.500 -450.505
1291.500 -869.500
1549.500 165.507
1524.500 324.505
1336.500 803.500
1557.500 118.500
-1014.510 -1203.500
1576.500 68.499
-1450.500 630.501
1038.490 -1195.500
1505.500 -494.502
-1564.500 253.498
1590.190 62.665
1183.500 1064.500
-1412.500 -748.498
1138.500 1122.500
1377.510 812.503
1442.500 706.493
1148.490 -1129.500
-1216.500 -1056.500
1529.500 -542.495
1329.500 939.502
1459.500 739.500
1139.500 1182.500
1337.500 -989.504
1521.500 -685.501
1302.500 -1055.500
1245.500 1124.500
1595.510 -525.497
1220.510 1156.500
1373.500 985.490
-1468.500 840.496
-1415.500 -944.504
1493.500 -859.501
-1586.490 716.500
1454.500 -1061.510
1549.500 921.499
1359.500 -1204.500
1454.510 1093.500
1590.500 887.501
-1516.500 -1027.500
-1486.500 -1097.500
