-2.183 1.418
-3.700 2.145
-59.500 -38.499
37.498 59.503
-82.495 0.507
73.505 62.496
-92.501 -37.785
-92.502 -38.979
-138.497 -42.501
-146.498 -0.501
4.500 155.500
-53.496 160.502
123.501 -118.498
152.499 87.497
-14.499 -189.496
-147.498 -143.494
-36.498 204.499
-14.496 -219.508
184.500 -136.499
224.502 53.500
-105.503 221.496
263.503 -26.504
193.502 -184.501
233.498 152.500
-198.500 -198.495
-3.510 -282.501
-295.501 -10.496
270.340 139.497
69.504 298.492
301.505 -60.506
273.507 -141.500
-28.509 311.500
-324.496 -45.501
-334.498 41.493
-129.503 -313.503
-336.651 75.413
252.498 -229.502
328.499 105.503
-97.500 336.503
135.506 322.492
-55.495 -346.505
-350.021 69.788
-278.494 -224.499
-369.497 61.504
356.502 111.498
352.501 130.500
281.500 -250.497
-343.506 -173.496
93.493 -372.493
383.499 -40.503
255.496 299.505
-171.503 364.497
46.499 -397.499
347.500 -199.508
-196.498 356.502
-27.501 422.499
-156.502 -391.500
149.497 -394.501
424.505 64.500
-309.501 307.496
-378.500 228.503
-418.499 -146.498
227.501 -377.505
377.500 -230.494
307.499 -335.506
-424.500 -183.498
-169.500 -433.497
400.499 -234.500
-377.507 282.502
-327.501 341.505
38.498 -478.503
-439.500 221.494
-491.494 58.503
493.502 -9.499
-115.500 493.492
501.498 -35.503
230.504 455.501
-514.503 -49.496
-486.503 -188.498
438.496 -275.504
65.680 -525.484
74.975 -524.843
-228.500 495.499
-294.494 -457.503
542.502 -14.498
-148.496 530.500
535.500 -119.501
451.501 -321.497
521.501 -190.500
-410.504 388.503
-146.495 -542.506
447.500 346.497
521.510 -244.503
-526.502 -248.500
-388.501 438.505
-509.499 295.508
-95.497 594.492
569.501 202.501
444.498 -414.508
188.496 -586.497
435.500 -445.501
-623.500 108.505
520.508 367.507
485.498 -414.502
178.504 -614.504
-427.507 -479.502
574.496 -282.501
-630.496 -158.504
-488.498 -442.504
521.499 406.498
-614.501 -265.503
-557.501 387.506
250.502 630.497
-129.495 669.498
-648.501 219.499
108.496 679.496
-689.499 -20.505
266.505 -642.497
-657.507 -240.499
-381.500 591.495
-637.493 304.499
506.506 496.498
13.501 712.501
13.501 712.891
670.500 245.502
-477.496 -534.500
283.503 662.500
629.495 -358.501
-205.502 700.504
-350.493 644.489
-105.501 736.500
-749.499 -37.498
738.508 -116.497
-698.503 282.499
-723.496 215.498
247.500 715.498
753.498 62.501
-463.508 -610.504
-766.497 -90.502
232.038 736.113
-730.505 272.494
272.499 728.501
-643.499 448.499
312.498 -726.497
393.496 -689.496
-526.503 -600.496
-562.503 -567.500
-456.498 -665.501
631.497 -511.496
41.496 816.490
-94.499 -811.496
795.506 188.504
106.495 815.508
-817.497 -110.502
658.496 -491.496
766.501 319.500
-745.501 -377.499
682.495 479.503
-755.498 367.500
788.497 -275.496
668.507 525.503
-237.497 -817.508
700.503 -485.498
787.502 331.492
555.502 652.497
817.498 -258.504
704.501 495.498
-527.509 685.499
-822.501 272.499
654.501 568.491
-353.509 795.502
80.504 867.504
-816.500 -306.500
437.500 -756.498
-522.498 706.496
818.500 311.502
-884.503 41.492
790.501 -389.500
839.504 -291.501
472.500 755.865
590.496 673.506
146.501 885.501
-775.501 459.493
-901.495 -17.498
219.495 873.504
-447.501 783.498
-221.500 874.506
147.497 -888.499
472.501 769.500
905.499 -21.507
709.498 567.506
-724.493 556.499
-523.498 750.492
-152.498 -900.501
914.496 46.506
277.505 -877.502
891.497 231.505
23.496 925.501
756.498 -529.497
-674.502 638.499
240.498 -901.504
632.493 688.501
-677.496 658.594
877.741 -338.499
936.503 178.498
814.498 -500.498
-269.495 -922.508
-915.095 305.570
156.507 952.507
-916.500 308.496
265.507 931.502
124.495 -959.497
-56.500 971.506
-964.505 -143.499
-896.502 -389.505
-969.498 176.492
-744.497 647.501
-384.494 -906.505
-309.495 939.502
-644.497 752.504
-632.494 -768.500
122.504 -989.503
-955.496 300.497
667.500 -747.502
-343.494 -949.500
428.501 915.498
53.498 1013.500
-107.500 1015.500
726.504 718.497
1016.500 89.509
119.501 -1014.500
-203.496 -1002.500
1010.500 -174.504
700.498 754.498
-636.302 814.849
104.505 -1024.510
-393.715 959.184
-393.766 959.275
378.496 -963.506
1036.500 -24.508
970.500 376.495
986.505 334.500
-648.474 821.964
-678.496 797.500
-649.177 823.165
72.499 -1049.500
419.504 -967.503
-850.498 -630.495
154.496 1050.500
640.499 -844.507
-1057.510 129.504
1060.500 40.504
-139.499 -1059.500
363.504 1007.510
666.504 -836.494
-33.508 1073.500
-709.506 -805.504
312.502 -1024.500
921.497 549.502
1044.500 -251.491
296.500 1036.510
-1000.500 412.500
958.497 -491.505
-714.503 813.505
202.501 -1065.500
-668.508 865.499
426.499 1005.510
-987.502 474.501
144.508 -1088.500
-62.497 1100.500
-835.503 723.500
-855.499 700.505
-1100.500 -111.503
-209.502 1087.500
535.500 970.498
-1120.500 -47.497
-426.498 -1035.490
659.503 908.501
1090.500 -259.496
-585.506 -960.503
-443.507 -1035.500
-470.496 1029.500
-784.499 831.498
-1140.500 -103.504
821.991 803.952
-432.499 1068.500
825.112 803.012
226.501 1131.500
-684.502 -928.499
879.501 -744.497
109.498 -1150.500
189.500 1144.500
-402.499 1089.500
-819.499 824.498
-1162.500 7.505
-913.497 720.503
691.493 -934.498
-645.509 975.507
-878.499 778.500
-961.499 673.500
597.501 1019.500
828.497 842.502
-1099.500 -439.497
1182.510 -25.499
1082.500 485.495
881.499 804.497
1032.500 606.500
-211.492 1186.500
957.500 732.501
1001.490 674.501
-397.497 1152.500
-1081.500 574.499
877.501 -848.499
1219.500 114.500
-826.502 911.499
1057.500 623.503
1171.500 -371.494
-1235.500 -116.490
359.493 1186.500
1235.510 -87.495
-904.496 855.501
-1155.500 -462.498
1241.500 19.497
-1221.500 257.497
1241.650 86.175
1242.280 86.942
-1148.640 511.929
1251.960 57.900
1038.500 -701.502
-735.499 1024.500
1214.500 -327.503
1110.510 -600.502
-1199.500 419.506
609.503 1112.510
954.499 834.497
475.502 -1175.510
857.502 -941.499
1276.500 29.501
904.498 -904.498
-1286.500 -105.500
752.503 -1066.500
1070.500 -750.499
946.501 -905.500
894.501 -959.500
-1303.500 213.507
1236.500 461.502
908.063 -962.381
729.503 -1108.500
-759.496 1094.490
1321.410 -132.499
1079.500 -777.501
1041.500 837.506
-1078.500 811.499
-911.502 997.500
1138.500 -724.502
909.501 -1003.500
1005.500 -910.503
-805.500 -1096.500
1193.500 -649.496
1342.490 258.500
1055.500 -873.498
962.492 -977.503
-1382.500 67.495
-1354.500 -295.505
917.501 -1034.500
1320.500 -414.506
-1394.480 -62.505
-1369.500 -277.495
-1101.500 868.501
-859.029 1109.550
996.505 986.500
-860.502 1115.500
1112.510 860.499
-1403.500 148.498
1392.500 203.500
-805.503 1162.500
1068.500 926.504
1361.490 394.499
1157.500 825.500
-914.499 1095.500
1132.510 864.495
-1302.500 -588.499
1389.500 -325.501
-942.500 -1084.500
1306.500 610.505
-1114.500 922.501
1443.500 -76.497
1191.500 825.491
1376.500 453.496
1272.500 694.494
999.504 1052.500
-1392.510 -421.499
-855.497 1179.500
-906.501 1144.500
-1246.500 -768.499
-1286.500 -715.506
-949.498 1133.510
1466.500 -200.494
933.500 1151.500
-1016.500 1083.500
-1448.500 337.502
1076.500 -1030.500
-1273.510 788.507
1496.500 27.493
-920.493 1189.500
1019.500 -1099.500
1040.500 1083.500
1377.500 606.500
1108.500 -1020.500
-1068.500 -1068.510
1457.500 397.504
1482.500 306.500
1231.500 -881.503
-993.490 1156.500
1360.510 -693.506
-1483.510 388.505
-1021.500 1149.500
1281.500 844.499
1496.500 -349.510
-1308.500 832.500
1318.500 -811.499
-1045.500 1150.510
-1071.330 1130.380
-1080.200 1123.790
1419.500 644.485
1010.500 -1200.500
-1159.530 1076.970
-1494.500 526.499
1252.500 -963.500
-1391.500 -761.499
1563.500 -272.497
-1473.510 603.507
1518.500 475.506
1465.500 632.502
-1513.500 531.497
1467.500 -646.494
1415.500 760.505
-1528.500 522.502
1357.500 -882.497
-1406.490 827.500
1582.490 -387.495
-1136.490 1174.500
-1608.500 292.491
1560.500 -491.498
-1308.490 1004.500
1141.500 -1187.510
1138.890 -1196.020
1404.500 874.503
1181.500 1161.500
1333.500 -991.500
-1404.500 918.507
-1182.510 -1207.500
-1269.510 1179.500
-1506.490 908.501
-1325.500 1180.500
-1523.500 -963.508
-1573.500 -933.495
1467.500 -1089.500
1388.500 -1198.500
1509.500 1141.500
-1502.500 1211.500
-1508.500 -1205.500
