0.499 -0.497
12.498 -109.500
73.501 84.500
-112.500 24.504
-105.497 74.495
129.898 76.661
136.499 83.503
-72.501 148.501
-168.498 56.502
-122.497 -131.501
166.504 -79.500
193.499 20.502
61.502 -222.503
3.497 -240.499
57.501 242.494
204.502 -155.506
263.503 -2.495
220.498 176.500
-44.495 285.493
-304.502 18.495
281.504 -155.502
-99.492 -305.498
275.493 168.501
196.497 261.491
28.505 325.501
-270.500 183.504
287.499 -201.500
-131.497 -336.499
-327.495 154.505
202.494 324.501
-309.504 -241.501
397.504 -12.005
340.494 207.494
-120.491 382.504
386.499 -139.502
-36.502 -410.499
-422.500 51.499
389.505 174.499
352.507 243.501
375.499 -224.504
185.500 399.500
-146.498 417.496
-414.506 -196.501
-401.509 230.504
-288.503 -367.500
357.505 -304.503
31.500 468.496
-73.498 468.501
-382.499 -285.500
424.493 240.498
-262.500 -425.491
422.507 -269.499
128.495 485.496
428.501 277.499
-218.504 -478.499
-523.511 -67.496
528.502 58.505
-64.504 -530.500
-404.492 353.497
-148.498 -517.500
529.498 -156.502
-122.494 -539.501
413.505 -368.498
336.501 442.504
524.497 -204.498
275.494 -496.494
566.498 111.496
551.502 176.495
-503.501 -292.499
-191.497 559.500
249.502 -542.498
577.498 -208.493
591.498 182.504
-465.497 -408.506
-113.500 -614.503
366.494 -509.506
385.497 -514.497
648.503 75.502
543.503 365.496
46.497 653.502
-328.501 570.499
-80.504 -671.502
-323.496 595.505
-665.507 148.503
686.491 83.502
647.496 -252.495
-458.498 522.496
485.502 -505.506
-681.503 181.499
600.500 376.506
-305.495 639.500
215.502 -677.500
-533.500 478.500
717.498 81.498
-683.501 231.503
26.501 -734.502
-192.498 -718.504
407.492 -632.497
-149.500 737.498
-712.500 -286.503
670.502 -401.499
-493.501 605.498
-224.503 750.503
650.500 -447.497
-451.502 -651.498
43.498 804.500
-688.993 -426.887
-689.002 -426.986
-783.501 -211.502
703.490 414.499
746.497 347.497
819.505 -83.500
757.499 -337.495
-795.503 286.507
-87.496 842.497
511.492 -683.501
867.492 68.497
803.502 -336.501
-633.500 -602.499
857.502 218.499
-605.500 644.509
-885.506 57.496
-769.493 -446.501
-452.500 765.503
818.496 -379.498
816.895 -386.723
-409.506 808.501
417.506 -807.505
-59.508 908.499
625.504 668.498
814.500 -420.503
903.497 -158.504
445.499 802.499
640.498 -666.109
640.498 -666.499
-876.497 295.500
337.491 -866.496
931.499 165.491
906.502 275.504
891.503 335.496
727.494 -621.507
951.500 100.502
447.491 845.505
-787.501 548.501
646.498 -714.501
-779.493 -580.499
893.498 -411.498
981.497 -86.497
130.501 976.502
82.499 -983.499
-516.502 -843.496
-949.500 -276.502
-713.494 685.504
-671.490 -729.500
806.500 -582.510
-84.495 -997.504
263.501 -966.498
-808.504 -590.502
916.502 -405.500
-571.505 -824.498
999.504 -92.498
933.500 -380.499
-1004.500 74.501
709.027 -724.922
-561.495 845.502
-943.499 398.492
825.817 -608.109
-921.496 -450.500
278.492 987.505
829.452 -607.406
-1022.500 -137.495
-511.496 918.496
-983.501 374.502
1006.500 326.505
992.496 -372.493
-866.491 -611.500
1041.490 -220.498
-359.500 -1008.500
1083.500 -1.502
156.501 1071.500
713.493 -821.509
1013.490 -416.499
-59.503 1094.490
858.500 -684.499
1040.500 362.498
605.499 920.505
-912.501 -623.504
-27.495 -1105.490
-1064.500 324.504
685.495 877.491
56.505 -1123.500
-1127.500 -115.499
1075.500 -365.506
-518.500 -1015.500
-1117.500 -223.499
-1125.500 185.503
372.499 1081.500
977.501 -597.498
-729.493 -886.499
819.503 813.501
-472.501 -1062.500
797.502 -849.498
-933.505 -698.502
-553.499 1025.500
-1006.500 -594.495
-1160.500 145.505
2.502 1173.510
1078.500 478.503
1185.500 123.505
215.499 1174.500
-152.504 -1194.500
644.491 1019.500
494.505 1102.500
1080.250 544.380
-1122.500 -455.507
726.500 976.502
1084.500 555.505
-1209.490 -144.495
-193.498 1202.500
381.495 1162.500
-1148.500 427.502
1172.500 373.497
1223.880 134.231
1228.860 129.142
1235.490 37.500
-622.498 -1078.500
781.498 -975.496
507.227 1145.220
-1150.500 494.503
-752.506 1005.500
502.495 1151.500
-1224.500 285.496
-854.503 922.503
-652.501 1080.500
-435.501 -1186.500
839.497 946.501
-736.503 -1029.500
445.510 1185.500
437.498 -1190.500
1264.500 -140.502
1015.500 -773.499
1240.500 -315.500
1054.500 -728.505
1167.500 534.497
-888.495 -939.505
-1054.500 748.500
647.499 1135.500
-1232.500 446.495
-918.505 -942.492
-1126.500 -680.494
-1303.500 191.498
-890.498 -972.503
-1306.500 -188.500
-1289.500 323.503
-577.504 1205.490
-1313.510 255.497
-1055.500 823.505
-1268.500 -431.503
-781.495 -1105.500
1184.500 -665.498
-1290.500 423.500
1360.380 -76.627
1360.400 -76.722
1343.330 -249.497
1291.510 455.501
1369.500 -182.494
-1290.500 495.494
1376.500 187.503
1385.240 173.763
1218.500 683.501
1387.320 180.756
968.495 1009.490
1313.500 482.496
1272.500 -587.504
-1361.500 -332.500
-771.494 -1172.500
-1141.510 -818.502
-1096.500 -880.501
-1356.500 382.504
811.503 -1154.500
1238.500 -676.505
1376.500 -340.503
-1066.500 944.497
1396.500 340.496
-1307.490 -607.502
-1021.500 1024.500
1099.500 941.490
-799.506 1206.500
-1403.500 -409.501
-1418.500 368.500
1424.500 -391.502
1286.500 -732.495
-1157.930 -931.497
-1410.500 -472.496
1072.500 -1032.500
-1161.040 -931.496
-1382.500 -551.502
-1384.500 555.498
1239.500 842.499
-1285.490 -773.503
-1452.510 -385.495
1384.490 596.504
1367.490 641.497
1503.500 167.500
1434.500 -522.507
1398.500 642.496
957.503 -1206.500
1423.500 -617.496
1545.500 -176.499
-1274.500 -898.496
988.498 1209.500
1133.510 1080.500
1498.490 458.496
-1455.500 -596.508
1198.500 -1020.500
1475.500 550.501
-1533.500 -383.504
1461.500 -605.504
1380.500 -787.494
1468.500 613.502
-1206.510 1052.500
1608.500 -169.497
-1614.500 84.505
1302.500 964.502
1590.510 339.503
1609.500 248.500
-1584.490 383.494
1527.510 -578.499
1243.490 -1061.500
-1385.500 870.501
1401.500 -857.496
1186.510 -1153.500
1165.500 1179.500
1306.500 -1023.510
-1501.500 705.500
-1519.500 673.500
1433.500 -888.505
-1220.490 -1169.490
-1431.500 922.505
-1356.500 1043.490
1403.500 -990.506
1513.490 -814.505
1564.500 -719.503
-1426.510 981.502
1550.500 -783.495
1501.500 -900.503
-1580.500 -752.502
1431.500 1033.490
1576.490 -841.513
1484.500 -1009.500
-1499.500 -1038.500
-1393.500 1182.500
-1549.490 -988.498
1420.500 1190.500
-1488.500 1160.500
1599.510 1135.500
