0.501 -0.492
-7.499 -65.501
60.497 44.505
146.501 -32.497
-124.504 -136.503
38.499 -186.497
-166.501 -92.497
189.502 -74.498
-171.510 -171.502
-237.495 -53.500
249.498 32.496
-212.497 152.499
-155.495 216.506
189.496 -225.497
315.498 -3.499
96.499 -312.506
-201.496 293.500
-118.504 -338.496
-278.498 -249.505
375.505 26.501
203.501 319.497
-103.505 369.498
-322.841 239.933
324.499 -257.502
233.500 -343.502
-34.503 418.492
384.502 176.498
-337.144 258.931
-340.785 260.869
-180.501 397.502
-390.490 -269.500
-56.500 494.492
466.503 182.494
146.503 -482.500
-300.500 -406.501
485.504 161.502
71.499 -509.496
438.503 278.506
384.508 356.496
521.500 81.503
205.500 486.496
436.495 298.502
-516.503 111.506
-518.655 102.889
-495.499 222.503
-400.496 367.499
541.506 62.499
-334.499 458.504
148.497 554.499
-577.495 -19.501
-557.505 151.500
201.498 543.492
-461.502 353.506
-251.505 -554.494
-449.502 417.503
-570.500 227.502
-325.493 -535.495
-590.503 207.501
471.358 437.036
545.502 -344.496
470.499 -445.501
96.496 643.492
637.502 -158.502
538.502 -380.503
488.500 -453.506
65.501 668.493
442.506 -522.494
168.500 670.496
616.496 -320.499
695.503 -21.492
643.503 284.503
-365.898 600.504
-460.502 -533.506
566.507 419.498
-521.506 -478.497
228.495 -677.502
717.496 9.502
-374.506 614.503
234.506 686.499
-450.502 -574.500
133.997 718.042
-594.496 427.492
714.218 175.553
133.498 723.505
715.681 175.301
-264.501 -699.499
399.504 -645.500
-572.681 -497.226
-572.005 -499.469
771.976 -78.507
-592.497 526.501
-653.508 -453.501
-746.498 -288.507
667.495 -446.507
478.504 647.499
-780.496 -198.504
804.499 98.505
-810.506 27.497
395.493 -710.507
-663.494 475.501
250.495 779.497
490.504 -657.494
-217.498 -797.501
728.498 -396.501
546.495 629.505
814.503 197.498
-110.501 840.505
524.497 -668.500
850.503 -90.501
-231.492 822.500
-585.493 630.502
862.501 -40.497
-861.499 -72.506
267.510 823.492
359.495 -802.498
798.501 388.496
865.498 -202.496
775.502 439.504
-164.512 -876.492
741.496 495.500
-21.500 -892.498
-889.498 84.499
-461.497 -768.500
883.497 162.504
441.499 785.504
232.498 -874.502
905.499 62.503
678.495 611.504
622.493 678.498
44.503 -922.508
-537.503 -757.496
-317.507 -875.506
243.503 900.501
841.498 412.499
11.498 -938.505
-66.502 -938.497
-65.441 -947.367
490.500 -823.498
-146.495 -948.505
-387.482 -878.544
-865.503 414.502
958.501 78.496
-0.507 961.499
64.501 -961.499
388.504 -889.503
-538.507 -808.506
909.496 -348.504
31.498 972.980
673.504 712.505
988.501 8.498
906.505 410.499
-163.499 -987.505
-5.502 -1006.500
-884.497 -483.504
140.496 1000.500
-150.502 -1006.500
1016.500 78.506
580.498 -842.500
-990.499 -273.510
-28.503 1034.490
254.508 1006.500
-779.504 687.500
1025.500 -203.498
342.498 988.505
-961.507 412.499
-1025.500 230.503
1027.500 -250.503
1058.500 -77.495
1005.500 339.508
270.505 1029.500
875.501 619.499
802.495 -736.503
117.495 -1085.490
-297.502 1050.500
-1081.500 153.495
559.501 939.505
1091.510 -127.507
-832.500 -720.502
-1085.500 -188.502
1101.490 53.499
1105.500 -31.504
-1103.490 -77.501
153.497 1099.490
-62.498 -1111.500
960.502 565.488
-520.504 -995.499
1098.500 -245.497
1058.500 -392.503
-353.497 1072.500
749.501 849.504
-732.505 -864.495
452.497 1038.500
1106.500 -281.503
-1068.500 -405.498
721.502 -888.504
-680.498 925.499
-999.508 568.505
396.502 -1089.510
-944.498 -690.501
-1061.500 -505.502
-1137.690 -299.557
-1173.500 -93.501
-1138.940 -299.159
790.503 875.499
-411.496 1107.500
-672.496 974.499
-941.492 726.496
-1122.500 397.501
1142.500 -345.505
-991.506 668.496
-1199.500 -22.498
737.492 956.500
761.501 940.492
-355.503 1159.500
955.499 757.501
273.502 -1196.490
809.500 -939.506
1218.500 -237.496
1183.500 375.501
-509.506 -1142.510
752.782 998.837
-1244.500 -121.502
1208.510 325.493
752.810 999.308
360.500 1201.500
974.499 -806.512
1255.510 175.501
1194.500 -427.501
1236.500 297.507
970.500 -826.501
1175.500 -493.496
801.500 -993.501
598.503 -1134.500
1158.500 -559.504
1178.500 -516.497
1189.180 -498.358
1194.490 -517.499
-1300.500 38.508
-977.507 860.508
-1230.490 -437.503
-521.500 1208.500
728.499 1111.500
-1266.500 404.501
601.499 -1194.500
1112.500 751.508
1341.500 -65.504
900.506 996.489
849.500 -1043.500
1033.490 864.499
925.500 984.496
696.504 1160.500
-1279.490 -450.499
1358.500 -8.501
-845.498 1062.510
1360.500 63.501
821.493 -1089.490
1244.500 -564.500
1155.500 734.505
1291.510 470.496
-1101.500 -825.111
1000.500 945.507
-1101.500 -825.502
1382.500 35.495
-892.498 -1062.500
1028.500 933.498
-1386.500 93.494
1394.500 10.494
1388.500 -154.497
1335.500 -413.500
1388.500 -195.502
1393.500 173.510
1344.500 406.493
1399.500 137.505
1069.500 -913.498
1143.790 818.245
1148.730 811.315
1408.180 -2.117
1396.940 -204.935
1332.270 487.971
1332.400 488.534
-1277.490 618.501
1389.500 -302.497
1042.500 967.499
953.500 1057.500
1334.220 509.872
-1219.500 743.504
-1070.500 946.502
772.502 -1204.500
-1131.500 -881.499
-796.496 1196.500
-792.498 -1208.500
1359.500 497.493
1006.500 -1043.500
-952.494 1100.510
-1300.510 -655.505
-1106.510 946.497
1458.500 86.501
-1365.490 -533.496
1281.500 717.500
1321.500 -642.499
1236.500 800.492
879.496 1185.500
-958.581 1132.390
-958.351 1132.990
-1440.500 368.505
1473.490 -217.500
1336.500 666.508
1488.500 -205.507
1454.860 -378.901
1228.500 872.502
1459.860 -381.321
1334.500 -708.502
1509.500 -112.501
1488.500 280.502
-1018.500 1126.500
-1421.500 -557.503
1337.500 746.502
1529.500 -88.499
1530.500 -134.502
1509.500 329.502
-1278.500 872.504
-1350.500 -759.499
1496.500 428.506
1233.490 969.502
1091.490 -1129.500
1265.500 931.502
1545.490 -291.502
1453.500 -603.504
-1573.500 -23.498
1574.500 26.497
-1451.510 613.498
-1215.500 -1008.490
1565.490 229.504
1447.500 648.502
-1200.490 -1036.500
1314.500 891.494
1322.500 -893.509
1489.500 575.493
1595.500 142.506
1382.500 823.504
-1610.500 40.493
1576.500 -346.497
1618.500 -14.503
1475.500 666.504
-1554.500 465.498
1242.500 1051.490
1335.510 934.507
1607.500 -306.492
1107.500 -1210.500
1451.500 -770.499
-1539.500 -576.508
1319.390 987.789
1570.500 508.497
1492.500 -711.499
1322.510 993.496
1402.490 882.504
1381.500 922.504
1508.500 -728.496
1431.510 873.499
1310.490 -1063.500
1379.500 971.505
1451.500 861.498
-1210.500 -1181.500
-1596.500 557.500
1271.500 1126.500
1276.490 -1132.500
1399.500 -976.500
1511.510 797.497
1487.500 864.501
1364.500 -1055.500
1441.500 -949.503
1576.500 713.502
1254.500 -1193.500
1502.500 865.496
1546.500 -801.499
1478.500 930.499
1586.500 -742.496
-1353.500 1122.500
-1314.510 -1171.510
1453.490 1057.500
1452.500 -1074.500
-1419.510 1137.500
-1404.500 1165.490
1610.550 863.007
1444.490 1182.510
-1502.500 -1174.500
-1587.500 1096.500
1565.500 1194.500
