-20.104 4.142
-38.097 -8.853
-83.107 12.149
32.887 -31.864
82.910 -30.866
-163.104 -29.860
-42.103 153.142
-0.097 -159.859
-162.892 101.169
-166.095 111.141
-137.099 -142.862
134.892 115.140
33.913 201.130
147.894 -148.868
-96.096 -210.868
117.892 -178.855
48.913 225.138
206.898 51.145
108.901 197.135
-261.099 -38.863
-275.101 67.138
137.905 -211.857
221.897 136.136
247.905 128.144
-112.099 291.132
209.896 -191.865
-322.109 -25.856
-342.089 -8.860
-344.100 94.139
-351.169 86.856
319.897 -30.858
-372.106 22.148
-318.103 202.130
263.891 -215.865
-200.102 320.147
290.901 203.139
-387.107 -86.864
-412.099 11.138
-413.093 39.141
-268.097 -304.859
-97.098 410.138
-425.095 -79.864
312.897 -245.862
114.905 -398.859
376.903 160.145
-412.106 -168.856
43.905 428.139
-34.102 -424.866
-467.092 -7.861
-417.100 -228.862
309.907 325.134
444.902 -36.860
357.909 279.128
-196.092 442.135
226.902 407.137
-304.113 389.150
434.911 188.139
-493.105 147.146
-277.092 432.148
107.899 490.146
479.897 73.140
-454.103 -254.868
-47.094 -513.857
106.903 -499.849
497.899 -66.854
-139.099 514.137
-354.103 -403.859
-490.101 246.139
513.900 82.135
508.901 115.138
-555.104 101.144
-332.091 -447.854
312.897 -439.860
461.896 -310.855
58.896 -568.851
-444.095 -389.858
497.894 -256.857
534.897 176.133
-551.102 -235.852
413.889 393.145
-149.100 -570.861
-27.106 594.135
-549.093 -257.861
275.901 -507.855
370.906 -445.861
45.902 599.147
-560.104 264.136
-427.104 444.141
-501.096 -365.852
-29.088 -607.866
168.908 -589.864
-642.108 47.136
365.891 -504.868
-417.101 505.144
-506.096 -411.849
-118.095 642.131
-666.108 44.142
171.905 627.147
-561.099 368.140
-561.099 368.194
301.902 -563.860
-666.101 125.139
-356.104 577.140
614.897 -205.851
184.898 -632.857
-641.096 259.153
542.903 -361.856
-651.103 -225.864
-643.095 -247.855
-112.106 670.143
-497.102 -477.858
-696.104 68.135
220.895 647.128
-706.113 40.142
149.902 671.147
-571.099 -410.858
-661.101 -250.855
-27.101 701.141
649.902 205.139
-681.099 -228.857
-721.096 -23.854
-130.094 708.138
-677.084 282.140
-726.096 -116.856
419.502 570.484
422.634 573.136
706.897 -55.855
277.905 -665.863
-108.109 733.137
170.903 716.143
126.903 -719.857
642.739 335.499
-251.107 710.139
-270.094 -695.851
647.656 333.457
691.842 226.993
694.706 226.747
-226.099 -715.856
-643.100 430.139
539.904 517.145
608.908 -422.862
-736.091 -271.860
244.900 729.150
-792.108 -49.865
642.910 407.138
-177.102 -761.860
-150.095 777.143
-660.104 -449.869
-245.101 -749.870
163.898 -783.872
738.902 299.149
-466.099 698.141
15.907 -823.867
-847.100 -68.858
459.904 -674.867
-177.100 822.141
-555.101 648.142
-661.099 -536.867
-801.107 312.139
260.457 -798.031
-775.098 397.141
-869.102 70.141
-827.531 276.840
-827.099 284.144
267.679 -805.419
771.899 -329.866
-828.098 307.138
844.896 7.141
356.902 783.138
-754.104 -456.858
-496.099 -738.864
-364.110 -809.863
515.895 -700.848
-907.104 -63.865
-866.104 -272.860
-900.095 -138.854
-63.101 895.140
445.898 766.142
702.895 -521.859
46.904 896.137
309.974 -828.898
307.728 -831.919
86.898 -888.858
390.905 -795.867
-920.100 23.143
653.900 602.142
-244.108 878.139
-917.102 -139.856
-738.102 565.139
797.896 -415.852
817.901 -376.864
382.891 835.149
494.888 -768.863
-957.105 1.136
1.903 941.132
360.899 861.135
-228.735 919.620
-726.100 -615.860
-961.096 -66.855
-215.099 934.136
-679.100 691.139
906.900 -228.856
-263.091 931.134
-976.099 -102.868
-422.096 880.135
150.895 -944.865
-331.104 920.145
-859.090 492.140
-756.106 -631.873
-163.099 -958.856
-341.108 -917.862
-800.104 594.138
889.900 363.135
-911.105 -416.844
-1008.100 -69.858
-872.094 -515.856
-689.094 753.132
969.904 183.140
-31.099 1011.150
478.904 -884.853
-994.101 -303.851
-211.107 1008.140
-836.094 626.151
-665.106 -800.868
-935.101 483.138
445.900 -920.853
-99.103 -1031.850
969.899 322.140
617.907 827.139
-993.108 385.149
-145.105 -1036.870
585.887 -851.857
-557.097 -900.857
-909.104 -566.862
-249.354 1035.600
-682.104 830.132
16.897 1063.130
782.905 696.138
330.906 -998.857
256.906 -1021.860
931.899 -474.868
-254.094 1044.140
821.905 -649.853
-468.098 973.136
371.907 1006.140
-136.100 1077.140
688.898 -811.856
1018.900 306.146
-993.105 -469.856
-845.086 706.143
-894.105 646.146
-677.101 873.137
220.896 1068.140
-1084.100 247.142
-14.085 -1096.860
151.897 1092.140
312.905 -1045.860
-739.105 -830.859
-561.101 964.140
-340.089 1060.140
-742.097 846.140
1071.900 -202.852
-899.110 -687.859
-950.105 633.143
-1100.100 -304.869
-804.103 810.139
1108.900 -77.859
-699.099 913.135
-778.102 851.147
-914.097 716.148
-1167.100 12.148
220.895 1131.150
-786.105 876.147
-179.098 1155.140
726.899 894.147
-682.112 962.142
-132.090 1165.140
-892.099 783.145
-1192.100 38.135
-916.093 -755.856
-829.099 858.138
683.904 -943.850
1057.900 498.135
796.902 -857.854
-1069.100 568.142
-994.105 691.144
-899.110 -802.857
-1168.090 336.144
986.901 -661.863
-916.096 825.137
1060.900 -554.864
-1051.100 -649.863
-1238.100 -117.865
571.896 1077.150
-901.098 862.148
-1182.100 407.148
-498.100 1142.150
-1241.100 -210.858
-1261.090 54.140
778.907 960.145
1191.890 -286.862
-943.485 843.525
484.904 1149.140
932.910 816.140
1070.900 620.141
369.897 -1186.870
1002.900 729.131
-726.689 1043.610
324.894 -1204.860
-1246.090 -277.862
428.892 -1172.850
-1077.100 692.144
-1050.100 -736.860
939.897 -826.853
1192.900 -371.872
565.899 1132.140
-615.097 1128.140
880.913 904.146
468.907 -1177.870
1259.890 -29.856
-892.110 943.139
-725.599 1074.650
773.894 1012.140
-696.987 1101.640
-997.099 -845.859
-702.708 1105.620
-673.103 1129.130
762.902 1046.150
-1256.100 -412.865
-721.703 1104.390
-1119.110 -700.864
-722.053 1105.450
-1310.100 -269.870
-1335.090 105.137
1181.900 562.143
1170.900 -578.862
-665.095 1164.140
-1086.100 -786.866
765.902 -1082.860
883.904 -988.863
907.897 978.140
-732.102 -1138.860
-1370.110 -30.863
-1368.100 163.141
759.895 1118.140
-1383.100 82.140
1147.900 -702.854
-770.106 1160.130
-1254.100 -616.865
1340.910 249.147
1360.900 -104.868
-1383.100 276.144
-1004.100 -987.866
-1376.110 343.146
-758.101 1192.130
-827.094 -1138.860
1022.900 939.148
1073.900 -882.858
-1181.080 803.147
-1427.100 128.134
1381.900 -177.855
-1367.110 471.140
-1393.100 -393.854
1413.890 -17.855
949.895 -1054.870
-1074.990 -972.056
-1076.530 -971.433
-1076.100 988.139
-1462.100 -116.857
-1394.100 -453.868
-1434.110 418.137
1455.900 23.138
-1179.100 -912.860
-1209.090 -873.860
1417.900 -357.868
-1165.530 -939.425
-1170.740 -934.119
-1285.090 793.135
-1439.110 525.142
1345.900 -644.851
-1412.100 597.137
-1514.090 274.138
1484.890 -230.869
1269.910 -807.863
-1207.090 -966.852
1037.890 1115.150
-1353.120 764.048
1511.900 142.141
1481.900 -344.863
-1363.810 763.355
-1167.100 1040.150
-1103.110 1108.140
1421.890 563.139
-1537.100 306.142
1298.900 816.141
-1035.100 1186.140
1249.910 910.144
1441.890 569.419
1448.890 570.784
-1335.100 873.136
-1131.090 1127.140
-1112.100 1148.140
1438.900 616.159
-1480.100 -612.856
1565.890 -2.858
-1127.100 -1143.850
1578.890 -48.867
1578.900 124.144
-1608.110 255.132
1535.900 451.135
-1611.100 -339.863
1614.900 -24.860
1117.900 1209.140
-1609.110 497.140
1512.900 -652.868
1575.900 -562.856
-1447.100 -912.861
1575.910 -572.336
-1544.090 -818.862
-1285.100 1195.140
-1547.090 -886.860
1382.890 1118.140
-1466.100 1121.150
-1617.110 896.136
1388.890 1172.150
1592.900 896.143
1481.900 -1080.870
1483.900 1088.130
-1441.100 -1196.850
-1521.100 -1131.860
-1599.100 1103.150
-1561.100 -1185.850
1611.900 1069.140
-1618.100 1162.140
