0.484 -0.582
0.204 -3.132
48.504 31.501
-40.500 81.496
87.506 -148.498
-137.503 132.501
-202.495 -68.503
161.497 -180.501
137.497 220.501
91.499 259.500
262.496 -87.503
0.495 299.502
220.500 -217.497
-76.496 -303.502
-270.505 -159.498
-213.495 255.495
20.504 -345.500
-338.500 -69.502
-323.487 -129.499
-182.501 311.499
-5.500 -362.497
363.499 29.498
-360.499 76.497
-250.952 270.028
-250.892 270.122
395.504 -68.499
84.997 409.008
284.502 316.505
-191.499 -391.497
-325.844 301.946
-332.198 296.827
-312.502 -325.494
303.504 -354.491
-344.494 328.492
-482.495 -19.505
-411.501 -286.501
317.503 -389.503
-304.506 412.501
461.000 248.000
408.494 347.509
-555.497 1.499
-26.507 -572.505
-231.435 -528.764
-241.440 -530.871
-198.502 548.503
577.495 129.504
-537.501 250.499
557.493 -254.500
-353.490 500.498
112.506 603.507
483.503 387.502
-475.498 399.507
269.500 -563.500
290.500 -555.497
560.498 291.506
-593.497 -219.507
368.494 538.497
340.496 -565.496
590.510 -333.501
-12.501 -689.498
-32.498 -697.503
-182.507 682.496
444.497 -576.502
96.498 720.499
728.499 -31.509
639.501 -355.498
-297.505 -673.502
-42.495 736.497
-49.498 -745.493
717.501 -232.499
-533.505 -533.505
-749.495 129.498
415.502 -639.500
736.502 207.503
-187.500 743.499
-739.494 208.505
643.508 424.506
729.495 -251.511
-694.502 -340.499
503.499 589.498
209.501 746.503
60.501 773.500
58.492 -780.493
688.498 373.498
-389.499 679.499
-464.503 645.502
-133.502 -788.504
578.499 556.501
-95.499 -803.501
-140.497 803.501
821.504 20.500
241.496 -792.498
-689.505 460.497
738.500 -402.500
-745.507 -394.493
472.500 700.497
-334.497 -778.497
-642.501 553.507
12.499 -853.499
563.498 -645.497
460.495 -744.503
-663.501 574.493
872.496 -141.501
-846.500 -268.502
-787.499 -430.500
427.501 -803.500
736.501 -547.496
-878.500 267.505
-606.498 -695.496
922.500 53.504
-275.501 886.502
331.499 -869.500
638.499 678.498
127.502 -929.497
85.500 937.494
-121.499 938.501
-336.504 -890.494
948.507 -94.501
-270.499 917.500
-567.504 771.496
-864.501 413.508
569.495 -780.500
-298.500 920.500
34.507 967.501
831.505 -498.496
944.502 224.498
-899.499 371.502
213.499 -951.497
-956.502 259.503
-965.497 230.501
452.509 -894.497
743.496 -687.502
990.509 211.497
927.497 415.493
-812.500 613.497
48.499 -1018.500
1018.490 151.506
1036.500 -18.494
481.497 -919.501
-1006.510 -287.504
-1049.500 70.501
823.502 655.501
1053.500 133.493
1054.500 -156.503
796.500 -714.499
1067.500 -112.505
-1076.490 10.495
-391.503 -1008.490
775.500 -760.507
-140.504 -1077.500
-49.499 1084.500
428.504 1000.500
-1064.490 227.503
-511.563 976.263
-513.763 976.612
380.505 -1040.510
-898.495 -648.511
-1107.500 -24.501
-456.497 1014.500
-1066.510 317.492
-1127.500 -80.494
1132.500 60.502
-1004.500 -536.503
178.500 1125.500
649.495 937.499
-960.503 -626.496
-938.499 666.493
1130.500 227.499
555.508 1026.500
-936.503 -704.496
916.504 -732.505
-1172.490 43.503
-1169.500 99.493
932.499 736.503
1188.500 87.506
-961.505 703.503
-495.501 1084.500
535.501 -1069.500
1148.490 335.496
-614.493 1030.510
-1092.500 505.500
-847.642 -857.105
1188.500 205.502
-1200.830 -108.749
-297.500 1168.500
1033.500 -626.494
-1206.060 -110.306
-859.494 -855.501
1072.490 -569.498
1217.500 8.502
535.501 1095.500
-894.500 -851.500
1197.500 303.494
-804.497 940.501
-1101.500 -574.497
931.495 -834.499
-660.498 -1061.500
-1231.500 236.498
695.498 -1050.500
1202.510 -412.496
-561.502 -1145.500
-1129.490 -599.490
1166.500 -550.501
866.496 957.498
-1196.500 -485.505
-604.497 -1147.500
1037.500 778.494
-892.496 -941.504
545.499 1182.500
1248.510 -393.500
-848.498 995.505
1301.510 -161.503
-625.494 1156.500
-980.498 884.499
523.503 1213.500
-1293.500 -283.499
1325.500 1.500
1190.490 -583.504
609.502 1180.500
1288.500 -332.498
1148.500 -691.505
-1342.500 186.503
-1229.500 579.496
1312.500 362.495
1363.500 14.494
1218.490 -630.501
-1349.500 -304.502
-1292.500 -522.497
1105.500 -876.499
1227.500 -704.492
1415.500 10.498
1429.490 65.496
-1414.500 -223.498
-985.497 1044.500
933.501 -1095.500
-1441.500 72.501
950.503 1101.500
1356.500 532.501
1092.500 966.501
-982.503 1079.500
1458.490 -149.504
1438.500 284.492
-1373.490 -524.494
1472.350 40.038
1187.500 887.509
-1149.500 960.495
1442.500 -411.498
-1031.500 -1097.500
1089.500 -1049.500
1349.500 697.504
997.501 1149.490
1515.500 -157.501
-1041.500 -1120.500
-1149.500 -1013.500
-1263.500 887.497
-1520.500 274.502
1347.500 -760.493
-1445.510 -563.500
1392.500 -694.493
1323.500 824.495
-1476.500 -503.512
1023.500 -1180.500
1095.500 1114.500
1557.500 -164.506
1428.500 649.502
1115.510 1104.510
1554.500 -248.501
1526.500 -402.504
-1513.500 -453.502
1338.500 876.499
1338.500 876.890
1388.550 799.076
-1515.500 -573.503
1557.500 -494.499
-1524.500 614.498
1233.500 1093.500
1225.500 -1116.500
1309.500 -1033.500
1564.490 -644.504
1458.550 905.542
-1335.500 -1083.490
1532.500 -788.495
1433.490 -984.502
-1381.500 1060.500
-1461.490 -998.502
1577.500 807.505
-1489.500 -963.495
-1616.370 746.535
1554.500 -885.497
1581.340 898.501
1585.990 898.503
1570.510 932.491
1454.500 1125.500
1527.500 -1107.500
1601.500 -1032.500
1503.500 1177.500
1525.510 -1162.500
-1544.500 -1177.500
1610.500 -1149.500
