18.908 63.145
68.897 95.139
-107.102 3.146
-11.105 -93.855
220.900 6.140
-55.098 -135.862
222.907 135.141
-36.103 278.140
-156.095 223.133
-146.106 -113.866
55.899 -185.860
240.902 -98.857
-132.093 297.144
-232.094 213.149
182.899 316.142
110.901 -226.860
-269.098 -42.861
200.896 311.131
224.898 324.140
-263.521 248.850
-259.701 255.355
-81.103 392.142
13.901 420.143
137.904 -292.855
-343.099 221.138
397.900 176.141
148.899 497.141
-190.102 -340.859
-10.724 518.797
451.899 229.142
-20.145 528.138
-31.725 528.133
82.903 528.134
245.903 494.140
505.896 -29.863
20.906 -467.861
531.909 -118.862
-195.106 574.141
-434.099 397.144
285.890 -444.857
-126.097 -501.852
603.897 40.136
560.904 -246.860
-535.101 -291.858
661.903 -145.851
-635.107 241.146
-488.107 -393.859
51.902 753.143
453.896 -487.862
-686.101 53.140
-154.106 748.139
369.898 677.138
721.892 208.141
-525.104 533.147
-298.101 -615.855
-567.099 532.143
526.903 640.141
413.901 -597.860
-510.096 -497.864
-379.105 -600.863
634.896 538.133
-175.096 -691.856
-398.106 727.130
-569.094 -455.847
-656.098 -341.861
-579.106 575.139
-743.097 -150.861
-101.106 852.145
125.902 -732.850
572.895 -524.854
-628.093 -444.865
-281.101 -708.850
-668.103 -403.863
772.900 -289.854
-478.101 736.144
-506.102 719.137
-778.104 347.146
178.903 911.134
-827.101 -108.866
481.904 796.131
513.900 -649.853
744.899 542.139
33.887 -828.857
-498.096 791.139
-60.105 -827.863
-285.104 -790.856
-890.098 43.137
-894.101 66.143
-255.097 943.143
-665.101 -558.863
-856.100 -253.865
-469.097 860.131
-668.103 710.136
-350.100 934.142
240.825 992.601
-897.098 340.137
255.866 1001.500
-890.095 -269.868
957.891 -185.860
983.899 -76.861
385.895 -840.865
-847.105 518.146
-656.104 784.143
867.903 -448.857
659.905 -697.868
-57.102 1056.130
836.902 645.142
-946.102 -219.862
751.893 759.144
-578.093 882.134
-233.104 -918.859
-626.106 852.136
-134.104 -960.861
1053.900 -45.856
-559.097 -809.862
1017.890 381.137
-700.104 -703.857
-189.102 -971.853
-973.102 -319.855
-640.094 904.126
765.892 -704.868
-251.100 -974.856
-18.105 1135.140
345.896 -961.853
-600.099 -817.862
1049.900 -256.867
-1034.100 309.132
1079.900 -147.867
-1020.110 379.142
-809.103 771.150
-1071.100 19.136
663.893 945.126
-1072.090 154.134
160.904 1164.150
1091.890 -223.865
-935.101 642.138
758.902 -778.859
391.583 1123.180
-1096.090 -121.856
1130.900 -146.853
-1076.100 354.136
1116.910 -217.858
1131.910 -171.865
-247.106 -1045.880
401.895 1140.140
1124.890 354.141
-1048.100 476.143
-58.099 1208.140
-685.099 975.140
1173.900 -32.863
1060.900 578.128
-1137.100 -106.862
477.893 -1014.870
1177.890 -113.855
-942.105 736.138
1196.900 159.140
31.897 -1122.850
1172.880 -211.856
-1168.100 43.138
-1056.100 587.137
-728.103 -881.855
-936.096 -677.858
-601.095 1105.140
-63.103 -1147.860
-278.101 -1114.860
1103.900 696.142
1251.910 -195.861
1261.900 -166.862
818.908 -918.852
1166.900 599.146
927.901 -819.858
-63.097 -1204.860
-726.098 1097.140
-1022.100 -674.856
-940.109 -778.854
-874.093 976.147
-598.098 1186.130
754.902 -987.855
1301.900 111.134
-1011.100 -713.861
-749.103 1100.150
1048.900 841.135
728.906 -1019.860
-1198.110 525.134
-787.105 1090.140
309.898 -1210.870
751.908 -1033.860
-1198.100 -448.864
1232.900 -462.853
1185.900 698.146
1142.900 -653.862
-1259.110 -326.855
1249.890 -487.860
784.905 -1053.860
-1335.100 189.144
1316.880 480.134
847.898 1146.150
-768.103 -1053.870
-825.111 1138.140
-1355.090 157.147
1374.910 -181.863
1421.900 -78.862
1156.900 913.141
1030.900 -946.857
1400.900 438.145
-1046.100 -896.859
-1330.100 -423.861
1080.910 -919.861
-1049.100 -920.869
1397.260 544.293
-1146.110 954.133
-1067.100 -928.864
1405.900 557.138
-1406.090 -309.868
-1139.090 -849.858
-1098.100 1029.130
1486.900 -183.857
1506.900 110.136
-919.098 -1105.860
-908.005 -1120.360
-1479.100 201.139
-1338.090 725.142
1347.890 -658.855
-1443.110 -452.855
1328.910 904.139
1366.910 -718.860
1002.900 -1156.870
1595.900 -62.860
-1323.100 -780.865
-1545.100 -204.858
-1427.100 -592.864
-1423.750 -607.440
-1575.100 -30.864
1362.910 953.149
1062.900 -1172.860
1588.900 -346.855
-1541.100 -412.854
-1612.100 49.137
-1599.110 325.141
-1377.100 -795.859
-1478.100 -623.867
-1622.100 -124.865
-1560.100 -448.870
-1592.110 -449.861
1613.900 -533.869
-1418.110 -940.851
1388.890 1162.140
-1379.100 -1003.860
-1449.110 -924.849
-1553.100 -938.865
1565.900 1185.140
