11.888 -122.850
36.898 -243.860
-109.097 -81.859
-67.097 -233.864
-126.099 -145.860
179.900 -125.866
154.899 -0.859
-89.090 -293.866
217.904 -185.860
230.902 -140.849
-209.102 -91.857
-52.104 -370.865
-22.096 -387.860
-258.088 -91.853
135.911 135.140
38.907 162.139
232.899 62.135
-277.095 -103.863
-10.102 175.136
-168.096 -373.844
337.904 -134.856
-261.107 71.140
-265.105 -322.858
363.903 -221.859
-280.103 103.131
-53.093 245.144
186.906 -457.858
47.897 -507.861
-96.103 -515.866
106.083 278.137
92.902 293.146
425.896 -17.863
-265.106 -472.872
452.899 40.127
395.899 -446.859
-350.111 -471.856
-443.099 -349.858
515.900 -224.865
127.899 -630.864
531.908 -54.856
-386.099 222.133
9.905 -669.867
-47.094 -669.864
530.909 74.130
-529.095 -280.867
221.904 406.126
554.898 48.132
521.909 -376.851
-474.107 -427.866
-566.099 -171.863
-240.104 400.142
-548.097 -291.850
583.899 11.143
598.900 -52.855
-452.115 248.139
480.899 -499.866
-562.098 58.144
-556.099 -340.859
-71.102 -725.853
11.908 -731.861
-409.093 -569.857
-368.092 360.141
72.905 490.144
-586.094 37.141
545.897 204.140
432.905 -590.863
474.906 -564.853
284.904 463.136
386.907 419.153
-590.094 -404.861
-533.098 268.144
583.901 229.144
418.903 -663.863
-288.101 494.147
639.905 -405.867
151.891 555.142
703.896 -79.862
-630.098 -398.863
393.901 463.143
-670.098 82.137
698.894 -319.861
609.899 291.142
472.892 -686.851
733.900 -14.851
183.894 -833.954
183.894 -836.470
353.896 549.147
310.902 -816.862
-96.106 628.135
240.894 603.141
-349.096 -796.865
578.906 -653.865
-351.093 -816.864
-771.107 -27.866
793.901 -254.859
-20.098 -919.855
-784.524 -172.556
439.892 -798.861
-582.106 -666.854
-792.281 -175.669
-173.098 -913.851
-78.098 -938.859
569.907 -726.862
747.897 245.139
602.908 452.138
-610.098 446.148
854.900 -70.856
-653.808 401.497
-654.024 403.603
775.900 -499.857
44.904 731.140
-821.102 -326.854
880.906 -149.843
429.901 640.136
620.893 -745.865
867.901 58.129
372.899 -923.859
510.904 601.141
-226.103 -978.860
315.899 713.140
349.896 700.136
-230.592 733.641
814.887 266.141
877.895 -339.860
848.905 188.133
-837.081 -434.859
881.902 -385.852
827.893 -527.867
858.901 -471.861
475.907 673.148
433.903 -943.859
-815.098 -540.852
237.895 776.136
-139.105 793.135
929.903 -263.858
282.905 769.148
262.902 -1021.860
-914.094 13.145
605.900 610.145
734.896 486.146
-714.096 483.156
-338.099 -1005.860
968.911 -151.866
-854.099 298.136
945.899 -358.861
-556.095 657.142
900.900 -500.856
-194.094 -1066.850
823.903 409.148
-907.106 191.139
636.898 627.141
981.895 -0.861
382.904 -1029.860
782.903 487.143
919.886 -500.863
-69.098 -1108.860
972.899 -360.857
850.905 -657.859
-671.096 -847.332
-422.097 781.146
-301.090 830.143
945.891 -492.853
407.902 803.138
681.901 630.149
818.900 486.145
606.904 -940.857
-847.090 -663.870
461.896 789.145
-27.101 895.135
-612.103 692.135
-232.100 883.139
-971.097 213.137
950.891 -574.860
687.900 684.129
1050.890 -294.863
-1030.090 33.143
829.901 -789.856
-829.101 521.141
727.736 666.678
-79.096 943.134
638.897 -992.861
980.899 -596.858
792.906 -869.856
-1002.110 272.130
1096.900 -236.853
1039.900 -505.865
950.909 -703.859
457.893 888.141
194.899 969.138
409.903 913.143
755.895 -950.862
-717.092 722.143
897.901 557.141
-1104.100 -241.861
1106.900 -478.867
1155.900 47.132
1168.910 -7.860
1150.900 -392.863
-650.594 853.146
-1144.110 -417.865
1197.890 -316.854
1167.900 -453.861
-1061.110 424.138
553.896 961.140
-166.100 1076.140
907.898 696.148
673.894 898.138
-378.106 1031.140
1144.900 326.136
1090.910 450.135
-941.088 642.147
984.898 621.149
1228.900 -280.858
-992.108 -832.864
1125.010 432.692
779.902 -1104.870
-920.091 707.138
1210.900 225.133
-249.104 1103.140
1127.890 450.138
1266.900 -38.855
-1174.100 299.148
-986.582 651.660
937.902 737.143
-986.295 652.311
1242.910 -435.862
1234.900 221.133
-1036.100 -845.868
1239.850 -465.586
-1249.100 66.131
1241.900 -460.861
1206.900 -579.858
1079.890 583.143
836.896 -1103.870
-1115.100 -779.857
1102.300 633.814
903.893 862.143
1279.890 278.145
59.911 1209.130
-1331.110 -80.856
812.900 -1202.860
-1263.100 308.140
1035.900 755.140
-1076.410 676.874
-1082.130 670.230
1362.900 -58.870
948.900 860.143
896.897 922.137
-662.109 1072.140
1288.910 382.129
1082.900 -984.854
573.898 1137.150
872.898 -1201.860
1317.900 -587.862
-1375.100 -146.868
-1107.110 701.137
1246.900 515.134
1166.890 669.148
1320.900 -625.856
1395.900 111.140
1201.890 624.143
1424.900 -99.867
1226.910 -851.857
1419.900 -286.848
1415.880 96.130
1357.900 344.149
-1413.090 -193.856
832.900 1046.150
-1082.100 801.138
1377.900 313.139
1236.900 -873.858
1443.900 0.143
1413.900 262.141
1205.890 -968.857
-1365.570 -633.901
1470.910 78.133
1373.890 439.147
981.900 999.145
-1381.100 -634.859
-995.096 970.146
1098.890 -1147.860
1360.900 522.136
-1309.100 584.136
954.896 1044.140
1400.890 -700.862
1360.900 -789.870
-706.104 1202.130
1451.890 352.140
-1421.100 -639.861
-1481.100 -439.859
-1395.100 -725.856
1548.900 -87.862
-1526.110 -37.858
1446.890 444.147
-1160.100 895.149
1053.900 1028.130
1538.900 -444.866
1370.910 -891.853
-1276.100 761.153
-1509.090 -505.850
1481.890 430.149
1573.900 -317.867
1308.910 -1025.860
1572.900 154.143
1484.890 475.144
-864.096 1205.140
1478.900 510.146
-1558.100 -433.867
1515.900 435.133
-1010.100 1125.150
1606.900 127.143
-1524.100 413.154
1155.910 1049.150
1588.900 405.143
1314.910 -1158.860
1222.900 1022.140
-1535.100 502.138
-1030.100 1196.130
1385.900 872.141
1531.900 663.135
-1509.100 -911.857
1391.890 897.141
-1514.090 -935.858
1390.900 -1166.850
1440.900 867.139
-1250.100 1097.140
1227.900 1145.130
1210.900 1180.150
1568.910 729.137
-1330.110 1047.140
1285.900 1125.140
-1550.100 799.136
-1519.090 915.145
1504.910 1004.140
1571.900 914.147
-1551.100 936.141
1383.900 1175.150
1584.900 989.140
1482.890 1122.140
1559.900 1050.140
1531.900 1088.130
1492.900 1188.140
-1491.100 1184.140
