0.499 -0.504
20.509 12.499
40.500 -48.498
-65.492 -37.505
-67.496 -75.505
-86.501 -52.499
-16.501 141.496
46.506 135.493
-141.503 -29.496
95.235 117.773
70.503 147.503
169.504 -45.505
-17.503 183.495
-188.500 69.497
187.498 -96.498
190.501 89.504
170.501 -125.497
153.498 -172.498
-229.991 -89.170
-239.323 -90.465
-153.495 -206.498
-96.497 -240.491
242.497 92.508
-265.502 -40.500
-224.492 -167.496
-196.490 -213.505
31.505 -289.495
-55.504 -286.496
-297.507 -64.505
242.284 -196.965
307.495 59.509
-88.498 301.497
-282.502 -145.499
-260.499 186.502
-179.923 -267.167
-178.598 -269.362
147.502 288.504
-247.500 -231.504
-224.507 -260.501
346.499 -15.500
319.504 -176.502
-90.494 357.502
-216.497 -302.502
-344.501 146.499
-253.500 -286.501
-172.504 343.501
366.508 126.502
50.497 -388.505
-366.502 -145.502
-293.505 -286.502
-328.502 -252.499
-368.497 -194.497
-185.504 -378.497
-92.499 -414.493
82.033 -417.018
94.676 -417.780
278.498 326.494
-311.503 -302.496
264.502 -365.498
-92.503 440.497
30.496 -451.497
-329.501 -311.500
65.497 -450.502
-289.502 -351.496
-299.501 346.504
88.501 451.499
460.506 -27.500
420.495 -191.504
339.497 -314.498
-431.506 -164.505
-32.498 -464.500
464.504 59.492
212.499 -426.500
-342.681 -335.715
-345.449 -340.325
109.501 -474.502
-58.499 -485.501
-42.495 488.499
-363.501 345.495
500.508 50.492
-136.499 -492.499
-449.496 255.501
230.495 -464.502
-417.494 305.505
-403.501 -328.499
523.496 -39.503
298.494 435.502
232.506 -484.497
-492.499 -232.498
-417.501 351.501
447.497 324.499
-490.507 -258.494
-91.507 -548.504
-554.499 -98.324
-556.011 -103.055
-395.013 -413.554
-570.497 -57.497
-37.497 -578.497
-573.157 -92.586
-573.099 -93.040
115.403 -571.504
-576.498 -116.499
-555.504 210.500
-278.499 526.501
124.207 -584.419
368.499 473.498
403.496 -445.498
600.506 42.506
-495.503 -341.503
-602.499 59.496
508.501 -332.498
-47.498 -607.498
-319.505 -520.504
63.502 -608.497
612.496 -40.500
211.498 575.496
360.498 497.502
-568.503 -234.506
-100.505 -612.498
285.504 557.500
-501.501 -375.497
-294.504 -560.511
581.499 -257.495
-215.894 598.569
185.507 612.499
398.498 -506.498
-645.497 -69.505
-260.502 -599.501
-656.504 62.499
-542.498 -395.501
590.504 -326.500
672.500 117.499
-124.493 -672.498
119.496 674.501
-435.500 529.498
677.503 -122.499
551.499 414.505
113.495 -682.497
660.498 205.500
689.500 -63.490
-692.505 53.500
-654.500 -264.505
-690.505 -184.502
-486.500 -527.506
718.503 40.498
573.507 438.504
486.504 534.499
419.506 593.505
698.504 212.494
-592.495 428.499
-634.498 -366.499
700.499 -225.109
700.499 -225.499
740.494 -18.502
736.503 -94.499
142.498 739.497
655.498 -377.502
-241.504 716.501
-690.505 -322.498
-656.501 389.498
201.463 743.398
199.156 744.385
-566.370 524.103
-566.318 524.198
-319.502 702.500
-718.504 -289.502
17.499 777.507
-713.505 -313.502
224.504 -749.492
579.501 -528.502
636.503 -460.500
-338.496 710.502
-777.498 -156.505
457.493 -650.500
104.505 -793.505
-731.502 -329.495
-442.502 -670.499
-404.495 -694.506
-674.500 -438.499
-33.497 805.501
811.501 5.496
-806.497 90.506
-811.502 -122.508
803.497 171.502
56.500 819.507
677.500 472.492
826.497 74.505
-536.504 -634.498
804.495 -210.497
-190.506 -809.500
159.497 818.497
-678.502 485.498
685.497 -479.498
459.974 699.502
326.496 -772.501
-787.505 -301.498
459.504 -708.495
-719.499 -446.504
789.501 315.500
-766.504 368.502
-792.497 320.502
197.504 832.501
-771.500 -377.498
-439.503 737.499
-865.509 -12.499
-757.502 419.506
-80.501 -864.499
-468.499 732.510
469.502 733.508
-515.503 -711.506
157.497 -873.504
-819.503 -348.499
-851.507 263.497
878.501 179.496
891.501 -104.368
-885.496 -158.505
-899.493 -1.495
542.495 719.497
557.498 -718.498
-404.503 815.496
-609.495 -681.510
-179.505 901.508
-226.046 -893.263
915.503 -114.506
-843.495 376.506
-795.496 -477.501
-560.497 742.493
288.494 -886.501
-70.496 -929.506
675.491 -646.495
409.498 -841.498
694.503 -627.498
933.501 -91.500
-588.502 735.503
-721.506 607.500
803.503 -506.497
591.500 -744.503
-949.502 58.501
829.496 476.495
936.499 208.504
805.502 523.499
538.497 -798.502
242.495 -934.504
-967.498 -24.501
-835.507 506.494
-931.508 299.509
-740.501 642.501
963.502 -188.498
217.501 -957.498
-972.506 -145.499
-983.506 53.497
-902.500 -397.505
978.498 -144.500
983.502 137.506
779.500 -621.503
439.505 895.495
38.588 -997.550
40.514 -999.249
134.498 -994.496
-1010.490 55.495
-896.504 -470.501
-1014.500 90.498
7.498 -1020.510
-954.498 359.498
562.501 -853.499
507.499 -887.507
313.511 -976.498
-238.501 -1000.500
-830.505 605.029
-1028.500 49.495
-877.499 543.507
-939.500 -438.496
246.501 -1011.500
-896.495 -539.502
119.497 1044.500
941.501 478.499
860.496 -615.501
-540.499 909.501
-509.498 -933.490
928.501 526.501
-1059.500 128.497
-1067.510 -84.500
-1016.500 356.502
1055.500 232.496
-1078.500 -159.505
1038.510 -357.498
1101.490 37.498
944.502 577.497
1107.910 29.224
830.501 -740.507
1010.500 469.498
1049.510 377.498
-1103.500 -189.503
-538.500 984.501
-691.505 -887.499
-1121.500 -99.502
964.502 -583.499
1086.500 300.498
-470.498 1026.500
-505.511 -1011.500
497.507 1016.510
-521.498 -1014.510
-847.494 770.495
1017.490 -529.493
385.495 -1081.490
-528.541 -1023.400
40.501 -1151.500
-1062.500 449.504
-992.499 588.499
-1154.500 -4.497
-1100.500 -369.507
909.498 -726.497
-1161.490 131.504
-1169.490 20.501
951.495 689.509
-1166.500 -154.494
-205.498 -1167.500
716.500 948.503
-892.502 -797.501
-1197.500 13.499
915.501 -780.498
677.497 -995.502
534.501 -1080.510
670.771 -1001.940
-1133.500 409.500
-1109.500 471.497
-1201.500 149.498
-1174.500 304.493
652.499 -1024.500
-1078.500 -563.495
-786.496 -940.500
-460.495 -1137.500
-1219.500 146.494
1205.500 242.505
1077.490 593.493
-1229.500 -63.503
-1109.500 -542.499
977.500 -758.496
-1095.500 -587.500
697.496 -1030.500
-417.502 -1174.500
-1172.500 420.495
1248.500 -22.502
1069.500 646.502
768.500 986.503
-1248.500 75.504
1151.490 -495.505
-1209.500 -339.497
834.496 939.501
-1254.500 93.497
-480.497 1170.500
1271.500 12.500
-1039.510 -732.497
-544.492 1153.500
-1280.500 -167.502
-998.500 -825.499
-1259.500 -317.499
1292.500 -187.495
1305.500 46.502
-1299.500 -188.496
763.499 -1070.500
831.506 1019.500
-1158.490 626.505
-1304.500 196.494
-1250.500 421.496
-1321.500 -126.495
563.499 -1207.500
-1001.490 883.500
-1240.490 -505.500
1334.500 136.501
909.494 -994.506
751.499 -1122.500
-1352.510 69.503
1066.500 -845.500
-1265.500 517.505
-1340.500 -274.500
1323.510 -357.499
975.492 -964.497
1102.500 -825.496
-1068.500 -871.501
-1265.500 -551.510
-776.504 -1142.500
1217.500 -655.501
-993.502 965.498
1381.500 118.490
-798.498 1133.500
1362.510 -264.499
-1390.500 28.505
-1153.500 -785.507
1171.500 -761.498
-1129.500 820.494
1399.490 -48.498
942.504 -1036.500
1053.190 -925.840
1060.650 -926.949
987.004 -1008.650
987.988 -1011.960
-1405.730 179.458
-1354.500 417.503
1386.500 -302.500
-1417.500 69.500
1265.500 -651.501
-1411.250 175.617
-1394.500 292.503
1022.500 -996.500
-1028.500 994.500
-1374.500 -403.495
1409.500 273.501
-1392.490 -370.499
1423.210 238.674
1441.500 -80.498
977.500 1062.500
1331.510 565.497
1430.690 239.231
1456.500 -21.509
-911.505 -1136.500
-1457.500 -41.503
-1156.500 909.503
1284.510 722.499
-1279.510 -739.501
1269.500 -764.495
1484.500 -115.499
-1415.880 467.239
1358.490 -622.501
-1424.300 459.049
-1467.500 -305.496
1498.500 -90.502
1348.500 -660.497
1485.500 268.493
-1142.500 -994.504
1375.510 -639.501
-1440.500 476.494
-1433.500 -499.501
-1444.370 469.061
990.499 -1155.500
-1527.500 13.501
-1493.490 -322.499
-1067.500 1104.510
-1083.500 1090.510
1452.500 525.500
-1470.500 -497.498
-1549.500 -180.498
1489.500 472.501
-1557.500 -127.499
-1477.490 517.500
1540.500 330.492
-1422.510 -684.501
1473.500 569.505
-1515.500 443.495
-1429.500 -707.502
1364.500 -834.495
1547.500 -441.502
-1446.500 -722.494
1269.500 -1003.500
1480.500 -656.501
-1621.430 -24.497
1608.500 247.502
1392.500 849.504
1162.500 -1149.490
1139.500 1177.500
-1138.490 1183.500
-1476.500 -737.501
-1456.500 -782.492
1428.500 -853.497
1598.500 462.503
1181.500 -1185.490
1348.500 -995.499
-1347.490 -1000.500
1229.500 1150.500
1442.500 891.507
1507.500 -792.502
1564.490 699.494
1497.510 849.497
-1546.500 -766.498
-1333.500 -1111.500
1453.500 -959.491
1391.500 -1047.500
-1390.500 -1050.500
1368.500 1089.500
1358.510 1109.500
1610.500 -703.505
1387.500 1078.500
-1337.500 1193.510
-1532.500 952.501
1553.500 935.501
1516.510 996.501
1490.490 -1073.500
-1465.510 -1144.500
1578.500 -993.505
1538.510 -1085.500
1547.500 1146.500
