0.511 -0.507
78.503 -44.502
84.495 116.502
131.495 65.497
148.500 -79.515
-193.500 14.506
-86.505 187.496
-138.505 -156.498
-64.498 -206.501
224.255 73.365
232.955 67.692
122.504 209.502
-9.498 243.493
-106.499 -220.505
25.499 -244.492
-249.499 46.502
-260.500 11.499
98.498 246.499
274.378 53.907
276.455 57.316
258.500 -124.499
-209.500 196.505
216.496 198.503
-123.507 272.497
-296.500 55.495
22.496 318.500
322.500 -90.498
314.493 -133.500
-312.499 -157.509
345.506 102.497
-358.497 -66.500
221.501 299.512
-130.502 360.498
186.502 346.498
176.500 -358.501
416.500 1.500
9.495 418.495
349.501 -266.509
441.506 40.502
342.496 -288.500
391.495 228.503
387.504 -242.491
273.499 369.497
438.505 149.501
210.502 420.500
73.498 -479.498
438.510 -219.505
448.497 215.502
-415.501 274.509
-500.504 -31.501
267.503 427.503
-255.498 -443.506
475.504 -214.497
-233.498 -488.510
535.502 92.503
-447.500 311.498
-516.504 -187.501
-230.505 -513.498
345.502 -449.500
130.502 -557.492
-388.502 427.502
186.501 -550.496
410.509 -416.500
-567.493 209.499
-240.501 559.504
-7.493 609.500
-117.491 -600.500
-539.497 305.505
173.501 614.497
639.502 30.500
-33.500 639.501
626.498 150.499
119.504 634.505
61.497 646.502
-155.500 632.495
-594.505 271.500
-642.509 -122.504
332.497 581.502
-220.493 -640.505
-10.501 676.501
-602.502 316.500
-297.498 620.501
420.505 547.505
495.506 501.497
-151.501 -691.499
-658.500 258.500
-76.508 -706.500
-710.504 119.497
-542.497 -476.499
-704.501 -164.504
-556.495 470.504
-586.511 436.503
731.505 -74.501
599.504 425.500
358.497 643.506
732.498 131.496
-617.502 -424.500
-751.499 31.493
-734.508 201.499
-182.497 -741.497
-54.498 -765.501
-775.499 11.501
-566.500 532.504
-152.497 774.501
150.493 -777.506
-101.500 786.505
-679.497 412.497
730.504 327.502
-352.503 732.500
-688.506 433.507
-229.497 782.503
-63.500 -826.498
828.506 31.493
-214.499 800.495
-449.496 700.493
-704.504 -444.505
-564.498 622.499
-823.493 174.500
-281.507 794.509
-59.493 -849.500
139.497 839.492
466.507 721.506
-605.504 620.503
-685.505 -534.500
-515.511 701.509
676.503 549.494
-776.495 401.501
-862.500 -173.495
-529.497 -703.505
861.508 188.494
279.500 -838.502
100.497 -879.507
-792.505 394.502
-708.503 -541.493
894.500 -13.507
-790.505 421.500
-540.506 714.499
640.503 629.500
-896.504 -70.502
267.501 860.495
325.502 841.503
-892.506 -134.500
7.499 902.503
-289.501 -862.488
691.502 591.501
-820.500 412.492
-921.497 93.506
-861.499 357.496
-579.501 739.505
-941.494 38.504
-617.502 719.501
-493.508 810.503
-385.791 870.895
887.495 351.496
207.500 -936.499
-81.500 955.497
-668.496 687.499
814.504 519.498
-392.494 882.497
-941.495 -230.500
-135.501 -961.501
-907.500 -354.497
-626.500 748.502
-567.500 -813.499
311.500 -945.495
-273.503 957.500
32.503 995.495
-576.518 812.286
3.501 998.505
-571.499 823.500
991.504 165.496
118.497 -998.503
-989.502 178.497
186.497 -989.501
901.505 -451.503
865.506 -525.493
280.503 -976.497
429.505 -933.495
-556.496 -863.500
282.501 987.490
-1025.510 -145.507
-898.498 515.502
211.503 -1017.510
-977.765 -355.768
-980.861 -355.299
-990.503 327.499
715.508 -761.493
535.496 899.492
-127.503 1039.510
-206.506 1028.500
314.495 1005.500
-1051.500 -68.503
-323.501 -1005.500
947.502 469.499
-1052.500 110.495
-1043.500 -198.499
159.506 1060.500
759.500 761.501
-197.497 1058.490
304.499 1040.500
61.500 1088.500
1043.500 346.497
-975.503 -509.503
-533.499 -965.495
73.504 -1103.490
-1100.500 -128.499
-575.496 947.505
-923.507 613.499
-791.499 783.494
-864.502 705.504
324.499 -1072.500
-1066.310 -349.160
1121.510 -102.506
-740.498 847.500
213.499 1105.490
-888.505 697.507
-1077.510 -342.495
-1091.490 -326.500
-1107.500 269.506
-987.500 569.502
164.502 -1134.500
105.500 -1144.500
1054.500 469.491
-928.501 684.496
319.500 1114.500
-1067.500 454.505
-383.505 1095.500
-1101.490 -378.496
-1037.490 537.506
-1131.500 -299.492
-927.501 715.494
-1084.500 449.501
-952.502 -698.499
1143.500 -304.504
-504.496 -1070.500
114.496 1189.500
1166.500 273.498
665.506 997.502
-1001.490 -662.503
-914.503 784.495
1187.500 -214.500
-954.499 -741.493
-978.505 -709.502
-483.497 1107.500
1118.500 -461.498
-1100.500 529.501
-768.498 957.503
1187.500 -339.498
-1081.510 -597.494
920.506 825.504
-1212.500 244.504
1239.500 -84.503
434.499 1173.500
-1157.510 474.498
1056.500 677.510
-752.500 -1009.500
-1257.500 -81.503
-1153.500 513.499
-977.497 -803.494
1225.500 -323.496
-648.497 -1100.510
858.504 -947.495
516.496 -1171.500
-848.501 961.501
1249.500 -320.490
1083.510 -706.495
1047.500 764.504
473.443 1208.500
-1106.500 678.499
475.592 1208.500
-1142.500 617.498
-1200.500 500.502
1225.500 442.497
-1172.500 586.495
-614.501 1163.500
989.497 -872.506
1316.510 -101.496
-931.493 936.500
-1329.500 106.502
943.497 965.506
-1117.500 -761.499
-953.498 -976.113
1104.500 -802.497
-953.499 -976.503
-977.504 954.507
1378.490 72.504
1216.500 -653.498
1313.500 -429.501
1367.500 -210.497
-1366.500 239.495
-1244.500 -615.496
-1162.500 -767.500
-1210.500 -689.505
-882.499 1079.500
-1341.500 -382.501
-882.499 1079.890
1380.490 -286.501
1011.500 -989.508
-1386.510 306.506
-763.492 1197.500
1425.500 -58.503
-996.502 -1048.500
-1449.500 38.499
-1127.500 -913.504
-1133.350 907.442
-1434.500 233.502
-1337.490 -579.500
1377.510 -491.500
1384.500 470.494
-1136.500 921.503
-1416.490 400.501
-1470.500 95.493
1274.490 741.497
-1119.500 959.503
-1475.500 -126.495
-1146.510 946.501
-1444.500 -380.495
-1356.500 -631.497
-1393.500 550.501
-1464.500 -322.509
1402.500 -542.499
-990.493 1130.500
998.503 -1127.500
1382.500 -617.498
1090.500 1050.500
1505.500 178.499
1053.500 -1096.500
-1241.500 -884.498
-1196.490 -953.501
1218.490 -929.500
1225.500 919.508
1451.500 -502.503
-1428.500 570.497
1335.500 767.499
1439.210 559.350
-1122.500 1061.500
1438.500 570.502
1383.500 -698.499
1199.500 991.499
1048.500 -1178.500
1331.500 885.499
-1437.500 -706.502
-1505.500 571.498
-1394.500 820.497
-1616.500 -205.499
1193.500 -1137.510
-1333.500 -968.493
-1584.510 459.501
1246.510 1098.500
1585.490 -507.505
1475.500 781.507
1567.500 -586.498
-1350.500 996.502
1510.500 763.499
-1441.500 -886.505
-1246.500 1151.500
1575.500 -666.505
-1602.490 609.502
1285.500 1152.500
1605.500 -643.497
1520.500 -839.501
-1326.500 1123.500
1329.510 -1124.500
-1519.500 899.504
1546.500 -889.501
1414.500 1100.500
1397.500 1147.500
1600.500 -883.496
1448.500 1135.500
-1562.510 977.497
-1567.490 -1016.510
1557.500 1122.500
-1506.500 1190.500
