0.502 -0.503
58.498 7.495
39.492 63.505
-72.497 -117.504
-56.501 -144.504
-54.820 -148.255
75.503 148.497
-1.503 189.497
-32.493 192.498
-129.498 -171.501
270.504 64.499
189.507 -230.493
-301.494 -38.503
6.494 307.493
321.497 57.500
-295.506 -165.504
-68.497 345.505
-314.494 -171.506
243.505 306.502
390.500 55.491
348.498 -185.494
351.499 209.497
-110.500 395.498
-86.503 -405.499
-429.500 42.495
-170.508 416.490
-437.503 169.494
-429.504 207.502
-148.499 472.499
-210.499 453.501
86.498 496.504
-113.503 -495.506
42.500 518.500
-89.500 -526.506
-136.502 525.501
544.498 60.500
-511.492 -227.510
-510.659 -241.302
291.495 -487.505
-341.499 453.501
-530.494 -219.505
95.495 -578.500
-575.503 120.497
209.495 -552.500
390.499 -454.500
-595.501 -103.500
253.331 552.812
256.965 551.506
318.494 522.503
61.501 609.496
611.501 -120.498
-412.509 487.497
-374.499 -537.500
370.500 546.501
-603.502 -281.504
532.238 -410.623
-220.501 643.504
540.954 -416.309
646.499 -223.492
413.492 550.502
-684.500 -72.497
-677.496 -144.498
-549.498 439.490
-386.501 592.497
-504.492 508.505
-695.497 197.505
-717.499 -143.500
380.506 635.505
473.503 573.505
-555.505 -498.500
-180.508 730.496
740.503 180.501
675.502 -362.508
407.499 -655.497
774.502 111.507
-696.498 357.499
421.499 671.502
795.506 -85.495
-620.501 -515.499
4.499 -810.963
419.502 -695.504
807.508 -146.494
711.501 408.494
-760.500 319.499
833.500 -33.497
-726.503 -409.491
-791.502 269.503
191.496 -817.509
-645.503 -536.497
492.506 -698.500
-204.498 -832.503
244.497 822.496
-731.495 -455.496
541.499 -684.504
-847.502 247.501
642.506 -612.499
-228.496 859.491
560.501 -697.496
-790.495 417.492
646.503 628.501
-544.491 718.498
580.501 691.501
779.500 456.501
-316.503 -848.503
-667.498 -615.503
826.490 -400.498
-159.499 -907.498
380.499 839.505
674.493 642.499
450.498 -816.495
482.499 804.500
932.503 -140.500
939.495 84.499
732.502 596.498
-905.497 280.506
828.496 -498.505
61.498 965.503
536.498 -812.510
646.503 756.503
860.498 -510.493
-911.500 412.499
348.499 -942.502
955.502 341.505
-990.492 -229.502
-913.504 -451.495
-518.495 878.495
-729.493 727.500
-930.498 -451.501
-1041.500 0.504
-918.506 -497.500
800.499 684.502
-23.496 1060.500
338.504 1007.500
466.508 -959.503
-1062.500 91.502
-1067.500 126.502
161.501 1065.500
-659.505 -860.499
-501.493 -973.493
858.498 690.506
-1059.500 -333.501
168.502 -1102.500
149.503 -1108.490
-145.497 -1126.500
-1134.500 55.511
-379.504 -1085.510
-1067.500 -432.496
1154.500 -54.501
-1130.500 -249.493
504.491 -1048.500
1080.500 -437.501
1146.510 219.503
-1136.500 268.501
1139.390 -263.562
1141.520 -262.599
648.494 -980.496
-776.501 -888.494
1160.120 217.563
1021.500 604.500
1166.500 251.499
1185.990 136.112
775.501 909.499
1189.090 135.882
1185.500 -169.500
1128.500 403.498
1204.510 95.504
-1032.500 -628.495
857.496 -867.496
1108.490 -524.497
-1110.500 -526.498
-1211.510 204.496
-230.490 1212.500
-431.499 1160.500
1210.500 -280.504
880.499 -880.507
-1138.500 -502.505
-1119.510 -552.497
-1197.510 -369.498
-1020.500 -732.503
-646.497 1085.500
1122.500 -601.501
648.496 -1108.510
1279.500 111.499
741.508 1050.510
-540.499 -1169.510
-1290.500 -48.494
-953.500 879.501
908.502 -932.497
1135.500 640.500
1273.500 282.504
1064.500 -766.507
-675.504 -1125.500
-727.503 1092.500
-893.496 963.497
1044.500 -801.498
1137.490 671.498
-793.501 1055.500
-1320.500 -81.500
1059.500 803.502
-1079.500 785.496
-625.491 -1187.500
1314.500 386.502
1012.510 929.493
900.500 -1048.500
-922.493 1032.500
1274.500 -551.506
770.505 -1158.500
-1344.510 402.499
1026.500 972.504
-1403.500 198.499
1418.490 -48.503
-1300.500 -568.500
977.499 -1037.490
-1350.500 -460.499
844.500 -1155.500
-1437.500 17.503
-1431.500 202.503
-1106.500 -936.496
-1069.500 980.501
1456.500 -155.502
1458.500 -224.498
1356.500 580.501
-1239.500 -811.506
-1324.500 -678.506
-1013.500 -1100.500
-1498.500 -63.504
1485.490 301.499
-1458.500 -507.505
1401.500 -661.497
1449.490 551.510
1007.500 -1194.500
1469.500 -564.496
1387.500 754.497
-1089.500 1152.500
1595.990 -39.998
-1595.500 62.500
-1131.500 -1134.500
-1478.500 -627.501
-1546.500 -445.496
1165.500 1126.500
-1551.490 533.499
-1562.500 -527.491
-1421.500 837.498
1361.500 -941.503
-1551.500 -604.495
1314.500 -1026.510
-1212.500 -1147.500
-1369.500 955.492
-1425.140 938.714
-1353.500 1046.490
1350.490 1054.500
-1434.500 950.505
1335.500 -1089.500
1364.500 1128.490
-1437.500 1115.510
1522.500 -1088.500
1590.500 997.506
1514.500 -1113.500
