0.504 -0.499
53.500 -35.500
-29.502 -82.501
-2.496 -113.496
-107.499 130.501
177.500 -13.503
-55.496 -178.500
42.502 -196.498
-200.494 68.502
71.495 -209.498
-0.512 -221.490
229.500 21.495
-224.503 86.500
216.503 -117.502
-69.509 271.491
-238.505 -173.499
-31.505 -302.498
102.496 318.502
-177.501 -285.496
-162.500 293.501
-347.502 -50.502
-350.604 -56.751
-300.506 -207.498
-68.500 358.503
117.494 359.499
281.489 253.493
-390.501 60.498
214.503 -347.501
-40.504 416.502
-176.505 400.502
397.496 202.508
403.507 -209.503
-385.502 -269.501
388.501 275.504
436.500 222.492
491.500 69.498
-480.496 -135.497
-66.501 -502.500
-485.959 -142.504
-504.499 130.501
351.499 387.506
98.498 559.500
-371.496 432.495
88.499 -611.503
-180.501 -592.496
-193.496 595.498
-146.495 -610.501
44.498 626.504
-593.499 -218.497
107.501 641.498
656.500 2.498
-319.499 -573.503
673.501 -63.498
638.502 225.500
638.505 255.502
-665.501 184.492
-294.500 628.495
314.499 -624.501
683.502 226.490
-670.500 -262.497
-398.504 -604.496
-349.506 -642.505
-501.504 531.496
721.510 -172.497
610.500 -435.494
616.503 431.497
-448.499 607.497
-314.497 -696.501
762.491 85.501
-134.500 -757.500
756.498 150.492
468.499 -617.502
-113.495 -766.500
-711.492 -311.499
-609.494 -494.489
588.500 -520.500
-201.491 -759.494
-624.496 -490.501
-734.499 -301.497
-19.498 -800.498
-95.493 -798.498
772.498 230.509
592.500 550.502
37.498 817.503
-316.501 759.499
-826.501 104.506
-634.498 -542.498
838.503 -2.491
-620.501 -567.495
-399.498 745.498
-217.503 831.501
759.500 405.503
104.504 878.502
611.503 645.497
-893.498 -66.499
123.507 -894.502
531.499 -736.501
894.503 -207.501
-919.509 12.505
425.496 -818.500
608.504 696.495
694.497 -612.501
264.495 892.498
-328.496 -883.494
802.501 -511.505
936.505 225.498
559.495 786.501
-795.503 548.505
-969.505 -52.499
182.504 955.501
-438.503 876.507
-450.498 -871.503
958.491 250.500
255.499 962.494
-829.506 551.499
-115.503 -991.498
561.495 831.494
-1008.490 -51.492
-883.492 -496.502
-229.500 992.500
-1003.500 -211.503
-619.505 -818.499
654.504 -801.506
740.494 723.496
816.495 658.501
459.933 946.267
460.303 946.850
681.500 -807.506
257.500 1032.500
1056.500 -135.499
781.508 -729.500
-40.492 -1069.510
1072.500 9.503
-881.498 -610.507
-765.505 -762.501
1060.500 226.502
369.493 1023.500
-1006.510 -419.504
-878.495 654.499
-1101.490 -50.498
37.497 1109.510
-986.504 509.502
-1109.500 -93.498
-402.501 -1043.490
-431.507 1031.510
-539.507 -990.500
-740.503 -854.504
911.497 -675.502
-1136.500 23.492
-2.499 -1140.500
-205.494 1127.500
584.495 987.499
-650.490 -956.506
-26.505 1184.500
683.498 970.499
-1048.490 558.502
480.510 1095.500
1193.500 -148.497
1122.500 452.504
-8.506 -1213.500
-869.500 866.504
-1189.510 316.497
-1231.860 -97.941
1236.500 70.503
1230.510 172.500
-546.500 1115.500
-1099.500 603.505
891.508 -901.491
-1250.500 215.503
-669.502 1088.510
-1196.500 -468.503
-1297.500 -4.504
975.499 856.499
975.498 856.891
691.496 -1100.500
1015.510 816.504
-588.505 -1164.500
1207.500 -497.501
1097.500 715.498
-1269.500 417.500
1130.500 720.501
1201.500 597.508
1204.500 -623.497
727.493 1152.500
-684.495 -1186.500
-913.504 1020.500
-1088.500 -834.503
-1370.500 -85.508
954.503 -993.494
1025.510 -924.496
911.500 1039.490
-1388.490 -3.497
1257.500 591.495
-1325.490 -422.500
-939.504 1039.500
-902.504 1076.500
-1375.500 305.497
1259.500 679.495
-1109.500 904.495
1432.500 -119.512
-1387.490 -408.497
1390.500 425.498
-1063.500 -1009.500
1391.500 493.497
-1379.500 -536.497
1502.500 -111.506
-1475.490 -325.499
-1483.500 -287.499
-1344.510 -694.499
990.499 1145.500
-1319.500 766.501
1506.500 252.504
1535.500 -80.502
1470.500 -457.497
1233.500 -931.506
-1533.510 256.507
1513.500 394.495
1177.500 -1031.500
1167.500 -1064.490
-1559.510 246.494
-1360.500 822.494
1574.500 258.488
1216.500 -1074.500
-1607.500 -263.497
1429.500 784.500
-1279.490 -1023.500
1306.490 998.502
-1186.510 1140.500
-1263.500 -1063.500
1588.500 -459.497
-1322.510 -999.502
-1509.500 -696.502
-1233.500 1143.500
-1213.500 -1179.500
-1483.500 -819.499
-1295.500 -1096.500
1497.500 803.498
-1263.510 1191.500
-1589.500 -711.505
-1345.500 -1109.500
-1385.500 1085.500
1563.500 956.502
-1469.500 -1099.510
1511.510 1063.500
-1556.490 -1046.500
-1617.500 1132.500
