0.494 -0.507
-89.502 36.500
-89.503 36.892
5.502 126.504
122.043 44.124
135.501 24.505
-56.500 131.492
135.503 -56.503
160.503 34.496
168.497 -28.503
-16.500 174.502
47.503 186.498
115.498 171.495
-203.496 -67.504
-203.497 66.493
-230.497 5.502
-66.505 231.502
107.501 -223.497
60.497 246.503
162.506 220.502
-148.497 -238.505
-229.496 -163.502
-260.497 -126.496
-302.502 39.502
-33.506 308.508
-140.500 277.493
62.499 333.495
7.495 -348.493
352.500 49.166
352.498 60.508
-304.500 201.498
194.504 312.500
314.492 195.500
-185.499 320.504
-59.501 -368.499
-342.493 -155.510
256.502 281.495
-157.498 -349.499
-112.501 366.499
-224.499 -319.507
125.503 -378.497
-296.502 -286.497
-137.501 392.503
315.500 275.497
133.501 399.500
99.503 413.501
379.501 -200.497
429.501 -54.499
-321.505 -294.503
-449.501 -3.497
-438.507 137.500
462.504 -37.506
-383.503 266.509
318.492 -343.501
416.497 237.491
-276.493 391.498
391.501 -288.498
-172.503 -456.500
-484.502 -52.502
-241.500 -435.505
503.495 -26.506
257.498 438.498
390.495 -327.504
-134.496 -509.497
97.500 -526.505
-185.503 503.493
-193.505 -501.498
522.495 -140.503
-506.497 -200.495
-455.504 -300.497
-462.173 289.175
-462.217 289.268
-530.497 132.504
473.497 277.502
-270.501 477.501
-439.502 -335.499
530.503 173.500
134.503 -542.669
536.508 -182.502
568.501 31.500
12.498 -588.502
-534.503 -248.503
592.499 -3.503
575.507 -144.505
549.497 -227.501
216.497 -556.498
486.498 357.497
571.503 -213.501
190.502 -580.501
-458.495 405.502
-70.490 -610.496
-611.503 65.503
220.500 -575.499
-607.505 106.503
-107.499 -611.505
-619.500 46.500
-511.500 -356.503
-309.500 541.500
-488.490 389.501
-12.502 630.494
83.503 -628.498
-528.510 357.498
-447.499 460.502
435.503 -495.506
-517.500 -411.507
120.503 650.503
372.497 552.506
-357.499 568.500
457.500 494.500
150.501 658.506
504.503 452.502
251.502 631.502
-154.115 -668.831
683.277 68.709
-152.187 -670.201
685.470 68.018
286.500 -628.501
688.498 103.499
536.508 -457.500
-235.497 -666.493
378.502 603.502
-581.506 -415.502
472.502 541.495
-682.503 -240.493
119.501 -716.502
-644.503 -335.499
-301.505 -664.505
-710.304 174.125
-726.503 117.504
-213.499 -709.497
738.504 65.493
631.498 -389.499
-721.992 181.483
-154.497 728.506
-722.280 182.077
-248.044 -705.228
-248.491 -707.461
651.506 -378.498
-490.500 -572.500
-505.499 -577.501
-296.501 -709.499
156.495 -753.491
510.499 575.500
-769.496 11.506
-736.506 223.500
-770.494 30.603
-701.499 320.498
-754.501 160.499
-565.502 529.497
242.504 -737.499
-427.943 648.144
-428.044 648.550
-761.496 -174.505
-491.503 -608.499
-526.499 -585.507
681.502 -400.503
355.505 -710.499
779.507 -174.499
131.500 791.506
-29.502 -806.503
-456.494 -665.499
617.503 519.496
1.496 806.500
-787.493 177.502
810.497 -5.500
806.496 88.497
-551.500 595.493
-434.495 688.495
-78.503 813.498
362.497 -738.495
-288.505 770.500
404.500 -719.502
32.501 -828.499
-577.502 595.500
-829.496 -64.502
7.498 832.507
-462.502 692.495
-773.505 -317.502
-837.506 24.496
659.498 -522.496
124.504 -839.497
638.502 567.499
853.494 -62.495
-491.495 -701.504
781.504 369.493
-782.499 370.500
842.499 221.503
-653.503 -581.501
-314.499 -817.497
-853.501 199.501
574.494 665.501
39.505 -882.505
-680.501 567.503
844.503 279.493
108.500 883.496
887.507 84.502
-658.501 599.503
883.499 -128.505
-796.494 -403.497
-179.498 -875.504
754.507 -485.499
618.499 -650.498
829.512 -345.502
-517.504 735.505
-838.502 -336.501
-893.495 -154.502
-796.502 434.496
-889.494 195.502
-686.507 598.498
906.498 -113.499
394.506 -830.501
-495.498 773.499
-885.495 -246.499
-917.501 102.500
910.498 163.505
-884.496 275.503
-181.505 -909.501
198.499 -907.502
845.502 -387.498
880.497 303.494
-24.497 930.498
-872.499 -344.494
98.505 -935.499
-783.502 -520.498
-941.500 81.498
-373.504 -875.495
952.500 101.501
275.498 920.497
-873.501 -403.503
799.497 -542.500
934.501 -246.497
-953.503 156.501
127.500 -960.498
228.498 -942.498
-832.505 497.501
198.970 952.023
971.498 103.501
-726.500 652.503
829.500 518.500
-690.504 -694.506
252.498 -948.497
379.502 -907.495
-253.508 954.498
-524.499 -839.502
-174.493 -979.502
-967.495 230.504
-77.505 992.498
994.498 67.503
-890.537 454.689
-995.507 104.498
224.505 976.498
-891.440 459.287
-600.498 -805.498
-461.498 -899.498
-878.497 515.497
-955.500 359.498
-967.500 -338.503
1026.500 65.508
779.500 -676.496
602.496 -839.502
290.505 -995.501
378.501 -967.502
-611.503 -845.500
-80.506 1041.500
-945.497 445.496
-497.502 925.500
-930.498 488.503
-880.501 574.495
-1050.500 64.499
-310.501 -1007.500
-718.504 771.502
-842.546 649.633
151.506 -1055.500
1006.500 362.506
-234.500 -1048.500
772.502 -747.500
-854.493 654.502
-938.502 528.501
-468.500 978.506
-677.497 -848.503
880.497 -638.493
-973.498 482.495
-870.504 -653.497
-77.499 -1086.500
302.495 -1048.500
432.502 -1011.500
-1058.330 -299.413
-1059.500 -296.496
64.506 -1099.500
1107.500 -60.502
1109.500 75.498
-1105.490 -126.505
-19.497 -1114.490
-853.488 715.498
1082.510 -278.493
-129.498 -1112.500
-926.495 628.502
968.496 565.502
-351.498 1070.500
620.503 941.499
-1012.500 504.504
-1044.490 442.510
-423.495 1057.500
-1100.510 -301.492
-104.492 1139.500
-1129.500 -186.500
-346.502 -1094.500
-898.497 713.505
-936.499 -667.502
1142.490 -141.499
535.499 1018.500
5.021 1152.960
925.503 -690.503
-1039.500 500.502
-827.495 -806.503
1037.500 512.504
-553.497 1017.500
2.498 1158.490
-1145.500 200.494
-727.505 -912.498
-1029.500 557.504
1023.490 573.506
288.506 1139.500
-1062.500 503.498
-724.500 926.500
903.498 -757.504
595.497 1021.500
-1185.500 -23.496
-48.506 1185.500
-1159.500 255.499
292.497 -1153.500
-1090.750 487.285
-364.509 -1141.510
-1098.680 483.618
336.501 -1154.510
488.504 -1099.500
-1163.500 305.495
-962.503 -724.502
654.499 -1015.500
660.502 1011.510
684.497 -998.500
-1066.510 -575.503
-143.496 -1205.500
-1135.500 -428.501
-1038.500 634.504
1209.500 -149.499
-1010.500 679.498
282.503 -1188.500
1220.500 95.495
1237.500 -8.500
-824.502 -926.503
-867.491 -895.501
1080.500 -623.499
790.506 964.501
1118.500 552.499
1216.500 -295.495
1246.490 -115.502
707.496 -1035.490
1205.500 -352.494
-829.499 941.501
-1019.500 -742.501
-1146.500 530.494
-1184.040 446.475
-502.501 -1162.500
-1094.500 -637.494
-1264.000 -79.805
880.494 -916.502
401.500 1212.500
1102.970 -654.482
1104.040 -653.085
1103.800 -654.621
1125.490 618.501
1194.500 -484.500
-1086.500 700.506
-673.506 1103.490
1290.500 -130.501
1049.500 -767.506
1114.970 -684.110
656.505 -1143.510
1083.500 752.504
1105.500 -723.503
746.994 -1090.820
-1234.490 -471.504
748.840 -1090.950
1076.500 771.503
1080.500 792.496
-712.496 -1135.500
1301.500 323.503
-1331.490 -167.505
1296.490 -354.504
1140.490 -714.505
-650.494 -1181.500
1014.500 896.493
-1342.500 192.501
1245.500 -542.506
917.507 -1003.490
-737.510 1145.500
-1198.500 648.510
-1187.510 674.496
966.498 969.492
-1248.500 573.498
1349.500 -282.500
1104.500 -836.500
-1273.490 544.501
1315.500 447.499
-1369.500 235.502
-1339.500 392.508
964.499 -1013.510
1326.500 -445.492
-813.509 1142.500
1000.500 988.499
-1182.500 -770.498
-873.504 1115.490
1222.500 722.503
-1383.510 -329.500
-1049.490 -960.500
-788.502 1186.500
-983.496 -1046.500
-1326.500 549.503
-1180.190 839.615
-1182.400 837.480
-1185.480 835.091
-1267.500 719.497
1465.500 34.501
-1195.500 858.317
-1195.500 859.324
-1172.490 890.506
-1211.500 838.504
1107.500 979.499
-1448.500 321.499
-1332.500 -656.499
1192.930 -888.501
-1467.500 237.504
-1367.490 -594.495
-1322.500 -726.503
1343.500 698.506
1060.500 1091.500
-1477.490 -368.509
-1008.500 1142.500
-1142.500 1026.500
1357.500 -729.500
-1365.510 -716.496
-1410.500 633.499
1485.920 -436.586
1094.510 -1096.500
1051.490 -1143.500
1491.150 -437.168
1312.500 -836.496
-1150.510 -1051.500
-1259.500 927.501
-1376.500 744.496
-1576.500 31.495
-1551.500 319.498
-1197.500 1065.500
-1492.500 588.497
-1371.500 844.499
-1446.500 710.493
-1614.500 -42.498
-1604.500 -233.497
1613.500 -268.495
-1470.500 -724.496
1223.510 1093.500
-1467.500 734.508
-1459.510 760.503
-1241.510 1080.500
-1596.500 -430.500
1342.500 -969.501
-1546.500 609.492
-1496.500 729.505
-1590.510 -516.495
-1522.500 -709.493
1273.500 -1103.500
1207.500 -1200.500
-1566.500 708.498
-1452.500 930.504
-1542.500 793.508
1544.500 -799.502
-1384.490 -1098.500
-1470.500 986.496
-1604.500 767.501
1445.500 -1054.510
1383.510 -1135.500
-1346.500 1197.490
-1451.500 -1121.510
1578.490 -941.501
-1469.500 1134.500
-1573.500 1001.500
1474.500 -1182.500
1587.510 -1039.500
-1502.500 1169.500
1599.500 -1115.500
-1593.500 1195.500
