0.500 -0.502
-2.859 -15.129
-14.179 -20.378
35.500 41.495
40.500 -63.502
51.500 85.503
24.498 -105.499
-113.501 -62.507
-108.942 74.388
-109.118 75.003
108.501 95.501
37.505 140.503
-55.499 134.507
-85.492 -164.505
-140.509 157.501
-192.630 101.829
-214.507 64.498
-201.506 109.499
-134.503 -217.498
179.500 -187.498
-259.501 44.497
267.501 -4.497
150.501 239.501
-72.499 -274.500
-230.501 177.496
121.506 -273.500
-302.497 23.499
287.495 105.496
-77.504 307.501
278.500 -190.497
35.500 -345.498
210.494 276.491
354.496 47.501
-150.502 330.495
300.499 215.500
-213.502 -313.499
294.498 245.499
-335.496 -188.499
346.499 -213.498
294.499 -286.501
67.503 -406.504
-293.496 -294.489
-384.503 -159.490
93.499 414.508
415.492 -99.493
426.495 -44.503
-261.498 343.495
-432.496 -26.503
-252.505 -355.498
-151.504 -414.504
-434.504 -91.497
-138.507 425.497
-52.505 -455.505
449.500 -92.497
-92.499 448.497
-281.504 372.501
-277.509 -377.506
-469.158 62.260
-469.184 62.350
217.500 -424.505
-165.500 460.506
-145.511 -471.504
27.503 -495.505
-22.497 -496.498
342.493 -369.500
-186.497 467.494
64.499 -504.504
170.498 -480.508
-100.499 499.494
-113.494 -509.494
-423.499 304.495
351.497 -390.504
-527.502 -17.501
-497.504 -177.505
-162.499 -508.496
-366.499 393.502
115.497 -529.496
24.503 541.499
309.502 -446.500
513.502 179.494
381.502 392.501
422.495 -351.504
-357.503 420.504
58.493 -555.500
-397.499 -402.506
-263.495 -533.489
317.640 502.738
-519.392 288.626
317.613 502.814
150.501 -578.500
-519.546 293.482
-150.502 -581.503
346.500 -494.501
-526.968 295.876
-601.497 132.495
562.498 -256.502
-404.498 468.504
-347.500 -520.493
-230.502 -582.504
590.500 -211.495
271.504 564.508
-199.501 -596.504
92.495 622.507
401.501 488.491
-399.498 -490.506
551.500 322.500
297.501 567.500
366.499 541.498
-630.072 211.992
-444.501 -500.495
636.500 -218.497
49.499 -671.490
-637.873 215.579
98.500 -667.497
-619.497 -274.500
-133.499 -675.501
60.499 -690.510
258.501 647.503
-668.496 198.497
-368.509 601.500
-555.495 436.504
-691.496 -153.502
-195.494 -690.494
-720.505 59.502
259.498 -691.501
-657.502 -340.504
-192.497 727.499
-506.499 556.502
-689.501 -307.499
-282.505 705.507
765.500 80.504
-767.500 -48.502
252.498 734.502
218.503 755.498
-785.506 -47.509
-357.494 702.501
790.500 -38.506
711.495 -347.500
308.512 729.501
517.498 604.508
-255.507 -754.499
796.495 55.493
660.502 -454.497
279.502 -751.505
448.501 666.506
-532.500 -603.502
604.499 -533.491
-739.498 -335.508
525.500 -626.499
-635.501 -517.491
-258.501 777.506
815.503 -113.501
-315.500 766.501
-746.503 -364.500
-549.490 633.500
522.505 662.503
-835.497 -139.501
423.497 -738.499
804.506 278.495
-674.502 521.497
-765.506 -378.493
787.502 -340.501
609.500 -605.497
-551.499 -658.505
327.496 795.501
-663.494 549.504
-291.495 -812.499
-336.507 -796.498
-753.503 425.502
871.503 78.491
-871.498 120.502
432.494 -779.496
-573.499 688.505
-265.499 858.501
654.509 -623.496
-222.498 879.503
730.504 -556.496
-636.500 662.504
627.500 -678.500
-845.495 -376.493
-910.504 176.493
-844.960 -383.714
-836.503 -415.505
-873.507 -341.496
564.494 750.498
39.504 -940.494
742.501 -582.500
345.500 -879.505
-941.501 66.496
-939.506 -93.498
-101.505 944.493
-638.506 706.502
-869.497 388.504
93.490 -952.505
-890.498 348.500
-234.498 -928.502
-106.503 -953.494
-713.500 -644.505
-763.349 -584.708
-431.503 -860.508
-764.419 -585.623
-310.498 -913.498
-663.498 701.500
264.499 -935.498
373.499 -900.494
-220.499 950.501
-793.503 -571.502
-331.513 922.504
-917.498 -358.494
-269.503 -952.503
-805.503 574.504
418.498 -911.499
18.571 -1003.690
18.545 -1003.770
-870.497 506.499
-970.500 276.496
370.500 -942.495
-213.499 989.499
482.500 -891.509
401.505 -932.501
995.500 -200.501
-999.499 209.500
194.495 -1006.500
1030.500 -47.497
1009.490 232.499
-167.499 -1024.500
1001.500 281.502
328.507 -987.503
807.503 -669.500
-479.499 931.498
34.504 -1055.500
-889.914 569.384
-1004.500 331.497
137.509 1049.490
-888.500 580.502
720.859 783.768
720.885 783.870
-855.497 -641.642
1072.500 84.506
-805.493 720.496
-983.498 -453.501
-58.499 -1084.500
-164.497 -1073.500
1048.500 -285.500
-718.506 -821.502
436.499 -1004.510
-1096.500 36.497
607.505 -915.499
773.495 786.496
-1056.500 -317.501
600.506 926.505
449.499 1010.500
-988.506 -506.498
1093.500 -222.503
813.502 -771.496
312.505 -1079.500
-421.497 1040.500
-840.501 -745.928
899.496 -678.498
-1130.490 30.505
1129.500 -79.498
383.504 -1065.500
157.501 -1127.500
165.957 -1141.280
417.491 -1076.500
131.504 -1150.500
-804.493 -834.500
-474.501 -1063.500
1106.500 372.503
-1167.500 10.506
-694.507 -943.503
-925.498 -721.112
-925.499 -721.501
856.503 -803.501
976.498 660.500
-1144.500 -299.497
-904.509 -764.490
948.500 -710.504
864.714 -820.336
-82.496 -1189.500
476.505 -1094.510
865.990 -822.490
1173.500 232.497
-1156.500 310.500
-834.505 872.496
679.501 1009.500
1202.500 237.501
380.497 -1165.500
670.507 1035.500
1181.500 366.496
820.492 -929.505
-1215.500 -264.494
-1204.500 -314.495
-613.496 -1090.500
603.500 1103.500
650.501 -1078.500
-1269.500 22.502
-1267.500 103.496
739.496 -1038.490
1249.500 -265.501
879.500 926.503
689.501 -1078.510
1272.500 -147.496
-1225.510 369.493
761.505 -1031.500
-814.500 992.499
-722.503 1065.500
-1293.500 -44.494
-1141.500 -634.498
-574.509 1176.490
-1309.490 85.494
1311.510 -84.505
-612.503 1165.500
908.498 955.502
-1051.500 -798.504
1323.810 -96.411
823.500 1046.510
1246.730 -493.107
1248.110 -493.475
1143.500 720.500
-1294.500 -422.501
-1326.500 306.501
647.502 -1199.500
1367.500 101.502
-1268.500 -527.507
-995.501 955.502
1355.490 -271.496
1265.490 -577.496
1175.500 771.504
1391.500 219.501
-1387.510 280.500
-1385.500 -301.499
-1366.500 -395.502
-1181.490 -799.492
-1248.500 -690.494
-1419.490 -162.505
-777.502 1210.490
-1357.500 -486.500
-1271.500 -694.504
1260.500 -753.502
-1107.500 -968.492
-1238.500 798.502
1209.500 -848.496
1333.500 635.497
1458.500 -281.499
-1481.500 116.507
-1006.500 1093.500
1030.500 -1073.520
1380.500 572.495
-1491.500 157.498
-1499.500 34.505
1136.500 1007.510
1056.490 -1104.490
-1147.500 1012.500
-1403.500 619.501
-1480.500 -407.496
-1505.500 -361.498
1174.500 -1025.500
-1007.500 1192.500
1191.500 1010.500
-1383.500 -725.498
-1572.510 54.502
-1263.500 938.501
-1571.500 97.500
1434.500 665.499
-1175.500 -1071.500
1506.500 -536.496
-1587.500 -201.497
-1396.500 -786.501
1587.500 -226.496
1129.500 -1158.500
-1410.500 849.502
-1602.500 -393.496
1541.500 641.495
1443.500 846.505
-1386.500 -947.502
1419.500 -929.496
-1399.500 959.500
1447.490 937.500
1341.500 -1102.500
1462.500 -938.502
1299.500 1188.490
-1521.510 887.497
1512.500 -922.496
-1511.500 999.498
1518.500 -997.504
1558.490 1034.500
1519.500 -1098.490
1614.500 960.501
-1551.500 1125.500
-1601.500 -1118.500
1591.500 -1140.500
