28.908 -26.859
29.013 -27.847
28.339 -27.848
-32.995 23.134
-33.665 23.131
-33.095 24.138
108.325 -6.854
109.008 -6.851
108.898 -5.857
-88.113 -64.853
-87.999 -65.849
-88.669 -65.848
113.340 71.149
114.015 71.154
113.910 72.145
-72.095 -151.859
-71.984 -152.863
-72.658 -152.867
-154.994 129.147
-147.102 -191.854
-155.666 129.147
-146.996 -192.841
-155.099 130.143
-147.671 -192.841
-220.093 -74.860
-219.987 -75.861
-220.657 -75.860
-224.098 -54.858
-223.992 -55.850
-224.659 -55.847
-230.997 -46.858
-231.106 -45.861
-231.662 -46.859
-245.674 69.290
-247.246 67.715
-247.184 69.229
-247.094 71.142
-249.103 69.139
323.332 58.151
324.006 58.150
323.894 59.145
300.338 -177.850
300.910 -176.864
301.013 -177.849
355.328 -23.851
355.897 -22.859
356.010 -23.857
303.337 156.130
304.009 156.134
303.909 157.133
282.341 189.134
283.006 189.138
282.904 190.142
-134.997 265.141
-135.664 265.142
-135.102 266.145
-274.995 129.140
-275.100 130.143
-275.664 129.138
370.335 30.142
371.011 30.142
370.901 31.143
-137.988 283.138
-307.995 76.132
-138.670 283.135
-308.095 77.137
-308.667 76.133
-138.099 284.138
72.897 -388.855
72.344 -389.855
73.007 -389.860
0.893 -410.862
1.008 -411.861
0.339 -411.859
377.894 157.143
379.754 155.710
379.811 157.222
379.896 159.140
381.331 157.275
360.335 206.135
361.009 206.136
361.322 208.217
363.332 215.132
364.004 215.133
363.900 216.130
-385.999 -32.860
-386.100 -31.857
-386.672 -32.867
-244.093 -379.863
-243.989 -380.860
-244.663 -380.863
-29.102 -470.862
60.346 420.139
61.013 420.141
-28.986 -471.860
-29.671 -471.859
60.909 421.144
175.341 398.148
176.014 398.141
175.899 399.148
444.328 150.135
445.010 150.137
444.908 151.141
-189.095 -441.858
-188.990 -442.859
-189.663 -442.860
128.893 -492.859
128.328 -493.864
129.010 -493.865
-452.991 -2.859
-453.105 -1.855
-403.988 187.144
-453.670 -2.856
-404.089 188.147
-404.657 187.143
-446.103 -127.864
-446.000 -128.857
-446.672 -128.860
482.335 -204.860
482.896 -203.861
483.002 -204.861
249.903 -466.857
-450.669 -139.712
249.338 -467.861
250.004 -467.862
-452.098 -137.856
-452.188 -139.774
-452.249 -141.293
-454.101 -139.865
-365.669 274.288
-367.243 272.714
-367.187 274.229
-367.104 276.142
-369.102 274.142
-469.003 -77.858
-469.105 -76.854
-469.670 -77.859
-478.988 -14.863
-479.090 -13.855
-479.659 -14.870
-166.105 -498.857
-165.995 -499.859
-166.665 -499.856
488.344 228.141
489.017 228.137
488.908 229.141
-324.987 364.142
-325.669 364.143
425.900 -374.857
425.331 -375.852
-325.100 365.141
426.011 -375.849
155.906 -548.858
155.340 -549.857
156.011 -549.857
513.326 -276.859
513.895 -275.868
514.005 -276.863
-222.104 -515.857
-221.995 -516.861
-222.663 -516.860
509.336 -296.867
509.908 -295.868
510.006 -296.866
-450.002 252.149
-450.678 252.147
-450.115 253.140
301.891 -523.859
301.333 -524.848
302.007 -524.851
518.334 262.135
519.001 262.136
518.893 263.137
314.751 467.710
312.894 469.137
314.810 469.224
316.322 469.283
314.897 471.140
589.446 -158.118
590.033 -156.858
591.710 -159.673
592.089 -158.571
-27.105 -604.864
-26.995 -605.863
-27.672 -605.865
347.898 467.545
347.250 469.230
348.058 469.206
347.903 471.141
368.892 -515.858
368.332 -516.852
369.009 -516.857
506.909 -396.866
506.336 -397.857
507.011 -397.859
517.901 338.138
519.763 336.712
519.820 338.221
519.906 340.136
521.331 338.276
-550.087 -229.852
-549.990 -230.862
-550.656 -230.862
517.898 -423.866
517.331 -424.871
518.005 -424.865
311.753 540.713
309.897 542.141
661.337 34.141
311.809 542.218
661.912 35.139
662.022 34.138
313.331 542.271
311.893 544.133
455.340 458.142
456.007 458.133
455.894 459.145
-353.093 -553.856
-352.988 -554.852
-353.661 -554.854
73.330 638.134
74.011 638.130
73.898 639.132
668.341 171.141
673.893 -206.868
669.013 171.136
668.905 172.138
675.905 -204.859
675.808 -206.774
675.743 -208.294
677.326 -206.710
104.902 -697.867
104.336 -698.867
105.005 -698.867
720.334 -4.849
720.895 -3.859
721.006 -4.851
525.895 -514.863
527.896 -512.858
527.813 -514.780
527.757 -516.289
529.325 -514.724
561.343 428.142
562.009 428.141
561.914 429.147
31.012 675.144
30.336 675.147
30.897 676.141
-466.092 -534.855
-465.985 -535.854
-466.663 -535.854
-479.992 475.142
-480.668 475.141
-480.098 476.138
-233.094 -697.861
-231.669 -699.723
-233.181 -699.778
-235.099 -699.860
-233.240 -701.287
540.903 -538.856
538.899 -540.856
-15.104 -749.861
-15.000 -750.862
540.816 -540.771
-15.667 -750.863
542.329 -540.713
540.756 -542.286
583.329 443.131
584.001 443.131
583.888 444.140
637.329 384.133
638.005 384.133
637.896 385.135
497.328 541.133
498.013 541.132
497.896 542.138
-653.994 262.130
-654.098 263.139
-654.668 262.125
-8.989 722.135
-9.664 722.136
-9.092 723.134
-309.238 648.710
-307.670 650.290
-309.180 650.232
708.329 -361.850
708.894 -360.858
-311.096 650.146
709.005 -361.853
-309.097 652.142
224.893 -777.855
56.337 749.136
57.001 749.143
224.338 -778.861
224.998 -778.860
56.907 750.147
806.335 14.148
806.900 15.148
807.005 14.148
-747.991 -108.857
-748.106 -107.859
-748.666 -108.860
-285.995 690.140
-286.665 690.140
-286.105 691.141
106.912 -830.859
106.339 -831.862
107.019 -831.859
840.337 -65.862
840.907 -64.862
841.012 -65.863
-432.092 -700.851
-431.995 -701.860
-432.665 -701.861
-797.997 -28.855
-798.093 -27.856
-798.665 -28.855
-741.990 292.134
-742.097 293.135
-742.661 292.132
753.340 393.147
754.005 393.143
865.333 29.154
753.898 394.141
865.900 30.145
866.010 29.152
740.895 -487.855
740.330 -488.863
823.326 272.141
741.303 -489.075
824.001 272.140
823.898 273.142
865.342 -194.858
865.911 -193.860
866.016 -194.865
746.914 -493.593
747.682 -492.632
748.015 -493.858
-610.993 560.145
-611.668 560.145
-611.103 561.143
572.329 654.131
573.008 654.137
-74.250 838.708
572.902 655.136
-72.673 840.279
-74.195 840.221
-76.102 840.137
-74.112 842.140
-833.099 -182.863
-832.988 -183.862
-833.669 -183.860
600.337 640.140
601.007 640.142
600.901 641.139
-719.995 441.132
-720.670 441.134
881.333 -259.852
-720.108 442.139
881.901 -258.856
882.010 -259.855
-806.117 -329.856
-806.000 -330.855
-806.673 -330.854
-674.990 526.136
-675.666 526.138
-675.102 527.137
886.897 -315.857
716.338 564.138
888.895 -313.859
716.999 564.141
888.813 -315.773
888.758 -317.289
716.895 565.147
890.334 -315.717
663.917 -676.860
663.341 -677.859
664.014 -677.860
515.337 745.146
516.007 745.148
515.910 746.146
-867.992 149.133
-868.097 150.134
-868.660 149.129
694.912 -653.863
-27.096 -939.864
694.344 -654.866
695.022 -654.864
-26.994 -940.860
-27.671 -940.859
-109.092 -939.853
-108.996 -940.853
-109.665 -940.856
-808.114 -427.860
-807.999 -428.860
-808.670 -428.859
563.895 -790.860
561.902 -792.848
563.818 -792.770
565.334 -792.717
563.765 -794.289
-594.998 686.151
847.893 -503.865
847.328 -504.863
-595.670 686.151
-595.105 687.146
847.999 -504.860
-408.994 816.133
-409.661 816.131
-409.092 817.144
937.331 -307.856
937.905 -306.865
938.008 -307.860
-504.093 -820.858
-503.991 -821.855
-504.666 -821.855
976.336 129.158
977.014 129.159
976.905 130.144
-440.092 -867.857
-439.978 -868.858
-440.652 -868.855
-670.113 -691.860
-668.668 -693.719
-670.187 -693.776
808.905 -597.857
808.337 -598.867
-670.237 -695.286
809.010 -598.868
-672.098 -693.860
438.331 854.148
439.010 854.144
438.898 855.140
-947.984 98.140
-948.100 99.136
-948.667 98.146
-891.985 330.144
-892.087 331.141
-892.658 330.140
251.346 937.135
252.015 937.139
251.918 938.135
-633.094 -768.857
-631.677 -770.706
-633.184 -770.769
412.902 -946.861
-633.246 -772.290
-635.098 -770.861
412.333 -947.853
413.011 -947.850
994.338 229.140
995.014 229.140
994.905 230.140
-196.993 948.151
-197.664 948.150
-197.098 949.141
-320.001 913.147
-320.675 913.151
-320.112 914.147
1019.900 139.139
-726.110 -691.854
1030.340 -124.851
1021.760 137.709
1030.910 -123.854
-726.002 -692.853
1021.820 139.224
1031.010 -124.847
1021.900 141.138
-726.666 -692.851
-785.099 -620.864
-784.992 -621.869
1023.330 139.281
-785.666 -621.867
721.216 -760.706
720.445 -761.844
-726.095 -697.801
722.337 -761.845
1013.340 206.150
-725.995 -700.858
1014.010 206.153
1013.900 207.142
-726.661 -700.856
-230.991 954.130
-231.663 954.130
-231.092 955.135
999.335 -331.872
999.905 -330.864
1000.010 -331.870
393.906 -980.864
393.333 -981.862
394.016 -981.863
477.332 892.149
478.004 892.150
477.891 893.145
903.896 -562.855
903.337 -563.855
904.004 -563.854
489.897 -947.863
487.898 -949.859
1019.460 260.993
489.810 -949.773
491.325 -949.713
1020.020 262.892
489.751 -951.281
-639.105 -814.861
1021.070 261.099
304.897 -1022.870
-638.997 -815.857
-639.671 -815.857
304.333 -1023.860
305.010 -1023.870
1022.450 263.774
1023.900 266.138
-489.995 880.142
-490.677 880.137
-490.096 881.136
356.335 969.137
357.006 969.138
356.900 970.136
319.906 -1036.870
319.339 -1037.860
320.010 -1037.860
-646.003 787.142
-646.676 787.144
-646.117 788.141
407.526 968.609
407.456 970.691
-486.474 907.434
-487.663 907.139
405.362 972.003
-481.000 911.129
-483.147 910.140
409.923 970.731
-486.948 908.285
-481.105 912.133
409.861 973.108
407.566 974.184
1029.330 369.137
1030.000 369.140
1029.890 370.139
822.905 -756.863
895.899 -668.859
822.333 -757.865
895.337 -669.856
946.340 541.145
823.014 -757.867
896.012 -669.857
947.007 541.145
946.905 542.145
1095.340 -203.861
1095.910 -202.865
1096.010 -203.861
1013.330 423.131
1014.000 423.132
1013.890 424.142
-678.242 796.708
-676.674 798.287
-194.241 1035.710
-678.184 798.229
-192.674 1037.290
-194.182 1037.230
-196.099 1037.130
-680.099 798.143
250.913 -1091.860
-678.098 800.140
250.342 -1092.860
251.009 -1092.860
-1056.990 -107.864
-1057.100 -106.860
-194.096 1039.140
-1057.660 -107.868
794.904 -801.863
794.335 -802.856
795.017 -802.857
-1031.100 -329.856
-1031.000 -330.855
-1031.660 -330.856
-538.236 920.711
-536.669 922.279
-538.183 922.224
-298.997 1029.130
-299.664 1029.130
-540.102 922.143
-299.112 1030.140
-538.106 924.138
451.340 1002.150
452.013 1002.140
451.905 1003.140
-848.675 661.290
-850.237 659.712
265.330 1064.130
-850.183 661.227
1145.340 -23.864
266.004 1064.130
1145.910 -22.860
1146.000 -23.866
265.896 1065.140
-850.102 663.147
-852.101 661.134
-507.108 -1009.850
-506.995 -1010.850
-507.662 -1010.850
646.328 910.133
1073.900 -435.858
647.003 910.135
646.899 911.140
1075.910 -433.862
1075.820 -435.775
-1018.000 382.137
-1018.100 383.138
1075.750 -437.286
-1018.670 382.136
1077.330 -435.718
950.365 -673.007
952.568 -670.820
-1082.670 -217.716
952.458 -674.306
954.858 -671.898
-1084.100 -215.866
952.526 -676.393
-1084.190 -217.773
-1084.240 -219.287
954.923 -674.260
-1086.100 -217.855
1034.340 501.140
1035.000 501.140
788.896 818.137
1034.900 502.137
790.753 816.708
-429.993 1013.150
-430.666 1013.150
-430.099 1014.140
790.812 818.223
792.331 818.281
790.900 820.141
-16.108 -1170.860
-16.002 -1171.860
-16.669 -1171.860
-947.990 572.148
-948.661 572.141
-948.088 573.138
-1122.990 -23.867
-1123.090 -22.859
-1123.670 -23.873
311.338 1091.130
312.004 1091.140
774.335 854.143
311.905 1092.140
775.000 854.143
774.891 855.145
1159.330 212.143
1160.000 212.144
1159.910 213.148
-1127.990 -98.856
-1128.100 -97.855
-1128.670 -98.855
774.894 -919.857
774.334 -920.859
775.004 -920.859
499.903 -1096.860
499.334 -1097.870
1177.900 193.146
500.007 -1097.860
1179.760 191.716
1179.820 193.226
1179.900 195.141
1181.330 193.280
443.330 1072.140
444.001 1072.130
576.894 -1066.860
443.873 1073.140
-1015.100 -568.852
574.898 -1068.850
-1014.990 -569.853
576.812 -1068.770
-1015.660 -569.850
578.329 -1068.720
576.756 -1070.290
960.889 -751.859
960.333 -752.868
961.004 -752.865
164.893 -1203.860
164.331 -1204.860
165.003 -1204.860
1009.900 -693.857
1009.330 -694.860
1010.000 -694.858
997.339 665.129
998.009 665.127
997.902 666.142
-855.994 788.136
-856.665 788.132
-856.090 789.138
-186.993 1164.130
-187.666 1164.130
-187.093 1165.130
998.339 705.128
999.010 705.133
998.906 706.139
-499.095 -1127.860
1240.340 133.140
-497.669 -1129.710
1241.000 133.145
1240.900 134.146
1249.350 49.145
-499.178 -1129.770
-1190.990 65.144
1249.910 50.145
1250.020 49.145
-1191.100 66.146
-501.100 -1129.850
-172.987 1180.140
-173.664 1180.150
-1191.660 65.144
-499.236 -1131.290
-173.094 1181.140
1223.900 249.139
1225.750 247.714
1225.820 249.227
1225.900 251.143
1227.330 249.286
882.337 861.131
883.020 861.131
1190.340 386.138
882.908 862.141
1191.010 386.139
1190.900 387.138
1111.330 565.135
-1203.000 -100.858
-1203.110 -99.859
1112.000 565.134
1111.900 566.136
-1203.670 -100.859
-1174.980 -306.971
-1175.540 -305.550
-725.105 -1006.860
-1175.690 -306.996
-724.987 -1007.860
-725.663 -1007.860
-1179.520 -301.282
-1180.110 -299.856
-1180.670 -300.854
1261.900 114.147
1263.760 112.711
1263.820 114.221
1263.900 116.135
-167.993 1201.130
-168.667 1201.130
1265.330 114.270
-168.100 1202.140
-1155.100 -427.865
-794.111 -967.857
-1154.990 -428.861
-793.999 -968.851
-1155.670 -428.865
-794.674 -968.856
792.748 974.707
790.901 976.133
792.809 976.224
794.325 976.287
792.900 978.144
1293.330 -81.849
1293.880 -80.855
1293.990 -81.852
1284.330 139.135
1285.010 139.134
1284.890 140.138
982.339 813.139
983.010 813.135
982.897 814.137
524.333 1145.150
525.006 1145.140
524.891 1146.140
1086.900 -748.864
1086.340 -749.859
1087.010 -749.863
1096.340 690.142
-1245.980 143.129
-1246.090 144.137
1097.010 690.142
1005.910 -863.858
1005.340 -864.866
-1246.660 143.124
1096.900 691.139
1006.010 -864.866
-1186.990 406.129
-1187.100 407.138
-1187.670 406.125
773.908 -1085.860
773.338 -1086.860
774.015 -1086.860
1246.330 420.129
1247.000 420.134
1246.890 421.143
-1101.980 621.137
-816.119 -1019.850
-1102.080 622.139
-1102.660 621.139
-815.997 -1020.850
-816.668 -1020.850
767.330 1049.140
1259.330 -461.859
1331.340 -111.865
1259.900 -460.865
768.011 1049.140
1260.010 -461.860
1331.910 -110.863
-478.096 -1230.220
1332.010 -111.863
-475.768 -1231.540
767.908 1050.140
-476.607 -1231.360
-477.597 -1231.360
-478.595 -1231.360
-479.599 -1231.360
-480.454 -1231.540
-481.100 -1231.860
1341.340 -29.857
1341.900 -28.860
1342.020 -29.861
1063.900 -835.851
1065.890 -833.860
934.903 -979.857
932.902 -981.861
1065.810 -835.772
1065.760 -837.288
1344.900 -42.861
934.812 -981.772
1067.330 -835.718
936.327 -981.712
934.750 -983.286
1346.750 -44.290
-1190.120 -527.858
1346.810 -42.774
1346.890 -40.862
-1189.990 -528.860
-1190.670 -528.861
1348.330 -42.714
-628.094 -1171.860
-627.992 -1172.870
-628.660 -1172.870
723.331 1098.140
724.009 1098.130
723.894 1099.140
1095.330 761.137
1096.010 761.137
1095.910 762.133
1285.340 411.146
1286.000 411.146
1285.880 412.143
-697.104 -1145.850
1269.330 -519.856
1269.900 -518.854
-697.022 -1147.750
1270.010 -519.855
-697.661 -1147.720
956.341 937.146
957.001 937.139
-697.102 -1151.040
956.889 938.144
-698.144 -1151.110
1022.900 -926.861
1022.340 -927.855
1023.010 -927.855
922.908 -1028.860
922.341 -1029.860
923.016 -1029.870
-1060.670 -823.716
-1062.100 -821.859
-1062.180 -823.772
-1062.230 -825.290
-829.993 1018.140
-1064.100 -823.856
-830.668 1018.130
-830.103 1019.140
593.328 1211.140
594.005 1211.130
593.900 1212.140
1289.340 -556.849
1072.900 856.128
1289.910 -555.858
1074.750 854.707
1290.010 -556.851
1074.810 856.222
1076.330 856.286
893.334 1036.150
1074.900 858.138
894.010 1036.140
893.911 1037.150
1346.340 407.131
1347.010 407.135
1346.910 408.143
-1155.100 -751.854
-1155.000 -752.850
-1155.670 -752.850
670.760 1205.710
668.901 1207.140
670.821 1207.230
672.336 1207.290
-1248.670 527.284
670.909 1209.140
-1250.240 525.713
-1250.180 527.223
-1250.100 529.140
-1252.100 527.134
1425.330 -77.870
1425.890 -76.864
1426.010 -77.870
-1319.100 -401.859
-1318.990 -402.860
-1319.670 -402.859
1271.820 -683.860
1273.900 -681.783
993.901 -1050.860
993.328 -1051.860
1273.790 -683.752
994.012 -1051.860
1273.720 -685.407
1437.330 -8.862
1275.440 -683.676
1437.900 -7.861
1438.010 -8.860
-858.987 1068.140
-880.993 1050.140
-859.672 1068.140
-881.667 1050.140
-859.106 1069.140
-881.105 1051.150
1017.330 982.137
1018.010 982.136
1017.900 983.136
1391.330 -408.866
1391.890 -407.865
1392.010 -408.867
787.756 1171.710
785.901 1173.140
787.814 1173.230
1308.330 589.143
1309.000 589.142
789.332 1173.290
1308.890 590.142
787.899 1175.140
1447.330 -169.859
1447.900 -168.860
1448.010 -169.861
1354.330 507.136
1355.000 507.138
1354.540 509.988
973.339 1048.130
1353.330 515.147
974.011 1048.130
1354.000 515.145
1353.890 516.141
973.910 1049.130
1081.330 946.135
-1251.000 619.146
1082.010 946.140
-1251.100 620.139
-1251.660 619.146
1081.900 947.142
991.898 -1090.860
991.328 -1091.860
992.010 -1091.860
-1025.110 -1005.860
-1025.000 -1006.860
-1025.670 -1006.850
1466.900 79.132
1468.760 77.705
1468.810 79.221
1468.900 81.143
1470.320 79.281
-1369.100 -398.846
-1369.000 -399.850
-1369.660 -399.849
1435.340 -384.856
1435.900 -383.860
1436.000 -384.857
1432.430 -407.678
1434.000 -405.794
1434.480 -407.196
1436.950 -405.014
909.911 -1188.860
1437.910 -402.859
909.329 -1189.850
910.010 -1189.850
1444.130 -383.903
1438.850 -404.741
1444.890 -382.862
1488.330 33.147
1488.890 34.138
1489.000 33.143
1445.820 -384.479
1449.230 -387.309
1449.920 -386.101
1451.000 -387.863
1301.340 704.139
1302.000 704.141
1301.900 705.137
1425.340 -487.856
1425.910 -486.856
1426.010 -487.855
1487.330 -236.862
1487.910 -235.858
1488.020 -236.861
1495.900 150.137
1497.750 148.713
1497.810 150.220
1497.890 152.136
1499.330 150.277
1508.330 -161.851
1465.330 -405.872
1465.890 -404.864
1508.880 -160.857
1466.000 -405.875
1509.000 -161.854
1105.340 1008.150
1106.010 1008.150
1154.330 956.147
1105.900 1009.140
1155.010 956.147
-1461.000 98.132
-1461.100 99.143
1154.900 957.142
1524.330 -19.870
-1461.670 98.129
1524.880 -18.863
1525.000 -19.871
-873.117 -1220.860
-873.002 -1221.860
-873.668 -1221.860
1008.910 -1170.860
1008.340 -1171.860
1009.010 -1171.860
-1466.670 169.286
-1468.240 167.711
-1468.180 169.224
-1468.100 171.138
-1470.100 169.135
1117.910 -1087.860
1117.340 -1088.860
1118.020 -1088.860
1550.320 63.160
1550.880 64.150
1551.000 63.158
1555.340 13.128
1555.910 14.135
1556.010 13.135
-1040.230 1064.710
-1038.670 1066.270
-1040.180 1066.220
-1042.100 1066.140
-1040.110 1068.140
1542.360 208.994
1524.340 306.133
1525.010 306.138
1524.900 307.135
1544.530 205.607
1559.340 71.138
1544.460 207.696
1559.890 72.141
1560.000 71.141
1544.570 211.181
1546.920 207.737
1546.860 210.103
-1405.000 539.137
-1405.100 540.142
-1405.660 539.137
1344.900 -832.873
1346.920 -830.860
1570.890 -104.859
1346.820 -832.771
1346.750 -834.289
1572.900 -102.863
1572.810 -104.773
1572.750 -106.287
1348.340 -832.702
1574.330 -104.715
1411.330 -734.866
1411.900 -733.860
1412.010 -734.858
-1462.990 437.148
-1463.100 438.142
-1463.660 437.149
1404.910 -773.861
1325.900 -904.859
1325.330 -905.859
1406.910 -771.859
1289.900 -956.858
1326.010 -905.861
1291.900 -954.856
1406.820 -773.776
1596.340 -13.863
1406.760 -775.290
1596.890 -12.858
1597.010 -13.860
1291.820 -956.770
1408.330 -773.718
1291.760 -958.285
1293.330 -956.710
-1484.110 -448.857
-1484.000 -449.862
-1484.670 -449.865
1361.910 -868.870
1361.330 -869.869
1362.010 -869.866
1607.340 -57.860
1607.900 -56.864
1608.010 -57.861
1607.330 32.144
1607.890 33.143
1608.000 32.142
1590.340 -292.857
1590.910 -291.859
1591.010 -292.856
-1560.000 121.132
-1560.100 122.139
1076.290 1177.750
-1560.660 121.133
1366.890 -897.862
1366.320 -898.865
1367.000 -898.862
1078.340 1177.550
1080.890 1178.010
1080.120 1179.130
1476.330 658.145
1477.010 658.144
1476.890 659.144
-1358.920 -827.931
-1359.080 -830.428
-1361.430 -826.820
1632.330 -74.871
1632.890 -73.863
1633.000 -74.871
-1474.110 -589.861
-1473.990 -590.855
-1359.250 -833.226
-1474.660 -590.858
-1362.390 -828.931
-1364.550 -828.766
-1362.360 -833.298
1340.340 904.140
1341.020 904.138
1340.910 905.136
-1364.560 -831.995
-1401.990 714.136
1054.340 1216.140
1055.010 1216.140
-1402.100 715.135
-1402.660 714.135
1054.900 1217.150
1623.340 -284.859
1376.910 -916.867
1376.340 -917.865
1623.920 -283.865
1624.010 -284.861
1377.010 -917.865
1612.330 -376.858
1612.900 -375.865
1613.010 -376.856
1267.440 1021.000
1269.640 1019.700
1084.340 1207.130
1085.000 1207.140
1267.450 1024.230
1084.900 1208.130
1272.760 1019.770
1269.600 1024.070
1272.920 1022.570
1579.900 -520.862
1270.560 1026.180
1581.900 -518.863
1273.080 1025.070
1581.820 -520.780
1581.760 -522.292
-1545.100 -451.865
-1544.990 -452.866
1583.330 -520.724
-1545.670 -452.869
1534.330 -663.858
1534.890 -662.855
1535.010 -663.858
1451.890 -844.856
1451.330 -845.858
1452.000 -845.860
1565.900 -621.859
1567.900 -619.860
1567.820 -621.776
1567.760 -623.294
1569.330 -621.719
1313.880 -1064.870
1313.330 -1065.870
1561.320 591.146
1314.000 -1065.870
1562.000 591.145
1561.890 592.140
1226.340 1128.140
1227.010 1128.140
1226.890 1129.140
1300.900 -1108.870
1302.910 -1106.860
1302.820 -1108.780
1302.760 -1110.290
1304.330 -1108.720
-1413.110 -875.852
-1413.000 -876.855
1452.370 853.995
1454.520 850.609
-1413.670 -876.854
1454.450 852.693
1454.570 856.185
1456.930 852.735
1456.860 855.104
1310.910 -1126.850
1310.340 -1127.850
1311.010 -1127.850
1424.340 941.140
1425.010 941.142
1424.910 942.142
-1262.100 -1149.860
-1262.000 -1150.860
-1262.660 -1150.860
-1564.670 -675.716
-1566.100 -673.863
-1566.180 -675.771
-1566.240 -677.288
1271.900 -1219.860
1271.340 -1220.860
1597.330 -740.856
1597.890 -739.858
1272.010 -1220.860
-1568.100 -675.854
1598.000 -740.856
-1485.990 799.138
-1486.100 800.138
-1486.670 799.136
1448.900 -1066.860
1448.340 -1067.870
1449.010 -1067.870
-1269.990 1164.140
-1270.660 1164.140
-1270.110 1165.140
1381.910 -1161.860
1381.330 -1162.850
1382.020 -1162.850
1472.370 -1050.000
1474.560 -1047.820
1603.340 -838.857
1603.900 -837.863
1474.460 -1051.300
1604.010 -838.856
1476.870 -1048.900
1474.520 -1053.390
1476.930 -1051.250
1400.900 -1155.860
1400.340 -1156.860
1401.000 -1156.860
1549.900 -949.849
1551.900 -947.861
1551.820 -949.775
1551.760 -951.289
1553.320 -949.725
1461.900 -1097.860
1463.900 -1095.860
1463.810 -1097.770
1463.750 -1099.280
1629.330 778.139
1465.330 -1097.710
1630.010 778.140
1629.900 779.146
1473.330 1035.150
1474.010 1035.150
1473.900 1036.150
-1637.000 686.129
-1637.690 686.272
-1637.110 687.779
-1639.300 686.544
-1547.090 -973.850
1584.910 -1006.850
1584.350 -1007.860
-1546.990 -974.855
1585.010 -1007.860
-1547.660 -974.857
-1410.990 1121.140
-1411.670 1121.140
-1411.110 1122.140
-1546.100 -1007.860
-1545.990 -1008.850
-1401.000 1157.130
-1546.670 -1008.860
-1401.660 1157.130
-1401.090 1158.150
1564.900 -1129.860
1566.900 -1127.860
1566.810 -1129.770
1586.340 1049.140
1566.750 -1131.290
1587.010 1049.140
1568.320 -1129.710
1586.910 1050.140
1598.340 1112.150
1599.010 1112.140
1598.910 1113.140
-1617.670 -1153.720
-1619.100 -1151.860
-1619.190 -1153.780
-1619.240 -1155.290
-1621.100 -1153.860
