0.502 -0.499
-57.502 -27.493
-125.498 51.499
95.500 -131.501
-41.500 -163.497
158.497 -116.497
195.504 -43.499
-155.498 -125.495
-123.498 171.506
149.502 -165.503
228.497 92.502
157.500 189.504
133.503 225.496
262.500 -196.504
304.505 129.494
330.493 45.499
207.501 273.499
132.503 -322.500
-260.496 -237.496
339.496 -113.499
-167.500 337.501
95.497 366.500
-38.502 380.501
-241.503 296.496
-386.490 -18.497
-399.500 14.494
-399.502 62.507
-160.497 -372.496
-32.497 403.509
270.496 -307.498
312.502 269.500
396.021 -126.531
404.501 -118.493
-59.501 -423.499
-12.499 446.504
-197.501 418.499
471.497 58.503
-133.500 -463.508
493.497 -27.500
480.502 121.501
460.501 -184.503
410.497 284.507
465.500 197.497
256.500 -439.497
428.503 -284.498
-502.496 119.502
148.498 -500.498
-253.495 -464.497
315.501 -425.499
114.500 -529.510
-301.498 457.496
549.502 -38.502
-44.505 -552.504
70.499 551.495
143.503 537.502
335.499 451.500
531.504 -211.493
-149.497 570.501
465.495 -364.498
-578.504 131.501
-480.503 370.498
-601.496 -99.505
-20.503 -612.502
617.504 -1.503
-105.500 610.500
-222.505 -582.494
631.506 34.502
-520.495 -367.499
-455.499 -446.500
-402.495 499.499
208.490 -612.503
544.502 -368.498
621.501 234.502
667.500 -36.503
20.501 -669.505
209.508 637.496
-635.500 231.501
337.502 599.500
549.500 -415.502
-249.503 648.500
705.500 28.504
669.500 -227.496
-674.494 209.497
711.494 66.493
-712.498 -77.501
89.497 -714.498
-440.990 -586.887
-440.999 -586.987
240.504 700.500
-197.500 716.502
653.502 -357.500
115.498 -739.500
174.499 -734.503
-752.498 165.500
639.500 -445.502
-743.504 -283.499
-520.499 -602.493
-682.506 -423.497
618.505 -526.505
-818.502 34.498
808.505 -161.502
121.505 -817.497
836.502 -41.500
832.491 150.496
688.500 -494.498
-232.502 818.504
-853.492 -2.505
850.497 -109.500
-221.499 -830.496
-397.500 -768.495
-824.502 265.500
430.507 764.498
878.508 -36.503
-840.507 -256.499
-821.505 329.494
803.502 -383.500
152.506 -879.504
526.497 -721.501
-521.497 725.503
-667.498 -596.497
675.497 -596.501
796.496 -432.497
892.496 159.504
-421.515 801.501
-538.502 -736.507
-837.507 -361.511
247.499 878.500
-903.496 133.497
497.500 -767.497
-716.497 566.494
35.502 -918.501
-323.500 871.500
-567.500 -744.503
-899.500 286.495
935.500 -149.500
743.502 589.500
-713.500 636.496
853.503 -440.500
-918.505 -280.499
579.496 773.509
621.498 -741.501
460.497 855.499
-960.499 172.497
747.501 631.494
-982.496 46.503
641.495 -747.497
-624.502 -761.494
975.500 -142.497
258.493 -952.503
120.500 982.494
-955.497 266.497
-986.502 107.497
-442.505 -895.493
310.505 953.503
-950.499 333.506
457.502 -907.497
-246.504 986.504
1009.510 -147.498
-669.490 -770.502
1002.500 194.498
925.495 452.500
-715.493 748.495
-858.495 -590.507
124.497 1035.500
-1017.510 229.494
926.499 -490.501
-193.505 1033.510
1046.510 124.499
746.493 -745.498
-757.506 -735.496
-349.497 -1000.500
-1011.500 -318.503
-669.508 822.505
-17.494 1061.500
-295.504 -1024.500
-269.501 1043.500
-317.503 1034.500
522.501 954.501
-454.498 989.500
-694.498 -844.499
660.499 -873.494
-1074.500 218.494
677.495 863.501
-1031.490 392.498
283.497 1083.500
127.504 1126.510
-992.501 -557.506
947.494 -648.503
-15.492 1150.510
911.497 703.499
924.506 -695.503
1114.500 -322.497
1161.500 -11.499
19.491 1160.500
-1072.500 -455.500
688.501 941.494
-508.494 -1050.510
-489.499 1061.500
1169.490 -167.501
-572.501 1040.500
993.505 658.507
801.498 882.514
-836.507 849.495
-876.499 -813.505
1043.500 -586.493
306.501 1161.500
1200.500 107.493
770.504 -935.497
1214.500 44.498
-147.499 -1208.500
-1010.500 684.502
754.495 963.504
816.122 923.918
811.493 929.502
-1116.500 -528.500
-306.493 -1201.500
1092.500 -588.489
1240.510 -69.501
641.507 1066.500
954.506 800.501
-1125.500 534.496
-1223.500 237.504
-1144.500 504.503
666.500 -1060.500
711.492 1030.500
578.498 -1116.490
-1160.490 -502.495
1261.500 -137.506
1203.500 -406.503
-1041.500 -729.490
-1127.500 -588.506
-1272.500 -42.501
1107.500 -635.500
1105.900 -642.733
1133.500 593.490
-665.494 -1093.500
-1048.500 733.498
1038.500 756.497
-972.505 842.496
1102.500 -678.503
-1107.500 -669.505
-695.503 -1093.500
908.509 -928.109
908.508 -928.500
-1040.500 786.508
-523.498 -1198.500
-900.497 -951.496
-670.505 -1126.500
959.504 913.501
1323.500 94.506
-1234.510 -495.499
1290.500 -334.501
-862.496 -1016.500
913.493 -979.500
1003.550 -887.452
1310.500 -342.495
1155.500 725.499
1360.500 129.496
1189.500 -674.504
-1032.500 -895.497
-1177.500 -708.501
-1375.500 25.494
1090.510 -850.503
1214.500 -669.500
-1354.510 -302.493
-996.504 969.497
1233.490 -644.495
-1343.500 -364.499
981.019 -995.934
-1374.500 -293.502
-923.544 -1064.120
-925.755 -1063.950
1111.000 -880.303
1115.640 -879.906
1402.490 -250.495
1404.500 247.498
1353.500 -479.507
-1082.500 949.500
1407.310 316.714
1298.490 -638.495
-1387.500 -410.503
1411.510 325.499
-1447.500 42.504
-1031.500 -1020.500
984.501 -1101.510
-1442.500 -316.502
1320.500 -687.500
1145.500 -965.502
1504.500 136.502
1293.500 785.508
1516.510 -125.489
1389.500 -637.500
1501.500 302.502
1072.500 1094.500
1277.500 -880.500
-1304.510 -853.492
1558.500 -115.495
1075.500 -1138.500
1567.940 -123.781
1571.500 -218.500
1431.500 716.505
1557.500 453.511
-1089.500 1202.490
1151.490 1166.490
-1315.500 984.501
1317.490 984.501
1601.500 -408.504
-1560.510 -550.502
1230.510 1125.500
1573.500 -594.499
-1487.510 796.502
-1294.500 -1090.500
-1252.500 -1143.500
1582.510 614.505
1316.500 -1073.500
1470.510 854.951
1361.500 -1028.500
-1280.500 1166.500
-1431.500 -1019.500
-1460.500 985.496
1505.510 953.498
-1440.500 -1056.500
-1445.500 1049.510
1507.490 -970.493
1373.500 1166.500
1607.500 -892.505
1568.490 -987.503
-1533.490 1069.500
-1501.500 1121.500
1615.500 995.504
