0.489 -0.499
-6.498 -86.499
40.504 76.502
73.500 60.500
-96.494 -20.497
130.500 -28.497
-22.500 -145.499
93.503 -117.499
-133.500 -94.497
44.504 -164.503
-86.504 -153.502
-171.497 41.490
189.499 -62.497
-194.500 67.498
-204.491 -44.500
-66.502 -203.505
197.499 91.500
-128.499 -195.510
-247.506 0.498
247.497 -71.501
243.500 -150.503
45.574 -291.902
-235.503 178.499
-58.496 291.494
72.497 303.500
83.498 -303.500
58.502 -312.499
102.492 309.499
-167.497 -289.105
-167.497 -289.496
-79.509 -330.501
199.496 277.492
-333.491 74.495
-321.503 157.505
346.501 -113.501
313.489 196.495
88.500 -367.502
-280.498 -252.499
-373.499 -111.507
53.500 -394.499
276.500 -287.507
321.505 245.499
275.776 -298.810
404.506 -77.502
395.495 135.495
419.499 0.498
-356.498 222.502
-192.503 392.500
-312.500 -312.492
89.500 436.500
439.499 91.504
411.504 180.495
-447.500 -43.498
-35.497 458.504
-381.497 -274.502
-401.496 250.503
-113.499 469.494
-288.495 -388.498
-28.505 482.493
457.501 -183.501
449.499 210.500
-498.503 150.496
-513.498 98.499
-525.173 -16.825
-525.216 -16.733
70.502 524.499
348.504 -407.493
-512.499 -168.501
-320.503 440.503
383.498 -391.495
-544.502 83.503
17.505 -564.501
-350.507 -446.491
424.501 -382.491
-465.284 331.544
-465.294 331.619
552.500 150.496
-54.503 576.497
-322.502 -486.500
-586.499 54.504
491.501 -327.500
514.498 293.503
234.497 550.500
-469.504 370.511
573.503 195.506
161.491 584.026
-243.497 -567.494
-534.503 -311.504
-496.504 375.493
293.506 -554.493
513.500 -364.504
-605.503 -169.503
187.498 604.498
-436.501 -471.499
-103.502 636.506
-610.494 224.503
-591.495 288.492
440.499 -499.502
612.502 -261.499
-274.496 611.497
606.161 -295.616
608.470 -296.601
-573.501 -358.498
-616.498 289.498
-547.497 419.501
-102.507 682.495
-522.493 454.497
-90.504 -689.498
493.504 -506.501
452.499 -543.495
709.493 -3.488
-686.498 -190.497
302.497 -646.499
-161.506 -707.496
660.500 -302.503
-327.497 -648.496
28.498 -726.500
-398.498 -610.496
-259.498 -682.497
-692.506 -232.501
225.508 -699.495
-702.507 -251.499
299.499 -686.496
-425.503 -616.497
464.501 -590.501
486.494 -577.505
-696.503 297.500
-762.510 27.494
-721.505 267.506
758.503 138.494
768.497 -94.497
728.508 -282.498
766.496 -152.496
-15.483 780.454
-724.498 298.502
-120.497 774.506
-17.365 785.258
565.500 550.500
-513.500 598.508
-607.504 -509.504
486.500 626.501
-784.322 -117.590
254.505 752.502
-795.478 -109.525
-795.709 -108.927
-481.505 646.507
804.505 -72.501
-805.502 -67.503
-362.502 725.498
-64.502 812.501
731.505 -377.504
-805.504 -174.498
543.499 625.495
-562.498 -616.496
-760.502 351.493
-433.499 717.498
-829.502 -129.497
-282.492 -794.496
-839.501 81.500
-352.504 -768.509
-639.497 -558.503
32.497 852.501
-549.498 -654.500
831.503 -213.506
808.500 -290.504
-848.500 144.497
605.496 613.504
-5.497 865.503
-862.501 -110.504
-741.495 465.506
-8.500 -882.501
696.499 -547.494
772.506 -436.505
-247.501 -852.501
-561.503 687.505
364.499 811.495
-307.505 -841.497
-857.501 -259.397
28.505 -900.500
-858.491 -279.506
-878.502 208.497
893.497 176.500
872.501 -277.497
-625.501 -672.505
728.508 562.505
112.500 -919.493
928.499 -22.498
339.507 -865.496
-926.504 -85.501
891.504 -275.500
542.498 -762.500
-143.501 925.504
-87.501 933.502
563.501 -752.500
443.500 -830.493
801.498 -505.502
115.497 -940.499
-876.994 356.830
85.499 -944.497
-99.504 -944.503
-922.503 228.506
-950.503 -7.500
-940.021 169.675
-940.470 174.272
-735.497 612.505
-886.502 361.501
824.494 -490.498
-791.505 -542.500
-926.504 -262.500
946.498 181.501
-919.497 285.502
913.500 -313.500
959.498 121.497
-962.507 -87.505
-636.503 -730.499
-879.497 420.494
593.506 -776.499
-186.502 -963.500
-867.500 -470.501
-225.498 -963.500
-28.503 -990.497
-926.500 -353.504
-760.500 -643.498
-168.497 981.509
945.500 -317.505
-977.502 204.505
-995.509 163.499
-981.509 244.494
-702.509 -731.499
181.500 -999.496
-924.494 419.503
-1000.500 -179.500
-1014.510 79.495
-960.500 340.499
-671.500 773.504
-445.357 931.503
743.505 -726.497
-1031.490 -122.499
-1038.500 -48.501
-1020.500 200.500
-1026.490 -198.499
-836.499 632.498
1038.500 155.495
895.504 556.496
850.500 -629.501
-277.600 -1021.700
940.494 486.497
-275.173 -1023.830
1004.500 347.506
-543.500 912.502
998.498 365.497
1044.500 218.506
567.507 -904.497
1026.500 -310.504
1001.510 385.499
-361.501 -1016.500
92.505 1074.500
758.497 -771.510
-1057.500 225.496
4.498 -1086.500
-892.494 -619.492
927.496 573.504
-1079.500 -172.498
665.506 -869.495
-730.496 815.498
-1001.500 -443.502
-620.501 -903.507
-430.501 -1010.500
-1069.500 277.500
-1095.500 165.502
-1085.500 222.502
-637.493 -908.508
-1038.500 394.494
1024.500 -447.498
-342.506 -1064.500
249.496 -1091.500
-396.496 1047.500
130.500 -1115.500
-378.040 -1058.230
-378.489 -1060.470
-659.502 -915.499
-1071.500 352.505
41.504 -1128.500
-625.497 -941.505
-1108.500 226.504
-1002.500 -539.501
299.499 -1102.500
-428.499 -1059.510
-804.507 817.497
43.495 1147.500
255.501 -1122.510
-961.500 -635.502
-776.498 857.502
-1138.120 212.232
-1140.500 -211.506
522.504 -1038.500
448.136 1071.930
-924.503 -708.495
-1145.660 209.436
-592.503 -1005.500
827.504 824.502
434.502 1084.500
1028.500 557.498
709.502 -931.497
1136.500 -296.503
-864.501 796.493
1138.500 311.502
-233.505 1158.490
1059.500 -531.502
-155.501 -1177.500
-998.506 -642.497
984.505 664.497
-473.501 1088.500
-1112.500 418.499
998.502 -669.504
-791.507 -904.503
825.498 873.502
-92.496 -1205.500
-484.499 1109.500
1215.500 -75.501
-1189.500 257.505
-632.497 -1042.510
1153.500 -401.503
-1222.500 -68.504
-1004.500 -704.498
1227.500 44.505
-681.506 1022.500
-1229.500 36.499
-1231.500 -13.504
-922.496 -833.508
-1235.040 177.476
1126.500 -543.505
-456.497 -1176.500
-1096.500 -631.501
1162.500 -510.499
686.497 -1074.500
-1215.500 398.503
-1216.500 -402.495
1253.500 282.497
-1228.500 374.506
1011.500 803.501
-993.498 829.499
790.498 -1037.500
1138.500 656.491
1205.500 -527.500
-1191.740 555.413
-1193.420 554.137
-1196.500 552.070
668.498 1137.500
-1287.500 -293.501
-1187.500 -583.498
-1287.500 304.505
-1186.560 -586.419
-1178.500 604.497
-840.499 -1025.500
-557.501 1203.490
1132.490 -693.509
-1247.500 -464.497
677.500 -1150.500
-1204.200 574.947
-1204.170 575.408
-1222.500 556.493
-1315.500 278.500
1121.500 -751.497
-1134.500 729.504
-1230.500 -586.497
-1290.500 446.497
-678.494 -1191.500
-804.394 1109.500
-806.588 1109.490
1132.060 777.147
1132.410 778.326
-890.508 1046.510
-755.508 -1150.500
836.502 -1096.510
1122.500 805.503
-1368.500 286.504
-1398.500 133.500
-1185.500 769.504
-1026.500 -972.492
-1259.500 643.496
-1374.990 -346.804
812.499 -1167.490
-771.496 -1194.500
1110.500 -889.492
1377.490 -369.498
-1424.500 -66.494
1212.500 -757.503
994.499 -1031.500
1190.500 803.500
1265.500 -686.500
-975.499 1057.500
-1447.490 -21.502
881.496 1154.510
-1226.500 785.504
-841.507 -1193.500
-1280.500 -717.498
1018.370 -1064.080
1017.230 -1065.480
1018.040 -1065.620
-1097.500 -984.496
-1396.500 476.495
-935.504 1157.500
-1442.500 371.497
-1380.500 572.495
1161.500 -953.498
1029.500 -1097.110
-1225.500 -878.500
1243.500 -854.505
-996.500 -1140.500
-1455.500 -433.495
-1517.500 68.501
961.498 -1183.490
1020.500 -1139.500
1114.500 1049.510
-1470.490 448.500
-1130.510 -1044.500
1055.500 -1131.500
-1546.500 -13.507
-1477.490 496.495
-1487.500 472.501
-1053.500 1156.500
-1095.500 1117.500
-1529.500 333.491
-1261.500 -944.508
1221.500 996.491
1057.490 1175.510
-1390.490 -759.498
-1517.510 469.504
-1151.500 1094.510
-1450.500 657.500
-1316.500 899.499
1596.500 46.496
-1193.500 -1062.500
1601.490 -20.495
1582.500 -286.500
1258.500 1010.500
-1581.500 356.500
1520.500 568.497
-1462.500 710.497
1402.920 -853.584
-1528.500 -600.507
1611.500 -337.499
-1556.500 533.503
1408.130 -854.167
-1589.500 453.501
-1248.500 1086.500
-1166.500 1182.500
1583.500 -526.496
1527.500 -684.500
1560.500 605.500
-1444.510 848.503
1550.500 646.495
-1620.500 511.500
-1472.510 883.505
1277.500 -1157.500
-1562.510 731.498
-1369.500 -1084.500
-1304.490 1178.500
-1484.500 973.500
-1544.500 -885.494
1525.500 927.502
-1515.500 -953.505
-1559.490 912.498
-1523.500 994.506
1580.500 904.499
-1514.500 -1030.500
1430.500 1153.500
1593.500 936.500
-1550.500 1016.500
-1530.500 1050.500
-1558.500 -1017.510
1613.500 -949.496
-1573.500 1024.500
1560.510 -1091.500
1606.500 -1037.500
-1553.500 1119.500
1550.500 -1198.500
1589.500 -1194.490
