0.505 -0.499
-6.500 -82.508
24.501 -81.496
-86.498 -76.499
108.501 -91.500
177.498 -5.503
-135.494 163.501
167.496 135.505
57.510 225.500
227.497 -106.501
-212.502 173.497
286.500 32.506
-291.500 21.502
-256.499 -192.495
-243.494 -235.499
-259.504 242.500
-105.497 349.507
324.499 -181.506
32.504 -370.498
36.616 -382.043
-375.493 -76.504
-321.496 230.510
-340.494 213.502
412.492 150.499
113.505 -436.502
-186.503 -426.498
39.507 -465.495
-349.499 -328.499
-484.501 -43.503
-186.501 455.499
-384.509 313.498
-128.509 -492.499
-466.488 215.501
395.502 348.494
-233.502 -478.500
410.500 342.502
351.499 -405.503
-537.502 14.499
-542.502 134.499
-367.503 -432.502
63.499 569.508
-595.496 9.507
-176.497 -573.504
-351.501 488.502
24.503 -661.497
-606.508 274.505
635.497 218.499
673.499 -23.497
404.504 -550.505
-533.502 432.502
667.502 -191.500
-673.501 -206.504
-57.503 -718.497
718.495 -67.497
724.497 -159.498
511.506 538.489
302.504 -684.502
-350.505 662.490
210.498 -727.501
-634.497 415.496
-364.496 -685.496
681.492 381.499
731.497 -279.497
598.500 -526.500
-110.494 795.500
-703.499 -388.495
574.495 -589.504
749.502 -387.503
-503.495 -676.501
182.500 828.502
852.502 140.499
-862.507 -36.500
-856.501 -120.496
625.493 601.499
507.491 -713.501
717.500 -509.508
-350.498 -817.494
-258.496 852.502
-883.501 -154.508
347.498 -861.503
-696.492 -625.498
923.505 -240.498
618.511 -731.494
-228.498 930.504
-949.500 -181.506
-882.496 -397.497
659.499 713.498
-87.498 973.501
592.502 787.508
565.502 -808.505
-983.503 -133.497
-935.502 342.496
-422.493 -903.496
414.497 -909.504
294.509 -960.497
500.500 -880.502
485.495 897.502
-687.504 762.496
-525.496 883.500
869.502 -564.498
1018.500 -199.499
517.490 -906.502
919.504 504.499
-950.494 450.499
417.503 -967.498
898.505 -552.501
-107.504 -1057.500
-696.494 813.509
281.506 -1036.500
437.504 -982.508
391.499 -1007.500
-577.501 -921.496
434.497 1000.500
491.498 -976.499
791.502 -757.504
1059.490 -280.505
-326.498 1063.500
1086.500 -270.495
-726.502 -853.501
468.509 -1024.500
593.500 967.494
1122.500 -174.504
1142.500 27.499
460.505 -1048.510
-154.501 1142.500
-1086.500 -394.495
-1162.510 71.499
1011.500 -585.501
859.500 803.500
582.498 1023.510
1117.500 -394.504
357.496 -1132.500
126.501 1190.510
466.499 -1104.500
693.494 983.499
-642.491 1021.510
1207.500 41.498
-1010.500 678.495
1063.500 599.500
1209.490 200.501
956.497 -772.506
-1216.500 -210.501
388.495 1172.500
-1032.500 -691.500
-1204.500 -312.499
-1028.500 -710.501
-725.498 -1024.500
863.507 918.488
953.498 -851.498
-843.499 961.503
-1244.500 330.502
579.500 1153.500
-874.499 951.496
551.503 1170.500
1051.500 783.499
730.505 -1094.500
1292.510 -260.494
-1206.500 -567.493
-863.499 1015.500
759.500 -1097.500
1282.500 373.497
-1332.500 -115.502
1272.490 -416.503
-1125.490 738.502
-707.501 1163.500
1046.500 880.502
1251.500 572.498
-1056.500 -892.498
1385.500 113.499
-1347.500 -351.492
-1384.500 -166.501
1270.490 586.490
-1062.980 -912.518
-1063.080 -912.923
-952.487 1033.500
-1223.500 763.491
1407.500 342.498
1443.510 -269.504
-1057.510 -1020.500
951.507 -1132.500
-1469.500 177.508
-1253.500 -859.497
1521.500 116.493
1383.500 651.501
1196.500 -958.498
1011.500 -1157.500
-1509.500 -311.502
-1547.500 -56.504
1435.500 606.487
-1526.500 -334.504
1402.500 705.506
-1561.500 212.500
-1238.500 987.501
1297.500 922.502
-1506.500 545.501
-1247.510 1015.500
1428.500 -777.497
-1559.500 -460.504
-1614.510 -236.502
1119.500 1200.500
1411.500 875.503
1536.500 -652.503
1325.500 1015.500
-1441.510 -848.502
1576.500 -563.498
-1322.510 1037.500
-1500.500 764.496
1424.500 -922.496
1358.510 -1034.500
1542.500 800.502
-1400.500 -1029.500
-1381.500 -1121.500
1558.500 -876.500
1448.500 1058.500
-1490.500 -1011.490
1428.510 1186.500
1495.500 -1130.500
-1541.500 1170.490
