0.504 -0.507
-48.504 -110.497
-129.498 42.498
-156.500 38.500
-29.995 172.010
-29.986 172.111
162.497 -75.507
-105.497 165.499
-209.500 28.509
30.497 -213.498
181.499 155.499
78.499 -240.503
-251.499 24.501
-117.496 -240.506
-276.500 -39.504
-242.495 184.508
-34.513 308.505
160.502 273.505
-329.493 65.503
-260.501 -259.505
278.495 262.500
-286.499 -255.503
-138.498 -364.507
376.501 106.500
-265.507 -287.498
56.502 -392.500
359.500 167.489
-92.505 391.500
411.496 48.499
-43.498 -427.498
-250.498 351.503
400.503 -183.496
-439.502 6.496
260.505 355.500
91.498 -442.495
-185.501 -420.497
201.502 -416.503
357.498 295.500
-431.504 -172.498
-418.499 208.500
474.497 -1.499
-463.497 -111.504
497.504 -27.499
493.497 -100.495
-182.497 -479.493
-485.554 -205.734
171.505 499.498
-487.752 -205.388
517.506 -160.496
520.499 173.504
556.503 -28.501
109.502 -556.506
-393.496 423.502
-301.495 493.500
-578.501 -49.500
558.499 199.500
-585.503 98.503
-539.499 251.498
-578.510 -158.503
605.502 84.498
-385.502 -481.502
-202.500 -612.505
461.509 -460.500
613.505 -239.502
-392.494 527.498
-642.501 158.492
288.503 607.502
-553.497 -394.497
564.495 379.495
-157.503 668.506
402.495 558.497
-467.498 509.500
-462.505 -515.496
-660.502 233.493
-610.500 353.502
-650.501 289.503
-704.497 129.496
676.499 249.505
367.505 -621.498
-553.495 480.496
62.502 736.501
-264.500 699.502
-359.496 -660.501
499.501 -569.499
84.496 -754.993
-689.500 317.497
51.505 772.505
741.502 258.501
626.504 -482.494
548.500 581.498
-765.499 -238.499
710.505 382.504
602.507 540.504
400.503 704.497
-813.510 13.493
-314.508 -752.494
-801.493 -189.505
-755.507 329.495
55.493 824.501
578.491 -603.497
816.504 -221.503
618.500 592.495
337.503 793.498
465.499 728.501
-1.501 -872.502
717.500 498.496
-192.495 -860.497
-399.503 785.498
878.507 -95.501
-647.499 -606.499
-666.500 -586.510
-45.499 893.494
-363.500 822.500
293.499 -854.498
-491.503 -766.494
-360.509 -841.501
915.500 -54.505
-121.504 910.501
93.495 -916.502
495.500 -777.502
420.501 -820.504
-916.495 -116.497
-923.502 -146.499
-342.845 -871.055
-265.551 -904.873
-349.203 -876.177
-266.618 -905.816
667.502 667.494
-226.502 -921.501
811.504 -504.495
908.495 305.490
881.500 392.503
142.500 -960.505
-854.499 461.504
-810.508 -547.496
-940.492 -289.506
656.504 -738.499
-892.503 421.497
352.499 926.497
-704.497 -701.501
-521.502 846.501
813.506 580.503
907.502 -425.499
-294.500 958.512
-865.498 522.504
1010.500 -84.502
989.499 244.504
-214.495 1002.500
-883.502 532.504
1030.500 -92.500
869.827 559.854
-444.503 933.504
992.499 293.500
-174.496 1024.500
482.992 -929.008
882.500 570.498
1029.500 -214.502
1044.490 126.505
-525.499 910.500
-946.508 -460.499
-929.502 -495.494
932.508 494.492
583.499 -880.502
708.503 -792.502
-149.502 -1059.500
-942.499 515.503
1004.510 -386.495
-1038.500 306.496
-568.490 -927.501
723.501 814.499
1093.500 50.504
-498.508 977.504
1081.500 205.500
239.494 1075.500
1005.500 459.501
-794.500 772.496
-1090.500 -220.499
-45.499 -1118.510
827.504 754.497
-362.493 1071.500
1124.500 151.503
659.506 929.493
1141.490 -102.498
1112.500 294.504
637.498 971.496
323.501 1117.500
-888.505 -751.492
1131.500 -285.500
-5.503 1171.500
812.499 850.494
51.503 -1177.510
-1119.500 372.499
-553.500 1042.500
-436.499 1098.500
-491.506 1079.500
-391.498 -1124.500
995.508 662.507
-357.494 1142.500
-609.500 1033.500
948.504 -747.509
-1146.490 396.497
-1201.500 209.503
-931.501 -795.497
-1223.500 92.508
617.499 -1062.510
-1101.500 547.505
-890.497 849.505
1155.510 430.498
-1224.500 169.495
1056.490 645.503
394.498 -1179.490
-1210.500 -287.497
986.505 759.497
777.496 -973.494
-785.499 -974.504
469.497 1160.490
-485.504 1153.500
726.501 1021.490
1255.500 203.498
-1219.510 369.495
478.501 1188.500
-1107.490 -655.503
615.498 1137.500
-957.507 871.491
-924.503 -908.496
1272.500 253.501
-1291.500 -132.498
-751.498 1062.500
1007.500 829.498
1277.490 -294.109
1277.490 -294.499
844.500 1011.500
1273.500 -343.489
1140.500 680.502
1316.500 189.493
-1280.500 358.494
-805.501 -1063.500
1340.500 -74.498
1189.500 638.496
1005.500 918.500
-1007.500 -917.499
-1232.500 -581.503
1163.500 720.500
1375.510 -30.501
994.496 -953.498
1340.550 -366.925
-1129.500 808.499
1386.500 130.502
-1021.500 -949.502
1323.500 -463.494
958.493 1023.510
-1113.500 -854.500
1386.360 -267.505
1324.500 488.503
-1157.490 807.499
1046.510 -968.500
1247.500 708.496
1189.500 -832.499
1261.500 750.496
-1126.500 -952.500
-1355.500 592.501
-1118.500 969.504
1383.510 542.504
894.495 -1189.500
1494.500 20.502
1362.500 -626.499
1410.500 -509.499
1086.500 -1037.500
1487.500 -243.496
1382.490 618.497
1246.500 -866.504
999.500 -1150.490
1190.500 -951.495
1191.490 951.500
1506.250 -274.506
1509.340 -274.505
1539.490 -77.499
1126.500 -1057.500
1548.510 12.501
1551.060 -42.872
1472.510 490.500
1555.510 -35.493
1431.500 620.498
1521.500 -358.506
-1273.500 915.495
1353.500 -802.498
-1348.500 825.502
-1160.510 1080.490
1256.500 -975.503
1520.500 494.491
-1139.500 -1132.510
-1301.510 -944.498
-1520.500 -547.503
1558.500 486.496
-1579.720 -418.448
-1583.270 -419.139
-1597.500 372.494
-1346.510 938.503
1421.500 838.505
-1496.490 744.501
-1263.500 -1098.500
1226.500 -1141.500
-1179.500 -1203.500
1280.500 -1110.500
1494.510 845.501
-1277.500 -1164.500
1502.500 -887.504
-1430.500 -999.501
-1392.550 1101.850
-1399.060 1109.180
1329.500 -1203.490
-1596.500 -902.493
1448.490 -1211.500
1487.500 -1195.500
1546.500 -1135.500
-1563.500 -1130.500
1544.500 -1200.500
1599.340 -1165.420
1609.500 1197.500
