0.504 -0.504
12.506 -47.503
-54.511 -36.501
80.502 22.502
42.502 95.490
67.498 -90.501
105.468 88.995
141.496 19.496
65.495 127.500
112.420 91.588
137.499 -48.497
-91.497 -117.503
110.502 -113.504
-82.504 -140.494
97.497 -133.497
82.503 -146.498
147.500 -102.502
168.513 -69.494
181.502 -17.495
18.503 -182.498
-187.590 -9.986
-187.814 -13.538
78.503 -172.506
76.609 -177.712
-203.504 -31.500
-206.361 -9.367
-206.375 -9.287
-161.498 -139.497
188.496 -107.501
-214.501 25.497
132.503 -174.503
220.506 1.495
214.473 -64.805
214.873 -65.388
-63.504 -219.500
181.501 174.500
-59.497 -252.503
50.993 -260.034
107.494 255.493
-279.500 -6.501
285.498 -15.495
-63.496 283.494
239.499 -171.502
241.498 168.495
-90.501 -282.496
-231.500 -190.496
265.502 152.496
-278.502 126.499
-287.495 -126.503
257.496 188.501
-183.501 -279.498
337.498 -47.498
4.500 347.504
-328.498 113.498
-247.493 -253.500
-282.503 -230.495
-271.491 -251.497
-358.499 94.492
152.505 -339.504
339.498 -179.498
-1.509 -390.499
-283.502 -271.501
-374.498 -123.500
310.502 244.498
-279.506 281.497
-193.499 356.510
-199.506 -356.495
187.503 -370.495
319.496 -265.502
363.498 209.501
326.501 263.504
423.497 -25.499
-414.501 -101.499
-341.496 -259.497
-238.498 -375.492
-305.502 -325.495
-178.506 414.502
251.500 377.498
391.504 -237.500
231.502 -398.493
411.509 -210.500
-356.494 -311.505
239.509 417.503
470.499 -115.499
-473.497 97.501
378.498 -305.500
-139.495 469.497
-471.497 -153.502
-495.506 -14.491
-79.498 489.501
-191.505 457.498
-16.497 -501.500
468.498 -181.501
315.502 391.498
79.507 -511.504
-298.507 -422.504
510.502 122.494
509.042 -134.003
42.496 525.495
136.502 510.504
335.499 409.496
502.500 -170.498
-529.497 -13.493
387.499 -368.500
368.506 388.999
122.497 -523.504
521.681 -131.595
513.500 173.495
438.499 -319.502
489.505 250.498
437.501 -349.506
521.502 206.510
-416.504 -377.503
-70.500 -562.503
24.497 -567.500
380.495 -431.498
-552.499 -164.502
117.504 565.502
552.502 -181.503
-583.501 -52.497
-390.502 -441.501
-591.497 28.505
-424.496 422.502
-438.501 -423.495
-377.499 478.499
471.502 390.504
-527.501 316.501
-564.503 246.498
604.748 124.961
-620.500 14.495
-370.492 -504.496
545.500 -321.505
-518.504 369.503
-644.501 8.499
586.498 -272.495
640.499 -106.500
91.498 646.494
-659.500 -1.506
-658.498 39.502
598.390 -282.157
522.503 409.505
-654.496 -134.498
-525.505 420.500
674.508 -32.496
-642.501 -206.497
356.501 -576.497
-261.501 624.496
-112.498 671.504
668.504 -137.504
371.505 572.501
-590.500 354.497
-381.410 578.154
-380.948 579.325
677.502 -156.494
-473.509 507.492
-646.496 257.491
-654.495 -239.498
677.499 168.500
-709.503 62.502
-696.500 -162.499
597.504 397.501
125.499 709.505
615.503 -378.494
-600.499 -401.503
735.499 38.503
657.497 334.505
346.258 -663.216
-685.497 306.502
-720.504 -224.496
-753.504 -84.499
264.494 715.511
477.502 -599.492
-74.435 761.642
92.495 -767.495
-88.499 -769.494
-525.504 -571.501
-773.498 -66.496
-621.500 479.500
-558.498 -559.503
-738.497 285.500
-293.501 -736.496
636.506 481.494
-533.495 -596.506
-796.499 -79.505
-800.500 37.508
638.499 -486.501
783.496 183.501
-703.510 -402.503
490.503 652.499
-801.496 -158.503
-548.500 609.492
504.496 -657.506
-670.506 501.493
-442.497 -712.507
837.499 -70.496
-839.498 42.500
117.134 -838.692
364.497 -764.499
743.502 -412.499
103.505 -844.502
-753.498 -394.502
-158.495 -839.500
-203.497 829.505
776.503 358.505
-854.493 34.501
-815.497 -265.500
100.467 -853.389
849.495 -131.496
-576.506 637.501
-224.499 831.499
-861.947 -33.863
-646.504 574.504
-868.497 -22.505
-380.496 -785.501
-825.499 -288.504
756.502 445.501
-134.504 868.493
-682.496 -558.501
-806.498 358.499
-352.501 809.501
-862.505 192.504
-327.499 824.502
-862.499 -238.490
711.494 -547.495
-465.497 774.498
478.503 768.507
-441.500 790.501
-857.491 300.494
795.499 448.500
913.506 70.499
-835.500 -376.501
-690.501 -604.501
844.496 365.500
-854.497 365.504
630.080 -694.759
-787.501 508.499
634.362 -696.130
605.500 -723.502
851.501 -407.500
-895.502 299.503
-428.498 -842.497
-943.499 58.499
-526.503 -786.502
349.498 880.503
-946.497 -70.501
313.505 908.500
194.500 -942.502
-317.500 911.504
-827.498 -499.503
662.501 706.498
-966.499 -117.503
-851.499 -474.501
229.500 947.499
966.498 166.501
950.500 -255.506
723.501 -668.499
429.502 886.497
538.501 830.495
845.501 -526.499
245.501 -965.501
812.504 -583.498
523.499 851.494
995.503 101.498
794.499 -611.505
-962.497 278.498
-1001.500 -87.503
-649.497 -774.498
442.498 -910.499
967.502 -310.500
937.501 392.501
900.499 472.499
-711.500 725.499
98.500 1016.500
-1002.500 -197.503
-92.505 -1018.500
-1023.610 16.234
-1025.740 12.725
39.493 1027.500
-934.505 -435.507
-849.497 -598.503
1040.500 -101.503
232.495 1020.500
-951.499 -456.501
954.498 -452.496
-1048.500 120.504
-215.490 -1041.500
838.502 -656.503
-943.500 495.513
-1004.500 362.499
-472.502 958.507
-881.506 -605.495
-457.498 -967.497
410.495 -992.501
674.497 -837.489
1077.500 69.506
1028.500 330.495
123.503 1072.500
-1051.500 245.497
895.504 -606.500
-129.505 1072.510
1081.490 -17.497
286.989 1045.730
290.101 1045.260
-1078.500 -166.500
-786.503 -758.496
-1039.490 -344.501
1023.500 393.497
165.499 -1084.500
-1062.500 -299.502
1081.500 235.503
1081.500 235.895
-786.498 -780.498
1071.500 -292.497
954.502 570.494
47.498 -1112.500
743.493 832.497
554.497 969.499
-153.492 -1110.500
-796.105 -796.955
638.501 -929.501
916.503 656.498
226.496 1106.510
641.500 932.500
1136.500 -22.504
1073.500 -376.501
1024.490 508.504
-494.503 1032.500
1082.500 377.500
758.508 863.501
-222.494 -1128.500
-1118.500 274.500
-1121.200 267.965
1112.500 -308.503
-817.498 -817.504
1064.500 455.502
-788.505 -852.501
260.500 1134.510
1066.490 -470.501
379.505 -1102.500
-1145.950 -224.500
954.500 676.492
-1155.510 -197.502
-1143.720 266.530
-1142.490 275.498
-883.497 785.502
-443.503 1097.500
-1165.150 -219.639
-1165.490 -221.128
1172.490 -190.501
1114.510 -422.499
-977.494 685.502
1187.500 -165.506
-633.501 -1017.490
996.499 -687.504
-1195.500 224.499
1185.500 282.502
-867.492 -858.492
-1185.500 301.499
-1211.490 -173.508
565.462 1091.500
831.500 -907.499
1133.500 502.501
441.491 -1162.510
-1246.500 49.499
-1087.500 -616.512
-901.507 866.503
-655.500 -1070.500
-1246.500 -157.501
-589.499 -1111.500
565.500 1129.500
-1047.500 -712.503
1128.500 577.497
856.509 934.495
1268.500 -14.496
1077.500 669.496
639.492 -1098.500
-1177.510 -494.506
-1027.500 760.503
1274.490 -135.496
-941.503 882.500
-1280.500 169.496
-1264.500 -286.500
859.502 -972.496
-1125.500 -645.499
-1246.510 -373.497
1020.500 812.491
644.496 1141.500
-1171.490 -590.496
1248.970 416.633
1147.490 -648.496
-550.500 1196.500
-1313.500 -174.498
-1310.500 -203.502
706.506 -1125.500
-1211.490 -561.507
1036.500 -847.507
-777.504 1090.500
-980.497 -913.493
1277.500 414.499
998.499 -899.505
-1309.500 -325.500
-1243.500 -525.507
1154.490 702.509
-693.499 -1167.500
-1134.500 -746.507
-1359.490 32.501
-1350.500 168.503
1358.500 -106.503
1289.500 442.506
1253.500 -564.499
1267.660 -536.535
1271.500 -529.500
-1377.500 22.499
1361.500 -238.499
-1179.510 -727.503
-1149.490 -779.498
-1316.500 -444.501
728.496 -1189.500
1349.500 354.506
-1394.500 -40.507
-1018.500 956.500
765.497 -1174.500
1023.500 -960.504
-1008.500 974.501
-1173.500 -776.499
1353.500 403.496
1301.500 -558.501
995.504 -1009.500
-1303.510 -557.493
1015.500 992.497
977.498 1031.500
-1419.500 76.499
1208.490 751.504
1212.500 -762.499
-1353.500 -475.499
897.498 -1127.500
-1204.510 -797.495
-1453.500 0.500
1278.500 694.501
-1198.500 -824.504
1441.500 -202.490
-1343.960 -559.453
1460.500 -44.505
-1358.500 -558.595
-1358.500 -561.455
-1455.500 -204.501
-1382.500 -503.502
-1158.500 -908.505
-1250.500 -787.499
-1427.500 -386.501
-1351.500 -611.494
1462.490 -253.501
1477.490 205.502
-1457.500 -326.498
1381.500 -579.506
-1095.510 1026.500
1502.500 25.501
-1098.500 -1030.490
-1502.500 -138.504
1383.500 -632.499
1195.500 -941.504
-1119.500 -1034.490
-1416.500 -568.494
-1363.500 685.504
1136.510 1033.500
1522.490 -215.494
-1448.500 525.504
-1435.510 -571.505
1107.500 1079.500
1329.500 817.503
-1469.500 532.505
-1549.500 210.501
1435.500 631.500
-1545.490 -263.493
-1551.490 -242.499
1449.150 620.856
1514.500 -466.499
1110.500 1138.490
1381.500 -792.503
-1271.500 971.500
-1364.500 -838.495
-1579.500 -276.499
1213.510 1049.500
1282.500 967.499
-1607.500 -54.499
-1257.510 1007.500
-1608.500 113.497
1353.500 -879.501
1237.500 -1039.500
-1608.500 -153.507
1344.500 899.502
-1589.500 -340.500
1577.500 -419.498
1407.500 -833.501
-1570.500 453.499
-1607.500 -301.497
1561.500 -499.501
-1550.500 -534.499
-1397.500 -864.501
-1288.510 -1039.500
-1496.510 -715.500
1146.500 -1203.500
1298.500 -1038.500
-1238.500 1110.500
1477.500 -769.496
1602.780 -461.781
1603.480 -462.974
-1576.500 -558.502
1367.500 -965.501
-1546.500 -662.498
-1328.500 -1080.500
1614.500 618.509
1492.500 881.494
1250.500 1205.490
-1316.500 1133.500
-1540.510 807.497
-1601.500 724.500
-1534.510 -862.501
-1482.510 954.497
1587.500 -775.499
-1367.500 -1132.500
-1365.500 -1142.140
-1457.500 1053.490
-1562.500 -963.494
-1428.510 1204.500
1578.500 -1144.500
-1539.500 1194.500
