0.494 -0.495
38.499 -82.508
23.497 94.494
-107.501 -66.494
-153.501 -43.496
-114.493 165.506
-83.502 -228.495
-305.497 -21.506
206.496 -257.495
227.503 239.501
-352.503 -81.493
-360.498 80.498
-71.495 371.497
319.502 -208.504
160.501 349.504
-384.505 -46.497
-324.499 -222.504
-384.500 95.501
417.503 -66.504
-378.496 214.505
-361.496 -270.498
19.499 -462.501
-381.500 266.497
-381.499 266.887
-304.502 -355.499
428.507 -211.509
298.499 -373.499
-247.496 -419.504
66.497 492.501
-217.496 448.502
-515.501 -105.495
-321.492 429.504
46.501 535.498
227.044 494.955
370.496 -430.504
116.497 557.495
-210.497 -538.496
548.502 -189.506
-340.506 -483.502
-384.510 -454.497
287.500 525.499
27.506 -611.499
190.501 -584.502
464.507 -440.500
-600.498 228.501
621.503 -195.499
468.498 494.502
42.503 -685.506
487.501 483.503
-614.505 323.501
151.496 -679.508
470.500 534.500
-607.497 -374.500
347.504 634.501
425.495 587.496
-373.502 625.508
42.506 731.503
-692.502 -240.505
731.503 70.500
-506.497 533.499
727.497 140.497
604.500 432.503
263.501 700.501
-100.021 745.018
-100.066 745.116
14.497 763.496
-750.496 -162.500
-193.503 750.502
552.500 -545.496
542.558 571.101
540.500 575.501
-65.496 786.497
-783.505 -169.503
-799.497 77.505
-663.497 -455.504
126.639 -815.307
621.499 542.499
-725.498 393.502
127.547 -817.587
137.493 822.495
-562.501 615.496
-755.497 354.499
795.501 283.504
564.503 635.496
-674.493 522.494
-704.499 492.501
612.492 608.501
214.498 839.502
714.499 -509.508
-47.508 -876.507
-8.502 -880.502
-831.499 297.493
637.494 637.503
-550.509 -719.507
-904.503 -66.503
670.502 611.497
-892.497 190.495
881.505 -259.499
-819.502 -417.492
-101.498 -919.505
763.504 526.499
843.500 -391.498
-355.497 859.495
640.504 -684.501
502.501 -791.506
-590.505 -729.495
868.498 -368.499
-641.505 -702.503
-569.500 762.497
693.505 -658.497
-674.342 676.499
-675.809 676.498
953.495 103.500
102.500 957.496
-977.494 -13.502
-970.498 -120.501
947.506 266.500
970.491 -192.498
-994.499 38.489
119.494 -994.498
-1015.490 15.497
720.509 -729.502
-433.492 928.500
-1010.500 -176.498
-830.491 -609.497
-46.501 1048.500
-1009.500 -293.506
-693.511 797.501
-925.493 -526.496
947.506 496.496
804.495 763.494
-273.499 -1077.500
4.496 -1116.500
784.491 -797.497
-18.495 -1124.500
-597.498 -956.498
49.494 1126.490
246.502 1116.500
1143.500 117.492
508.505 1040.500
1150.490 145.499
-571.507 1010.500
1125.500 -307.503
-859.504 787.506
-1158.500 -179.505
-819.505 844.506
-771.498 891.501
-407.502 -1107.500
1152.500 291.501
698.504 -967.495
-1142.500 343.497
730.499 950.505
-1189.510 149.502
-376.503 -1150.500
-1106.500 -499.501
-1193.500 227.491
-1192.500 -245.493
1036.510 640.497
387.500 -1169.490
572.504 1105.510
-1239.490 160.503
-1255.500 -14.495
-349.506 1208.500
-881.508 898.493
457.496 -1175.490
1235.500 253.497
1231.510 -297.501
967.500 821.503
908.500 891.495
-584.501 1136.500
-692.506 -1078.500
-737.500 -1050.500
-1230.500 -368.500
-821.494 -997.500
1236.500 -410.501
785.507 -1055.500
1061.500 -787.499
1162.500 -651.503
-1307.510 288.495
-686.497 1154.510
779.507 -1104.500
-999.506 908.504
1125.500 -757.501
915.502 1000.500
1249.500 -535.496
1320.500 -361.499
926.492 -1011.500
-1170.510 730.494
-1050.500 -913.501
897.497 1067.500
1051.510 934.509
-1240.500 675.498
1274.500 636.505
1386.500 -329.502
1320.500 549.499
1255.500 689.491
-1100.500 920.500
-892.506 1126.490
1433.500 149.501
-1238.500 771.495
-1379.500 501.504
1479.500 -5.499
1484.500 105.495
1476.490 190.498
999.501 1103.500
1437.500 413.505
1153.500 960.495
1427.500 476.505
-1427.490 480.503
1039.490 1109.500
1437.500 520.493
-1139.500 -1024.500
1410.500 -615.501
-1545.500 130.504
1035.490 -1161.510
-1560.500 -198.499
-1414.500 -719.499
1593.490 217.498
1336.500 -908.504
1537.500 497.503
1609.510 -147.493
1456.500 703.496
1539.510 -530.505
1613.500 -227.498
-1539.500 -538.504
-1488.500 678.502
1331.500 -960.506
1321.500 984.498
1424.500 -870.504
-1566.490 656.498
1482.510 834.498
1436.500 919.494
-1439.510 -931.504
1431.500 976.503
1502.500 893.501
-1324.500 1160.500
-1601.500 -755.507
-1493.500 958.505
1370.500 1185.500
1539.510 -1011.490
-1610.490 -916.497
-1571.510 1079.490
-1481.500 1201.500
