0.503 -0.495
-27.497 12.503
-71.501 -10.502
-70.505 96.497
-125.492 33.500
-103.497 -90.498
-96.498 128.503
148.504 88.505
-12.504 173.506
139.499 -140.506
-65.497 210.497
112.512 192.503
-249.504 -70.492
164.506 226.501
-308.506 42.504
-142.498 -286.497
330.504 -7.504
-371.496 9.495
-170.500 345.499
-266.495 285.504
7.500 -396.501
-289.499 303.501
-223.505 -389.505
-416.498 168.501
-419.599 162.261
-256.498 -371.499
-457.501 -49.503
229.494 -411.499
427.493 268.500
-129.496 487.497
223.492 460.502
339.494 404.509
-394.491 -351.503
45.499 530.494
-457.501 281.500
380.498 -408.499
-550.493 86.498
-223.501 513.496
-557.281 78.763
378.497 424.503
-214.496 -533.498
526.499 -234.499
-194.508 -542.494
61.503 572.502
331.498 479.497
-102.501 -576.499
-126.498 576.500
501.503 -316.492
-425.509 -418.502
-177.499 -572.501
-281.517 -534.500
-474.502 -379.497
-391.506 -470.499
603.497 131.500
589.498 196.505
-96.497 635.507
646.508 21.506
299.497 594.503
-665.495 5.497
-235.503 623.497
35.498 -668.498
-573.498 355.498
437.501 -524.496
331.496 -600.501
580.502 421.500
600.504 -407.504
-682.496 -267.502
581.500 452.500
-743.506 -36.503
-697.494 -263.504
697.506 277.494
625.501 422.505
-407.499 -650.497
-695.502 -339.497
695.500 342.502
-708.498 -314.502
710.502 -312.502
47.503 779.498
-199.504 -758.498
-785.498 -84.498
768.493 188.489
-433.503 662.506
555.501 -588.502
-808.508 -74.496
814.497 -17.499
-528.502 -637.503
714.505 423.503
581.504 -595.496
-128.500 -833.500
-737.497 415.503
567.500 631.494
-5.502 850.505
680.500 -522.495
-249.498 826.501
58.493 864.499
-93.507 -901.507
-695.497 -584.496
709.495 601.496
547.512 755.504
-352.505 863.502
809.503 -472.506
-482.501 -803.502
-566.503 768.501
-901.499 337.504
876.504 413.507
-616.496 -750.499
-100.507 -969.495
976.508 50.498
-969.501 165.500
-510.505 846.502
-839.494 -526.495
-957.497 -264.499
179.498 -981.494
899.496 438.495
94.500 -997.500
999.509 193.501
-726.496 -715.502
-815.496 -616.500
570.499 853.504
-996.496 246.497
-956.502 -376.497
59.501 -1027.500
779.500 -688.505
578.500 -872.497
-8.504 1051.500
-1047.500 181.500
-373.500 1001.500
569.501 905.499
999.497 411.501
-1081.500 21.494
-459.494 990.509
-1082.500 -185.495
-1086.500 183.499
-515.507 -976.503
-365.494 -1045.490
-270.493 1074.500
1110.500 34.491
62.494 1113.500
523.494 1001.500
-666.501 -915.497
836.497 -775.495
226.501 1122.500
1104.510 -306.504
340.505 -1097.500
907.510 -711.500
404.505 -1081.490
777.505 860.499
-418.505 -1086.500
319.501 -1120.500
703.493 929.500
288.494 -1136.500
528.508 1048.500
1095.500 -427.501
290.064 -1142.240
-870.497 795.499
1164.500 251.500
-1181.500 187.497
-1189.500 143.501
144.498 1192.500
-760.499 -934.507
-905.497 800.497
1164.500 352.494
219.498 1197.510
-498.499 1130.490
-1218.500 262.508
1073.500 639.500
429.253 1173.310
429.701 1173.970
771.497 -989.505
692.508 -1060.490
568.504 -1160.510
-1274.490 -230.499
670.500 -1118.500
-1162.500 -591.495
-1067.500 760.503
-955.496 909.507
1106.500 -721.503
-1314.850 141.542
1047.500 -814.498
557.503 1212.500
1036.500 -845.503
582.497 -1206.500
1345.500 58.491
657.503 1190.500
-1135.500 -760.504
-855.498 -1070.500
1082.500 -855.496
1360.500 -272.509
-1132.500 814.501
-1275.500 565.501
1063.500 909.510
1160.500 784.500
-1383.500 238.506
1413.510 63.494
-1338.500 463.498
986.495 1018.500
-1406.500 -182.499
947.497 1061.500
947.497 1061.890
1096.490 914.500
1215.500 777.502
1447.500 94.496
-1457.510 157.503
1337.500 604.497
-1186.490 862.502
-947.499 1134.500
-1469.500 -166.499
-1458.500 -293.500
-1421.500 -449.496
-1477.500 242.502
1222.500 868.499
1474.500 -277.506
1342.500 673.497
1441.500 425.501
-1360.500 673.506
1079.500 -1074.500
1134.500 -1062.490
-1350.500 -770.496
1555.510 -130.495
-1334.500 -809.497
1538.500 -279.508
-1560.500 -82.494
1457.490 568.496
-1198.500 -1007.500
1508.490 429.501
-1569.500 -42.497
-1469.500 559.501
-1283.510 -921.502
-1394.500 -746.499
-1264.500 -961.499
-1366.500 -840.487
1549.490 -496.498
-1587.510 -449.505
-1415.500 -852.496
1566.500 551.507
-1559.500 -569.499
-1183.500 -1177.500
-1198.500 1183.500
1399.500 970.498
-1272.500 -1132.500
-1539.500 -840.495
1289.490 1198.500
-1418.500 1042.510
1467.500 988.498
1615.490 855.497
-1462.510 1104.500
-1565.500 -1004.500
-1527.500 -1084.500
1544.510 1146.500
