0.493 -0.494
12.505 -73.500
65.502 78.500
118.502 24.499
186.499 -87.511
-210.501 47.496
38.506 -222.499
-185.500 -151.500
240.496 42.502
-153.503 190.499
-35.505 -255.501
-254.507 42.501
123.501 -233.500
-204.507 -197.497
11.494 290.504
12.500 -305.506
-244.502 210.497
314.496 109.505
-214.504 256.502
67.507 334.498
329.492 94.504
341.493 -117.507
250.500 -263.499
55.507 362.495
354.509 106.499
300.500 253.497
37.500 423.492
-337.501 -263.503
-441.501 -10.497
-462.497 -36.494
257.505 386.506
343.500 321.496
-113.499 -507.504
488.498 -202.504
-72.504 526.503
-528.498 63.496
423.500 325.500
-178.504 -512.503
-539.500 -167.501
408.496 396.500
-300.499 512.499
477.511 -383.500
549.497 -270.506
-588.603 -173.705
204.515 582.501
86.498 -615.499
289.501 556.504
-72.501 -625.508
36.494 638.500
-95.499 -633.495
621.502 -158.506
-422.503 492.501
-656.498 25.499
-255.503 -612.492
658.495 -110.500
-667.503 47.502
-347.501 592.495
456.501 528.503
-239.494 -659.501
665.495 268.503
-475.492 542.498
-720.501 -52.497
201.500 703.505
90.502 -727.504
-511.506 541.493
242.505 705.506
-738.495 105.496
703.500 -255.506
735.496 171.497
-273.495 706.496
-735.496 -216.504
722.501 273.502
449.493 -629.491
-437.498 -645.497
774.492 131.500
-185.501 768.496
621.505 -504.498
-157.502 -793.503
805.498 -145.509
-767.512 -304.496
838.503 -110.502
-766.499 -361.495
843.500 -167.503
838.502 214.501
867.498 -113.497
767.497 -432.499
-880.501 16.501
675.507 570.503
-843.494 -308.503
-167.495 886.499
-341.500 -836.496
126.498 897.498
884.505 -232.503
-429.500 806.501
80.493 -915.502
-691.500 610.494
92.155 -924.114
372.495 855.500
-696.497 -640.503
-76.494 -946.499
-172.493 -934.501
646.495 702.503
947.498 155.496
-444.497 -854.501
-409.500 -874.503
669.498 -708.499
202.500 965.504
986.501 48.502
59.499 -986.494
535.501 -843.500
-874.500 -492.498
-985.497 -193.499
-86.495 1001.500
838.499 -559.501
-917.504 -442.497
75.502 1019.500
-999.504 -260.503
-849.754 600.033
-1003.510 291.497
-853.896 602.779
297.504 1005.490
1008.510 -303.505
331.505 -1000.500
-401.504 -975.506
-230.501 1030.500
940.499 500.501
-885.503 -594.495
575.501 -902.503
-446.502 972.503
-903.500 574.501
-212.493 1049.500
-717.500 -799.497
809.502 714.505
-995.506 -424.498
791.495 -739.499
-966.808 -488.842
-967.759 -488.553
1087.500 -5.500
-200.495 1068.510
-1021.500 373.501
-1061.500 -260.503
-629.506 898.489
154.500 -1093.510
-1047.500 -348.498
-82.504 -1102.500
241.499 -1080.490
-363.499 -1050.500
-1024.500 -431.506
64.500 -1111.500
1084.500 257.500
-176.499 -1102.500
928.502 633.500
-1101.500 -243.500
662.505 917.504
1088.500 -332.500
-791.497 816.495
-1047.500 448.507
-846.494 780.505
994.499 586.499
-164.500 1143.500
-111.501 -1179.500
615.495 1022.500
591.503 1046.500
-250.495 1175.500
965.497 723.495
-1215.500 37.495
-914.503 811.498
1214.500 212.504
-966.497 -769.497
-556.498 1103.490
-1146.500 467.499
955.490 796.500
473.496 -1151.500
779.499 -971.502
-957.501 -801.498
1191.500 387.501
1255.500 26.499
-1165.500 492.498
983.498 803.498
1280.510 -59.500
-475.499 1193.510
998.493 827.503
-1236.500 -393.501
486.501 -1204.500
-1066.510 -750.510
951.504 -900.502
1292.500 -221.502
-876.496 -979.503
-880.503 976.503
1297.500 227.503
-530.500 -1212.500
-782.503 -1067.500
-777.496 1078.510
734.500 -1112.500
-959.503 -927.495
683.499 1151.500
-751.501 -1117.490
1013.500 -890.497
1193.510 -642.497
1355.500 136.493
686.506 1177.500
-1218.510 -618.500
-788.507 -1134.500
-1135.500 -804.508
-1311.500 -490.504
-1127.500 843.497
1122.500 -856.502
-794.504 1168.500
-1379.500 370.503
1408.500 264.500
1039.500 -993.493
-971.500 -1061.510
1440.500 164.493
1425.500 -265.503
1008.500 1042.510
-1408.500 360.502
1397.500 472.497
-1488.510 -79.501
-1457.500 352.501
1493.500 316.500
-1174.500 -982.501
-1043.500 1127.510
1540.500 -52.499
-1513.490 354.494
1062.500 1139.500
1396.500 -710.502
-1466.510 -556.492
-1452.500 -612.496
-1028.500 1194.500
-1266.480 -945.504
1584.500 -144.503
-1245.500 -1008.500
-1426.500 -772.503
-1594.510 -315.494
-1512.510 -646.499
1274.500 1044.490
1567.500 521.496
-1263.500 -1066.500
-1307.510 1023.510
-1549.510 -610.502
1616.500 -420.496
-1347.580 1014.150
1615.510 493.501
-1577.500 -606.500
-1388.500 -975.503
-1523.500 -761.501
1494.500 827.497
1310.510 1117.500
-1304.500 -1127.500
-1248.500 -1195.500
1417.500 991.508
-1308.500 1144.500
-1306.500 -1148.500
-1323.500 -1157.500
-1432.500 1027.500
1355.500 1142.500
-1502.500 -968.500
-1455.910 -1062.900
-1455.430 -1064.120
1451.500 -1071.500
1355.490 1197.500
1375.510 1189.510
1477.500 1148.500
-1567.510 -1056.500
1507.500 1143.500
-1584.500 -1045.500
1507.500 -1204.500
-1602.500 -1105.500
-1603.510 1108.500
