0.499 -0.502
59.498 14.495
-55.506 35.500
-27.504 -64.500
-113.503 -4.493
-102.502 68.503
7.502 -131.506
-162.495 56.494
87.501 -178.504
-192.500 56.501
203.505 -21.501
55.494 -210.510
-117.499 208.503
-15.499 -249.497
74.500 254.496
-262.495 -37.497
208.501 189.504
-191.501 211.501
281.503 83.505
132.495 285.501
-317.496 27.501
170.498 271.495
-232.508 -231.508
296.497 -157.498
319.498 133.499
-336.502 94.493
55.499 352.501
174.501 -313.504
-94.504 -364.502
-161.502 -349.494
-139.494 363.494
323.502 -227.492
309.496 254.507
-375.506 146.502
15.508 -409.497
-346.490 219.506
288.496 -306.496
424.498 -49.507
326.495 -276.493
44.499 431.497
154.442 -408.600
154.429 -408.684
160.945 -408.593
-376.498 223.498
-433.500 -113.497
402.498 226.500
199.499 -419.507
91.503 -462.502
113.496 -458.503
336.503 333.499
130.499 -456.494
253.499 -404.498
-19.503 -479.495
443.500 187.503
385.497 290.508
463.503 150.502
139.498 -479.501
99.498 -494.494
-14.498 504.496
56.766 -505.858
56.533 -506.450
135.454 -492.844
98.501 504.500
-214.503 -469.500
539.502 29.495
35.495 -544.499
-243.504 490.502
358.500 -422.497
439.503 343.502
-560.506 -17.502
-498.502 -261.502
334.500 -457.501
-445.502 350.502
-537.498 221.494
578.491 -96.500
-424.496 -404.501
120.509 574.503
-536.503 240.494
13.504 593.495
-593.509 34.505
457.503 383.501
96.495 601.492
-554.504 262.502
-79.505 -615.504
281.500 -553.509
-466.497 -417.501
-597.503 -186.503
-606.499 174.501
-226.501 589.504
463.497 -432.500
-446.591 449.596
-296.498 564.497
-366.490 -525.502
-450.493 455.504
-98.508 633.499
-357.191 -534.385
600.501 239.494
-127.500 -637.495
345.502 -561.504
-392.499 -537.504
639.489 -205.507
-49.498 -672.499
-328.513 594.503
507.498 -476.499
-60.506 694.495
425.499 -557.502
581.499 -396.493
687.496 176.494
-719.497 42.505
-710.498 -129.496
-688.506 246.499
148.495 718.497
-246.501 693.501
-615.505 406.492
-442.501 -592.503
-556.496 496.499
596.498 469.495
734.977 194.440
735.658 196.714
154.502 -753.504
527.120 -564.775
518.702 -572.969
262.507 727.504
-577.497 -527.496
127.502 -775.505
-785.507 -6.497
-201.499 -762.509
435.495 659.500
773.498 -178.496
383.877 704.942
526.504 -609.494
602.500 539.506
-145.502 -798.506
-449.496 679.502
388.724 721.892
386.592 727.576
-668.495 -483.503
382.591 733.303
382.469 738.400
-796.498 -246.500
-42.505 -835.509
779.500 318.500
408.918 738.826
399.739 745.359
-832.499 -151.507
-798.499 -281.497
247.496 -813.501
431.501 737.002
431.501 737.460
804.502 -294.504
26.503 -858.501
860.496 -48.497
-796.502 -336.497
-612.494 -618.497
473.497 -736.505
425.503 771.503
-858.500 -200.498
-845.501 249.492
-613.505 636.499
659.500 590.498
-343.494 -820.499
-884.492 109.499
726.508 -528.502
-135.506 894.497
-608.502 -677.499
46.494 910.504
120.502 904.496
-619.502 674.498
-684.501 620.493
759.505 531.501
-497.505 -782.497
-680.501 -632.499
-832.500 411.501
-752.507 -545.500
-371.504 854.500
158.505 921.492
139.508 925.498
527.504 776.501
-938.505 -5.500
605.506 720.502
-150.496 930.493
450.499 831.496
720.499 -614.498
-799.496 508.502
906.502 -284.495
952.495 -30.499
-716.496 629.506
116.502 -954.499
277.512 -926.493
-750.496 613.503
530.499 812.496
903.500 -360.502
-841.506 -488.506
583.502 -782.496
-886.492 -417.499
8.495 981.501
801.499 -575.507
393.495 904.497
991.501 -0.495
902.502 424.498
652.502 -759.507
-564.499 -836.500
802.504 615.502
647.507 -778.492
480.496 -892.501
108.497 -1010.500
-337.504 959.496
-955.497 364.505
-932.502 -439.501
626.474 825.933
1017.500 209.499
194.493 -1021.500
1028.510 -153.507
629.623 826.858
972.500 -371.503
374.505 971.502
-1040.500 -58.507
1041.490 -77.492
-733.504 745.498
434.508 -954.506
1022.500 -241.503
339.501 -1002.500
-415.493 -974.495
1032.500 266.496
-181.254 1055.990
983.508 427.503
-747.496 787.500
-174.497 1072.490
-269.497 1055.490
1059.500 -261.503
-98.502 -1094.510
1092.500 159.502
-685.501 871.495
778.508 -792.503
-841.497 725.495
-867.508 723.507
277.507 -1097.500
-263.507 1101.490
998.502 -551.498
-631.499 948.503
773.498 -840.501
-1102.500 -312.502
795.501 834.508
806.722 824.471
878.498 756.497
884.120 750.019
-1018.500 -564.501
882.500 -763.498
732.493 -908.504
-1091.500 -410.500
659.502 -965.503
-1170.500 -97.505
873.962 787.814
873.971 787.916
813.492 856.499
701.495 952.497
1178.500 -152.498
-625.508 -1013.500
792.495 889.502
1069.500 -527.112
1069.500 -527.504
434.501 -1114.500
610.501 1039.500
1145.500 -378.495
-727.497 962.501
1127.500 435.507
174.499 -1199.500
521.494 1094.500
865.486 858.499
996.500 709.503
196.504 -1209.500
-1224.500 0.501
913.500 817.496
-1189.510 -303.500
217.502 -1210.490
392.506 -1166.500
-652.497 -1043.490
1205.490 -252.498
264.499 -1206.500
1198.500 -303.499
-1151.500 -476.500
1199.490 -344.505
-447.491 -1167.500
-635.494 -1089.500
-914.502 869.502
1225.500 -311.498
-556.500 -1136.500
-1213.490 380.499
-862.500 -947.497
1288.500 41.492
1073.500 718.500
-890.504 -947.497
-1284.500 214.499
852.500 986.506
-744.502 -1075.500
1309.500 125.500
906.499 962.494
-1309.500 -188.497
1319.500 -141.502
1328.500 81.495
1330.500 59.498
-1303.500 283.499
1334.860 50.410
-1258.500 452.502
-946.502 951.506
951.497 949.501
-672.501 -1164.500
1055.500 849.506
746.496 -1132.500
1240.500 570.505
-1328.500 -342.503
898.495 1049.510
927.502 1024.510
1331.510 380.506
-822.502 -1114.500
-914.497 1039.500
-1375.500 167.500
-1075.500 878.503
701.500 -1200.500
-1281.490 -540.500
1210.500 -689.499
-1122.500 -825.493
914.507 1053.500
1255.490 629.507
724.495 1204.510
1409.550 -4.822
-735.491 1202.510
-1217.500 -712.499
1411.970 -6.977
-1229.500 -693.497
-1257.500 -657.501
914.500 1092.510
893.499 -1119.500
-1189.510 -832.501
879.497 1164.500
1451.500 169.507
1442.500 263.498
1059.500 -1016.500
-1242.500 -789.499
1478.500 -46.496
986.503 1110.500
-1054.500 -1049.500
-1457.510 -301.505
-1381.500 -565.509
-884.505 -1203.500
896.498 1194.500
-1379.500 578.500
-900.498 -1199.500
1246.490 -835.505
1382.500 584.505
-1047.500 1076.500
967.498 1156.500
994.527 1136.070
1016.500 1116.500
994.698 1136.920
-967.495 -1164.500
1502.490 208.503
-1495.500 294.501
1526.500 84.501
1021.550 1147.460
-1150.510 -1020.500
1085.500 1089.500
1039.500 1134.500
-1205.500 967.510
-1150.490 -1037.950
-1059.500 -1135.500
1527.500 294.500
1367.500 744.494
983.499 1209.490
1258.510 927.496
1007.490 1205.500
-1219.500 -994.505
1122.510 1114.500
1547.500 -338.499
-1207.500 1028.500
-1469.500 -603.501
-1308.090 908.042
-1175.500 -1075.510
-1275.500 963.499
1140.500 1122.960
1140.500 1124.170
-1599.500 -117.504
1431.490 725.498
-1559.500 381.506
1081.490 1191.500
1574.500 -348.505
1617.510 -255.505
-1303.500 -991.494
-1268.500 -1037.500
1478.500 -721.497
1502.500 -671.499
1166.500 -1164.500
1433.500 -820.496
1455.500 798.498
-1481.500 768.499
1241.510 -1119.500
1393.500 -926.501
-1480.500 -834.498
-1584.510 -625.501
1372.500 1012.500
-1553.500 727.503
1580.500 670.495
-1536.500 775.502
1615.500 -608.509
-1614.490 -629.498
-1305.500 1144.500
1486.500 901.497
-1533.500 842.498
-1603.500 -783.494
1391.500 1142.500
1357.500 1197.500
1448.490 1166.510
1513.500 1101.500
-1545.500 1062.500
1448.490 -1206.500
-1547.500 -1110.490
1616.490 -1030.500
1607.500 1046.500
1586.500 1078.490
