0.504 -0.498
24.499 6.499
1.499 44.504
48.500 70.501
0.499 88.497
-163.509 -16.501
-150.499 69.502
30.501 -171.499
51.503 -166.501
-175.494 -52.498
15.502 200.487
-26.503 201.498
-62.503 194.503
72.500 -193.501
103.500 197.501
223.499 -11.498
-76.495 -210.497
-248.497 -49.497
91.504 236.504
220.504 -179.505
-180.496 -220.494
18.501 -299.498
114.498 -288.498
222.496 -221.504
208.033 239.965
207.212 241.173
329.506 4.500
321.502 72.494
300.501 136.496
-105.402 315.167
255.499 221.497
-102.501 326.502
221.502 271.495
354.497 12.500
340.495 -115.502
138.497 -349.503
323.502 224.502
97.499 383.493
-53.493 -405.498
-304.501 294.501
-418.498 122.507
393.494 199.494
-344.501 276.500
-443.496 -31.499
-404.505 -223.499
-294.500 358.501
-356.497 -308.503
83.503 -465.498
-406.503 -242.498
8.500 478.497
-100.500 468.498
-321.499 355.493
183.497 -453.498
458.492 -180.501
455.501 196.500
-435.494 -240.505
-270.499 -419.502
-329.416 378.578
74.504 499.495
482.506 154.500
-314.498 -400.504
472.499 193.492
436.505 265.501
-480.669 -189.502
393.508 338.504
509.500 143.506
57.501 -527.501
-314.500 -427.506
-511.496 -165.489
542.489 8.500
208.498 -510.502
-76.499 546.495
-551.502 29.494
549.496 -72.501
411.501 392.494
108.499 573.497
-119.502 -572.502
-428.502 -398.508
-131.495 570.504
-299.501 505.499
170.493 -564.504
-240.501 540.497
-462.500 371.499
583.502 131.507
360.500 -484.496
-309.503 -518.491
451.499 404.504
542.499 -274.496
567.495 -226.501
603.500 -96.500
-553.498 -258.497
-624.506 28.498
382.501 495.493
495.496 -388.497
371.861 -516.031
371.705 -516.618
-541.495 -349.502
-613.495 -202.505
-182.500 620.496
644.508 -75.499
-515.497 -393.496
-421.497 495.498
-363.502 542.494
372.960 -544.580
667.498 22.501
294.493 -603.504
354.499 -576.497
153.502 660.504
-344.504 -585.502
676.497 -98.501
618.504 -297.500
-333.498 598.499
522.501 -450.502
683.496 120.493
386.492 -577.499
-543.497 435.500
-543.497 435.890
-430.507 550.497
-678.504 180.491
107.492 -699.501
-482.504 519.498
578.502 423.505
-718.507 73.497
682.498 -246.499
617.501 -383.501
122.499 716.506
-700.494 -202.505
-84.496 725.502
-361.498 -639.491
-88.497 -730.502
-569.497 -466.509
277.499 689.500
-739.495 -88.502
322.494 -674.493
-120.499 -740.504
-305.501 684.501
-516.495 -545.498
-217.501 727.503
-475.499 -595.502
-323.501 -690.503
-762.502 -26.502
-739.500 -193.495
-496.504 -584.507
-78.499 -768.505
150.500 757.497
-464.505 623.496
469.496 622.499
-688.497 366.493
-657.496 -434.500
-451.504 -646.503
116.500 -781.504
-779.507 122.497
-246.498 753.503
311.508 729.505
-742.498 278.497
-796.500 -64.498
195.504 778.498
-410.500 690.500
58.500 801.499
153.497 -799.493
-712.498 -398.496
-650.502 501.504
-664.496 -486.502
-57.594 -824.141
-827.505 13.497
-620.502 -549.494
-696.502 448.495
382.925 -736.985
-763.506 324.503
-454.502 -696.498
-599.503 -578.499
-294.498 -780.494
-801.004 -237.495
-802.580 -235.244
563.500 -634.502
649.499 554.499
79.502 850.504
750.484 -410.901
753.341 -411.600
-844.498 175.494
-152.496 -853.506
868.506 4.498
605.502 624.502
496.502 -715.509
-526.499 694.506
818.505 305.500
281.495 845.504
-873.496 175.501
655.493 615.498
-601.496 -671.503
-472.500 775.504
-883.495 -214.500
-873.498 -261.497
-761.496 505.502
-856.499 320.493
-451.506 -799.500
-33.509 920.505
731.498 567.502
242.498 -895.492
-491.507 -790.502
-561.504 754.501
-908.020 -249.781
-908.487 -250.975
899.498 -293.497
193.505 -927.496
-491.501 811.504
865.501 414.496
-266.497 -926.493
484.501 -834.506
-510.498 -819.508
-951.500 -194.503
-308.495 -922.500
-881.502 -428.502
-697.507 -692.505
757.501 627.497
-163.495 -970.501
-718.503 671.504
-958.497 -239.501
-124.494 983.499
-28.498 -995.502
-340.491 -936.502
-156.491 985.499
-892.500 -459.505
992.499 -172.498
695.494 -730.497
-226.501 -985.500
391.504 -934.502
-1009.500 168.497
810.501 -628.504
892.500 -524.502
918.500 -482.504
-1016.500 208.507
-784.500 -688.504
959.496 -417.494
862.502 -593.501
-904.501 -527.491
773.500 -709.501
309.508 -1003.500
1008.500 -306.496
-295.506 1011.500
918.500 -519.494
-834.497 -650.501
-929.501 508.499
762.501 -740.494
-1006.500 -339.497
1065.500 34.499
-635.504 857.491
-508.507 942.496
1073.500 -15.495
546.504 -924.497
805.500 -713.500
760.497 766.501
-980.502 469.504
473.498 -981.501
683.504 -854.506
-1043.500 325.495
-878.501 650.503
760.493 786.506
-783.499 765.501
1072.500 -237.497
-1091.500 168.499
-894.498 -663.505
870.500 695.494
770.505 805.499
-1113.500 114.500
1120.500 -45.498
-604.499 945.496
-1086.490 285.505
-1114.500 -155.501
-1126.500 -54.498
-104.501 1125.490
1127.500 -114.503
901.498 -698.507
77.500 -1138.490
-1137.510 -89.500
-983.499 -579.503
-1144.500 -55.499
-1082.500 -381.498
664.501 -937.508
964.495 636.500
1092.500 -391.498
534.504 -1035.500
1150.500 -211.499
-1168.490 -57.500
-1051.500 -523.506
406.496 1102.500
-1161.510 -181.497
1173.090 -99.844
1173.440 -100.436
1113.510 -384.501
1180.500 24.504
971.493 -674.499
-861.648 816.256
744.500 925.499
-862.105 817.407
-978.499 676.511
-1183.500 129.501
-932.514 -746.494
652.510 -1001.500
1165.500 267.502
694.503 -982.500
-627.498 1027.500
75.497 1205.500
568.497 1066.500
-229.504 1188.500
137.500 -1204.500
-812.498 -901.505
-906.911 -806.396
-921.498 -803.498
1182.500 329.499
491.502 -1128.500
-750.506 -981.502
-411.501 1164.500
-635.499 -1063.500
-1180.500 -382.502
724.509 1011.500
-832.495 -929.496
464.503 1158.500
-381.506 -1189.500
-824.495 937.505
-1230.500 229.494
1235.500 -208.502
1069.500 -656.500
-1085.500 633.501
407.496 1190.500
350.499 1209.500
-1099.510 616.498
-1110.500 -597.497
-670.500 1072.510
-1070.490 675.499
1032.500 -738.499
-862.495 931.494
-1232.500 -308.501
760.497 1019.500
-797.504 990.502
630.497 -1121.500
-913.504 911.508
-1246.500 338.498
849.502 974.498
-614.498 -1144.490
889.502 -949.492
1040.780 -783.219
1258.500 341.506
1049.590 -776.681
-1305.510 -17.496
1282.500 -258.505
-733.501 -1083.500
-1142.500 -638.508
1284.500 273.496
1049.500 -803.496
1327.500 -25.493
1314.500 -191.509
1329.500 24.494
-1305.500 -255.504
1071.500 -794.506
1152.490 -686.496
1166.500 -675.502
1268.500 -482.500
-1328.500 -292.500
-1375.500 -121.503
843.496 1098.500
-1317.500 432.497
-722.500 1183.760
-722.501 1184.540
-1159.500 -763.501
1386.500 -125.505
1322.500 -441.495
1342.500 -389.499
-1368.500 287.500
1304.500 511.499
1268.500 -596.498
-1199.500 727.500
1400.130 -133.240
852.172 -1119.500
-1167.290 783.670
852.731 -1120.620
-1176.480 794.462
-1177.390 796.730
-1275.500 629.498
-1271.580 650.422
-1401.500 -277.510
-1417.510 205.511
-906.500 1109.500
983.495 1044.510
1069.500 -959.492
-1433.500 81.499
-1292.490 -627.501
1342.490 534.493
1380.500 -433.498
1326.500 -580.495
-1218.500 783.498
-1181.500 843.500
-1115.500 935.503
-872.494 1175.510
1344.500 -600.502
-1447.500 287.504
-1364.500 570.503
-900.499 1184.500
1487.510 -134.504
-1251.500 813.492
1477.500 -285.491
-1349.500 667.494
1471.500 -333.501
-1472.490 -329.506
1420.490 517.497
-1487.500 289.501
-1504.500 229.504
-1477.500 396.501
-1462.500 496.504
1294.490 847.499
1018.520 1174.100
1501.500 -406.503
1019.320 1175.330
1403.500 -694.500
-1566.500 -29.502
-1556.500 -196.509
-1192.510 1019.500
1395.490 727.498
-1023.500 1194.500
1572.500 77.501
-1320.490 860.495
1574.510 -126.497
1019.500 1206.490
-1456.500 -611.508
1578.500 99.496
1343.500 873.499
1081.500 1184.500
-1512.490 -552.497
-1584.500 -317.498
-1362.500 869.496
-1209.500 -1074.500
-1191.500 1093.500
-1420.500 779.501
1293.500 -979.499
-1595.510 326.501
1348.500 918.503
1130.500 -1185.500
1337.500 -947.500
-1334.500 954.498
-1453.500 765.492
1246.510 -1098.500
1304.500 -1030.490
-1538.500 -657.499
-1446.500 850.502
1593.500 -539.507
1238.500 -1145.500
-1214.500 1177.500
1523.500 -740.503
-1510.500 809.500
1557.500 -726.500
-1443.500 935.495
-1555.500 -746.500
-1376.490 -1044.490
-1292.990 1152.560
-1292.510 1158.500
1371.510 -1084.500
-1313.500 -1161.500
1518.500 -888.498
-1394.500 1072.500
-1571.500 -811.501
-1585.500 785.504
1495.500 -957.505
-1358.500 1164.500
-1329.500 1205.500
1484.500 -1039.500
1581.510 -930.493
-1460.500 -1157.500
1468.500 1173.500
1611.500 988.498
-1475.500 1199.510
1540.500 -1132.510
-1592.500 -1108.500
-1561.500 -1169.500
