0.506 -0.498
-68.494 110.499
52.499 130.503
154.494 -28.502
-61.495 -146.503
-173.499 12.503
64.504 -173.509
-146.502 -136.508
-121.503 164.503
-186.500 85.497
140.495 182.503
125.507 196.499
165.491 194.500
-171.496 -219.499
-220.502 -170.497
298.500 -111.497
110.501 341.500
-372.500 -68.501
358.498 -176.503
288.498 -288.504
-391.503 -114.495
-178.497 377.488
-400.503 131.494
428.503 -66.502
153.498 408.501
-122.503 422.505
-343.508 276.500
-445.491 126.508
464.505 -18.500
-135.495 451.498
232.494 413.507
67.498 475.504
-295.503 -423.496
-437.495 297.498
216.501 484.496
508.495 -159.500
-406.490 343.498
-95.501 -525.494
-153.506 512.504
-525.493 -182.505
-360.503 -429.506
469.495 356.498
429.498 -405.500
262.498 -530.500
-253.502 -538.505
538.506 261.493
606.498 -50.498
-276.505 -547.494
576.502 221.504
525.500 361.502
638.498 -16.501
-635.503 71.509
-90.507 -635.504
642.498 -72.499
97.509 645.501
-657.504 44.495
570.504 -332.500
665.499 -19.504
263.492 616.506
-266.503 617.498
12.494 673.498
-437.502 -530.501
682.503 -134.496
638.501 303.508
-421.504 -576.497
-734.495 -88.498
-727.495 145.499
-156.498 730.505
476.506 -602.499
743.503 245.497
638.499 -454.495
-336.505 -707.501
-498.501 604.504
-784.579 -95.128
-784.598 -95.234
780.495 141.502
8.503 794.505
50.504 797.501
479.493 657.504
347.495 -737.499
800.495 -202.499
-98.499 -820.500
-83.992 -830.050
-621.502 -567.498
-624.497 584.497
593.491 -629.499
-858.502 106.500
-548.497 686.496
-870.499 128.496
876.504 88.499
385.489 -792.493
-254.501 -856.491
-117.495 -890.500
876.495 -229.500
149.493 -895.489
450.500 790.502
-349.499 -846.499
-521.502 -755.501
-924.504 26.498
-679.495 636.502
-473.503 803.503
874.499 345.497
736.496 586.503
-936.504 -141.501
-384.503 865.504
-717.506 635.493
-945.503 187.507
179.497 947.502
61.502 -976.500
-590.500 -794.494
-23.502 -991.497
-968.496 -230.500
-68.502 993.498
-625.499 -776.504
609.497 800.499
-965.502 -289.498
-112.500 -1012.500
724.503 718.504
582.498 -854.502
789.508 671.493
-257.497 -1008.510
998.500 301.503
1036.500 121.498
-367.505 987.502
-887.497 -569.494
1059.500 37.495
8.506 1062.500
-579.501 -894.499
-351.505 -1012.510
-1047.500 -235.496
1069.500 -119.498
288.499 -1037.500
746.496 -779.497
976.501 474.496
-1092.500 95.500
103.491 1101.500
975.505 -526.506
465.497 1005.500
-541.501 -967.508
761.500 807.505
-636.497 908.505
804.500 -768.501
1076.500 317.502
-286.499 -1086.500
-120.502 1119.500
539.496 -990.503
301.497 -1087.500
-285.496 1104.500
-906.499 708.498
1131.500 228.494
-1075.500 -423.503
751.495 880.497
-906.507 -728.499
907.503 -733.499
778.502 886.508
-1121.500 -373.501
418.500 1112.500
828.503 -866.501
1193.500 -160.494
395.499 1137.500
-1198.500 -120.500
-1084.500 -527.504
793.503 910.497
-434.498 1136.500
156.494 -1212.500
-1212.490 -189.504
-415.505 1155.510
1181.500 353.505
1211.500 255.499
-403.499 1175.510
-1172.020 -421.852
-1173.490 -421.491
-1204.500 -357.502
-656.505 1081.500
-1072.780 699.054
-1076.910 701.782
-1229.490 379.504
-1234.510 -364.495
-1260.500 -280.507
-1277.500 -191.506
1172.490 556.505
1302.500 46.502
1164.500 -587.502
-1129.500 672.501
-846.504 1007.500
1261.510 404.499
-1320.510 -173.493
-1250.500 463.500
-707.502 -1134.500
1342.510 -41.500
733.495 -1144.510
-1166.500 -705.498
-758.499 -1140.510
-1155.500 -737.495
-1015.500 923.498
803.499 1126.500
-1279.500 541.506
-969.500 -999.498
-1073.500 886.504
1370.500 -305.501
-935.505 -1048.500
-1067.500 -914.499
-780.500 -1201.500
-1155.500 -865.499
-973.497 -1066.500
-1271.500 -689.497
-1448.500 114.496
1443.500 -191.502
1332.500 603.504
-1146.500 920.499
1377.500 576.504
-1459.500 -329.489
-1386.500 562.502
1398.500 -571.499
1019.500 -1133.500
-1406.490 588.499
1213.500 -927.501
1528.500 -72.503
1473.500 -414.497
-1165.500 -1000.500
-1342.490 -746.496
-1434.500 -560.505
1059.500 1123.500
1265.490 905.499
-1113.500 1092.510
1093.500 -1117.500
-1005.500 1197.500
1391.500 743.502
-1537.490 -430.502
1194.510 1067.500
1442.500 728.502
1618.500 -44.497
1093.490 1195.510
1470.500 -694.501
1264.500 -1051.500
-1379.500 -927.498
1518.500 705.506
-1374.510 956.500
1466.500 -812.496
-1478.510 -893.502
-1453.490 -956.494
1450.500 1008.490
-1470.490 -1015.500
1341.500 -1188.500
1596.500 857.500
-1451.490 -1145.490
-1606.500 -927.499
-1513.500 -1079.500
-1514.500 -1099.510
1612.500 966.498
-1532.500 -1109.500
-1469.500 -1204.500
1559.500 1145.500
-1574.500 1150.500
-1618.570 1141.150
