0.496 -0.496
-49.505 35.500
0.499 112.504
103.504 -59.498
131.501 -14.504
-91.192 108.001
-83.951 114.464
45.503 151.495
128.504 108.494
211.500 -21.498
147.497 -170.500
150.511 -197.493
-264.505 -41.510
37.508 266.501
-85.492 285.495
-295.495 41.506
181.502 -246.494
-175.497 -278.497
-324.503 -136.497
276.500 -248.500
6.495 391.495
-390.502 46.503
-351.503 -210.502
-28.500 -414.501
-366.496 -202.504
411.499 -99.491
424.503 85.496
34.507 452.497
276.495 382.500
-488.503 84.504
-352.502 348.506
-205.507 470.496
-428.491 299.508
356.496 -390.502
-512.499 -196.501
-130.506 -549.496
407.507 411.503
-85.497 575.503
261.498 -530.503
-566.497 172.497
427.495 -423.502
-405.496 -467.496
-608.951 -108.299
-404.501 468.502
-613.976 -109.827
-245.508 575.498
-625.508 -70.499
-626.501 -117.501
-258.503 -592.499
-51.502 646.500
-460.502 -464.493
182.498 630.500
648.500 106.502
572.500 330.504
-588.498 309.498
-343.491 -588.501
620.505 -286.502
246.502 -638.503
-385.502 -580.499
639.498 298.498
633.498 321.507
146.498 697.490
-364.501 -617.497
141.502 -705.500
356.496 -634.501
-595.500 428.488
732.504 92.491
191.495 716.500
-622.496 -404.499
-476.500 -582.502
-690.502 319.489
140.498 -749.501
444.499 619.493
123.508 777.497
-784.501 84.500
592.497 534.497
554.505 580.508
-499.490 -629.496
183.500 -784.500
194.505 806.497
837.507 45.498
-111.495 -831.497
-521.507 656.495
-831.504 -151.500
296.498 -795.506
-779.505 340.497
-639.511 564.498
-847.495 160.495
687.497 -535.495
-785.505 384.501
531.501 -706.506
183.496 -866.507
-748.504 481.497
-522.495 -723.507
485.500 -750.501
283.507 847.498
-393.498 -804.497
892.496 -167.495
294.505 864.505
-428.505 809.501
-256.501 -882.502
-225.505 -894.494
-487.503 -785.499
-626.506 -680.500
-642.497 692.506
-795.499 509.503
906.509 -273.494
-593.497 738.490
-945.500 -113.499
376.495 -877.501
-930.498 -229.504
234.507 935.490
362.500 -897.499
-94.500 962.499
57.498 966.499
894.493 375.502
-367.502 -910.506
826.506 536.497
-347.494 947.496
153.499 1001.500
-924.498 -418.499
968.496 311.502
631.505 -811.506
-414.493 -942.496
-1034.500 -22.497
-795.497 663.496
-595.498 848.495
979.503 371.501
998.502 325.501
551.501 900.499
-20.507 -1058.500
-977.509 -413.506
510.507 -936.495
330.499 -1014.500
431.500 979.495
-749.495 -769.496
-592.501 896.503
-1061.500 169.502
-235.500 1065.500
-943.500 -550.502
-438.502 1001.500
-814.502 734.500
-1028.500 408.497
-242.496 -1081.500
-291.499 1070.500
-912.497 631.497
-240.087 -1090.330
639.500 -917.503
-1019.510 457.507
315.499 1072.510
-1123.490 49.504
77.508 1123.500
117.505 1121.500
986.499 553.500
-1083.500 325.508
-623.498 -949.502
-465.507 1035.500
-1066.500 -390.498
855.493 -758.494
-292.497 1120.500
1150.500 202.500
1160.500 153.501
248.497 -1145.490
-753.503 -905.504
981.497 -666.500
-1105.500 451.506
-615.495 1023.510
-601.491 -1033.500
-1182.500 196.499
-1048.500 585.504
-1195.490 126.494
889.498 -812.501
-295.494 1168.500
-71.500 1209.500
-267.501 -1188.500
-803.494 934.497
1225.500 -195.502
958.500 -791.499
1095.500 586.504
987.496 -757.491
1134.500 532.504
-413.500 1182.500
-1253.500 -82.498
750.505 -1020.500
1204.500 410.503
-911.506 894.503
-1178.500 495.497
-1030.500 -764.491
-1011.500 792.506
-941.500 875.502
914.498 912.500
1260.500 -345.501
-1213.500 -490.499
-1241.500 461.500
-1314.490 170.499
631.499 -1183.500
-909.499 -991.504
-1330.500 219.504
1341.500 -174.502
-1272.500 467.501
-1357.500 103.501
1338.500 292.502
-1349.500 250.506
-1246.500 -578.304
709.500 1179.500
-1250.000 -578.076
-1250.500 -578.498
-1067.500 874.506
-1376.500 -196.500
1177.490 750.503
-1319.500 -479.493
-1367.500 317.494
1149.500 808.498
-1347.490 -401.500
-1335.500 -475.499
-1334.500 499.491
-1217.500 741.504
959.498 -1059.500
1339.500 -501.504
1279.500 -639.498
-1292.500 -613.503
1269.500 662.498
-1034.670 1001.390
877.504 1160.500
-1166.500 -878.497
-1264.500 732.493
-1466.500 25.503
-1400.490 439.495
947.502 1124.500
1191.500 -875.504
-1096.500 1000.500
1430.500 -413.500
1349.500 -638.501
-1046.500 1063.500
-1357.500 660.507
-1398.500 574.502
-1493.500 -307.500
-966.497 -1187.500
-1245.500 891.494
-1459.500 480.493
-1027.510 -1154.500
1556.510 83.512
1529.490 -303.504
-1238.010 957.494
1563.490 -106.501
-1114.510 1100.500
-1424.500 -680.496
-1177.500 1055.500
1417.500 -711.498
1160.500 -1082.500
-1475.500 595.501
-1573.500 269.495
-1424.500 735.503
-1301.510 943.497
-1249.490 1031.500
-1591.500 323.497
-1526.510 557.500
-1166.500 1137.500
-1443.490 -757.507
-1429.500 -792.501
-1335.060 943.288
-1369.500 895.500
-1237.500 -1082.500
1592.500 -420.496
-1341.500 954.499
1567.500 507.496
1617.490 -400.497
-1469.500 -815.493
-1222.500 1161.500
-1554.500 -698.497
1425.500 944.504
-1415.500 -970.501
-1356.500 1082.500
1561.510 -762.500
-1489.500 -957.506
1321.570 1190.660
1616.510 743.503
1324.900 1190.990
-1491.490 998.503
-1575.510 870.498
-1456.500 1065.500
-1369.500 -1194.500
-1454.510 1088.500
-1414.510 1202.500
-1445.500 1186.500
-1514.500 1188.500
-1504.500 1212.500
1609.500 -1080.500
-1546.500 1170.500
-1587.510 1136.500
1590.500 -1210.510
-1602.500 1213.500
