0.497 -0.498
16.500 -55.500
14.499 65.502
-45.498 75.508
-45.499 -106.509
11.497 -123.501
140.495 9.497
-105.498 105.500
-16.507 -163.499
-89.496 -160.500
-108.503 -149.503
-185.505 -0.496
-212.499 -33.493
-164.954 148.339
120.933 192.089
-167.506 154.509
51.493 223.496
180.501 146.505
234.497 -12.506
124.503 207.499
65.507 236.503
-227.504 -97.503
111.499 -239.502
-249.503 136.496
-157.498 255.503
208.508 235.499
-131.493 291.502
-230.501 -225.507
-306.501 99.498
-328.497 -23.501
-323.497 -70.503
-314.506 157.505
-367.504 -53.502
397.506 -3.499
-304.011 268.575
-304.233 270.799
-377.509 193.498
415.503 95.499
212.501 372.505
-427.498 -63.501
-235.498 362.506
-344.503 279.499
-37.501 -452.498
-313.496 336.507
-433.508 -158.501
-430.507 -180.495
-342.500 -344.499
336.494 360.496
-449.502 208.503
-493.507 75.496
491.504 -95.505
-35.492 503.501
-372.508 -343.506
-484.501 -148.496
-333.502 383.500
441.500 257.505
-434.502 -269.495
-56.502 -509.499
-512.491 79.501
521.494 -79.504
-313.499 427.496
504.506 -212.503
198.501 -510.498
387.498 -391.506
509.509 -240.501
-476.497 298.500
-534.505 184.504
-17.500 568.502
-119.502 559.494
522.496 -287.503
-75.502 599.501
-10.500 -618.493
-600.500 -168.500
177.498 -604.500
611.507 -156.498
-446.499 -447.495
-616.502 -171.496
-631.499 118.499
175.495 619.504
-422.500 -495.502
-614.498 245.494
659.499 149.497
-666.506 -115.506
576.498 -361.496
99.497 675.504
134.499 673.501
238.496 -646.494
668.502 170.488
-242.502 -648.502
-495.503 -488.499
-480.503 505.497
-138.497 -686.505
-698.494 85.498
58.500 -706.507
-718.505 55.499
84.502 -738.499
-605.499 -431.501
-742.501 62.500
-738.497 -164.503
-754.503 -90.499
-60.508 -761.500
-541.501 -543.503
-735.497 -223.500
-743.292 -200.992
430.495 644.501
-754.146 -203.393
-653.503 -440.499
733.497 292.499
-757.506 -222.496
-257.503 -748.498
195.502 -774.498
486.500 634.501
-804.493 21.501
534.503 -613.494
321.454 -749.525
318.592 -753.182
-669.501 -481.495
199.512 -802.498
593.499 -579.496
-545.499 -624.502
-825.503 -80.494
-803.446 222.091
-804.460 223.464
266.499 792.503
-645.505 -541.502
-444.501 -716.505
528.505 -658.507
729.499 434.502
-135.498 -846.496
-357.496 785.499
-867.505 15.503
564.493 -660.507
-773.495 395.499
-697.503 524.506
-384.506 -792.503
-153.068 -870.023
-149.969 -870.956
-108.492 -880.503
-334.504 -822.505
-260.505 848.494
-820.494 -349.502
147.500 -884.504
-638.500 634.496
-747.499 -512.498
-712.503 563.512
-569.499 708.503
-248.493 -884.511
-917.504 -50.498
-36.496 -922.503
871.500 305.505
921.501 70.498
215.493 -915.507
846.501 415.498
-859.497 387.504
-943.499 -34.503
-776.504 -544.513
740.505 -595.500
-760.503 568.499
-161.503 -941.504
23.499 -960.504
-908.504 314.490
-118.502 -955.496
941.493 -225.500
-969.490 -54.502
838.501 -494.499
-66.506 972.498
270.501 -938.502
266.495 942.500
309.501 934.500
718.503 675.498
-123.505 -979.495
987.505 21.502
-866.506 475.503
984.502 120.505
-350.501 -933.500
-966.489 -274.500
-796.499 621.499
-340.501 -952.505
521.505 871.505
-650.499 780.499
-214.495 -995.496
-643.501 -789.501
-916.499 448.498
335.502 966.507
-1025.500 -16.498
978.500 -312.505
-756.510 697.494
-883.498 -540.496
781.502 680.500
-732.450 -746.044
6.497 -1053.500
-743.193 -748.405
1040.500 -182.499
-56.498 -1056.510
118.501 -1070.500
-1034.490 306.500
-102.496 1081.500
1071.500 -206.500
-1025.500 374.499
-504.502 -971.505
-629.496 -898.501
-784.502 -768.505
1095.590 89.626
1095.820 90.210
-709.501 838.503
856.498 691.500
-279.497 1064.500
-1097.490 126.499
-942.497 579.498
1082.500 237.495
-1103.500 -114.500
462.496 -1011.500
171.500 -1104.490
-225.495 1099.500
-769.503 -826.504
-641.500 -932.493
-728.496 865.497
-626.494 -952.499
170.501 -1130.500
-487.500 1041.500
-714.671 907.712
-628.506 -970.502
-1088.270 -393.992
-1088.060 -396.068
357.496 -1102.510
-352.495 1108.500
-456.496 -1073.500
538.499 -1045.500
-728.492 921.498
1161.500 203.501
-443.496 -1092.500
-1166.500 -174.499
-1161.500 -224.495
1185.500 166.498
830.499 -863.492
-564.502 -1060.500
-312.501 1159.500
832.503 876.506
1191.510 -224.498
-1208.490 89.496
536.503 1092.500
-705.501 997.501
-489.499 -1124.500
-1211.500 -223.502
565.495 1100.500
-1090.500 -588.495
-932.493 820.505
693.495 1031.500
-784.500 966.507
-1021.510 712.499
-348.502 1202.490
-1162.500 -470.504
940.495 841.496
1236.500 262.501
1248.500 -204.497
-1221.830 329.392
-1222.040 330.110
535.494 1147.510
-1215.490 363.500
-1241.500 267.497
-961.502 830.502
-610.498 1114.500
-1236.570 303.425
413.508 -1209.490
-1273.490 -112.501
1171.500 -523.503
-1285.500 -8.494
1128.500 -624.503
-929.506 898.495
968.498 866.498
1159.500 -589.504
1269.500 286.495
-702.497 1094.500
-628.511 -1140.510
-1274.500 284.504
-653.500 1131.500
1262.500 371.506
1285.510 -317.498
-1010.500 -857.504
-1129.510 -710.501
-912.499 973.504
-1297.500 -313.502
-837.499 1039.500
878.505 -1009.500
-1336.080 127.048
-1336.100 127.108
1243.500 -543.506
-1346.500 -202.493
1359.500 140.505
-750.497 -1144.510
1272.510 509.508
-1189.500 -687.501
-1364.500 214.502
1344.490 327.503
-1231.500 -632.496
-1378.490 -129.506
-1353.500 293.497
1294.510 -498.500
-1206.500 690.500
-1183.510 731.502
-1287.500 -530.502
1385.500 -172.502
-1079.500 887.494
-905.497 1086.510
-1438.500 -51.502
993.500 -1048.500
1190.510 -827.498
-1295.500 -660.505
-1392.500 428.493
-1441.500 -263.502
-1386.500 496.502
-909.504 1159.500
1019.500 -1069.500
-943.961 1139.280
1424.500 -423.499
-945.500 1145.500
-1257.510 -833.497
-1374.510 623.501
1399.500 -581.500
1515.500 -26.495
-917.500 -1209.490
1351.500 696.494
-1466.500 400.504
-1364.490 698.503
1164.500 -1030.510
-1313.500 -843.499
-1565.490 -74.505
-1578.500 55.502
-1353.500 818.498
-1079.500 1178.500
-1506.500 547.501
-1361.500 859.495
-1516.500 -567.912
-1516.500 -568.522
-1218.500 1095.500
-1388.490 870.501
-1618.500 310.496
1222.490 1112.500
-1574.500 505.499
-1285.500 1050.500
-1481.500 752.500
1205.500 -1148.500
-1178.630 -1198.820
-1180.600 -1206.200
-1316.490 1062.500
1499.500 -788.497
-1287.500 1107.510
1373.500 -1012.490
-1261.500 1151.500
1469.500 -876.504
-1391.500 -1035.490
-1603.500 -662.496
1550.500 789.504
-1539.500 909.501
1611.500 -798.502
1452.500 -1119.490
1426.500 1161.500
1549.500 -1027.500
1570.500 -1009.510
-1523.510 1177.500
-1561.500 1149.500
-1574.500 -1138.500
-1605.500 -1109.500
