0.497 -0.498
113.490 -41.509
100.500 95.499
-106.499 -109.500
34.504 175.497
159.499 120.495
-9.500 -245.498
251.494 -13.505
-225.501 111.503
-238.499 144.501
39.498 295.504
-236.505 192.501
305.497 -48.500
89.498 -299.495
315.496 0.497
14.495 -335.502
-103.503 -332.496
283.501 -204.499
354.502 71.491
-337.500 252.509
418.500 -82.506
-363.502 -229.494
-75.495 424.494
-302.512 -308.492
101.504 -426.496
-438.497 36.505
393.504 208.503
324.500 308.493
-75.502 -450.500
299.509 345.500
422.501 -193.498
-0.505 464.498
294.503 -382.497
259.496 -410.501
-412.497 264.500
499.495 -2.502
123.499 -486.502
404.508 -325.500
494.500 158.500
130.496 505.496
470.500 244.497
-290.995 -446.889
-291.004 -446.990
377.499 392.507
137.497 529.500
-27.495 546.494
-546.498 61.496
553.767 -18.170
265.497 489.498
465.492 -312.498
564.111 -8.745
162.502 -544.503
-368.499 -459.501
-311.494 502.500
-522.497 -278.502
158.506 571.502
-466.502 366.506
-579.502 -139.498
-131.501 588.503
351.502 -494.496
583.501 -175.502
-505.499 345.499
484.501 387.500
619.501 -76.504
229.501 -590.503
-582.497 302.491
639.498 168.497
658.500 81.503
254.505 -616.506
618.495 -257.500
-647.501 174.502
-251.500 -624.496
-231.497 631.497
-510.502 -448.495
-672.502 -111.500
313.496 -613.500
650.495 232.505
-80.501 -692.503
-682.497 138.493
691.492 -105.507
24.501 701.499
-387.500 -588.499
-671.502 -214.500
584.504 400.502
638.495 310.503
716.505 68.499
246.499 678.502
-415.497 -594.504
320.487 663.498
258.507 -693.500
68.500 741.506
699.506 -264.496
-748.500 -132.501
-650.501 403.498
702.496 -311.497
513.499 572.502
-471.496 -609.500
-729.504 274.494
-75.498 781.491
788.007 104.500
-647.496 467.506
-297.503 -745.504
-514.499 -616.498
170.502 -788.502
287.498 -754.504
803.503 140.498
-693.499 -435.498
-806.502 190.506
-598.504 -578.500
837.498 67.501
-723.502 425.493
832.508 -126.010
-784.501 313.501
-810.498 250.501
811.497 -256.500
-21.506 850.501
-837.499 -166.496
390.504 765.501
793.502 -344.500
800.503 345.507
-539.498 -686.502
-208.501 -850.498
-777.499 406.504
769.499 -424.495
-541.493 702.505
-157.499 -876.493
880.501 133.499
520.493 724.508
887.496 171.501
667.501 -614.501
-772.502 473.505
-822.500 -398.502
637.496 -659.499
-838.503 370.491
391.498 -831.504
-345.501 861.507
841.494 -395.498
423.498 830.498
-536.503 773.504
-897.500 -297.499
-54.495 955.503
824.499 -496.495
-364.503 -892.501
-894.498 360.497
-714.501 -649.504
-243.506 939.508
978.493 -63.499
591.500 -795.504
764.500 -638.494
-850.501 532.504
964.505 -287.496
-939.492 -366.500
955.499 -336.500
1012.500 58.504
783.498 -645.503
-144.506 1009.500
1024.510 -11.502
-870.504 -562.495
-537.500 886.500
-980.499 -339.495
-950.496 -424.498
1016.500 254.497
1056.500 61.502
-932.501 -502.500
-171.503 -1046.500
-16.502 -1060.500
-516.504 -926.500
1013.500 -346.506
-544.499 -924.495
-738.502 -780.503
-490.500 961.495
622.497 894.501
-521.495 -957.497
-1084.500 108.501
-702.505 -844.506
-380.499 -1032.500
891.501 -647.502
-1051.490 -330.493
436.497 1014.500
-1036.500 382.505
-130.503 -1099.500
798.503 -771.496
1079.510 263.501
1111.500 -54.500
258.510 -1085.490
-863.500 -721.498
-276.504 -1095.500
-64.503 1128.490
-999.501 -537.501
1153.490 -48.495
-958.499 646.500
1087.510 -399.495
-940.500 676.497
-273.499 1131.500
309.490 1123.490
-761.541 -886.123
-827.499 824.499
-763.755 -885.945
-1153.510 -201.499
-1163.500 -141.495
430.505 -1093.500
-9.501 1176.500
942.498 709.502
-429.505 -1101.510
-135.497 1177.500
656.494 989.505
-655.492 990.503
1188.490 -54.489
-86.504 1186.500
-1182.500 -132.501
777.498 902.501
-1182.500 178.501
504.497 1092.500
-863.507 -841.491
947.492 753.495
169.504 1205.500
315.496 1177.500
-1195.500 -244.499
707.502 -1006.500
-863.502 874.500
1196.510 296.493
1076.500 -605.497
908.499 -837.508
1102.500 -558.498
308.502 -1203.510
-424.502 -1168.500
797.497 -955.504
-307.498 1205.500
-391.503 1184.500
-1246.500 -152.502
1239.490 223.501
1127.500 564.501
-788.499 984.504
-855.501 928.499
621.505 -1101.500
-1250.500 196.501
1203.500 -500.500
-1119.500 -670.499
1290.500 -236.497
725.499 1092.500
883.504 996.501
1050.500 -835.106
1050.500 -835.496
1255.500 -504.503
-648.496 -1191.490
1354.500 80.502
1355.500 -79.503
1053.490 -886.500
-811.502 1112.490
1269.500 -551.499
1266.820 -558.725
-836.499 -1107.500
1261.500 -594.496
1123.500 826.495
1149.540 -799.457
898.499 1078.490
-1357.500 -373.504
-895.500 1092.500
1401.500 201.501
1380.500 -324.502
1413.500 137.504
-1415.500 -128.501
-1110.500 -895.499
-1072.500 -947.499
1435.500 18.505
1015.510 1015.500
1207.500 779.497
-1433.500 129.495
1122.020 -905.926
-1414.500 283.494
1453.500 -51.503
1240.490 -766.500
968.496 1101.500
-1462.500 126.499
1351.500 -594.506
-1443.500 -309.494
1032.230 1059.220
1027.500 1065.500
853.498 1209.500
-1238.490 -823.496
1261.010 -797.305
925.503 1172.500
1265.660 -796.903
1172.500 928.505
1475.490 -254.506
1378.500 -590.500
-1471.500 -286.498
-1453.500 386.503
1120.500 -1010.510
1399.500 -565.498
-1247.500 -857.504
1495.500 -262.501
1353.510 708.499
1260.500 881.499
1531.500 185.504
1292.500 -883.505
1467.500 -562.502
1183.500 1047.500
-1553.510 -318.498
1534.500 -404.502
1573.500 220.503
-1120.500 1128.500
-1287.500 940.500
-1580.500 226.505
1212.500 -1051.510
1597.500 -171.492
1488.500 -612.506
-1541.510 -487.497
1384.500 848.490
-1271.500 -1022.500
1434.510 -804.499
-1569.500 -531.499
1563.500 -565.502
1185.500 -1183.500
-1574.500 -616.492
-1260.500 1130.500
-1245.500 1194.510
-1440.500 -957.501
1465.500 -999.500
1535.510 910.501
1514.500 -956.498
-1512.500 1105.500
-1582.500 -1045.500
1571.500 1121.500
