0.500 -0.500
153.495 55.506
95.502 -154.499
203.501 78.499
59.501 -221.499
-69.496 -218.508
42.495 -230.500
195.502 131.493
9.503 254.499
197.494 -204.878
-250.504 -145.501
-35.498 -291.499
-306.504 36.502
-59.499 303.496
71.498 301.498
-48.497 -316.505
258.502 209.501
-211.501 -264.496
-260.502 -219.502
306.505 152.493
342.507 97.509
-349.498 -71.494
213.497 -297.498
270.501 246.494
-221.504 300.506
-370.495 77.498
333.845 198.360
-60.497 385.507
338.474 200.418
-109.496 -378.497
-373.499 -126.497
-164.509 370.499
387.500 -137.495
-120.492 -404.504
117.507 -416.503
-435.492 62.502
393.499 -205.497
429.498 114.497
-301.497 332.509
474.497 113.501
496.483 -56.497
42.494 -518.134
42.494 -520.325
461.496 -256.503
-258.496 466.499
420.496 -330.504
-535.509 -25.500
339.499 -427.498
-244.975 489.282
-517.502 -182.496
-244.501 494.502
-57.500 550.495
534.498 161.510
-519.499 203.503
300.509 -478.505
-547.502 148.495
262.493 -517.503
-508.496 285.508
507.494 -290.505
-144.497 -575.505
366.496 466.496
-499.496 -320.501
-108.495 -584.499
-165.498 584.498
96.498 -602.505
297.501 -547.498
-598.501 181.494
3.497 -630.509
64.311 628.049
73.502 639.499
-293.502 -574.501
641.500 101.499
-636.496 -125.495
509.498 403.503
529.462 377.977
310.490 572.497
588.496 287.506
629.505 186.503
-135.500 647.504
-199.502 637.500
-616.500 -266.505
668.500 -109.500
654.497 179.500
87.495 -677.503
317.500 -605.497
-171.507 -666.980
491.507 -502.505
-336.501 627.497
719.502 19.504
650.498 -309.507
564.499 453.502
4.500 -734.502
-105.494 -735.503
678.514 308.499
-743.501 70.499
-502.505 -559.502
-155.498 -742.504
470.501 -596.501
-714.499 257.502
-454.687 610.697
685.497 -336.502
-454.496 -616.491
-463.367 609.523
286.502 -720.499
36.504 -775.498
737.502 -261.509
-539.503 -567.499
731.504 -288.504
-358.499 702.500
-427.502 664.501
-176.502 790.504
-385.502 714.502
-785.502 -235.490
778.847 -260.222
-628.497 -528.498
635.501 -523.496
-83.502 819.504
-16.503 -829.506
56.495 -828.501
-628.500 -547.500
-254.495 -799.496
830.503 155.498
15.509 845.500
-777.502 358.501
-839.501 -174.508
491.504 706.503
-600.502 627.494
819.498 292.502
813.498 323.494
-156.494 871.500
866.501 -200.504
-713.500 -531.503
-486.500 -748.498
-556.503 -711.497
-879.497 223.501
821.503 -391.497
897.506 -155.505
492.498 765.495
62.506 -913.502
819.500 -416.503
-71.501 -925.492
751.496 -553.501
376.502 -863.500
809.494 -496.503
679.499 -663.505
-13.500 -949.499
949.509 -31.502
850.494 427.498
808.500 -524.497
-198.500 -944.495
340.501 -904.497
-375.499 -896.501
505.505 830.505
569.496 794.501
970.506 -122.493
678.496 -706.508
-105.502 -974.495
889.502 -416.505
840.500 -524.502
324.501 -939.499
-241.501 -965.496
746.499 -665.504
741.921 -673.353
-851.499 -538.504
-1009.490 121.494
973.496 -307.500
-947.501 -387.501
222.495 -1002.500
-1019.500 201.501
-828.501 -629.496
494.505 -922.506
-213.491 -1026.500
889.503 559.498
1.503 1050.500
-825.501 -664.502
254.501 1028.500
759.493 -752.495
1064.490 -139.504
-916.495 -559.505
1076.500 7.506
-243.502 -1048.500
301.500 1035.500
702.508 -821.502
1031.510 -326.496
-641.504 871.506
540.238 -940.981
522.036 -951.900
-285.506 1048.490
817.502 -719.496
541.879 -944.863
455.498 -992.509
944.493 553.502
1073.500 261.500
1047.500 -360.504
1107.500 32.497
539.509 -971.498
-364.498 -1049.500
558.497 963.494
676.496 -888.498
-1037.500 414.499
-1070.510 334.498
1092.500 296.499
901.500 -689.496
841.501 763.498
744.499 -859.498
878.496 -730.499
-290.505 -1105.500
-163.503 -1131.500
1060.500 431.503
-614.501 968.491
157.507 -1138.500
-855.501 767.505
-1108.500 309.503
1079.500 -407.497
1153.510 -50.504
267.496 -1124.500
860.502 -786.491
931.505 700.502
-1162.500 81.492
-1022.490 -561.503
236.503 -1143.500
93.502 -1165.500
-932.497 703.500
965.503 660.499
-760.497 889.496
35.503 -1172.500
-1078.960 457.520
140.498 -1168.500
971.502 -667.503
1162.490 218.495
1182.500 111.497
-322.498 1142.500
122.499 -1188.500
823.505 -869.499
902.499 -788.498
-1063.500 554.495
1015.510 646.497
938.939 -756.762
1208.500 -5.505
943.494 -757.103
695.500 -990.503
114.502 -1206.500
-993.499 -693.507
1163.280 -349.179
1163.330 -349.079
1197.500 -268.504
391.507 -1165.500
905.502 -832.507
522.496 -1115.500
878.500 -865.503
-348.503 -1185.510
-788.501 -951.499
1041.500 -666.504
646.497 -1054.510
-1145.500 -467.507
719.498 -1008.500
441.504 -1164.500
-1244.500 -1.499
946.506 -813.503
1200.500 361.501
880.498 -893.505
1105.500 -593.494
-977.491 -785.505
-522.495 1149.500
-1099.500 -623.501
-417.495 -1194.500
876.500 -915.499
951.500 836.503
1270.500 70.499
567.498 1140.500
1067.510 698.498
-417.498 -1206.160
1265.500 210.499
-438.501 -1206.510
-1264.500 -228.501
1002.500 817.490
550.494 1172.500
1282.500 -192.499
889.500 -944.496
841.502 -990.499
-486.507 -1205.490
614.496 -1148.500
892.164 -951.682
-1268.490 -304.499
-1305.500 -82.495
941.498 -912.499
1243.500 428.499
-1299.500 -278.497
-618.498 1181.500
790.495 -1076.500
-1312.500 252.498
1038.500 -845.497
-1301.500 -338.501
-1330.500 -202.500
1307.510 322.505
-969.500 -937.499
1344.500 121.496
1256.500 494.497
1337.500 192.499
1175.500 682.500
640.496 1198.500
-1345.500 -209.501
-1366.500 69.506
-1332.500 331.500
816.497 -1108.500
1214.500 -650.496
-1373.500 -127.505
1138.500 -792.507
-793.495 -1138.490
1363.500 268.504
1346.500 -348.500
-1013.500 953.498
1395.500 73.495
925.522 -1049.550
-813.501 -1143.500
-1397.540 137.966
-1376.490 -288.503
718.497 -1212.500
807.501 -1158.500
1408.500 142.500
1343.500 -449.496
-1186.500 776.504
-857.493 1130.500
1268.460 -640.847
-1386.500 314.500
1276.500 -632.498
-1420.500 -124.499
-987.500 -1040.500
1270.500 671.495
1354.500 493.497
-1435.500 -145.503
-963.503 1076.500
1312.500 607.503
1262.500 -715.503
1230.500 -779.499
1286.500 -684.500
1460.510 -97.503
1023.500 1048.490
1366.500 -538.495
-1409.500 -439.500
1231.500 -818.500
1183.500 -890.504
-1301.500 -710.497
-1043.510 -1054.500
1341.500 -664.502
-901.501 1196.500
1484.500 -212.500
1513.500 27.498
1513.500 27.889
1080.500 -1070.500
1418.500 -551.495
-1509.500 -272.496
-1179.490 989.507
1537.490 -136.498
1440.510 -563.508
982.498 1195.500
1526.890 270.568
-1097.980 1095.220
-1075.500 -1120.500
-1413.500 642.500
-1097.660 1098.420
1271.500 -895.500
1190.510 1011.490
-1266.500 -921.503
1136.500 -1081.500
1524.500 -384.504
1543.510 314.501
1571.500 127.502
1554.500 285.501
1404.500 741.502
-1133.500 -1113.500
-1576.490 227.499
-1461.500 -634.506
-1280.500 949.503
1339.500 -872.499
-1525.500 490.500
1200.500 -1083.500
1444.400 -732.499
-1428.500 766.502
1532.500 538.496
-1326.500 -948.500
1362.500 -903.495
1329.510 -955.497
1584.490 -433.504
1552.500 538.501
1469.500 -736.502
1444.490 -807.503
-1269.500 -1115.500
1305.490 1093.500
1279.500 1131.500
1373.500 -1025.500
-1278.500 1145.500
-1431.500 -1010.500
1559.500 -822.498
1378.490 1098.510
-1311.500 1191.510
1513.490 931.497
1596.500 794.506
1559.960 929.383
1563.510 935.509
1570.510 994.496
-1475.500 -1134.500
1460.510 1186.500
1547.500 1073.500
1467.500 -1197.500
-1527.500 -1134.500
-1538.500 1146.510
1561.490 1171.500
1609.500 -1146.500
-1605.500 -1158.500
