0.500 -0.499
36.501 64.497
-70.500 -34.502
80.498 55.503
-64.507 123.502
-133.508 60.498
-96.504 113.495
153.503 -62.498
-139.504 -98.494
-172.500 -35.498
163.498 79.498
154.498 -114.509
-141.502 -132.504
200.501 -18.494
-165.497 133.500
-202.499 -73.499
211.498 -56.505
-187.497 112.499
217.504 -34.505
118.499 -193.499
-207.510 99.500
-214.845 90.175
207.512 -113.502
135.497 195.496
236.501 34.499
240.500 -29.498
-205.498 -136.507
-77.500 234.502
-229.497 124.505
112.499 -242.500
29.501 267.504
-43.501 -266.502
-276.496 -18.499
216.572 197.101
162.505 -246.495
205.364 215.356
52.499 294.498
-300.497 -6.507
288.498 104.508
187.493 246.495
309.495 -35.506
-282.498 130.492
224.870 217.464
-297.496 -98.499
224.331 221.014
243.497 -202.501
285.496 -141.500
-316.503 -25.505
-136.506 -294.507
317.504 -112.506
95.499 322.502
-277.493 -199.500
-183.501 -301.502
199.503 -298.498
-279.500 -224.504
-355.499 80.501
-327.504 -188.501
348.510 147.495
364.500 127.500
-387.325 -2.643
-398.502 6.491
399.504 -10.498
-392.499 74.505
42.501 -399.496
-261.499 -305.511
-397.666 69.623
-207.499 346.503
76.500 -401.498
407.500 58.496
421.490 27.503
360.496 236.499
76.499 -426.499
-70.501 -430.501
-285.494 331.505
-451.501 -59.500
-454.491 -107.499
-217.503 -414.505
-246.503 -398.497
-195.499 425.492
46.503 471.502
-64.491 -474.501
476.502 118.500
-487.504 58.497
429.501 247.504
403.494 288.496
-335.496 365.500
-462.496 -189.497
-377.503 329.497
-458.498 205.503
-494.496 -90.498
-331.501 -384.503
-265.504 440.505
-203.498 478.498
518.495 -87.506
-339.501 -408.498
531.491 53.446
496.498 222.505
194.500 -509.504
-544.607 -0.758
-546.065 -5.732
-207.503 -509.504
532.502 140.661
532.502 146.502
528.498 173.499
-449.495 -331.494
-482.503 -296.495
-537.497 -182.495
502.498 -270.501
-225.497 524.499
539.499 190.501
537.498 -197.495
414.498 395.505
-233.505 -524.502
-133.499 559.500
-487.506 307.503
474.504 337.489
105.502 572.503
546.501 214.506
-460.500 376.505
341.497 -492.502
-520.503 294.497
253.495 544.494
-598.506 85.498
586.501 161.496
428.498 435.501
138.499 -597.498
23.500 -617.509
274.501 -560.496
554.500 285.499
579.507 236.493
-505.504 368.500
-572.496 254.504
-576.955 -251.954
480.280 410.388
-593.498 -230.503
-107.498 629.496
486.899 416.710
101.505 633.499
-332.497 549.501
537.503 353.496
-104.500 -636.496
-594.577 -252.484
597.492 -248.500
-594.556 -254.034
591.506 275.499
656.495 7.502
-205.492 624.500
635.496 -179.505
-97.504 -656.507
621.496 244.503
-639.498 198.498
245.503 -624.496
-383.502 553.498
588.496 330.502
75.503 671.502
-101.503 -674.499
-648.494 -224.497
299.501 630.496
634.803 295.031
700.498 -12.501
637.901 294.099
681.506 -179.504
-114.501 -696.503
122.509 700.501
-635.503 319.499
-409.496 -583.495
-682.503 -218.498
-489.502 523.490
430.501 575.505
621.496 362.502
692.502 198.493
547.497 -469.496
-522.496 -498.504
-78.501 -721.502
-706.048 197.950
-705.511 204.497
-141.456 723.678
-384.495 631.028
-141.016 725.867
-658.498 -337.494
-617.501 -409.502
529.505 519.502
-346.506 -659.501
500.504 -553.501
-745.498 -34.495
-724.659 190.525
753.501 -25.501
-726.502 199.505
-433.503 -618.499
-146.504 -744.492
-489.498 -581.500
-306.495 697.500
174.500 742.496
-756.507 136.500
-722.501 -276.499
-733.502 -251.496
-623.501 460.500
-531.497 -565.501
692.496 366.507
-684.501 -383.496
-569.500 -542.500
255.499 -745.501
-340.493 714.500
591.502 534.500
-771.496 209.505
-42.505 810.496
802.496 131.505
-810.499 63.499
621.503 526.495
-655.499 -489.495
-411.499 -709.493
601.501 560.494
797.501 221.498
755.504 352.500
724.500 -419.511
-455.501 -703.503
-834.504 -80.502
109.501 -832.502
-610.497 -584.504
-414.497 -741.503
-229.505 -819.503
-845.325 -92.904
-841.504 -154.500
-676.497 -525.497
-435.500 -744.505
282.502 820.499
-869.498 43.503
-648.173 -596.903
875.500 109.497
868.498 181.499
-654.555 -598.751
-691.500 -556.497
-654.389 -600.855
104.501 -883.493
-455.500 -769.497
-764.500 -465.500
-489.500 753.500
-842.493 -314.502
638.497 634.500
-898.506 -57.502
758.764 -489.205
-634.501 -643.505
903.501 50.506
768.241 -481.323
880.501 214.497
-442.498 -792.503
505.500 -754.504
757.781 -500.710
-806.502 -420.508
-902.496 -133.503
84.501 909.497
915.500 -13.496
-497.503 -772.501
537.505 747.506
379.503 839.498
176.491 -905.497
648.502 658.500
-281.500 884.504
837.494 402.500
616.507 -702.500
-700.504 -620.496
512.502 783.501
703.495 618.502
-383.496 -855.511
-900.505 -268.497
-264.497 908.505
934.500 -161.505
941.497 114.498
-712.498 627.500
344.491 887.496
-715.501 -628.492
949.504 84.497
931.500 261.496
913.504 328.504
-187.498 959.499
-898.868 -388.048
949.499 -248.513
949.499 -248.589
-909.497 -371.495
99.493 -978.496
524.499 -835.502
598.497 783.501
585.516 -802.500
-296.498 -948.504
-168.505 983.497
-661.498 751.501
292.503 959.499
963.498 283.498
-313.499 -956.499
-921.504 -408.501
959.752 322.667
613.496 809.500
93.502 1013.640
-577.496 -841.496
-910.496 -466.502
972.557 330.308
-982.497 -308.494
-72.493 1027.500
-821.498 -623.502
-936.501 -436.499
653.796 800.504
-52.492 1032.510
-1010.500 -222.493
-779.498 681.496
877.498 -557.499
-1044.500 24.497
-1013.500 -273.503
-723.501 -765.500
997.501 -342.509
310.499 -1008.500
-597.496 -871.495
882.505 581.497
-834.497 -650.507
1019.500 289.498
1053.500 146.495
-1063.500 -76.501
-929.500 -524.497
-779.501 -732.504
1066.500 -149.500
870.495 633.507
307.499 1035.500
821.496 704.501
-702.494 822.495
780.495 -754.500
-186.498 1072.490
935.499 -566.499
-455.493 -997.499
868.500 670.502
1.497 1098.500
-1099.500 -47.494
1082.500 209.502
-1050.500 -343.497
-742.495 823.501
-1059.500 334.500
-346.508 1061.500
201.502 -1101.500
1101.500 201.505
1111.500 -197.499
-1079.500 334.504
890.502 -699.500
759.505 839.507
-1008.500 -526.504
-477.500 -1040.500
-710.499 -898.497
1145.510 111.502
-1039.500 504.499
599.500 988.505
-143.499 -1148.500
1089.500 394.502
981.749 617.355
-1136.500 234.499
-904.505 -742.498
-1010.490 -592.499
-1118.510 -372.503
-1077.500 -480.510
-1175.500 -103.499
-1117.940 -380.853
445.490 1094.500
-1183.500 -31.502
-1157.660 -261.050
-1076.500 -501.498
-1162.500 -244.503
1129.500 372.494
-802.497 -879.499
-389.498 1126.500
806.502 878.501
1144.500 355.508
-493.500 -1092.510
1201.500 11.495
-1130.640 -409.240
-832.495 867.498
-490.140 -1099.270
1104.500 480.497
-1138.500 -391.504
-1207.500 9.497
1121.500 -461.498
-1019.500 -655.498
866.306 -850.724
863.456 -855.483
-703.496 -991.507
-830.499 887.504
1112.500 -548.504
547.497 -1114.500
-1120.500 -549.499
1045.500 687.495
-360.501 -1203.500
1237.500 -232.501
889.511 893.494
-363.494 1208.500
-664.498 1079.500
1254.600 -197.510
-1141.490 -556.498
1262.110 -197.958
-1139.500 -577.506
1148.500 574.501
-1283.510 26.496
994.499 -817.499
973.501 851.494
1112.500 -661.502
-921.499 907.505
-894.500 -937.498
-1218.510 -440.506
1298.500 -26.506
1293.500 118.507
-1284.500 269.495
697.494 1116.500
836.496 -1023.500
-1052.500 797.495
-1056.500 -798.505
-1168.490 -631.502
-1245.500 467.504
-810.505 -1059.510
650.495 -1176.500
-1052.500 834.505
-1142.500 -709.499
-1222.500 560.496
905.501 996.501
-1349.500 34.496
1346.500 -143.501
-1341.500 181.499
-1356.500 -168.505
-1363.500 -120.502
1155.500 741.502
-1100.500 -827.494
1344.500 -325.500
1193.500 -703.496
1292.500 498.501
-1303.500 467.499
1323.500 440.503
-1393.490 -56.503
840.500 -1117.500
1333.490 -425.500
-1338.500 413.501
-1168.500 -779.502
1407.500 -65.496
-782.498 1174.500
866.504 -1117.500
-1221.500 712.502
1408.500 158.496
1418.500 -31.496
-1400.380 -237.626
-1068.500 937.493
-1405.160 -232.741
-1416.500 155.505
1095.500 921.502
1437.500 36.499
-1426.500 -224.495
-1265.500 -705.503
1045.500 1004.500
-894.498 -1150.500
-1454.500 104.502
-1458.500 61.493
-1396.500 433.499
-1228.500 -800.503
1468.500 -96.505
-1303.500 -684.498
-1141.500 932.504
-1232.500 810.508
-1399.500 -467.501
-1485.500 -52.495
-1072.500 -1030.500
-1467.500 240.501
-1338.500 -651.496
1332.500 672.503
-1097.500 -1011.510
1087.500 1022.500
1382.500 -589.487
1167.510 954.502
-1478.500 -299.503
1472.500 347.506
1515.500 -28.504
-1478.500 -379.497
-1031.500 -1127.490
1302.500 -804.506
-1495.500 -325.500
-1310.500 -795.503
1508.500 296.502
-1155.050 -1014.060
1535.500 146.497
-1541.500 218.500
-1262.500 -916.502
1053.500 -1152.500
-1130.510 -1078.510
-1171.500 -1036.500
1533.500 -349.501
1362.500 792.500
1462.500 -598.494
-1256.500 958.502
-1553.500 296.498
-1553.500 296.890
-1173.500 -1061.500
-1375.500 -792.496
1414.500 734.491
1410.500 -761.496
-1534.500 462.496
-1578.500 279.491
1195.500 1089.500
1526.500 538.503
1261.500 1019.490
-1162.490 1131.500
-1343.500 912.497
1453.500 -733.499
-1438.500 -763.495
-1411.880 -814.016
-1414.390 -812.641
1583.500 -405.496
-1418.440 -810.839
1504.490 -654.499
-1464.620 -768.444
1618.500 349.500
-1465.570 -771.140
1539.490 -629.495
-1530.510 648.496
-1381.500 -931.502
1547.500 640.503
1217.500 -1160.500
1517.500 731.502
-1384.500 -963.501
-1484.500 -807.508
1382.500 988.506
-1556.500 -690.500
-1594.500 636.503
1357.500 1054.500
1470.500 908.501
1470.500 908.893
1612.500 656.504
-1321.500 -1141.500
-1493.380 -907.950
-1497.990 -906.580
-1534.500 -859.501
-1441.500 -1020.490
-1388.500 1097.490
1322.490 1177.500
1428.500 1060.500
1384.500 1136.500
-1565.500 874.494
1522.500 -951.502
-1594.500 -844.501
-1364.500 -1187.490
1550.500 -955.496
-1385.500 -1195.510
-1535.510 -1020.500
-1603.500 -937.506
1576.500 999.505
-1519.500 -1090.500
1607.430 1170.110
