0.509 -0.492
37.505 31.502
-108.496 60.493
-28.508 133.497
121.501 -87.500
-105.501 117.503
112.499 149.505
-74.503 175.498
-16.499 -242.503
222.500 -122.507
58.496 251.504
-118.497 233.497
190.500 184.500
-89.499 -254.500
-58.500 263.501
-7.500 277.496
-169.501 227.501
68.501 -281.487
272.495 98.503
230.491 202.499
68.499 311.505
-174.500 -276.501
-46.504 325.497
-26.498 -342.500
344.509 79.493
-365.503 7.498
-293.497 257.490
-111.502 386.501
433.497 -36.502
108.498 -424.497
439.499 11.500
442.499 -70.493
-442.498 80.504
-243.501 -395.506
269.500 -396.497
-461.497 -216.497
-499.497 102.497
396.504 324.499
-476.500 -206.501
-323.501 -425.497
-459.505 -274.500
-196.496 497.504
-186.509 -502.495
-289.503 -456.501
-177.502 523.497
-71.503 -555.505
-384.507 -407.503
192.499 530.492
-533.506 -218.496
322.497 -484.500
-500.503 -309.493
-305.499 -510.507
102.502 -594.504
542.500 -307.499
204.499 598.499
-626.502 193.506
-297.499 -587.501
-60.501 656.495
-658.498 55.493
489.501 446.500
628.503 230.493
240.498 -627.499
-683.499 55.496
-672.500 -179.499
665.500 -208.508
-248.503 -654.496
319.012 -626.892
319.003 -626.991
586.499 397.504
-647.497 287.505
-87.499 703.498
-361.499 -611.500
3.502 -711.500
719.488 -32.495
215.500 705.511
737.500 90.498
522.500 -537.499
-74.499 753.499
711.496 265.505
79.495 -762.499
-652.497 -409.495
-113.505 -763.493
122.492 -762.493
690.503 349.502
179.497 -757.498
630.493 -460.496
207.497 -755.503
-767.496 153.500
398.497 675.497
782.497 -121.501
-716.499 -341.502
-736.498 -316.500
-8.501 803.502
115.499 806.496
267.501 775.498
782.511 -264.499
48.496 -828.504
-826.501 175.947
-845.496 80.505
-259.505 -810.498
646.495 -558.501
848.503 -101.502
539.508 -663.504
-482.495 -721.499
-806.499 -337.504
340.499 -814.502
663.498 586.502
-449.504 774.501
-839.328 313.242
-890.498 -123.506
-841.242 317.073
-150.498 -888.503
730.501 -530.495
507.500 747.497
855.500 297.499
-93.496 905.489
760.502 502.498
864.505 321.507
-15.498 922.507
-863.498 -343.497
-841.509 414.501
-816.499 -491.504
891.500 363.497
-124.500 -958.498
-272.501 -927.492
936.498 -252.498
281.505 -931.501
811.503 540.501
726.491 653.501
-288.503 939.503
-985.499 17.504
730.510 -667.499
-844.505 -529.500
-185.755 -988.829
-183.548 -989.353
615.500 814.500
-407.496 942.506
1025.510 118.504
703.503 758.495
993.498 -296.503
1000.500 271.503
1009.500 -246.503
-601.503 -847.502
510.507 -915.499
748.504 -734.499
-863.506 593.499
-857.500 -605.506
1048.500 78.497
953.506 -459.501
386.495 985.500
497.496 934.501
-499.499 -937.502
18.498 -1067.500
-613.511 -878.496
-387.497 999.506
1060.500 -174.497
45.492 -1074.500
198.502 -1069.490
-471.503 -994.497
997.499 468.509
-1093.490 154.496
36.497 -1105.500
471.496 1005.500
-617.500 922.502
359.501 -1056.490
-456.499 1017.500
1116.500 -34.501
-1120.490 15.501
785.504 -802.502
-1122.250 2.677
-1122.490 0.499
1116.500 161.491
906.493 -675.500
-238.508 1104.500
-70.507 1139.500
-424.502 1063.500
948.492 -651.509
-1132.510 204.491
1077.500 448.500
410.505 -1093.490
641.494 977.502
709.499 929.501
1118.500 -348.499
-1126.500 322.507
-1140.500 -309.498
692.502 986.499
1112.500 -468.500
1209.500 -4.498
-4.499 1211.500
855.499 -864.500
-652.497 -1030.500
166.505 -1210.500
-277.497 -1193.500
-786.499 -940.498
-641.496 1045.500
1228.500 -98.492
1078.500 -608.496
-1197.490 318.498
-1099.500 576.495
-1103.170 570.738
770.499 975.505
1238.500 146.502
1219.500 -271.498
-840.498 930.496
880.496 -896.500
-699.500 1046.490
-961.501 -827.505
1001.490 -782.500
1166.490 550.503
1149.500 -603.510
-1211.500 469.502
947.054 -904.500
583.500 1173.500
770.497 -1065.500
876.496 -980.498
1281.500 -296.501
-857.504 996.489
-1116.500 707.502
1295.500 -286.499
1288.500 341.501
-1325.500 -163.500
-913.506 -999.501
1209.500 615.496
1356.500 152.499
-660.503 1193.500
-1292.500 -469.512
1301.490 -472.498
903.494 -1053.500
964.493 1004.500
1353.500 -368.503
1311.490 500.497
1400.490 -103.497
1411.490 50.499
-1397.500 205.500
-1413.500 -0.496
-799.502 1168.500
1419.490 -35.500
1415.500 -201.494
-1323.500 -540.495
1108.500 919.498
-1439.510 20.502
1335.500 -568.493
-1076.500 987.494
-1452.500 -163.495
978.497 1095.500
1242.500 806.501
1120.510 975.500
1437.490 -410.494
-1442.500 -406.491
1483.500 -222.497
1018.500 1107.490
-1418.500 519.508
-1353.500 -691.500
-1517.500 126.499
-1530.500 32.507
-1276.490 -854.499
1014.500 -1158.500
-1280.660 -865.413
1432.490 -588.497
-1517.500 327.502
1134.500 1071.490
1431.500 -641.498
-1560.490 -253.505
1574.500 -191.499
-1320.500 892.496
1326.500 885.501
1445.500 675.502
-1597.500 -118.501
1596.500 -153.499
1610.500 72.495
-1124.510 1166.500
-1591.500 -380.497
-1382.500 -919.500
1310.500 1026.500
1320.500 -1018.500
1608.990 -454.503
1361.500 -975.502
1570.500 -597.502
1494.500 774.501
1540.500 -693.490
1502.500 -780.500
-1289.730 -1099.980
-1293.280 -1100.320
1252.500 -1162.500
-1254.500 1170.500
-1331.500 1085.500
1348.500 1110.500
-1430.500 -1014.500
-1493.510 940.500
1595.500 -760.503
1565.510 -872.496
1476.490 -1021.500
-1452.500 -1077.500
1585.500 881.499
1500.510 -1034.490
-1582.500 968.497
1507.500 -1180.500
