0.510 -0.503
-47.501 -39.496
-28.502 -76.501
29.499 77.499
87.503 -55.498
103.040 -11.947
107.235 -5.737
-40.506 141.499
91.501 124.503
-41.502 167.495
160.500 -70.506
120.504 129.509
9.496 182.509
-174.491 -61.506
-35.743 202.747
-42.501 -202.501
-43.045 204.906
32.492 -211.497
-214.497 3.507
-209.499 -78.498
-189.510 135.503
-72.498 226.506
60.502 231.497
-216.501 104.493
11.500 243.500
-23.498 250.499
110.498 255.500
-279.500 -58.501
248.501 156.498
-154.505 -252.498
295.505 -38.505
-34.508 301.505
7.503 -319.496
304.504 125.502
-216.502 254.509
252.503 225.496
-280.504 -193.501
332.500 -112.504
153.497 333.502
-307.504 -204.504
382.502 34.496
-254.497 -292.497
152.499 356.501
-334.490 -198.499
-9.500 392.499
-218.495 343.501
351.491 207.505
118.498 -392.496
-244.505 340.493
215.500 368.497
138.501 404.495
384.501 -198.497
339.500 270.500
-456.503 80.502
81.500 -459.503
-199.499 422.501
192.500 -435.497
374.502 -298.499
498.501 -31.493
-502.787 -46.968
280.504 425.501
-510.962 -41.849
502.506 -137.503
224.493 481.507
403.498 361.500
-472.507 264.500
173.503 -522.499
-395.501 -407.502
-511.497 274.499
-277.506 -522.502
40.504 -605.498
-70.494 608.504
-417.496 454.492
121.502 606.499
176.507 -597.506
-589.498 -208.502
-10.506 625.504
-584.502 230.503
629.500 2.498
-275.508 -566.504
500.500 385.497
218.493 -605.498
-396.499 -507.493
655.502 138.500
-112.503 662.495
-182.495 650.499
-676.495 48.492
474.496 -489.495
-152.505 664.499
-447.498 524.498
-595.501 368.495
366.501 -602.504
683.512 234.989
683.494 235.089
-634.495 352.498
-697.499 210.507
-535.505 503.504
-486.498 -552.502
-5.507 737.488
367.499 -641.509
336.495 678.502
448.499 610.501
87.452 769.520
-757.494 197.500
628.499 -472.504
617.496 502.499
-781.223 -207.017
386.501 711.500
-800.496 148.494
-150.492 802.501
-772.497 268.496
-765.498 290.502
-726.505 379.505
-566.505 594.490
-760.502 317.492
64.502 824.501
258.502 -791.501
-789.499 261.502
-303.504 777.507
-359.495 756.503
-704.503 -456.507
823.493 -193.504
-103.504 -839.503
20.498 851.500
498.499 -692.500
-730.507 -441.493
298.498 801.501
-344.501 785.498
-445.507 -734.501
260.498 818.505
-824.496 243.504
532.504 679.497
-809.503 -299.498
-757.499 -415.501
-95.496 -859.509
52.500 862.499
211.506 -843.497
155.501 -856.503
-75.498 -877.497
610.502 637.496
858.499 -209.504
666.493 589.493
-690.499 -590.507
752.501 513.501
-187.492 893.503
850.500 335.498
-652.499 639.505
-638.497 666.495
897.497 225.498
-318.495 881.499
251.492 903.508
-140.501 -945.495
954.502 72.497
964.503 -95.499
-231.500 945.506
939.498 268.501
687.500 694.501
-321.497 933.494
882.499 -471.501
710.501 -706.506
998.504 95.499
785.496 624.499
632.491 780.504
-468.505 901.497
-307.509 -978.498
998.499 235.501
533.923 876.013
933.505 428.502
-218.502 1003.500
13.503 1028.500
491.492 -913.493
-561.503 875.503
-352.501 987.501
829.504 644.494
474.498 938.500
804.500 686.504
-747.561 754.691
-732.504 -773.505
-375.500 997.503
1011.500 -342.502
-759.503 755.502
-1045.500 266.503
1062.500 235.498
-648.501 875.496
-971.496 496.498
-188.505 1078.500
318.499 1050.490
968.728 521.827
968.444 522.388
1047.500 352.497
198.507 1087.500
-758.503 -807.502
448.497 1014.490
-480.506 999.502
-400.496 1038.500
653.496 902.502
-1044.500 419.500
-782.496 811.510
-496.507 -1018.500
833.506 768.503
805.496 -805.503
318.502 -1096.510
-711.501 -893.494
401.506 -1076.500
-507.504 1030.500
-705.504 912.493
-1109.500 330.499
513.502 1045.500
-89.504 -1163.510
359.498 1113.500
-1172.510 -30.504
-761.500 897.500
-465.500 -1083.500
225.500 1158.490
547.501 1047.510
-532.499 -1064.500
-939.500 -732.503
-170.500 -1181.490
-203.502 1181.510
-369.496 -1145.500
-156.498 1193.500
535.434 1082.900
-467.505 1124.490
-1219.490 -51.498
333.501 1177.500
1213.270 -181.970
1213.900 -185.800
436.502 -1150.500
731.500 993.500
-563.498 1097.500
1029.500 683.503
535.130 1114.670
535.553 1114.620
535.655 1115.780
860.506 896.497
-1129.500 517.497
-491.505 -1142.500
1235.500 145.506
575.497 -1104.500
-1174.500 418.500
-1210.510 -306.501
-851.505 -916.510
-328.503 1208.500
-717.502 -1036.500
625.504 -1095.510
525.502 1150.500
-997.501 785.495
1212.500 -409.495
-421.499 1210.500
929.491 888.503
-564.503 1155.500
-774.504 -1035.510
-1298.500 -141.501
-1128.500 -658.497
-868.497 980.497
705.500 -1106.510
-800.503 1039.500
1229.500 472.500
945.503 921.502
-1261.500 405.505
652.503 -1155.510
886.505 -987.498
1290.500 -314.499
1262.510 -422.496
922.509 -976.501
978.497 919.496
-628.501 1193.500
-1012.500 911.501
-712.506 -1163.500
1150.510 -747.495
-803.492 1115.500
-991.500 956.501
-1305.490 455.494
1210.500 679.495
704.497 1199.500
893.497 -1077.510
-1360.500 335.492
-799.502 1151.500
-1324.500 -463.502
1283.500 -573.501
-950.502 1038.500
996.494 1011.510
-1381.500 337.503
1242.500 -707.503
1083.500 939.494
1343.500 512.502
-946.495 -1086.500
1044.510 -1011.500
1432.500 298.501
1360.500 555.500
1219.500 834.505
1472.500 -132.497
-1162.500 916.498
1214.830 855.812
-1172.500 -917.509
-943.501 -1155.500
1058.490 1052.500
-1318.500 -700.501
1473.500 249.493
1227.150 864.278
1244.500 845.498
1468.810 332.711
1214.500 902.493
1162.500 968.501
-1424.490 -509.506
1480.140 338.703
1056.500 -1107.500
-1374.500 723.497
1434.500 620.506
-1019.500 1194.500
1059.500 -1164.500
1240.510 -973.504
-1578.500 -1.504
1103.500 1131.500
1434.500 668.497
-1379.500 786.501
-1300.500 -914.498
-1337.510 -859.501
1489.500 571.506
-1173.500 -1095.500
-1544.500 438.504
1133.500 1139.500
1271.500 992.506
-1618.500 -10.499
-1327.490 926.503
1229.500 -1055.500
-1120.500 1187.500
1600.510 329.509
1140.500 1182.490
1487.500 701.495
-1392.500 875.501
1582.500 -457.502
1354.500 963.498
-1457.510 812.504
1372.500 976.498
-1401.490 985.494
-1404.500 -997.503
-1596.500 650.499
1614.500 618.492
-1502.500 859.498
1290.500 -1200.500
1616.500 -786.496
1503.500 1068.500
-1460.500 -1196.500
1586.500 1067.510
1572.490 1089.500
1534.500 1200.500
1554.500 -1204.490
