0.495 -0.500
-25.498 -66.497
-15.493 86.503
26.498 98.506
-18.506 112.496
-35.513 -119.499
7.493 -163.499
-129.496 102.498
-149.496 -88.497
-120.501 -134.492
-170.508 -81.507
190.497 -32.497
-194.499 -46.501
-71.505 197.498
-116.505 -181.494
-213.496 98.503
45.505 -244.505
-255.496 23.499
237.495 134.504
-244.500 137.496
207.501 -191.497
-268.504 -84.498
-127.501 256.501
-100.493 -275.498
236.499 -179.503
-292.503 -59.503
-156.500 255.505
-140.499 -269.502
-128.500 275.505
-257.500 -171.499
92.508 303.495
251.503 -213.502
-154.504 -298.503
-342.498 -4.498
-342.501 44.502
-267.498 224.501
187.497 -298.501
360.496 28.503
-206.498 300.499
47.500 -374.501
194.506 325.492
276.763 -263.147
87.499 -375.501
299.500 247.500
19.499 -389.499
380.495 90.495
-344.505 -199.500
-240.490 320.504
-399.499 73.494
-333.495 272.498
131.501 -424.503
425.493 -131.502
189.504 -405.500
3.502 468.503
-425.501 -203.501
425.493 210.496
476.498 3.502
394.500 269.504
76.507 473.499
297.496 378.495
441.501 -208.499
479.495 113.510
-417.494 263.496
343.501 360.498
319.500 385.502
-192.502 462.500
-476.496 -172.496
509.496 60.504
84.504 511.506
321.503 -417.501
-454.499 267.500
480.500 -222.510
-507.011 218.005
-507.830 219.205
-553.501 28.499
-558.492 -2.496
-529.500 -189.500
-558.504 -66.498
-238.502 -525.497
-420.491 -396.493
-353.499 -462.499
-306.492 510.502
-470.502 370.498
-571.508 187.499
603.503 -21.497
249.505 549.495
-435.504 -422.494
498.508 349.499
87.502 603.503
-521.565 -319.313
-551.502 -268.500
10.500 -616.503
-533.500 -318.507
273.505 559.500
-377.500 500.500
530.500 -337.497
-208.505 -594.497
492.496 392.504
-588.501 231.502
-623.501 -121.500
-605.493 194.025
-605.260 195.216
-324.501 -550.497
638.499 -87.495
245.501 596.500
575.505 -303.504
-188.497 623.497
-529.501 387.496
-502.497 428.496
662.507 10.506
662.501 101.496
204.499 -639.497
675.708 71.380
675.863 71.968
679.957 43.899
-653.501 199.503
240.509 641.501
-682.501 99.504
435.504 -537.498
291.499 629.490
695.501 13.495
-694.497 -75.495
-6.499 -699.498
-655.503 243.497
-32.493 -703.502
354.495 -620.503
702.930 -141.501
-475.498 535.506
-571.498 461.499
481.505 566.504
-745.494 52.501
-736.500 -149.500
183.493 -735.499
650.502 -397.495
163.499 746.503
372.501 -669.499
611.504 472.505
498.505 -592.498
-757.500 -189.509
200.503 758.499
437.497 -653.505
375.498 -694.501
-385.507 -690.503
-453.498 648.501
-542.495 576.506
-1.498 -793.493
725.496 -326.497
243.495 763.495
-135.497 794.494
-752.493 -302.499
197.496 -789.505
794.504 212.505
816.496 -110.492
-96.502 818.505
-425.496 -707.504
235.500 -796.501
148.506 -818.499
-263.498 -792.510
-835.501 41.495
825.499 153.503
-302.504 -783.504
590.498 597.502
335.500 771.498
812.508 -224.507
337.503 -779.505
741.500 419.498
286.500 -806.501
-813.502 263.503
-516.492 -684.497
180.941 -840.079
188.257 -842.246
615.494 608.501
318.504 812.497
104.017 867.867
-613.500 622.505
880.502 -24.502
576.495 668.502
-851.502 233.503
810.506 -362.505
106.498 881.510
-122.506 881.498
-641.502 618.501
236.500 -862.500
-95.494 888.501
184.507 -880.510
835.497 333.506
-895.498 105.495
-845.493 324.501
633.498 -652.500
-530.501 741.503
-893.502 -192.497
-133.427 905.108
-377.500 -834.505
548.504 733.499
-842.495 360.496
-267.495 878.498
30.493 -921.500
186.503 -909.500
879.500 -303.503
-858.506 356.495
-551.497 -749.496
858.504 385.501
489.494 -805.495
441.867 831.762
439.932 833.139
-747.502 -576.503
576.500 -752.504
920.499 231.504
-880.501 352.493
493.499 819.504
2.505 -957.510
-558.491 -778.497
732.502 -623.500
874.501 -407.506
-559.494 787.501
916.506 319.496
837.496 -497.493
-770.493 594.507
-491.500 841.501
328.503 -922.497
452.499 869.501
-566.501 -801.501
-970.499 147.495
358.503 -916.500
-984.497 110.499
-493.503 -860.502
829.497 544.497
-583.504 -809.492
-357.498 935.502
-357.499 935.891
564.498 832.492
-649.492 770.496
-783.502 634.500
-859.502 527.500
493.505 -881.496
596.498 -820.501
265.498 -979.504
309.495 973.500
-247.502 -993.501
1021.500 -104.495
816.499 629.501
-848.500 584.509
889.500 526.500
-619.497 -830.506
-554.498 -876.499
642.503 814.507
1015.500 -225.491
91.504 1037.500
1000.500 -305.501
-243.499 1018.500
982.496 379.498
-823.500 -657.498
-120.504 1048.500
991.496 -366.495
-1040.500 -192.496
-1052.500 117.501
-897.503 -563.490
-513.505 927.503
556.502 -914.506
-927.511 534.501
8.497 -1072.500
741.496 778.501
-309.501 1035.500
-1013.500 375.496
931.497 553.504
709.502 820.496
1063.490 218.193
205.502 1065.490
975.506 -479.499
1066.610 217.686
1033.500 -345.499
771.507 770.500
-1058.500 267.507
239.500 -1069.500
-190.492 1078.500
1091.500 -107.495
727.500 820.500
-63.507 1095.510
-475.497 991.488
1101.500 -77.499
967.500 533.493
-600.505 -931.494
-260.502 1077.500
-1107.490 62.493
-1101.500 -144.501
-864.502 703.499
-831.499 750.504
683.496 893.497
356.286 -1070.750
-1104.500 -240.501
190.500 -1116.500
272.502 1098.500
107.502 1127.510
352.550 -1077.670
1136.500 6.500
1134.500 -77.503
-586.500 978.497
-477.501 -1037.500
46.502 1145.500
53.501 -1146.500
852.501 768.501
-59.499 -1147.490
-1103.500 -320.495
631.503 968.498
-167.503 1144.500
950.499 661.502
-949.498 -663.502
16.494 -1167.500
-894.507 -750.502
-1105.510 -377.503
-838.498 -814.498
-989.502 628.506
-306.505 -1135.490
212.495 -1159.510
-295.688 -1141.890
338.503 -1130.500
1189.500 46.499
-306.495 1152.500
-12.505 1193.500
651.505 -1014.500
-1170.500 -300.503
-795.498 909.501
-1208.490 61.507
646.504 1031.510
-752.500 957.503
420.503 -1145.500
-1207.500 177.497
1219.500 118.504
301.490 1187.500
949.476 -776.921
949.511 -777.019
962.504 769.498
-1204.500 -260.496
1235.500 -52.495
-1034.500 -680.503
565.500 -1102.510
-1150.490 457.506
-1070.490 -631.497
1246.510 126.490
-1251.500 96.504
1245.510 165.493
688.499 1051.500
-1026.500 737.502
1231.500 -296.497
1217.500 356.500
1199.490 -459.490
1200.170 -460.616
935.493 -885.502
1111.500 -660.503
-1248.500 334.510
606.505 1143.510
-1159.490 580.507
-571.500 1165.500
1181.500 -558.500
1308.490 -21.494
1287.510 235.502
-1130.500 669.492
-727.499 1118.500
615.505 -1189.500
789.504 -1088.500
1171.490 669.499
-1319.500 330.496
-1138.500 -755.504
826.500 1091.500
-1203.500 659.504
1374.510 -79.498
-1376.500 -30.495
-1348.500 277.496
-1244.500 594.509
-1157.490 -753.496
1335.500 356.494
-1110.500 824.504
1384.780 -123.154
-1317.500 -456.500
929.492 -1042.500
1395.160 -113.717
1394.500 -141.506
-831.506 1130.500
1314.490 496.505
-1241.500 656.499
-938.501 1048.500
1412.500 5.505
1183.500 -777.504
-928.501 1068.500
1221.500 -728.502
1417.510 -131.499
-1410.500 266.503
-1445.510 58.495
1419.500 -290.495
-921.504 1116.500
1430.500 278.503
-1299.500 -659.500
1319.500 -633.505
-1253.500 765.500
1404.500 436.499
1453.500 287.507
1101.500 995.499
-1411.500 -482.508
1292.500 -762.498
1502.500 -15.504
-1347.500 679.502
-993.497 -1144.500
1516.490 -2.502
-1110.500 1036.500
-1183.500 961.503
-1461.500 444.505
-1259.500 869.501
-1404.500 -612.502
-1111.500 1058.500
-1491.500 384.499
-1552.500 -14.506
1399.500 675.492
1362.500 -760.500
1490.500 474.507
-1056.500 1152.500
-1542.490 -277.503
-1044.500 -1169.500
1487.500 -498.503
1389.500 729.502
1462.490 576.501
1453.500 650.497
1280.500 -947.498
-1189.510 1065.500
-1587.500 262.503
1149.500 1127.500
1323.500 -919.490
1513.530 597.155
-1449.770 736.740
1513.930 596.569
-1086.500 1210.500
-1451.500 741.501
-1537.500 610.503
1607.500 -407.494
1584.510 488.497
1600.490 -451.495
-1498.500 743.498
1519.490 734.496
-1280.500 1174.490
-1308.510 1154.500
-1571.500 -768.499
1329.500 -1147.500
-1531.500 877.507
-1503.500 942.502
1577.500 -853.501
-1400.500 -1125.500
1498.500 1007.490
-1372.500 1193.500
-1441.510 -1136.490
-1437.490 1155.500
1516.500 1081.490
-1598.500 1079.500
1605.500 1107.490
