59.902 -12.864
61.817 -12.775
61.755 -14.286
61.908 -10.859
63.332 -12.714
60.900 -60.857
60.338 -61.862
62.011 -62.631
65.272 -64.536
64.505 -65.609
66.008 -65.968
37.878 -62.861
37.995 -63.864
37.325 -63.861
166.885 -89.870
166.328 -90.875
166.996 -90.874
0.905 -147.856
1.003 -148.861
0.329 -148.866
-81.993 58.135
-82.092 59.147
-82.664 58.135
-78.669 88.287
-80.237 86.713
-80.178 88.227
-80.092 90.143
-82.101 88.138
108.902 -208.850
108.336 -209.848
109.012 -209.852
-159.990 -5.862
-160.101 -4.868
-160.666 -5.866
213.900 -203.859
213.337 -204.860
214.005 -204.858
72.337 254.138
73.010 254.143
72.912 255.136
166.890 -281.860
166.333 -282.857
167.005 -282.860
106.328 285.142
106.999 285.143
106.887 286.138
-82.097 -287.850
-81.995 -288.854
-82.667 -288.857
86.337 301.144
87.013 301.147
86.911 302.141
-130.985 240.137
-131.662 240.143
-131.097 241.138
-124.107 -273.858
-122.673 -275.723
170.894 -313.864
-124.191 -275.774
170.340 -314.873
171.007 -314.870
-126.104 -275.849
-124.247 -277.288
301.326 207.141
302.003 207.144
301.896 208.135
-278.989 -15.861
-279.097 -14.865
-279.664 -15.862
247.902 -295.865
245.900 -297.847
247.823 -297.776
249.333 -297.729
247.768 -299.282
357.336 168.140
358.018 168.140
357.905 169.140
338.330 205.150
339.009 205.147
338.890 206.137
-240.669 215.279
-242.237 213.712
-242.179 215.221
-242.094 217.137
-244.100 215.137
-325.999 37.144
-326.121 38.144
-326.672 37.150
356.899 -276.854
356.340 -277.858
357.007 -277.859
-329.104 -151.858
-328.999 -152.848
-329.672 -152.841
373.897 -285.863
373.331 -286.863
374.010 -286.865
391.891 -285.858
391.333 -286.865
392.001 -286.862
464.330 -187.865
464.890 -186.863
465.000 -187.862
106.892 -451.858
104.898 -453.865
106.809 -453.780
108.323 -453.722
106.753 -455.289
61.752 433.716
59.898 435.142
61.811 435.232
63.324 435.294
61.898 437.144
264.523 399.614
264.454 401.695
262.362 402.992
266.925 401.740
264.572 405.188
266.859 404.104
525.332 -103.867
525.901 -102.860
526.006 -103.865
-415.986 61.139
-416.096 62.141
-416.670 61.137
466.334 254.149
467.011 254.148
466.900 255.149
-344.987 286.149
-345.668 286.151
-345.090 287.137
16.907 -544.861
17.011 -545.861
16.335 -545.858
521.904 -291.852
521.337 -292.858
522.008 -292.858
-400.100 -324.859
-399.994 -325.858
-400.668 -325.863
-17.101 -595.854
58.897 -601.865
-16.994 -596.852
-17.662 -596.852
-333.997 426.131
59.010 -602.866
58.338 -602.867
-334.675 426.131
-334.105 427.129
527.906 -387.854
527.334 -388.846
576.903 -317.861
528.005 -388.849
578.905 -315.860
578.819 -317.777
578.762 -319.287
580.327 -317.720
515.909 -434.868
515.341 -435.867
516.012 -435.867
637.332 221.143
638.006 221.140
637.896 222.145
-563.986 54.132
-564.090 55.138
-564.662 54.130
-497.669 -305.720
-499.109 -303.860
656.339 191.144
657.011 191.143
-499.188 -305.775
656.904 192.147
-499.242 -307.287
-501.100 -305.857
-573.997 -32.848
-574.103 -31.852
-574.671 -32.853
-540.102 -228.854
-539.995 -229.855
-540.669 -229.850
-39.103 -647.865
88.333 630.140
-38.996 -648.860
89.018 630.141
-39.671 -648.862
483.339 472.149
484.001 472.149
88.913 631.134
483.897 473.150
587.900 -394.856
587.335 -395.860
588.007 -395.863
-559.993 197.137
-560.098 198.141
-560.665 197.134
655.335 286.139
457.327 522.140
457.999 522.138
656.005 286.134
655.892 287.143
457.884 523.139
-536.994 318.129
-537.101 319.140
-537.667 318.133
735.337 -193.849
735.902 -192.855
736.008 -193.851
-367.993 550.143
-368.664 550.148
-368.097 551.144
-595.087 -288.859
-594.990 -289.860
-595.658 -289.864
510.904 -568.859
508.897 -570.862
-438.109 -528.868
510.815 -570.779
-437.996 -529.862
-438.671 -529.856
512.325 -570.723
510.754 -572.288
291.332 674.143
292.007 674.142
291.897 675.140
-455.103 -537.857
-454.991 -538.863
-455.664 -538.857
53.012 730.137
52.337 730.138
52.897 731.131
22.002 735.140
21.333 735.143
-253.096 -693.860
-451.243 535.714
-449.670 537.280
21.892 736.147
-252.987 -694.871
-253.667 -694.873
-451.183 537.221
-453.101 537.134
-451.094 539.139
251.340 717.141
252.004 717.141
251.900 718.143
279.900 -742.866
279.328 -743.866
280.004 -743.866
827.335 95.147
828.007 95.139
827.892 96.142
-549.992 468.139
817.330 161.140
-550.663 468.139
-550.096 469.139
818.007 161.140
817.895 162.145
394.897 -721.858
394.339 -722.861
395.012 -722.860
201.329 767.128
201.993 767.134
-316.996 685.144
-317.666 685.141
201.886 768.134
-317.108 686.145
717.903 -470.859
717.332 -471.868
718.005 -471.868
-625.114 -430.863
-624.995 -431.865
-625.671 -431.862
-731.994 144.135
-732.100 145.142
-732.661 144.136
846.334 -238.864
846.901 -237.861
847.009 -238.867
431.905 -759.856
889.339 82.134
431.337 -760.868
432.008 -760.864
890.006 82.137
889.893 83.141
-260.989 761.140
-261.662 761.136
-261.086 762.140
-688.096 -410.863
-687.992 -411.861
884.340 185.142
-688.664 -411.858
885.010 185.140
884.910 186.135
-599.097 -552.854
-598.993 -553.858
-599.663 -553.855
-246.102 -818.857
-245.994 -819.861
-246.669 -819.859
-471.997 668.142
-472.660 668.142
-472.109 669.137
337.895 -836.858
337.332 -837.862
338.004 -837.864
634.895 -666.865
634.331 -667.859
635.007 -667.857
-680.672 -474.718
-682.097 -472.865
-682.187 -474.777
-682.247 -476.289
-684.101 -474.865
-798.989 209.137
-799.087 210.141
-799.660 209.135
730.906 -602.867
732.905 -600.861
732.817 -602.771
732.756 -604.290
734.327 -602.706
-802.096 -283.855
-801.987 -284.856
-802.668 -284.852
-70.102 -916.865
-820.105 -260.852
-819.998 -261.849
-68.674 -918.723
-820.667 -261.849
-70.190 -918.779
-72.099 -918.861
-70.250 -920.289
839.334 475.132
840.010 475.131
839.905 476.135
354.562 -885.816
352.360 -888.004
356.862 -886.903
354.453 -889.303
356.924 -889.260
354.529 -891.392
770.340 585.141
771.014 585.140
770.899 586.134
744.896 -643.861
744.336 -644.875
745.005 -644.875
-820.102 -358.861
-819.989 -359.860
-820.664 -359.856
465.751 845.711
463.903 847.134
-140.103 -941.862
465.812 847.223
467.329 847.284
-138.673 -943.717
-140.186 -943.778
-142.103 -943.868
465.903 849.142
-140.243 -945.294
-576.993 704.154
-577.661 704.155
-577.102 705.147
257.893 -952.869
-898.995 46.136
-899.106 47.139
-899.658 46.137
257.332 -953.865
258.005 -953.865
452.894 -894.856
452.329 -895.865
453.003 -895.864
393.899 -921.865
393.333 -922.855
394.008 -922.857
-131.800 -976.716
-885.098 -285.864
-130.671 -977.872
-884.992 -286.863
-132.558 -977.868
-885.670 -286.866
802.879 -666.856
802.325 -667.855
802.991 -667.854
-390.988 869.139
-391.663 869.140
-391.094 870.146
302.901 -980.866
302.333 -981.861
303.007 -981.863
-802.099 -520.853
-801.990 -521.859
-802.659 -521.857
-813.000 483.139
-813.670 483.136
-813.107 484.135
-810.091 -530.858
-809.991 -531.859
-810.668 -531.864
-683.096 -708.855
-682.988 -709.856
-683.667 -709.861
409.334 952.131
410.014 952.133
409.911 953.130
883.890 -626.860
883.332 -627.858
884.005 -627.860
-972.990 -18.866
-973.103 -17.869
-973.668 -18.864
-830.103 -540.858
-830.000 -541.863
-830.666 -541.864
-879.988 424.137
-880.088 425.138
-880.661 424.134
-935.103 -321.849
-935.000 -322.849
-935.668 -322.849
1045.340 -376.867
1045.910 -375.862
1046.010 -376.870
-946.674 -318.726
-948.106 -316.864
792.337 744.133
-948.188 -318.778
793.008 744.129
-948.243 -320.289
792.896 745.138
-950.105 -318.854
538.903 -953.855
538.337 -954.860
539.009 -954.858
178.911 -1065.870
178.338 -1066.870
179.018 -1066.870
-598.100 -851.857
-597.995 -852.856
-598.670 -852.855
961.903 -593.859
963.892 -591.860
964.342 566.143
1133.900 -1.855
965.012 566.137
963.808 -593.777
964.906 567.138
963.751 -595.288
965.324 -593.722
1135.760 -3.291
1135.820 -1.771
1135.900 0.140
1137.330 -1.714
-791.101 -676.851
1033.340 -479.855
1033.900 -478.859
-790.998 -677.855
1034.010 -479.855
-957.986 349.137
-791.669 -677.855
-958.093 350.139
-958.662 349.140
960.898 -610.860
960.337 -611.861
961.007 -611.859
1143.330 104.139
1144.010 104.139
1143.910 105.137
576.333 954.145
577.002 954.142
-114.109 -1095.860
576.891 955.137
-113.997 -1096.870
-114.680 -1096.870
1059.330 444.136
1060.010 444.137
1059.900 445.141
-433.101 -997.857
-432.996 -998.861
-433.665 -998.863
-21.095 -1113.860
1020.330 -557.854
1020.910 -556.854
1021.020 -557.855
-20.986 -1114.860
-21.670 -1114.860
-725.093 -790.859
-724.983 -791.867
-725.656 -791.866
1006.900 -585.857
1008.900 -583.860
1008.810 -585.773
1008.760 -587.290
1140.330 238.127
1010.330 -585.715
1141.010 238.129
1140.890 239.135
957.897 -677.858
957.329 -678.861
958.008 -678.867
1081.330 442.129
1082.000 442.130
1081.910 443.138
1047.340 515.145
1048.010 515.143
1047.900 516.141
1171.900 -192.860
-829.674 678.282
-831.242 676.715
-831.188 678.228
1173.900 -190.858
1173.810 -192.773
1173.750 -194.292
-831.109 680.142
-833.107 678.148
-1031.990 275.138
-1032.100 276.135
1175.330 -192.714
-1032.670 275.135
1190.330 6.149
1190.890 7.144
1191.000 6.148
-1071.000 49.142
-1071.100 50.140
-1071.660 49.137
615.889 -1001.860
-683.083 -870.852
615.325 -1002.860
615.997 -1002.860
-682.988 -871.856
-597.996 913.139
-683.666 -871.859
-598.665 913.142
-598.112 914.138
1063.900 523.133
1065.760 521.712
1065.820 523.224
1065.910 525.139
1067.330 523.286
928.914 -753.854
928.341 -754.864
929.014 -754.861
108.919 -1155.860
-463.096 -1030.860
108.341 -1156.860
109.021 -1156.860
-462.988 -1031.870
-463.662 -1031.870
480.342 1053.140
481.011 1053.150
480.908 1054.140
-75.990 1126.130
-76.662 1126.130
-76.088 1127.140
-1068.100 -239.860
-1067.990 -240.860
-1068.670 -240.853
-1035.990 342.148
-1036.090 343.142
-1036.670 342.145
-385.100 -1076.860
-384.994 -1077.860
-385.665 -1077.860
-396.100 -1076.870
-395.983 -1077.870
-396.668 -1077.860
1193.330 239.136
1194.010 239.137
1193.900 240.138
1157.330 -396.847
1157.900 -395.856
1221.330 52.140
1158.010 -396.851
1221.900 53.140
1222.010 52.142
-897.994 664.125
-898.671 664.125
-898.103 665.138
873.902 -861.866
871.901 -863.867
873.817 -863.776
367.892 -1149.860
875.335 -863.714
873.759 -865.293
102.897 -1190.850
367.332 -1150.860
368.001 -1150.870
-884.093 -719.861
102.342 -1191.850
103.000 -1191.850
-883.984 -720.857
-884.659 -720.855
1067.330 607.132
1068.010 607.133
1067.900 608.137
-1052.000 410.132
-945.104 -649.848
-1052.110 411.138
-1052.660 410.128
-944.997 -650.859
-945.664 -650.861
930.899 -828.870
930.337 -829.868
744.900 -990.863
931.005 -829.867
744.334 -991.852
745.012 -991.854
720.328 995.151
721.004 995.148
720.895 996.142
-443.106 -1112.860
-441.672 -1114.720
-443.182 -1114.770
635.896 -1078.860
-445.094 -1114.850
633.901 -1080.850
-443.234 -1116.290
635.816 -1080.770
637.331 -1080.720
635.762 -1082.290
905.905 -885.854
905.342 -886.864
913.898 -878.862
906.008 -886.866
913.329 -879.858
914.010 -879.858
92.331 1204.130
93.007 1204.130
92.903 1205.140
-746.999 903.135
-116.106 -1220.850
-747.670 903.136
-747.099 904.138
-115.997 -1221.850
-116.670 -1221.860
-894.002 751.145
-894.677 751.144
-894.111 752.147
1278.330 100.138
1278.900 101.135
1279.010 100.141
-218.101 -1205.860
744.339 1004.140
745.005 1004.140
-216.674 -1207.720
-218.181 -1207.780
744.911 1005.140
-220.102 -1207.860
-218.235 -1209.290
1176.330 -530.863
1284.920 105.817
1176.890 -529.863
1177.010 -530.860
1285.890 107.145
1286.000 106.146
953.901 844.151
955.763 842.709
1296.900 60.145
955.814 844.229
1298.770 58.706
957.330 844.282
1298.820 60.226
-562.111 -1086.850
955.890 846.139
1298.900 62.138
1028.900 -788.865
1030.900 -786.859
-561.995 -1087.860
-562.667 -1087.850
1300.330 60.280
1030.820 -788.776
1030.760 -790.291
1032.320 -788.715
-615.240 1033.720
-613.674 1035.280
-615.192 1035.230
-1151.670 282.284
-240.478 1197.610
-617.105 1035.150
-1153.240 280.713
-615.119 1037.150
-1153.190 282.224
-238.072 1199.740
-1153.100 284.142
-240.549 1199.690
-718.239 965.709
-1155.100 282.136
-716.671 967.288
-238.138 1202.100
-242.634 1201.000
-718.180 967.224
-720.097 967.131
-240.438 1203.190
-718.094 969.142
556.902 -1168.860
556.329 -1169.870
557.017 -1169.870
-340.090 -1211.860
-339.987 -1212.860
-340.665 -1212.860
-297.508 -1230.660
-296.242 -1231.150
-298.600 -1231.360
-299.100 -1231.360
-434.106 -1189.860
-433.998 -1190.850
-434.668 -1190.850
1301.330 298.142
1302.010 298.139
1301.900 299.133
1273.340 -424.865
1273.900 -423.863
1274.010 -424.863
-1226.990 -5.861
-1227.100 -4.861
-1227.660 -5.864
1309.330 311.137
1105.900 -769.861
1105.330 -770.857
1310.000 311.139
1309.890 312.138
1106.010 -770.857
1300.330 -390.845
1300.890 -389.853
1301.000 -390.850
527.880 -1228.860
526.231 -1230.280
527.407 -1230.350
529.050 -1230.330
1306.340 387.143
1307.010 387.139
1306.890 388.144
1371.330 -68.856
1371.910 -67.862
1372.010 -68.853
1262.320 521.140
1263.000 521.135
1262.880 522.137
911.895 -1017.860
911.323 -1018.860
1273.330 -527.868
1273.900 -526.859
911.998 -1018.860
1274.000 -527.865
1298.900 -468.860
1300.890 -466.863
1300.810 -468.776
1300.750 -470.286
1295.330 461.133
1302.330 -468.718
1296.010 461.133
1295.890 462.136
640.894 -1208.860
638.904 -1210.870
640.815 -1210.780
642.326 -1210.730
-719.994 1067.140
-720.667 1067.140
640.761 -1212.290
-720.103 1068.140
1177.900 -738.858
1177.340 -739.856
1178.000 -739.858
1377.330 238.142
958.911 -1008.870
1378.010 238.143
1377.900 239.138
958.333 -1009.870
959.013 -1009.870
-1265.990 212.142
-1266.110 213.141
-1266.670 212.143
1409.340 85.126
1409.890 86.131
1410.010 85.126
1402.340 165.144
1403.020 165.144
1402.910 166.149
1228.900 673.124
1185.900 -768.857
1230.760 671.711
1187.900 -766.855
1230.820 673.220
1187.810 -768.777
1230.910 675.135
1232.330 673.287
1061.330 905.147
1187.750 -770.284
1189.330 -768.722
1062.000 905.143
1061.890 906.142
-1259.980 358.136
1184.330 772.139
-1260.090 359.139
-1179.100 -600.864
-1179.000 -601.859
1185.010 772.138
-1261.300 357.625
-1179.660 -601.858
1184.910 773.136
-1265.370 352.861
-1266.090 351.569
-1266.710 352.752
1445.330 11.141
1445.890 12.148
1446.000 11.144
-1337.990 -24.860
-1338.100 -23.862
-1338.670 -24.864
-929.998 976.135
-930.669 976.135
-930.102 977.137
1339.330 557.137
1340.010 557.139
1339.900 558.136
1457.340 212.147
1458.010 212.142
1457.890 213.143
953.901 -1113.870
953.332 -1114.870
954.004 -1114.870
-915.000 1024.140
-915.674 1024.140
-915.106 1025.130
1210.910 -892.848
1210.340 -893.854
1211.010 -893.855
952.922 -1164.860
952.336 -1165.870
953.014 -1165.860
1383.900 612.140
1385.750 610.714
1385.810 612.225
1385.900 614.141
1387.320 612.284
1049.350 1073.140
1050.020 1073.140
1049.920 1074.150
1481.340 -389.857
1481.900 -388.860
1482.010 -389.859
1475.330 390.134
1524.340 -160.861
1476.010 390.134
1524.900 -159.860
1475.910 391.136
1525.010 -160.857
1532.340 -50.851
1532.900 -49.858
1533.010 -50.849
1337.900 -766.857
1337.340 -767.860
1338.010 -767.859
1086.340 1061.140
1087.020 1061.150
1086.920 1062.140
1413.330 -635.862
1413.900 -634.861
1414.010 -635.857
1464.340 -515.858
1464.920 -514.864
1465.010 -515.859
-1396.980 313.122
-1397.090 314.132
-1397.660 313.117
960.899 -1210.860
960.332 -1211.870
961.007 -1211.870
1113.910 -1093.860
1113.340 -1094.870
1114.010 -1094.870
-1403.110 -402.858
-1403.000 -403.861
-1403.670 -403.859
1531.330 389.150
1532.000 389.151
1531.910 390.141
-1394.990 471.148
-1395.090 472.135
-1395.670 471.142
1092.880 -1150.860
1092.330 -1151.860
1093.000 -1151.860
1487.340 596.132
-1398.990 518.140
1488.010 596.135
1487.900 597.139
-1399.100 519.144
-1399.670 518.142
1460.900 661.134
-1406.100 -530.862
-1405.990 -531.862
-1406.670 -531.861
1462.750 659.708
1462.810 661.227
1550.330 -463.865
1462.900 663.147
1550.900 -462.862
1551.010 -463.868
1464.320 661.290
1527.330 -547.860
1620.340 56.139
1527.890 -546.865
1528.000 -547.861
1620.900 57.138
1621.010 56.136
1630.340 36.139
1630.890 37.139
1631.010 36.134
1606.330 276.139
1607.000 276.143
1606.900 277.139
1146.900 -1156.860
1146.340 -1157.860
1147.010 -1157.860
1061.330 1215.140
1062.010 1215.140
1061.900 1216.140
1194.910 -1133.860
1194.330 -1134.850
-1206.990 957.143
1195.020 -1134.850
-1207.660 957.149
-1207.110 958.141
-1534.990 152.145
-1535.110 153.139
-1535.660 152.149
-1515.000 330.146
-1515.110 331.146
-1515.660 330.151
1613.330 422.145
1614.010 422.141
1613.900 423.140
1525.900 666.137
1527.750 664.709
1527.810 666.224
1527.890 668.138
1529.330 666.283
-1559.990 -89.857
-1560.090 -88.858
-1560.660 -89.856
1204.890 -1165.860
1204.330 -1166.860
1205.000 -1166.860
1581.340 571.143
1582.000 571.140
1581.890 572.142
1579.340 598.144
1580.010 598.143
1579.900 599.142
1426.900 -918.858
1426.340 -919.861
1194.340 1172.140
1427.020 -919.862
1195.010 1172.140
1194.910 1173.140
-1135.990 1114.140
-1136.660 1114.140
-1136.100 1115.140
-1471.990 616.146
-1472.110 617.143
-1472.670 616.148
1218.340 1201.130
1219.020 1201.140
1218.920 1202.140
1514.340 845.134
1515.010 845.134
1483.900 -921.864
1483.340 -922.864
1514.910 846.132
1484.000 -922.861
-1485.990 671.131
-1486.090 672.137
-1486.660 671.130
-1627.670 -226.712
-1629.090 -224.856
-1629.180 -226.769
-1629.240 -228.288
-1636.110 -166.855
-1636.110 -167.857
-1637.160 -168.030
-1631.090 -226.854
-1266.990 1095.140
-1267.660 1095.140
-1477.990 778.140
-1267.100 1096.140
-1478.090 779.141
-1478.660 778.138
1418.900 -1129.860
1420.890 -1127.860
1420.810 -1129.780
1420.760 -1131.290
1422.320 -1129.720
1455.890 -1105.860
1455.330 -1106.860
1456.000 -1106.860
1428.910 -1156.860
1428.330 -1157.850
1429.010 -1157.850
-1629.990 589.138
-1630.100 590.142
-1630.670 589.139
-1289.990 1188.140
-1290.660 1188.140
-1290.100 1189.150
-1336.000 1166.140
-1336.670 1166.140
-1336.110 1167.140
-1530.990 920.151
-1531.660 920.154
-1531.100 921.149
1582.900 -1067.860
1582.330 -1068.860
1583.010 -1068.860
1470.900 1229.140
1471.570 1228.810
1472.190 1228.280
1471.570 1229.470
1472.400 1228.650
1473.440 1227.990
1472.400 1229.640
1473.410 1228.640
1473.390 1229.640
1474.400 1228.640
1475.000 1228.050
1474.410 1229.640
1475.400 1228.640
1475.400 1229.640
1476.230 1229.470
1608.880 -1195.860
1608.330 -1196.860
1609.000 -1196.860
-1594.990 1141.140
-1595.660 1141.140
-1595.090 1142.140
-1601.000 1180.140
-1601.670 1180.140
-1601.110 1181.140
