0.491 -0.496
31.503 -33.500
72.496 -64.506
-93.010 86.452
-156.505 -36.497
-4.502 164.498
-60.389 165.304
-58.499 170.500
171.498 58.493
-45.496 -176.503
-86.501 -161.501
102.500 158.502
-50.509 196.491
-118.500 166.496
-35.498 208.497
225.504 13.499
-201.497 103.502
-20.500 227.494
-180.503 -143.510
227.500 -48.510
57.501 226.502
17.500 234.502
215.505 -109.495
199.497 140.503
-203.500 137.498
-235.501 77.502
-145.505 -210.503
245.502 79.503
-61.499 253.501
41.496 265.503
87.892 265.595
278.497 -34.493
87.492 266.179
282.500 -5.500
267.503 103.492
13.501 289.504
177.510 -246.503
-215.500 217.504
-238.505 -198.502
59.499 316.501
-112.501 302.494
-223.497 241.505
-328.503 87.502
211.504 272.503
100.499 332.500
326.503 127.503
163.504 309.501
-350.500 13.500
23.498 357.500
158.944 -327.576
158.927 -327.648
-178.501 319.505
-38.495 367.506
-294.494 225.502
-120.504 351.510
361.499 134.502
386.501 -16.504
335.496 192.502
-390.500 -1.511
291.504 -278.499
371.419 170.509
-390.492 119.504
-370.497 181.504
299.499 286.493
-96.509 -406.506
384.699 171.684
408.502 119.496
431.497 28.594
-7.320 431.577
-414.498 123.502
2.021 434.172
-427.501 105.502
442.107 17.484
-424.500 145.495
-69.501 444.488
447.489 -77.499
165.493 -424.495
311.503 -334.504
-454.503 -43.501
-454.504 53.495
-328.502 338.498
-311.469 356.131
-310.705 360.113
-42.500 475.501
-272.491 -394.498
-78.866 -475.674
-92.504 -480.498
-330.396 362.009
-421.504 250.502
-330.481 362.458
457.498 -182.496
-95.514 -486.575
-486.499 122.498
160.501 480.503
-504.500 72.507
77.503 511.504
137.500 499.501
-335.505 397.499
503.493 186.506
155.501 519.497
-532.494 -117.500
527.501 152.500
533.500 133.509
-404.490 371.503
-547.503 -54.494
400.504 -404.498
-569.491 11.498
428.482 -379.959
-346.504 -455.508
-509.504 261.499
431.723 -381.136
521.500 -247.507
-13.504 -577.501
567.500 -120.500
-471.499 -347.504
401.496 427.495
264.501 530.501
-594.500 -32.496
545.507 255.498
11.503 602.500
32.494 -603.497
226.493 -566.507
214.498 570.499
-549.500 287.498
410.502 477.509
518.497 -361.503
232.508 588.504
-392.498 507.495
495.100 420.494
496.583 420.494
-609.502 240.503
421.500 511.503
188.493 -639.501
-160.493 649.505
-445.496 499.502
592.501 -314.498
613.497 -289.500
-477.507 483.495
-560.500 -387.501
671.500 -125.503
395.502 559.496
453.507 -515.502
613.493 320.498
-617.497 -312.505
651.504 -237.501
-296.503 -627.505
-53.511 -707.499
-691.499 -169.501
-85.501 708.495
703.499 142.496
410.495 -597.503
629.497 -359.498
-700.496 -193.498
699.494 203.503
571.496 457.495
-693.505 236.507
169.497 714.499
-625.500 384.497
-723.501 -155.498
-168.500 -723.501
147.507 -737.506
-612.505 -438.502
-756.497 3.500
689.490 -316.507
235.506 722.501
-417.496 -640.510
-660.499 388.501
288.493 713.998
-381.502 669.501
161.500 757.500
-595.497 497.499
763.506 -176.502
257.495 739.503
784.500 13.499
-287.496 739.497
794.498 -41.493
-361.496 -708.492
-705.499 -376.503
-718.497 353.498
392.496 705.495
-787.510 203.497
677.494 462.500
200.500 -796.501
-802.500 170.494
593.496 -591.498
-429.502 -720.501
-6.498 -840.492
-267.496 798.499
-795.496 276.493
-721.498 437.500
-131.491 -835.743
445.490 719.499
392.495 -751.503
-133.748 -837.751
571.495 628.500
-648.492 -553.498
790.502 336.501
-848.499 -143.495
-861.490 12.500
-752.507 425.504
65.505 867.495
774.497 -400.506
519.496 699.499
-841.494 252.495
-859.497 -188.500
-222.498 852.496
-158.498 868.499
-778.498 422.512
-869.498 191.504
868.497 -202.502
-277.501 846.498
886.500 -113.497
-29.500 892.506
612.497 -652.505
-793.504 413.504
895.499 -33.505
-826.503 -355.502
452.502 -780.493
890.506 155.505
-911.502 23.497
-790.498 455.499
51.498 926.508
918.496 -160.502
932.494 -52.498
693.501 640.504
874.498 359.501
254.495 -913.501
-679.498 661.500
854.499 428.501
-895.500 336.504
750.497 -595.493
311.499 907.499
466.494 -840.496
792.502 -550.507
501.498 -828.500
569.503 783.497
941.496 233.503
-636.499 732.505
355.502 -905.501
-842.498 484.505
399.501 -893.506
-968.500 159.496
-915.497 357.500
-522.503 833.500
-948.500 266.500
-980.500 136.500
920.498 -375.499
761.498 641.503
-992.496 -73.495
-995.504 49.503
949.496 320.504
-939.501 346.500
-217.498 -978.497
683.499 733.499
-623.499 787.498
-469.501 888.496
766.510 -652.503
1005.510 57.504
734.494 -696.492
-824.497 -588.495
629.494 -795.501
32.500 1016.500
-1016.500 -46.502
994.501 223.503
-964.501 -329.500
1022.500 79.502
-764.495 682.493
-964.500 -350.501
722.496 732.505
-1019.500 -169.501
-1016.500 190.493
-786.496 -678.504
-974.792 -365.454
-937.499 467.497
-700.510 779.504
-627.502 842.496
-970.503 -419.507
-849.501 -635.499
-1052.500 -173.495
-997.503 -383.502
-696.501 -815.494
441.498 978.490
1031.490 -305.506
-1003.900 398.503
856.497 659.502
966.501 -486.501
-176.499 1066.500
74.500 1080.500
1047.880 -280.339
-335.498 1032.500
1053.500 -273.505
-978.498 476.501
975.497 485.498
975.497 485.889
-567.502 929.498
-802.499 738.502
-248.505 -1063.500
-224.502 -1070.510
-1012.500 412.497
218.501 1071.510
-1099.490 -0.494
-465.419 996.138
-994.501 470.503
-464.955 997.315
937.502 587.502
-511.500 -981.500
1110.500 100.491
830.501 745.496
1076.500 -303.501
-1118.500 -20.505
-860.514 722.494
927.503 -648.498
-1050.500 -418.500
1121.500 219.500
941.499 652.496
-891.502 -722.499
-75.499 -1149.500
-440.499 -1065.500
-1095.500 370.497
378.501 -1094.510
-1118.510 324.487
-128.428 1160.110
-725.491 916.498
399.501 -1104.500
1178.510 -5.492
996.494 630.495
-995.498 636.498
-1159.490 245.491
443.492 1103.500
622.500 1016.500
1148.510 -329.500
59.499 -1196.500
-1086.500 503.497
1193.510 121.502
1083.500 522.491
1142.510 -379.502
954.499 -739.506
-837.500 -869.499
-1203.500 99.495
-1153.500 357.504
989.507 711.510
850.494 -879.496
-775.503 945.506
-639.494 1048.500
957.498 770.503
896.508 842.496
-928.499 806.504
-1225.500 147.501
1119.500 -525.498
1081.500 -602.502
-984.495 750.502
1010.500 -742.503
-1165.490 -463.501
-1226.500 -264.494
1258.500 22.500
-1172.840 466.643
-1176.850 462.578
-745.499 1022.020
1137.490 -565.496
1270.500 -28.499
-1237.500 284.495
-1024.490 753.487
-667.503 1082.500
512.503 1164.500
-1262.500 -166.495
-978.496 819.497
1082.500 -681.492
871.502 936.504
-520.503 -1173.500
499.502 1188.500
829.502 -996.493
-617.503 -1140.500
1063.500 752.504
1288.510 -234.494
1299.500 173.507
1210.500 -511.498
-1302.490 -191.497
911.497 953.501
-898.494 966.495
-1097.500 737.500
683.500 -1134.510
958.497 -915.495
-1194.500 579.502
-1309.960 231.500
1332.500 3.503
1164.500 653.115
-1318.500 259.502
649.500 -1179.500
-1315.500 -290.499
720.498 1142.500
-1329.570 238.287
-1330.030 236.890
-1351.500 -38.503
1326.490 -268.497
1070.500 831.504
-1348.500 -133.502
1192.500 647.510
1353.510 -194.503
1350.500 238.497
-1332.510 -321.505
1253.510 580.505
1208.500 675.501
739.508 1174.500
-1361.500 -268.495
-1192.500 711.498
1369.860 -235.226
1370.980 -237.463
1032.500 932.498
-1388.500 -101.496
-1356.500 -316.497
-714.501 -1204.500
-1288.490 -565.497
-1377.510 289.504
-1137.500 832.505
1310.510 -525.503
1264.500 629.495
-1344.510 -444.503
1353.490 418.509
1405.500 -217.502
-1420.510 -63.497
-1419.490 88.494
-1309.500 -568.500
-1388.500 -333.495
-1382.500 -361.499
1427.840 -144.495
1388.500 -370.501
1435.510 -65.501
-1066.500 969.495
-805.504 1195.500
1438.650 -144.500
-1412.500 309.505
1374.510 -454.495
-1435.500 178.498
-1206.500 -810.503
-1137.500 -912.493
-1266.270 742.988
-1262.500 749.500
1113.500 959.494
-1435.500 -320.501
1471.500 -38.502
996.502 1089.500
-1483.500 -89.502
-1290.150 740.893
-1483.500 143.506
-1288.500 754.507
-1494.500 23.501
-1407.500 525.500
-1482.000 268.004
1249.500 -855.502
-1484.500 298.495
1491.500 299.502
-1347.500 704.502
-1525.960 -88.424
-1533.500 -4.497
1538.500 35.507
-1535.500 -139.492
-1540.590 -87.029
-1540.830 -89.115
1174.500 1004.500
-1334.500 786.503
1235.500 937.495
-1564.500 -29.502
-1440.500 655.504
1577.500 150.493
-1481.500 -560.501
1337.500 -861.494
-1553.500 -361.500
1564.500 -337.502
-1600.500 -91.506
-1223.490 -1042.500
-1094.510 1182.500
-1609.500 93.504
-1527.500 518.504
1532.500 -530.503
1261.500 -1020.500
1379.500 854.502
1388.680 845.777
1325.500 -944.501
1587.500 -367.509
-1566.500 445.497
-1547.490 509.508
-1587.500 -383.504
-1522.500 -595.504
1462.500 -769.500
-1515.500 662.506
-1442.500 -818.500
-1460.500 -795.503
1321.490 -1037.500
1304.500 1061.500
1562.500 -624.499
-1562.500 -642.500
-1591.490 571.500
-1561.290 -650.615
1580.500 -676.510
1394.500 -1017.500
1615.500 653.494
1550.500 822.503
1331.500 1146.500
1573.500 866.503
1442.500 -1072.500
-1486.500 -1039.500
1474.490 1110.500
1608.500 912.504
-1564.500 -1033.500
-1612.500 1059.500
