0.497 -0.504
-8.505 -54.498
-63.499 3.494
50.500 74.503
-22.502 136.501
-110.501 99.500
159.504 -19.501
69.499 -177.488
-1.497 -207.499
219.494 18.496
176.500 149.499
246.497 22.498
-177.497 173.498
251.606 13.199
219.502 151.500
-107.504 302.503
-203.495 248.504
201.498 -252.497
-247.500 238.501
181.502 305.499
-89.494 -344.502
-279.503 -226.498
-98.501 355.495
-343.501 145.504
-302.502 -220.500
102.501 -367.496
-118.501 -363.506
-89.501 388.498
403.497 37.500
105.387 401.494
-202.499 -366.498
345.501 -238.497
-112.494 -406.500
-136.499 445.500
-274.509 -377.498
446.497 -143.500
-53.502 -467.502
-473.499 -58.502
12.500 481.496
390.496 -285.504
-378.498 301.505
-158.499 -459.503
-103.503 487.494
486.506 138.504
-440.495 254.501
498.503 -135.499
278.504 435.502
445.499 271.493
35.492 -524.500
-454.501 -263.485
-529.496 -48.503
-533.499 61.499
-370.496 393.502
-540.501 80.500
513.498 -196.501
-344.290 -433.339
-352.833 -427.930
-402.500 -381.504
548.496 107.497
-564.493 0.497
-526.503 -216.493
-557.505 118.496
-527.867 -223.624
-471.500 -334.496
178.507 558.491
-283.503 -518.501
479.496 -348.498
-329.501 -492.504
592.497 -23.500
-558.503 225.494
-577.500 -177.502
-327.658 -508.311
-275.505 -542.500
-555.500 -255.507
-443.497 420.505
-30.503 618.498
10.501 -621.502
-25.505 -630.507
-344.498 -533.495
630.498 -100.504
159.502 618.500
646.499 34.506
41.502 652.493
-622.497 -200.502
55.504 -658.500
-643.494 -154.503
464.500 472.498
661.549 -69.959
661.603 -69.862
540.491 -388.499
364.507 -561.498
37.505 -669.497
-170.508 650.499
-271.502 620.499
-643.500 226.499
53.498 -684.497
658.500 199.500
-450.498 -520.498
426.492 551.497
-217.505 -664.496
-565.496 414.497
709.500 -36.505
708.503 -69.501
-492.500 -515.502
-392.508 608.499
732.505 -38.497
-210.497 -705.506
660.505 -342.497
745.464 -77.642
-719.503 212.504
750.498 -41.501
425.500 623.499
753.501 -65.499
-759.499 18.502
-98.499 753.507
-326.505 -689.508
-525.504 552.503
693.497 -329.505
742.501 220.506
715.496 312.510
602.502 -501.501
625.496 471.502
178.497 763.503
-437.503 -651.497
787.061 -0.705
787.254 -0.663
561.496 552.504
-498.498 -614.497
398.500 686.505
798.179 -2.563
580.507 -549.501
697.504 390.503
591.498 546.495
397.490 -702.504
-665.490 478.503
-633.500 -522.499
784.497 245.502
-547.495 -616.505
-266.502 -784.495
-421.506 713.503
832.499 -24.502
257.499 797.500
836.502 87.501
172.505 -824.500
-812.506 218.493
-48.500 -844.490
-847.505 88.497
657.503 544.504
-759.828 -392.592
696.500 500.501
262.498 817.494
115.502 853.499
-123.501 -854.500
-836.502 221.498
-349.497 -795.499
-773.501 -395.501
-847.502 -193.500
745.503 449.502
769.505 -411.499
418.500 767.501
14.507 -876.498
447.494 756.500
250.500 843.501
660.506 -584.503
-618.503 -633.499
-32.508 887.500
892.502 -24.503
243.499 -860.499
-753.071 -481.076
877.502 -176.500
-753.884 -482.397
479.498 -760.502
-640.498 -637.497
-606.505 -681.499
439.505 -802.501
-189.493 -897.500
812.503 450.501
768.504 -523.500
605.504 715.498
595.497 -734.506
-559.492 -766.500
-804.502 -505.499
264.512 -922.506
-779.501 -559.495
959.503 64.506
942.507 -202.498
-904.499 337.492
962.501 -98.507
-91.501 -963.501
614.495 -750.503
681.493 695.501
-843.506 485.506
-41.502 -979.500
634.496 -757.501
722.504 -677.504
380.504 916.503
37.511 -995.498
-692.496 -718.495
998.497 -70.500
-969.496 260.502
1009.500 84.493
-754.510 674.500
808.496 -611.504
-881.505 508.495
-910.501 462.499
-543.503 -866.502
680.499 -768.500
-1026.500 -18.501
955.493 378.507
1021.500 134.505
-437.496 933.500
225.498 1007.500
-110.499 1026.510
1014.500 213.502
-1014.500 -215.494
587.494 -861.501
-524.497 903.493
-512.497 -913.502
-1048.500 -4.501
1027.500 -222.495
-1029.500 210.503
14.500 1052.510
536.495 -933.498
40.501 -1077.500
-887.502 -611.497
-929.495 560.496
-781.499 760.501
918.500 -597.505
406.748 1019.400
-441.501 1005.500
1023.510 -407.499
402.504 1030.500
1107.500 -110.498
-54.504 -1112.510
-605.508 -937.501
701.501 868.499
-1120.500 -37.499
816.499 -773.503
169.497 -1117.490
984.496 -555.496
305.507 1094.500
-892.500 -708.499
-576.500 -983.500
-344.499 1088.500
901.496 703.505
872.497 -741.500
-823.510 -796.501
-1145.500 72.499
-245.500 -1124.500
1120.500 -265.505
68.504 1150.500
1141.500 -166.499
1119.510 -301.505
1134.090 -258.768
-1169.500 57.504
1074.500 470.504
1027.500 602.496
-1115.500 -426.504
-1191.500 114.499
750.505 -934.490
-1031.490 -614.497
628.500 1028.500
-606.501 1049.500
-793.498 916.506
974.501 724.505
472.494 -1119.500
910.505 815.498
1125.500 -483.503
1190.510 293.498
-990.499 -722.494
-371.500 1169.500
1012.510 699.504
467.500 -1144.490
-969.496 766.504
-1218.500 -209.501
1133.500 515.501
-1222.490 -235.497
-1007.510 -739.506
1248.500 -108.505
593.500 1120.510
852.500 -950.506
-1253.500 -275.496
-698.497 -1079.490
922.497 905.504
567.499 1161.500
1195.500 -500.489
-823.497 999.499
1206.500 -483.500
-1122.500 -661.503
-601.496 -1158.490
-1304.490 86.503
-646.503 1146.500
-1017.500 835.504
674.502 1136.500
-1300.500 245.506
-914.498 958.492
-1296.510 -293.505
-1236.500 491.503
1162.500 650.508
880.493 999.494
-1007.500 871.495
1148.490 -678.502
-790.497 -1089.500
-1302.500 -343.508
-1189.500 663.503
1348.500 202.498
955.499 -980.502
1329.510 -365.504
1380.500 71.502
-1360.500 280.505
-1223.500 -665.494
1349.510 347.510
1259.500 597.501
1365.500 -282.498
-1384.500 -163.503
1303.510 498.497
-1397.500 93.502
1006.500 976.497
1293.500 544.498
1245.500 -650.500
871.501 -1107.500
-885.494 -1097.500
1221.510 732.502
-1375.500 -368.509
-1420.500 101.498
827.498 1162.500
1262.490 672.496
-1403.490 -319.500
1120.500 -905.497
1311.510 -598.499
940.505 1095.500
1333.500 -555.502
-1444.510 -19.501
-1028.500 -1035.500
1188.500 -859.498
1433.500 -352.502
-1267.490 -759.498
1054.500 1052.490
1036.500 1088.500
1122.490 -1009.500
-1184.500 940.497
-1306.500 -779.501
1344.500 720.500
-1499.500 286.496
1538.500 -68.504
-1268.510 -875.499
-1027.490 -1150.500
-1545.500 -22.502
1545.500 62.504
1131.490 -1077.500
1458.500 -560.503
-1465.500 -549.504
-1566.500 -6.498
-1151.500 -1064.500
-1565.500 -162.492
1380.510 761.501
-1478.500 585.495
1496.490 564.499
-1161.500 -1104.500
1348.500 -897.502
1164.490 -1144.500
1577.510 471.501
-1561.500 -533.503
-1276.500 -1060.500
-1395.500 -900.491
-1305.500 1036.500
-1411.500 -902.500
-1335.510 -1013.500
-1420.490 895.506
-1545.500 -660.495
-1389.500 -971.499
-1548.500 698.496
-1229.500 -1174.500
-1250.500 -1155.500
-1478.500 846.492
-1220.500 -1193.500
-1441.500 -914.498
1274.500 1205.500
-1452.500 -1018.500
1580.500 829.500
1566.490 -860.502
-1409.510 1138.490
1407.500 1150.500
1457.500 1089.500
1420.570 1176.280
1424.610 1172.730
1424.300 1178.920
1421.440 1191.020
1616.500 911.503
1434.500 -1178.500
1422.500 1195.500
-1415.500 -1207.500
-1561.500 -1016.500
1446.500 1201.500
1456.440 1190.240
1481.860 1183.960
1481.970 1184.400
-1618.490 -1007.500
-1528.500 -1169.500
