0.496 -0.503
14.501 17.495
-30.498 -105.496
-60.498 90.496
137.505 -31.501
-167.500 23.499
118.500 135.495
-167.502 98.497
163.505 177.499
-1.501 241.497
-106.502 -220.505
-209.504 129.496
256.497 -11.499
-107.497 235.504
252.503 82.502
-209.501 170.502
238.500 -239.501
-92.495 340.500
350.506 -97.496
-359.498 -154.495
37.495 -448.501
71.503 446.496
-453.499 47.497
317.501 339.493
460.499 135.495
1.492 479.504
487.492 87.494
182.507 -488.497
377.498 -376.504
379.468 -394.240
533.495 -125.498
551.496 107.501
-164.501 -537.496
-562.498 -13.497
-7.504 -575.495
-483.497 316.500
-593.500 -3.504
579.498 138.490
-385.503 453.501
-567.784 -188.823
-570.499 -181.498
59.498 -607.499
580.494 221.495
-77.499 623.500
263.505 584.502
-588.499 -276.504
-173.502 626.499
343.499 -553.499
-417.496 -502.491
337.526 -566.853
336.255 -569.532
-612.503 272.499
68.502 -687.499
-702.493 -32.493
-205.496 677.498
705.507 -138.494
-208.503 706.499
-735.491 65.506
-240.505 -700.503
334.499 -665.495
-747.500 -62.505
750.501 38.497
-699.501 276.507
-719.501 247.497
691.498 -369.497
62.497 780.497
-714.497 -330.499
-488.508 -627.497
-743.500 283.504
-543.503 592.505
541.500 597.506
-833.495 82.499
-416.494 -733.500
643.503 -580.502
-256.492 827.503
-772.494 396.502
-722.491 -497.497
-143.499 867.504
-837.498 279.501
535.508 704.504
-873.495 140.503
850.506 250.508
141.500 -876.503
-858.502 232.497
-32.502 -891.507
-227.501 876.494
-830.504 398.500
322.501 -868.500
-926.499 -150.504
-875.498 -342.499
-492.500 -805.499
912.496 252.500
-956.502 -74.504
-106.499 -954.502
-367.502 893.503
-854.513 -459.499
630.499 -741.494
964.505 187.500
-420.504 -891.505
79.498 982.502
-562.503 -813.503
881.501 -453.505
-734.498 666.497
918.498 378.503
-985.515 180.493
154.502 -998.501
-751.508 674.498
864.496 526.493
-422.496 935.500
-711.498 747.497
-389.498 -958.498
783.500 -677.496
-232.501 1014.500
-978.499 -364.502
310.499 1001.500
496.512 931.509
395.504 983.500
-651.492 851.499
-856.498 -647.506
1052.500 -229.505
848.497 675.497
-370.501 1022.500
1083.490 -123.504
1081.510 144.503
-662.504 -869.498
-1094.490 -37.496
-169.503 -1091.500
-1105.500 91.496
1010.500 461.495
-1010.500 459.503
-322.491 1065.500
-571.505 -956.492
-470.871 1018.150
-1008.500 -493.498
-460.495 1026.500
1028.510 -490.503
-911.502 682.503
-488.499 -1038.500
488.505 -1048.500
-508.493 -1049.500
-41.498 -1168.500
-271.495 -1137.500
944.502 -695.499
650.498 -976.503
-691.498 946.504
565.501 -1035.500
-1127.060 -346.503
-159.494 -1171.510
400.815 -1113.960
958.496 695.498
391.179 -1120.970
-403.499 -1119.500
-992.495 -663.502
420.503 -1119.490
-333.489 -1155.500
219.499 -1184.500
1205.500 9.497
-536.499 -1080.510
1031.510 -626.505
-585.507 -1062.500
1189.500 244.498
-115.500 -1210.510
1216.500 -38.497
-298.504 -1194.500
1199.490 -299.495
1153.500 456.497
-797.506 953.500
-903.502 -858.498
-334.499 1201.490
1113.500 567.503
-1245.500 -122.495
1178.500 475.495
1261.500 -251.495
-984.502 -834.501
-1026.670 781.416
-1033.120 779.174
-1167.510 -559.501
500.500 -1196.510
-1046.080 771.847
-1278.510 -302.506
1256.490 -410.500
825.491 1042.490
-1283.500 -348.500
-1050.510 824.501
1253.500 487.503
-1113.490 -763.507
-911.498 999.503
1323.500 -333.498
1302.510 408.497
820.500 1096.500
-1345.500 -274.499
753.499 -1151.500
-1341.500 306.495
722.502 -1186.500
742.503 -1179.510
1172.500 762.498
-1404.500 89.500
-1339.500 443.499
-1341.500 -495.503
1428.490 119.501
-1059.490 -984.500
1396.500 395.489
-1239.500 -780.500
-1398.490 448.506
-1273.500 734.507
-1192.490 -906.495
-1010.500 1106.510
1028.500 -1092.500
1381.500 -590.499
-1375.500 648.505
1193.490 959.500
-1532.500 -23.495
1530.500 105.500
-1485.500 -442.498
1370.510 730.505
1542.500 -226.499
1550.510 198.504
1023.490 -1183.500
1546.020 -240.685
1015.500 1191.510
1537.500 -333.505
1571.490 102.495
-1503.500 472.496
1459.490 609.499
1280.500 -932.498
1492.500 -547.498
-1574.500 -217.503
-1331.500 -877.506
-1253.500 1006.500
-1411.510 777.504
-1590.500 -412.502
-1472.500 -772.496
-1467.500 -851.502
-1338.490 1099.500
-1549.500 -778.497
-1435.500 -975.503
-1530.510 884.497
1325.490 -1179.500
1329.490 1188.500
-1458.500 -1032.500
-1578.500 -943.500
1513.490 1138.500
-1598.510 1116.500
-1558.490 -1188.500
