0.499 -0.501
53.507 30.494
32.502 -105.501
-124.501 -14.499
-175.503 24.499
-186.502 -88.494
-210.496 -55.500
-118.496 -189.501
-146.498 -174.510
-191.497 -196.503
120.498 258.500
-243.495 -150.504
210.503 -209.499
232.503 199.498
314.503 61.500
-275.499 162.509
15.498 -334.504
-53.504 335.491
271.498 216.512
227.499 272.497
-227.501 -275.493
-34.499 375.504
-227.509 301.501
-373.503 107.506
-396.500 126.502
199.502 386.499
-221.500 388.498
-427.499 -133.501
-373.493 -250.500
-320.499 330.503
471.498 -16.501
-189.500 444.501
483.503 -81.497
468.497 205.500
-493.500 -164.495
471.497 234.500
-530.497 -3.500
-534.143 -9.167
-326.497 439.501
-275.500 -474.503
513.499 203.501
523.499 -192.498
-566.505 111.499
-40.499 577.501
579.505 59.507
578.506 122.502
398.495 -444.500
-128.502 -591.499
461.503 409.502
95.506 -614.501
-583.502 -221.504
599.506 200.502
370.501 -526.505
647.500 -31.501
-89.498 648.495
-26.502 658.503
247.498 -616.498
-671.501 -79.494
-362.503 -577.500
-396.493 -557.499
-680.015 -88.316
445.508 529.502
598.495 373.503
-679.503 190.498
-522.492 486.501
-331.506 636.501
687.502 -236.495
-535.495 -531.498
467.498 -622.500
756.500 184.496
470.496 621.498
578.501 -529.498
301.504 -736.508
-431.503 678.500
779.501 207.495
-793.502 -157.497
-360.501 -725.498
-340.501 -735.494
-248.496 -773.496
470.497 671.506
-571.504 -599.501
-324.502 -767.504
191.500 -811.499
-619.503 -557.502
-429.505 -724.501
-84.502 839.493
-539.502 -655.501
847.496 -175.506
872.500 -35.501
429.499 765.503
-111.494 -873.505
-841.500 257.505
-649.494 596.503
875.504 176.494
-590.498 669.502
-14.502 895.501
-876.500 -196.505
417.502 -805.502
146.496 895.501
669.499 618.504
600.494 688.495
434.499 809.513
544.504 -741.501
443.494 -813.498
-445.502 811.507
-827.504 -435.505
-340.498 876.504
-843.496 -430.503
-922.496 -244.497
-531.499 805.501
673.501 -694.508
68.496 965.495
-945.506 -232.500
141.497 966.500
-857.496 -483.502
-844.499 -509.503
342.937 932.273
343.303 932.857
977.507 -196.500
-566.500 -842.501
-356.515 -960.502
949.500 393.496
1031.500 14.500
-1013.500 187.496
1032.500 112.500
148.501 1036.500
258.502 1016.500
466.507 962.498
-689.501 -824.501
-286.504 -1041.500
561.498 936.501
-342.494 1040.500
-1095.500 17.503
-562.501 941.496
966.494 -536.506
639.496 -914.502
-1117.500 100.504
-64.492 1132.500
372.496 1078.500
-253.505 -1113.500
942.497 651.500
-953.496 638.498
-860.507 -763.505
871.500 757.498
835.500 800.501
835.500 800.893
956.499 -658.499
1033.500 528.508
974.497 654.503
-1174.510 36.500
-988.497 644.503
433.490 -1101.500
-1112.500 -422.506
-652.502 -1000.500
1086.490 518.499
23.499 -1204.500
766.496 -942.498
-264.500 -1185.500
-308.500 1174.490
-1214.500 40.496
1203.500 -181.502
694.499 -1006.490
-545.500 1097.500
-1007.500 -699.499
-788.500 -940.501
-1220.500 -124.504
-1118.500 -539.499
1093.510 604.501
1200.500 347.493
786.500 984.495
-987.503 -794.495
616.506 1111.510
1205.500 413.496
-901.504 -901.496
-1032.500 753.494
-1236.500 -336.510
1270.500 -178.499
1297.500 172.495
-1154.500 614.501
1302.500 -150.498
-1313.500 47.496
1216.500 -510.497
-1324.500 4.498
1313.490 308.498
-1344.500 126.491
963.505 -957.510
-657.503 1193.500
1361.490 173.502
-695.507 -1183.510
903.497 -1052.500
869.500 1081.490
-1217.500 669.500
-1009.510 970.500
-850.502 -1114.500
892.509 -1084.500
-786.495 1178.500
1327.490 -518.498
1260.500 692.499
937.499 -1095.500
1416.490 287.507
-1381.500 432.499
1405.500 -376.501
-1454.340 7.544
-1268.490 719.500
1159.500 910.502
-951.500 -1133.500
1388.490 -523.498
-1440.500 -376.504
-1454.510 332.499
1325.500 705.509
-1518.500 108.503
-1044.500 1132.500
-1350.500 -757.499
1536.500 203.499
1063.510 1132.500
-1460.500 542.501
1462.500 572.495
-1029.500 1188.500
-1070.500 1154.510
1399.510 -741.495
-1601.510 30.492
-1575.500 -320.500
-1615.500 116.497
-1258.500 1031.500
-1335.490 -937.500
1397.500 848.507
-1581.500 434.495
1355.500 955.500
1498.510 801.500
-1613.500 -599.492
-1491.500 907.496
1494.490 -1005.500
-1531.490 969.499
-1565.500 -942.500
-1551.500 -984.502
-1610.490 -915.497
-1421.500 -1200.500
-1505.500 -1105.500
-1488.500 -1149.500
-1587.500 -1016.500
