0.500 -0.497
52.498 51.498
102.504 20.494
11.497 107.500
-94.501 -86.499
-62.508 -121.496
-146.499 7.509
-15.498 -154.508
-156.905 -7.623
46.501 160.501
-153.499 72.496
-166.499 -47.501
-95.498 145.500
66.497 -168.499
-32.503 -181.493
-191.502 -3.501
-8.498 -213.502
-193.148 90.150
-198.108 95.223
-9.499 -240.497
-105.505 220.504
-147.496 -201.506
-145.504 203.500
-252.501 -25.496
165.505 208.496
253.496 -119.508
86.505 -269.495
241.494 -164.499
155.506 -251.495
-279.502 94.500
232.498 200.499
-42.500 321.496
321.493 -93.497
221.498 253.496
272.500 -202.492
-331.499 -77.501
-74.493 333.500
314.497 -174.505
42.500 362.496
-8.494 -366.504
-262.500 263.497
-385.492 -3.501
-39.502 390.495
404.500 46.503
-338.500 232.503
-228.495 -345.502
-305.496 281.504
236.499 -343.500
416.499 -24.498
384.502 174.501
-349.502 -251.503
430.505 27.502
-51.497 -447.496
-139.502 428.501
-432.486 136.501
186.508 -416.491
50.497 -460.498
309.501 348.506
134.499 448.495
-469.497 -27.495
-422.503 209.498
-129.506 -471.504
505.498 -24.500
-277.493 -426.491
223.503 462.500
-388.510 341.503
-211.492 472.498
212.492 480.502
-427.509 -314.498
-474.499 241.505
-149.506 -519.506
371.504 -402.504
-536.500 104.503
-251.497 490.498
-477.497 283.504
331.501 446.503
458.496 315.506
247.502 498.501
-278.502 -487.499
525.057 -208.741
527.398 -205.599
-35.499 -569.497
-567.498 -129.498
-581.501 -50.500
57.497 -582.494
-134.500 570.503
-366.505 457.499
-567.505 -168.498
-115.497 580.499
126.502 582.496
-588.504 95.495
-584.500 126.502
-591.499 -97.504
203.153 574.500
203.499 575.643
-607.410 67.851
11.500 611.504
-565.506 -240.496
553.500 270.506
-612.809 70.008
536.500 316.504
-549.499 -295.497
-264.498 567.501
-629.080 12.972
-630.990 40.005
-631.121 66.313
-631.259 66.734
-57.505 636.497
-624.502 -164.505
263.496 594.503
-447.498 476.501
654.501 62.495
231.505 -619.492
118.502 650.503
471.506 -468.497
422.500 527.503
560.505 -381.504
101.503 671.508
-658.502 -166.505
331.499 595.510
221.500 -647.503
-670.493 133.500
-668.494 -145.497
-678.504 104.500
-478.494 494.499
654.497 -238.504
-601.499 350.494
297.508 -638.502
104.503 701.497
-399.498 -587.109
-678.497 -208.498
-399.499 -587.496
-133.499 -712.495
-706.507 -169.498
154.495 -711.500
-486.499 -541.493
-593.503 -426.493
530.499 -507.508
-230.497 701.504
491.504 560.502
-108.500 738.500
741.502 141.497
297.495 693.500
744.502 -136.510
-312.503 -699.499
481.505 -596.504
-143.502 754.494
-655.500 -409.501
-707.497 -311.504
-771.504 -104.502
35.502 -779.494
572.495 532.504
-770.500 162.496
630.498 473.500
738.509 278.506
41.475 -791.117
-384.505 -693.490
-692.508 -386.501
718.495 338.499
-773.500 -178.494
-99.502 787.497
342.500 -719.501
756.503 251.502
-758.501 -248.499
773.497 207.500
426.499 -679.503
-777.501 192.503
-753.500 286.500
300.502 754.498
-784.498 -214.503
682.504 446.503
455.503 -683.504
321.693 756.483
224.497 793.490
317.495 764.498
-810.875 -202.578
-774.504 -314.508
-748.498 -376.499
610.505 574.497
-143.499 -832.505
845.507 -26.502
783.503 -325.496
-68.500 -847.499
-464.499 -713.501
579.509 -625.499
-148.523 -841.572
-612.498 -598.501
-301.495 -803.500
-503.499 -696.505
631.498 -584.505
-518.498 685.504
-853.493 118.499
-702.500 -519.501
139.497 -870.505
674.497 569.500
431.500 -772.507
-120.491 880.491
206.494 -867.499
799.500 -395.503
733.491 511.501
-214.498 868.498
-801.502 -400.497
86.499 892.503
-767.500 467.500
883.497 177.503
-814.500 389.498
-421.496 798.500
190.502 -884.505
813.128 -399.366
-204.500 886.509
-891.500 187.497
-891.500 187.889
49.501 915.505
-847.497 -352.497
-917.509 81.504
-647.500 657.499
890.503 246.496
-818.508 433.500
-204.495 -904.502
-159.500 -914.499
789.499 491.506
-628.503 -688.499
64.492 -931.496
-357.494 -863.504
269.505 -896.496
736.502 -578.501
-241.502 905.495
321.504 -885.495
138.501 931.506
-775.498 -541.501
-942.499 -96.504
-123.508 -942.503
514.499 799.502
818.505 491.499
-198.502 -934.505
325.499 897.497
-842.509 452.497
-655.495 -699.506
642.502 711.501
-34.500 -960.499
703.498 656.503
956.506 109.507
-100.496 -957.500
-361.507 897.493
726.501 -647.500
-651.500 -722.502
-973.504 2.493
-750.506 622.502
-473.498 -858.503
-651.501 -733.522
-984.495 34.499
-962.709 218.650
-916.927 373.497
707.495 -697.497
-969.926 216.300
-925.502 -366.502
-249.507 963.495
846.498 -527.496
-900.495 427.506
-252.502 -965.503
-924.516 373.493
909.503 -414.497
-999.502 13.504
739.507 -680.497
-435.499 909.504
306.495 962.495
882.531 -496.500
883.260 -496.145
568.499 -839.494
886.304 -496.502
-500.500 886.496
872.503 535.501
-1027.490 -67.499
-527.496 884.501
-910.500 -484.510
-40.496 1031.500
410.498 949.504
1008.500 233.503
-439.492 -938.497
-3.507 1046.500
974.504 385.502
346.493 988.498
1048.500 44.498
-157.501 -1037.500
-823.497 -650.502
-497.503 -925.502
-663.504 817.498
-463.493 -946.500
-728.495 761.497
-198.497 -1037.490
114.497 -1052.510
461.500 952.500
-1028.500 -281.500
-820.505 688.492
945.499 505.499
-698.495 814.501
-301.501 1032.500
778.501 743.499
-1066.500 144.494
262.503 -1045.500
-898.499 595.498
700.498 -822.504
-504.506 -957.501
416.500 -1004.500
1043.510 -322.506
357.494 1031.500
386.500 1022.500
571.499 932.503
-185.504 1084.500
677.492 870.493
391.506 -1043.500
-277.502 1078.500
820.500 762.502
-1082.500 303.505
1023.510 476.497
171.499 -1122.500
763.500 -844.499
-192.500 1122.500
488.499 1030.500
-1139.500 45.510
-169.499 -1134.500
1146.500 -42.499
-511.503 -1030.490
492.502 -1041.490
38.499 1151.500
1029.500 526.496
-1076.500 421.505
420.505 -1078.500
702.119 926.358
-794.502 850.497
697.500 932.503
595.508 1002.490
-1124.500 -309.502
-673.500 -956.491
1170.500 -160.497
991.503 648.498
595.502 1024.500
732.498 932.505
1136.500 -347.491
517.501 1071.500
-1188.500 61.501
471.498 1093.500
785.498 898.502
556.502 -1057.500
-1173.500 -245.500
-1076.510 540.504
-1008.500 -662.501
-902.502 -808.504
-165.496 -1205.500
-1102.500 512.506
-581.497 -1073.500
541.493 1096.500
-991.497 -732.497
-1186.450 -348.850
393.499 1173.500
298.505 1202.500
1191.500 -354.506
-505.503 -1136.510
787.499 962.990
616.501 -1082.500
-719.495 -1017.510
675.496 1047.500
-1196.430 -351.659
-1081.500 624.504
547.502 1124.550
-1248.510 75.507
1231.500 249.495
493.505 1156.500
981.511 -792.499
547.500 1136.510
595.502 1115.500
532.493 1152.500
1273.500 -76.488
-636.500 -1105.500
1181.500 -488.501
771.504 1029.500
-755.502 -1048.500
-1131.570 632.981
620.499 1139.500
-772.497 1042.500
-1298.500 -48.498
-1133.500 649.497
1107.500 -697.497
-698.499 -1110.500
567.500 1185.500
1307.490 176.496
-1041.500 817.497
-1306.500 228.503
-579.493 1193.500
951.498 930.506
1012.500 864.509
817.503 -1058.500
1125.500 726.496
-1236.500 -517.502
-1189.500 -632.494
929.500 -977.509
-753.493 -1125.510
-1202.510 629.503
650.507 1192.500
-983.499 937.499
834.497 1074.500
1293.500 449.502
1283.500 495.512
-684.503 -1194.500
795.504 -1128.500
-1225.500 638.501
-701.498 -1198.500
914.498 1046.490
-801.494 -1137.500
-1259.500 -591.505
-766.506 -1167.500
786.497 1162.500
-1018.490 966.504
1261.500 625.492
-1236.500 673.507
-1193.500 -762.498
-1417.500 -87.500
839.498 1157.500
-1252.510 -697.499
-1434.500 -39.499
-797.502 1193.510
-1373.500 427.501
974.325 1066.390
889.515 1138.500
-970.503 -1075.500
1077.500 968.496
-997.501 -1052.500
1317.500 607.499
-848.501 1176.490
-1000.500 1053.500
-1432.500 -273.501
-1198.500 -833.506
1397.500 442.504
-1361.500 547.497
-1461.500 143.501
-1453.500 223.503
-1451.490 263.493
898.506 -1172.500
957.500 1125.500
1249.500 789.497
-1378.500 546.500
1106.500 997.500
-1491.500 -45.496
1223.490 859.497
-1067.490 -1047.500
-1281.500 775.504
1508.510 22.495
1510.510 -30.498
-978.500 1152.510
-1179.490 -949.505
-1144.500 -1005.510
1527.410 -21.036
-1511.500 -216.509
1534.230 -18.498
-1018.500 1166.500
-1261.500 920.497
-1421.500 -650.498
1251.500 -946.494
-1331.510 839.499
1139.500 -1089.500
1539.500 -349.501
-1191.500 -1038.510
-1327.510 -859.501
-1491.500 -525.495
-1349.500 -829.496
1522.510 450.500
-1237.500 -997.501
1562.500 300.506
1414.500 -737.504
-1568.500 -295.500
-1517.500 494.504
1439.500 723.500
1505.500 582.502
1219.500 1074.500
-1174.500 -1161.490
1205.500 -1136.510
1425.510 863.499
1420.510 -883.499
-1481.500 -784.496
-1418.490 -896.500
1196.500 -1186.490
1557.500 -656.497
-1449.500 -917.496
-1322.500 1119.500
1481.500 929.493
1579.500 860.496
1470.510 1053.510
-1442.110 -1114.840
-1442.000 -1116.050
-1614.500 -857.489
1470.500 1107.500
-1459.500 -1129.500
1583.510 -956.498
-1523.500 -1065.500
-1571.500 -1003.500
-1598.500 -965.494
-1495.500 -1163.500
-1558.500 -1131.500
1618.510 -1055.510
-1611.500 -1069.500
-1580.120 -1123.370
-1581.550 -1123.000
-1580.500 -1155.500
-1611.200 -1141.080
-1611.470 -1142.430
-1572.500 1199.500
-1615.500 -1170.500
