0.514 -0.502
36.495 -23.502
-51.499 9.499
-14.500 70.503
-99.497 -12.503
94.497 -40.501
-76.497 68.497
-5.498 -126.500
-63.497 131.509
-142.498 32.507
134.501 84.498
-72.502 -145.499
10.502 169.502
118.500 139.497
-88.499 163.504
-16.506 207.503
-112.408 175.414
28.491 210.503
-212.500 20.504
-78.496 198.497
-195.510 -88.499
79.503 -202.498
60.503 212.505
18.503 231.505
115.499 208.507
197.501 -152.501
252.491 65.498
-112.508 -244.500
114.500 247.504
-78.504 270.501
65.505 -286.501
91.500 279.498
41.501 -295.505
44.500 -316.501
-306.503 100.496
45.029 -325.361
100.497 325.504
282.496 -199.110
282.496 -199.498
182.502 -298.505
329.496 127.491
-235.498 275.489
-276.492 -248.497
220.492 -316.505
53.386 387.505
-388.496 75.503
401.489 -45.505
-259.506 -312.496
209.496 350.493
400.503 -106.504
51.009 414.522
296.508 -300.506
-179.499 -384.503
-312.504 303.499
50.899 440.931
50.877 441.005
-442.720 39.831
72.999 442.837
67.738 444.248
-449.863 38.127
451.507 33.498
-434.503 135.499
-266.502 371.497
346.501 301.500
292.498 376.508
4.498 478.504
367.500 -308.496
-290.501 381.495
91.499 471.489
-433.496 -216.504
-277.501 401.496
-477.503 -111.501
213.497 -450.499
-217.499 448.498
142.497 482.496
11.497 507.496
94.497 502.503
-160.499 486.500
-493.504 -177.499
29.498 -528.501
-84.496 532.498
-431.498 -331.499
191.503 -511.506
530.498 -140.504
-483.506 -271.501
378.501 -408.513
427.507 356.506
550.500 -93.501
534.501 177.506
323.500 -461.499
-91.502 562.503
184.501 -540.502
244.504 518.501
223.506 -532.496
-11.504 -580.505
245.497 -526.500
-416.506 408.500
-432.500 -393.503
-197.500 553.507
-197.501 553.896
-43.500 -606.508
516.501 335.500
-355.507 505.492
490.501 380.502
399.501 479.499
-459.506 422.500
178.499 -606.499
-549.497 316.504
631.500 -70.499
544.501 -329.491
-264.028 580.462
-268.854 578.921
-412.498 -495.498
525.496 375.497
254.490 593.502
-254.506 -594.497
114.499 -640.496
201.505 624.497
-231.505 -616.495
590.502 296.496
-651.501 110.500
-70.497 657.497
-624.502 -224.494
536.499 392.501
8.495 -665.503
-381.509 -545.507
-315.492 -586.504
65.506 -665.498
-512.500 434.495
647.496 -193.498
-40.496 -674.508
624.494 259.503
677.508 10.495
-538.507 -410.504
-558.499 -383.502
482.494 483.499
490.024 476.977
655.499 198.493
-82.503 -681.507
678.493 137.499
534.495 -443.496
473.502 -508.503
529.975 -451.017
198.497 667.497
-687.489 -113.502
679.499 165.501
529.503 459.495
-458.505 -533.496
425.499 -562.496
-648.497 279.502
338.497 620.495
-419.505 -571.496
673.501 226.505
-50.496 -710.497
478.498 -537.496
186.493 -702.502
517.497 -521.506
74.493 730.502
-719.500 161.494
-664.492 323.498
23.501 -740.504
738.500 -86.503
8.496 -743.506
-666.501 -338.499
-611.499 -437.492
-375.502 660.499
610.500 -462.502
-761.501 91.496
372.501 673.493
-131.494 759.505
743.500 -208.501
-225.937 738.264
-233.519 737.702
416.491 656.503
553.502 -549.501
-711.494 317.496
-634.502 -454.495
286.508 731.497
-400.497 -677.497
780.489 107.496
761.498 212.499
478.499 -633.500
692.498 387.502
591.511 538.501
-281.501 -749.500
539.506 598.498
577.503 -564.501
-569.503 578.496
-136.496 803.502
519.503 -636.502
-212.505 792.501
717.504 -402.502
-784.498 -265.497
723.469 -414.107
-158.505 821.497
-88.498 841.506
243.505 -813.497
582.503 617.495
273.503 -808.503
-696.506 493.507
643.497 -572.497
-374.504 776.503
855.491 126.496
-768.496 -395.503
705.498 501.498
750.501 443.494
-859.505 -145.494
-815.497 -309.500
266.504 -835.502
70.498 -875.502
283.501 -831.506
-620.049 -621.938
-621.702 -623.832
-276.500 -840.507
506.503 -726.496
195.502 -864.498
885.504 -44.498
373.497 -810.505
-633.132 -631.059
-727.499 -520.494
-750.501 -487.500
-687.499 -574.501
-826.501 346.495
-693.501 568.499
226.503 870.502
-471.491 -767.501
803.499 411.498
843.505 -341.498
194.506 888.502
308.501 856.501
378.498 -834.501
-45.503 -916.502
-694.503 606.502
745.501 -550.501
745.497 559.498
-660.502 -658.502
-142.504 -925.508
509.501 -791.501
942.495 29.503
475.496 -821.506
-755.504 -573.498
-711.502 -627.503
-275.494 -908.501
-401.505 866.500
-729.449 -619.516
917.501 -279.503
928.504 -252.500
825.500 -496.499
-331.495 -904.500
616.497 741.498
-777.497 -573.500
-924.501 -286.492
-378.495 895.496
-727.496 -646.503
953.500 217.504
-951.490 -227.502
651.490 730.499
-751.901 -633.052
-751.988 -633.931
-216.503 964.498
-982.498 -118.507
-945.496 -305.500
-635.502 766.501
-935.498 -343.503
-780.499 -620.498
428.497 900.502
-836.497 -544.493
-753.500 -656.502
985.492 178.506
470.492 883.502
967.503 265.504
547.497 840.501
-76.501 1002.500
878.500 -512.494
-863.490 -544.498
896.499 -497.504
-868.500 543.504
44.507 -1029.500
1001.500 -273.498
654.495 805.506
794.500 -670.500
-854.504 -598.497
443.494 -946.496
23.500 1047.490
-386.498 979.497
1035.500 208.504
-817.496 -683.501
415.500 982.493
-864.502 -627.493
378.495 -1000.500
878.503 617.497
-432.561 984.953
-144.503 1066.500
-629.497 -874.509
744.500 779.497
201.503 -1061.500
-272.497 -1045.500
-807.913 -717.757
-1081.500 16.499
-790.504 -741.501
1045.500 293.501
-938.496 547.500
293.505 -1048.500
-633.723 884.881
-27.499 -1089.500
1090.500 -33.503
445.501 -996.497
-1085.490 -116.504
-434.499 1001.500
507.502 -968.505
-645.500 882.499
-495.500 976.502
-822.500 -724.503
680.498 -860.491
962.499 -529.499
-749.494 -804.505
152.503 1088.490
-1092.500 -145.500
1047.500 -357.500
-393.493 -1034.500
-985.497 510.498
-1080.500 -257.507
-516.500 984.499
-1106.500 174.501
-761.500 823.506
852.496 -741.497
-796.494 -801.491
-1005.490 515.502
953.499 611.501
-1006.500 -522.493
93.508 -1131.500
554.505 996.507
1018.500 -521.498
-528.493 1018.500
-1122.500 240.497
605.500 -977.496
-580.500 -993.501
-57.504 1151.500
942.497 669.495
574.501 1008.500
-389.504 -1094.500
-1107.500 -352.500
-853.499 -790.495
950.501 -674.500
465.507 -1070.500
-1001.500 614.499
-954.505 687.496
305.493 -1143.500
1142.510 -321.499
-1177.510 -151.500
62.495 -1188.510
-1022.510 -616.497
-755.506 -936.504
635.511 -1025.500
1202.510 -104.494
-650.506 -1020.500
-29.495 1211.500
1157.500 370.503
1144.500 -415.497
-812.500 -907.500
1174.510 -325.490
451.499 1131.500
-1120.510 -483.506
849.511 880.501
1145.500 447.499
1208.500 -238.503
-357.495 1181.500
-1163.500 446.503
1175.510 427.496
638.504 1075.500
-788.503 -974.086
-788.503 -974.192
-572.499 1117.490
-1248.510 -179.497
-864.508 -921.498
-892.507 -894.500
-1226.500 316.505
-767.660 -1010.760
-776.209 -1004.700
1128.500 589.500
714.502 1053.500
1268.500 -146.501
1090.500 -682.501
1276.090 172.137
-861.507 -956.507
1278.500 175.501
1118.500 -646.501
-877.498 -947.499
1047.500 779.508
1308.490 -14.496
950.503 903.500
-999.495 -853.493
1261.500 372.498
939.500 922.500
545.504 1200.500
583.498 1185.510
-1251.500 444.501
1120.510 -718.512
843.496 1030.490
-619.503 1178.500
1319.500 -271.503
-1340.500 -157.494
980.496 945.504
-1112.500 -789.499
-1296.490 -426.504
-1359.500 177.503
965.505 -978.495
-1093.500 835.506
1202.500 -687.502
-1366.500 224.503
1296.500 -491.506
835.500 1107.490
931.152 1028.500
931.503 1029.640
816.494 1129.500
1076.500 892.500
1381.490 -231.491
821.495 1164.500
-821.496 -1169.500
-1162.490 830.496
-1430.500 -1.497
-1219.490 -754.494
1221.500 752.505
1428.500 139.502
862.500 -1155.500
-1052.870 -996.172
-1053.060 -996.319
968.505 -1083.510
1272.500 -709.497
1002.500 1057.500
-1028.500 1031.500
-1222.500 809.500
1135.500 -936.495
-1184.500 884.500
-1479.510 140.493
-1430.500 444.502
1465.500 -352.497
1334.500 706.499
1081.500 1063.500
1315.500 757.501
1490.500 -300.499
1445.500 473.498
1506.500 -228.500
1450.500 -482.501
1339.500 -739.495
-1455.500 468.505
-1058.500 -1115.500
1504.500 -336.505
1187.500 993.499
-1161.500 -1037.490
1148.500 -1056.500
-1396.500 694.506
1009.500 -1193.500
1544.500 252.501
-1532.500 -348.498
-1466.500 566.504
1045.490 1175.500
-1393.500 734.500
1580.500 42.498
-1158.500 -1077.500
-1356.500 822.499
1106.500 -1141.500
1594.500 -33.493
1523.500 -508.504
1611.510 -38.501
-1563.490 -460.501
-1258.500 -1039.510
1272.500 1037.510
-1371.500 -909.498
-1586.500 444.507
-1554.500 -549.498
-1338.500 -975.497
1557.500 566.504
-1617.500 -375.500
1388.510 -970.500
-1279.510 -1112.500
1244.500 -1162.510
-1555.490 690.498
1370.500 1011.500
-1511.500 786.496
-1267.240 -1148.580
-1267.190 -1149.030
1358.490 -1055.500
1562.500 725.500
1440.500 947.505
1603.500 645.489
1584.500 695.503
-1290.500 -1155.500
1541.500 794.499
1574.500 -732.505
1543.500 -800.498
-1307.500 -1149.500
1462.490 -972.499
1503.500 918.496
-1316.470 -1174.810
-1328.490 -1163.500
-1315.780 -1180.090
-1328.290 -1167.020
-1321.450 -1178.190
1421.500 1065.500
-1322.500 -1206.510
1405.500 -1122.500
1472.500 -1045.510
1501.500 1064.500
-1615.500 884.505
1573.500 1001.500
-1516.490 1160.510
1544.500 1173.500
