0.499 -0.505
-12.500 -27.496
-128.496 6.500
-138.495 -29.501
15.502 144.504
-42.495 142.491
169.499 -11.509
120.502 130.496
-85.503 -161.501
167.492 78.498
168.499 100.494
75.501 -187.500
222.499 -52.498
31.499 227.495
-106.502 209.498
214.500 -107.499
-102.497 231.501
-24.498 261.499
-192.498 195.502
-143.501 243.497
-94.506 299.501
150.494 295.498
-133.941 308.031
-137.048 308.963
214.509 267.502
-120.503 330.501
341.500 103.505
-185.493 -307.501
266.505 247.500
355.506 -84.499
-234.502 -290.501
-227.499 295.505
387.492 12.504
-385.881 -60.125
-312.843 233.960
-389.008 -59.890
71.499 -395.498
408.497 5.497
-322.497 250.501
-49.502 410.499
-401.838 110.933
422.501 -25.497
202.497 372.493
333.494 -264.490
-414.501 126.501
-431.354 -72.043
92.504 431.497
199.501 398.501
-372.496 -246.510
-288.504 -341.498
-442.506 83.501
-274.503 -379.508
66.489 463.504
-313.497 352.495
444.497 182.493
-241.502 422.496
-415.500 -254.501
-127.503 482.503
-59.499 -503.495
-114.510 -498.492
-466.492 216.502
-363.514 380.496
320.602 418.834
323.443 422.471
-374.500 -379.504
513.496 152.504
-516.496 138.507
-538.498 -6.494
167.497 -517.499
-4.501 -545.499
-511.499 -192.501
-1.502 548.501
-229.499 -504.501
362.502 -435.501
-230.497 519.497
-569.493 69.494
520.505 -248.500
245.500 522.500
-19.500 -587.499
592.499 -14.505
186.503 562.495
-234.506 -552.502
-44.508 -603.505
-513.497 -342.500
-426.494 452.504
-583.499 220.100
-583.506 233.492
-598.499 251.499
-184.504 -623.497
647.500 -101.495
-591.498 282.504
-47.502 658.497
377.493 -552.505
568.495 -353.498
575.277 -370.060
-681.501 66.499
209.489 657.499
633.495 -283.503
294.494 -646.493
-28.494 717.493
-614.496 382.499
532.502 509.505
-532.495 541.497
567.501 508.499
172.508 -743.498
542.499 554.504
-246.500 -742.503
-418.495 671.501
779.496 -143.502
195.506 -776.506
-731.497 348.498
371.498 -722.495
-732.499 -366.505
-535.496 623.503
-705.484 423.640
-454.494 -690.498
-826.504 10.498
-712.898 421.997
-492.498 678.502
247.494 -806.502
604.496 588.496
575.499 -626.498
-446.498 722.491
-557.498 -643.500
-752.507 402.504
-427.506 -740.504
-358.503 -776.498
836.504 184.500
-771.501 -372.499
149.493 -845.493
848.828 -143.181
423.501 -756.509
807.499 315.502
-817.496 -290.502
877.499 -28.498
408.501 782.502
-36.503 -885.501
882.500 -129.503
-640.498 624.497
-346.505 830.504
90.498 -909.501
-377.501 831.499
-743.497 -546.502
-114.497 -923.494
281.493 -890.503
-270.504 -899.502
-490.502 -803.501
749.501 573.495
939.500 150.498
126.494 947.495
-609.501 738.489
-670.507 686.502
960.493 132.498
274.506 -942.506
238.500 -952.499
-658.501 728.501
-234.491 961.501
-829.504 -541.498
-771.503 621.492
-745.499 654.505
604.501 -802.494
-959.504 319.497
605.501 814.506
-446.503 911.496
577.502 -840.498
-823.504 -600.497
-128.501 -1012.500
-9.498 1032.500
-1030.500 -121.504
-86.496 1035.510
726.500 -749.500
-870.500 -579.502
127.504 -1045.500
556.496 894.494
-107.499 1048.500
-1066.880 17.028
-1067.200 13.190
774.497 -750.503
-878.494 625.509
21.502 1078.500
1051.500 -264.494
860.496 675.507
547.501 947.505
-40.501 1097.500
816.496 -742.501
-1084.500 -217.500
-449.499 1012.500
1112.490 3.500
33.499 -1113.500
1102.500 166.501
841.498 -732.502
-266.496 -1084.500
543.504 978.499
1121.500 64.503
-454.497 1036.500
-580.504 -973.503
-236.500 1108.500
-1128.500 -197.496
-139.499 -1145.500
418.498 -1077.510
26.496 1158.500
-1104.500 -361.501
-509.496 1048.500
-840.499 824.495
-341.496 1138.490
-1097.500 457.501
-826.502 -864.497
1035.490 -604.501
-724.503 -962.502
-223.506 1183.500
-631.499 1025.500
-718.665 -968.638
-648.508 1021.510
1159.510 350.489
-382.501 -1152.490
-781.504 -930.499
-391.501 1158.490
-897.500 -831.495
-1079.500 576.498
1054.500 -629.498
-494.507 -1127.500
-578.503 -1087.510
-767.498 962.503
662.504 1041.500
-454.506 1147.500
539.506 1111.500
265.503 1209.490
356.498 -1188.490
-350.503 1194.500
-732.501 -1010.500
-791.504 964.503
-1200.500 341.494
-1160.500 479.498
1132.500 544.504
-777.845 988.406
-791.498 985.504
573.504 1130.500
-1179.500 -483.503
-848.498 -954.504
1284.500 -104.504
-778.502 1029.500
1264.500 -267.495
-1251.500 331.494
-707.504 1085.500
-1290.500 159.505
633.498 -1137.500
1169.490 579.499
509.496 -1203.500
1301.500 182.501
-1311.500 -98.500
1156.500 -645.510
-1211.500 532.496
627.508 -1179.500
-614.498 -1191.500
-860.503 -1035.490
1030.500 868.502
-1004.500 905.508
-1109.170 773.945
-1109.810 776.021
1193.500 646.498
1356.510 89.497
-1171.500 695.498
-1268.490 504.500
1339.500 -289.499
-805.495 1115.500
-1281.500 -515.503
1383.510 9.505
1189.510 -723.502
1297.490 -505.501
1005.500 965.501
-1024.500 -945.504
1262.500 626.502
756.497 -1190.500
1395.500 -246.502
1349.860 -471.904
-884.496 1126.500
1354.860 -474.316
-1286.490 634.497
-1439.500 70.499
1419.500 305.497
-1254.510 -737.506
1215.490 -811.504
1464.500 169.504
-1474.500 94.498
1012.500 -1085.510
1323.500 672.499
-966.501 -1138.500
1488.500 185.502
-1490.500 -207.503
1117.500 1013.500
1147.500 986.501
1466.500 387.499
-1098.500 -1053.500
-1286.500 -815.505
-987.501 1160.500
1412.500 587.502
-1217.500 960.493
-1044.500 1156.500
-1019.500 1180.500
1571.500 -138.500
-1265.500 -952.507
-1270.510 961.500
-1341.490 862.507
1270.500 965.497
-1232.500 1016.500
1536.500 -450.493
1350.500 863.504
-1177.500 1086.510
1573.500 377.499
-1508.000 595.984
-1508.110 597.189
-1137.500 -1158.510
-1111.500 1200.500
-1572.500 502.499
1472.500 750.506
-1467.500 -771.502
1335.500 989.494
-1349.490 -1038.500
-1482.510 -868.501
-1417.510 985.499
-1360.500 1087.500
-1595.500 -734.510
-1495.490 -926.494
-1503.490 916.505
1385.500 -1138.490
1489.500 1025.500
-1469.500 1067.500
-1397.500 1210.500
1550.500 -1039.500
-1552.510 1158.500
