0.505 -0.497
36.502 18.514
-86.494 14.504
-112.502 -47.505
58.497 -112.505
-115.497 -74.496
124.497 -61.500
-45.501 -143.494
-119.499 -96.504
-134.500 -104.499
162.503 -66.506
80.501 155.497
-100.509 -161.502
-165.499 -124.500
196.498 122.502
42.508 236.500
161.495 186.504
-135.496 -213.494
-40.502 267.494
-29.501 294.493
-12.493 -298.497
196.499 -246.510
-315.495 95.497
-374.500 16.506
378.503 33.502
-137.999 360.168
-365.507 -125.503
-147.322 359.512
154.774 -373.692
403.501 39.499
165.294 -379.080
415.505 -48.506
414.500 119.499
-424.502 -73.500
-171.504 407.495
-454.499 95.500
222.505 417.495
431.502 -198.501
456.496 -164.502
-487.497 1.503
-56.506 485.499
22.496 497.493
-358.495 353.503
234.500 447.502
-160.500 487.500
-110.499 510.499
274.495 446.497
406.502 343.502
386.503 -370.496
445.498 -300.493
106.494 535.493
95.502 -547.499
-559.493 -20.501
434.499 361.496
-87.914 -558.922
566.504 -60.495
595.501 20.498
250.499 541.501
460.502 -383.498
475.503 364.495
-599.498 20.502
-379.499 464.495
598.934 -77.938
-260.495 546.498
606.280 -79.561
493.498 -363.500
523.501 318.500
613.498 -30.499
605.505 -115.503
-455.500 -416.502
610.494 113.500
345.503 -517.501
608.500 -142.501
-365.499 506.497
86.496 624.503
241.507 589.501
374.492 -521.504
-205.500 609.505
400.493 -508.502
-639.506 -93.492
421.502 493.504
59.498 647.504
651.497 -33.500
-107.500 -652.497
-495.500 -439.496
656.504 -95.505
-656.501 -93.505
185.510 638.499
207.502 633.500
-335.499 584.507
582.501 343.499
-507.494 447.496
375.494 573.500
157.501 672.499
327.487 614.497
2.506 698.507
703.503 -39.493
623.495 -329.495
-213.496 675.492
-671.498 250.503
690.504 -201.501
669.496 -284.491
573.497 452.501
-212.502 708.496
648.500 -365.500
87.503 739.497
-679.496 304.498
333.497 671.499
438.502 -609.500
-3.498 751.497
754.495 -9.500
750.506 -145.501
-48.504 -766.501
-558.506 -530.501
537.498 -559.499
763.501 145.506
-644.503 432.502
-65.501 774.494
-19.505 -791.492
785.501 99.497
780.494 -137.503
-694.501 380.499
789.499 75.503
-795.500 -20.496
306.489 -737.508
720.504 344.505
6.500 -805.504
-743.498 317.499
586.497 566.508
-404.500 710.504
649.500 -499.501
355.501 745.500
-471.502 -683.499
781.171 -285.439
664.764 499.176
784.426 -279.719
122.503 824.500
769.498 -333.496
635.504 548.505
-349.497 766.496
-488.503 688.496
617.502 582.497
-707.493 473.494
-781.498 352.504
851.498 119.500
-846.501 160.499
209.501 839.500
86.499 863.492
845.506 234.507
730.497 -503.498
-893.501 13.497
316.502 -843.494
330.489 837.505
-801.504 -420.503
910.500 -23.500
-252.505 874.505
851.500 -342.500
916.497 -94.503
558.497 734.500
230.500 -894.500
-287.996 876.535
325.502 865.492
-287.776 878.774
913.499 185.508
-556.506 747.500
-923.496 129.498
-190.573 914.806
374.499 856.497
-193.288 916.440
-833.505 -431.499
-336.500 876.496
32.496 -942.498
718.499 -619.500
52.498 955.506
441.494 -853.500
-275.499 919.500
-642.501 742.495
-106.507 977.508
-344.499 923.499
-145.499 976.502
261.504 952.502
982.503 -121.499
999.503 34.503
-21.499 999.500
448.505 -899.499
-636.500 782.501
-561.501 -841.494
-750.509 678.504
-1006.500 -133.503
839.502 575.501
165.504 1005.500
1021.510 -29.493
-883.502 -513.501
-708.497 740.511
195.493 1010.500
-536.506 886.510
996.503 -294.495
939.501 449.497
881.498 565.500
818.505 656.504
192.503 1031.510
-503.508 923.499
107.497 1048.330
1057.500 137.501
69.496 1066.500
-843.499 666.498
-1019.500 -367.496
848.503 -690.503
-374.503 -1027.500
-645.495 -890.493
1082.500 -208.498
599.504 925.495
988.495 490.498
-176.497 1089.500
740.498 823.502
1048.490 -370.502
-193.503 -1097.500
-1076.500 305.508
817.505 -766.500
290.501 -1085.500
-238.500 1099.510
-545.505 985.500
-979.507 556.498
-890.503 696.500
7.493 -1134.500
-894.500 -710.503
1071.500 399.501
-1141.500 -118.501
-548.497 1024.500
-741.496 896.508
-563.493 1018.500
-584.504 1010.500
-864.491 784.491
-13.501 -1170.500
-217.501 1149.500
-1040.500 -542.497
759.496 895.499
1163.500 175.495
427.506 1096.500
937.502 -732.492
869.496 811.499
-541.500 -1074.500
1120.500 -459.498
-292.495 1175.500
-1105.500 -503.492
-1146.500 -404.504
792.499 -928.497
-1036.500 -658.495
-1058.500 637.500
928.499 -830.502
-1214.500 -277.499
-718.499 1017.490
1153.500 482.495
660.497 1062.500
1225.510 -267.498
-1200.500 -367.500
539.499 1137.510
1124.500 -569.489
904.502 878.498
-1139.500 553.502
-1238.500 -274.503
-1267.500 -99.499
868.499 934.499
1052.490 730.499
1012.500 799.501
1246.500 -382.493
943.503 -913.502
803.501 1039.500
1277.500 314.499
1126.410 679.496
1247.500 452.498
-934.493 942.495
-1148.500 -676.502
-1015.500 869.505
-982.499 -909.504
766.497 1103.510
-593.496 1207.510
992.492 -921.503
664.494 -1191.500
-1088.500 -821.498
-999.498 928.493
-1070.500 850.499
1078.500 843.506
-662.500 1204.510
1319.500 411.500
1381.500 -65.497
1250.500 601.505
-1370.490 -218.495
-865.501 1086.500
1373.500 -216.495
703.494 1201.500
-1311.500 -467.500
1398.520 41.482
1115.500 851.499
1096.970 883.901
-1186.500 -759.498
1091.510 914.527
1092.270 914.385
1092.710 915.924
1326.510 523.496
1076.500 946.498
-1352.500 513.505
1254.500 728.499
1431.500 346.501
1163.500 -910.505
-1230.500 824.499
-1476.500 190.500
1271.500 -777.497
-1117.500 -989.498
-1410.500 493.500
1170.500 -954.495
-1170.500 962.502
1452.500 468.501
957.491 -1206.500
-1524.500 243.497
-1142.500 -1043.500
-1155.500 1030.500
-1099.490 -1095.500
1066.500 -1129.500
1463.500 535.499
1019.500 -1191.490
1328.510 833.500
1500.500 496.510
1579.510 172.496
-1555.500 372.503
1482.500 625.501
-1442.500 -762.504
1266.500 1031.500
1454.500 -748.501
-1385.500 871.501
1228.500 1096.500
1334.500 -1008.500
1492.500 761.505
-1263.500 -1103.500
-1431.500 882.505
-1456.500 -864.490
-1414.490 945.501
-1285.500 -1117.500
-1263.500 1198.500
1575.500 766.512
-1537.500 875.501
1587.500 803.503
-1360.500 1148.500
-1467.500 1012.500
1379.510 1139.500
-1596.510 892.499
-1483.500 -1071.500
1598.500 -1016.500
1550.920 1146.420
1556.130 1145.830
