0.499 -0.496
-12.495 -52.500
74.505 -81.495
-18.494 144.501
98.505 -111.509
37.505 -148.495
143.500 84.496
-150.498 -81.503
-90.499 -159.508
1.503 200.505
199.495 -43.500
45.503 -201.505
-12.498 -219.503
221.504 -29.501
-239.505 -39.508
213.508 133.498
-170.501 203.496
253.501 104.498
-212.500 -174.511
-167.509 223.503
299.500 -42.498
129.500 281.498
-175.498 263.504
253.500 204.498
-297.669 134.196
-111.500 308.500
-209.500 -258.502
-330.501 45.500
-265.504 -206.499
-302.500 148.499
207.501 268.497
-26.502 339.501
313.495 -157.504
352.496 54.499
-331.498 -135.503
113.501 -343.496
102.772 -350.421
-293.502 -221.500
-363.506 -53.502
83.498 -363.496
372.504 -54.499
-287.500 241.498
-362.501 126.498
-34.497 -388.499
-278.508 -275.499
121.503 -377.500
-168.505 -361.496
217.498 335.503
-288.308 300.044
385.500 -160.500
-324.501 275.502
-300.475 303.485
376.506 -208.502
83.497 438.499
-379.500 -238.502
169.501 -422.498
-358.494 282.500
-324.506 338.502
473.495 -48.503
336.497 337.499
336.497 337.889
-9.497 478.506
435.501 -202.497
146.496 -462.504
-89.709 478.109
-454.500 178.500
-469.501 152.501
315.509 -386.500
-37.500 -499.504
-423.497 285.498
-468.980 -223.232
-470.430 -221.548
-454.503 272.503
379.498 -373.500
534.490 -11.502
331.499 -427.499
-210.500 -500.495
436.502 326.499
-319.495 441.493
-500.506 219.497
-523.502 160.503
-170.498 525.494
-504.502 -234.502
376.767 -413.229
344.501 440.501
376.994 -415.468
-556.498 -77.489
488.502 -292.503
-559.500 109.502
-560.501 -137.497
410.502 -409.496
458.224 -357.828
460.433 -358.352
72.497 -580.502
-142.494 567.498
-471.505 348.497
-264.498 -526.501
525.496 -282.492
-532.498 283.503
222.503 561.499
-118.499 593.504
407.494 453.503
166.500 590.498
151.500 -595.506
-500.501 -355.501
602.502 136.498
307.502 537.495
-406.503 466.501
-402.506 -471.503
372.497 495.499
73.498 -619.501
342.505 -531.498
13.497 -635.509
58.506 632.498
-132.502 -627.497
-272.505 -581.500
601.498 -242.499
-652.499 -3.501
661.499 -10.501
-123.502 649.500
586.494 309.503
301.499 -597.502
-409.508 -532.498
225.497 -637.501
547.042 406.118
432.498 526.496
-437.498 522.503
565.507 390.498
-317.499 -610.490
670.490 -161.503
-558.501 407.505
225.508 658.501
319.497 623.500
-15.510 -702.504
193.492 676.493
613.500 347.501
-703.640 -73.071
-573.508 -415.505
-679.498 210.496
588.502 407.491
41.497 719.504
-253.500 681.504
-144.497 -715.504
711.332 -167.503
430.499 590.491
682.504 -263.499
506.506 531.490
-526.568 515.160
487.498 -556.503
-527.848 518.394
-98.500 -734.498
-706.494 256.493
-487.506 572.496
-572.506 491.495
-736.499 -166.495
615.507 -458.508
493.495 -588.499
-14.499 771.504
-369.506 684.495
116.507 772.500
-723.494 301.494
-571.504 536.495
-532.504 576.493
-67.495 783.502
409.499 679.502
-258.500 750.496
-282.495 742.504
-608.501 518.500
779.503 -191.501
-449.498 -666.500
-736.502 -321.505
540.508 595.502
-658.503 461.506
-358.503 721.498
394.497 -705.503
-383.496 712.502
798.501 -161.497
741.495 -338.501
-589.499 571.496
682.499 -466.498
807.499 -179.495
517.505 -651.498
-648.502 528.495
-551.499 631.496
-671.497 517.505
-606.496 -596.505
849.500 74.499
-651.505 -550.494
-156.704 840.456
-286.505 -806.495
-156.729 840.525
-843.497 153.492
-691.500 512.493
-711.795 489.878
-717.226 484.997
788.507 -366.506
477.505 -727.505
-434.492 752.498
703.505 -515.498
-579.502 -655.504
382.501 -791.500
424.500 772.499
-803.499 -375.501
-678.499 572.500
549.494 698.498
-780.525 426.956
-207.499 -869.505
-538.521 714.871
-174.505 878.500
-201.498 873.507
462.503 768.503
-878.505 185.499
55.501 -897.494
-618.508 -654.496
778.501 -456.500
-550.503 716.498
-607.496 670.500
876.504 234.500
889.507 -214.500
783.812 476.867
254.499 -883.500
377.501 -838.506
780.504 490.505
912.497 148.503
621.501 686.497
920.501 110.496
-772.499 515.499
871.495 -330.500
123.511 -927.494
704.507 616.502
-264.506 898.500
775.495 -552.496
-708.497 643.500
-897.498 335.490
-566.498 775.500
-350.496 -903.507
594.496 -766.504
639.499 -731.505
-605.489 759.498
-960.505 162.501
891.499 396.503
-255.500 942.497
684.497 699.499
-702.490 -682.498
-695.499 694.499
-460.504 870.498
-943.497 -285.499
253.497 956.498
810.496 -569.494
-883.499 -453.499
-993.501 -47.494
84.498 -993.499
-968.501 242.504
869.504 -504.500
-855.499 -527.493
-57.505 1006.510
-979.500 -243.508
1010.510 -45.497
-1003.500 -120.504
-749.496 -679.492
85.491 1008.500
-884.502 493.494
922.500 424.495
-871.500 526.494
981.492 -277.498
702.502 -745.506
-1019.500 -119.504
580.500 848.502
-767.492 692.498
-1029.770 -127.740
4.500 -1040.500
996.502 -303.494
424.498 -952.495
604.497 -854.494
-849.501 610.505
-930.505 483.498
909.494 -531.503
800.502 692.501
782.496 -714.496
-847.506 637.500
963.505 447.494
1013.500 336.497
1034.500 -274.503
46.501 -1070.510
-850.496 -654.501
-1052.500 215.495
935.499 -531.501
111.499 -1071.510
859.509 -655.501
1039.500 297.506
382.505 1021.490
1064.500 255.491
643.684 -900.423
1108.500 18.493
652.977 -897.849
1084.500 275.500
410.496 1040.500
-533.503 -984.494
1052.500 -384.496
1071.500 348.499
136.491 1121.500
-1075.500 -352.501
-299.495 1093.500
851.493 751.505
129.497 -1129.510
-928.506 656.500
986.507 -568.499
-509.503 1020.500
1018.500 526.499
940.503 662.499
1056.490 -462.500
-1023.500 537.504
218.503 1141.500
1053.500 497.501
522.502 1046.500
-582.505 -1016.500
-609.504 1001.500
-1172.500 36.496
-802.502 -860.500
-787.498 -876.505
-268.502 -1148.500
-1079.500 473.503
1011.500 -615.497
1069.500 -521.492
843.507 839.497
217.498 1170.490
-1082.500 -497.505
-889.153 793.111
-287.495 1156.500
-886.788 797.676
1193.500 114.501
-914.503 784.498
669.510 1005.500
-74.495 1205.510
-906.807 808.319
-906.875 809.320
-1027.500 649.499
1213.500 130.499
354.503 1171.500
-1129.500 478.495
-378.496 1167.500
-1075.490 598.501
789.500 -947.503
-896.497 846.492
776.500 973.499
-1203.500 -326.492
662.506 1061.510
1027.500 -718.497
1245.500 -152.497
785.498 -979.495
1251.500 116.502
1258.500 -13.507
-1099.490 614.501
1136.490 -552.505
838.501 945.505
1025.500 -753.500
-1100.510 640.495
-1122.500 602.499
-1279.500 7.504
1130.200 602.156
1072.500 -710.497
1137.690 601.044
-1051.500 744.501
-806.502 -1007.500
780.505 1028.500
-1212.230 -448.988
1130.500 639.508
-1219.230 -451.365
-980.498 855.502
-1173.490 563.501
-1216.500 466.501
-1299.500 -182.505
-513.497 1212.500
1275.500 -343.500
888.502 -997.504
-908.502 985.497
1195.490 615.495
-1178.500 647.497
812.501 1077.500
-698.498 1156.500
1352.500 50.496
1301.500 377.503
-702.501 -1165.500
-1221.500 606.506
1217.500 -624.504
-652.506 1203.500
-1369.490 169.496
-967.497 1004.510
-1142.500 800.494
-1336.500 429.504
-826.504 1139.500
1294.500 563.502
943.504 1055.500
1417.500 4.500
-1325.500 500.504
1401.500 215.503
-1009.500 1005.500
-1406.500 -236.501
1265.510 661.504
1427.500 -137.510
1429.510 175.504
-1320.500 577.497
-1438.500 -147.513
-1163.490 -859.502
958.495 -1085.500
-1174.500 846.495
1356.500 517.499
1437.500 -210.500
1040.510 -1030.510
1374.500 -505.497
953.496 1114.490
857.499 1196.510
-1367.510 545.499
-1365.510 -557.495
1407.500 457.497
1402.500 -481.505
1261.500 -792.503
1286.500 -765.498
-1488.500 168.504
-1285.500 -771.503
1164.500 953.508
-1488.490 -222.492
1429.500 480.499
1271.510 814.494
-1263.500 830.500
1357.500 684.499
1437.510 -513.499
1332.500 -752.497
1531.500 -71.500
1257.500 877.505
1494.490 348.500
1408.500 -630.493
-1521.500 270.501
-1413.500 -644.503
1106.500 -1099.500
-1216.500 985.501
-1131.510 1083.510
1362.500 775.496
-1435.500 -629.500
-1570.510 140.501
1292.500 916.500
-1357.500 -820.504
1492.830 -558.223
1495.290 -558.048
1586.500 -187.503
1594.500 -113.503
1427.500 723.499
-1325.500 -898.500
-1541.490 452.494
-1253.510 1009.500
-1359.500 870.503
1408.500 -792.513
-1249.490 -1026.500
1447.500 731.503
-1563.500 432.500
1179.500 1130.510
1599.500 -353.501
1484.500 700.497
-1572.500 482.510
1467.500 -749.493
-1335.500 1004.500
-1539.500 663.496
1521.500 709.497
-1300.490 1093.510
-1446.500 -901.502
1367.500 -1054.500
-1484.510 887.504
-1341.500 1098.500
-1516.500 860.496
-1469.510 -944.501
1422.500 1024.500
-1460.500 968.507
-1372.500 1109.500
1614.490 748.506
-1394.500 1109.500
-1370.500 1150.500
1362.500 -1170.490
-1524.500 967.503
1391.500 -1156.500
-1585.510 919.496
-1531.500 -1047.500
1419.500 1200.490
-1418.500 1211.510
-1550.500 1087.500
1613.500 -1016.500
-1564.500 1120.510
-1598.500 1122.500
