0.498 -0.498
-60.505 57.502
-10.495 109.502
107.496 -73.496
-138.503 -36.500
-79.495 -137.502
18.503 -178.503
137.500 -133.496
193.500 -2.502
100.497 166.496
-178.504 -77.503
-73.503 -192.492
-37.491 211.499
-218.502 -17.503
47.499 -219.502
-202.497 -98.505
-42.505 -230.497
116.499 207.493
96.500 -219.511
-91.502 -228.503
62.820 251.665
133.503 -229.499
254.500 81.499
74.268 257.705
-259.503 88.499
78.495 272.494
125.501 -278.492
-79.500 -299.504
182.501 -253.495
-190.495 -250.505
238.501 -207.499
285.497 -153.507
-308.497 118.504
113.496 314.500
-128.500 -313.504
-158.499 -299.505
-320.505 -121.502
-30.945 349.394
-31.118 350.003
-272.499 -236.496
353.501 77.498
367.497 -18.501
-137.500 341.503
-182.506 321.498
216.499 -302.498
-225.498 300.499
131.495 358.500
-323.497 -206.505
-64.493 -390.507
-114.638 377.833
-357.503 187.502
-123.498 385.499
114.507 -390.499
23.502 410.501
188.505 367.499
377.498 -177.499
163.497 -387.494
-124.500 -403.501
412.499 -102.506
421.502 53.504
125.505 -408.498
-368.500 -215.506
118.498 414.500
-419.500 102.497
346.497 263.502
-355.501 252.497
420.503 -122.499
-61.498 434.500
412.501 -224.498
-151.493 456.499
492.505 -85.504
-184.498 -464.502
-391.151 342.263
-391.177 342.353
-449.494 262.495
494.506 166.494
321.500 -413.494
370.500 376.503
436.498 315.497
-540.503 8.503
-453.496 -313.493
507.499 221.497
528.507 172.503
-219.496 -517.498
234.496 514.495
-263.503 -501.499
338.501 -471.505
-577.500 -55.499
3.505 587.495
-471.499 -366.499
-554.501 -228.499
-608.504 -22.498
-69.499 611.501
386.501 488.493
-612.496 129.497
297.501 552.506
636.499 6.498
381.500 519.501
-164.506 -628.498
100.502 -646.502
-182.495 627.496
-40.503 -655.495
-238.501 -612.505
-656.501 -49.497
-355.505 -560.501
481.500 -462.505
666.504 50.501
-663.499 -77.496
-524.494 414.501
152.501 -659.489
-199.500 -651.502
-346.500 589.501
586.501 -356.508
-201.500 656.500
-682.502 -91.500
488.507 -502.503
78.571 -705.685
78.544 -705.759
712.507 43.504
-56.500 711.505
401.498 -595.503
668.496 -267.497
-629.497 -348.497
180.492 696.497
319.499 -647.499
-442.568 573.622
-101.504 -720.495
-687.500 235.506
-441.516 578.019
-642.500 342.494
-8.505 734.498
-452.202 581.375
-678.682 -290.729
-678.744 -290.822
-288.504 680.496
-553.063 496.234
-705.506 236.500
427.506 -616.496
670.495 -337.498
602.503 448.505
727.497 -191.497
-83.502 747.503
-561.154 500.635
250.494 -711.493
94.494 -754.502
-707.499 -277.496
-278.505 707.501
-751.499 -126.498
-104.491 755.502
-591.503 482.505
-760.499 -87.506
-759.965 -94.744
-753.499 145.496
-98.511 -766.499
3.502 -779.502
423.498 -655.502
471.504 -627.499
783.496 -86.495
-16.496 787.501
453.502 -647.502
-788.504 -52.508
380.500 -697.498
685.504 -408.499
714.499 -356.502
534.496 -610.498
-631.504 -517.491
475.499 671.500
-326.501 758.505
-830.504 -69.499
112.501 830.502
-766.454 -343.459
792.500 -292.504
-396.501 -750.494
211.488 -824.497
362.491 -783.499
859.503 -80.501
219.061 -836.101
185.498 -844.507
804.499 -317.506
486.501 -716.503
-479.497 726.499
-750.497 -443.450
-21.506 -876.494
-607.496 -632.500
-857.492 192.496
647.501 596.501
432.499 -772.501
-715.493 -527.498
412.653 787.729
412.626 787.804
-792.494 405.501
877.500 222.495
-892.506 -159.508
465.501 -783.498
899.498 146.499
656.497 -635.494
499.036 771.498
-218.130 -894.036
-897.496 -211.502
857.497 343.508
366.504 852.498
-861.498 352.501
-832.503 -418.112
-832.503 -418.501
-811.494 -459.500
183.501 916.502
-529.502 -771.500
-260.502 -903.512
394.497 856.502
888.490 318.503
-289.494 897.500
464.503 828.499
-430.493 850.496
-833.502 463.506
865.505 -404.501
522.498 -801.503
305.505 -907.494
426.503 -864.504
-966.497 -26.500
-232.498 -950.510
-36.500 -980.502
-679.501 716.499
866.497 -502.499
-63.501 -1001.500
355.502 940.502
-600.494 815.498
-266.505 -980.500
965.505 339.496
-201.504 1006.490
435.499 -934.496
-589.495 845.498
417.491 -945.496
-108.504 1029.500
-815.491 638.504
-100.492 -1033.500
17.498 -1039.500
956.512 -414.499
-277.501 1004.500
-795.499 679.499
-474.509 932.495
-921.493 498.503
692.490 -790.501
-569.502 -883.496
-281.504 -1014.490
907.495 -534.502
-1053.510 -7.497
-894.491 565.504
907.501 547.493
-1013.500 324.487
915.198 -551.477
916.004 -553.003
-951.500 -488.495
731.502 -791.498
1077.500 54.500
865.498 -653.503
781.494 -754.502
-509.499 -960.498
623.504 893.499
-625.496 -893.497
352.509 1033.500
-1041.500 -331.502
-1047.500 318.499
-234.504 1071.500
803.503 -749.500
-175.505 1083.500
1004.510 -446.506
317.493 1056.500
410.504 1028.510
616.501 -922.503
554.507 960.500
-498.499 990.507
-1111.490 -21.504
-562.499 963.492
-928.495 622.501
638.499 -921.504
-1123.490 27.506
-1083.500 299.504
1126.500 -30.501
-429.505 -1046.510
-797.495 802.494
685.502 -904.499
-565.500 -984.497
1121.500 209.500
-733.497 872.500
-355.503 -1084.500
630.501 955.503
-565.497 1009.510
-185.507 -1149.490
-591.494 1005.500
107.501 -1164.500
1176.500 31.502
-1076.510 -486.496
432.502 1099.500
-181.502 1169.500
-1167.490 -226.508
-818.317 866.038
-449.500 -1105.500
-1002.500 -647.501
-817.492 879.501
-138.500 1193.500
-1195.490 -124.498
-1142.500 -382.502
724.505 -979.505
1116.500 496.500
186.497 -1208.500
1173.510 343.500
-1183.510 312.492
-1165.500 -385.500
506.510 -1121.500
-1205.500 246.498
1221.500 175.497
-1080.500 603.494
1110.500 548.504
-557.500 -1108.490
-1184.500 394.497
678.493 1049.500
-735.501 1026.510
-1253.500 -184.505
-595.496 -1120.500
-1265.510 -97.501
-658.493 -1094.500
-1225.500 376.499
554.504 -1158.510
-1286.500 -4.499
642.496 -1120.500
717.495 -1074.500
-1063.500 -740.493
851.497 -983.502
-850.494 -984.502
-704.500 -1119.510
787.501 -1068.500
1065.500 -795.496
-1150.500 664.501
-1324.490 131.498
1333.510 -14.499
-1270.510 -412.492
1315.720 -240.572
1317.110 -240.820
-1282.500 -470.498
1090.500 -825.506
1363.500 104.507
1329.500 -323.496
843.861 1083.760
843.887 1083.860
1286.490 495.496
-1375.500 -106.500
1225.500 642.497
1256.500 -585.498
-1249.500 600.503
-1400.500 -61.499
1313.500 -494.496
1316.490 500.502
-1104.490 -873.505
899.495 1085.500
-1266.500 -620.491
-766.502 1188.500
1408.500 167.504
1210.500 -753.498
1420.830 155.568
-1308.500 575.501
1440.500 -21.504
-1409.510 328.503
1303.500 635.500
1159.500 -877.501
-1395.500 409.501
1106.510 949.505
-1406.500 451.501
-1486.500 95.504
-1492.500 -91.503
1479.510 357.507
-1482.000 348.498
-1482.510 391.503
1545.500 -34.499
1210.500 -964.500
1041.500 -1149.500
-1545.500 285.501
-1573.500 -23.504
-1030.500 -1200.500
1511.500 478.492
-1582.510 95.500
1576.500 -287.502
1372.500 -830.502
1461.510 -667.499
-1175.510 1111.500
-1336.500 924.493
-1296.500 -988.498
-1109.500 -1195.500
1285.500 1012.500
1187.500 -1134.500
-1618.500 277.500
1503.500 -676.495
-1463.500 -774.492
1270.490 -1064.500
1555.500 -663.505
1323.500 1067.500
-1589.490 610.507
-1269.500 -1137.500
1555.500 -735.499
1234.500 -1208.500
1454.500 -939.497
1481.500 919.503
1526.500 851.501
1549.500 -830.498
-1351.500 1166.500
1509.500 -983.500
-1373.500 -1171.510
1618.500 -872.495
-1486.500 -1101.490
1591.500 950.505
1604.500 -952.502
1586.500 -1036.510
-1464.500 1208.500
-1610.500 1048.500
1613.490 1147.500
