0.505 -0.494
-2.502 -30.497
47.497 -20.503
-20.009 -58.162
-25.252 -56.748
-42.118 -60.144
-42.095 -60.219
-81.502 4.508
-88.505 -23.504
-41.990 -85.994
-40.092 -112.030
147.498 13.493
104.499 115.496
7.496 -173.502
-174.502 29.506
156.502 86.498
101.491 156.497
114.502 -148.507
-182.495 58.498
-18.500 216.497
-2.502 -219.505
-160.496 148.498
196.495 -123.501
21.503 -250.496
-250.497 -15.503
237.498 111.504
-74.497 -267.501
-171.497 -228.499
186.497 216.509
-32.502 -286.500
22.499 -289.498
-285.501 49.499
-285.501 49.890
-64.494 -288.496
299.502 -23.503
-109.497 -290.502
-308.505 -51.505
269.503 161.500
251.501 -197.498
-218.505 244.509
-83.495 -329.495
312.514 144.497
-172.504 -300.499
329.493 -143.506
25.502 -360.495
-352.256 76.297
-222.502 286.499
-356.213 74.919
-176.505 321.498
126.504 345.497
95.502 362.503
380.499 -20.492
-358.504 -127.501
-368.504 -97.498
-182.501 -335.499
-206.873 -323.584
-311.852 225.505
388.000 -27.003
-316.519 225.503
205.502 331.506
-244.504 303.502
-329.500 -222.496
-382.500 -117.500
-158.507 -368.495
-296.502 277.501
390.500 -120.504
41.495 -415.500
427.496 -43.496
237.506 -371.505
432.495 89.503
425.829 -125.036
-109.503 -430.502
-443.499 4.503
435.506 -108.510
417.500 -165.501
-406.503 -194.498
161.502 -434.507
-171.499 -432.500
-458.503 153.508
472.497 107.500
484.511 31.506
318.495 370.497
-163.502 468.503
358.502 355.504
-93.500 -503.498
-67.502 508.500
-146.502 -493.499
-507.501 -90.507
-454.499 263.497
-238.502 -469.497
-297.496 435.498
-57.498 -526.505
492.503 -203.503
432.495 315.497
304.504 446.500
1.508 -544.501
440.507 -321.511
54.498 544.498
501.502 223.501
-195.503 -515.498
-549.501 -75.504
-405.507 -399.496
-310.498 -482.500
-227.499 527.503
535.493 212.500
526.507 -239.503
-455.503 373.509
361.491 -467.506
-478.511 346.504
596.505 -3.498
588.503 -114.492
535.499 282.500
-602.507 -64.502
-143.505 602.495
434.494 457.505
313.501 -549.503
632.494 51.496
559.502 -300.500
575.498 -272.501
-100.499 -634.495
642.496 -59.501
-460.495 451.508
-534.502 -364.500
-490.502 -425.505
453.503 467.498
-653.496 75.502
-295.500 -595.503
-84.505 659.498
-117.505 655.503
334.500 579.499
107.495 -661.500
-644.498 -180.498
584.496 -333.495
621.498 257.498
145.502 659.494
-169.501 -655.500
-504.841 457.872
584.494 -361.498
314.505 -612.500
-506.511 471.500
695.498 -90.498
-206.499 681.502
-13.502 -715.499
-546.619 -462.305
663.497 -286.492
-553.846 -464.647
-566.500 449.498
511.504 527.500
195.500 -710.110
42.510 734.500
195.500 -710.500
67.504 738.502
-585.501 456.497
-711.505 255.503
465.491 -598.496
-427.498 632.504
757.502 105.496
420.505 638.494
589.496 -491.498
-596.503 487.505
582.496 506.500
456.496 625.493
-745.498 -217.497
129.500 766.495
-760.502 -173.496
-777.497 67.512
-776.492 103.498
-784.504 -5.507
446.500 -647.502
201.493 760.499
-212.499 -760.493
686.499 -391.498
546.497 -574.498
-703.741 366.083
716.502 349.497
-715.502 364.503
-27.508 -804.495
-53.506 -814.496
464.497 674.502
347.498 744.504
93.496 -817.509
-808.495 -179.499
815.494 154.497
829.499 99.501
-377.504 747.501
-49.501 -837.504
318.501 778.507
356.500 763.497
211.510 -818.502
132.495 -835.500
760.505 -372.506
-48.870 -848.549
-757.494 -390.503
-587.493 -621.498
704.505 485.513
-382.503 -766.501
-634.503 577.505
-408.500 771.497
284.497 -827.502
654.503 -590.492
440.504 764.503
-188.497 862.500
674.506 573.498
693.502 553.502
799.504 387.496
-831.497 310.505
309.504 834.497
810.497 369.506
-824.499 -337.503
862.507 -234.499
851.502 -281.495
567.502 -702.506
677.503 604.493
-366.511 -834.502
-545.498 -732.506
-607.497 -691.498
786.155 482.500
786.501 483.641
-677.495 632.502
836.493 407.500
257.493 896.499
-923.498 -150.500
-393.504 853.508
886.500 -321.499
-618.500 710.498
908.496 255.499
-953.503 43.507
-284.497 -913.496
936.507 -206.506
-871.500 -409.509
467.506 -847.502
799.508 -547.505
852.498 -470.499
932.495 -291.506
665.502 -718.500
297.496 -934.503
279.504 943.505
126.498 -982.498
850.501 507.499
-600.502 -791.501
929.502 358.502
997.494 77.492
-258.493 980.500
-547.503 -856.505
-375.503 945.505
-807.498 -623.501
614.507 814.497
242.500 -993.499
-12.492 1023.510
1023.500 -57.497
-213.497 1001.500
-1023.500 48.495
370.501 958.497
652.499 794.500
-410.501 955.503
-1030.500 183.507
1040.500 -132.500
-746.502 -742.497
104.505 -1049.490
1053.510 -76.501
923.503 512.502
518.496 921.498
362.490 994.503
-7.506 1067.490
801.503 706.507
97.496 1065.490
-66.508 -1070.500
-1073.500 11.499
461.501 -971.505
884.494 611.497
-551.499 -924.499
161.501 -1065.490
138.507 -1072.500
454.592 -983.235
98.499 -1081.500
-1082.510 113.501
556.501 939.494
-1093.500 16.495
706.501 838.503
1074.500 228.505
884.495 673.504
-672.503 884.497
399.503 -1043.500
1026.510 448.501
539.500 -991.505
647.501 -925.500
908.296 677.480
-109.500 -1128.510
903.505 685.503
1003.500 -535.505
-684.504 -914.500
655.101 -939.342
855.502 -763.505
446.496 -1057.500
1140.490 -129.499
405.498 -1075.500
-664.503 -943.502
774.494 -858.497
351.495 -1103.500
845.494 -792.496
92.500 -1155.500
-921.500 709.509
-143.500 -1157.500
-534.496 -1037.500
310.489 1134.500
-797.504 -866.506
1162.500 232.511
-988.503 -658.498
483.498 -1088.490
-1080.490 504.501
24.505 -1194.500
1183.510 185.503
-502.499 -1092.500
-1158.500 324.501
-368.498 -1146.500
1101.500 487.499
595.506 1047.500
-917.506 -786.504
1170.510 -326.821
1172.500 -323.498
509.499 -1104.500
929.499 -785.504
-432.506 -1138.500
-343.504 -1171.500
907.498 821.507
-590.498 1072.510
-743.496 -974.494
-584.491 -1080.500
-543.498 -1122.500
408.497 -1182.500
884.504 885.498
578.503 -1112.500
471.497 1163.500
-769.498 -993.499
-1038.500 710.498
-1258.490 -50.508
-1233.500 -256.501
-1222.500 -324.499
-953.495 -835.494
451.501 -1185.500
-1226.490 319.511
1119.500 -608.504
763.500 -1027.490
1194.500 462.497
-1116.500 -629.498
683.507 -1087.500
-879.497 934.495
-1244.500 370.500
-908.503 -929.501
926.502 916.501
-1210.500 -487.500
1308.500 -33.502
982.494 -874.503
1217.500 -515.502
-1287.500 300.495
-1091.500 -747.497
836.498 -1027.500
1263.500 405.491
819.497 -1044.510
-896.503 983.492
997.503 882.498
1236.490 510.499
1118.510 738.503
-1067.500 -810.505
937.495 961.498
-1333.490 -180.500
-1348.510 -51.493
1188.500 -651.503
1135.500 -747.496
1075.510 -835.498
969.501 955.502
-895.499 -1031.500
1321.500 -359.500
-1090.500 -832.496
-1224.500 -628.499
1324.500 378.498
-872.496 -1067.500
1053.500 891.501
1109.500 -840.499
-1083.510 -873.500
1370.500 265.506
907.500 -1062.500
-739.500 1187.500
-1234.500 -659.499
-831.503 -1128.500
1310.500 509.499
-762.605 -1181.940
1406.500 54.508
-763.491 -1183.460
1396.500 201.495
867.495 1127.500
-776.129 -1192.980
964.505 -1053.500
1267.500 657.503
1419.500 174.495
1085.490 -937.506
1423.490 -247.501
-905.498 -1128.500
1442.500 127.498
1381.500 452.500
1080.500 973.500
-1420.500 313.502
-1230.500 -780.495
-929.497 -1128.510
-861.491 -1189.490
1340.490 603.496
1177.490 881.503
-880.937 -1180.030
970.503 1109.500
1250.510 -782.509
-991.504 -1096.500
1060.500 1036.500
-1325.490 -665.498
-1465.500 230.501
-1472.500 192.498
929.501 1163.500
-879.500 -1211.500
-1020.500 -1096.500
-905.305 -1196.070
-905.478 -1196.930
1308.490 -739.500
-1181.490 935.498
1111.500 1019.500
-936.507 -1182.500
1448.500 434.503
-1487.500 -273.501
-1484.490 -320.495
-1531.500 -51.499
1201.500 956.499
-1014.490 -1158.500
1537.500 -125.505
1301.500 827.493
1482.500 436.493
1082.500 1104.510
-1268.500 -884.494
1478.500 -456.497
1137.500 1048.500
1200.500 979.499
-1554.500 -27.495
-1555.500 69.507
-1402.500 -696.495
1143.500 1075.610
-1093.500 1128.500
-1027.500 -1190.500
1125.510 1104.500
1574.500 98.503
1143.510 1089.490
1424.500 702.494
1579.500 174.503
-1174.500 -1073.490
1500.500 -533.505
1320.500 893.504
1327.580 886.818
-1578.500 280.503
-1264.510 985.496
1077.510 -1189.500
1245.500 -1017.500
1197.500 1073.500
1517.500 -538.501
1433.500 -735.497
1544.500 487.505
1361.500 897.503
1163.500 1143.500
1424.500 -811.496
1291.500 1011.490
1472.500 726.505
-1498.500 -673.506
1224.510 1101.510
1404.500 -866.497
-1365.500 926.497
-1614.500 -358.498
-1294.490 -1030.500
-1578.500 -507.493
-1351.490 960.501
1424.500 867.508
-1545.500 627.499
1442.490 -849.502
-1199.500 -1180.500
1423.490 935.501
1563.500 -681.505
1256.500 1159.500
1402.500 1004.500
1402.510 -1006.500
1605.550 -648.114
1605.500 -648.503
1609.910 -648.501
-1479.500 -967.495
-1564.500 872.504
1478.500 -1034.500
1474.490 1058.490
1414.500 1145.500
1619.500 918.500
1476.490 1146.500
1570.500 1038.500
1536.500 1133.500
1618.490 1127.500
