0.498 -0.497
58.500 17.498
-101.495 -65.501
9.506 129.499
-134.501 -95.494
-126.496 107.494
-39.498 -168.498
201.504 83.505
163.497 160.498
-2.495 239.501
283.503 38.496
-116.498 264.502
278.500 83.499
-66.501 -286.500
-149.502 -273.507
-311.502 -2.502
-289.501 -126.502
-123.494 -295.503
-262.492 -183.494
-218.494 -235.504
191.498 260.500
70.501 325.505
-110.500 314.499
127.904 316.662
-173.503 296.496
134.493 323.495
261.501 237.497
352.503 -63.500
268.494 -252.497
370.494 15.496
242.500 -296.501
-114.505 -367.503
-383.504 -45.494
382.496 100.503
-76.498 389.505
-309.503 258.498
417.502 -29.505
-416.504 42.495
407.501 -126.495
-81.494 -423.502
358.503 -264.496
395.499 227.500
377.501 -269.495
218.495 419.505
208.507 -428.504
23.498 -483.495
54.501 486.503
-464.504 -166.503
274.497 410.506
-191.496 -467.508
-504.503 -52.501
-276.496 425.501
-428.499 291.496
-334.499 396.503
519.499 35.497
525.507 83.500
-49.503 530.501
195.508 505.502
476.503 -260.495
397.497 -384.495
-527.502 171.492
340.492 450.498
389.499 417.504
25.504 571.498
572.507 31.501
353.500 487.499
-447.499 -403.500
201.492 570.506
527.495 298.501
-409.500 473.502
641.506 -12.494
-125.499 629.508
426.499 484.497
499.501 -433.498
567.502 352.503
640.500 -204.500
185.500 648.502
430.507 522.493
661.505 -158.497
-152.497 666.497
406.502 -552.503
326.499 -608.502
553.496 419.498
-685.501 -184.891
-685.501 -184.993
-711.500 -47.501
28.500 718.501
-626.497 -355.504
649.491 316.499
-78.508 718.504
77.499 -720.504
-414.502 599.497
593.496 425.498
-85.494 -734.503
253.501 -704.486
126.495 737.497
626.502 -417.112
626.502 -417.503
749.498 -96.499
687.493 324.505
339.498 692.507
-507.501 -588.502
-675.499 390.502
631.504 -462.502
-784.503 27.495
718.493 322.515
-764.504 -204.497
794.505 -95.494
-561.496 -570.499
712.542 -374.458
-691.498 423.496
-661.504 -479.500
806.347 -144.753
808.496 -137.498
548.493 612.504
803.498 -177.499
-351.497 -745.498
816.502 156.496
-29.497 -836.498
692.024 -472.920
-199.497 814.500
-771.504 -335.494
-695.499 474.502
52.498 -852.497
791.505 -335.505
606.504 624.501
-799.504 -344.499
809.817 -361.118
813.436 -360.416
-339.497 825.498
695.500 -566.507
882.503 -169.503
898.502 81.492
-506.492 -751.499
-472.495 775.501
-547.498 729.497
44.501 912.499
-334.502 851.501
-460.502 -795.497
905.501 -162.499
869.500 308.501
-149.504 -919.498
-856.500 -365.504
922.507 -138.501
-915.500 -207.499
-894.502 296.497
840.502 -434.496
-948.503 -37.501
-316.507 897.500
-715.504 -628.499
754.508 593.499
-809.501 531.501
712.501 663.502
776.501 -593.495
-901.498 -376.501
863.500 461.497
150.496 -971.503
981.508 -130.495
979.503 153.507
-509.493 862.502
-423.495 -911.499
420.500 -914.501
996.504 147.509
-606.500 -810.499
-157.495 1001.500
955.495 342.496
1000.490 -173.502
958.498 -350.497
936.497 407.506
-919.500 -449.503
-1025.500 100.502
1034.500 20.498
208.495 -1014.500
757.497 -712.500
-235.500 1015.500
-892.505 539.496
-717.496 -765.500
2.496 -1050.500
914.499 519.501
-994.495 -348.496
-1014.510 314.501
1063.500 -123.494
901.502 581.509
40.502 1072.500
-624.506 902.494
-868.508 -680.498
1083.500 239.504
-63.492 -1113.500
-93.500 1112.500
-1117.490 15.504
991.502 -519.504
-869.496 -711.494
637.497 928.501
-897.497 -682.500
-760.494 -837.503
-469.501 1031.500
1030.490 -476.501
-1114.500 -213.495
-1131.500 122.499
105.491 -1134.500
-809.499 801.497
648.500 -944.507
-426.507 1076.500
-963.500 645.492
455.503 1069.500
1017.500 573.504
-748.504 -899.501
782.499 -881.502
-1003.490 620.494
-65.507 1182.490
-1109.500 -432.502
703.495 -965.500
-184.499 -1180.500
-736.501 945.502
-416.503 -1129.500
458.497 1116.500
16.998 -1210.000
499.501 -1108.500
1052.500 609.503
-1212.500 93.496
-1140.500 427.504
305.493 -1180.500
-1084.500 569.502
1229.500 -73.501
1160.500 -415.490
548.503 -1110.500
-1175.500 386.501
-1073.490 -623.505
1190.490 365.503
671.504 -1059.500
-1119.490 -565.506
-584.503 1115.500
1259.500 99.497
1237.500 278.507
-1259.500 -189.506
1212.500 -426.505
1229.880 376.239
-748.498 -1048.510
1234.870 371.134
1038.510 -765.512
732.502 -1068.490
1250.500 -340.497
-532.500 1193.500
922.503 -929.504
-1307.500 50.504
596.502 -1169.500
-1130.940 -672.497
1095.510 730.500
-1134.030 -672.497
1334.500 -8.328
635.499 -1179.500
1187.500 621.501
-1290.500 -362.500
1258.510 -480.499
703.499 1149.490
621.497 1196.510
-1245.500 529.500
-1173.500 675.504
1099.540 798.383
-1356.500 -92.498
1362.500 58.507
-975.501 -952.496
1362.500 -98.503
-1262.500 -522.501
1357.950 163.809
1357.890 164.362
1104.500 809.504
841.498 1081.500
1161.500 -754.499
-1321.500 433.498
-1178.500 746.498
-1366.500 -307.496
-1246.490 -640.498
-1394.490 -168.498
1408.510 -148.505
-1398.500 -229.495
-1333.500 498.494
778.507 -1194.500
1188.500 788.494
-1312.510 569.505
1412.500 -276.501
-1259.500 696.498
1203.490 -793.494
1144.500 -879.497
1396.500 -369.506
1347.500 -533.498
1385.500 430.499
-1444.500 -145.493
1394.240 416.744
1396.330 423.754
-1058.500 -1008.500
-918.506 -1143.500
1266.500 -757.491
1435.500 -357.506
-1436.500 -351.500
-1318.500 672.495
-1183.500 -897.501
-1089.490 1013.500
1311.510 706.498
1365.510 -599.508
-889.499 1197.500
1172.500 -939.505
-1321.500 746.496
-1383.500 629.501
1335.500 734.503
1395.500 -629.509
1413.490 587.501
1005.500 -1155.500
-1524.500 -142.499
1500.500 -331.500
1220.500 -936.494
1538.500 63.502
1361.500 -725.504
-1093.500 1092.500
1246.490 944.495
1513.510 409.503
-1445.490 614.507
1054.330 -1171.500
1476.500 -558.499
1460.510 -640.502
1531.500 -467.498
1601.500 70.494
1513.510 -529.497
1439.500 -743.496
-1552.500 -501.495
-1420.500 809.495
1536.500 -584.503
1256.500 -1067.500
1413.510 853.501
-1459.500 -774.498
1397.500 900.498
1240.500 -1115.500
-1510.500 -727.493
1522.500 709.502
1429.500 901.505
1274.500 1112.490
1503.500 804.504
1355.500 -1035.500
1609.500 586.497
-1263.500 -1162.500
-1289.490 -1143.500
1499.500 870.495
-1615.500 630.496
1355.500 -1192.500
-1564.500 933.501
-1547.510 967.499
-1436.500 1142.500
-1471.500 -1140.500
1480.880 -1163.160
1535.500 -1114.500
-1486.500 1198.500
1596.500 -1161.490
