0.501 -0.500
74.501 46.505
-32.503 82.504
158.495 -83.501
173.495 -58.495
-95.501 -176.508
194.498 -95.499
242.500 14.504
-247.500 -56.498
-91.499 247.500
34.504 273.500
-197.504 193.502
-176.498 -228.501
-220.504 203.502
149.497 -274.501
196.507 -270.502
-206.510 -275.496
-144.496 366.506
294.508 272.497
-320.497 281.506
-303.496 -301.499
-23.502 440.500
-220.498 -394.498
-299.501 -341.495
-437.512 224.498
-441.502 -219.499
328.502 381.503
-223.496 471.504
223.499 -488.492
-357.501 402.497
-504.500 -227.504
-183.495 548.499
-527.492 -245.490
-232.500 -535.495
-558.455 -255.744
-557.979 -260.706
-444.498 -447.503
-466.505 -438.500
-642.495 -107.498
165.498 -635.498
-509.506 424.505
551.504 373.490
649.500 151.499
664.501 -71.500
-543.509 -391.498
306.501 -600.504
236.501 -632.502
-559.500 -382.498
338.504 -593.503
-560.506 -426.493
-310.494 -637.502
-186.503 -687.503
133.503 710.501
642.500 351.494
-132.500 -725.502
-728.496 -112.498
-597.497 -441.497
-515.499 -560.503
692.505 340.497
-746.501 203.499
652.503 -419.501
774.498 -77.498
-768.493 -135.495
-17.502 784.504
432.508 -668.503
461.501 -650.502
-628.495 -497.502
-194.495 -778.497
297.496 746.506
453.499 -671.501
412.493 703.501
756.492 -358.494
675.496 -496.496
830.502 117.499
-457.503 -710.494
311.503 -799.501
775.503 -371.500
743.501 469.494
-738.495 480.502
-337.497 822.497
-803.497 -386.501
-36.498 908.500
-909.502 -1.501
-559.497 722.501
619.496 681.499
-924.502 -64.501
873.502 -335.506
-880.498 316.501
-353.499 -867.502
542.496 -764.496
-311.501 -884.498
-938.498 67.500
135.504 931.506
-250.504 -909.495
351.505 885.495
677.502 674.497
-858.499 -462.496
-4.499 -979.501
980.496 10.505
-36.500 981.503
713.497 696.500
664.500 -747.499
60.505 -998.504
976.499 -275.500
410.502 -930.497
-961.505 332.493
-1006.500 150.503
1033.110 -62.182
1033.500 -56.501
512.492 907.496
-976.500 366.501
873.502 -573.502
86.503 1043.500
974.506 392.501
674.500 -814.494
-997.501 379.499
-402.496 -998.503
1017.500 364.506
-888.504 624.501
-363.498 -1027.500
-513.502 969.496
-885.495 -661.499
-185.501 1100.500
98.498 1114.500
-991.500 530.499
796.496 -804.512
-902.501 -683.500
-689.502 906.502
-1072.510 390.506
537.496 1011.500
981.502 -600.502
-930.494 -687.501
-818.499 830.502
-1026.510 556.501
290.507 -1132.510
66.495 -1168.510
1121.500 -344.501
-544.499 -1040.490
-719.500 928.492
289.500 1145.490
1009.500 -617.498
403.505 1112.490
-1152.500 -288.499
1103.490 458.496
-771.503 912.500
-1157.500 -312.498
-927.497 -760.499
1200.490 -35.510
135.495 1198.500
317.495 1167.500
594.502 -1055.500
-472.500 1122.500
-1215.500 -104.504
-535.501 1097.490
-1227.500 291.504
577.493 -1141.500
-826.493 975.496
-754.502 1034.500
-911.501 -903.496
-1276.500 -136.497
-1192.500 477.501
-465.492 -1202.500
-974.499 -850.503
795.494 1023.500
-677.497 1108.500
1294.490 130.505
970.503 -868.501
-1248.500 -421.503
852.496 1011.500
-1087.510 -754.509
-1213.510 -531.501
-982.496 888.492
-1269.500 -393.507
-1183.500 607.505
-779.502 1078.500
646.502 -1168.500
-1326.500 148.502
-1226.490 540.503
-735.499 -1124.500
1147.490 -706.495
940.499 -984.502
1357.500 -189.502
-731.503 1165.500
-1376.500 -19.504
-976.500 -992.492
1392.510 -55.498
-1365.500 325.497
-1280.500 592.499
1249.510 663.499
1015.500 1010.500
848.503 1165.500
1390.500 391.503
935.506 1121.510
-1039.500 1034.500
1439.490 -305.503
-1266.500 -750.502
1397.490 494.503
1300.500 725.494
-1478.500 222.501
-1118.500 1012.500
1423.510 509.499
1348.500 736.501
1435.510 -560.504
-1255.500 -899.496
1475.500 -471.503
-1547.490 61.499
1529.500 -298.497
1236.500 -952.502
-1229.500 964.499
-1563.500 412.505
1410.500 -811.506
-1609.510 277.497
-1558.500 -552.496
-1615.500 -382.505
1358.500 962.497
1609.510 433.498
1532.500 669.497
-1162.230 1208.310
1320.500 1037.500
-1548.510 685.500
-1528.500 765.501
-1564.500 716.501
1497.310 857.508
1500.510 855.114
-1547.500 773.503
1276.500 -1176.500
1392.500 -1050.510
1266.500 1203.500
1272.500 -1205.500
1380.500 -1085.510
-1333.500 1154.500
-1347.500 1142.500
-1531.500 -933.502
1488.500 -1013.500
1495.500 1018.500
-1488.510 1087.500
1522.500 1146.490
-1592.500 1057.500
1562.500 -1141.490
