0.494 -0.495
-29.497 -10.501
12.505 -35.498
33.399 -86.136
-56.495 -114.497
-34.505 148.496
189.503 33.505
-194.501 -51.503
199.500 -42.501
-62.502 -220.500
-226.501 30.495
138.505 196.498
235.499 -58.500
-161.499 -183.488
65.491 -239.497
-121.503 -235.501
-200.501 -181.496
-266.499 78.499
-252.499 129.497
-222.497 194.496
250.503 163.502
-230.501 -193.496
162.503 257.494
24.500 312.499
275.500 -174.503
-189.502 292.494
-343.501 -73.498
321.502 -144.500
-352.502 22.502
287.501 217.500
-353.493 69.503
-232.502 283.507
261.494 271.498
-382.501 -64.502
-233.501 310.505
371.495 129.496
-379.500 117.494
168.506 -363.499
399.499 62.503
-398.502 -92.498
-401.500 126.504
94.497 420.494
216.500 373.500
82.503 -438.500
385.499 -240.495
-65.495 -449.504
-423.501 163.495
457.924 5.018
431.497 156.500
-347.502 308.501
224.496 -419.498
190.502 435.502
450.424 188.428
-255.501 -416.500
463.489 157.501
-281.502 401.496
463.505 -175.500
96.504 -486.494
448.881 215.422
-495.507 42.503
449.334 215.921
160.499 -475.498
438.501 246.513
-108.497 495.492
-3.499 508.504
-500.508 130.500
98.499 -510.498
-433.505 311.505
-480.500 238.503
-523.498 157.497
-92.503 -540.504
146.498 531.503
555.503 -83.494
103.508 553.498
-277.498 -495.499
568.500 27.503
124.506 558.499
-334.496 465.499
541.496 -216.498
-462.505 354.502
-303.498 -498.501
-585.506 19.503
-497.502 -312.499
299.501 506.503
-334.495 485.503
54.506 -590.508
-364.502 467.499
348.495 -484.500
-82.494 -593.507
-45.501 -601.504
-472.498 -382.505
-571.496 216.497
3.499 -614.502
297.499 550.508
-568.497 267.506
-132.503 -618.499
612.501 -163.501
445.492 -461.495
286.500 -577.499
637.500 107.500
-101.248 -641.458
-96.754 -642.794
-278.499 -587.502
598.497 -263.497
199.500 -623.501
555.494 -346.505
-480.502 445.502
-610.498 -243.497
-412.499 517.333
600.503 285.502
-49.501 -665.503
-668.493 21.499
575.498 345.500
-586.496 -331.509
-111.504 670.495
-101.495 -680.502
-626.511 300.508
-186.503 671.500
-675.506 -173.499
-446.511 541.498
300.493 -642.508
-101.498 -708.506
-100.499 708.491
-692.503 -198.499
196.502 -694.491
-720.500 55.496
64.495 -722.500
34.496 -727.500
68.504 731.503
-544.500 499.501
725.502 -173.504
93.502 740.499
712.496 -231.502
420.499 620.491
747.505 -96.495
-255.499 -712.506
763.504 19.494
686.501 -337.503
254.503 -729.505
542.494 556.507
-30.503 -777.500
625.494 462.505
-776.506 42.502
-775.557 -89.122
752.500 -212.500
698.500 354.501
68.504 780.507
-387.499 683.501
-540.505 -573.502
300.495 728.501
-787.495 -87.507
-285.494 -746.513
-803.494 -35.498
-632.510 497.499
-657.496 -466.501
-90.498 802.503
-579.500 -563.499
-799.508 170.501
116.495 809.496
829.506 11.502
702.497 441.505
652.503 512.502
-795.505 235.506
65.493 827.500
-788.503 266.494
-671.498 504.502
841.501 40.500
-699.499 -481.499
410.498 748.501
-729.010 458.511
-61.504 -862.499
-730.579 460.750
50.216 -869.747
872.501 38.500
436.500 758.495
46.035 -875.937
-870.501 118.506
636.987 -617.923
637.013 -618.019
881.496 119.497
337.499 -827.500
832.484 331.105
-657.499 -608.496
835.341 330.401
-502.505 744.506
-287.501 -856.497
-798.503 432.505
-112.502 -904.504
-790.498 -453.500
770.494 495.504
402.508 822.502
-682.502 613.503
29.503 -924.509
638.499 673.499
-372.499 850.501
-536.500 -770.508
248.509 -906.501
-577.506 740.498
-3.499 943.496
-833.986 442.029
614.500 -718.500
-833.635 443.225
-813.499 479.505
107.500 -941.498
935.501 154.501
797.503 -516.496
-93.505 -946.500
694.497 650.506
34.503 952.501
897.446 -331.610
78.496 952.502
897.729 -332.172
-942.500 170.502
942.494 -178.503
-247.508 -928.499
171.500 952.505
871.501 -423.500
380.496 891.500
968.507 54.494
-830.509 -516.506
-742.506 636.498
-712.498 677.505
-919.500 350.498
-285.495 -947.503
633.507 761.494
-359.493 -924.497
-884.496 451.502
969.504 221.498
-989.496 98.504
-776.495 -628.500
737.502 674.496
-838.501 -544.500
770.501 650.499
158.497 996.501
460.502 -901.506
-883.497 497.496
-1014.500 59.495
-1015.500 -56.505
-847.507 -567.499
996.506 227.499
289.499 -989.506
998.495 264.508
-989.503 307.507
-677.496 786.507
-865.494 -574.497
333.506 985.503
1039.500 79.499
282.046 1003.970
281.231 1005.170
595.494 -865.496
-839.504 -641.505
853.494 -629.498
-782.507 717.496
892.501 -585.502
-305.500 1023.500
405.506 991.502
-1023.500 -333.497
-54.816 1075.860
480.503 965.492
-264.500 1045.500
-903.502 -592.494
297.502 1040.500
574.500 918.499
-603.219 -903.702
-594.769 -909.660
991.498 453.502
602.498 908.499
-51.499 1089.500
765.504 780.502
1094.500 19.504
-110.504 -1089.500
1044.500 330.497
1100.780 -22.230
-30.498 -1101.500
1107.500 -41.502
1109.620 -15.667
546.498 965.497
991.499 -501.495
-647.507 903.494
-770.499 -802.505
564.502 962.498
-745.501 836.507
469.502 -1019.500
680.500 897.494
-1085.490 302.504
-890.505 -693.497
1129.500 -32.509
1115.500 -184.495
954.503 -620.496
-367.498 -1077.500
1137.500 98.495
347.495 -1088.500
-257.497 1118.500
-286.498 1114.490
-396.503 -1090.500
-1158.500 66.502
-425.499 -1082.500
527.500 1042.490
-233.497 -1147.500
161.497 1163.500
-1050.500 532.504
-295.882 1140.580
-1107.500 -409.505
787.499 888.496
1101.500 444.498
1018.510 -621.499
-1093.500 504.498
-1145.500 374.503
-437.500 1126.500
-818.491 891.498
926.503 -791.494
1157.500 -383.499
1218.490 72.502
-1180.500 -311.497
482.497 1124.500
-847.498 891.499
968.501 -767.495
1233.500 83.497
1182.500 360.500
-1082.500 599.496
1095.500 583.501
-343.500 -1194.500
-723.510 1009.500
977.499 768.506
339.497 -1204.500
-1076.500 636.501
1203.500 367.500
-1129.500 -566.495
-1093.490 635.502
1173.500 517.500
-1117.500 632.500
-1186.500 -499.502
503.497 1188.500
-1224.500 425.498
-701.500 -1093.490
-750.498 1061.500
-1241.500 387.497
-675.501 1111.500
-1240.500 -408.499
-528.496 1197.500
-528.497 1197.890
1264.500 -346.499
1275.500 -304.507
-1315.500 76.492
-987.498 878.493
546.500 1204.500
1331.500 -197.504
1342.490 161.505
-848.492 1053.490
814.503 -1086.500
1337.500 -242.502
-1085.490 816.505
-999.490 922.503
953.491 -976.501
1256.500 547.499
-1314.500 400.499
1353.500 273.502
-1071.500 875.493
-1378.490 130.502
1377.500 -167.501
-1386.500 31.498
-1388.500 -50.498
-693.500 1206.490
852.501 -1104.500
-1330.500 -421.504
-1393.500 -108.502
1204.500 -716.501
1241.500 649.497
1193.500 753.500
1403.500 178.498
-1366.500 -370.500
-910.219 -1090.010
-1376.500 347.500
-1159.500 829.503
1397.500 -290.501
-1260.500 669.498
1419.500 160.500
-1314.500 559.502
1241.510 723.498
1189.490 808.503
1412.500 317.499
942.502 1103.500
1291.100 666.141
1291.450 665.547
1345.500 552.505
-1459.500 -24.503
1468.500 70.501
1389.500 501.495
-1083.500 1004.500
-1044.500 1051.500
1439.500 369.498
1381.500 -560.497
-1495.500 18.499
1414.090 -525.367
1473.500 326.501
1422.390 -520.764
-1443.500 -491.497
-1486.490 355.504
-952.502 -1197.510
1511.500 -247.504
1310.500 801.503
1530.500 -172.502
1431.500 573.503
-1223.500 937.501
-1464.500 -488.504
1429.500 -610.499
-1480.500 477.503
1560.500 -109.495
-1307.500 -885.503
1583.500 30.497
-1532.500 395.496
1555.500 -329.499
-1406.490 769.508
1618.500 44.498
1618.500 -146.495
1225.160 -1075.010
1543.500 -530.498
1226.600 -1080.500
1578.500 430.504
-1361.500 -908.496
1600.500 357.501
-1257.500 1058.500
1462.500 752.497
1513.500 645.498
-1519.500 647.497
1528.500 637.491
-1612.500 -384.504
1590.500 480.497
-1410.500 903.498
1470.500 806.499
-1375.500 995.498
1319.500 1074.490
-1597.500 650.500
1619.500 640.510
-1456.500 993.497
1344.510 1147.500
-1504.500 926.498
-1462.500 -1009.490
-1346.500 1161.500
-1498.500 994.505
1489.500 -1022.500
1449.500 1086.500
1429.500 1164.500
-1396.500 -1204.490
-1507.510 1114.500
-1616.500 1030.490
