0.500 -0.504
-66.507 -34.496
71.498 -91.494
-84.500 -97.498
107.501 -139.497
184.502 -44.511
-59.499 -224.498
243.506 -90.497
-213.501 -148.503
-246.507 -97.497
-183.501 204.502
-250.503 152.498
82.496 -288.502
187.499 245.499
-310.496 -47.499
307.496 -70.509
-264.499 -174.496
340.499 74.505
-23.505 -358.503
-215.504 289.501
-106.490 346.499
-29.502 382.494
209.500 -342.504
-241.501 -349.501
105.506 -412.497
421.496 66.500
-177.496 387.509
-344.507 256.501
436.502 42.497
409.500 165.498
370.494 250.503
-384.500 -233.506
411.507 185.503
-355.753 278.352
-358.949 280.687
459.497 -41.498
217.505 408.504
-38.504 461.504
475.499 -64.500
172.503 485.501
222.495 465.498
-3.506 -535.498
-499.499 -235.494
-81.497 -549.502
-400.503 396.506
468.884 315.036
-318.500 473.511
-433.501 -385.500
-559.499 163.503
-562.359 154.903
-519.494 269.503
135.497 580.501
-462.510 392.504
532.500 -296.505
412.491 -464.506
109.496 610.501
558.498 281.498
611.498 136.506
-592.497 209.500
-439.504 453.500
211.498 595.498
611.495 -171.508
321.502 -552.495
399.501 -499.501
-642.504 44.503
638.509 -144.502
338.502 -562.496
-592.494 287.497
277.496 599.496
662.863 18.581
485.501 -453.498
-615.502 270.500
185.512 647.552
186.438 652.274
-410.493 -541.506
281.499 -624.503
-324.505 616.502
-480.497 -510.499
-331.497 634.495
676.974 -240.496
509.500 518.494
738.499 -72.500
44.502 -742.502
573.497 489.507
309.494 687.500
-582.490 488.504
763.497 23.499
218.497 -739.498
514.496 -585.499
-614.503 -486.503
-666.496 -421.498
751.499 -265.502
582.498 -545.500
333.500 727.495
771.502 -218.507
778.497 212.496
-611.507 -528.504
765.498 265.496
741.499 326.497
-34.502 809.504
-562.502 585.495
-447.501 -683.496
306.508 -765.497
824.502 -23.502
496.502 660.507
203.507 -802.496
-155.496 812.492
699.502 449.504
748.496 -377.503
829.500 -124.504
654.498 524.503
-720.230 -431.224
-720.005 -433.466
-642.493 547.495
337.502 -781.496
824.504 228.503
322.502 806.502
-537.496 686.500
-866.499 130.506
-793.502 -373.501
-857.502 -194.496
-876.497 -98.493
883.499 -117.502
-417.503 -789.498
710.496 549.495
153.503 -888.497
887.508 215.499
94.503 908.498
901.505 -190.503
127.506 913.979
767.501 -528.498
-935.499 39.499
15.498 -939.501
-239.500 -915.494
940.498 -127.498
238.509 921.503
-379.502 -876.499
-935.509 200.504
278.500 -929.499
-178.497 -956.502
350.497 907.489
-656.494 -719.502
433.498 874.497
971.499 128.504
891.500 424.497
78.494 984.500
904.504 -405.501
-214.497 -967.485
167.501 -979.499
-291.500 -954.505
956.500 -286.504
370.499 926.497
-853.493 522.505
-531.505 -850.504
898.504 -451.496
-292.023 -963.354
-730.501 -696.500
-166.498 -998.502
636.498 789.500
-372.508 -951.502
363.499 -962.501
964.493 357.499
1019.500 -165.495
-601.500 -841.953
-601.500 -842.055
980.502 -341.496
1009.500 -249.499
806.502 669.503
267.506 1016.500
-740.501 -747.491
548.500 904.499
-242.499 -1032.500
-721.502 776.497
-182.497 1047.500
-397.504 -987.500
967.494 -458.500
599.502 -894.500
-387.503 -1008.500
905.501 -596.501
969.505 -495.498
-950.498 537.499
849.495 687.499
-1030.500 -365.503
-234.497 1078.500
-1045.500 368.501
-1100.500 -138.495
811.504 774.501
832.506 755.500
990.496 544.496
-134.495 -1131.500
994.501 -563.502
495.502 -1032.500
-581.503 993.505
-1115.500 301.500
1149.500 134.503
-284.499 1123.490
833.063 813.868
833.121 814.335
1165.500 81.498
-317.500 -1127.490
-1178.500 75.500
-1180.500 -37.499
1085.500 -470.495
485.506 1078.500
-565.498 1039.500
-221.499 1163.500
140.503 -1179.500
1186.500 -72.500
-961.499 697.506
1188.510 49.505
-1020.500 -611.500
357.497 1139.500
326.496 1150.500
-754.504 -937.502
-875.497 843.502
1032.500 -652.499
-945.501 -772.501
-934.499 795.498
-1201.500 -256.499
1002.880 -714.759
572.501 -1096.510
827.502 926.494
-1113.500 550.497
1013.820 -720.420
1001.510 -737.500
755.501 -991.495
975.502 -776.501
1141.500 511.500
976.488 785.494
-1252.500 71.497
1083.500 635.508
749.499 -1009.500
1017.500 -741.501
-1127.500 -562.506
998.500 770.500
-1253.640 -138.877
-1253.690 -138.783
-1212.500 -357.490
804.497 979.502
1231.500 -321.498
-1265.500 147.513
556.510 -1148.500
1180.500 488.501
1064.500 718.509
1257.500 -268.501
1270.500 -198.498
1269.510 208.502
1089.510 703.505
1287.500 -229.499
721.497 1093.500
1185.470 563.867
1181.500 572.504
1309.500 138.509
1295.500 -255.498
1058.500 -795.502
1320.500 -96.507
-887.501 981.504
1319.500 -133.505
1107.500 732.493
1310.990 218.604
1262.500 -416.500
-1328.500 56.496
1036.500 835.500
-769.500 -1087.490
1305.420 -270.043
1256.500 -456.506
1316.210 240.192
815.501 1065.500
1170.500 -661.499
595.509 -1205.500
1263.540 -468.248
1338.510 223.496
1240.500 -561.503
-721.499 1156.500
1298.500 450.507
-1356.500 225.504
1268.500 538.492
1368.500 -192.505
985.497 971.505
-1256.500 582.498
830.501 -1111.500
-1371.500 -260.496
1343.490 391.501
1271.500 609.498
1334.500 -492.498
1120.490 -884.497
1428.500 -8.500
1351.500 -482.504
1356.500 468.506
1386.490 -395.502
1289.740 -646.349
883.490 1146.500
-1422.500 -266.502
1295.860 -650.590
-965.501 1082.500
1036.510 1016.500
1455.500 35.496
1409.500 -374.496
-1432.500 295.505
1403.500 -419.493
1459.500 133.497
-821.498 1212.490
-1230.510 796.499
-1149.500 909.500
1122.500 -951.503
1292.500 702.496
-1310.500 -671.104
1316.500 660.497
-1310.500 -671.492
1076.500 1013.500
-1001.500 1089.500
-1141.500 -944.500
1446.500 354.503
1357.510 613.497
1470.510 -270.503
1494.500 -70.500
1475.510 277.493
1392.500 -575.500
1411.500 535.502
1508.500 -160.496
1476.500 367.499
1254.500 -867.494
1137.510 1019.500
1313.500 780.495
1383.490 651.506
-1350.500 -723.502
-1066.500 -1107.500
1506.500 -317.506
1376.060 704.160
1414.500 -635.498
-1438.510 577.498
1381.210 710.249
-1480.500 -468.500
1542.500 199.498
1440.490 589.503
1426.500 631.500
1500.500 -430.492
-1524.500 -335.500
1081.500 -1132.490
1450.500 -601.495
1466.500 576.499
-1186.510 1046.500
1562.500 -260.502
1432.500 679.501
1484.510 560.496
1353.500 846.501
1133.030 1130.230
1595.500 142.500
1225.510 -1032.510
1132.800 1132.570
1531.500 488.502
1275.500 -979.498
1518.490 557.499
1078.500 1205.490
1585.500 -346.498
-1585.500 -349.502
1324.500 945.503
1605.500 -274.500
1580.500 396.498
-1405.500 822.504
1287.490 -999.499
1533.490 555.504
1520.500 622.502
-1549.500 -564.498
-1164.500 -1194.500
1511.500 -723.500
1603.490 -501.499
1550.500 -647.491
-1457.500 -837.500
-1536.500 694.507
-1448.510 -868.500
1516.500 749.503
1187.510 -1206.500
1313.500 -1076.500
1361.500 -1025.500
1549.500 -806.496
1500.500 -895.498
1520.500 -862.502
-1561.500 792.500
1527.500 871.500
1441.500 1018.500
-1353.500 -1137.500
1584.500 -800.958
1578.310 -819.944
1580.190 -820.372
-1327.490 -1194.500
-1484.510 -1011.500
1521.500 -966.503
1466.000 1070.050
1464.670 1078.220
1461.500 1088.500
1558.000 -967.997
1570.500 965.505
1530.500 1030.500
1515.500 1069.500
1606.500 946.494
-1587.510 -985.500
1477.500 -1150.500
-1589.510 -1044.510
1530.500 1134.500
1558.500 -1115.500
