-82.093 57.136
-103.104 4.131
-22.096 115.138
-115.098 162.140
40.900 123.144
-201.103 -52.862
35.913 215.140
109.896 4.144
-208.102 -133.865
-255.093 -100.859
123.116 171.339
136.901 -34.865
-320.105 32.135
-280.103 -80.852
-225.101 265.140
-103.110 -196.860
163.902 -75.861
52.898 -194.858
-119.097 351.144
-44.103 -237.863
-294.103 291.143
204.493 -89.198
208.903 -82.862
-267.099 325.148
-406.107 21.143
-151.096 -266.854
-421.105 64.129
-300.096 -208.862
170.905 309.154
-428.104 -33.864
188.788 -178.926
272.907 -43.866
-301.112 368.135
-28.446 441.743
-430.104 -116.851
81.906 411.149
-354.102 -223.862
108.899 -286.861
266.901 -134.858
-329.101 371.142
112.381 -293.375
-30.096 456.138
-393.100 -211.847
30.889 -338.859
131.905 -298.861
-345.103 387.150
-461.101 243.138
-125.104 489.142
74.902 -348.865
245.225 351.721
257.903 -222.859
-387.102 -260.862
-326.083 -313.854
-474.085 -156.859
247.899 358.146
224.902 383.146
-531.103 132.139
333.270 253.172
-206.096 -385.865
367.903 165.135
178.900 -327.861
338.353 256.690
-483.095 -188.854
342.505 263.881
-463.083 -235.857
-357.103 461.044
-364.767 459.240
-363.102 -349.862
-389.103 448.145
-323.106 493.140
224.892 -337.863
-587.092 142.135
431.898 12.140
-262.099 -426.859
277.902 -315.860
-122.096 -460.861
-355.094 -398.848
-96.090 592.158
457.898 36.139
-345.089 531.137
436.906 -99.860
118.903 561.139
-541.888 353.927
-541.940 354.034
464.900 123.138
-532.086 384.151
243.899 -393.860
-574.106 -206.860
426.892 -174.858
-591.099 298.136
-359.098 -437.853
-28.103 -507.859
-552.101 -264.857
56.905 618.131
492.897 118.140
-410.098 -438.865
-644.102 -157.857
166.894 607.140
474.896 311.136
-377.108 -492.859
531.912 171.139
-694.107 -84.856
-443.100 578.136
534.905 -96.859
-605.094 431.144
-322.098 -540.853
-704.099 -130.867
-324.109 666.141
564.907 -64.867
568.892 -42.858
-494.098 574.136
-259.103 -580.848
-16.088 -608.859
-526.096 -446.868
395.895 -414.859
168.896 -569.856
564.893 -139.870
431.897 498.140
-421.095 -535.861
-766.108 -2.863
185.900 694.146
-543.096 -460.863
335.896 615.141
-110.108 -639.869
-515.101 -495.857
6.904 757.140
253.901 678.146
-702.526 401.669
377.892 602.144
-761.090 276.150
614.895 -123.857
601.900 283.136
538.903 438.146
283.899 -574.859
-318.100 749.140
-4.098 787.146
-29.093 -682.859
-690.094 484.135
-690.094 484.190
-803.102 -127.870
443.902 -470.853
568.902 432.143
562.900 -331.868
-269.109 -678.862
670.891 156.143
-727.114 458.140
-782.101 355.144
-28.110 817.144
301.901 717.140
-187.097 -700.863
-809.100 -203.857
234.903 -651.858
-207.094 -712.860
-340.102 801.140
-837.099 -172.862
396.882 -571.868
-294.100 819.142
425.902 -560.864
670.905 336.141
492.899 620.136
-873.098 235.143
-311.094 -722.863
95.902 -736.863
678.904 -241.870
568.895 570.138
152.900 -740.858
-819.110 -333.863
-157.095 -780.862
-519.098 -662.862
-632.100 695.139
683.902 424.136
107.907 -770.858
-31.101 911.142
720.897 367.147
773.908 160.150
547.280 648.137
-98.093 923.141
258.893 854.131
559.010 648.145
789.901 88.134
-775.101 588.139
45.895 922.141
-895.095 -282.860
-965.097 9.142
-790.098 -476.863
-452.092 866.145
726.894 432.138
717.904 456.137
-576.107 -690.868
-547.107 827.143
22.893 958.148
827.900 3.143
-1004.100 137.143
-796.103 -531.854
773.891 -298.863
843.906 130.140
-942.104 -293.871
-854.337 -464.237
-436.094 934.141
-350.102 966.147
865.892 75.146
-696.101 783.143
304.904 926.146
711.905 593.139
-519.093 912.148
-790.100 706.138
591.891 -629.855
-702.099 803.145
-225.091 1017.620
-41.109 -913.859
-941.099 -399.861
395.895 -797.861
693.034 -545.644
692.825 -546.700
-903.097 -487.859
747.902 -489.859
8.905 -935.860
228.910 1008.140
-545.101 -836.860
755.900 -516.859
-760.099 -702.862
-940.097 614.149
945.897 94.138
-837.093 -641.869
-695.102 -777.864
-1089.180 -193.233
195.905 1058.140
-585.109 -852.863
693.436 -635.862
-420.100 -927.859
-1105.100 -151.856
8.895 -985.861
-1124.100 159.136
-460.099 1034.140
741.895 -591.864
829.900 -464.858
975.899 56.139
-420.095 1063.150
-1045.100 -390.864
-52.099 1119.140
26.902 1116.140
-1140.100 213.127
-743.111 899.142
-712.097 -808.864
549.904 -816.848
-315.107 -996.852
64.894 1131.140
998.892 169.131
979.900 314.132
-1149.090 -187.850
-754.106 -812.864
-804.102 -774.866
855.901 643.147
-801.103 902.143
-960.099 -621.860
-228.090 -1045.860
-388.092 -1012.860
-1195.090 88.148
-718.100 -857.854
-741.100 -842.865
-985.107 -598.869
933.888 -406.858
917.906 -445.859
-283.101 1160.140
-1185.100 -157.855
-973.716 -633.438
1046.920 64.134
-43.099 1187.140
-1042.110 659.137
-3.105 1193.140
-112.089 -1083.860
-1226.100 140.147
-462.101 1143.130
1063.890 -54.866
923.886 -503.861
-691.101 -920.860
-1223.110 -148.855
-896.096 -771.863
-459.104 -1041.860
-1155.100 -393.867
-400.104 -1062.860
1087.900 63.141
-1181.110 -368.860
-948.099 867.144
-1274.120 -5.858
-809.109 -889.857
-875.094 -842.859
1099.910 275.132
-1219.100 -335.867
885.909 -659.858
977.908 644.138
335.905 -1080.860
833.901 -740.860
-322.098 -1133.850
217.899 -1123.850
995.895 -513.853
-93.097 -1163.860
513.903 1125.130
-1304.110 -85.858
-882.099 -879.867
-1261.090 420.151
-346.097 -1150.860
713.911 1004.140
-1034.100 -733.858
144.893 -1161.860
-1210.110 -458.848
315.896 -1117.860
907.897 807.144
-1338.100 5.142
1066.900 568.135
895.901 -736.861
-1180.100 680.151
-700.099 -1054.860
-1354.100 112.137
-973.097 -854.858
-1352.110 215.139
-893.105 -943.864
-1371.090 148.138
-1351.100 -269.851
548.904 -1093.870
-1382.090 257.144
351.898 -1194.860
1187.890 479.135
-1059.090 -858.861
-1045.100 -876.854
1218.900 -279.859
1205.900 444.141
843.903 1049.140
994.900 -768.864
935.909 956.147
1040.900 839.137
732.904 1168.140
-1478.100 -3.860
-1332.090 -573.864
1262.890 450.127
1199.900 643.140
-858.105 -1122.860
-1126.100 1031.130
-854.098 -1163.850
-1519.100 -101.869
-1529.100 128.135
839.899 1175.140
-1405.100 -545.858
-1008.100 -1065.860
1136.900 855.149
-807.105 -1211.860
-1319.100 847.140
1282.900 599.139
1383.890 158.127
1196.890 784.136
-1004.100 -1089.860
-1368.100 -663.872
-1482.100 -407.868
1242.900 -608.854
-979.096 -1136.860
-1564.090 -131.849
1349.900 505.136
-1504.100 563.145
1061.160 -929.768
1433.910 136.147
1185.900 -780.859
-1617.090 -15.860
-1508.090 641.148
-1587.110 389.142
1372.890 569.137
-1140.090 1180.130
1125.900 1031.140
1447.910 332.142
-1235.100 -986.866
1073.900 -986.861
-1561.110 -442.856
-1467.100 802.151
-1054.090 -1193.860
1405.900 603.141
1475.890 394.140
1520.910 20.132
1529.910 -28.846
-1619.100 -436.856
-1269.100 -1045.860
-1464.110 -796.860
1548.900 -71.858
-1216.100 -1132.850
1289.890 -852.852
1565.910 -95.856
-1157.100 -1204.870
-1417.090 -925.863
-1514.090 895.141
1314.890 -838.862
1373.890 -757.865
-1455.100 1011.150
1551.910 497.135
1550.900 -464.865
1309.890 1070.140
1243.900 1182.130
1244.900 -1080.860
1359.890 -1001.860
1281.900 -1107.870
-1592.100 -912.860
1528.910 894.144
1555.900 872.140
1470.900 1050.140
-1563.100 -1066.850
1614.900 870.142
1551.890 1142.140
