0.506 -0.502
-21.505 55.499
106.497 -114.508
-138.500 81.501
-61.503 -156.386
-157.502 -84.501
-11.502 191.503
-207.499 45.501
61.612 228.025
241.507 4.504
204.497 130.505
234.496 72.500
19.498 -247.500
64.497 245.504
51.498 269.506
-77.502 272.501
-273.500 -84.504
284.497 -68.493
216.494 206.493
-255.496 -180.495
244.499 197.494
-279.498 170.499
-303.499 -126.499
-262.499 -213.500
-345.500 69.495
370.495 12.506
-221.499 296.505
-268.505 -266.502
170.499 340.498
282.508 -265.491
400.507 8.502
24.498 -403.499
67.504 -399.501
17.501 416.504
397.491 166.503
439.500 -60.496
-444.499 35.499
462.503 10.507
-174.502 -429.495
185.726 436.246
182.502 443.496
-184.507 448.500
-363.496 -326.497
471.504 152.506
-98.496 -488.501
87.504 496.497
505.501 -30.503
334.501 -395.503
-302.501 420.496
-334.497 -401.499
-407.500 -338.498
516.501 -135.502
103.502 -529.501
-262.493 -472.498
76.501 -535.498
109.416 -538.978
-138.506 537.491
556.497 -76.498
-564.502 18.502
260.500 -503.500
474.501 310.501
-537.495 -190.502
19.505 -579.500
541.495 -209.507
398.497 -423.499
-144.497 -569.492
497.498 -324.500
391.502 450.496
-210.502 -569.501
-595.499 116.499
-543.493 -283.494
620.491 -71.503
-13.505 631.503
-611.504 -168.497
351.499 530.497
-76.499 631.501
56.501 638.505
-150.494 -626.494
-41.497 642.501
577.503 -298.503
324.500 564.495
-503.498 -440.502
616.511 -272.494
56.495 675.504
-606.492 -334.495
425.498 547.505
-614.497 321.505
219.510 661.501
677.505 169.498
-696.495 -43.498
502.492 -490.497
-527.495 466.501
454.502 -553.498
673.502 271.507
-619.504 388.497
-63.501 -751.508
-735.501 -181.500
-38.503 756.501
-699.505 290.502
319.500 -689.494
675.505 353.498
626.495 434.498
-142.494 748.494
-166.501 748.502
743.503 191.500
371.501 -677.504
-555.499 537.499
764.499 -133.497
423.497 652.505
528.082 -597.865
528.037 -597.963
780.505 171.506
-46.501 797.498
-135.500 -788.502
572.501 -559.494
561.513 574.503
683.499 -426.498
500.493 -631.500
806.505 82.496
-726.507 -371.503
595.499 -560.493
574.498 -593.505
77.496 -822.501
645.300 -517.663
645.056 -518.168
224.498 -796.504
613.495 -562.499
656.178 -519.581
391.499 -740.500
-837.495 -123.497
671.499 521.500
618.500 -587.501
744.503 419.498
613.633 -598.430
866.501 -39.502
-724.502 -481.494
25.491 872.505
692.500 -539.500
-706.498 -520.512
611.499 631.510
-698.504 -540.498
325.498 824.501
274.506 -844.495
-780.493 421.501
840.500 -290.501
-814.501 -376.498
-186.504 891.503
915.499 5.500
-633.495 -662.498
806.503 -441.505
759.504 518.496
779.497 488.496
751.498 -535.495
-640.501 666.502
-927.508 63.504
-425.502 -830.500
858.510 -367.494
926.499 132.498
-449.502 -824.502
89.504 940.495
852.498 -418.502
-731.496 -606.495
-693.506 -655.498
-17.501 -955.494
0.503 962.498
-820.497 507.497
-954.500 144.493
-220.494 -945.505
-330.504 915.496
-893.502 -394.506
371.502 -905.501
969.503 209.500
-202.496 971.502
-249.494 -967.498
375.500 925.504
-965.504 291.494
568.500 840.502
999.501 -202.500
755.503 -694.494
1022.500 88.495
1015.490 157.501
829.499 -607.506
-1019.490 -126.499
-338.499 -977.506
861.503 -576.495
438.505 -944.500
559.503 877.506
-241.506 -1015.490
555.502 -885.495
834.504 631.500
587.507 -869.495
-994.503 366.496
1061.500 40.503
-159.499 1052.490
-1059.500 -105.508
-990.497 -394.494
-609.501 -884.503
1076.500 -1.504
-415.499 -996.498
-688.500 -837.495
-1015.500 -392.498
822.490 -716.504
-743.495 -798.496
-175.498 -1079.500
-689.803 -848.799
-431.499 1008.500
-528.557 962.026
-697.505 849.503
-1089.500 -152.495
-846.504 704.499
1084.490 204.505
-1107.500 -56.496
-871.495 689.498
-937.497 -600.500
459.507 1014.490
-287.499 -1078.500
-763.506 819.499
-1085.500 -278.495
-492.498 1010.500
-813.499 -778.501
-274.503 1097.500
760.500 838.501
-1085.500 324.501
1111.500 242.503
-78.501 -1135.500
-718.502 -882.500
-742.507 861.495
-790.507 -827.500
958.495 626.501
-423.503 1065.510
549.671 1007.240
973.500 -609.502
1140.500 -141.493
-627.501 -963.497
-552.504 -1010.500
-955.503 643.500
-1143.510 141.499
-1029.500 -532.505
473.503 1058.500
558.500 1021.500
674.492 -952.496
909.505 -731.496
-498.500 -1058.510
732.504 913.501
-484.858 -1066.240
836.496 824.491
-729.505 921.503
514.495 -1063.500
272.499 -1150.500
-1020.500 613.496
1161.510 -282.500
31.503 1194.490
-1179.510 239.495
860.497 843.500
-1190.500 204.503
-1155.500 -360.507
1014.500 -665.501
880.505 837.501
495.504 -1118.490
-471.502 -1129.500
-420.501 -1155.490
1084.810 584.934
-467.496 -1148.500
1245.490 68.505
1091.980 606.544
-410.501 -1182.500
1096.430 605.124
1094.630 611.553
1090.290 619.463
1136.500 534.497
1091.440 623.404
426.502 1182.500
1110.500 -598.500
1007.780 -769.266
1019.710 -761.963
-485.497 -1178.500
686.500 -1075.510
1111.500 629.497
1210.500 -409.501
-490.500 1179.500
1120.920 621.337
-1219.510 -416.494
583.491 -1150.500
1011.500 -808.500
516.497 1190.500
1145.180 615.968
1145.240 616.421
-926.501 927.496
931.501 -927.500
1144.500 652.502
-601.503 -1172.510
1282.500 312.494
-707.501 1122.490
-1032.500 -836.499
1334.510 -13.501
-646.507 -1169.490
-1085.500 780.503
1303.500 385.504
-1371.500 31.502
1183.500 712.506
739.498 -1168.500
1133.500 795.504
-1355.500 296.501
-1222.500 -658.496
1391.880 -2.993
1393.820 -0.281
-1246.500 -645.498
-939.502 -1051.490
1260.510 645.495
1123.500 867.495
911.501 -1092.510
-954.497 -1056.500
850.501 -1144.510
1368.500 -408.502
-1427.500 -141.504
-801.500 -1190.500
1269.500 683.503
1377.500 431.496
1043.500 -1003.500
-837.505 1181.500
1338.490 576.503
-1198.490 828.498
-1347.500 -569.503
-1028.490 1046.500
1251.500 -770.497
1466.500 122.501
-931.687 -1150.850
1383.500 -538.504
-933.877 -1154.490
-1395.490 -528.500
-1325.500 -686.506
-1373.500 -587.501
-1215.510 -873.505
1228.500 -860.493
1125.500 -996.506
1116.500 -1016.500
1494.490 -286.501
1481.500 354.499
-1474.500 380.499
1381.620 685.790
-990.508 -1185.500
1385.790 686.506
-1400.490 677.494
-1506.500 -397.509
-1081.500 1128.500
1329.510 -839.499
1505.490 -550.501
1548.510 438.496
-1569.500 -364.500
-1300.500 955.496
1487.500 -632.499
-1598.500 243.499
-1518.500 -565.502
1606.500 -286.503
1309.500 980.509
-1574.500 470.503
-1445.500 793.499
1262.510 -1064.500
-1221.500 1127.500
1248.500 -1113.510
1189.500 -1176.490
1401.500 914.501
-1439.500 -883.495
1491.500 812.501
1567.510 -659.493
-1444.500 -911.497
-1619.490 -564.493
1580.510 674.503
1592.800 660.341
-1333.500 -1120.500
1388.500 -1060.500
1586.500 734.503
1604.500 695.499
-1481.500 -960.497
1564.500 -861.500
-1566.500 894.500
-1530.500 -983.498
-1620.500 -844.503
-1539.500 -1041.500
1564.500 1079.500
-1568.500 1086.500
