0.505 -0.504
4.500 65.501
-52.500 73.496
-86.501 -53.503
12.500 -106.498
99.504 -48.497
-8.498 -147.500
180.503 14.494
-150.364 -104.688
-152.013 -108.024
-193.434 -97.903
-204.025 -92.445
-221.502 31.508
203.497 -100.493
-224.499 131.495
-92.497 -246.496
-179.499 203.502
282.495 4.504
-97.499 -291.497
131.507 278.499
-296.506 -107.498
-263.497 175.502
-316.499 35.506
-190.503 260.507
-153.502 -287.498
263.496 192.502
24.495 345.505
-343.500 69.498
-245.506 250.504
-347.499 -60.506
300.496 -195.507
67.503 -356.491
32.497 -364.511
-267.501 -252.498
381.495 -84.497
-50.495 386.497
-15.500 -392.507
397.500 68.500
-340.500 -223.498
-50.504 -420.493
-138.496 414.495
193.500 400.503
-56.499 -443.497
-426.500 136.503
-453.495 59.508
-423.506 -185.491
447.499 -122.501
407.498 225.489
203.496 442.498
-118.500 475.505
323.943 379.497
151.506 475.492
-447.498 235.510
518.502 55.497
-527.493 -2.497
-297.502 437.499
-20.497 555.494
22.503 -564.500
450.496 340.497
-378.501 -431.507
-215.499 -532.505
-353.493 454.505
-572.500 79.499
549.501 230.503
-39.505 -605.501
-586.496 168.493
-474.507 -401.501
-413.505 463.508
-479.504 424.498
547.500 345.493
-625.495 -188.497
251.499 605.501
-655.500 -3.501
-554.496 -358.503
-516.499 -420.503
-508.509 452.497
-167.499 664.492
661.499 -188.499
666.499 169.497
-487.503 490.497
-687.503 -160.499
-225.501 681.498
-695.499 -197.503
30.497 727.502
-309.504 -666.499
493.500 -545.496
-350.502 656.495
-188.500 -726.500
-736.498 -155.500
530.507 539.505
-633.503 439.497
702.500 330.496
393.493 671.500
467.500 -623.498
-245.501 -740.499
766.498 -162.497
731.500 -289.497
700.497 -379.495
-715.504 361.503
514.498 619.493
-737.497 -377.497
-221.502 803.497
144.499 823.502
-589.494 594.503
-190.499 821.505
-793.497 -287.490
744.502 -408.498
835.500 -172.495
-639.497 579.490
-487.509 712.499
776.498 -389.493
873.498 -4.506
693.507 -533.493
-204.501 854.497
-880.499 59.494
797.502 -385.506
-780.500 419.507
-861.497 218.499
402.500 801.503
839.498 364.501
-917.499 95.499
-720.501 585.503
-706.498 602.503
891.503 -270.505
-468.497 804.503
926.501 -122.507
-656.500 -668.493
-347.491 869.505
718.494 606.489
348.494 -874.502
-195.497 925.497
-498.501 806.505
-629.500 -713.502
-498.499 -816.495
-581.505 760.501
-297.485 914.501
-624.502 -739.494
910.502 -340.499
972.501 103.499
-775.491 594.501
-949.501 -264.493
-206.498 -965.498
878.124 451.197
-89.497 983.501
876.496 458.500
865.492 -482.504
768.495 633.506
-846.499 529.499
-447.498 895.499
658.501 767.498
-70.503 -1010.500
-54.466 1016.500
-50.686 1016.700
-53.732 1016.940
-1015.490 83.504
-446.500 -921.500
526.496 883.503
685.495 -774.499
-1039.500 -18.500
628.499 832.494
-956.499 -430.501
-634.500 842.508
-526.507 -916.494
754.500 740.503
222.499 1034.500
-603.500 -872.507
-419.501 -981.496
800.504 -707.498
-946.498 492.504
927.499 -535.495
-402.507 993.499
-1074.500 43.496
-1045.500 251.499
-779.503 756.497
-1085.510 89.494
86.492 -1087.500
-714.500 828.506
-1075.500 215.499
887.505 650.504
-26.503 1105.500
-249.501 -1078.500
-1061.510 314.499
-889.307 665.857
-707.506 858.502
-29.495 -1116.500
955.497 -580.506
919.501 636.499
-555.502 -973.500
714.499 -866.500
-898.496 678.501
-122.360 1120.190
1120.500 -135.493
-423.500 -1046.500
-1016.500 489.498
993.500 -538.500
-135.494 -1122.500
615.502 -949.504
-133.161 1123.360
-465.503 1033.490
-1064.510 406.498
659.500 930.490
-1142.500 24.502
-417.497 -1069.500
945.498 -654.502
-57.503 -1152.500
500.500 -1041.500
-1045.510 501.489
-1099.500 -374.502
-1000.490 601.497
-1109.500 402.497
-152.494 -1180.500
-1176.500 183.503
-377.507 1133.500
190.495 1181.500
688.503 979.506
-1191.500 -125.507
240.501 1175.500
954.505 -732.495
1113.500 455.497
-1187.500 205.492
-1089.490 525.502
-149.503 1201.500
-124.503 -1205.490
104.499 1208.500
-964.500 -739.507
-220.496 -1199.500
-1223.500 -41.495
1110.500 -528.499
805.497 936.502
-1128.500 503.496
-1165.500 -425.501
646.507 -1062.500
1244.510 10.496
-1091.440 597.959
-1086.500 611.501
-577.494 1105.500
-1231.500 -221.499
786.508 978.501
1103.500 -605.494
-1140.500 532.504
1053.500 690.508
-1051.500 -694.503
-903.499 890.498
-1182.500 467.502
831.498 967.498
1209.500 -419.499
829.501 -975.498
-1256.510 -246.492
-1283.490 165.511
-488.498 -1199.490
-660.503 -1117.500
548.495 1185.500
1118.500 -680.499
-1301.500 156.497
-1299.490 185.495
1141.490 -655.500
717.503 1111.500
-1098.500 737.501
-1322.500 -77.502
925.497 958.500
-781.507 1084.500
-1333.510 173.500
778.505 1107.500
696.501 -1162.500
-933.500 -981.490
-1011.490 900.497
-1146.500 -726.504
1308.500 -380.499
648.502 -1201.500
-1375.500 112.505
1088.500 -851.502
-733.493 1171.500
-930.490 1028.490
1231.510 -641.504
-1119.500 -821.500
-1144.500 -831.495
-1343.500 -452.501
-1272.510 628.495
1420.500 -68.498
1115.500 -895.492
-1388.500 -345.501
1395.500 338.504
-1427.500 -172.501
-1324.490 560.496
-1380.490 -414.503
828.501 -1182.490
-1427.500 276.495
1161.500 -883.505
-1447.500 -233.503
-967.498 -1106.500
1080.500 1001.490
-1401.500 476.504
-1053.510 1040.500
949.499 -1151.500
1482.500 -205.498
1493.490 -118.504
-1155.510 952.504
-952.497 -1159.500
-1427.510 466.500
-1309.500 739.499
-1462.500 377.496
1511.510 56.503
-1511.500 -88.496
1386.500 626.495
-1521.500 71.500
-1430.500 -524.493
-1141.490 1009.510
-1016.500 1140.500
-1383.500 -653.499
-1472.510 450.497
-1473.510 483.500
1363.500 756.500
-1462.500 555.497
-1532.500 327.505
1518.500 -420.496
1407.500 715.501
-1398.500 740.499
-1580.490 -166.500
1524.500 456.493
1374.500 806.500
-1532.500 -441.496
1501.490 -546.502
-1463.170 -664.244
-1568.500 -359.499
-1470.680 -663.687
-1587.500 290.492
-1551.500 -500.498
-1618.510 200.492
-1319.500 984.500
-1490.500 712.501
1316.500 -1017.500
-1452.490 -832.503
-1444.500 860.500
-1444.500 860.889
1544.500 692.496
1232.500 1161.500
1596.490 575.509
1528.500 -749.498
-1566.500 -669.499
-1334.500 1059.510
-1544.490 728.504
-1582.500 -662.505
-1599.500 -646.502
1620.500 594.503
-1292.500 1160.510
-1414.500 -1038.500
-1608.500 -705.501
1526.490 875.499
-1413.500 -1086.490
-1473.510 -1006.500
-1443.500 -1054.500
-1569.500 910.500
-1571.490 -945.500
-1436.500 -1158.500
1577.500 1006.500
-1604.500 -1134.500
-1563.500 1197.500
1600.510 -1152.500
1597.040 -1166.570
