0.499 -0.500
107.498 -49.499
58.503 121.493
-158.495 -19.502
-141.506 181.508
208.497 128.501
-298.504 61.505
301.495 -85.502
235.505 217.499
116.498 316.494
-180.493 285.503
11.497 -351.495
-307.501 176.495
13.500 355.497
355.507 -97.498
40.500 371.506
-164.502 346.497
-301.500 242.503
388.500 -79.496
-334.502 -267.501
-124.497 415.494
228.499 -375.497
-28.502 -457.495
-204.501 442.502
413.492 -294.500
-484.502 -148.493
315.501 -402.503
468.499 205.499
-246.499 456.499
-289.502 -438.498
-235.504 484.500
237.504 497.501
363.496 -417.506
519.493 190.500
-433.501 360.497
-463.503 -331.500
-532.497 -221.501
435.503 386.504
-79.500 581.499
516.498 322.495
-420.501 -457.496
-608.502 123.503
456.502 444.501
591.498 277.499
317.497 -604.500
-434.496 526.500
662.503 175.503
-198.498 658.498
345.492 597.503
386.498 573.503
-478.505 522.501
-97.498 -722.501
-267.502 -678.504
-678.507 -280.497
-376.496 -632.499
-535.498 -505.496
629.499 -385.499
-558.505 -493.508
-463.500 596.501
-654.499 -406.504
415.496 650.495
670.500 -415.498
51.497 795.502
300.502 739.504
-181.504 781.508
328.497 732.498
-349.493 -723.502
-765.503 275.502
-173.499 -796.493
493.496 -650.493
-706.505 407.499
749.494 -331.496
-575.507 616.498
-191.497 -822.501
-843.494 49.500
-153.493 -838.494
-461.502 720.499
-770.497 391.500
-832.503 -245.507
702.493 517.499
-132.497 864.498
6.498 885.494
877.502 -150.500
574.494 681.497
326.505 -837.502
267.497 862.495
-784.502 -456.505
629.497 674.489
-118.494 914.502
920.504 -98.495
877.499 317.504
927.501 173.500
248.502 915.500
248.503 915.888
436.505 -850.500
962.499 -92.495
962.501 106.501
-948.510 233.499
-618.501 -769.498
638.497 -768.499
-908.506 414.505
-975.498 256.492
-468.492 -912.504
-132.498 1022.500
-164.494 -1032.490
-737.497 754.507
-215.500 -1035.490
-995.504 356.502
-706.499 789.500
-1030.490 246.508
788.498 709.497
1014.500 -317.498
-954.501 470.505
723.501 781.503
551.499 912.506
-115.501 1064.500
-1064.500 -171.504
1037.500 -305.494
1087.490 4.239
1078.500 142.490
690.499 -841.498
1089.900 2.106
-1014.500 398.504
690.053 -848.521
1012.500 -414.500
-1091.500 174.501
-562.502 -966.500
-1076.500 309.505
1095.500 248.501
1126.500 -166.503
254.499 1109.500
38.496 1144.490
719.503 891.506
934.499 -664.507
1023.510 587.507
-600.506 -1019.510
850.499 -828.493
-1198.500 -16.500
-657.490 1002.500
-42.492 1206.490
-1119.490 -457.506
-1027.500 649.491
-936.500 779.500
354.500 1173.500
414.499 -1157.500
636.493 -1074.500
-620.501 1082.500
432.503 -1172.500
533.502 -1136.500
-855.503 917.504
-906.495 869.500
1158.500 498.502
-711.503 -1044.510
1207.500 -389.500
531.497 1153.490
-853.498 -942.500
-1250.490 243.504
-1245.490 -328.497
-691.501 1096.510
-711.502 -1090.510
-1155.490 623.496
-631.495 -1156.500
-924.499 -947.501
1138.500 680.493
-1324.500 -100.503
-1058.500 -803.498
-1033.500 844.502
1256.500 462.499
-1283.500 383.500
1033.500 -859.503
-1175.500 652.502
-952.510 -967.501
-1358.500 -71.496
-1330.500 -305.488
-1339.510 -268.496
-1360.500 -254.497
-989.508 -977.497
1348.490 -348.496
-989.503 -983.925
781.506 -1157.500
-1011.500 963.498
-1156.510 -804.502
1006.510 -999.498
-1368.500 371.501
902.502 1136.500
1369.500 485.499
1266.490 718.500
-1440.500 -236.499
-1205.500 -828.503
1376.500 -501.495
-1369.730 557.376
-1357.500 -589.505
1461.500 -266.501
-1379.690 548.552
1373.500 -583.498
1213.500 874.498
-1338.500 -668.500
-1416.500 -494.495
-890.497 -1209.510
-915.500 -1198.500
1387.090 -595.048
1503.500 133.499
-995.497 -1137.500
-1011.500 -1126.500
-1516.500 -8.500
-961.496 1180.500
-1492.500 338.502
1341.500 -756.502
-1382.500 695.503
1501.500 404.504
-1368.500 -737.506
1445.490 -582.506
-1020.500 -1179.500
-1553.500 -137.497
1542.500 -255.495
1090.490 -1127.500
-1577.510 -70.505
1303.500 -906.495
-1065.500 -1195.500
1404.500 789.507
1176.500 -1124.500
-1227.500 1093.500
-1562.500 521.505
-1579.490 512.497
1496.500 812.504
-1294.500 -1119.490
-1499.500 824.498
1323.490 -1150.500
1373.500 -1188.500
-1375.500 -1210.500
1566.500 1169.500
