0.502 -0.505
100.492 13.504
-26.501 -188.510
-125.502 174.502
125.497 215.505
108.498 255.499
-192.502 205.501
-269.495 143.497
-259.505 173.501
323.502 -27.500
-61.501 347.498
-158.506 -324.498
310.504 201.503
-85.498 -360.497
367.499 -73.502
372.497 51.498
-142.511 -370.505
203.504 -347.493
307.656 -285.449
-402.497 -126.497
316.747 -283.582
-418.506 74.503
-192.495 -392.501
411.496 -155.502
423.496 -183.505
443.502 -188.506
31.505 -484.508
-300.501 -389.491
-110.501 486.503
319.492 -390.495
231.497 453.503
-261.494 436.496
499.502 -160.504
501.987 -174.119
371.505 379.501
-243.497 476.501
251.499 493.502
-11.497 -554.505
562.501 3.498
546.495 -175.502
-334.509 -467.495
-551.498 181.498
567.498 137.500
-580.499 93.501
-482.505 355.501
-423.495 -429.507
-590.500 130.496
-339.500 -502.501
538.500 -280.498
330.504 508.509
-569.505 207.503
-603.502 -60.503
268.498 -546.496
-495.494 -354.501
558.494 -251.501
600.495 119.501
574.497 215.505
43.498 -614.504
107.498 -615.500
548.491 305.496
269.499 -582.502
-299.509 567.504
-17.499 -648.501
67.500 648.501
0.502 -653.495
583.499 302.510
-519.502 -421.504
129.495 660.499
570.502 -362.500
389.499 -567.500
-465.501 -514.504
268.495 -657.502
-567.500 437.500
-176.502 700.502
713.504 -173.504
-158.501 -721.506
-404.498 -619.499
577.505 -475.497
-234.499 -725.501
194.501 745.504
693.500 353.503
776.501 -73.503
-632.500 455.502
531.502 576.499
780.504 80.503
-769.506 205.503
732.498 -334.502
-216.500 777.496
715.489 -390.105
-402.497 -709.505
777.493 255.503
723.044 -388.974
145.500 -810.501
-383.502 -731.503
406.496 722.498
737.504 380.504
784.499 -302.504
451.493 -710.504
-792.498 290.505
-822.357 215.812
855.496 11.497
-826.500 224.500
851.499 -124.496
-753.500 426.492
-680.504 -538.500
810.497 -318.503
608.496 -630.499
257.493 -838.503
-218.505 -849.504
876.502 66.498
506.493 -720.499
-222.497 851.502
303.500 -830.498
692.138 -550.736
305.499 829.502
-279.504 839.497
697.338 -548.510
-439.498 771.496
-509.506 -735.504
819.496 -361.506
855.497 -277.499
910.493 76.496
551.499 -734.494
-920.502 93.502
-129.498 -924.501
321.497 -877.501
419.502 -835.497
538.495 767.504
949.498 -73.501
770.499 -573.111
770.499 -573.501
-851.514 -471.498
-691.493 -687.501
-888.499 440.498
-117.496 -992.495
-345.503 -943.503
895.505 -458.499
-160.500 992.500
338.502 949.495
-1011.500 -18.503
698.499 -736.500
678.494 757.497
758.500 -684.504
686.497 -759.495
-835.498 -594.501
640.502 809.499
940.495 436.500
252.506 -1006.500
817.501 -641.499
-855.493 -589.502
883.501 -557.493
-341.501 -989.499
712.492 -769.497
1038.500 169.498
-328.508 1001.500
940.493 479.505
-875.499 -589.504
-813.498 -674.504
426.500 973.503
-930.501 -522.504
895.501 -588.501
-1.494 1076.500
668.492 -845.500
1079.500 -21.500
1065.490 177.497
-1058.500 -255.499
28.503 1092.500
-867.500 669.506
211.501 -1083.500
492.508 987.498
-1086.500 -216.506
1045.500 -374.504
322.495 -1063.500
281.494 1080.500
-447.499 -1027.500
375.500 1059.500
882.496 699.497
1130.500 214.500
755.488 -874.500
822.502 815.498
937.505 686.499
1051.500 497.493
-1007.500 581.503
845.498 801.499
-100.504 -1162.500
1164.500 110.502
550.505 -1035.500
1154.500 -206.500
-684.501 -953.501
1005.500 -611.503
-828.446 841.380
-1076.500 491.500
-1034.500 578.494
-830.350 846.250
-1134.500 -352.503
1001.490 -643.484
779.504 901.502
925.494 761.505
-389.505 1139.500
-757.497 -938.501
77.497 1203.500
1193.490 -220.503
1010.500 684.501
-1208.500 -167.501
1212.500 220.493
-1144.500 -479.504
950.501 798.501
-1239.500 89.496
-416.505 -1175.500
713.502 1023.500
-961.512 -796.499
-776.497 977.498
603.503 -1105.500
1101.500 -612.495
1060.390 -681.461
1060.570 -681.896
-938.501 -848.505
1194.510 -428.502
-927.881 -865.010
540.963 -1148.400
547.966 -1146.940
1077.830 -674.719
-486.495 1179.500
1102.490 -646.494
820.497 981.502
1064.520 -710.988
693.503 -1076.510
-987.501 813.498
934.498 -878.498
1088.580 -680.255
-715.571 1067.500
-1258.500 292.499
1206.500 -474.500
-1290.500 -152.501
1070.910 -741.032
1254.500 365.495
1289.500 -226.500
1140.500 663.498
1160.500 -631.506
-1030.500 828.501
-1322.500 -24.502
744.504 1101.500
1286.500 -355.499
1081.500 782.503
1272.500 416.504
-1217.500 -562.499
907.126 -989.580
943.500 -961.498
-899.496 1003.490
-1319.500 -312.503
-1235.500 -559.497
-1097.500 798.503
1325.490 313.495
1039.500 881.500
1273.510 -503.495
1346.500 259.491
937.507 -1002.490
-692.502 -1195.500
-669.499 -1212.510
1015.500 -950.497
1388.500 -90.502
1136.500 -810.509
1053.500 -921.494
1400.500 55.496
1275.500 -587.501
1385.490 229.499
1275.500 606.503
866.507 1117.500
-902.503 1088.500
1393.500 249.499
-886.495 -1109.500
1119.500 874.498
970.503 -1041.500
1133.500 -864.502
-1414.500 170.493
809.501 -1174.500
1068.500 -946.492
1176.500 812.502
1420.500 -170.490
1230.500 729.493
1041.500 987.500
1359.500 482.493
-1391.500 -388.503
1375.500 448.506
1369.500 -469.496
1053.500 -995.502
1079.500 968.506
1107.500 -943.502
1399.500 -409.501
890.508 -1160.510
-1231.500 -806.497
1167.500 -901.500
964.500 -1118.500
-1312.500 683.502
1263.500 -778.500
1473.500 -183.500
1494.490 131.501
1242.500 853.494
1174.500 -947.508
1210.500 913.492
1456.500 -424.503
1494.500 266.497
1037.510 -1116.500
1046.500 1123.500
-1202.500 -961.502
1542.500 123.497
1548.490 -61.502
1542.500 176.494
1362.500 -745.506
1002.500 -1192.490
1569.500 -47.505
-1437.490 636.501
1190.510 -1032.500
1217.500 1016.500
1575.500 -219.499
1474.500 -621.494
1456.500 670.505
-1237.490 -1021.500
1067.500 -1205.490
-1598.510 210.501
-1601.070 205.908
1558.490 440.505
-1471.500 686.499
-1335.510 -940.505
-1512.500 -622.501
1349.500 933.500
1220.500 -1100.500
1397.490 904.494
1601.500 466.504
1446.490 -832.510
1412.500 894.506
1440.500 861.499
1579.500 -613.502
-1206.490 -1194.500
1333.500 1053.500
-1369.500 -1016.500
1215.510 1202.500
1325.500 1080.500
1594.490 -624.503
1538.500 -764.495
-1513.500 -822.500
1531.580 837.642
1536.080 833.350
-1491.500 -947.501
1424.500 1052.500
1614.500 -733.499
1376.500 -1126.500
-1378.490 -1138.500
1598.500 827.499
1464.500 -1047.500
-1510.500 -1024.500
1535.500 1002.490
1615.490 874.502
1556.500 1069.500
1516.500 1146.500
1569.500 1109.500
-1590.500 -1109.500
1590.500 1130.510
1570.500 1196.500
