0.497 -0.497
126.497 -25.502
-16.500 -133.498
-7.502 134.496
150.496 -22.508
-89.503 -122.500
-91.664 -129.776
147.498 -62.501
110.500 -165.500
-82.499 -190.499
209.501 -42.491
97.500 -190.502
23.497 236.497
225.496 -94.503
-136.499 209.500
12.497 -275.501
259.502 -169.489
-97.503 -300.503
112.505 296.493
200.505 -280.499
-129.052 325.501
-121.501 -336.497
320.506 173.506
-256.494 261.507
-358.506 86.490
-224.501 -343.498
-360.503 203.492
416.500 -40.496
396.501 -135.505
-117.492 406.504
79.501 418.502
349.496 -261.501
220.496 379.494
-42.500 441.503
-202.509 -398.495
462.501 16.501
254.492 388.497
383.504 268.497
213.895 -420.524
218.442 -422.051
219.343 -427.386
458.496 160.494
489.501 -42.502
137.503 478.503
99.226 -489.309
391.509 -312.502
-360.503 -349.498
103.351 -492.054
-410.498 -290.503
-267.495 428.499
66.496 -502.496
380.497 -337.506
-490.499 135.502
263.500 436.497
-237.502 -458.501
-465.499 224.500
519.499 23.502
-519.504 -58.496
-162.508 -499.500
315.501 -420.497
518.502 98.498
234.500 515.493
561.493 117.498
-133.495 -558.497
183.501 543.498
580.502 -26.492
123.497 -575.499
464.494 -366.500
-571.501 170.503
569.503 181.491
162.504 575.498
-546.504 259.503
-505.496 -339.506
578.499 216.497
481.497 -397.496
-251.495 577.497
568.500 -279.500
-0.501 -636.504
-205.507 -603.501
-358.499 544.503
589.498 -288.504
-559.500 -358.497
-558.504 360.500
615.502 -325.502
408.497 563.505
360.499 596.505
245.818 -662.651
245.844 -662.741
659.500 -255.498
-348.500 -615.505
686.503 171.501
-486.510 518.493
-711.502 52.503
-52.505 714.502
-714.503 92.494
-429.503 578.497
-486.501 -533.499
-193.502 695.498
-379.504 -618.501
596.492 -422.503
286.495 671.503
665.505 -307.497
-27.502 731.497
552.498 482.502
-75.497 -736.494
-58.494 -739.502
-414.496 -633.499
-525.505 -545.502
500.500 -571.496
178.502 -739.495
-698.500 327.501
-12.501 775.505
-459.493 628.501
582.503 519.504
-691.501 365.504
-696.156 370.264
-501.498 -610.501
-226.492 -763.506
272.493 -760.504
-246.506 768.503
671.504 -452.504
-664.502 -461.508
163.499 804.493
-68.498 819.501
793.503 -223.496
-663.493 -500.493
525.499 -647.503
412.497 -725.504
-125.500 824.495
-135.500 -824.505
-781.498 -307.499
458.498 -708.499
593.495 -603.510
534.767 -657.178
-243.497 817.492
376.495 767.503
-755.502 399.499
-532.504 -672.503
507.495 -692.500
0.498 -859.504
264.518 -829.520
-816.501 305.497
-566.500 674.499
870.506 -146.493
570.502 691.499
-740.497 -509.501
-692.495 -574.506
-816.500 377.496
707.501 570.497
-748.492 -548.501
-902.504 215.504
-807.503 460.496
621.693 -694.899
622.049 -696.127
191.503 -914.498
862.499 -359.503
683.499 -637.502
66.499 935.511
754.494 568.513
308.498 -911.495
368.495 891.503
936.503 261.498
797.502 576.496
-296.502 953.500
56.508 -999.502
-880.495 491.504
-939.498 -370.500
823.497 586.501
1012.500 -22.505
-814.491 -601.500
358.503 -950.503
786.500 -643.500
-660.491 -771.504
-912.502 -447.504
-16.497 -1024.500
-501.501 -900.495
-401.499 952.505
606.499 -845.503
-366.503 -977.506
-443.501 -945.502
-313.499 995.499
-912.501 -515.502
-69.506 -1047.510
1049.500 -45.490
-199.491 -1031.490
-1012.510 -289.506
-204.500 1033.500
-985.500 385.497
1052.510 -133.506
-876.504 -601.503
798.500 -705.498
10.505 -1065.500
917.505 -550.500
-243.501 -1042.500
-500.496 -952.498
-1057.510 198.497
-1038.500 288.500
-80.511 -1077.500
777.496 -751.492
736.501 -793.502
718.502 -813.502
-258.503 1053.490
1064.500 -218.501
-178.501 -1073.500
-766.505 773.495
733.604 -810.037
-101.495 -1089.500
-179.093 -1082.240
-839.496 718.505
1110.500 -53.497
863.500 -702.499
986.510 -516.500
1094.500 -217.503
-655.501 -912.499
-806.497 -788.501
-1120.500 -126.503
-175.497 -1118.500
596.498 962.499
1133.500 11.502
-550.504 993.504
349.496 1081.500
-1137.490 25.497
591.494 981.507
392.496 -1077.510
1115.220 -286.168
629.499 -964.503
1116.200 -286.631
-855.499 779.494
-890.497 740.487
571.500 -1016.500
-1120.500 -320.506
777.491 -870.499
74.492 1172.500
-408.489 1102.500
-320.498 -1133.500
-888.495 -777.490
-454.500 1093.500
756.507 -915.497
1172.490 -250.498
-960.496 -719.495
-655.501 -1011.510
-1069.500 -558.508
-100.501 1202.490
-597.505 -1049.500
-1111.500 -473.505
477.503 -1112.500
270.501 -1181.500
-970.364 -732.897
1081.500 -560.500
-767.498 -955.500
430.493 -1153.500
551.493 1100.500
-333.509 -1190.500
1087.500 -594.498
401.501 -1175.500
-779.500 967.506
1211.500 -309.499
668.502 1060.510
1186.500 -409.501
1051.490 689.503
-755.509 -1005.490
1036.500 714.494
635.499 -1092.510
-819.501 960.499
-1034.500 -730.499
-1263.500 121.502
-1214.500 379.503
1268.500 -126.500
-908.499 -895.497
1176.510 510.501
1070.510 -714.497
-1244.500 -334.505
-664.500 -1105.490
1272.500 216.499
-1290.500 53.501
-563.499 1165.500
-855.501 -974.504
-593.497 -1163.490
-1194.500 -528.493
1167.510 595.499
-1277.500 302.499
1150.500 673.491
1042.500 -838.501
-1356.500 -58.503
1354.500 -136.495
-1262.490 506.497
1348.500 -196.496
-1293.500 -435.494
-880.499 1052.500
-1246.490 582.501
-1329.500 -400.504
931.493 -1036.500
1147.500 -791.494
-1112.500 -843.502
-1216.500 -688.505
1403.490 -48.503
754.505 -1197.500
858.502 -1127.500
-1394.500 -251.498
1444.500 127.503
-1448.490 -52.499
-1087.500 -967.492
-1250.500 -780.509
1388.500 -505.493
1447.500 301.496
-1224.500 840.502
1049.490 -1057.510
-1016.500 -1088.490
1341.500 -662.497
-1440.500 403.493
-1254.500 -839.498
-1441.500 456.501
-1172.500 973.499
1233.500 -910.506
1524.500 232.498
1535.500 207.490
-1449.500 548.506
-1323.500 806.503
-1542.500 -179.493
1322.500 816.502
1117.490 1081.500
-1328.500 -815.498
1219.500 -973.497
-1085.500 -1126.500
1132.500 -1097.500
-1562.500 -229.497
1066.510 -1176.500
1588.860 -23.686
-1567.500 -257.498
1261.500 -971.508
-1468.500 -687.496
-1254.500 -1028.500
1383.430 852.223
1388.860 849.047
-1181.500 1137.500
-1585.510 584.496
-1233.500 1160.490
-1542.500 -734.505
1344.500 1077.500
-1503.500 -893.499
1418.500 1052.500
1583.500 875.498
1440.500 -1143.490
1404.500 -1193.500
1490.500 1101.500
1500.500 -1160.500
