0.509 -0.499
-64.505 33.494
-169.495 -38.502
-109.497 -138.493
67.495 -168.496
-129.503 -130.499
-97.500 -170.505
-235.498 109.510
114.498 -256.503
-167.498 -225.511
305.501 10.500
285.506 137.504
-286.500 133.507
-172.980 273.867
-170.224 276.940
-342.503 -29.499
37.504 345.500
71.496 340.502
-345.502 -51.501
-298.504 -186.491
-348.504 -142.497
-291.502 238.504
237.496 -303.499
333.495 -195.500
-348.492 166.500
-389.506 2.502
49.501 387.500
-309.498 -241.494
-14.497 -395.492
-293.499 264.497
398.504 -28.503
417.501 -46.502
302.214 -305.141
109.495 414.500
92.496 -434.506
334.508 -293.498
-199.505 -404.506
-239.490 382.502
244.491 387.504
-473.502 106.499
-495.503 24.497
25.500 -501.495
-398.501 306.501
31.307 -518.049
-296.501 427.498
-520.488 -121.503
-422.500 340.494
545.498 -23.501
-529.501 145.500
-455.495 -316.495
-536.500 -148.493
-556.505 26.503
558.490 -119.504
548.503 -177.498
-267.502 518.494
350.495 473.512
-181.508 -578.496
-544.502 297.489
604.499 145.510
-66.505 619.509
-611.498 120.497
-617.497 99.496
-598.498 189.504
122.496 629.495
481.504 -430.494
-486.496 431.497
-624.495 222.501
-655.500 -107.494
-654.499 136.508
-639.935 201.023
588.500 328.501
-643.042 201.962
-621.500 -282.505
-667.498 -144.503
-473.502 -529.496
80.503 710.497
-709.502 90.507
622.500 357.494
-172.500 -697.500
721.502 -19.503
-620.503 376.500
695.501 -287.497
-526.502 545.495
-382.503 -657.504
-739.496 195.501
74.495 761.506
645.504 416.502
765.504 -109.498
17.492 -775.498
-503.498 601.505
72.503 790.502
671.497 -440.503
704.495 392.501
785.506 -184.503
-745.494 326.506
511.492 635.494
827.507 86.498
-262.507 -792.500
-726.499 423.504
-834.501 139.501
-737.506 -429.494
186.509 836.496
-844.496 157.506
860.494 -41.508
-826.499 261.507
736.499 -463.498
758.501 429.504
-332.495 809.504
493.499 727.500
881.501 -27.500
452.500 -758.499
870.497 158.497
-562.499 -683.504
-617.497 -638.504
-188.496 -870.499
-790.500 -409.496
787.494 -424.502
831.500 345.495
469.496 -782.498
156.504 -899.506
-138.501 -905.495
76.499 917.506
267.500 -882.501
202.501 -900.494
243.495 -892.494
-676.497 -631.501
-878.503 294.509
-582.505 -726.495
108.495 930.503
-940.499 17.493
-935.296 -161.964
36.506 -951.498
-954.491 35.493
-942.791 -160.854
618.499 731.494
691.500 -667.489
-609.502 -743.507
594.502 759.497
-852.500 -461.497
960.499 142.507
-391.493 -891.505
560.499 -799.498
739.991 -637.379
-840.497 -501.494
743.235 -638.688
-988.501 -7.501
788.491 600.501
8.492 -991.503
-370.516 -925.502
941.502 -330.499
-986.529 -171.499
-936.507 -358.500
-988.032 -171.498
997.501 -131.504
1006.500 12.499
724.501 700.499
-318.502 -957.497
887.494 487.497
-1003.490 133.504
-941.499 373.500
-462.501 909.500
-800.497 -636.498
-7.498 1032.500
-429.503 950.505
-984.496 -365.494
586.500 -875.503
780.502 714.497
-179.495 1044.500
-809.502 -685.510
-1065.500 55.501
1038.490 256.501
1069.500 -38.501
-541.498 922.503
-949.495 -499.503
-760.502 -762.496
1065.500 167.503
-422.500 -997.500
-289.500 -1044.500
901.506 -619.502
-561.504 937.499
-490.507 977.495
-916.500 597.499
-1101.500 -96.495
-419.501 1027.500
1086.500 250.504
-699.497 868.498
-826.501 750.497
1102.500 190.505
-279.496 1083.500
-1086.500 -295.494
-1129.490 -13.491
606.501 -961.495
-299.498 -1098.510
1116.500 224.492
585.504 979.500
-1133.510 142.504
24.502 1142.500
-1131.500 160.509
-859.500 755.504
-942.499 652.501
1124.490 -237.498
-1050.500 476.502
-1136.500 212.499
-337.500 -1108.500
-1147.500 179.498
531.490 1040.500
911.499 731.501
-996.502 613.503
-488.498 -1064.500
-432.506 1092.500
-1047.500 560.504
-1100.490 -455.498
-1154.490 318.506
285.507 1167.500
-620.503 -1040.510
1210.500 148.501
-837.496 -888.498
298.501 1189.500
1161.500 -398.494
-691.497 1013.500
-411.498 1168.500
603.496 1087.500
1244.510 121.496
704.098 1038.620
704.389 1039.210
-928.499 845.502
-1256.500 -9.507
1176.500 465.501
-672.503 1086.500
-478.499 1189.500
-639.500 1120.500
-458.509 -1207.500
-707.500 -1081.500
1102.500 -681.503
-1162.510 573.505
-1250.900 370.468
1309.500 -17.497
-1119.500 687.501
-1264.500 369.499
1277.510 329.501
-1289.500 293.504
-923.496 946.504
-799.497 1058.500
1142.500 -678.504
1325.500 102.501
-962.503 -924.504
-926.496 971.506
-1063.500 -831.501
-1191.490 641.503
-1308.500 352.501
-1174.500 683.501
1354.490 -151.507
-1037.500 -885.504
1062.500 863.506
807.497 1109.500
-875.505 -1057.500
-803.491 1115.500
1372.500 -130.505
-850.510 1085.500
-729.050 -1177.050
1382.500 -110.496
-984.496 991.498
792.494 1154.510
724.494 1203.510
-1175.500 -779.504
1412.490 -32.506
1210.500 -731.501
-918.494 1082.500
-1279.500 615.495
1284.500 -616.501
963.499 1057.510
-1429.500 -59.498
-1353.500 -473.499
-1310.500 584.498
1355.490 -487.504
-1113.500 -953.502
892.497 -1178.500
1451.500 -286.504
-1399.510 -478.496
1278.500 748.495
-1119.500 984.496
1223.500 853.499
878.499 1208.500
-1445.500 -387.505
-1139.510 982.496
1451.500 -412.495
1354.500 -702.493
-1382.500 -670.502
1529.500 -157.493
-1433.500 601.496
-1556.510 283.498
-1277.510 938.508
-1372.500 805.500
-1200.500 1056.500
-1286.490 966.493
-1304.500 943.505
1476.510 661.497
-1301.500 965.501
-1483.500 -663.494
-1284.500 1008.500
-1481.500 -727.505
1547.500 586.501
-1230.510 -1141.500
-1534.500 -703.497
-1307.500 1101.500
1287.500 1128.500
1318.500 1132.500
1523.500 942.503
-1395.500 1124.500
-1391.550 -1138.380
-1397.500 -1131.500
-1553.500 911.502
1340.500 1210.500
1552.500 925.490
1510.510 1002.500
1512.500 -1008.490
1480.500 -1066.500
-1510.500 -1023.500
-1462.510 -1096.500
1530.500 1007.510
-1411.500 -1185.510
-1592.500 -985.501
-1545.490 -1124.500
-1511.500 1175.490
1611.490 -1095.500
-1545.500 1200.500
-1576.490 1179.500
