0.493 -0.497
51.498 -15.507
29.676 56.569
57.504 37.502
39.008 59.162
-34.495 -87.490
92.501 -22.497
34.504 92.492
34.493 -106.494
-10.494 -114.497
-125.502 -42.495
-22.499 -134.497
-8.844 -144.188
92.504 111.498
-5.501 147.498
83.500 -137.508
68.500 147.499
95.011 132.563
95.050 132.972
116.505 119.491
3.498 172.498
54.498 -167.081
54.498 -167.184
115.553 143.976
129.515 136.786
72.500 190.504
177.497 102.503
65.487 -195.221
92.500 188.499
70.742 -199.734
198.493 -96.507
20.503 220.502
-220.506 23.500
-144.503 168.496
-3.494 223.510
-170.393 -158.719
155.500 182.498
205.574 126.625
213.526 130.734
215.951 133.055
119.500 236.498
175.500 -222.500
-130.502 253.505
99.496 269.500
-175.495 -257.502
238.500 -206.497
-308.497 62.496
-259.509 -181.500
22.501 -328.501
-256.498 -214.504
349.502 -14.499
208.500 293.500
85.503 357.500
-228.500 295.502
-336.496 -173.502
-103.502 -369.494
231.510 307.504
-1.502 -411.498
-400.497 -113.503
-352.498 -230.509
-66.498 416.499
373.498 204.495
422.490 62.500
-341.502 -261.505
-341.502 -261.587
-427.500 -55.498
410.501 165.500
43.497 442.497
182.502 407.495
302.501 329.492
-362.431 -263.210
-148.503 -424.501
-373.040 -257.754
284.503 357.498
-74.502 452.504
-326.501 -333.504
-217.493 416.496
-383.298 -274.988
-389.500 -267.026
-379.713 -281.108
-382.174 -279.846
-388.134 -271.975
-55.502 470.497
420.503 238.502
-382.374 -297.948
408.493 -263.499
448.503 187.503
73.502 485.503
474.505 -154.505
-142.500 -493.496
148.504 -492.494
409.498 -316.499
-376.500 358.497
219.491 -478.501
511.509 142.506
407.495 340.496
534.501 -15.497
-79.504 528.503
-193.498 504.499
532.501 -101.495
529.496 -163.496
226.496 518.503
343.501 -451.500
411.502 402.494
-504.506 -291.496
571.505 129.496
363.503 464.500
522.498 -287.501
593.503 106.494
6.505 606.508
56.505 -612.502
-581.497 263.504
-630.499 -122.503
-106.498 637.497
-205.504 613.497
-262.504 -598.511
169.503 633.501
-650.503 -121.509
416.501 519.500
358.503 561.498
-198.503 641.500
-279.501 611.497
-340.501 585.499
-666.501 -142.497
-591.497 342.502
658.497 -194.503
297.504 -623.497
-617.502 -313.498
-274.502 -641.496
527.502 -474.502
588.502 411.501
-571.505 440.504
-99.495 -720.509
378.496 628.503
-419.499 609.505
740.500 29.500
39.212 -741.290
295.507 -681.500
665.498 332.500
38.989 -743.555
575.500 478.507
-741.496 -144.505
-637.497 420.501
-376.499 -668.491
-3.499 -769.502
771.501 -1.494
-320.510 -705.501
-630.491 -458.503
757.500 -197.496
785.500 32.498
-658.500 -434.495
-786.499 -83.493
788.496 99.503
-196.497 773.503
373.501 -717.502
-669.502 454.507
-293.500 -768.495
829.500 -39.498
824.499 122.506
-645.506 -532.503
837.507 36.497
-245.499 -802.499
760.512 -358.506
845.495 -38.493
-392.500 -756.495
105.505 847.501
647.500 -566.493
-219.500 -838.498
-744.498 -454.506
708.503 -525.504
749.504 475.500
-835.500 303.503
873.505 171.490
415.145 787.129
213.498 866.502
838.498 -312.498
422.265 788.835
897.500 31.502
881.502 -172.496
-833.498 -365.503
-499.501 761.505
570.500 -715.507
-883.507 234.499
-694.502 -616.496
674.501 644.497
709.502 -607.509
148.502 922.506
-540.503 -763.504
677.501 -651.495
-765.499 -550.502
-929.498 -179.504
319.505 -896.497
-582.496 -755.498
954.504 51.496
-364.500 -883.497
480.496 827.502
841.504 -459.504
-947.502 -148.501
-120.500 -952.492
-218.502 935.492
596.495 -755.503
-673.494 -697.505
878.505 -412.499
-868.503 -431.495
-489.500 -844.498
290.495 -935.501
603.491 -775.500
572.495 -800.503
-983.502 -18.489
-988.441 -32.051
913.972 380.639
803.500 579.501
609.978 -783.856
207.494 -971.501
914.500 389.499
437.507 893.499
912.502 412.497
-837.499 569.504
665.497 764.496
1024.500 -17.504
-641.500 -799.500
-396.492 -946.502
570.500 854.495
1015.500 -176.503
941.497 420.495
853.499 -579.501
1028.500 79.510
-233.498 1004.500
-738.494 727.500
-443.501 938.499
382.504 -966.495
761.502 -719.500
1043.490 146.499
-544.498 901.499
837.497 -643.496
998.503 -363.498
879.500 597.497
-762.505 743.505
1054.500 175.502
787.494 726.491
-1065.500 123.500
687.898 -824.679
690.602 -826.324
223.504 1052.500
744.497 777.503
-1078.500 -0.502
1073.500 -133.503
-1082.500 -42.500
-450.504 985.499
-58.500 -1083.490
-224.501 -1063.500
-994.504 446.494
966.501 510.498
1087.500 151.495
854.499 -692.498
-1033.500 -391.493
161.498 1093.500
1095.500 -157.500
1086.500 237.503
1106.500 -131.503
388.510 -1048.510
208.499 1100.500
-1005.500 -495.498
1113.500 155.505
47.502 1122.510
1115.500 -154.496
842.502 748.501
-328.503 1082.500
998.494 -541.495
152.504 -1130.500
756.504 -854.498
326.500 1095.500
524.496 -1017.500
1072.490 400.504
-889.495 -720.500
1029.510 -528.506
1098.500 -364.511
821.497 816.505
-1150.500 -140.496
-1155.500 102.506
900.503 737.503
645.496 -977.497
1113.500 379.503
-465.490 -1081.500
939.503 710.500
-1016.500 -602.501
1098.500 -453.495
25.497 -1191.500
-1170.500 250.493
-1081.510 -532.498
-986.268 694.927
-1182.500 -247.498
891.492 818.503
-987.500 701.500
404.497 -1144.500
1003.500 690.499
842.501 888.494
1218.500 -144.490
791.128 938.422
-1120.500 -505.502
579.485 1084.490
-850.503 -888.496
1212.490 217.502
1221.490 -168.503
817.503 925.497
443.500 -1158.500
1197.500 -330.498
1109.500 560.503
-628.495 -1072.500
-1187.500 372.497
662.496 1054.510
574.497 -1116.500
-795.508 975.507
1018.500 -745.504
1204.500 392.493
-968.506 822.492
832.501 966.501
474.503 1204.500
-935.510 -900.497
-693.502 -1103.500
1202.500 504.501
1202.500 504.894
-1285.500 240.504
581.493 -1173.510
1278.500 -287.504
1284.500 269.501
1272.500 -335.497
1097.500 -726.500
-512.500 1212.500
-762.497 -1074.490
932.498 932.498
1316.500 101.498
-872.500 991.504
607.503 -1175.500
610.504 1176.500
636.494 1165.490
-819.496 -1046.500
905.500 977.506
-1264.500 -435.501
1286.500 378.498
1333.500 -168.502
840.500 1050.500
1284.500 -408.494
1067.490 833.501
627.497 1201.500
1367.500 22.498
-646.496 1207.500
958.502 980.508
949.503 1005.500
1347.500 -317.496
1055.500 896.500
1378.500 -141.504
1384.500 -75.501
-718.501 -1185.500
1383.500 123.502
1381.500 154.497
-1221.500 661.504
930.508 -1036.500
-888.495 -1074.500
996.501 983.502
-825.498 -1135.500
-1324.500 491.499
1414.500 15.500
-922.496 -1081.500
-1249.380 -683.885
-1256.500 -676.503
1432.490 137.499
1061.500 979.507
-1340.500 538.502
895.498 -1135.500
-1119.500 -924.500
1207.500 809.494
1286.500 -687.503
920.497 -1140.500
-1262.500 742.494
1454.850 205.986
1470.500 103.497
1028.500 -1056.500
-1245.500 -793.498
1066.500 1026.500
-1155.500 -925.501
1467.490 219.500
-1352.500 608.503
1218.500 -849.494
1042.500 1063.500
1361.500 605.497
-1482.510 -186.496
1458.500 -339.504
1496.490 85.498
-1064.510 1066.490
-1473.500 323.500
-1442.490 444.496
1372.500 675.501
-1384.500 -650.502
-1081.500 1085.510
-1098.500 -1070.500
-1150.490 -1016.500
1485.500 -390.503
-1464.510 -467.504
1500.500 344.497
-1456.500 -506.501
1060.490 1120.500
1011.390 1195.450
1556.500 192.497
-1071.500 -1146.500
-1545.500 -270.514
-1000.500 -1212.500
1576.500 70.496
1312.510 882.497
1568.500 -233.505
1095.500 -1151.500
-1117.490 1141.500
-1604.510 50.504
-1595.510 -183.505
1517.500 560.498
-1343.500 907.497
-1543.500 -535.494
1449.500 767.501
-1325.500 967.497
-1455.510 -763.494
1448.500 -787.506
-1353.500 -941.505
-1448.500 794.492
-1602.500 -408.495
-1375.490 -919.501
-1353.500 -963.503
-1620.500 -366.501
1197.500 1154.490
1552.490 614.501
-1582.500 -531.492
1567.500 -677.502
1477.500 -912.499
-1479.500 912.504
1364.500 1097.510
1600.500 -743.501
1307.500 1189.500
-1469.500 989.496
-1440.500 -1036.500
-1403.500 1130.500
-1547.500 -967.499
1585.500 943.499
-1620.500 904.502
-1420.500 -1206.500
1479.490 1168.500
1593.500 1143.500
1568.500 1201.500
1615.490 1197.510
