49.891 -42.863
134.908 -48.855
-94.095 -119.864
139.901 143.143
-6.095 195.141
-100.096 -288.855
241.903 -313.867
213.897 254.140
390.900 -203.860
-195.107 -331.851
210.894 312.135
-240.094 -330.856
-111.104 342.131
127.896 374.136
145.902 -467.862
307.894 327.136
38.900 -504.858
-403.106 50.138
68.912 -511.876
323.910 -426.857
430.899 -322.866
473.895 167.132
-391.099 173.135
518.895 -209.860
546.910 -121.848
-402.092 208.141
-469.043 -14.618
556.900 -180.861
276.901 -522.857
-416.114 233.144
413.900 -466.867
474.898 -419.863
197.900 507.138
-366.105 352.144
531.910 280.144
495.898 336.143
-97.107 531.131
-215.095 493.129
-250.099 479.132
308.895 -586.854
415.901 446.147
182.900 -658.868
662.907 -194.858
682.905 -194.860
40.899 614.136
699.904 58.139
-213.104 586.135
295.906 -688.856
-631.100 78.136
66.902 668.133
-472.114 -534.860
767.900 -27.869
-104.100 665.145
-256.098 -706.854
-622.084 -332.858
-243.979 -714.426
-681.103 -189.858
320.903 -746.870
-450.091 -613.870
-552.100 426.146
741.900 283.130
-146.096 697.135
704.909 -465.864
445.895 -715.858
656.895 -538.864
398.906 671.141
-647.092 -426.858
-683.094 -358.866
798.893 -321.860
-363.106 -732.863
63.897 -855.865
291.908 -830.858
-437.105 -713.865
836.896 223.140
-687.105 -428.857
-787.251 -26.463
-164.087 -852.866
-791.103 -19.871
308.904 -844.864
-705.117 -427.861
-500.085 602.137
-743.098 -344.856
-351.094 -790.864
-704.102 350.148
-653.100 437.141
-95.109 798.129
-544.107 -667.859
-722.110 -445.862
916.901 68.145
-740.099 -467.850
162.901 -935.854
-100.095 -932.870
475.227 772.280
-275.099 822.139
482.927 774.696
-326.105 806.140
-520.107 -784.856
-856.096 -313.853
-868.100 197.139
-899.100 -116.860
722.904 636.140
961.901 -335.851
763.910 -686.850
831.901 -603.856
-643.101 -710.864
-801.099 -510.855
295.911 898.133
383.896 -956.850
-891.107 217.146
-753.105 517.146
-733.105 556.149
1010.900 197.137
-320.105 876.141
252.894 -1013.860
-272.099 908.134
-872.092 -447.863
-922.093 221.135
624.897 786.141
-895.097 326.139
-135.101 -1056.860
-949.103 -322.859
-215.099 -1047.860
1070.900 176.140
-918.092 -445.864
-995.104 99.136
-981.096 -295.849
-140.105 1014.140
-500.108 886.139
-416.104 -1045.860
-369.099 984.138
-1054.100 154.124
-1014.090 345.131
1009.910 560.142
852.900 -854.859
-1094.100 75.142
402.904 1054.140
922.906 714.129
723.902 907.138
-1099.100 156.139
-440.097 -1102.850
672.899 947.146
1043.890 -674.854
-391.100 -1148.850
1246.900 -77.859
-1148.100 -21.858
1124.900 489.137
-1048.100 -548.861
618.901 -1117.870
1213.900 338.142
-663.101 962.140
-751.105 896.141
1145.900 -610.870
-377.104 -1201.860
1239.890 -390.864
-761.109 -984.856
-1195.090 -37.859
1054.900 -782.866
-748.100 918.142
940.901 -918.860
-470.104 -1185.860
-1138.110 -451.856
474.235 1140.520
-1006.100 -725.857
474.903 1145.150
914.904 -968.860
-1066.100 -648.862
-1155.100 362.142
-757.097 946.125
940.895 873.142
-1234.110 -164.851
-1035.100 -745.852
-1147.100 -532.864
839.906 -1067.860
766.903 1038.140
-1141.110 501.143
-519.092 1140.140
-967.801 -874.386
-973.007 -872.193
-1244.100 205.141
1321.910 308.135
-1254.100 -261.869
-1242.110 251.143
851.901 -1101.860
-681.097 -1157.860
1306.910 405.147
-1015.100 783.141
-1283.100 -252.850
-1228.110 415.144
-973.098 -936.867
1237.900 617.133
778.894 1105.130
1337.910 401.141
1395.890 -283.861
1078.910 860.142
1074.900 -950.866
-811.094 -1107.860
1291.900 -642.862
-599.095 1178.140
-1318.100 195.149
-1138.110 676.139
-1357.100 35.147
-1372.100 -64.858
-852.096 -1142.860
-1372.110 9.145
-1350.090 -321.860
1437.890 297.141
1360.890 531.144
1051.900 -1071.860
-1216.110 637.135
-1394.180 -26.434
-1399.470 -21.176
-1396.100 136.137
-1038.100 -1012.870
1517.900 24.126
-1381.100 298.140
1162.910 924.139
1531.900 -42.860
1116.910 990.141
-1437.090 22.145
-1441.100 -62.862
-979.096 -1128.850
-1138.100 -953.869
-1199.100 793.146
-1101.090 -1009.850
-1423.770 266.327
1117.900 1023.140
-1159.110 864.137
-1460.100 -119.874
-1431.720 263.075
910.453 1205.960
-931.104 -1208.870
-1477.110 -36.861
-1270.110 725.140
-991.101 1082.140
1578.900 113.132
-1226.090 -921.861
-1495.090 124.138
-1454.100 357.141
-1199.100 901.132
1533.900 -553.863
-1525.110 0.138
-1371.100 -725.862
1541.700 -566.386
-1076.100 -1164.850
-1531.090 136.142
-1055.100 1110.140
-1544.100 -197.861
-1405.110 -749.859
-1505.090 -543.860
-1338.110 -914.869
-1134.090 1097.140
-1446.100 -724.852
-1598.090 4.147
1331.900 1002.150
-1547.100 -544.859
1594.900 663.137
1281.900 1133.150
-1608.100 -448.855
-1592.100 -523.866
-1383.100 -1018.850
-1491.100 -837.859
-1372.100 -1059.850
-1363.110 1001.130
1406.900 -1158.860
-1340.100 1038.140
-1560.100 716.136
-1351.100 -1146.860
-1519.090 -892.859
-1497.100 -978.861
-1517.100 -959.852
1429.900 1137.140
-1493.090 -1030.860
-1384.090 -1206.860
-1471.100 -1142.870
-1557.100 971.140
-1458.100 1182.140
