0.501 -0.501
120.498 115.497
82.502 -238.503
55.497 279.500
117.501 262.500
-56.496 -297.500
272.492 -161.493
-122.501 -328.502
329.496 145.498
-280.498 236.499
-364.499 86.503
275.498 -270.494
-178.512 342.497
-308.501 -236.503
34.499 -394.504
-397.504 -48.497
-318.506 261.496
-270.494 -313.496
-428.497 39.503
-238.501 365.497
-465.500 -75.494
-279.499 380.505
-180.501 -441.500
-129.500 464.494
-448.496 224.501
-518.499 5.498
-70.490 515.502
447.499 -288.500
514.499 -181.502
255.495 -483.499
452.505 324.492
-124.498 552.503
-543.499 -180.498
363.505 446.500
-518.503 -258.507
-388.507 -435.500
-588.500 -10.502
-231.499 -552.496
595.496 138.496
631.495 -84.496
-617.494 152.501
578.500 -276.495
-500.502 -408.502
225.501 605.505
-249.498 600.497
618.504 212.498
133.503 -642.501
-142.506 -640.500
-389.507 528.505
657.498 115.500
296.498 608.504
249.499 -657.506
-707.501 30.504
-174.507 703.495
-692.507 -220.504
368.498 641.501
490.500 572.500
401.500 647.495
593.498 480.490
511.501 570.503
31.507 -776.508
277.486 -732.496
521.495 591.502
470.495 -638.505
-789.503 -173.497
288.506 755.506
785.502 -212.501
-192.495 -794.500
-458.494 677.502
-831.500 -70.498
717.499 433.507
-674.493 -537.498
-168.508 851.502
714.503 496.503
-806.494 346.501
-395.505 795.497
-855.503 266.495
84.502 -901.500
-126.499 -897.503
-418.501 803.499
580.493 -705.506
-751.499 -519.494
343.501 -850.504
-388.498 -849.492
-577.501 741.502
-943.500 -14.495
-252.501 909.498
838.501 442.503
932.501 -184.491
-873.498 395.500
-899.500 -345.498
-515.495 815.506
-840.494 479.496
-551.502 800.499
170.495 -963.499
-259.496 952.503
-875.501 -462.504
-928.499 -344.498
-502.496 853.496
955.500 277.502
-157.506 982.501
-827.497 553.501
-564.503 -821.499
-814.497 574.495
-920.500 -402.500
-518.506 863.500
219.499 986.500
-1006.500 -101.504
872.496 -518.500
-122.503 -1008.490
-854.504 549.501
269.498 991.504
526.508 -886.497
1027.500 -95.494
-961.496 -383.500
-128.498 1035.500
797.502 -679.504
982.498 -372.495
-1049.490 -61.502
753.496 749.502
503.495 -942.500
-1067.500 42.502
1000.500 382.490
475.498 -979.504
-42.502 1096.500
1097.500 -72.500
545.501 -961.497
-995.510 484.494
738.496 830.502
-410.501 1044.500
-814.501 776.506
-529.458 996.773
-1129.500 37.500
-498.500 1014.510
-530.495 1002.500
775.499 -836.499
-476.500 1035.510
373.500 -1079.500
346.500 -1089.500
732.437 -878.459
256.496 -1120.500
-769.503 857.498
189.496 -1138.500
1055.500 -474.504
947.500 670.499
853.498 -794.503
-1120.500 -361.495
-1064.490 -510.499
-1130.500 349.509
1189.500 -69.498
838.502 -848.497
-987.508 -687.499
-907.496 -807.503
-617.493 -1046.490
-324.494 -1172.510
1216.500 -52.496
273.491 1194.500
234.502 1208.500
-1159.500 -417.503
1053.500 644.500
1235.490 84.502
855.500 897.496
873.503 884.503
1078.500 627.504
1244.500 108.494
-1168.500 487.503
1245.490 305.499
1014.500 -785.493
572.509 -1160.500
1202.500 538.500
-717.493 -1107.510
-635.504 1172.500
937.495 -958.501
983.498 924.506
-1237.500 -548.495
-1159.500 703.503
1359.500 187.498
-767.499 1137.500
-776.504 -1133.510
-728.500 1164.500
-947.503 -1007.500
-687.504 -1205.500
-1145.500 -792.503
1377.500 218.506
1346.500 -364.504
-1314.500 -482.503
1138.500 -846.504
-1381.500 317.500
-1414.500 98.498
1370.500 -380.495
1085.510 -922.497
-1435.490 176.503
1451.500 -3.502
-1216.500 817.495
-1081.500 -1004.500
-1146.500 935.496
1103.510 992.502
-1319.500 -685.499
1098.500 -1010.500
-1145.500 960.503
1477.500 251.501
-1491.510 -147.502
-1243.500 846.500
1444.500 438.493
1513.500 69.498
-1513.500 93.498
1519.500 138.503
-1524.500 -163.494
1245.500 915.501
1364.490 -733.502
-1543.500 -147.495
-1500.510 -404.496
-1568.500 16.505
1113.500 -1173.500
1547.510 -492.494
-1593.490 359.496
1324.500 -968.504
1141.500 -1179.500
-1496.500 680.496
1602.500 -376.503
-1343.500 -971.499
1527.510 687.504
1263.500 -1143.500
-1230.500 -1191.500
-1250.500 1170.490
-1615.510 -587.503
1354.500 -1074.500
-1308.500 1131.510
1271.490 -1194.500
1435.500 -1010.510
1591.500 781.496
-1597.510 856.499
1595.500 962.506
1535.500 1093.500
