0.499 -0.497
14.502 26.496
92.499 53.501
-92.497 -70.494
126.497 -45.493
-99.502 -92.506
-92.502 107.504
122.505 -106.499
76.499 -170.500
64.503 217.504
-113.502 -218.497
244.502 -38.496
227.503 -99.496
-136.505 -234.502
236.506 -195.498
310.496 74.507
-214.505 -238.492
-130.499 319.494
332.502 -103.504
-342.500 90.502
-302.492 187.504
353.496 -54.493
-276.499 -262.504
274.503 287.497
290.502 286.506
124.493 427.505
378.497 -243.502
289.506 -356.502
-236.495 408.500
-3.502 -498.500
-258.505 425.505
340.501 365.496
-361.502 -350.503
290.502 -418.496
403.500 -315.491
15.502 -512.494
-450.499 252.492
170.504 501.496
196.498 -494.504
297.501 -460.506
540.498 90.494
565.502 46.503
-351.496 458.499
578.117 30.985
332.498 483.502
-314.503 -529.499
-564.499 249.510
156.504 -600.503
-623.504 -60.501
-498.502 -384.500
536.498 342.498
-567.502 311.501
-99.493 650.498
595.496 284.510
-662.499 36.498
640.510 -179.501
-248.493 -622.505
171.507 652.498
611.500 -288.498
614.496 285.500
611.858 -293.748
-686.499 -37.495
633.493 282.499
243.500 649.497
662.496 208.501
386.495 583.500
-650.501 -262.501
399.499 -580.497
356.498 617.504
604.497 397.499
742.501 -30.499
-687.500 303.500
298.509 -695.507
-321.500 688.496
-531.501 551.504
-217.494 735.506
125.502 769.500
580.502 -526.496
-419.500 664.494
-416.499 -681.498
399.499 -698.499
-435.495 679.504
782.494 203.493
814.494 -43.502
-545.500 630.509
15.506 -835.500
-704.504 -459.506
-834.506 155.494
740.488 -419.502
779.496 347.502
-771.505 -365.494
828.497 -256.498
-770.503 399.501
-760.497 418.496
-792.503 403.494
851.495 -272.503
178.504 894.503
398.504 824.501
394.499 -846.498
19.494 943.504
-133.844 942.485
-132.505 949.498
480.503 -838.498
-968.497 -26.497
-283.503 -927.503
-843.499 -480.502
-928.500 284.496
-486.496 -849.501
-172.501 -970.504
973.509 166.498
719.506 -683.504
665.497 -749.499
-885.502 487.496
-921.493 483.499
-171.498 1027.500
-382.494 969.499
-432.501 -958.504
936.499 480.505
902.499 -546.496
-13.506 -1060.500
453.507 -963.496
1060.500 -110.500
469.503 957.500
-219.496 -1051.500
1002.500 390.499
75.504 -1082.500
-1036.490 -354.505
-999.499 456.501
444.504 -1007.500
933.500 -584.504
1086.490 197.499
131.503 1096.500
956.499 553.503
-446.500 -1014.500
-493.496 996.505
1078.500 287.498
1109.500 176.502
1102.500 -246.508
-507.501 -1012.500
541.498 -999.503
-1033.490 -472.501
535.744 -1013.030
-704.496 -904.497
1042.500 482.499
-206.499 -1134.500
11.503 -1154.510
1006.500 -570.496
368.503 -1098.500
-353.501 -1110.500
1165.500 -30.498
1171.500 -74.499
-1080.510 460.496
-1007.490 609.490
812.496 853.493
-819.493 -848.498
977.496 -672.499
-550.052 -1061.970
-1209.500 -57.496
-300.500 1173.490
-1210.500 102.501
1142.500 415.501
1146.500 452.505
551.010 1111.620
984.505 -758.502
545.503 1120.490
325.496 -1205.500
1185.500 -405.491
606.496 1112.500
-1059.500 -706.504
562.503 -1147.500
-1284.500 123.502
1278.500 190.499
1181.500 541.501
1303.500 64.501
821.502 1029.500
577.501 -1187.500
1043.500 817.496
734.496 -1109.500
572.505 1203.500
-1026.500 854.499
-1260.500 -450.498
806.494 1070.500
-761.503 -1104.500
1276.500 -435.500
-1358.500 -186.493
-1082.500 856.503
1369.500 199.505
-741.491 -1180.500
-1068.500 -899.497
1225.500 -680.499
-786.503 -1168.500
1411.500 -7.498
1350.500 -412.490
844.498 1139.500
777.496 -1189.500
1311.500 552.504
821.501 1164.500
-1036.500 -978.499
1428.500 -76.500
1007.500 1045.500
-962.499 -1097.500
-1323.500 -629.511
-1019.500 1058.490
879.498 -1183.500
1454.500 -243.500
859.505 -1205.510
-1436.500 391.499
1350.500 633.502
1373.500 584.500
902.497 -1190.500
1450.500 -384.492
1442.500 -414.505
-1205.500 -899.500
-1063.500 1081.500
-955.503 1181.500
-1043.500 1108.510
-1437.500 -527.494
1455.500 -536.496
-1514.500 340.504
1424.510 -634.501
1446.490 603.498
-1505.500 438.497
1543.500 287.503
1566.500 283.497
-1581.500 205.500
1547.500 392.504
1409.500 -773.504
1568.500 -395.496
-1524.500 -568.499
1146.500 -1157.500
1184.500 1166.500
1301.500 -1039.500
1603.500 476.498
-1567.500 613.497
1606.510 -520.504
1195.500 1206.500
-1335.500 -1069.500
1518.500 816.500
1613.500 -609.501
-1389.500 1020.510
-1554.500 777.502
-1271.490 -1204.500
1539.500 -840.497
-1605.510 -707.508
-1498.500 971.498
1519.500 -941.500
-1537.500 919.498
1416.500 -1107.490
-1559.500 -939.500
1550.500 1057.500
-1600.500 1210.500
