0.829 -0.632
11.643 -3.814
-12.504 64.501
99.492 -16.494
72.692 -93.471
73.392 -93.045
76.104 -93.299
39.495 -122.497
-61.506 -173.496
-131.500 147.503
-223.500 8.492
220.500 70.503
-158.502 -183.494
-71.500 -237.502
-44.502 246.500
-59.496 -268.501
-252.498 -112.503
-89.497 -284.498
299.501 48.500
-207.500 -223.503
-252.608 180.396
-254.947 177.259
-309.499 -77.500
332.490 -79.506
346.495 42.499
50.504 351.505
-300.505 -199.498
262.500 -268.503
152.503 -358.496
336.495 220.503
-407.494 -15.502
-97.500 -400.500
-41.501 -416.501
-326.509 -282.500
-354.502 -280.503
-272.503 360.501
319.498 331.498
-126.494 443.490
-220.499 -422.491
236.505 415.505
156.505 480.497
-349.505 -368.500
-463.495 212.496
-360.510 361.493
426.500 297.498
-42.503 519.503
101.505 -525.499
-480.497 -246.503
-507.498 183.498
-346.500 414.502
-436.497 -321.507
-457.497 293.508
-542.503 41.506
91.504 550.503
-372.497 434.501
-538.510 221.504
-9.495 584.496
514.498 -290.502
-527.498 268.499
-547.504 -231.500
-594.497 -32.499
2.506 -604.500
373.503 -478.501
-556.491 -258.500
99.503 618.496
-25.503 629.503
632.501 50.499
206.502 600.496
-627.501 134.498
513.501 -415.506
-42.501 657.494
-457.504 -480.497
-178.498 -640.501
-234.499 -622.501
-18.509 -666.498
631.495 -215.508
276.503 -607.504
-293.499 -612.500
-365.499 -584.503
-392.506 567.511
-221.510 659.499
70.495 -697.494
-624.505 -324.501
465.501 533.495
-507.496 -494.497
624.932 336.839
-700.494 115.498
329.507 -642.500
-60.499 719.501
638.494 344.488
404.491 605.492
643.114 346.187
625.496 384.492
-389.497 -622.495
-570.502 -470.504
-735.497 -79.500
-361.501 -651.500
-237.490 706.496
147.498 -741.499
-727.497 -201.499
-722.496 218.500
320.501 -685.498
-586.495 -488.505
181.499 751.499
756.501 -173.494
-315.500 710.496
734.501 -263.502
742.502 258.497
636.496 -467.500
780.503 -129.497
797.496 -13.499
-638.505 -478.502
-800.496 15.505
-686.505 416.503
-549.492 602.496
-514.494 -634.505
-803.495 144.504
-803.499 172.507
-75.509 -828.511
769.507 -325.499
-92.500 832.501
456.499 -709.501
-811.507 234.504
-746.504 -396.496
-740.524 -408.122
-825.501 -192.506
-133.502 -838.496
-845.499 -68.492
854.496 -17.502
258.505 -815.500
658.498 -547.497
-829.502 206.500
-562.501 658.499
-740.498 450.493
38.506 869.501
228.490 840.495
11.507 871.491
-621.498 613.503
-142.501 864.504
875.498 -131.504
158.495 874.502
-469.501 754.505
-797.500 396.497
-66.496 -890.494
-714.501 -541.504
-41.508 896.499
-863.495 269.503
897.499 -169.498
91.505 910.502
-342.498 -851.504
235.502 890.495
466.498 795.506
-662.500 -652.500
920.501 -140.502
-155.501 -919.505
898.502 254.496
867.506 -351.499
-929.503 -95.494
-604.502 -713.497
683.502 639.495
-787.499 511.503
-749.501 567.498
766.499 551.504
913.496 246.499
-900.494 307.499
-200.490 930.501
590.498 -753.505
459.500 841.501
554.500 782.506
-950.511 -145.503
-98.501 961.500
-446.499 857.499
844.498 -482.491
-956.495 185.496
-854.497 -469.495
-116.497 -970.500
-161.500 972.505
-928.508 -339.504
400.496 -911.506
943.503 325.499
-816.504 -577.502
893.504 -456.501
-352.501 938.499
-281.501 967.498
872.505 517.498
-328.502 -960.498
691.502 -749.507
1012.500 -149.503
659.496 783.495
551.511 -877.506
204.499 1016.500
65.502 -1039.510
-935.505 -459.498
-981.491 349.496
-1043.500 33.507
-491.499 -922.499
-961.494 409.501
-561.501 884.499
-973.507 392.497
-68.494 1050.500
-942.411 -471.245
126.500 -1050.500
-886.496 -578.498
-244.500 -1037.500
-907.498 557.495
-535.499 921.499
493.499 948.500
446.509 971.501
-572.506 904.508
-912.496 -566.501
-971.502 479.502
-1012.500 398.503
-116.500 -1084.510
-757.493 787.504
-657.504 874.501
-951.505 -542.502
-1096.490 -52.498
-218.506 -1077.500
1013.500 428.507
-1095.500 -116.506
1012.500 -440.505
978.497 517.499
-362.500 -1047.500
-446.499 1019.500
651.499 910.499
-920.497 639.491
703.504 -875.499
-127.505 1114.500
1111.500 175.496
-485.497 -1021.510
-1014.070 498.474
121.490 -1126.500
329.508 1083.500
-999.498 -534.504
-851.499 748.501
7.495 1134.500
1046.510 -455.502
-993.502 -564.508
-1023.510 507.500
-1081.500 376.501
831.498 789.501
856.504 -768.499
-518.498 1025.500
-965.502 623.503
47.501 1151.500
-945.498 -661.501
-769.502 -861.503
317.499 -1113.490
1158.500 -112.501
-583.845 1008.500
-583.498 1009.640
-887.494 763.504
-1126.500 -335.501
-849.495 824.500
26.497 -1186.490
550.502 -1055.500
-989.502 -665.505
-1185.500 132.497
-1110.510 -440.497
-445.496 -1116.500
1024.500 -635.507
429.499 -1127.500
229.495 -1185.500
-1050.500 -598.496
1026.910 -644.340
603.500 1052.490
-256.491 -1189.500
-1172.500 320.504
443.504 1135.510
-956.500 -756.500
-667.500 1024.510
-1117.500 509.493
-482.494 1131.500
997.501 -734.509
1174.500 -403.501
-1229.500 -224.109
-1229.500 -224.500
916.498 852.505
-1209.500 -333.506
-582.502 -1114.510
-950.501 -823.494
834.505 -945.497
684.495 -1072.510
-1171.500 -505.500
-1275.500 63.502
-454.686 1193.550
1281.500 28.503
422.503 1209.500
-479.495 1198.500
-461.500 1207.510
-676.494 1101.500
857.503 979.504
-1238.500 403.501
-965.500 875.496
-843.499 -995.494
-1103.500 696.499
-987.498 -862.504
-809.496 -1037.500
-696.496 1126.500
-796.503 1068.500
598.502 1193.500
-1334.500 -179.502
-1300.500 -359.504
-693.500 1160.500
1218.820 604.853
-1154.500 720.506
-1193.500 666.501
1269.500 527.497
1231.500 615.503
728.504 1174.500
-947.503 -1008.500
-1346.510 -343.501
-1261.510 -586.501
-1339.500 379.497
-1303.500 -508.498
-1101.500 -870.505
-1050.500 931.500
-941.502 1045.500
-875.502 1103.500
-1094.500 -895.501
-962.508 1036.510
1330.500 488.499
-1302.490 562.497
-1288.500 -596.496
1273.490 -641.491
-1422.500 82.502
-1017.500 -999.502
-1292.500 645.501
-1328.500 -578.508
-1445.500 143.503
-1098.490 955.503
-1014.490 -1052.500
-1335.500 -611.503
-1451.490 222.497
-1469.500 -60.500
1335.500 619.503
1231.490 812.500
-1453.510 266.499
1088.490 1012.500
-1258.500 793.502
-988.503 -1123.500
-1482.500 -245.494
-1340.500 -686.491
-1218.500 -890.501
1481.500 -294.500
-1205.490 -912.505
-1485.500 303.505
1479.500 -341.493
-1475.490 355.498
1459.500 426.501
-1358.500 685.503
-1427.490 530.492
-1088.500 -1071.510
-1116.500 1046.500
-1225.500 -921.496
-1496.490 -342.496
1043.510 1128.500
1515.500 268.487
-1522.500 227.496
1512.500 299.504
1393.500 668.500
-1254.490 -902.498
-1327.500 -791.505
-1236.500 927.502
-1545.500 -43.498
-1364.500 733.506
1178.500 -1027.500
1554.490 213.495
-1522.500 -379.500
-1528.490 -355.503
-1520.930 -393.563
1498.500 481.497
1531.500 -382.502
1084.490 -1151.500
-1565.500 226.503
-1493.510 522.503
-1510.870 488.746
-1490.510 557.491
-1594.500 -18.500
1528.500 -469.495
-1587.500 179.500
-1578.500 250.502
-1539.600 428.976
-1419.500 -736.499
1387.500 804.503
-1524.500 495.500
-1597.500 -164.503
-1543.480 460.017
-1081.500 1199.500
-1617.500 63.503
-1544.130 490.082
-1545.520 491.511
1500.500 625.502
-1310.500 -968.496
1620.510 -229.505
-1337.490 956.496
-1185.500 -1145.500
1352.500 950.502
-1534.500 -624.504
-1482.500 -773.495
1604.500 477.490
-1377.500 981.503
-1608.500 537.502
1240.500 1158.500
-1600.500 570.498
1391.500 1029.490
-1587.510 -691.494
-1524.500 820.502
-1556.500 -785.496
-1295.500 -1184.500
-1533.500 -868.502
1596.500 -770.496
-1466.500 -1010.500
-1553.500 -874.495
1499.500 -1142.500
-1495.500 -1192.500
-1619.510 -1088.500
-1605.500 1196.500
