-26.997 50.126
-27.668 50.127
-27.116 51.130
-108.000 81.141
-108.107 82.144
-108.669 81.145
-52.106 -37.856
-51.990 -38.858
-52.670 -38.851
-139.987 80.130
-140.097 81.130
-140.669 80.133
-26.111 -90.863
-26.673 -91.855
-26.000 -91.853
-83.103 -105.855
-82.985 -106.857
-83.659 -106.857
-115.992 198.140
-116.665 198.138
-116.097 199.143
176.328 -8.849
176.901 -7.859
177.009 -8.849
118.337 227.143
119.012 227.142
118.908 228.141
-193.994 227.143
-194.668 227.148
-194.103 228.143
226.335 -8.851
226.899 -7.852
227.006 -8.853
236.335 144.135
237.000 144.140
236.899 145.138
-141.105 -231.863
-141.000 -232.867
-141.665 -232.870
-242.988 271.137
-243.666 271.138
-243.098 272.131
-122.100 -255.858
-120.671 -257.716
-122.183 -257.772
-124.094 -257.855
-122.240 -259.289
293.899 -2.860
295.892 -0.853
295.809 -2.775
295.753 -4.291
297.328 -2.717
-115.098 -266.849
-114.996 -267.859
-115.657 -267.863
-58.984 394.148
-59.666 394.152
-59.091 395.141
-304.989 285.141
-305.659 285.140
-305.102 286.147
-106.475 407.607
-104.076 409.734
-106.545 409.692
-108.635 410.995
-104.138 412.098
-106.430 413.176
-191.106 -292.856
-190.999 -293.851
-191.663 -293.848
-289.995 342.147
-290.668 342.152
-290.104 343.148
133.897 -310.862
133.332 -311.860
134.007 -311.859
-347.670 316.275
-349.244 314.707
-349.183 316.215
-349.093 318.137
-351.100 316.129
-380.108 -182.866
-380.000 -183.867
-380.673 -183.866
284.885 -245.864
284.325 -246.872
284.996 -246.868
-283.988 396.139
-284.660 396.137
-284.094 397.143
94.481 466.547
103.754 464.710
94.410 468.644
102.820 466.528
97.824 468.348
104.838 466.254
92.313 470.062
103.676 468.192
97.096 471.088
94.544 472.228
164.332 447.139
164.998 447.136
164.889 448.135
-98.992 502.142
-99.669 502.143
-99.101 503.136
445.326 21.150
445.880 22.142
445.997 21.150
-358.104 -307.861
-357.996 -308.852
-358.666 -308.850
212.338 477.143
213.008 477.144
212.899 478.147
-376.100 -315.865
-374.669 -317.720
-376.179 -317.775
-376.233 -319.292
-378.101 -317.856
-536.992 45.131
-537.097 46.133
-537.662 45.131
-540.989 7.131
-541.081 8.131
-541.665 7.129
-478.988 301.135
-479.095 302.142
-479.663 301.132
254.341 485.140
255.011 485.138
-518.096 -117.858
254.898 486.139
-517.991 -118.864
-518.666 -118.864
210.335 564.129
211.005 564.131
210.892 565.139
310.332 515.152
-381.983 502.148
311.010 515.152
-382.660 502.154
-382.098 503.141
310.904 516.143
-119.090 -521.855
-118.978 -522.851
-119.655 -522.845
-553.989 326.138
-554.095 327.143
-554.667 326.140
534.341 -148.857
534.916 -147.855
535.015 -148.857
246.330 604.146
247.007 604.142
246.891 605.142
-352.989 591.142
-353.669 591.142
-353.091 592.136
-539.676 431.286
-541.246 429.714
-541.183 431.226
-541.090 433.144
-543.103 431.137
-671.141 -57.895
-671.074 -60.256
-673.438 -56.817
-673.548 -60.303
-673.478 -62.392
-675.634 -58.998
621.338 163.153
622.016 163.147
621.903 164.143
267.908 -554.856
267.338 -555.850
268.009 -555.855
-134.099 -616.857
-133.991 -617.862
-134.664 -617.856
562.345 383.141
582.329 -245.876
582.895 -244.867
563.017 383.138
562.905 384.144
583.007 -245.873
361.570 -505.822
359.362 -508.009
363.868 -506.906
361.461 -509.309
363.932 -509.257
361.528 -511.391
-647.992 335.140
-648.102 336.142
-648.669 335.139
53.334 730.134
54.001 730.132
53.895 731.137
-684.993 261.139
-685.103 262.135
-685.669 261.141
663.335 100.139
663.898 101.146
663.997 100.140
-106.095 -644.852
-105.994 -645.854
-106.668 -645.854
-568.101 -398.848
-567.996 -399.857
-568.661 -399.858
-565.116 -414.858
-565.002 -415.857
-565.673 -415.857
-588.086 -393.860
-587.985 -394.864
195.893 -630.858
-588.657 -394.866
195.329 -631.863
196.006 -631.865
494.903 -444.862
494.335 -445.863
495.006 -445.862
-667.097 -285.856
-666.989 -286.858
-667.665 -286.858
398.342 642.138
399.010 642.135
398.907 643.138
84.899 -671.867
84.337 -672.868
85.013 -672.868
504.900 -452.858
506.903 -450.863
471.330 588.135
506.816 -452.771
472.002 588.140
506.756 -454.291
508.330 -452.713
471.902 589.139
184.337 762.153
185.006 762.147
184.901 763.144
710.339 -90.862
710.908 -89.861
711.016 -90.857
622.342 437.143
623.010 437.144
289.515 737.608
622.903 438.143
289.451 739.697
287.366 740.993
291.928 739.744
291.867 742.100
289.571 743.182
496.341 606.136
497.014 606.134
496.910 607.134
-414.996 712.147
-415.663 712.151
-415.112 713.146
740.338 -34.864
740.897 -33.855
741.006 -34.864
-803.985 2.140
-804.096 3.135
-804.661 2.139
556.898 567.151
558.763 565.717
558.820 567.234
560.331 567.290
558.904 569.139
730.339 -149.868
730.899 -148.859
731.007 -149.868
630.902 -379.852
630.340 -380.859
631.007 -380.860
-761.087 -265.864
-760.983 -266.864
-761.664 -266.865
-822.074 161.741
-822.140 164.103
-824.480 159.605
-824.543 161.696
-824.429 165.182
-142.982 848.138
-143.656 848.137
-143.081 849.136
-826.635 162.995
-654.098 -465.855
-654.000 -466.868
-654.661 -466.870
-746.107 -336.860
-745.993 -337.860
-746.663 -337.856
454.337 712.132
455.013 712.130
454.904 713.137
-392.104 -693.852
-391.996 -694.849
-392.663 -694.846
-712.993 537.144
-713.663 537.145
-713.102 538.145
-786.101 -340.863
825.896 93.137
-785.992 -341.864
-786.673 -341.861
827.751 91.710
827.811 93.222
827.901 95.137
829.329 93.281
-882.989 115.144
-883.093 116.145
-883.660 115.146
404.911 -707.859
404.347 -708.864
405.016 -708.863
122.334 919.140
123.008 919.140
-908.987 62.143
-909.097 63.147
-909.660 62.142
122.898 920.144
612.335 661.136
613.015 661.138
612.907 662.139
808.327 346.143
809.001 346.143
808.894 347.144
850.332 -128.859
850.900 -127.857
851.007 -128.859
-237.999 930.145
-238.667 930.143
-238.097 931.139
-55.988 956.142
-56.673 956.142
-56.105 957.135
-924.990 209.143
-925.096 210.146
-925.654 209.140
421.904 -744.865
419.902 -746.860
421.816 -746.776
423.331 -746.719
-580.102 -679.856
421.755 -748.294
-579.984 -680.858
-580.661 -680.855
783.337 -398.868
783.895 -397.864
784.001 -398.869
667.337 673.143
668.005 673.143
667.894 674.141
-963.000 33.132
-963.105 34.139
-963.663 33.131
-704.674 697.276
-706.247 695.710
-706.192 697.220
-706.111 699.139
-708.100 697.138
495.894 -739.854
495.336 -740.846
496.005 -740.852
631.895 -633.856
631.335 -634.859
632.000 -634.857
541.901 -718.864
541.326 -719.879
542.012 -719.873
23.896 -918.857
22.814 -920.326
23.903 -920.328
-644.098 -704.853
-643.991 -705.857
-644.667 -705.860
561.903 -728.855
561.337 -729.859
562.013 -729.859
211.894 -900.863
211.332 -901.859
212.003 -901.865
798.896 -494.858
798.332 -495.860
799.001 -495.861
-764.094 -611.865
-763.989 -612.864
-764.667 -612.866
-899.989 524.137
-900.100 525.136
-900.666 524.134
-1024.990 59.144
-1025.090 60.142
-1025.660 59.145
-666.104 -729.851
-665.991 -730.845
-666.665 -730.840
559.762 873.709
557.900 875.138
559.816 875.222
561.328 875.279
559.897 877.145
831.906 -501.854
831.338 -502.857
832.013 -502.857
-763.094 -658.864
-762.988 -659.861
-763.671 -659.860
836.335 609.140
837.011 609.135
836.902 610.133
-1046.990 190.131
-1047.090 191.141
-1047.660 190.131
-183.093 -970.853
-182.992 -971.851
-183.656 -971.848
468.891 -863.868
468.332 -864.861
469.001 -864.867
1009.330 250.130
1010.010 250.130
1009.900 251.131
966.331 426.136
967.012 426.134
966.903 427.131
1023.340 250.134
553.904 -847.858
1024.000 250.136
1023.900 251.142
553.336 -848.855
554.011 -848.859
1023.330 284.128
1024.010 284.132
1023.900 285.132
-679.103 -812.856
1052.900 -15.869
-678.992 -813.855
-679.664 -813.849
1054.900 -13.862
1054.810 -15.779
1054.760 -17.294
1056.330 -15.717
-294.098 -1002.850
-293.988 -1003.850
-294.667 -1003.850
1055.340 174.150
1056.010 174.147
1055.910 175.150
-458.987 1055.150
-459.664 1055.150
-129.087 -1039.860
-459.102 1056.140
508.340 1006.130
-128.987 -1040.870
-129.665 -1040.860
509.011 1006.140
508.917 1007.140
1065.330 174.140
1066.000 174.140
1065.900 175.140
1081.340 137.137
1081.920 138.146
1082.010 137.140
-652.994 982.145
-653.665 982.142
-653.099 983.144
1065.290 -226.246
1065.310 -227.002
1066.010 -226.977
1067.480 -224.806
1070.720 -220.968
1072.900 -218.859
1072.820 -220.777
1072.660 -222.401
384.900 -1005.850
1074.330 -220.720
384.334 -1006.850
385.004 -1006.850
-1130.670 -238.721
1100.340 -125.856
-378.246 1135.720
1100.910 -124.858
1101.010 -125.853
-1132.100 -236.857
-376.674 1137.280
-1132.180 -238.780
941.335 656.147
-378.188 1137.230
-1132.240 -240.288
942.008 656.145
-380.094 1137.150
941.900 657.141
-1134.100 -238.866
-378.103 1139.140
-1051.670 -465.713
-1053.100 -463.859
-1053.190 -465.776
-1053.250 -467.287
-1055.100 -465.867
24.327 1202.130
25.013 1202.130
24.901 1203.130
846.334 805.141
-1164.100 -149.858
-1163.990 -150.859
1035.340 -402.865
847.014 805.141
1035.900 -401.862
-1164.660 -150.857
1036.000 -402.859
846.902 806.138
939.331 686.145
940.009 686.146
939.891 687.142
-1173.100 -114.858
-1172.990 -115.863
-1173.670 -115.859
43.332 1218.160
44.007 1218.160
43.891 1219.140
-949.079 -679.854
-948.981 -680.844
-949.661 -680.845
-857.996 885.139
-858.669 885.138
-858.104 886.135
1122.340 326.141
1123.020 326.142
1122.920 327.139
503.910 -1006.860
503.334 -1007.860
1151.330 161.140
504.010 -1007.860
1151.890 162.139
1152.000 161.138
324.334 1181.150
325.014 1181.150
324.903 1182.150
784.342 920.133
785.006 920.132
784.898 921.135
-967.097 -681.856
-966.995 -682.860
-967.669 -682.857
1140.330 -230.860
1140.910 -229.864
1141.010 -230.860
-950.103 -727.854
-949.995 -728.853
-950.664 -728.855
-556.989 1143.140
-557.663 1143.140
-557.099 1144.140
1075.330 -484.869
791.337 962.141
1075.900 -483.863
792.011 962.145
1076.000 -484.862
791.899 963.146
-1233.110 -194.860
-1233.000 -195.860
-1233.670 -195.856
-1258.990 18.133
-1259.100 19.134
-1259.660 18.134
-938.999 882.127
1147.330 432.146
-939.669 882.125
-939.117 883.136
1148.010 432.139
1147.900 433.139
-1000.990 839.131
-1001.670 839.131
-1001.100 840.131
-1112.100 -579.866
-1111.990 -580.862
-1112.670 -580.865
-1141.000 647.142
-1141.090 648.138
-1141.660 647.138
-1089.670 737.272
-1091.240 735.710
-1091.180 737.217
-1091.110 739.135
-1093.100 737.136
225.895 -1192.860
225.337 -1193.850
226.011 -1193.850
-642.097 -1062.850
687.905 -1001.870
687.334 -1002.860
-641.988 -1063.860
-642.663 -1063.850
688.012 -1002.860
207.893 -1201.850
207.325 -1202.850
208.004 -1202.850
1097.900 -558.854
1099.890 -556.862
553.910 -1090.850
1099.810 -558.773
553.333 -1091.860
554.005 -1091.860
1099.760 -560.287
1101.330 -558.717
877.896 -858.865
877.335 -859.868
878.005 -859.870
-467.103 -1155.860
-466.996 -1156.870
-467.662 -1156.870
-1195.100 -503.865
-1194.990 -504.863
-1195.670 -504.859
-1328.990 -55.861
-1329.100 -54.863
-1329.670 -55.863
-1110.100 -681.854
901.902 -869.861
901.331 -870.856
-1109.990 -682.856
902.015 -870.858
-1110.660 -682.857
1160.340 624.144
1161.000 624.137
1160.890 625.142
-1258.990 540.144
-1259.100 541.145
-1259.660 540.146
-1128.000 802.134
-1128.670 802.141
-1128.110 803.133
1307.340 22.145
1307.910 23.140
1308.010 22.140
1065.900 -729.862
1065.340 -730.867
1066.010 -730.866
1050.900 -767.861
1050.340 -768.856
1051.010 -768.858
936.900 -918.858
936.334 -919.858
937.007 -919.861
-758.084 -1107.870
-757.984 -1108.860
-758.654 -1108.850
1239.340 -490.858
1239.900 -489.854
1240.010 -490.860
-1051.110 -877.860
-1051.000 -878.857
-1051.670 -878.861
1322.340 370.138
1323.010 370.137
1322.910 371.138
704.905 -1130.860
704.339 -1131.860
705.010 -1131.860
1359.330 -77.852
-1143.100 -782.858
1359.890 -76.858
1360.000 -77.851
-1142.990 -783.851
-1143.670 -783.856
1253.330 606.154
1254.020 606.153
1253.900 607.144
-1250.100 -634.853
-1250.000 -635.858
-1250.660 -635.861
-1381.090 -320.861
-1380.990 -321.866
-1381.660 -321.865
1166.330 794.138
-1175.090 -762.856
1167.010 794.133
1166.890 795.138
-1174.990 -763.859
-1175.670 -763.860
1370.330 -144.862
1370.900 -143.861
1371.010 -144.862
-1149.100 -810.857
-1148.990 -811.861
-1149.670 -811.863
-1269.990 734.136
-1270.100 735.135
-1270.660 734.137
904.335 1125.140
905.014 1125.140
904.916 1126.140
-1026.100 -982.858
-1025.990 -983.857
-1026.670 -983.858
-1409.090 -357.862
-1408.990 -358.862
-1409.660 -358.863
-1048.990 1082.130
-1049.660 1082.130
-1049.100 1083.140
944.899 -1034.860
942.899 -1036.860
944.812 -1036.780
946.325 -1036.720
944.754 -1038.290
-1485.990 126.115
-1486.100 127.131
-1486.670 126.117
831.903 -1164.860
831.328 -1165.870
832.007 -1165.860
1018.900 -1012.860
1016.900 -1014.850
1018.810 -1014.770
1020.330 -1014.720
1018.760 -1016.290
1475.910 52.296
-1524.990 -86.864
-1525.100 -85.861
1477.410 52.645
1477.760 54.142
-1525.670 -86.865
1088.900 1076.140
1090.760 1074.710
1090.810 1076.220
1092.330 1076.280
1090.890 1078.140
904.900 -1150.850
904.329 -1151.860
905.006 -1151.860
-1552.670 -85.715
1445.330 474.143
1446.000 474.142
-1554.100 -83.860
1445.890 475.141
-1554.190 -85.774
-1554.250 -87.284
-1556.100 -85.860
-1308.980 900.142
-1309.670 900.146
-1309.090 901.138
1378.340 -582.866
1378.900 -581.856
1379.010 -582.865
-1541.090 -272.865
-1540.990 -273.866
-1541.660 -273.868
1430.330 -477.867
1430.890 -476.862
1431.000 -477.865
-1181.990 1107.140
-1182.670 1107.140
-1182.110 1108.130
1093.330 1148.140
1094.010 1148.140
1093.890 1149.150
-1395.670 -749.719
-1397.100 -747.858
-1397.190 -749.778
-1397.240 -751.288
-1399.100 -749.864
-1334.100 -852.862
-1334.000 -853.868
-1334.660 -853.870
1491.340 530.142
1492.010 530.139
1491.900 531.146
-1335.990 971.146
-1336.670 971.140
-1336.100 972.133
-1594.100 -362.861
-1593.990 -363.853
-1594.660 -363.855
1593.340 -176.867
1593.900 -175.863
1594.010 -176.864
1069.900 -1167.860
1069.340 -1168.870
1070.010 -1168.870
-1092.110 -1204.870
-1091.990 -1205.860
-1092.660 -1205.860
-1610.680 550.281
1372.330 945.134
1373.000 945.137
-1612.240 548.714
1378.330 937.152
1372.890 946.131
-1612.180 550.221
1379.010 937.151
-1612.090 552.137
1378.500 938.684
-1614.100 550.132
-1572.000 674.144
-1572.110 675.138
-1572.670 674.149
-1347.100 -968.871
-1346.990 -969.872
-1347.670 -969.871
-1244.110 -1093.860
-1244.000 -1094.850
-1244.670 -1094.850
1380.910 -865.855
1380.340 -866.858
1381.020 -866.858
1325.340 1048.150
1326.020 1048.150
1325.900 1049.150
1525.330 714.132
1526.010 714.129
1585.900 552.142
1525.890 715.129
1587.760 550.712
1587.820 552.228
1587.910 554.146
1589.330 552.286
1625.900 427.128
-1564.990 765.134
-1565.100 766.135
-1565.660 765.133
1627.760 425.710
1627.820 427.223
1627.910 429.146
1629.340 427.288
1346.900 -956.856
1346.330 -957.868
1347.000 -957.867
-1622.670 649.283
-1624.240 647.712
-1624.180 649.225
-1624.090 651.141
-1626.100 649.139
-1505.100 -811.861
-1505.000 -812.858
-1505.670 -812.857
1532.340 760.134
1533.010 760.134
1532.910 761.138
-1636.990 661.144
-1637.110 662.773
-1637.690 661.286
-1639.300 661.552
1555.340 739.153
1556.010 739.156
1555.910 740.151
-1344.990 1171.130
-1345.660 1171.130
-1345.090 1172.140
1458.340 941.141
1459.010 941.139
1458.900 942.144
1375.900 -1016.860
1375.340 -1017.860
1376.010 -1017.860
-1602.100 -760.855
-1602.000 -761.852
-1602.670 -761.855
-1512.110 -938.857
-1512.000 -939.861
-1512.660 -939.861
1477.330 1027.130
1478.010 1027.130
1477.900 1028.140
-1606.990 929.142
-1607.090 930.139
-1607.660 929.138
-1610.110 -847.859
-1610.000 -848.863
-1610.670 -848.865
1414.340 1167.140
1415.010 1167.140
1414.910 1168.140
-1591.100 -924.860
-1590.990 -925.856
-1591.670 -925.851
1431.900 -1141.860
1431.330 -1142.840
1432.000 -1142.850
1557.900 -989.867
1557.340 -990.870
1558.010 -990.873
1552.910 -1015.860
1552.340 -1016.850
1553.010 -1016.850
-1597.670 1214.290
-1599.250 1212.710
-1599.180 1214.220
-1599.090 1216.140
-1601.100 1214.120
1608.340 1145.140
1609.010 1145.140
1608.900 1146.140
