0.497 -0.498
164.504 -130.496
-95.502 207.498
226.499 -87.498
35.503 247.498
246.507 106.503
-257.506 125.501
287.504 82.505
-45.502 299.497
-298.501 95.498
213.504 -233.494
-299.505 -177.497
319.510 152.498
349.505 85.499
367.502 35.489
-343.499 -140.494
288.494 236.499
-387.491 -36.497
308.500 -247.497
23.497 -398.499
130.499 379.494
84.501 394.494
-84.497 -400.499
355.502 214.502
142.503 -390.505
-415.500 -192.495
210.500 414.509
-215.501 420.500
90.503 479.498
-93.497 483.496
-502.508 91.498
484.496 -170.496
-51.498 514.504
234.503 482.505
454.504 -292.505
-341.504 421.503
-146.494 -523.501
-504.498 206.501
481.501 262.499
470.500 -289.501
-8.493 -555.506
-29.502 -556.502
-377.498 419.502
-520.503 219.494
531.500 -202.497
-48.502 569.495
293.504 501.499
-191.499 553.502
-453.495 388.503
-469.502 -370.503
2.503 599.503
-374.506 476.500
609.503 -66.503
291.507 540.502
598.498 -167.500
-513.502 -352.501
-498.501 388.489
19.506 -637.499
176.496 -613.491
175.509 613.504
-191.503 614.503
371.499 530.503
-585.494 -289.499
447.497 495.501
73.500 -665.500
-424.501 518.491
601.505 311.505
647.508 209.497
-399.495 -555.501
606.504 356.501
677.496 -229.497
708.503 -129.499
-597.499 404.491
357.501 -651.494
385.499 -636.502
-55.502 -743.495
33.504 746.503
172.493 728.508
750.498 -36.502
523.499 540.503
-367.508 658.499
361.496 665.500
-633.497 -415.499
618.505 440.495
126.501 -753.499
-302.497 725.498
751.506 -270.497
-755.499 -276.504
192.504 -783.499
-733.497 -335.500
384.501 709.501
328.496 -738.501
-623.500 525.496
292.505 764.504
702.501 424.506
333.499 753.508
564.491 610.502
-88.499 828.500
312.754 780.792
-752.496 -383.501
323.503 788.497
-18.498 852.492
-708.504 -477.503
-663.501 -562.497
-847.507 199.496
-195.502 859.499
827.499 311.498
-108.492 884.501
-663.494 595.501
-890.506 51.499
745.493 502.507
-531.499 -729.510
-556.499 -711.505
864.497 270.499
553.501 717.506
-599.499 680.495
-81.499 903.499
820.499 395.500
-323.498 852.504
-287.474 868.172
721.499 564.510
876.437 273.740
-290.499 870.499
-542.503 741.496
218.502 -895.507
689.500 -612.503
535.494 759.501
724.498 -583.497
-906.498 -205.507
714.498 595.497
122.492 -923.501
184.511 912.501
-28.502 944.502
600.996 734.541
600.770 736.773
646.493 -714.504
867.500 431.491
-721.499 -646.503
245.493 938.499
-965.504 -143.499
97.492 971.502
636.501 743.500
603.493 778.496
-157.498 976.498
964.502 -230.503
-712.506 -691.500
-983.498 156.495
-433.498 -900.504
359.499 -933.499
-844.501 538.497
-537.491 -851.500
1002.500 -138.505
105.502 -1006.500
-974.503 270.496
992.508 -202.505
-276.503 -978.497
1015.500 -68.501
1006.490 -166.497
931.502 422.497
232.496 996.500
1003.500 205.500
1007.500 -190.501
-888.500 -520.495
-394.495 952.494
-109.499 -1029.500
1008.500 235.501
-530.500 -907.505
-1027.500 221.500
27.498 1054.500
686.949 802.969
690.060 802.034
1018.500 -317.499
-569.506 905.505
-752.502 762.500
1045.500 -255.502
204.500 -1059.500
-200.504 1066.500
297.494 1044.500
-398.499 1020.500
-71.503 1094.490
-1088.500 146.496
-686.501 -859.499
-867.497 682.500
-1099.500 108.497
852.500 707.501
269.499 1076.510
1015.500 459.506
173.501 1101.500
1117.500 -63.498
1104.500 195.492
1102.500 -225.502
-282.501 -1093.500
-103.501 -1125.500
-1130.500 19.498
-796.501 802.498
600.503 961.502
721.502 876.495
-977.482 576.443
-982.122 574.378
531.500 1013.500
943.506 655.501
-552.353 1011.650
1153.500 -34.499
771.503 -862.497
923.501 705.496
-644.500 -968.503
-973.498 -643.500
760.496 891.505
1168.500 120.495
184.497 1163.500
664.502 973.500
-1117.500 377.499
317.505 -1138.500
610.498 1015.510
-1094.500 461.494
1017.500 622.505
-178.510 1184.500
404.496 1133.500
-1141.500 389.502
-510.497 1094.500
1053.500 607.502
1099.500 523.497
-996.503 699.495
-546.497 -1091.500
1215.500 -170.497
428.503 1152.500
-1106.500 -563.498
1181.500 -385.500
-1224.490 -216.499
514.492 1144.490
1026.500 724.507
714.502 -1036.500
-846.496 932.494
1254.500 174.501
844.500 943.499
640.498 -1094.500
-867.815 924.706
-862.495 931.501
-482.505 -1176.500
1278.500 -100.505
595.499 1137.510
993.493 848.492
1121.500 680.499
933.496 927.500
1314.500 115.499
-851.493 1013.500
1043.500 821.496
1325.500 -97.496
1161.500 655.505
1264.500 437.503
1162.080 -680.914
1270.500 472.501
708.499 1155.500
1189.500 657.499
-1352.500 243.495
1263.510 575.495
1241.500 622.503
925.505 1042.500
-1122.500 839.508
1318.500 483.501
1165.510 -785.498
-978.503 -1015.500
-1353.500 436.501
971.498 1039.500
1137.500 868.499
778.495 1206.510
-1437.500 29.505
-1211.490 774.504
1417.500 -287.506
-1288.500 -655.501
1045.500 1018.500
1401.500 -436.499
-1388.510 -500.498
1418.500 -441.495
-1489.350 -1.691
-1490.820 -1.437
1077.500 1035.490
-1384.500 -562.502
1335.510 678.502
-1457.500 353.500
1069.500 1055.500
-1253.500 -834.501
-1486.500 -254.501
-1293.500 782.498
-1052.490 1090.500
1377.510 -640.499
1327.500 739.496
-1425.490 537.502
-1266.500 865.501
1167.500 1002.500
1405.510 651.503
1265.500 -905.502
-1151.500 1047.510
1508.500 415.498
1563.500 66.497
1332.500 825.504
1278.500 911.510
1264.500 938.502
1584.500 172.502
1484.500 582.499
1594.490 80.500
1538.500 443.507
1306.500 -930.507
-1566.500 409.503
1324.500 947.503
1341.500 -942.499
1589.500 460.498
-1510.500 -713.493
-1433.500 -866.507
-1329.500 -1029.500
-1495.500 -950.509
1412.500 -1096.500
1587.500 890.497
-1406.490 1209.500
-1541.500 1045.500
-1480.510 1168.500
1582.500 1111.500
