0.497 -0.500
-49.496 35.503
0.503 112.501
103.496 -59.498
131.499 -14.506
-91.209 107.982
-83.939 114.476
45.499 151.503
128.498 108.501
211.504 -21.497
147.495 -170.498
150.498 -197.501
-264.507 -41.496
37.509 266.503
-85.504 285.504
-295.503 41.498
181.500 -246.505
-175.502 -278.504
-324.496 -136.496
276.501 -248.496
6.497 391.499
-390.498 46.499
-351.498 -210.508
-28.497 -414.503
-366.506 -202.501
411.508 -99.505
424.496 85.494
34.503 452.493
276.495 382.501
-488.510 84.502
-352.500 348.504
-205.496 470.500
-428.501 299.505
356.501 -390.495
-512.501 -196.497
-130.499 -549.497
407.506 411.499
-85.500 575.497
261.501 -530.506
-566.499 172.504
427.496 -423.497
-405.500 -467.498
-608.952 -108.299
-404.497 468.502
-613.970 -109.832
-245.498 575.505
-625.506 -70.498
-626.500 -117.503
-258.500 -592.499
-51.505 646.500
-460.496 -464.504
182.509 630.497
648.498 106.506
572.499 330.502
-588.502 309.497
-343.504 -588.492
620.500 -286.497
246.504 -638.502
-385.497 -580.499
639.501 298.501
633.503 321.500
146.506 697.499
-364.500 -617.497
141.497 -705.500
356.504 -634.495
-595.500 428.500
732.495 92.497
191.507 716.498
-622.500 -404.496
-476.495 -582.502
-690.496 319.500
140.503 -749.504
444.504 619.501
123.501 777.502
-784.503 84.496
592.495 534.498
554.492 580.495
-499.497 -629.505
183.503 -784.503
194.498 806.508
837.496 45.496
-111.494 -831.499
-521.499 656.503
-831.499 -151.495
296.496 -795.505
-779.500 340.496
-639.503 564.504
-847.500 160.498
687.502 -535.505
-785.500 384.498
531.502 -706.499
183.501 -866.500
-748.496 481.506
-522.500 -723.501
485.506 -750.512
283.505 847.503
-393.500 -804.507
892.494 -167.502
294.499 864.495
-428.490 809.498
-256.496 -882.496
-225.506 -894.496
-487.506 -785.498
-626.504 -680.495
-642.492 692.503
-795.498 509.504
906.498 -273.497
-593.497 738.493
-945.499 -113.501
376.497 -877.498
-930.499 -229.495
234.501 935.499
362.496 -897.499
-94.505 962.501
57.509 966.499
894.506 375.495
-367.502 -910.509
826.500 536.497
-347.506 947.497
153.491 1001.500
-924.498 -418.499
968.501 311.504
631.496 -811.496
-414.495 -942.505
-1034.510 -22.495
-795.496 663.500
-595.501 848.499
979.498 371.499
998.501 325.502
551.505 900.501
-20.502 -1058.500
-977.508 -413.506
510.498 -936.503
330.498 -1014.490
431.504 979.502
-749.498 -769.496
-592.499 896.496
-1061.500 169.489
-235.499 1065.500
-943.497 -550.501
-438.503 1001.510
-814.497 734.503
-1028.500 408.503
-242.497 -1081.500
-291.500 1070.500
-912.499 631.502
-240.084 -1090.350
639.499 -917.500
-1019.500 457.497
315.498 1072.490
-1123.500 49.497
77.502 1123.500
117.503 1121.490
986.497 553.495
-1083.500 325.506
-623.506 -949.498
-465.500 1035.510
-1066.500 -390.494
855.497 -758.507
-292.506 1120.510
1150.510 202.505
1160.500 153.503
248.501 -1145.500
-753.506 -905.499
981.501 -666.504
-1105.490 451.500
-615.500 1023.500
-601.496 -1033.510
-1182.500 196.498
-1048.500 585.497
-1195.500 126.505
889.498 -812.499
-295.500 1168.500
-71.509 1209.510
-267.501 -1188.500
-803.498 934.498
1225.510 -195.501
958.500 -791.505
1095.500 586.503
987.497 -757.496
1134.500 532.500
-413.497 1182.490
-1253.500 -82.504
750.506 -1020.510
1204.500 410.499
-911.503 894.501
-1178.500 495.495
-1030.490 -764.503
-1011.500 792.487
-941.498 875.499
914.507 912.505
1260.490 -345.503
-1213.500 -490.501
-1241.500 461.500
-1314.500 170.502
631.501 -1183.500
-909.498 -991.497
-1330.510 219.495
1341.510 -174.508
-1272.510 467.499
-1357.500 103.505
1338.500 292.503
-1349.500 250.502
-1246.500 -578.301
709.504 1179.500
-1250.000 -578.078
-1250.500 -578.501
-1067.500 874.502
-1376.510 -196.508
1177.500 750.498
-1319.500 -479.503
-1367.500 317.497
1149.500 808.497
-1347.510 -401.503
-1335.500 -475.504
-1334.500 499.496
-1217.500 741.494
959.498 -1059.500
1339.500 -501.495
1279.500 -639.488
-1292.500 -613.501
1269.490 662.502
-1034.680 1001.390
877.503 1160.500
-1166.500 -878.497
-1264.500 732.501
-1466.500 25.496
-1400.500 439.505
947.505 1124.500
1191.500 -875.498
-1096.500 1000.500
1430.490 -413.502
1349.490 -638.497
-1046.510 1063.490
-1357.500 660.504
-1398.510 574.503
-1493.490 -307.501
-966.504 -1187.500
-1245.500 891.508
-1459.490 480.496
-1027.510 -1154.510
1556.500 83.502
1529.500 -303.504
-1238.010 957.502
1563.490 -106.501
-1114.510 1100.500
-1424.500 -680.506
-1177.500 1055.500
1417.500 -711.500
1160.500 -1082.510
-1475.500 595.496
-1573.500 269.506
-1424.500 735.504
-1301.500 943.497
-1249.500 1031.500
-1591.490 323.504
-1526.500 557.510
-1166.500 1137.490
-1443.500 -757.498
-1429.500 -792.503
-1335.040 943.277
-1369.500 895.507
-1237.500 -1082.500
1592.500 -420.507
-1341.510 954.498
1567.500 507.500
1617.500 -400.507
-1469.510 -815.496
-1222.490 1161.500
-1554.500 -698.499
1425.500 944.497
-1415.500 -970.497
-1356.500 1082.500
1561.500 -762.506
-1489.500 -957.497
1321.580 1190.660
1616.500 743.494
1324.920 1190.980
-1491.500 998.503
-1575.500 870.507
-1456.500 1065.510
-1369.500 -1194.500
-1454.500 1088.500
-1414.500 1202.500
-1445.500 1186.500
-1514.500 1188.500
-1504.500 1212.500
1609.500 -1080.500
-1546.500 1170.500
-1587.500 1136.500
1590.500 -1210.500
-1602.500 1213.500
