0.500 -0.502
31.499 39.507
-14.500 58.497
89.500 -20.491
71.495 -63.508
-40.495 127.499
78.498 -121.496
33.507 -148.510
75.503 -145.497
90.700 -137.626
-124.505 131.494
187.501 -36.500
-40.505 187.501
-201.501 -75.498
80.495 205.501
-164.494 -158.495
41.503 236.497
177.497 176.504
38.501 262.499
238.502 -151.500
-103.494 -262.502
287.143 -56.320
287.450 -57.932
-297.495 -57.507
-177.496 -246.502
301.502 -42.496
292.502 -88.501
174.500 -259.503
285.499 -140.499
-300.504 -112.498
313.495 73.500
-267.496 181.506
32.498 337.497
-318.497 -120.501
61.707 339.163
50.855 342.353
341.429 -66.183
277.496 -214.497
346.108 -65.924
-343.499 -74.502
355.502 64.500
359.503 -38.507
331.646 -158.330
-336.498 -145.494
335.068 -157.999
-152.496 336.505
146.503 -353.504
-193.498 -335.497
144.013 -362.574
392.499 64.500
288.500 274.500
159.506 -372.497
406.508 -16.498
-367.495 -189.507
49.497 410.492
-189.500 -374.498
64.505 -428.497
362.507 -245.498
204.502 -388.500
-240.508 -367.503
18.498 442.493
-428.503 -112.502
424.495 -134.499
-96.505 435.497
424.499 157.494
-315.499 -335.493
406.244 225.489
438.500 -156.496
222.499 -411.498
467.504 12.493
417.848 210.298
-346.505 -314.498
320.795 348.886
-250.275 -402.976
-246.229 -405.601
425.499 -214.497
335.500 338.500
-35.504 475.498
417.495 239.503
-238.499 421.504
328.535 367.016
-489.507 -54.502
324.734 371.308
406.499 -285.513
484.503 112.503
237.152 436.809
-491.498 -77.493
223.493 446.509
501.497 51.501
-369.495 -346.496
501.492 -80.492
412.494 310.503
425.093 295.023
157.504 -494.496
-412.388 -315.695
-410.679 -320.040
-110.502 -510.496
-304.501 -427.498
-482.124 -226.625
-486.502 -217.495
199.506 -500.506
-468.505 -266.492
-533.500 80.498
-512.504 -177.499
-141.505 530.507
-342.500 432.497
-165.502 -530.497
359.498 426.501
-538.498 169.501
136.505 548.500
-79.501 -562.502
-56.497 565.497
79.503 -566.501
576.499 44.495
489.497 307.503
524.497 257.500
12.499 -585.503
549.498 205.494
153.504 -567.501
-162.495 564.503
-584.501 -63.496
-8.504 592.498
48.504 -592.503
595.504 83.503
279.500 -535.495
92.498 599.505
-297.498 528.499
349.498 499.505
61.133 -608.042
61.501 -617.599
367.502 -501.495
52.507 618.490
569.494 -253.498
127.493 -610.499
392.504 488.498
-541.502 315.498
323.500 540.500
552.193 -307.332
560.496 -299.503
-620.495 -143.497
629.505 -108.506
105.498 -630.500
-8.498 -640.502
628.503 -130.498
367.502 -528.505
-165.498 621.498
55.500 -642.498
497.500 411.501
-614.497 -203.495
-611.498 216.500
160.497 630.503
551.494 347.499
639.509 -148.497
507.504 -421.502
202.502 628.500
494.500 440.496
275.503 -603.498
33.495 -662.499
-603.497 276.494
-510.499 -428.497
-277.501 605.499
534.492 401.503
672.500 -84.503
483.498 476.501
-679.505 89.496
502.502 468.502
-412.498 -553.501
322.500 -611.501
-132.496 680.507
680.500 -143.502
-116.504 -687.499
5.500 -698.497
-244.502 658.497
-89.495 -698.499
-703.496 -47.499
701.496 -88.496
433.506 562.502
-677.497 -213.496
687.504 191.499
-333.502 631.506
-701.496 -140.500
179.498 -697.503
105.504 -712.501
-726.500 -17.494
-662.501 -302.501
368.499 -632.503
-327.500 656.497
-327.499 656.888
159.498 719.507
-129.494 -726.502
105.496 -732.501
506.505 557.496
695.505 294.497
322.497 -684.500
356.498 670.496
692.496 322.499
-169.503 -748.495
267.499 -720.507
-20.495 -769.495
594.499 490.502
-763.500 -103.502
-69.501 -768.497
429.496 -648.501
735.503 -254.505
-665.502 -424.495
-762.501 -203.496
-144.498 778.504
-463.503 -645.493
782.503 -142.501
797.502 49.500
83.501 -796.499
317.514 735.508
-681.501 425.497
417.507 688.499
-514.498 619.491
654.492 476.496
396.510 -715.499
-754.502 -327.504
-501.501 -656.500
-153.497 -812.498
378.500 734.500
786.501 257.503
202.502 -805.496
447.733 -701.957
284.503 -783.499
-25.495 834.499
-335.504 -765.497
206.499 -811.554
-823.499 161.503
234.498 -808.498
379.499 753.505
-639.500 -560.502
845.499 133.502
788.389 374.953
-638.508 -595.503
560.503 669.495
-865.504 -137.492
584.501 655.495
794.509 384.495
185.498 -863.498
281.506 836.501
-425.500 -774.497
767.498 441.503
841.501 -281.504
-545.496 701.496
-390.503 -800.506
852.503 258.500
285.500 -844.495
-409.501 790.500
-621.501 640.502
-855.498 -261.500
677.502 587.497
-581.498 683.504
-309.496 843.498
763.496 475.493
-261.509 861.506
-760.502 485.500
905.499 -106.498
-910.499 71.493
-900.506 -160.497
762.498 515.495
28.499 -923.502
-818.504 430.499
824.352 425.727
825.682 426.275
930.501 -5.495
674.504 640.490
827.651 431.857
437.501 -825.501
585.500 727.501
-730.505 -593.506
315.501 888.502
-260.496 -909.487
-917.502 -231.501
425.503 845.507
934.499 160.502
-814.494 489.498
-44.506 950.500
865.500 400.502
-931.500 204.497
-167.507 -945.502
-955.495 -92.499
570.493 -773.502
-270.501 923.503
-29.500 962.497
751.495 603.502
617.492 742.502
547.495 -798.499
-162.967 -957.240
854.501 461.499
-185.494 -954.502
661.498 -713.497
-970.498 -71.499
-902.501 368.497
-975.504 22.497
-961.498 -198.500
-233.496 958.504
970.496 -201.498
-762.500 -634.506
-581.503 804.493
989.509 92.497
-888.510 -445.494
-602.497 -796.500
-987.497 154.494
819.499 -586.495
-721.504 -704.497
868.502 519.497
682.361 749.825
682.139 750.769
498.504 -892.504
670.495 771.495
325.496 -980.503
697.041 762.036
154.500 -1022.500
-191.502 -1018.490
316.497 986.504
286.501 -997.497
-541.499 889.500
-687.494 -784.498
1022.500 235.503
975.502 -391.503
-723.499 -762.498
916.501 520.493
1025.490 269.496
887.504 582.499
-700.497 -801.504
1045.500 -206.498
-512.499 935.495
-390.507 -998.504
-593.502 -893.505
260.498 1040.510
-994.500 -422.496
-273.506 1048.500
692.498 848.501
-849.497 693.496
308.459 1056.540
961.501 -538.496
965.501 530.503
-397.500 -1030.490
303.830 1061.270
216.500 -1084.500
-1011.490 -463.502
871.495 -701.499
-381.499 -1054.500
320.750 1073.960
1062.500 366.503
-610.501 -943.498
809.494 781.497
-117.499 1118.500
317.503 1080.500
-645.496 -923.495
-1125.500 -59.507
-162.500 -1128.500
-1139.500 2.495
-849.498 -760.498
690.494 -911.503
997.503 -563.504
-233.498 -1124.500
479.502 1046.510
879.497 -749.499
860.501 771.505
1066.500 446.501
580.583 999.763
1095.510 -372.503
578.498 1005.490
1039.490 530.496
1102.500 390.498
-869.500 781.492
124.503 -1167.510
677.507 958.502
765.500 890.500
2.500 -1176.500
-298.501 -1142.360
-298.848 -1143.500
376.503 1120.500
1107.490 422.496
1112.500 -414.510
-925.502 -743.495
1127.500 378.505
1044.500 574.505
189.496 -1177.500
-379.498 -1130.500
-500.497 -1090.500
-570.500 -1058.500
616.501 -1036.500
1112.490 465.499
-986.498 692.498
1126.500 436.499
723.504 969.502
-70.501 -1209.500
497.497 -1109.500
1128.500 -460.496
723.498 -981.502
-1012.500 679.497
-1206.500 229.501
-747.503 -975.498
-363.502 1174.500
698.494 1016.500
1226.510 157.500
1224.510 202.499
1239.220 106.517
593.499 1099.500
1247.050 102.915
908.499 -861.498
1106.500 -592.507
-998.502 -761.501
-1258.500 13.495
870.500 -920.503
-933.500 -858.498
1188.500 -449.501
1220.490 356.495
1148.510 545.503
1012.500 772.499
-662.493 1090.490
-1027.500 -760.505
1007.500 799.505
-642.498 -1117.510
1062.500 -750.495
-1277.510 251.494
-664.505 -1127.500
-1232.500 -443.494
709.504 1114.500
895.501 982.502
727.501 1113.490
-1289.490 352.505
1316.500 -269.505
669.501 1164.500
673.503 1183.500
-830.505 1081.500
-1354.500 -164.493
-1289.500 -453.497
1006.500 -932.494
757.503 -1149.500
965.500 982.496
-1248.500 -585.501
1346.500 308.502
1031.500 918.490
-809.499 -1122.500
952.498 1006.500
-1021.500 936.501
1101.500 842.509
905.498 -1058.490
871.498 1088.500
1359.510 324.498
1188.500 735.496
807.502 1143.500
-1378.500 275.496
-1415.500 33.491
-1154.490 826.501
1141.500 846.504
812.493 -1171.500
811.497 1173.500
1207.500 765.497
1429.500 80.498
-1376.500 421.498
1360.500 473.505
-1067.500 -972.500
-1193.500 -820.498
842.494 1180.500
1460.500 78.502
1377.500 -510.505
1111.490 977.501
-1233.500 -819.503
-1472.500 184.503
988.494 1119.500
-1433.500 -464.497
952.501 1183.490
1407.500 588.504
-1398.500 616.498
-1328.500 -774.508
-1471.500 -447.498
1511.490 -304.501
1157.510 1018.500
-1281.510 -874.498
1548.500 -115.502
-1114.500 1088.500
1417.500 652.502
991.505 -1208.500
1393.500 714.506
1418.490 682.504
1053.500 1172.500
-1222.500 -995.497
1412.510 701.500
1557.500 -293.496
-1488.500 -554.495
1033.500 1207.500
-1073.500 -1195.500
1311.500 933.497
1471.500 653.497
1611.490 -76.502
1344.500 895.503
1551.490 -462.499
-1612.500 -140.497
1196.510 -1125.500
-1510.500 -670.502
1346.500 -965.495
-1532.500 645.502
-1538.500 -638.502
1243.490 1115.500
-1294.500 1059.500
-1356.510 1008.500
-1352.500 -1027.500
-1410.500 -947.495
1530.500 819.497
1555.500 -838.503
1423.500 1047.510
1436.500 -1083.500
1543.500 -929.500
-1619.490 -789.495
1480.490 1045.510
1464.500 1071.500
-1536.500 -1048.500
-1426.500 -1211.500
