0.502 -0.492
12.498 38.495
-4.089 -47.876
-1.647 -51.450
137.502 91.501
130.503 -122.497
55.496 171.501
151.499 101.502
-137.500 130.499
-124.503 158.514
153.508 -133.498
-210.500 14.496
-9.500 220.510
-64.499 231.503
-25.500 239.497
-234.497 92.503
-11.508 264.507
8.502 270.499
-290.500 -54.498
195.502 224.502
5.500 300.499
-36.501 299.494
320.506 -53.498
-319.497 97.498
-271.503 206.501
160.494 -316.499
58.500 356.503
216.498 -299.506
-258.492 -266.492
-345.499 -138.505
-31.502 382.496
-388.493 36.503
-215.497 329.501
-59.498 -391.501
-320.505 -242.505
-329.506 229.501
263.512 305.498
-91.506 408.500
-14.500 418.495
417.501 -106.502
-134.499 417.496
-204.497 388.496
-241.855 366.448
-237.788 370.370
-242.710 367.171
-280.502 341.498
-293.137 331.866
288.503 354.498
408.496 -226.504
-174.501 433.504
327.504 337.492
78.501 -465.497
115.505 -467.498
298.543 379.042
-438.503 203.501
-465.494 -134.499
-285.499 402.501
-397.503 295.499
299.500 395.506
-138.503 482.499
-268.496 -427.502
289.500 413.504
-390.499 321.498
-277.498 433.506
145.509 503.499
-521.503 -60.499
-459.498 -279.500
-268.497 -468.491
-265.497 470.495
530.505 125.500
169.494 521.507
-547.498 -47.498
-377.498 -414.495
-216.500 -517.501
526.497 211.498
-559.500 -105.497
-560.498 135.499
-269.505 -513.498
525.492 260.494
-546.506 -224.510
304.493 -510.500
153.500 -574.498
-594.503 -56.053
-591.495 104.496
21.505 600.508
-373.502 477.502
-246.506 554.500
-599.496 -97.498
-603.493 -76.499
62.496 -607.501
414.503 452.502
-84.496 -611.493
-561.503 265.500
26.494 625.499
598.503 201.505
143.498 614.503
112.492 625.496
642.505 29.499
-511.503 397.496
-315.501 569.495
-567.496 323.500
307.502 579.496
-422.502 513.497
-100.496 660.496
-661.496 137.501
233.494 -636.499
-507.500 454.496
-656.505 201.498
-301.504 618.507
294.504 623.504
-582.505 383.505
-437.496 -544.493
-139.499 689.499
-330.499 -625.503
-707.497 11.504
-414.505 -575.498
-707.498 112.499
528.501 489.508
-538.498 478.503
81.494 718.509
-702.490 -175.494
421.502 -594.505
-531.500 507.501
-514.496 530.500
-697.507 266.501
739.507 126.496
160.505 737.493
662.500 363.497
-685.498 318.498
-240.966 719.039
-727.500 -215.506
-257.796 714.139
-529.497 545.500
-676.498 347.501
-257.891 715.637
-649.494 396.504
296.503 -703.494
-375.500 669.502
-692.495 338.505
-741.506 -223.499
286.506 -721.498
-655.497 416.506
-480.498 611.492
207.499 752.499
664.500 -416.505
-261.497 738.501
-762.501 189.500
-778.497 106.503
199.513 -761.503
406.496 674.502
444.498 652.496
-392.501 692.507
-797.497 -40.502
130.503 -789.501
641.501 479.500
743.498 -299.505
-316.505 735.495
49.498 800.503
-580.503 -555.508
-803.501 -14.492
441.501 678.499
-350.497 734.494
-141.505 804.499
576.509 587.505
-800.502 202.504
-216.499 798.504
47.512 826.495
-5.502 829.495
-830.497 -93.503
774.493 -318.488
-833.498 101.499
-546.499 647.492
299.499 799.503
-612.506 594.500
664.502 548.496
545.495 -668.494
-665.496 549.501
783.513 -365.505
-861.139 79.633
-721.632 477.053
-419.500 -758.504
-864.708 80.809
-839.493 226.504
201.507 -851.505
-717.482 504.658
-822.504 -317.500
-732.505 490.505
-719.502 511.496
-572.502 -674.493
155.499 -871.509
-875.497 -156.501
-901.023 -7.719
-650.503 624.494
-791.502 432.509
-894.497 117.498
-904.125 -7.255
-150.507 892.498
-906.500 -102.499
893.497 -189.501
110.502 908.508
-914.243 109.579
-914.590 107.474
-920.497 75.498
-193.495 903.501
-580.503 -720.500
-46.499 -925.502
823.513 -432.497
-518.493 772.500
8.502 932.506
176.497 925.502
-660.502 674.496
-947.503 26.508
-156.499 945.499
954.504 -106.499
194.502 -942.501
728.498 629.497
459.500 854.495
-581.499 783.499
171.499 963.502
558.505 809.507
102.496 978.504
983.500 60.498
-983.502 -44.501
966.503 -227.499
-538.505 833.492
944.493 316.501
-786.677 615.539
920.500 392.504
512.491 859.506
-1000.500 31.497
-773.502 -638.501
-82.508 -1000.500
-530.499 851.501
894.500 -463.495
-25.497 1009.500
-794.507 627.500
-942.499 381.499
459.494 908.499
-592.501 -830.499
-264.033 985.091
-455.494 916.500
-100.498 1019.500
14.503 1025.500
-1012.490 165.500
-263.502 991.504
-248.501 -1001.500
-12.502 1033.510
-116.496 1027.500
126.507 1027.500
-597.500 863.500
-528.496 -914.495
-994.499 -357.495
466.495 -952.494
1059.490 -98.499
1006.500 358.495
234.501 1049.500
-1005.500 -383.496
902.500 594.496
1089.500 18.500
-647.501 -877.507
-219.506 1068.500
594.498 922.503
-129.879 1094.730
-749.504 814.502
-1110.510 -54.496
898.502 -657.501
-984.501 -519.504
-123.501 1106.500
-885.497 -676.502
488.502 1004.510
-87.496 1121.500
-337.495 1076.500
-1035.510 451.498
1034.490 461.493
-1112.500 218.497
-212.500 -1117.500
44.500 -1137.490
-1115.500 -223.503
-985.348 -576.652
-846.506 766.497
-1126.500 -194.502
-596.496 975.499
305.497 1102.490
-544.502 1009.500
-1042.500 -486.501
-917.499 -695.494
-791.503 836.505
584.502 -995.511
545.508 1016.500
151.499 1144.500
57.495 1156.500
-1101.500 -366.504
-1156.560 98.500
-1149.500 181.506
-815.506 -834.501
480.498 1063.500
-1006.240 594.875
-1164.500 120.503
948.502 689.501
-1083.500 -454.501
65.503 1174.500
-1066.500 498.499
-1015.150 601.254
-1176.500 96.503
-1170.510 -164.502
-1059.510 526.504
634.497 1000.500
-1177.500 -141.497
-1044.500 -577.497
-1154.500 302.498
-20.499 1194.500
-1185.970 -150.253
84.508 1193.490
-760.501 923.494
-424.497 -1120.510
-991.500 671.507
37.500 1198.510
-1037.500 605.497
1199.500 -135.500
14.493 -1208.500
-661.500 -1013.500
544.501 1082.500
-1131.500 -433.507
-874.507 838.495
-509.501 1101.500
-807.503 -907.499
-1176.500 -306.496
630.501 -1045.490
-1224.500 109.511
-1111.500 -527.499
335.499 1186.500
666.505 1040.500
-1204.500 274.506
547.500 1109.500
-1012.500 717.502
526.506 1124.500
-1198.490 341.502
385.505 1185.500
-1041.490 -696.500
-1219.500 -288.502
572.488 1120.500
886.492 898.499
-406.500 1195.500
-909.501 876.496
-491.177 1166.230
446.505 -1185.500
-1002.500 -776.493
-474.203 1179.080
-1177.490 485.499
-1201.500 423.503
-495.502 1177.500
-475.499 1188.500
1282.490 96.501
1213.500 434.501
1277.490 182.492
1233.830 -405.548
-543.501 1180.510
650.502 1127.510
-1252.510 -361.495
-1184.510 -549.501
1258.500 -356.496
1309.500 99.505
-1059.500 775.499
-1299.510 -191.495
560.506 1194.500
-984.506 880.510
-933.502 -941.502
-632.495 -1166.500
-1189.500 -617.501
1304.040 348.095
920.498 987.498
1306.500 353.499
-787.498 -1105.510
-833.507 -1074.500
-1299.500 -399.503
876.499 -1043.500
-1047.500 877.500
991.502 942.502
-1273.500 -502.507
1181.500 692.957
-1143.500 764.497
1181.830 706.881
1151.510 -758.504
-1297.500 464.499
-1336.500 -338.494
1141.500 775.501
-1212.500 -680.505
1194.500 718.504
-1332.510 -412.496
749.497 1177.500
-1254.500 -630.496
-1374.500 -376.503
892.505 1111.500
1332.500 508.506
-1247.500 690.508
-1383.500 -356.492
-1378.190 -386.976
-1290.500 -620.499
-1431.500 42.499
-1287.470 -629.392
1192.500 -816.501
-909.495 1131.500
-1364.500 -498.495
-1395.500 -410.501
-1156.500 885.501
1031.500 1029.500
1040.500 -1024.500
-1422.500 -338.500
-1372.500 -519.497
-1083.500 -991.502
1316.500 655.495
-1462.500 175.502
-1219.500 -828.499
1482.500 -82.503
1488.500 18.504
-1429.500 -425.502
-1167.510 930.498
-1332.500 -676.497
-1472.500 279.500
-1088.500 1033.500
1446.500 406.497
1084.510 1039.500
1498.500 -122.504
1506.490 92.497
1146.490 -987.500
-1514.500 86.499
-1148.500 991.491
-1269.510 -837.496
-1470.500 -389.499
1389.490 -626.504
1381.510 655.498
-1423.500 -579.502
1529.500 -218.495
-1476.500 -455.499
-1313.510 821.500
-1524.500 -285.501
-1541.510 -219.495
-1062.500 1140.500
-1448.500 582.497
-1081.500 -1133.510
-1570.500 -2.505
1576.490 -14.497
-1582.500 -45.501
1308.500 -906.501
1201.500 -1047.500
-1584.510 339.495
-1102.500 -1189.500
-1537.510 -523.499
-1224.500 1072.500
-1617.500 -223.493
-1174.500 -1140.500
-1612.500 280.496
-1592.500 -427.495
-1285.500 1034.490
-1241.500 -1089.500
-1341.500 965.499
-1382.500 -911.500
-1430.500 -834.505
1600.500 -483.507
-1597.500 -509.503
1581.510 586.498
-1435.500 887.503
-1540.500 -700.500
1454.500 915.502
1398.500 1014.020
1398.500 1014.460
-1341.500 1093.500
-1323.500 1116.500
-1323.500 1116.890
-1316.500 -1128.510
1584.490 707.504
-1348.500 -1122.500
-1450.510 -1003.500
1308.500 -1185.510
1380.500 1113.500
-1404.510 -1085.500
1597.500 805.501
-1523.500 -980.499
-1492.500 -1153.500
-1588.500 -1021.500
-1543.500 -1107.510
1540.510 1158.510
1594.500 1109.500
-1572.500 1185.500
