0.495 -0.504
-40.498 -34.494
-37.500 46.503
1.532 72.883
6.506 86.503
7.492 110.498
78.502 84.507
116.494 -29.500
-103.505 97.506
105.501 100.498
-143.498 112.498
183.499 37.500
47.502 182.499
-105.499 161.501
-166.495 -117.503
-95.501 182.512
-221.497 -32.498
219.495 -94.497
46.493 246.495
-245.496 73.500
29.496 -262.499
-192.506 184.495
121.499 -258.502
-125.501 272.497
43.495 304.500
89.499 -296.500
274.505 -154.497
-233.503 -211.495
-11.498 314.497
-136.501 -293.497
157.500 288.502
-81.498 -322.498
-308.503 187.499
74.315 356.681
71.633 359.408
24.503 -368.501
-160.505 331.500
50.495 370.505
-72.510 -370.491
-276.495 260.499
-60.499 380.492
329.496 -214.501
-373.501 -159.502
-12.502 -409.504
-214.501 -351.497
195.504 371.504
226.493 359.508
-80.497 419.507
377.493 203.499
-387.505 196.504
280.493 -338.504
-435.501 63.499
443.498 42.499
397.509 203.498
110.498 -437.500
332.495 -328.504
462.501 145.499
364.507 329.498
306.504 391.493
-484.501 114.495
-500.500 -18.507
474.506 -199.504
460.503 -247.503
-404.499 330.493
-433.496 -298.504
-524.503 -80.501
445.501 299.500
232.498 -493.506
-499.499 258.499
-16.510 563.499
-566.502 -7.506
85.495 -562.500
531.505 204.494
572.507 -1.494
196.499 -542.504
-332.501 479.493
559.503 -202.503
-525.502 -289.504
545.501 -253.509
-272.496 543.490
144.505 591.499
-612.503 -18.491
-279.501 -553.505
-601.498 -162.495
-384.501 491.499
620.502 -129.493
289.504 -569.498
-645.495 -29.507
-223.499 609.498
632.491 162.500
652.500 -41.500
-645.501 -114.492
661.508 11.503
-168.502 640.495
251.506 616.503
53.498 665.502
-523.496 -423.504
678.509 -1.502
-140.501 -671.500
-562.507 -393.498
655.504 217.500
62.467 -689.014
63.899 -689.392
-626.500 295.500
523.504 481.508
211.500 684.498
247.497 -677.503
703.859 196.498
706.096 196.495
736.499 -43.495
-245.500 694.513
-596.493 -437.499
161.499 729.496
-139.505 738.494
751.505 81.500
-719.507 231.505
-283.507 -706.493
-765.502 35.505
-712.493 297.508
770.503 -79.501
-773.501 79.498
-355.500 703.499
-336.501 713.504
730.496 -308.504
781.500 -150.497
413.497 685.498
-521.506 607.500
758.494 268.186
557.508 -581.496
-302.497 746.506
-509.508 624.504
763.968 264.976
470.499 658.498
-146.508 -801.499
481.887 -666.325
-759.495 -314.502
486.414 -665.932
-540.498 -622.505
-89.500 -821.503
-821.502 128.495
-731.504 -414.498
210.504 817.503
-425.495 -734.501
849.501 -19.497
429.499 737.507
508.498 690.496
826.504 -260.496
544.504 675.498
-636.502 596.505
792.500 -368.493
-542.501 683.505
-166.499 -858.506
873.499 -54.506
-453.497 -759.500
143.511 882.498
-670.508 -603.499
757.503 -497.501
592.498 685.497
-123.504 -902.495
-330.501 -854.497
-480.505 779.497
-332.500 853.500
-298.499 867.504
70.504 -916.502
-844.500 364.504
735.496 564.498
612.507 701.497
-594.499 -725.496
-543.498 -769.503
-538.498 773.504
83.498 942.506
936.496 -146.504
-875.504 -380.507
-265.500 921.502
-572.494 771.505
891.501 -364.502
15.503 966.501
-248.504 934.496
-633.501 733.493
-742.503 624.494
384.500 -896.501
919.504 -333.500
967.645 -144.298
861.497 465.498
-772.500 605.498
68.501 -980.501
833.501 -526.502
770.502 -617.501
-12.497 986.494
980.497 -130.501
-757.497 634.500
977.497 -207.507
544.499 838.502
684.508 -730.507
-982.504 188.506
-921.506 392.495
-937.500 362.496
-545.500 846.500
991.499 -185.501
-496.498 -879.497
-958.496 320.496
1009.500 88.503
1016.500 -68.498
1019.500 1.504
1017.960 -79.922
-707.498 -754.503
1014.500 207.505
791.494 -668.502
376.497 967.493
327.499 988.500
441.497 946.499
-764.501 -712.502
-1049.500 -24.502
222.500 -1027.510
-651.494 823.508
1011.500 298.491
-947.499 -467.506
893.504 -584.500
14.504 -1068.500
1053.900 206.822
-955.500 490.507
-223.498 1051.500
-417.503 991.495
-769.493 757.510
96.500 1076.500
-627.501 881.496
-602.499 901.500
1080.500 124.492
242.505 1059.500
1067.500 214.506
565.504 -931.509
-1090.490 0.502
1034.500 347.499
616.503 -901.495
-1034.500 -354.497
1063.500 282.504
-593.511 929.509
770.498 -792.501
-438.500 -1016.500
799.503 767.504
-983.493 -512.499
-541.499 970.501
-901.496 652.491
832.498 -744.501
441.497 1026.500
-1058.500 -361.501
1115.490 -98.508
-730.498 849.500
396.501 -1050.500
910.498 -657.501
-640.498 923.496
-588.502 -964.502
-1113.500 -188.498
877.502 720.505
-978.503 590.501
55.499 -1144.510
-799.494 -821.496
-1142.510 -103.495
145.506 -1139.500
873.500 745.500
-674.496 933.505
608.499 982.496
1132.500 -250.501
-939.830 692.897
-939.775 693.349
-1139.500 257.509
-1124.500 334.508
546.500 1039.500
-889.499 769.494
-1142.500 293.494
380.502 1118.500
1084.510 -473.491
439.505 1102.500
-1175.500 167.502
1180.500 -150.502
-209.174 1172.030
-212.566 1174.850
545.500 1064.500
-1198.500 -1.496
-822.497 -874.494
-1078.500 -530.500
424.506 -1126.510
-474.504 -1107.510
-1139.580 390.873
840.495 871.496
-223.504 1189.500
-946.501 760.501
-817.504 -899.502
500.494 1113.500
-1086.500 559.497
1119.500 -499.503
867.503 868.505
1097.500 -553.489
1094.500 563.498
-1176.500 363.503
1233.500 34.502
-271.499 1207.500
-628.503 1066.500
1097.500 -576.500
1213.500 -253.499
826.502 -926.503
1244.510 11.500
773.501 979.499
1204.500 -345.504
1120.500 -562.494
439.500 -1174.490
538.498 -1133.500
1210.500 341.498
-1255.510 108.500
368.505 1210.500
-1113.500 602.504
719.500 1042.500
1248.500 -219.495
-401.506 -1205.500
869.495 931.503
710.506 1062.490
1245.500 290.496
-1267.500 166.495
492.495 1185.500
-653.500 1105.500
1089.500 681.502
-994.505 -816.494
-1086.490 692.496
1226.500 406.502
1223.500 -459.504
-791.499 1039.510
1287.500 -231.497
-1276.510 -302.502
1065.500 -767.500
635.501 -1150.500
-1311.500 -88.498
-1306.490 -196.501
-1037.500 -825.500
-637.500 -1167.500
800.496 -1081.500
-1359.510 57.495
1306.500 429.502
-836.503 1096.490
1087.510 -852.493
1050.500 -907.499
-1391.500 30.503
1318.500 450.498
1060.490 903.499
-1229.500 665.500
-1253.500 628.502
-1396.500 202.500
898.505 1106.500
1339.500 493.504
1213.500 782.500
1229.510 762.504
-1440.500 157.500
1146.510 906.493
-1044.490 1022.510
-1316.500 649.499
884.507 1172.510
1296.500 691.500
-1469.500 22.501
-1015.500 1062.500
-1403.500 444.500
1422.510 -417.495
-1065.490 1038.510
-1343.500 -668.508
-1501.500 -18.494
1489.510 -212.506
1369.500 647.494
-1222.500 -898.502
-1504.500 242.500
-1003.500 1181.500
-1354.500 756.497
1439.500 582.502
1263.510 927.498
-1558.500 208.507
-1556.500 -231.506
-1532.500 363.503
-1519.500 -421.493
1544.500 347.496
-1348.500 829.499
-1261.500 962.498
1036.510 -1209.500
-1366.500 -825.497
1581.500 -254.499
-1412.510 753.501
-1286.500 -963.500
-1319.500 922.500
-1477.500 651.497
-1116.490 1172.500
-1131.500 -1160.500
1347.500 -907.500
-1475.500 -684.509
1288.500 -1006.490
-1119.500 -1195.500
1567.500 515.504
1454.490 -790.498
1360.500 -1022.500
-1333.500 1060.500
1246.510 -1174.500
-1352.500 -1049.500
-1381.500 1023.500
1374.500 1040.500
-1239.500 1210.500
-1424.500 1027.490
-1336.500 1159.500
1450.500 1015.510
1619.500 750.499
1440.500 1062.500
1353.500 -1187.500
-1393.490 1140.510
1596.500 882.501
-1397.510 1192.500
-1495.500 1071.490
1450.490 1142.490
1483.500 -1125.500
1483.490 -1153.510
1493.500 -1177.500
-1603.500 1051.500
-1604.500 -1072.500
-1574.450 -1142.010
-1580.710 -1140.740
