-0.916 -1.506
-8.162 -7.971
17.494 -4.502
77.504 62.497
91.504 -61.505
35.501 -142.499
147.500 79.500
-161.501 -75.499
-80.492 208.504
-232.500 78.499
140.501 -202.501
55.496 -248.498
222.495 137.506
286.497 -35.498
303.501 -27.500
-252.497 186.495
313.501 -3.496
82.496 -320.499
-17.499 -358.500
-16.789 -367.815
29.501 -376.505
203.502 347.498
-79.499 397.504
-403.495 -85.493
-239.495 -358.505
339.496 -279.501
-62.499 -440.499
-418.506 159.501
434.498 -149.494
321.497 -336.501
-468.502 -127.495
-336.500 357.497
-484.503 95.499
-388.496 -309.496
-81.035 491.428
-79.893 494.091
-480.497 -157.502
-74.507 507.501
-514.498 -99.498
-531.501 -30.501
261.498 -465.502
-419.508 -337.494
345.499 417.498
215.495 499.501
545.496 -7.497
-453.502 -311.502
552.503 67.500
-352.502 435.507
518.498 -252.503
-237.505 561.496
399.501 -482.501
-422.499 461.500
162.500 -607.505
-624.500 -79.493
492.503 410.500
-597.499 -262.501
-643.506 -130.499
-628.502 -199.498
306.505 -586.495
392.501 -546.501
-45.502 669.498
-301.497 -608.497
604.494 -323.492
-682.497 -100.495
-48.509 688.496
-388.501 593.504
-645.507 322.503
515.504 -515.501
573.494 481.498
-754.495 -76.495
260.498 713.502
-761.505 68.495
-587.501 489.500
-474.500 -612.505
768.508 -98.496
441.495 639.500
587.494 -513.503
-736.500 -301.497
798.505 19.495
776.508 222.505
-624.504 -520.498
-802.495 127.510
-227.496 -794.498
577.498 611.502
-849.505 -11.505
-197.503 825.500
654.495 -551.495
851.505 -152.503
-821.498 277.500
-867.498 -23.501
-561.499 -692.500
-890.499 -53.502
-759.502 -477.498
421.501 -805.495
-888.510 202.500
-816.501 -409.505
-893.490 -188.497
-942.503 -41.497
-945.498 54.493
101.504 964.499
-958.501 188.505
974.505 -88.498
-913.497 375.498
-88.505 986.501
964.506 -235.503
109.499 -989.505
-857.495 508.503
274.501 957.501
-399.494 -916.500
-678.510 -738.501
-563.501 827.501
-381.503 -933.495
-820.502 -594.506
-147.499 -1002.500
-754.502 -677.496
-649.505 -803.500
681.498 -776.501
890.496 536.500
-239.498 -1020.510
881.503 -580.496
791.501 702.500
-1053.500 127.502
-706.501 -793.504
214.497 -1047.500
612.497 876.500
584.497 -903.502
-494.496 961.503
-193.500 1081.500
-319.500 1052.500
747.498 811.493
44.502 -1112.500
-590.500 -955.501
-1086.500 -283.505
-1082.500 -367.499
991.499 583.501
-895.499 -731.500
859.502 783.502
1051.490 -505.495
189.499 -1155.500
74.504 -1174.500
1167.500 -131.495
-173.493 -1165.510
-510.503 -1068.500
-472.501 1083.500
807.499 862.503
266.501 -1154.500
647.500 990.496
134.504 -1185.500
1183.500 173.508
-459.504 1105.500
322.500 1157.500
48.504 1205.500
-203.501 1191.490
-190.507 -1201.500
-266.499 -1194.490
-850.501 889.493
521.498 -1118.500
444.500 -1159.500
1217.500 242.505
1240.500 71.500
-600.498 -1109.500
1177.500 -457.488
1099.500 -625.506
1183.500 488.492
-445.499 -1205.490
-1189.490 491.503
-1107.500 -658.503
-662.505 1104.500
676.502 -1104.500
-550.500 1189.500
-1308.500 117.501
-1085.510 739.515
1053.500 793.499
1311.500 180.498
601.502 -1191.510
958.503 -937.498
781.499 1087.490
-1303.500 328.494
1302.500 329.496
-814.497 -1091.500
1220.510 -604.500
-1079.280 837.662
1351.500 214.498
1367.510 76.496
-673.504 1195.500
-1083.500 846.501
1362.510 -198.504
775.497 1140.500
1377.490 129.502
1370.500 196.502
-1216.500 671.497
-812.502 -1131.500
1071.350 886.694
1365.500 271.491
1069.500 902.505
1392.500 150.501
1300.500 519.497
-1400.500 132.498
1147.510 816.502
871.497 -1149.510
-1344.500 523.496
952.506 -1086.500
-1445.490 -14.498
1433.500 191.495
-1449.500 301.496
1380.500 -546.503
-932.502 -1172.490
1472.500 284.505
-994.500 1123.500
1485.500 255.503
1258.500 -858.507
-1109.500 1044.500
-1397.500 648.501
1474.500 -481.506
-1148.510 1055.500
-1557.500 191.495
-1093.500 -1142.500
-1509.500 476.497
1463.500 649.508
1535.500 455.500
-1606.500 46.499
1574.500 346.505
1525.500 -549.492
-1270.490 1015.500
-1509.500 617.504
-1300.500 -1000.500
-1316.490 977.494
1318.500 -994.512
1445.500 823.508
-1611.500 -528.503
-1506.500 863.500
-1333.500 1134.500
1473.500 -952.497
-1419.500 -1099.500
-1335.510 -1203.500
-1515.500 -1025.500
-1563.500 952.500
-1436.490 -1150.500
1386.500 1209.500
1487.500 1103.500
-1456.500 1151.510
-1541.500 -1173.500
