0.499 -0.499
-9.512 -52.490
25.503 66.501
33.496 -96.499
-93.501 -68.500
-123.500 -23.498
-144.502 -15.509
-89.500 -115.492
8.501 152.509
-168.504 18.499
50.502 165.497
5.497 179.497
72.505 -176.499
-105.500 168.499
215.500 35.495
-73.503 -208.503
-112.502 -203.500
-242.503 -20.501
-230.503 87.506
-189.507 163.498
-230.491 -106.504
233.500 -122.496
-126.502 -231.505
-266.497 4.501
-47.503 264.503
263.501 -110.502
-220.497 202.504
277.497 -144.494
215.500 -229.495
75.506 -306.493
-316.499 58.501
47.502 -321.504
115.489 -306.495
262.501 203.503
-317.503 108.497
-105.503 322.496
-316.503 -134.499
-134.497 321.506
-106.495 341.500
303.776 -194.149
-244.500 289.497
159.498 -355.496
115.492 372.500
386.499 98.506
217.503 -336.494
-375.499 136.503
-184.503 366.501
-396.500 -139.501
405.498 160.505
-218.503 386.492
217.494 395.500
323.501 317.499
452.499 -61.492
-310.500 336.502
-448.501 -109.499
468.494 -138.506
349.505 -347.499
-207.496 -457.496
502.500 74.501
-322.499 -396.497
-390.500 -331.499
-394.492 326.502
-500.500 -127.502
507.496 -151.503
450.505 282.499
-531.505 -4.502
-527.502 90.498
-532.503 59.501
505.495 184.501
24.496 537.497
-404.502 -357.498
419.498 341.496
-432.498 330.500
40.502 -546.499
535.498 131.498
321.497 449.494
98.490 543.502
-177.496 -526.500
-493.028 -255.502
-171.501 529.495
-483.995 279.992
-484.817 281.199
-522.498 -205.499
-502.320 -255.496
-292.492 -483.499
366.505 431.493
342.499 456.499
106.509 582.504
-595.502 -59.489
-547.499 249.500
233.491 -568.508
557.501 -265.495
-449.509 434.501
23.503 -628.495
630.494 50.498
-1.500 -633.496
-582.491 255.543
-582.039 257.779
-565.504 293.497
-287.495 576.496
603.495 -231.504
464.498 -465.493
665.500 -15.500
-666.499 -14.499
383.496 -548.501
-358.500 566.503
523.490 422.503
-657.502 159.495
271.503 621.495
-508.506 450.497
-630.504 260.499
108.500 674.506
-482.497 492.500
689.501 82.507
517.498 465.493
213.495 -663.505
295.498 632.503
-632.494 304.500
688.498 173.503
-169.494 691.503
-707.500 -88.504
-352.500 -621.492
705.962 116.422
702.728 143.682
702.913 144.872
401.499 -596.502
267.499 669.500
29.497 -721.503
722.498 86.497
-719.502 112.499
730.922 -68.987
-727.509 -128.500
527.497 -519.498
405.494 -621.507
466.497 -581.497
-391.502 -639.500
678.497 -324.505
228.504 -717.500
-456.508 599.501
-229.497 -722.499
-721.504 -241.494
-551.496 524.505
261.497 715.510
-269.492 -713.500
179.502 -745.500
265.501 -722.498
313.496 703.494
-481.501 -617.501
211.953 -766.086
753.502 -253.502
367.501 -705.496
316.499 -732.500
219.252 -768.249
-808.503 100.499
504.506 641.508
-523.496 641.503
267.500 -788.501
215.496 -806.494
-435.505 714.498
-342.503 -764.510
637.502 547.495
183.508 820.502
844.500 -36.495
63.502 -847.504
840.505 -151.506
-790.500 322.497
-515.498 -681.501
220.505 833.504
217.500 -835.498
821.504 286.501
-862.496 -132.498
-117.495 865.500
-712.495 -512.496
661.503 -578.502
-828.498 292.497
263.500 838.503
-522.495 -709.501
853.502 227.504
35.507 -883.509
-869.506 164.503
838.503 -289.504
-78.506 890.502
518.505 -731.500
-529.501 -733.499
605.499 -678.497
908.500 49.499
-823.504 384.502
-596.502 686.500
615.499 673.505
-456.503 -790.497
767.504 495.505
358.494 -847.497
357.502 848.495
-546.497 -741.499
-820.503 419.502
-623.499 682.493
388.491 -841.507
-836.489 416.497
908.498 -229.508
760.500 -549.498
640.502 685.501
-211.494 -920.502
296.500 -903.499
123.020 942.890
-858.505 411.507
340.494 889.502
863.498 409.507
600.500 745.497
-516.504 -806.499
-581.496 -761.504
-514.496 807.498
522.498 -805.498
-105.497 954.499
903.504 -333.501
865.496 -423.505
125.500 956.496
-78.499 961.505
-945.501 206.499
625.496 -745.498
-958.500 168.506
-251.501 949.506
-786.498 -591.508
-116.414 978.585
572.505 811.502
-860.505 -499.502
42.503 -996.502
949.510 307.496
-752.495 656.497
886.499 462.497
-543.499 854.508
-1009.500 -133.495
585.495 -837.496
464.856 910.148
462.443 912.268
945.496 395.502
-840.498 588.493
-561.503 -860.497
271.504 -991.497
-476.506 909.501
-766.499 696.509
516.499 898.506
-1026.500 174.500
-634.496 835.505
1050.500 -29.495
-830.499 645.499
1028.510 -230.506
1044.500 -150.504
856.503 622.500
-439.498 -964.496
1020.500 -292.497
475.495 948.497
222.502 -1038.500
-343.502 1006.500
-343.502 1006.890
387.292 -992.751
-24.496 -1069.500
383.539 -999.693
87.502 -1068.500
-1069.500 -86.497
1003.490 -404.504
-991.497 433.507
-1034.500 325.510
588.504 912.504
-908.506 594.506
-1079.500 119.496
-1071.500 -182.504
51.496 -1089.500
-911.500 -598.503
-267.969 -1059.840
-798.504 -747.499
1061.490 -270.497
-854.509 -684.504
-259.803 -1064.950
917.501 605.501
-1068.500 -260.501
843.489 709.496
329.505 1052.490
245.495 -1080.510
1011.500 457.500
369.503 -1051.500
-499.501 996.500
-229.501 1091.500
-1069.490 -317.500
667.500 895.504
109.502 1115.500
1121.500 -32.495
-104.494 1123.500
1131.500 -1.499
1092.500 295.184
1095.610 294.675
-848.498 765.501
-295.495 1108.500
959.501 633.505
767.501 859.500
-815.499 813.492
451.502 -1065.500
681.506 -935.500
-462.502 1061.510
-1135.490 -241.492
1164.500 -1.502
735.508 902.499
223.498 1145.510
798.501 852.509
-176.503 1154.500
1166.500 83.500
-993.496 -616.505
996.499 612.499
-47.498 1172.500
753.501 901.495
-1030.500 -568.502
-246.499 1152.500
595.500 -1023.500
-1179.500 117.493
-1170.500 -202.499
-972.501 688.499
-573.502 1047.500
977.990 -699.923
978.018 -700.022
-1181.500 233.497
708.505 976.501
124.511 1208.500
291.505 1180.500
879.501 850.499
1220.500 123.496
979.499 743.495
-1223.500 152.501
655.499 1051.500
-1129.490 514.494
-782.498 974.492
963.502 -806.498
-739.497 1023.510
1250.500 196.493
1266.500 23.497
1261.500 -220.502
1140.500 -583.501
645.504 -1108.490
-1225.500 390.504
1229.440 -383.604
1229.720 -384.160
-1010.500 797.495
1277.500 204.505
-1094.500 -690.489
817.498 -1007.500
1277.500 243.507
1210.500 -481.499
670.503 1116.500
-1140.500 638.497
991.501 853.497
-1113.510 -689.500
1249.500 436.503
-1113.500 727.508
-1278.500 -397.501
1340.500 55.497
713.500 1137.490
-1344.510 24.501
-1295.500 385.500
1319.490 315.493
958.496 -962.500
-1323.500 331.499
-1186.500 717.503
-1225.500 651.495
-717.498 1188.510
-1255.500 -597.497
1211.510 -699.496
715.490 -1209.500
1406.500 -1.503
838.502 -1131.500
1249.500 -650.502
-1096.500 884.500
1416.790 -45.146
-1224.500 714.496
1202.500 753.497
-1414.500 112.504
-1384.500 320.504
1427.160 -35.714
1426.500 -64.493
-945.496 -1071.500
-1369.500 -423.497
1369.500 437.501
1444.510 84.502
1449.500 -52.499
-928.493 1113.500
-821.504 1199.500
853.495 1180.490
1349.500 -555.502
-918.503 1134.500
1450.510 -213.499
1348.500 578.503
-1360.500 -552.497
-995.500 -1096.500
1321.500 -683.504
-1237.500 824.504
-912.507 1183.500
1464.490 359.504
-1503.500 -222.500
-1519.500 39.502
-1330.500 736.498
-1438.500 498.503
1438.500 519.500
-1467.500 437.501
1487.510 368.497
1535.500 63.497
1391.500 -680.496
1550.500 76.499
-1246.510 929.494
-1172.500 1022.510
-1100.500 1100.500
1132.500 1085.500
1308.510 -867.500
-1101.500 1122.500
1518.500 -419.501
1351.510 -839.500
-1560.500 315.502
-1083.500 -1201.490
1526.500 558.491
1435.510 762.494
-1180.500 1128.500
1498.500 661.500
-1433.070 792.748
-1434.500 797.497
1424.500 817.496
-1518.500 665.513
1490.490 737.495
-1521.500 -706.502
-1482.500 798.499
1550.530 684.152
1550.930 683.562
1216.500 -1188.490
-1345.500 -1054.500
1357.500 -1064.500
1260.500 -1205.500
-1385.490 -1065.500
1557.490 823.497
1606.490 -772.503
-1518.510 934.500
-1492.500 1000.490
-1590.500 -976.499
-1462.500 -1161.500
1537.500 1101.500
1556.500 1178.500
-1589.500 1137.500
