0.506 -0.502
29.503 -41.504
-60.498 -51.498
78.496 -40.498
-91.499 -15.497
-97.501 40.498
-108.497 -50.498
115.501 -50.493
119.492 45.502
88.503 105.498
107.503 -98.503
-96.501 -121.502
-18.496 177.494
164.494 -74.500
-145.494 -134.501
-157.500 141.499
-174.497 -121.501
-207.505 -72.499
219.501 -28.498
-196.500 100.505
-81.503 -210.507
97.498 -209.495
198.492 -121.508
-221.496 78.503
175.500 176.503
-79.502 235.503
107.496 -227.506
145.500 -206.500
-140.501 -223.503
267.493 26.503
-237.501 160.505
-29.495 288.500
-289.501 -59.495
-340.505 -29.500
-339.491 55.501
-199.501 -283.501
235.498 261.499
81.505 346.500
358.500 2.504
301.498 -231.496
348.500 161.506
-279.497 266.501
-385.497 -38.506
393.502 -43.497
-57.495 391.501
393.496 77.504
97.497 388.501
401.504 57.501
-233.507 -336.495
335.496 257.504
-277.504 -321.499
318.495 -288.493
42.502 433.495
56.504 439.641
-329.497 296.496
58.496 453.501
403.499 233.505
83.495 -460.492
-56.497 -470.503
-178.500 -444.498
473.501 95.504
-468.504 -136.506
134.495 -472.494
-251.498 -429.505
94.500 496.503
-212.502 -466.500
62.566 -517.687
62.539 -517.762
-486.501 -188.495
-441.491 279.501
-379.499 365.501
-367.502 -379.499
-51.431 531.883
-51.901 533.101
459.496 -278.499
-248.501 481.503
-204.494 502.503
-115.504 -533.502
299.501 -459.497
-159.495 523.496
111.500 541.501
329.502 446.502
379.497 -409.501
467.495 -317.501
77.498 -565.500
231.496 -523.501
-570.502 -52.498
-379.501 431.500
170.502 551.507
-136.641 561.144
-145.508 569.508
-112.495 -578.499
405.502 -428.497
564.499 -173.499
-11.495 -590.498
477.497 347.496
-560.505 184.499
3.501 594.495
98.499 599.497
-597.496 119.499
401.498 -467.501
359.495 -508.505
511.500 354.498
-83.499 619.499
449.499 -439.501
431.498 -459.508
490.502 403.498
618.502 187.502
-628.496 152.498
-474.503 441.500
647.502 -85.503
420.489 499.498
192.503 -632.497
511.500 -422.499
354.499 560.500
-175.493 641.501
648.500 -154.502
-643.499 -172.500
-416.153 523.257
-416.179 523.349
199.232 -641.984
167.503 -652.499
341.510 -591.499
-35.504 -684.499
648.500 232.500
-677.503 125.496
-683.499 97.507
-406.501 -564.500
662.501 -224.502
463.499 -525.505
-693.696 -115.736
-693.758 -115.830
-635.497 306.497
-701.500 83.495
707.501 -9.497
409.499 -580.497
691.504 -172.491
-642.499 -338.501
694.499 224.499
-722.504 -101.507
217.502 702.495
442.505 -591.503
-229.128 -702.043
-270.503 -711.497
-616.500 -451.503
284.498 -711.498
763.502 94.495
370.497 676.501
-769.501 48.502
631.497 -447.502
770.505 -109.497
-17.498 777.496
403.497 -670.494
-779.432 80.264
-49.504 -783.496
498.499 -607.500
-780.503 87.500
781.499 -134.496
280.499 741.502
-242.498 -756.494
-536.498 -586.500
365.502 707.499
-780.454 -167.455
-725.496 -349.501
-92.498 801.496
-762.024 -266.445
-76.501 -804.503
-552.504 597.500
-808.498 121.499
-714.502 413.509
-275.501 -785.498
3.500 -839.488
-112.505 -834.506
-732.505 414.503
-778.498 321.492
412.501 -736.504
-207.498 817.501
394.499 -747.502
839.501 101.500
-670.508 522.495
-851.502 105.502
-374.498 777.494
588.502 635.503
-289.505 -818.505
840.496 -219.494
-822.495 -282.495
-844.498 -242.108
-844.498 -242.499
-227.500 848.499
665.501 -596.503
-472.049 760.982
840.498 -315.497
-583.052 681.225
-574.497 -694.502
-472.599 766.698
161.495 890.499
-591.165 685.646
-479.968 768.874
-79.495 904.496
-911.506 13.496
-622.502 666.505
-914.495 -37.500
702.496 -597.502
-514.498 -768.503
-316.498 872.502
-31.506 928.493
588.494 -724.495
752.502 -561.500
883.496 329.502
-629.500 -703.509
880.498 -346.494
610.507 -723.504
-107.503 943.499
773.495 -555.503
-306.496 900.503
862.495 406.502
-433.503 -850.496
836.503 -463.498
-361.501 -885.492
886.074 -361.339
929.499 -228.504
887.501 -364.502
-884.502 369.503
-128.497 950.500
91.505 -958.494
656.497 -705.501
-193.500 -946.502
-568.493 -790.498
461.497 864.504
-39.496 984.504
844.498 529.499
-989.496 147.500
874.505 503.505
976.499 -260.509
-961.501 -311.500
635.503 788.495
-452.504 -906.505
168.500 -999.499
-824.507 587.495
-356.510 952.497
54.498 -1020.500
479.502 -914.501
91.502 1029.500
-893.496 532.487
693.506 -777.499
-511.496 919.499
398.644 985.732
398.617 985.806
-557.498 -910.507
-1055.500 -157.500
-83.504 -1074.500
-867.503 646.501
486.503 969.502
526.504 -949.502
1059.500 238.498
953.497 525.503
-1076.500 166.501
-595.501 -921.499
611.509 -912.502
686.497 -869.499
-1007.500 -467.514
352.499 1053.500
-657.498 -897.501
1106.510 152.505
452.502 1028.500
380.501 1057.500
272.502 -1094.500
-1085.500 -310.490
817.496 -780.498
-462.494 -1032.500
164.498 1119.510
395.496 -1066.500
-374.502 -1078.500
753.499 -862.501
-1134.500 151.500
-320.496 1099.500
-463.499 1049.490
-63.499 -1147.500
-716.504 908.493
-702.506 -921.498
-848.505 -792.511
897.498 738.500
-1047.500 503.506
-1148.500 201.505
1106.500 393.504
-1155.510 -207.504
-352.503 -1121.500
-958.502 681.502
1157.510 215.504
-1184.500 -53.498
-853.501 827.499
-1080.490 497.502
1030.490 -598.503
341.497 1145.500
-1177.500 -211.501
-637.496 1012.500
-932.496 751.497
-76.497 -1196.500
-1065.500 -559.495
-834.497 870.496
-1116.500 477.494
-1215.510 48.498
-627.500 1043.500
-595.502 -1065.500
1053.500 -627.499
-510.504 1135.490
-469.501 -1157.500
-309.497 1211.490
614.499 1096.500
1206.490 359.514
-969.503 810.496
-1272.500 -12.510
1161.500 530.505
1222.500 -394.502
544.502 1166.500
1288.590 -55.471
-1287.510 75.498
1290.750 -55.813
1173.510 -557.504
-1101.500 -687.491
496.505 -1203.500
1107.500 686.501
-1281.500 -238.507
-839.501 998.502
1300.500 -137.497
1119.510 -677.498
-1238.510 422.497
-536.500 1196.510
-1218.500 490.498
1279.500 -305.506
-601.494 1168.500
622.500 1161.500
1312.500 169.498
-775.504 1071.500
-1312.500 167.494
-1290.510 -295.505
1103.500 740.504
-648.501 -1171.500
888.495 -1010.510
-1270.510 -443.498
647.496 -1185.510
-1222.500 573.502
765.493 -1131.500
-631.507 1211.500
-862.466 1063.010
1000.500 -937.498
-1123.500 789.507
1346.500 288.497
-1263.510 556.497
-861.488 1079.510
-855.501 -1093.500
-1355.500 305.500
1167.500 -760.498
-1397.500 65.504
774.496 -1183.490
1419.500 162.501
-1018.500 -1001.500
-1424.500 110.496
1392.500 352.497
1404.810 340.592
1279.500 686.496
1141.500 -922.496
1328.510 -630.501
-1196.500 853.498
1221.500 836.500
1310.490 690.501
-1097.500 -996.486
1223.490 -855.501
1420.500 -473.500
1077.500 -1058.500
-1286.500 -800.502
-1296.500 787.504
-1516.500 79.501
1522.500 150.499
-1449.500 505.492
1461.510 -481.500
-1517.500 268.499
1300.500 830.504
1185.500 -992.494
1545.500 -101.497
-1355.510 760.499
-1438.500 589.501
1469.510 545.496
-1255.500 -942.499
-1459.500 -594.499
-1450.500 631.508
1512.510 -468.503
1406.500 -734.499
-1075.500 -1173.500
1108.500 1156.510
1510.500 -537.501
-1601.500 147.496
-1523.500 526.495
1210.500 -1085.500
1501.500 -630.497
-1526.490 570.494
-1615.510 267.502
1506.500 669.503
1458.500 -776.493
-1585.500 461.497
-1355.500 -975.503
-1222.500 -1160.490
1567.500 -669.509
1551.500 -746.499
-1618.500 -590.504
-1469.500 -909.504
1531.500 -827.502
-1397.490 1124.500
1462.490 -1043.490
1427.500 -1092.500
-1459.500 -1134.500
1533.510 1054.510
1489.500 1125.500
1492.500 -1153.510
1548.490 -1136.500
1592.500 -1172.500
1602.500 1158.500
