0.495 -0.501
24.499 22.503
-31.501 -56.503
-12.497 71.505
23.498 95.501
87.501 -57.493
-109.490 -20.503
114.507 85.496
-69.499 -131.504
-148.497 109.496
139.500 133.498
-129.506 -149.502
-127.884 -156.040
-145.499 -162.501
6.500 -218.499
-140.668 -167.292
-54.498 215.500
197.496 122.500
115.504 -203.501
196.494 -153.500
193.385 -162.247
-188.506 -168.501
227.501 -134.498
-149.502 -228.498
275.490 -60.501
28.501 284.499
174.499 229.494
86.540 -278.752
87.022 -283.708
216.495 -219.501
75.497 300.503
263.506 166.503
231.495 -224.502
326.496 -46.503
244.499 242.503
-1.028 352.494
192.507 -299.501
-171.492 -314.503
-282.499 222.502
353.105 -75.389
217.501 287.501
356.496 -61.503
311.493 -195.502
179.499 320.495
371.505 -41.497
303.498 -218.508
164.494 -343.504
383.499 -13.500
-80.496 -380.497
337.502 -197.500
206.495 -345.500
-214.494 -352.501
-356.503 243.501
-136.504 418.504
426.504 114.505
7.497 443.505
44.493 442.497
441.501 -69.505
349.502 -279.501
161.502 418.498
-281.500 349.501
456.499 -5.501
250.503 388.496
159.499 -444.502
-141.506 -452.508
442.506 -174.500
428.494 -221.496
482.508 15.501
231.499 -424.497
-146.505 -470.506
-203.497 -454.499
-472.499 -160.502
-512.502 -5.499
-488.498 -167.496
356.500 -376.500
-339.491 393.502
127.495 -508.500
248.502 462.505
74.502 -522.498
42.501 -528.504
451.500 -282.499
-373.501 380.499
-120.504 -523.505
149.495 -523.503
497.495 -221.499
134.454 -530.474
134.641 -531.467
515.498 187.496
407.509 -368.505
538.503 -134.506
-181.494 -524.496
-356.500 -429.504
181.976 532.672
181.756 534.858
510.504 -254.502
415.498 -392.500
526.498 222.503
-502.502 -274.492
8.504 -576.493
252.499 -533.500
451.498 383.498
28.001 -596.503
594.496 -75.501
-462.503 382.499
603.499 0.506
-466.507 400.497
556.494 265.500
-1.495 617.503
-338.492 -526.505
296.506 -554.490
-378.504 -513.504
107.503 -632.494
5.501 645.502
649.502 9.501
463.505 -464.496
-132.502 -648.497
-617.507 239.498
646.503 162.503
-546.505 382.500
-64.502 -671.503
-665.495 -110.502
-676.500 -22.496
467.498 499.500
-628.496 272.501
-243.503 -642.497
537.502 -431.504
101.505 -683.505
239.499 651.497
-453.495 -526.500
-486.494 -496.504
-633.497 -294.505
400.499 577.496
171.506 -686.507
440.503 553.503
579.500 -407.497
428.498 -564.497
676.489 231.499
-711.499 -130.502
721.501 64.496
54.504 721.499
-423.498 -587.496
-228.496 -689.498
429.502 -590.495
-723.492 106.494
-189.502 -711.499
706.059 210.802
-393.507 628.506
659.493 -346.501
-721.504 -188.501
724.495 195.497
514.498 -548.500
-554.500 -507.503
62.505 749.495
-103.505 -746.500
-120.500 743.505
723.182 222.356
724.563 219.813
5.503 -759.493
-651.501 -389.502
433.496 623.496
-674.497 351.499
-87.497 -758.494
769.501 -74.501
549.501 -553.500
-763.504 185.502
59.499 -787.505
-100.498 -784.502
167.501 -774.498
292.499 -738.499
-773.498 -190.498
797.491 -13.502
-729.499 320.505
-364.499 -711.502
-179.500 780.491
-235.503 -766.498
792.494 -124.498
-610.493 -520.500
-356.643 -720.596
811.496 51.501
788.496 -215.499
14.502 819.495
620.501 537.509
821.507 -22.499
-104.500 -815.494
825.497 -46.500
466.496 682.500
-702.498 -436.508
161.497 -815.493
-70.503 -834.498
266.497 -796.500
131.502 829.500
842.502 -8.502
-521.495 660.498
803.500 -264.499
834.502 139.503
844.507 -102.499
318.502 793.501
148.501 842.498
-768.501 -380.503
-283.503 -814.506
310.500 -806.501
158.493 -850.501
-280.773 -820.021
699.495 -516.503
-717.496 -493.502
-616.500 -616.499
-571.500 -662.497
597.500 -641.500
577.499 -665.495
-827.501 300.497
-186.499 860.499
355.503 -807.501
244.504 -850.505
-706.500 -532.499
-293.500 -837.493
-446.501 767.496
855.502 -249.502
-549.504 -703.506
432.494 -783.499
-281.383 -850.393
630.502 636.496
-66.492 -895.501
213.938 -874.895
877.501 204.499
851.501 294.499
208.747 -879.803
209.263 -880.824
-880.502 230.501
-315.500 855.501
723.501 -557.507
799.495 -444.496
914.499 12.495
-889.510 -212.502
901.500 192.497
-820.498 -423.502
-211.501 -900.503
-853.499 -360.111
-853.500 -360.502
423.500 -825.507
174.500 -914.502
-135.497 -922.502
918.501 -176.499
287.970 889.633
166.239 -922.991
-807.500 477.500
833.496 -434.503
172.500 923.494
935.499 -99.506
-202.500 -920.504
-691.502 -640.502
-942.500 -54.491
872.499 362.504
244.495 -914.500
-867.492 -382.504
66.497 -954.499
955.498 -58.500
914.500 -286.505
-695.500 659.502
844.495 -458.498
-561.216 -779.896
839.503 468.503
-566.629 -776.740
537.499 800.501
-303.497 920.497
-344.499 -907.502
-588.501 -775.497
916.499 334.502
836.495 511.508
974.500 143.499
522.500 -836.493
63.495 -985.507
-112.498 -984.498
-579.503 802.504
-987.502 -86.503
-867.502 -493.500
996.502 74.504
-223.499 -977.502
1002.490 119.501
780.507 642.496
436.486 -915.499
-239.505 -990.506
924.495 438.500
480.497 -906.496
-968.496 365.500
-230.499 -1010.500
900.535 512.873
-1035.500 119.495
904.501 521.508
1019.500 230.494
-843.494 -617.493
-766.502 710.498
750.503 -731.491
-99.505 -1046.500
-606.498 -858.499
995.503 338.501
493.506 930.503
144.500 -1046.500
570.498 889.501
490.495 -939.497
471.497 -949.493
-505.500 931.496
623.502 861.498
-782.496 -729.502
-1058.500 -152.504
766.497 -748.502
44.500 1074.500
-611.497 -887.499
208.501 -1061.500
422.500 -996.497
462.506 -980.499
769.503 -767.495
-285.498 1049.500
-1059.500 -258.499
980.501 481.499
1049.500 305.506
35.498 -1094.510
-236.501 -1069.500
-580.494 -930.498
871.499 -667.492
1064.500 280.505
-486.508 -987.506
1067.340 275.292
901.501 634.497
1053.500 326.502
766.509 -794.499
1050.500 352.504
483.500 -998.496
-948.499 -578.505
1027.500 424.506
477.500 1004.500
-1058.500 -345.504
1000.500 -497.509
1104.520 190.966
-426.501 1049.500
-1103.500 -265.504
753.498 -853.503
-363.506 1081.510
1075.500 388.502
812.499 -806.504
1042.500 482.495
-187.500 -1134.500
373.498 -1089.500
980.498 -606.506
1069.500 430.500
1153.510 47.499
1114.500 319.501
-714.500 -920.504
776.496 870.495
958.496 675.503
815.495 849.502
366.505 -1124.500
702.499 -955.500
565.496 -1042.510
1063.500 527.500
196.504 1172.500
958.494 704.497
1115.500 414.499
-80.499 -1193.500
-374.509 -1137.500
1104.080 467.819
-1162.500 -295.497
-293.502 -1167.500
992.501 681.490
-333.499 -1158.500
1111.500 468.914
179.505 -1196.500
-1202.500 159.500
271.507 -1186.500
1105.500 -519.503
1145.500 -425.498
-184.500 -1208.500
1222.500 -53.497
1218.500 -140.496
-735.500 -988.504
247.498 1211.500
-744.494 993.498
-1137.500 499.495
-1155.510 460.502
963.504 790.498
860.502 910.509
1104.500 -594.498
-566.502 1123.500
585.502 1120.500
964.504 818.503
1134.500 562.499
-825.502 -961.492
-1221.500 345.505
1256.500 198.502
1209.500 400.509
865.504 941.502
-1174.500 519.501
-1158.500 574.501
-963.500 -868.499
-731.497 -1074.510
688.500 -1106.500
-687.502 -1107.510
675.654 -1120.270
1308.500 -79.500
-628.501 1149.500
1037.500 805.501
909.234 951.082
-553.498 1193.490
1318.500 4.502
552.501 -1206.500
1312.500 198.490
1207.500 576.496
-1243.500 494.499
776.495 1097.490
1052.500 -853.510
-644.497 -1193.500
-735.499 -1147.500
-1230.680 587.406
-1363.490 -93.501
1167.510 -713.499
1368.490 24.488
-1239.830 580.421
-1209.500 -648.501
1375.500 207.512
1310.500 469.501
-1380.510 -180.498
1356.500 -322.505
1070.510 -908.502
-1316.510 -494.505
1343.500 -426.499
1357.500 383.498
-1030.510 992.501
1271.500 662.502
-1376.490 -410.505
-773.497 1211.510
-1249.500 714.502
999.495 1037.500
-1297.490 654.507
-1372.500 486.499
-1455.510 90.496
-1296.510 -673.501
-1219.500 810.497
1122.500 941.497
1155.500 -906.503
-932.501 1135.500
1405.500 462.504
-1168.490 916.505
-1433.500 -390.506
-1350.500 625.495
1403.490 499.499
-1344.510 648.499
1106.500 -1007.510
1445.510 394.496
1204.490 898.498
1031.510 1095.500
1239.500 854.495
-1485.500 247.501
-1270.500 -809.497
1185.500 931.496
-1068.510 1079.500
1386.500 625.502
-1331.500 -736.496
-1465.500 -450.502
-1527.500 -142.501
1526.510 -201.502
1504.510 348.493
1436.510 569.500
-990.501 -1186.500
-1562.500 -146.497
1435.700 639.384
1441.500 -631.499
1547.490 290.496
1516.500 428.503
-1093.500 -1140.500
1442.760 645.424
1461.500 605.500
1539.500 403.501
-1304.500 -913.501
1451.500 656.496
1110.500 1149.500
-1365.500 861.498
1600.190 -255.340
1606.500 -245.496
1602.450 -273.066
1329.180 935.684
1329.990 936.991
-1154.490 -1149.500
1540.490 -535.500
-1121.500 -1207.500
1520.500 636.498
1345.500 -966.497
1500.500 -709.499
-1590.500 -491.499
-1146.510 -1212.500
1215.500 1151.500
1270.500 -1101.500
1552.500 -651.490
-1198.500 1184.500
-1422.530 928.445
-1471.500 -863.506
-1316.500 -1086.500
1365.500 1032.500
1548.500 772.505
-1272.510 -1173.510
-1330.500 -1114.500
-1383.500 1072.500
1524.500 863.496
-1604.500 -740.499
1603.500 769.495
-1434.500 -1071.500
1529.490 975.498
-1434.490 1158.490
1459.500 1138.510
-1581.500 -977.487
-1482.510 1127.510
-1569.500 -1020.510
-1518.500 -1161.510
-1616.500 -1136.500
