0.506 -0.500
59.503 40.505
-46.501 90.504
-51.497 -99.492
113.501 11.501
35.504 126.495
-68.500 121.499
-138.503 -19.505
145.510 -18.497
132.502 -90.496
149.853 -85.601
81.507 154.510
160.719 -88.005
-73.504 176.499
-199.506 81.502
141.496 -165.504
139.508 182.496
-43.502 233.501
-181.496 155.497
145.498 -191.501
-241.500 -12.495
179.501 165.507
65.504 -242.499
225.497 118.495
-150.503 208.503
185.502 -220.496
-235.500 178.501
-17.499 -302.500
-161.497 -257.499
-230.499 202.501
-230.498 202.893
66.497 -303.495
245.497 198.502
316.512 23.504
330.139 14.798
-57.492 325.500
286.498 197.506
239.503 282.499
284.502 -245.502
95.493 -372.511
55.503 382.504
143.503 -390.507
391.504 -143.498
419.594 -68.014
422.556 -47.337
410.500 118.498
427.056 -51.625
-171.508 397.504
-217.497 379.500
434.502 -78.492
-411.499 159.507
438.502 80.500
113.505 -432.502
-311.498 324.502
453.499 9.503
-434.507 -135.503
481.503 70.496
-181.507 454.501
33.505 488.488
204.505 -450.490
393.502 304.504
435.499 244.500
-441.502 236.499
47.502 500.499
-147.503 487.504
-430.493 -279.504
513.501 -103.502
-87.497 -516.503
-475.496 217.505
-495.486 -175.502
188.497 -494.492
353.498 397.501
-185.494 -501.504
518.503 144.498
525.709 -117.527
-513.502 175.500
512.804 -187.646
453.500 306.495
427.502 -345.501
522.500 -174.494
305.499 -462.501
-502.502 -234.501
453.492 324.505
494.496 263.497
-424.504 -368.499
525.177 -203.089
-231.504 -520.503
-571.501 -33.499
573.496 62.500
-477.491 330.501
586.495 28.507
470.494 -353.502
198.491 -554.503
-187.490 -558.501
383.502 447.498
592.502 -0.497
535.491 -256.501
592.501 56.503
-187.495 567.500
591.496 -103.497
153.492 -583.504
-439.493 411.502
-48.502 -601.493
-206.502 -567.494
590.500 142.495
211.950 -572.016
196.495 -579.497
-411.501 454.495
509.499 -351.498
422.501 -464.500
629.507 -8.500
408.675 -479.272
409.067 -480.825
-378.502 -504.495
-223.501 -593.494
-41.501 638.496
492.498 412.501
-317.496 -562.504
629.500 -152.507
-648.508 21.502
-380.506 -528.497
650.508 -61.507
378.499 538.504
416.500 -513.497
481.504 -458.496
321.495 585.501
598.506 -299.496
464.722 -488.180
469.110 -487.924
-569.500 -365.496
528.497 -434.502
636.508 252.502
364.494 -580.503
683.495 80.502
658.500 -202.499
-253.500 -640.502
-58.493 -694.498
-699.499 24.497
411.499 -568.504
-474.504 -516.503
661.503 239.494
369.298 601.197
-704.497 -33.500
363.608 605.693
17.495 -708.499
589.505 -402.498
620.503 -361.494
378.223 618.653
657.494 308.503
374.501 624.503
-274.503 677.497
460.650 -585.165
464.075 -584.497
744.497 69.501
-401.508 -632.498
304.507 -696.499
688.503 324.498
408.496 -645.503
-732.498 216.498
-374.498 -673.505
-711.495 -297.495
-369.514 -682.595
-616.501 -474.500
758.503 178.496
-593.493 -504.498
554.500 -556.501
715.503 -324.499
751.503 229.504
-509.504 -600.503
698.495 -365.497
429.496 663.503
-71.503 -788.497
-786.494 -97.499
795.504 -80.498
630.499 -497.499
532.504 601.498
-229.500 -771.497
-355.499 -724.500
800.501 -107.498
-750.503 296.502
-554.505 588.501
570.504 -579.499
-337.492 740.504
-198.501 -792.492
737.501 353.507
750.691 335.511
751.344 334.375
800.503 -211.501
-297.495 -773.498
-503.499 -662.502
-295.684 -778.486
-119.504 -824.501
-67.503 -830.501
497.499 -675.503
764.502 346.034
354.495 761.505
-591.502 -599.503
-253.506 -805.500
280.505 -798.497
633.583 562.295
631.644 567.254
561.502 -641.497
278.020 -807.564
831.496 197.500
849.503 112.500
854.497 73.495
-817.501 -259.504
860.495 40.503
-653.501 -563.496
753.498 427.499
294.501 -817.503
-129.889 -862.565
-124.664 -865.589
444.499 753.496
-223.499 845.501
-459.507 745.500
-567.499 -674.500
887.540 -23.469
-862.501 209.503
-797.494 -390.509
892.496 -14.500
342.501 -832.500
546.496 -717.498
730.504 528.498
198.499 -881.504
895.501 -141.502
-183.501 -890.495
-245.505 874.494
-887.495 196.507
-710.497 572.503
639.503 653.501
919.359 26.787
920.292 26.814
923.472 34.281
274.502 882.504
-871.493 -310.503
765.494 -522.055
362.493 -857.497
-653.504 -667.497
765.501 -545.504
-437.499 831.502
460.500 822.493
24.502 944.502
775.494 541.497
-551.505 -768.493
746.501 582.507
822.501 469.501
807.495 -496.496
874.497 369.498
947.497 63.499
104.498 950.501
-356.501 887.505
778.497 -564.506
963.504 4.506
956.501 120.497
-755.498 -602.499
-862.502 -442.493
963.495 -138.503
19.497 -975.499
838.506 -499.504
567.502 794.501
478.496 855.491
-396.498 -897.500
713.499 -677.487
969.501 182.503
424.510 892.499
925.494 -352.497
-316.504 938.497
-891.494 433.508
821.497 -557.494
925.496 362.497
299.501 -949.497
-36.503 -998.497
966.505 -264.504
749.499 673.502
708.925 719.497
-791.500 -627.502
1004.500 123.504
-844.506 -558.502
-859.499 -537.501
708.498 -726.494
342.500 -955.497
699.827 -736.377
767.496 673.497
710.501 733.498
-645.511 -797.506
54.495 -1030.500
-587.497 847.496
454.498 932.504
-208.504 1017.500
-746.490 -730.506
220.502 -1030.500
-555.504 -897.506
-127.498 1049.500
1051.510 135.496
737.496 765.507
151.500 -1053.500
-293.498 -1029.500
-1018.500 326.502
-809.509 -701.504
298.497 -1029.500
188.504 -1059.490
-138.494 1067.490
927.500 -552.501
430.503 -991.502
1056.500 -234.493
-851.505 -668.490
-40.506 1081.500
520.503 -951.499
335.501 1030.500
662.500 -859.495
61.499 1085.490
-796.497 742.501
204.494 -1077.500
942.492 560.498
842.501 704.501
553.497 956.502
204.495 -1087.970
-11.507 1109.500
521.494 -981.499
-1083.500 -243.509
273.501 -1078.500
888.496 -673.497
844.504 731.499
908.500 657.503
131.495 -1114.500
-1024.510 -468.494
251.506 -1100.490
-975.506 566.500
-485.495 1018.500
199.507 -1115.500
1127.500 138.497
1076.510 369.497
1068.510 394.497
1127.500 181.506
1068.500 -404.493
-1012.500 -531.500
1138.500 -120.503
873.497 739.501
429.507 -1066.500
1139.500 -154.498
176.504 -1138.500
767.497 860.495
995.498 586.505
1010.500 564.500
1119.500 -301.504
1162.510 57.499
564.499 1018.500
1166.500 -22.499
-1159.510 -127.501
1052.500 -510.507
19.493 -1169.500
-527.499 -1044.500
-1151.500 -225.503
480.508 -1074.010
-785.508 875.497
48.494 -1181.500
-344.496 -1132.510
149.501 -1179.510
1081.500 507.496
-526.504 -1081.490
1204.500 3.499
630.501 1028.500
399.496 1138.500
1207.500 35.503
-384.507 -1145.500
1206.510 78.499
-784.497 920.506
-781.491 -927.506
819.499 896.502
530.499 -1095.500
255.501 -1191.500
333.504 -1173.500
1002.490 -698.500
856.496 872.506
1225.500 49.506
1231.500 -7.502
-1141.500 -461.501
979.506 747.503
1020.500 691.499
856.498 891.504
1158.500 439.506
-873.498 878.510
-824.485 927.498
-1240.510 -63.497
1235.500 157.497
-621.495 -1082.490
346.981 1201.500
484.498 -1154.510
444.498 1175.500
-1254.500 121.494
-1142.500 532.499
595.496 -1112.500
867.497 918.499
-1248.500 -204.503
982.498 802.503
-889.505 -905.498
428.505 -1196.500
573.503 1137.500
1197.500 445.497
-977.502 826.504
1130.500 -609.505
1153.500 566.498
-832.498 987.500
872.499 954.500
-1201.500 483.500
1255.500 342.501
688.503 1104.510
-654.505 -1128.500
1056.500 773.500
1079.500 742.496
-906.497 -949.501
565.497 -1187.490
952.501 915.501
-901.112 968.620
619.362 -1170.940
1271.500 372.505
-898.499 975.497
1328.500 -25.505
1195.480 605.509
644.504 1181.500
-612.499 -1204.500
1209.500 -611.503
1351.500 -180.503
-1294.490 -446.499
951.502 991.503
-1342.500 -297.503
1358.500 -226.496
-1379.500 142.498
1079.500 882.504
-1241.500 -645.499
1375.910 -276.737
-1014.500 969.497
1155.500 -812.498
1386.930 -281.627
-982.504 1017.500
975.489 1025.500
884.497 1113.500
-1018.500 994.500
1008.500 -1031.500
1270.500 699.500
850.501 -1177.510
1356.500 534.497
-966.501 1094.500
1459.500 95.502
1465.070 -67.631
-1130.490 -934.490
1475.500 -52.496
1393.500 500.503
1127.500 969.505
-1488.500 77.502
1463.500 331.505
1281.510 -788.506
1493.500 210.498
1156.490 -974.496
1484.500 319.493
1494.500 273.503
-1187.500 -947.498
1492.500 301.498
-1529.490 79.497
1117.500 1057.500
-1506.510 -323.503
1304.500 -833.502
-980.500 1204.500
1197.500 -1001.490
1550.490 276.492
1076.500 -1159.510
-1150.500 -1088.500
-1533.500 396.505
1454.510 645.495
1326.490 -883.501
1168.500 1087.500
1578.500 -297.499
-1494.510 -629.494
1492.490 669.496
1390.500 -869.499
1612.490 -298.496
1510.500 646.502
-1332.490 -962.493
-1124.500 1200.500
1504.500 -670.499
1588.500 437.501
1417.500 842.493
1389.490 891.503
-1591.500 465.502
-1369.500 -946.505
1318.490 -1030.500
1331.500 1041.500
1371.500 994.499
-1594.500 -609.500
1239.500 1181.500
1475.490 879.500
-1526.500 -788.494
-1586.510 673.495
-1392.500 -1060.500
1350.500 1123.500
1288.500 -1209.510
1428.500 1040.500
1391.510 1097.500
1555.490 861.509
1380.500 1123.490
-1450.500 1079.500
1350.510 1205.500
1403.500 1148.500
1535.500 987.500
-1447.510 -1152.500
-1420.500 -1186.500
1602.490 -931.498
1538.500 1083.490
1486.490 1205.500
1553.500 1139.500
