0.495 -0.504
16.494 -69.497
-61.497 -74.502
44.500 125.504
-146.497 -9.502
-103.501 -140.504
-117.500 154.499
-200.492 180.494
249.499 -125.503
-47.508 -286.497
-87.495 -284.503
250.502 162.499
-72.502 -299.497
303.494 -120.499
-163.495 297.500
-335.503 -60.504
-347.506 -32.504
-203.493 295.493
219.498 286.501
-365.497 27.497
318.496 -218.500
-160.504 -352.497
-392.501 -104.503
-365.493 236.502
-40.497 434.505
357.498 -257.499
414.500 -176.506
-337.495 -318.503
-283.498 -373.501
369.504 294.500
-476.504 129.497
496.504 94.501
-57.498 -513.496
480.503 217.500
-213.512 -486.495
229.494 482.499
-277.495 480.501
254.504 -499.497
518.499 -232.504
-404.511 -400.505
543.503 173.494
-203.496 541.505
-113.495 574.499
220.499 -549.494
511.497 299.497
-562.495 -206.494
89.506 -597.503
182.503 579.508
-392.494 -475.500
498.500 365.497
160.506 601.496
-624.493 -138.495
523.504 371.501
558.502 -335.501
426.497 -495.500
639.499 -135.503
396.499 -531.502
536.499 392.502
453.498 -498.498
-327.506 595.499
152.500 -665.502
-147.499 -667.502
-657.494 -185.507
-587.494 366.499
-278.497 -640.499
433.497 -552.495
302.502 -645.498
-624.498 -354.503
-710.496 118.498
728.502 -12.498
-366.499 -630.500
242.496 692.495
-568.499 478.499
-678.501 308.497
243.500 715.506
654.494 -387.501
-485.502 584.504
-671.501 -359.501
475.501 -616.507
759.498 -177.499
-757.499 197.498
83.498 -785.501
536.501 584.498
-444.501 -668.507
-393.498 -719.501
-601.502 -562.503
-838.498 99.497
831.499 -162.494
111.507 843.499
-622.501 -611.498
806.495 -353.501
-610.503 633.499
-629.507 616.499
579.503 666.504
-296.505 831.496
-598.493 650.496
157.499 885.503
370.497 -825.503
-892.502 150.498
595.500 -684.504
906.498 64.502
-561.494 719.500
889.503 -247.508
-837.489 409.495
229.497 -906.503
928.501 -127.494
833.500 -436.503
6.503 941.499
-930.501 149.504
767.498 577.501
-872.500 -418.500
671.501 -711.499
962.502 -221.501
-646.499 752.500
-233.500 964.498
-147.495 989.497
998.504 -78.504
-897.500 -447.503
794.500 638.492
-849.505 570.501
-966.504 -342.503
-767.499 -687.498
892.501 526.497
967.494 381.500
853.496 -595.503
60.502 -1047.500
444.498 -954.498
1049.510 107.495
831.500 658.499
-614.495 866.501
416.501 979.498
-529.496 -944.493
828.502 705.495
1092.500 81.501
845.502 698.494
-317.499 -1052.500
581.500 932.498
1092.500 234.505
16.498 1119.490
-599.501 -952.499
422.506 1049.500
-683.499 904.503
-1120.500 221.497
934.503 659.507
1064.500 -425.503
619.500 965.500
-986.502 -589.502
283.507 -1121.490
-1042.500 505.499
1139.500 220.495
959.501 653.494
976.495 -634.495
816.543 835.764
-124.499 1163.500
-872.500 779.503
815.501 841.497
-1107.500 -384.492
-1119.500 -360.501
-486.496 -1072.490
-711.506 940.500
383.495 1118.500
-958.503 698.493
-511.501 -1082.500
-1041.110 -597.128
-1041.130 -597.230
849.502 858.509
-239.504 1190.500
708.503 988.497
405.500 -1147.500
-312.503 -1176.510
1124.500 469.506
1109.500 -512.501
1209.490 199.497
304.501 1193.500
-1195.500 -300.491
872.501 882.502
-928.499 847.501
-685.497 -1067.500
-621.501 1107.500
-1183.500 -469.506
787.502 -1022.500
-1219.500 429.498
-806.495 1011.510
941.500 902.506
-669.494 -1119.510
-846.500 996.490
-788.500 1043.490
1266.500 335.507
-1293.130 214.049
-1298.580 217.231
-1280.500 395.507
1271.490 430.502
1209.510 587.501
-1064.500 833.504
-813.500 1080.500
-1089.500 823.504
-1354.500 188.504
1117.500 792.500
-1208.490 -649.501
-1191.500 683.505
-957.504 998.504
1217.510 -662.505
1109.490 835.506
1157.490 -780.497
1338.500 395.497
1287.500 -540.501
-860.493 1100.490
-1360.500 -398.500
-1352.500 427.500
1215.500 744.505
-888.499 -1115.500
-1204.500 770.501
-1306.500 589.496
1436.500 -176.499
-1249.500 -747.499
979.506 -1083.490
1369.510 -511.498
-1109.500 972.501
-1051.500 1041.500
-1483.510 -104.492
-1250.500 -812.499
-1499.500 -17.502
1502.500 142.500
1226.500 884.507
-1523.500 60.501
-1244.500 881.502
-1337.500 -755.507
1267.500 -891.492
1260.500 945.494
1583.500 124.500
1591.500 -44.496
1208.500 -1059.500
1549.500 -454.500
1488.490 -631.504
-1495.500 -631.500
1160.500 1138.500
-1184.510 -1126.500
-1474.500 742.505
-1585.500 466.504
-1454.500 806.504
-1516.500 -707.508
-1384.490 -965.504
-1432.500 -910.506
1362.490 1027.500
-1460.510 924.501
-1589.490 -710.500
1291.500 -1189.500
-1366.500 1109.500
-1523.500 -894.503
-1403.500 -1084.500
-1578.500 -809.496
-1493.230 -966.853
-1495.470 -966.371
-1558.500 -903.507
1491.500 -1080.490
