0.501 -0.501
-154.503 -89.501
183.505 -19.504
-194.499 143.500
208.494 129.502
129.497 211.502
-110.509 223.503
111.498 -229.501
101.495 238.500
100.935 -241.554
283.502 25.502
190.501 245.513
275.491 175.495
-74.502 319.508
-241.498 -247.501
351.507 -24.501
223.500 281.500
243.500 280.499
-315.503 -212.505
-376.505 90.503
13.502 -392.498
-8.493 398.503
-125.498 -403.503
-412.500 104.498
435.499 98.499
111.501 -436.502
186.501 -419.498
273.503 391.501
-437.503 193.503
486.502 0.498
-399.502 -282.499
465.503 -155.498
367.501 -335.492
-41.491 -512.499
90.569 508.084
100.554 506.673
418.499 -306.499
91.508 -519.496
247.497 -492.498
-291.502 489.510
464.498 -339.494
431.505 -389.499
585.508 -64.498
-332.502 -491.498
302.496 -513.499
599.504 21.501
-28.500 -602.494
601.505 -95.501
-614.506 -66.506
551.504 289.504
590.499 -234.502
-177.499 612.500
575.497 289.498
164.502 -623.508
-107.504 -636.500
187.500 622.503
654.495 58.508
-119.507 -656.497
617.503 261.497
656.499 167.505
-488.502 -471.503
374.502 580.506
585.496 -380.495
-549.728 434.301
-554.884 437.143
-604.501 374.493
405.505 586.503
96.500 731.495
739.499 -11.497
-584.499 452.500
710.497 212.505
329.501 665.502
-212.500 -729.495
-420.499 -633.500
514.224 -572.973
513.933 -573.581
-18.501 -778.493
25.500 -780.492
96.504 -779.505
739.510 -277.497
-164.495 -776.501
791.497 106.503
671.503 432.502
-793.504 -131.498
-135.500 -794.496
16.498 807.493
-757.497 291.503
-770.501 275.500
673.500 471.495
-679.504 -468.503
-538.496 637.500
-586.504 599.506
-480.496 -689.496
-306.497 -787.497
233.505 -819.501
-840.498 -179.503
-551.505 -671.498
-823.495 -284.492
-849.505 -209.497
-12.503 -885.498
-330.506 824.502
-379.494 804.499
473.507 -760.497
631.493 -636.502
-587.499 679.501
-267.499 858.500
197.504 884.503
653.493 637.501
-906.020 109.774
-914.512 120.498
611.495 696.494
-837.499 401.503
936.499 -71.497
553.503 758.496
940.490 2.499
-762.491 -550.495
-936.492 116.501
158.501 935.506
-134.500 944.499
-963.502 24.501
-54.492 -971.492
620.495 -756.496
978.499 -40.511
-604.501 780.507
-972.497 -189.501
150.508 -982.500
300.507 953.499
815.502 -586.499
999.499 127.501
-995.508 -150.497
931.499 -398.503
567.504 -841.500
165.501 1004.500
872.505 -537.503
751.497 -704.494
962.503 381.499
-323.498 -984.504
660.493 -809.495
-699.509 778.501
999.503 341.502
163.503 -1044.500
-730.491 764.499
848.494 -638.503
-388.503 987.506
1047.510 -191.495
754.501 753.496
926.498 -544.505
967.501 470.499
-1066.500 183.507
528.948 944.819
417.476 -1000.750
1080.500 -101.502
530.424 947.418
-1006.500 406.499
416.998 -1005.580
973.500 -495.502
1072.500 259.501
42.497 1113.500
-1116.500 102.501
1114.500 135.501
-419.499 -1045.500
-445.499 -1036.490
593.503 963.499
896.500 721.495
-44.502 -1155.500
-1153.500 81.498
-483.493 -1054.500
-1113.500 -325.500
-542.498 1026.500
-21.505 1163.500
908.501 -732.496
1091.500 -420.499
-1136.500 -284.497
525.507 1052.500
962.498 -681.496
-1168.500 161.504
-764.494 898.508
-843.503 -828.499
200.495 1171.510
-1152.500 -294.496
-1059.500 -563.499
1140.500 406.504
479.493 -1114.490
-1095.500 520.495
1138.500 429.498
298.495 -1182.500
1187.500 -289.501
942.495 -780.511
809.501 -919.500
449.504 1146.490
-358.497 -1179.500
-1133.490 -490.498
913.501 836.499
-784.493 -960.506
-858.503 896.496
1244.490 -54.497
-1112.500 560.497
-1192.500 397.503
805.498 -979.493
-1014.500 -760.495
1182.500 -521.501
-922.503 -913.508
1310.500 -19.497
-931.503 922.498
-814.500 -1038.500
1319.490 -154.492
-1287.510 -354.500
-1265.500 -452.505
-1258.510 -477.504
-1002.500 911.504
-1348.500 -143.505
-1343.500 -268.501
773.493 1137.490
-982.496 -965.504
-1306.500 -449.506
933.501 -1024.500
1297.500 -489.498
-806.496 1135.500
1387.500 -195.495
1255.500 627.506
1411.500 -39.503
-1064.500 926.496
-1203.510 -739.501
744.504 1200.510
-1017.500 979.491
1017.500 -988.501
1416.500 -77.490
1342.500 458.502
-1359.500 402.497
1246.510 -687.497
1418.490 -128.498
-862.504 1134.500
859.500 -1154.500
1103.500 -953.502
1187.500 858.498
-1192.500 853.500
-1041.490 1042.510
1276.500 -745.497
-1465.500 -238.504
1210.500 -864.493
-1446.500 -374.502
909.501 -1191.490
1471.500 -287.504
1434.500 -498.503
1521.510 69.498
1447.500 475.494
-1360.500 -686.499
1381.490 644.494
1345.490 -721.497
-1409.500 -589.503
1130.000 1038.500
978.492 1188.500
-961.504 -1202.500
-1285.500 848.490
-1553.500 28.502
-1503.490 416.498
1519.500 370.500
-1386.500 721.499
1365.500 -773.497
1549.500 -249.503
1428.500 -666.503
-1473.500 556.499
1578.500 68.500
-1507.500 483.504
-1541.500 364.497
1457.500 -626.504
1384.500 -786.490
1273.500 -968.503
1558.510 409.494
1361.500 -867.487
-1391.500 817.494
-1525.500 -532.501
1414.500 -797.497
1128.500 1174.500
1506.500 637.497
1261.500 1047.500
-1204.500 1119.500
1375.500 -905.498
-1334.500 970.503
1401.500 880.506
1510.500 -687.507
1598.500 -466.497
1582.510 517.497
1563.500 -597.496
1536.500 -707.504
-1530.500 -732.503
-1609.500 561.504
-1593.500 -629.499
1233.500 1190.500
1497.500 -872.490
-1612.500 -755.500
1449.490 1089.500
1583.500 -898.502
-1488.500 -1063.500
-1607.500 -895.507
1431.490 1168.500
-1586.490 1014.500
1610.500 -1050.500
