0.498 -0.501
-38.503 25.496
125.487 -27.504
122.505 -51.497
-43.497 131.505
-136.959 48.508
-152.972 42.955
-153.135 44.520
-115.501 123.498
-156.500 65.507
-30.504 -171.500
-138.496 -107.505
85.501 161.505
174.502 62.499
139.497 137.505
-192.500 -48.497
209.496 -23.498
136.499 161.501
-209.505 60.496
-54.499 212.496
-206.500 -96.504
-64.503 -220.493
-23.495 -235.504
-96.502 220.503
240.499 -32.493
18.499 -242.499
-155.500 -188.505
94.500 -229.504
-242.505 57.503
249.501 83.505
-265.505 -4.496
-62.505 259.503
94.498 255.500
79.504 -266.500
-166.501 -225.494
-281.496 16.499
-92.493 -267.499
248.495 -139.500
271.504 -120.499
192.505 238.500
-173.501 -256.500
294.495 100.502
-125.481 -285.844
-130.486 -289.811
-129.690 -290.608
-260.502 -187.499
59.496 322.492
-11.501 328.499
169.495 -287.501
-164.023 290.280
-26.498 335.503
-163.536 295.253
-101.502 -325.501
-309.503 -154.501
70.500 344.503
181.501 301.496
95.500 339.497
77.493 -348.501
-168.127 -317.923
254.502 257.501
119.502 -345.502
-177.721 -324.869
-365.502 -63.500
248.504 291.499
-124.504 366.500
388.501 -17.494
123.501 -376.497
104.503 -382.506
-40.491 396.214
202.502 345.502
-36.496 403.499
403.509 -58.502
380.498 147.505
-343.499 219.496
-402.510 85.504
91.500 -408.491
-2.494 418.494
52.499 -418.494
-398.867 -141.061
-429.501 -32.497
-412.494 -128.492
-235.501 367.505
-275.503 -340.505
108.502 -426.496
-414.497 156.507
-420.314 142.836
-391.499 -214.492
-415.502 -164.501
397.500 -220.496
-281.499 -367.503
-422.502 -192.505
-462.496 92.506
408.505 -238.496
-155.502 -451.500
302.500 370.497
132.234 459.811
-394.495 -271.504
408.503 -254.954
-213.501 -431.500
400.496 -279.502
56.505 485.498
137.494 471.501
-5.495 -494.493
493.498 36.497
-492.504 -85.498
219.498 450.495
379.504 -330.502
110.496 492.499
-477.505 164.510
177.503 -474.497
154.504 489.507
315.491 -414.506
-427.500 298.506
-17.499 -524.506
527.505 41.497
441.504 -295.506
-528.501 -58.503
533.506 16.502
-130.503 517.502
-538.493 -11.496
171.499 516.497
-475.504 266.500
-464.496 -287.498
519.498 -177.497
-394.493 380.499
-300.505 467.501
366.501 421.491
-544.502 -130.497
-322.492 -461.500
-450.495 -346.495
244.500 513.504
531.502 205.498
-114.502 -568.504
-362.425 451.995
-378.747 441.090
-363.494 458.501
527.500 255.505
-381.498 448.495
-251.501 538.506
-536.501 -258.500
274.495 530.492
-530.499 -277.497
-444.508 -403.500
-200.499 -566.500
278.502 -543.497
264.496 -553.503
-426.495 448.506
582.498 213.496
-595.664 -175.049
-597.494 -169.501
-210.506 591.505
139.501 -614.495
389.503 495.509
-620.502 113.501
-599.652 -202.922
-182.496 611.502
-610.498 -189.499
630.505 -136.508
547.509 342.499
-557.503 -327.507
631.502 169.501
-88.497 -648.501
435.502 497.497
-628.499 211.501
-660.439 -71.446
-573.497 -337.495
535.499 395.502
-81.503 661.509
129.497 -656.491
669.497 -39.501
-567.494 -356.497
-667.503 -61.498
-659.492 131.501
-325.499 588.496
236.505 640.500
7.507 686.493
-269.495 -632.501
-443.496 -536.503
601.500 356.501
-213.502 667.496
-579.500 -408.502
-173.498 687.501
-49.507 708.496
656.497 274.501
-667.496 -248.501
-713.495 65.499
-539.503 -472.500
126.118 -706.879
128.899 -710.445
594.505 415.494
81.496 721.502
574.506 451.498
594.499 439.500
-475.496 -568.499
648.505 -364.500
-168.500 -725.498
516.505 542.500
-737.495 129.501
744.498 -140.496
760.502 -72.499
618.498 449.498
-544.501 -538.502
687.495 346.499
653.495 -414.496
337.501 701.508
-768.499 163.500
600.492 514.501
461.502 654.496
2.495 803.497
74.504 805.499
-644.498 -489.498
-349.503 731.497
715.502 383.498
816.500 8.498
354.503 735.501
777.505 -254.495
-591.496 -566.505
271.488 -782.499
690.500 460.500
-682.494 -477.501
666.501 -503.503
464.510 -699.506
729.498 -421.502
-404.498 -739.496
-430.501 -727.508
-222.498 -816.502
295.494 -793.490
-719.498 -454.501
-852.501 -29.497
-838.496 162.499
-762.494 388.494
54.501 857.499
-236.499 828.508
544.503 674.499
392.501 776.505
-816.500 -304.500
-871.498 12.503
530.040 693.093
639.492 599.500
-871.236 -101.518
-662.503 -575.496
-719.499 501.496
504.504 720.504
-479.499 -738.058
-877.317 -97.314
-346.497 -817.499
549.529 700.167
-737.492 497.497
548.538 703.023
-592.497 -670.498
-140.495 888.500
21.502 899.503
-89.499 896.495
-487.498 -759.501
-898.494 -93.508
-443.500 -788.500
-897.493 157.496
-912.498 64.500
-484.497 -781.499
-717.506 -582.504
780.493 508.496
-903.504 -240.501
-923.494 -169.501
570.500 -753.497
-195.504 -929.500
-931.500 -196.497
694.493 659.502
-741.889 -606.194
-746.611 -605.226
715.506 643.500
-777.499 -567.501
-130.501 -954.504
106.502 961.502
775.501 581.494
796.497 552.500
309.501 919.495
-928.491 294.499
942.506 266.502
-160.016 967.509
-901.497 388.495
-797.664 -576.450
-689.496 -702.499
-797.898 -578.599
792.511 -599.502
993.496 -17.500
-991.496 50.496
-474.496 876.500
-684.499 -729.497
-744.496 671.505
19.504 1009.500
-804.503 -612.492
883.500 -493.499
-998.496 159.496
-430.492 -918.498
-986.494 254.505
688.495 756.500
964.508 349.498
-1006.500 199.503
1027.500 75.500
923.496 458.498
-339.497 -975.510
-892.496 -523.503
373.495 -974.502
315.500 -995.489
116.498 1042.500
-591.508 -869.503
-788.002 -698.717
571.505 -885.503
-791.102 -698.249
1036.490 -214.499
-1037.500 -213.497
-99.498 1058.500
-719.500 -786.501
-833.506 -664.496
-550.500 912.493
836.500 662.492
-137.500 1066.490
1038.510 311.504
84.498 -1087.500
-918.500 586.496
759.500 786.506
909.011 608.458
-1093.510 -22.495
722.497 823.499
-989.503 -473.499
-1025.490 -391.498
347.498 1042.500
-1064.500 -274.510
-1051.500 321.497
-616.505 -914.499
-292.502 1065.490
-886.498 -660.502
1071.500 -289.498
-985.505 513.497
-457.497 1016.500
-631.502 -924.511
-1066.500 -355.490
-969.503 572.492
-796.497 -799.494
891.951 700.644
59.505 1132.200
1066.510 391.497
890.498 706.499
59.498 1135.410
836.499 777.503
-136.498 -1134.500
-872.502 -739.504
-1109.500 286.495
-1026.500 -512.506
-922.494 681.496
882.505 734.497
-767.507 -855.500
1143.500 -141.500
-251.501 -1124.500
-1147.510 94.502
330.504 1106.510
1129.500 -245.496
-1075.500 -421.495
-1041.500 518.496
889.499 755.500
509.495 1055.500
294.499 1140.500
-1153.500 -239.497
713.493 940.507
-1164.500 222.501
1116.500 403.505
892.505 782.499
-135.495 -1182.490
236.501 -1167.490
-1044.500 -575.496
789.498 894.497
-1139.500 355.500
-1139.500 355.891
-514.501 1077.500
-1038.570 -597.500
946.500 737.509
277.498 -1168.510
-552.499 1067.500
-1156.500 334.502
1053.500 592.504
-1058.500 -600.506
1208.490 165.491
719.499 987.500
336.495 1185.500
924.495 815.506
886.502 861.501
1105.490 582.493
781.912 977.189
-1105.510 -588.501
-1000.500 -755.498
-717.502 -1030.500
1258.930 91.275
854.500 929.496
788.504 986.500
1260.050 105.776
-1255.490 148.501
929.503 860.505
-648.496 1087.500
-832.502 957.504
-961.503 829.505
1146.500 -552.502
1268.490 114.495
-1167.500 514.507
969.498 836.498
539.501 1161.500
-651.512 1109.490
-1289.500 -132.500
914.500 919.496
1166.500 582.497
-841.500 995.498
484.499 -1212.500
971.948 894.241
976.516 893.901
1056.500 805.493
-740.498 1104.500
692.502 1140.500
1329.510 -159.490
939.503 -955.501
945.503 963.502
1139.500 -733.502
-997.504 923.498
1085.500 -826.498
-1024.490 -905.500
-1073.490 -849.497
811.500 1108.500
974.497 -975.501
-1067.510 -874.499
-1015.500 -936.496
-1082.720 -860.971
867.496 -1091.490
1264.500 -592.501
-1213.500 692.504
1400.500 59.499
-1335.500 -427.499
-897.502 -1080.500
-884.505 1094.500
1191.500 763.501
-1359.500 403.501
1022.500 988.495
990.499 -1028.500
-1264.490 665.500
-948.499 1069.500
-909.499 -1110.490
-1333.500 -530.501
876.504 1142.500
1439.500 -81.501
1250.510 -720.496
-1355.500 494.498
1168.500 860.504
1170.500 -866.503
1436.540 -241.908
1438.510 -236.502
911.498 1143.510
1466.500 62.498
882.502 1174.500
-1313.500 -665.500
1393.500 484.496
1095.510 991.496
-1347.500 606.496
1426.500 396.418
1426.500 396.493
-1438.500 -372.503
1277.500 760.507
-1007.500 -1093.500
-1403.490 494.503
1345.500 638.497
-1081.500 -1030.500
1436.500 -412.507
1320.500 703.493
-1123.500 996.498
-1059.500 1064.500
-1199.500 -908.502
1256.500 836.504
-1125.500 -1011.500
1043.500 -1103.500
-1392.500 -623.504
1496.500 310.503
-1469.500 -431.500
1264.500 875.497
1455.500 -502.495
-1537.500 116.497
-1469.500 471.496
-1501.500 -373.504
-994.004 -1192.500
-1495.500 -433.506
1366.490 753.505
1351.500 783.496
1484.500 -498.495
-1042.500 -1170.500
1573.500 -177.500
-1305.490 901.507
1178.500 1071.500
-1529.490 -453.504
-1163.500 -1093.510
1407.500 -756.496
1126.500 -1138.500
-1609.500 -34.493
1312.500 942.497
-1455.500 -717.505
1279.500 1010.500
1541.500 532.499
-1247.500 -1070.500
-1471.500 -763.502
1345.500 975.499
-1214.500 -1137.500
-1589.500 -491.491
1329.680 1017.190
1601.500 491.498
1334.550 1019.910
-1213.490 1167.500
-1297.500 -1092.500
-1528.500 -738.502
1349.500 1032.490
-1248.500 -1153.500
1474.500 850.502
-1289.500 -1114.500
-1336.500 -1073.500
-1295.480 -1128.400
1408.510 998.500
-1445.500 -947.500
-1604.500 -675.503
-1557.160 -779.740
-1561.500 -774.498
-1313.500 -1153.500
-1434.500 -1018.500
1496.500 928.593
1520.500 924.499
-1492.500 977.498
-1350.500 -1171.500
-1388.500 -1132.500
1586.500 837.503
-1522.500 -953.497
1509.500 -1001.500
1491.280 -1059.030
-1401.500 -1206.500
1471.500 1138.500
1522.500 1125.500
1543.500 1111.500
-1517.500 -1178.500
-1503.500 1195.490
-1546.490 -1157.500
-1583.500 -1202.500
