0.505 -0.492
52.491 94.499
-111.492 -5.502
94.500 92.503
-93.497 97.490
-129.498 65.500
-108.495 114.503
-65.500 144.506
-41.507 156.495
123.503 138.505
-167.508 113.502
61.500 202.501
2.495 219.499
229.499 68.504
-122.493 -206.497
-71.493 245.504
-252.501 57.503
57.496 -292.502
-312.502 -161.504
-270.499 -227.505
65.503 -356.499
-361.505 -119.501
-284.503 254.502
-82.496 -376.498
-109.498 380.496
309.496 266.499
402.503 77.494
336.499 -238.507
-262.506 326.503
228.491 -360.500
-418.505 -114.498
-41.500 -433.501
397.502 225.502
89.505 -451.501
449.499 -156.502
-469.499 -90.505
-469.497 126.505
489.499 -29.495
507.502 29.501
-420.499 293.507
298.505 423.497
272.502 461.502
-546.506 -44.501
354.500 426.493
-554.493 27.498
548.501 -164.499
573.496 47.496
406.493 -418.496
515.498 277.502
-552.508 -206.496
-489.504 -329.501
-94.499 584.496
595.495 -29.506
-265.499 542.502
86.499 608.504
629.497 120.508
502.499 -398.494
327.501 551.498
646.503 45.498
570.498 -315.507
643.500 -111.506
-398.498 527.492
414.510 526.495
-279.501 -610.504
-615.509 -275.490
594.498 -321.506
393.502 553.505
615.497 -294.500
514.503 466.506
267.494 -650.498
-293.502 639.501
-288.500 -649.504
-690.498 172.501
-707.498 85.499
-56.494 716.497
169.490 708.499
-311.494 -665.501
421.488 601.493
323.503 665.494
487.488 557.507
-703.496 247.503
167.493 730.506
54.500 -756.501
-670.498 -354.501
-673.501 370.502
686.501 -350.499
681.497 362.504
738.494 -229.504
-443.493 -643.508
-728.506 285.492
522.501 583.491
-773.510 -163.503
-497.502 617.508
759.499 241.500
631.509 -492.495
-315.495 737.499
-771.498 -225.495
-0.497 -805.493
181.507 790.498
292.502 -761.504
676.504 -477.500
56.497 826.510
-322.498 -773.502
677.469 -494.056
386.501 760.499
-325.501 788.496
507.496 688.495
783.499 -349.502
-830.498 212.499
640.496 584.504
166.501 853.499
-839.499 230.492
-873.500 -54.503
857.493 189.507
-878.503 19.498
90.498 874.502
10.501 -887.494
-875.497 168.497
-836.496 -338.506
861.500 -276.498
879.499 217.502
527.500 -743.500
-180.502 -896.503
-799.493 -463.501
-912.505 -153.502
-618.501 -690.497
-636.499 -675.497
-896.497 -259.498
24.501 933.497
-762.502 -540.497
185.500 -922.500
-719.500 604.506
-288.494 895.499
-867.494 -374.495
-684.501 665.501
-684.501 665.891
685.502 -672.500
-881.505 384.503
-883.503 -389.502
-846.499 466.506
608.502 -763.503
132.501 967.505
895.499 -403.499
-906.498 -398.493
732.506 -674.501
-988.500 129.501
630.496 -787.500
1008.500 59.508
1011.500 -90.500
-1009.490 -144.493
-192.505 -1012.500
-934.500 457.503
-1008.500 -268.499
78.499 -1050.500
1048.500 -112.501
-260.499 -1027.500
-1035.500 262.501
396.496 992.503
-939.504 -516.500
22.504 1073.500
651.497 -855.503
-293.500 -1042.500
-920.502 -573.506
457.492 995.491
1097.500 21.505
20.502 1101.500
-721.515 833.500
-625.497 -909.502
-1066.500 286.855
-1066.500 298.499
-1112.500 -85.499
-482.501 -1008.500
-852.499 739.497
-1082.500 -324.505
1121.500 156.497
-703.496 892.501
347.507 1084.500
-1115.500 -280.497
0.500 1153.510
-912.498 707.498
-191.496 -1142.500
303.498 -1119.500
-705.500 936.504
-448.493 1087.500
-1153.500 234.503
-1033.500 -569.501
-182.502 -1166.500
-301.497 1140.500
-470.498 1082.490
-730.500 927.500
1134.490 -334.500
-444.506 -1097.510
881.502 -797.501
1063.500 532.500
-898.499 -793.495
-1145.500 357.499
1180.500 -240.500
1154.490 356.499
967.503 725.504
-356.505 -1159.500
1020.500 -669.504
622.502 -1055.500
1188.510 307.502
-1218.500 176.492
-771.493 -964.502
-859.503 886.497
-756.505 977.497
-962.500 776.501
-1232.510 -109.502
-1144.500 473.497
1024.490 -711.496
-965.501 -789.497
-1238.500 -146.498
-1036.500 705.499
-386.495 -1199.490
-901.496 883.500
-380.501 1205.500
1231.490 -304.501
-1216.500 363.501
644.499 1094.500
1216.490 378.496
-470.498 1190.500
-1278.500 136.492
1290.500 42.501
1291.500 17.497
-1260.500 -281.503
933.501 -898.505
1205.500 478.499
958.501 -875.502
-1187.500 -536.498
1270.500 -295.501
952.510 -896.505
1105.500 -701.493
-1308.500 253.500
-1036.490 -846.500
1331.500 -151.499
723.502 1127.510
-630.500 -1186.500
1082.500 -800.495
-685.500 -1158.500
-841.496 1052.500
-1315.500 299.501
1218.500 591.498
-957.501 967.500
-744.500 1140.500
-1337.500 -318.498
1342.500 329.497
-867.501 -1083.500
-1147.490 791.495
-1240.490 681.502
-944.506 -1056.500
1418.500 -214.499
-1424.510 239.496
-1000.510 1047.510
-1457.850 76.038
-1466.500 92.499
-1461.500 187.496
-882.505 -1196.500
-1070.500 -1035.500
-1477.500 -205.503
-1491.500 50.504
-1494.500 104.501
1358.500 649.505
-1459.490 -374.499
-1507.500 -39.496
-1508.500 90.500
-1502.500 171.499
-1000.490 -1135.500
1479.500 327.492
-1475.500 349.498
-1107.500 1040.500
-1520.010 6.562
-1520.230 8.781
-1465.500 404.494
-1173.500 968.500
-1514.280 161.722
1434.500 516.510
-1525.500 70.496
1528.500 -5.502
1193.500 961.500
1044.500 -1128.500
1454.500 -506.498
-1242.500 -915.497
1481.490 -442.498
-1097.500 1093.500
-1268.500 -902.496
1369.500 748.498
1054.500 -1151.510
-1553.500 -185.498
-1268.500 -927.496
-1384.490 743.498
-1511.500 446.495
1426.500 -673.496
-1137.500 -1092.500
-1043.510 -1185.510
1355.500 -814.503
-1540.500 -394.503
1493.500 -563.500
-1579.500 -241.499
-1578.490 259.499
-1617.510 -30.496
1288.490 -987.506
-1335.510 -936.498
1256.500 1043.510
-1171.500 -1181.500
1210.500 -1145.500
-1348.500 -981.489
-1425.510 -866.492
1564.500 -595.504
-1600.500 491.502
-1557.500 -719.500
-1572.510 686.499
1531.500 791.504
1449.490 -977.499
-1531.500 842.501
1500.490 -986.499
1496.500 1011.500
-1548.500 -943.494
-1519.500 1092.500
-1488.470 1140.930
-1490.490 1146.500
1588.490 1195.500
