0.504 -0.498
66.498 27.503
-85.498 67.496
-87.493 -75.499
143.500 -2.505
-150.503 70.503
-168.503 -21.509
179.498 36.499
-115.502 162.501
-194.786 -54.038
-111.501 -170.500
198.499 -59.506
-203.499 -37.496
33.499 -206.501
-210.502 54.642
-210.850 53.502
108.504 -208.497
-91.906 219.488
239.498 28.506
-112.502 218.501
-95.502 227.502
246.500 -88.502
208.508 161.503
89.499 249.498
124.498 -253.503
265.496 108.499
-282.503 -65.506
-285.504 64.500
294.496 -27.503
-184.501 258.497
-291.499 129.500
-201.502 -260.501
280.500 -192.497
-307.495 150.502
-40.498 -344.493
346.504 -49.503
-303.501 178.502
-85.500 348.500
-191.505 -314.501
372.508 -49.492
333.501 184.493
240.503 304.498
-5.496 390.493
300.500 -251.502
41.496 390.497
143.504 366.501
-258.498 -304.495
-377.507 -146.499
-398.495 97.499
317.498 -277.501
371.498 199.499
422.500 -11.502
-102.492 409.499
-64.499 430.507
262.430 353.101
258.499 358.505
165.507 427.501
-26.500 457.501
290.497 356.499
334.507 -320.497
67.498 458.505
337.500 323.497
-53.499 467.495
-262.500 390.499
-459.493 -116.497
-23.506 -474.505
165.500 446.505
-314.506 358.503
-466.494 124.506
488.497 -42.503
304.500 -385.499
2.501 -494.495
-465.506 -184.507
94.499 493.500
339.506 380.493
221.496 -462.501
-380.498 -351.505
53.498 515.501
-349.503 382.493
238.506 461.506
-497.504 -171.495
443.504 -285.497
116.499 513.500
-527.500 73.494
526.500 88.497
518.500 -155.500
-12.500 -547.500
324.499 440.503
-546.496 65.500
75.498 -547.501
122.498 538.389
166.496 526.506
-512.499 225.498
437.497 -352.500
122.151 547.948
559.493 -71.498
563.499 -25.505
-560.500 -74.504
-501.496 271.500
109.493 563.505
73.497 569.496
188.498 545.497
-419.499 -404.998
-18.501 591.499
485.503 342.508
-329.497 -496.499
-379.506 -463.504
-547.501 242.499
140.502 589.501
-535.491 -286.498
540.502 280.493
380.500 475.506
-109.499 -618.500
215.497 589.496
552.504 -301.496
-518.506 359.501
-105.500 622.503
-631.501 -28.498
451.504 446.502
-395.501 504.501
-529.498 -363.499
-51.496 643.503
336.499 554.501
-577.494 -301.492
-432.504 494.499
507.498 -420.499
643.502 152.497
383.508 547.003
-638.496 196.495
-179.497 -644.507
-671.496 -8.499
-435.504 -516.495
428.497 527.503
502.734 460.044
-679.502 68.501
404.504 -553.500
-352.497 597.501
220.498 663.503
595.497 368.499
487.496 511.502
-601.499 370.496
-610.411 356.124
262.495 657.504
343.493 622.503
-117.503 -702.503
-191.501 -692.500
309.499 -664.504
619.497 392.493
-697.501 -237.501
-593.501 -437.503
96.498 -735.504
126.498 730.513
94.511 -738.818
-637.503 390.497
-161.499 -731.500
-634.322 -419.039
-640.502 -412.503
431.499 631.500
594.505 -485.501
766.488 55.502
-250.506 726.501
-740.496 -217.500
725.500 265.498
-192.629 750.381
750.500 202.500
-590.500 -506.501
-197.870 753.419
-642.499 445.501
433.504 658.497
-373.497 -695.502
790.506 -63.499
-794.497 -37.506
-572.503 552.499
-136.496 784.500
-602.503 -523.496
222.495 -770.502
288.508 751.501
801.499 -106.496
754.506 -291.500
-539.507 -606.491
-188.500 790.490
816.494 36.505
-507.500 -644.507
-459.499 -680.508
271.505 775.500
-638.502 -517.499
224.498 791.504
-779.501 -267.506
-577.501 587.503
207.853 800.103
-613.500 -564.505
-283.496 -784.493
-725.499 -412.500
-140.498 826.500
211.500 811.505
-825.506 -153.500
714.499 451.494
-759.497 390.498
-478.494 -709.501
-460.496 723.497
-690.501 512.499
-663.496 553.501
-267.500 824.507
-455.492 -743.498
-322.499 812.506
-877.507 -14.495
-826.499 299.500
-357.502 -804.491
-704.501 -539.496
687.499 -572.499
-457.500 -773.504
-300.499 846.497
892.502 -115.500
824.495 -362.498
-201.502 -884.494
-50.498 907.495
-909.507 4.498
-367.223 839.498
-870.487 -288.505
-369.497 844.500
915.496 135.492
-834.499 406.503
349.500 -861.504
128.499 -922.502
-128.499 922.500
897.494 258.508
582.499 744.502
242.503 913.496
-602.499 -730.499
-924.503 -209.509
-64.496 -947.492
-617.501 725.510
-936.496 195.500
-924.504 -253.501
-887.499 -364.499
978.509 7.505
-902.503 388.500
-847.500 -514.505
941.504 313.505
713.503 -690.496
-794.504 -595.497
-431.503 896.500
-257.507 -964.493
365.496 -934.495
1000.490 -112.495
804.502 -607.505
-930.507 389.500
379.133 -938.365
485.505 888.501
926.505 418.503
37.497 -1017.500
-462.501 -910.500
352.500 965.504
-117.496 1022.500
441.495 932.503
924.502 464.503
-330.506 983.510
-447.934 939.118
93.496 1037.490
600.496 -856.500
138.494 1040.500
-454.504 950.497
1027.490 248.503
886.499 578.496
-627.507 854.507
155.439 1049.500
97.505 -1058.500
-1053.500 -137.499
473.502 -953.491
1042.500 -251.504
634.859 863.971
-301.497 1033.500
141.501 1068.500
-1003.490 -396.498
313.499 1036.500
-941.498 -538.512
647.500 876.496
-1075.500 174.500
-403.500 -1015.500
-839.496 700.494
510.499 967.498
-720.503 826.495
-283.506 1062.500
-264.499 1072.510
-484.495 994.502
412.795 1029.840
364.500 1049.490
417.268 1030.610
688.496 -881.502
-1055.510 -372.500
-512.500 -1001.500
-1078.490 332.500
-159.497 1117.500
-589.494 963.496
-699.501 -889.501
1010.500 -513.504
449.267 -1041.060
448.538 -1041.500
452.305 -1041.300
-1062.500 -405.502
660.506 926.501
-826.503 -785.497
134.502 1135.500
-401.498 1070.510
413.493 -1074.500
740.506 -888.503
-654.498 952.498
46.498 -1158.500
199.503 -1142.500
-313.503 1115.500
1015.940 -564.113
527.498 1034.500
-1115.500 332.499
-264.500 1136.500
1029.840 -555.346
-1086.400 -434.765
374.506 1110.500
305.497 -1132.500
1034.130 -553.811
-1091.740 -431.663
-959.499 680.494
514.501 1059.500
1178.510 -101.505
1181.500 78.496
1107.500 419.494
-1152.500 282.503
1142.500 -338.507
-599.503 -1030.500
-949.501 722.498
-1112.260 -435.447
-1112.110 -435.879
-602.502 1031.500
154.499 1186.510
147.505 -1188.500
261.504 1170.510
-1190.500 145.498
369.747 1146.810
-471.509 1109.500
-1150.510 -362.502
369.466 1149.000
-1067.500 -563.501
-1114.990 -463.992
-216.500 -1190.500
57.496 1209.500
1037.490 628.500
428.425 1137.570
-744.503 962.496
-145.493 -1209.500
433.107 1138.080
-401.496 -1152.500
-1115.610 -493.495
-1223.500 -9.499
-832.502 896.504
-1162.500 -393.485
385.503 1165.500
1070.500 603.503
-471.493 1136.500
-759.496 -981.498
-1059.500 -649.499
-688.501 1034.500
295.502 -1208.500
-1227.500 -198.499
-501.500 -1140.500
-1084.500 -614.500
837.499 928.500
-623.506 -1085.500
449.503 1171.500
-918.506 -856.500
1259.500 -38.502
-572.497 1124.500
735.503 -1028.500
-1063.500 -693.502
-1214.500 373.491
601.509 1123.500
-1258.500 215.497
-1283.500 -42.497
745.495 1046.500
-1283.500 -88.499
-901.496 928.500
735.502 1068.490
-1172.500 554.496
-1264.500 -296.500
502.494 1198.500
-764.496 -1051.500
-1259.500 -329.501
946.500 900.495
-1307.500 -22.506
1176.500 575.499
1262.510 -371.499
-758.502 1074.500
790.498 1053.500
-1068.500 -773.496
739.503 1092.930
-1128.500 -688.498
1155.500 -647.501
1072.510 782.501
-702.498 1140.500
-1055.510 -835.506
-862.506 1034.500
-895.502 1007.500
-1175.500 -666.508
-1166.500 -690.496
-952.500 964.498
-1354.500 126.499
1350.500 221.497
788.503 1121.500
-1184.510 698.504
-1375.500 -45.500
1059.500 -881.504
-731.500 1175.500
819.506 1117.500
901.506 1056.510
-1399.070 -100.499
-1194.500 -737.495
-1221.500 -693.501
-1358.500 -374.497
1221.500 711.501
-1410.090 -100.511
-1239.500 686.504
1416.500 117.490
-1392.500 -299.111
-1392.500 -299.501
1377.500 -368.505
1212.510 760.501
-1289.500 -620.505
1202.500 805.498
-964.496 1084.510
1285.500 724.501
1096.490 991.502
-1300.500 -703.505
-909.498 -1169.100
-909.498 -1169.490
1331.490 -651.500
-983.501 1108.510
1371.500 -573.496
-1409.500 469.499
-1118.500 -985.496
-1469.480 -263.858
-1435.500 -413.503
1350.500 -659.497
-1005.500 -1117.490
1431.500 -461.497
-1479.520 -266.692
-1238.500 -854.504
-1291.500 -783.498
-1317.500 -744.502
1041.500 1100.490
-1486.490 356.503
-1444.500 500.496
-1414.500 582.503
-1187.500 -966.502
-1345.870 -730.588
1176.500 987.505
-1380.510 674.507
-1229.500 -940.505
-1560.500 78.499
-1554.510 164.499
1549.500 256.505
-1316.490 -858.496
-1576.500 -44.503
1258.500 -956.499
-1421.500 690.495
-1519.500 -463.504
-1511.500 -498.499
-1293.500 -930.500
-1593.500 51.493
1602.500 -67.501
-1151.500 1118.500
-1598.500 -168.500
-1487.490 -610.502
1469.500 662.497
-1540.490 -486.506
1580.500 340.499
-1610.500 175.502
1094.500 -1197.500
-1610.490 193.499
1326.490 -961.502
-1601.490 -341.498
-1157.510 -1187.500
-1358.500 -957.499
1257.500 -1094.500
-1255.500 -1096.500
-1407.500 -903.500
-1178.500 1192.500
-1583.500 -576.496
1236.510 -1148.500
-1368.500 995.499
1456.500 920.502
-1344.500 -1124.500
1590.500 -739.504
1370.510 -1099.500
-1502.490 -920.495
-1308.500 1201.500
1425.500 -1111.500
1404.500 -1145.500
-1614.490 -821.498
-1499.500 -1058.500
1538.500 -1124.500
