0.501 -0.501
-38.506 41.504
-2.498 99.502
-12.497 119.494
-130.502 55.504
64.503 144.504
-171.499 -3.493
-69.500 -195.501
-64.508 197.511
-183.503 -98.490
178.499 -109.501
-222.505 -55.498
88.506 -223.496
248.494 -14.498
-46.495 -249.495
256.496 -82.499
-18.501 273.501
-273.500 -36.501
99.502 -260.501
-279.506 59.504
-276.505 -85.498
-227.496 -188.498
297.504 65.505
-87.493 291.493
-237.501 196.495
276.503 -148.499
299.499 -94.500
-312.505 -30.500
193.490 248.492
-316.500 116.503
-262.496 -214.498
-275.496 -197.504
-186.500 286.501
25.503 -361.499
-360.495 -36.494
218.500 294.504
366.497 -25.505
52.496 -377.501
340.504 171.500
379.508 -48.507
152.496 -358.495
262.499 291.500
95.503 -382.504
-394.495 1.496
41.497 392.494
74.503 401.499
80.498 -403.495
52.493 -415.496
-47.492 -420.494
411.496 184.507
48.493 448.497
269.500 -367.502
-451.504 -57.494
442.502 -123.502
15.501 -460.501
-433.498 178.498
117.491 -464.500
-487.493 -23.502
-112.501 477.495
-480.501 -131.499
-209.500 -454.495
452.490 -216.504
-499.497 31.501
-350.495 357.501
-108.500 -491.499
-500.501 -61.500
-455.504 -219.494
-261.503 -449.514
-337.501 401.506
71.500 -525.507
-29.500 537.507
526.498 -123.502
-456.495 288.493
104.496 -531.511
6.505 -544.499
492.501 -241.496
-529.486 -149.505
-502.495 231.501
499.047 -254.447
500.999 -257.997
159.503 -540.495
-514.499 -239.507
-561.500 -139.496
-277.098 -508.655
-277.117 -508.731
463.500 -358.499
-572.501 127.497
572.500 -148.488
428.500 407.502
-386.766 448.793
-398.179 441.691
316.504 -507.504
-100.501 593.501
-384.507 463.505
395.504 -462.504
-600.498 -94.501
-257.500 -553.495
351.499 -503.497
414.496 -454.501
-608.503 82.494
74.494 -613.503
-135.500 -604.501
-352.498 509.491
-401.498 -476.500
-127.971 -613.179
401.501 480.504
-496.502 390.501
-631.512 57.498
-282.497 570.503
-568.507 -307.503
-157.498 -628.495
-339.501 556.509
-36.501 -670.490
-657.505 139.502
89.501 -677.502
-344.503 -590.497
600.494 335.500
257.498 -640.495
319.501 -614.507
277.505 -636.494
73.499 -690.503
-687.500 -90.497
120.502 683.498
651.498 257.500
-598.499 -365.508
403.500 575.501
373.505 598.495
-529.495 -467.504
-359.503 613.502
-455.498 -548.494
-96.499 709.508
-505.434 533.894
-505.901 535.108
-645.500 -355.505
-447.499 -593.508
-744.503 -65.496
-104.495 740.502
-562.503 -494.504
-752.500 21.502
-713.505 243.494
-456.496 601.499
691.497 321.496
-606.496 -462.503
474.505 602.498
361.495 -677.499
-251.501 725.500
-357.499 -688.502
-192.504 768.506
-790.496 -79.506
628.498 487.499
654.506 -463.498
-615.506 516.504
-592.914 553.905
-769.503 269.503
477.509 -663.496
-660.500 491.497
-547.504 619.497
-606.505 564.503
677.497 -487.500
834.727 77.428
836.101 77.182
807.502 -248.490
-703.503 466.497
363.502 -766.503
-733.493 -425.503
149.509 836.504
852.503 1.502
721.498 462.499
172.505 -840.503
425.498 -751.504
850.500 -157.503
-361.506 -789.506
297.492 -819.501
778.495 -407.502
834.498 291.492
-867.499 -190.494
-301.496 -837.498
220.505 -867.503
-830.668 336.499
402.497 804.501
-386.508 -814.501
-26.499 902.503
-645.506 635.495
742.500 -526.495
665.495 621.500
-881.503 -245.499
-886.496 241.502
-554.126 -734.581
-836.499 404.503
-497.508 785.496
853.503 406.496
-420.495 -850.503
-595.502 -750.500
-201.493 -942.504
-326.506 910.501
-561.509 -790.500
929.497 293.504
601.497 767.496
-753.501 -619.503
-121.495 -970.505
-577.496 805.501
792.492 -598.501
-987.505 -115.500
888.497 470.497
107.499 -1000.490
-13.504 1006.490
898.222 461.376
592.492 818.502
-1003.500 131.501
-592.498 -825.499
-886.714 496.269
-886.748 496.358
-99.799 1018.360
-939.500 406.500
-100.785 1018.830
659.501 -787.499
923.499 -456.503
989.501 -299.501
-231.502 -1009.500
-1035.500 60.497
564.496 -872.496
-8.505 -1047.510
-603.500 -861.501
1021.500 291.501
-52.503 1063.500
1064.500 59.500
1025.500 -302.498
-698.500 813.496
-527.499 938.503
-1073.490 91.504
-574.502 911.503
-1052.500 -248.490
756.495 777.505
785.504 -753.500
851.502 -679.494
-491.495 -974.505
-153.500 1084.500
-126.498 1089.500
1069.490 -284.500
463.500 -1006.500
783.495 783.502
-889.501 -661.496
-723.499 844.496
-1032.500 -420.495
-990.496 -533.495
-1123.510 57.500
-412.496 1047.500
-1098.500 250.499
-608.508 948.497
1073.500 -349.498
-1127.500 27.503
-1113.360 -194.719
-1114.430 -195.632
-542.492 994.502
358.503 -1076.510
217.495 -1117.510
1001.500 -544.499
97.500 1138.500
-364.495 -1085.500
938.499 656.503
-631.501 955.500
-1145.500 11.492
690.502 917.505
84.502 -1151.500
-671.490 -940.501
476.499 -1054.500
-870.498 761.499
740.505 -890.499
1074.490 -435.501
-1146.490 -184.498
830.499 -813.496
-1041.490 561.504
-751.501 -915.501
1135.500 352.501
-174.504 1175.510
761.507 915.494
-819.496 863.498
-348.503 1141.510
-845.496 -844.502
1050.510 -576.508
163.488 -1187.500
-336.500 -1154.500
-917.506 -778.498
-1120.500 -442.498
23.507 1205.490
99.493 1203.500
-812.503 893.500
1188.500 -233.494
-39.495 -1210.500
379.504 -1153.500
-1216.500 -33.502
-971.896 737.100
1134.500 -463.499
-973.544 743.256
-1171.020 -360.931
-1202.500 -260.641
-1230.890 -0.730
-1232.500 6.496
959.505 775.502
-984.198 746.378
-764.501 -975.509
861.504 -896.497
1127.500 -536.500
-1197.500 355.497
593.497 -1102.500
512.500 -1143.500
-344.501 -1205.490
1248.500 140.506
-1162.500 474.497
-900.497 -876.502
-975.501 -796.501
-1082.820 644.702
1248.510 190.500
1200.500 -400.499
-1217.500 354.497
-1268.510 39.505
1118.500 -613.502
-1096.500 651.498
614.500 -1120.500
617.680 -1126.140
-1258.500 253.500
-871.499 944.500
1201.490 -468.497
-1125.490 628.502
1269.490 -240.498
-1235.500 -386.500
570.498 -1173.500
1290.500 -207.498
-1264.500 -347.109
-1264.500 -347.501
-1313.500 17.502
-663.502 -1137.500
-875.505 -996.501
-635.501 -1177.500
-761.500 -1106.500
1244.500 -526.501
1077.500 -821.495
1242.510 -550.498
-914.503 -1014.500
1052.500 -872.495
-1034.490 900.504
-1369.500 -85.502
-1366.500 -140.505
754.510 -1149.500
-849.500 1097.510
-984.507 -1000.500
787.504 -1173.500
-1382.500 293.495
1219.500 -750.505
-997.496 1039.500
-1340.500 529.497
1113.500 -919.495
1306.500 -622.500
-1387.500 -435.490
-1029.510 -1031.510
885.493 -1164.500
1160.510 -896.502
-898.501 -1161.490
-1473.500 47.504
946.502 1138.500
1406.500 475.501
-1411.490 465.499
1433.500 410.509
901.502 1203.500
1201.490 -922.500
-1395.500 588.504
-1205.500 -922.504
-1258.500 876.500
1426.500 -570.500
-1512.500 -284.498
-1182.500 991.496
-1420.500 -606.495
-1058.510 1126.500
1373.500 714.503
1435.490 -592.501
1547.500 182.500
-1175.500 1024.510
1257.500 -927.496
1282.490 -916.499
-1575.500 57.495
1536.500 -403.506
-1527.500 -451.500
-1402.500 781.494
-1385.500 828.498
-1093.500 1189.500
1152.490 -1134.500
-1503.490 618.494
1493.500 -670.504
-1481.500 695.496
-1474.490 -711.499
-1582.490 421.500
-1162.500 1156.500
-1620.500 -351.503
-1620.500 411.493
-1171.500 1207.490
-1200.500 1201.500
-1343.500 1046.500
-1406.500 964.498
-1530.500 755.494
1246.500 1169.510
1612.500 597.497
-1500.510 -853.500
1565.500 -801.500
1510.500 -902.500
1602.500 -747.501
-1440.500 1031.500
-1441.500 1049.510
1598.500 -812.495
1492.490 997.506
1417.500 -1111.500
-1369.500 -1169.500
1598.500 -949.496
-1458.500 -1178.500
1602.500 -979.500
