-1.380 4.670
-3.499 10.505
-14.335 -8.285
-18.237 -3.733
-60.498 -13.496
54.500 33.496
-16.501 -69.501
5.497 140.500
85.505 111.502
137.494 -46.496
-31.497 -155.495
113.497 170.495
-70.497 -196.500
64.494 -213.502
135.507 195.495
205.507 120.505
221.578 -99.760
244.500 -22.500
222.547 -104.711
94.501 240.499
-44.506 267.506
128.497 268.503
10.509 -289.499
-51.493 -295.500
6.630 -306.041
319.425 24.747
321.500 33.497
-341.503 -28.502
220.510 266.498
305.509 -157.493
346.504 -30.499
328.506 -111.503
-203.504 -282.501
351.491 55.503
-356.498 -36.499
36.498 -356.497
363.498 -33.498
-23.499 -362.501
40.498 382.499
347.501 -156.499
-360.506 -142.504
241.500 317.508
308.505 -257.494
198.498 -349.505
-187.495 368.502
-394.504 122.502
229.501 -340.501
394.499 132.492
-177.496 -375.498
-217.502 -365.505
301.496 310.503
280.503 -323.501
434.494 -22.499
168.497 -398.507
440.509 1.500
377.502 -232.497
289.494 -344.402
289.669 -345.374
304.040 -335.955
-263.494 383.500
189.007 -416.505
467.493 1.502
117.495 459.501
445.500 152.499
-289.502 -384.503
35.499 -478.509
-324.500 -358.509
473.954 125.604
-74.504 -481.508
485.502 -79.493
270.501 417.501
476.498 139.507
163.497 480.494
364.507 361.500
103.504 -496.499
-254.497 -441.505
489.504 160.504
-486.505 -172.495
270.504 -445.500
82.502 526.020
-198.500 497.502
499.499 -174.498
-55.499 -525.492
407.500 -337.501
-535.505 5.491
499.495 190.503
-389.504 -373.507
-15.501 -544.500
338.496 436.497
-554.501 91.503
-494.501 -266.496
561.505 -14.507
308.501 479.498
268.495 -496.501
267.503 509.501
571.498 33.500
-577.497 -17.505
550.490 -163.505
-58.500 580.492
452.501 -355.493
563.500 138.498
71.497 -572.500
-582.499 -75.506
-186.497 -556.503
-293.497 519.494
-442.499 -390.503
-260.497 537.499
559.500 -186.495
88.498 -582.495
588.500 -73.497
-178.620 -565.619
338.496 -493.501
-55.495 -600.500
573.499 204.503
179.496 -576.501
77.493 -609.006
83.502 619.496
533.503 323.505
-539.499 -316.504
-520.498 357.501
120.501 621.495
631.499 -9.503
-381.505 514.501
-632.502 -82.493
598.505 228.498
-612.492 215.501
76.499 -638.500
234.500 -600.503
646.496 -41.497
241.501 608.498
-387.506 532.500
-439.499 -483.502
-391.497 -524.499
-535.509 388.503
-98.496 -650.502
-548.502 -372.495
-609.501 -266.495
-95.365 -655.421
613.500 -253.497
111.501 -655.505
334.502 586.503
666.496 81.494
-367.497 -562.508
-534.498 -409.500
341.496 -580.501
-465.503 506.498
-106.504 -673.499
586.502 -355.505
-92.690 -685.289
588.502 -380.501
338.508 -619.498
463.499 -536.495
-658.504 290.501
685.510 -215.508
-509.503 -512.496
-654.504 -311.500
120.497 -713.495
-20.496 -728.507
718.501 145.501
325.499 661.502
-692.498 -253.110
-692.498 -253.501
619.501 405.500
-370.256 -637.170
338.498 -653.494
-377.780 -634.377
440.505 -594.493
-588.501 464.510
-742.490 -112.497
55.500 -743.494
-11.498 -746.501
-398.499 -634.506
671.498 -332.506
726.506 -188.501
722.497 223.502
-704.493 -276.496
-150.495 -744.502
627.506 441.496
-639.501 428.498
252.932 727.672
252.275 729.856
485.503 -600.499
422.504 -648.500
706.507 -335.503
394.188 -674.149
390.488 -679.406
391.424 -680.190
-693.498 -383.494
60.496 796.501
539.500 599.495
359.497 -714.506
530.499 -599.498
769.499 236.502
255.495 -761.505
-26.496 -803.505
-809.501 38.507
352.587 -723.227
82.501 -802.511
803.494 -121.501
655.494 489.510
-40.499 -816.495
63.502 826.500
-407.500 -714.491
-658.504 -500.498
-733.503 398.503
427.506 -710.502
605.500 -569.495
255.504 -790.501
-336.491 770.504
-777.502 324.504
-30.500 -834.503
-589.500 -603.500
-849.496 2.505
755.498 391.499
-410.503 -742.502
599.503 -611.492
742.502 -443.501
100.501 -860.501
760.498 -418.499
-375.493 -782.493
-281.499 -829.503
839.503 298.502
-31.497 -891.496
-762.493 -470.497
547.499 721.502
301.498 855.498
855.497 -286.496
781.499 465.506
107.504 909.501
897.506 160.501
-71.502 914.494
-911.504 -67.502
-466.504 790.502
339.505 -843.504
-901.496 -169.499
473.502 794.501
813.679 445.803
-891.501 -254.497
515.499 774.494
926.496 21.500
-731.502 578.503
924.496 112.499
235.494 -897.491
-505.490 -780.497
698.501 -614.508
618.495 -697.492
-917.500 201.497
833.504 432.505
113.498 939.506
882.493 -325.499
945.506 -27.500
830.497 459.540
832.876 456.922
403.499 -854.499
922.503 225.500
-134.500 947.496
21.500 -949.491
661.503 -686.498
-942.497 -180.505
947.499 218.505
953.497 195.495
952.498 -207.498
932.496 293.499
503.494 845.498
-159.496 -964.498
-878.499 451.505
655.494 -728.496
976.508 139.501
-401.502 907.495
673.503 -717.503
610.503 -776.501
-117.508 -982.501
-78.502 -987.499
-519.503 -846.494
968.501 234.508
996.495 -7.500
-639.498 772.500
648.492 -758.494
58.497 1007.500
986.503 -194.499
130.502 -999.505
-995.498 -214.495
30.500 -1019.500
950.499 384.501
999.502 -218.502
671.498 -774.494
-608.494 -827.490
-148.491 1030.500
177.498 1029.500
701.500 774.498
-278.498 1011.510
568.499 -870.507
921.502 -495.488
106.500 -1039.500
532.503 911.508
192.499 1045.500
-507.503 -927.502
-748.501 -748.499
1057.500 71.501
384.499 -985.498
1060.500 -40.497
-10.502 -1058.500
-462.506 -956.500
-538.498 930.500
564.500 -904.495
938.501 -511.497
371.505 1011.500
1041.500 262.500
1069.500 150.497
-714.496 818.494
474.503 -970.499
943.496 -529.500
-78.496 -1080.500
990.502 455.495
941.499 -556.507
958.502 546.501
-1083.500 227.506
1088.500 193.497
-272.493 1079.510
1016.500 446.498
-131.502 -1098.500
756.495 -811.498
-192.502 -1093.500
-312.508 -1068.510
-413.502 -1034.500
-504.499 -996.499
932.498 -615.503
329.491 -1068.500
705.505 878.505
1040.490 -423.504
-210.098 -1105.990
-209.896 -1108.880
989.492 -564.503
-149.891 -1128.360
-154.569 -1128.140
888.507 -718.496
211.491 1131.490
-1004.500 -556.496
332.433 1108.640
975.507 618.505
1095.490 401.507
-476.507 1070.500
-209.500 -1145.510
1121.500 332.500
-442.502 -1080.500
10.502 -1169.500
522.496 -1052.500
934.496 724.503
1022.500 593.497
1125.500 379.503
1161.500 -245.494
-1120.490 409.500
-1069.500 529.501
-1055.490 570.506
597.505 1041.500
-1122.500 -416.498
928.496 768.500
1147.500 -354.503
-1209.490 -33.502
187.504 -1201.500
-1216.510 -119.504
-227.498 -1205.500
216.494 -1209.490
754.498 -970.495
-1084.490 -586.493
-1188.500 -340.501
-447.497 -1149.500
-1093.500 586.490
1136.500 495.499
1024.490 702.499
883.504 -866.500
456.497 -1150.500
872.230 -879.490
861.501 900.495
-279.503 -1210.500
-437.568 -1171.500
-1084.500 643.504
1104.500 605.498
994.270 776.466
-408.501 1201.500
-455.498 -1177.500
-1045.500 -713.500
998.498 786.501
754.501 -1018.500
-502.500 -1173.500
-1158.500 556.496
-1243.500 -325.501
-1110.500 -648.497
542.501 1172.500
-743.509 -1049.500
625.498 1137.500
1163.500 575.500
1270.500 -258.498
1180.500 551.499
1183.810 546.292
682.497 1114.500
1165.500 598.497
1228.030 462.478
1080.500 752.508
1161.500 624.499
1306.500 -161.499
-721.498 1109.500
1273.500 -333.501
-845.496 -1012.500
762.903 -1073.780
-1155.500 650.501
-1317.500 137.498
-1160.740 645.534
-1267.510 -385.495
1287.510 319.504
1132.500 696.499
772.042 -1080.360
988.503 904.507
-1067.500 -813.502
1185.500 664.494
-1360.500 -94.497
-724.503 -1153.490
1230.500 596.501
-901.501 -1024.500
1177.500 707.499
1365.500 133.500
1145.500 759.497
1235.490 -594.501
1364.500 221.498
-864.495 -1076.500
-1282.500 535.498
-1363.500 289.507
-1392.490 -101.501
-887.505 -1083.500
1225.490 695.503
1045.500 953.489
841.505 1139.490
-1188.500 775.502
1164.500 807.502
-1228.510 711.501
1256.500 -646.503
1345.500 -447.506
1211.070 749.979
883.500 1121.500
1218.500 751.627
1042.500 983.500
-915.503 -1109.500
-1276.500 676.507
-1059.500 -976.493
1080.500 963.503
-1380.500 -434.502
-1272.500 700.497
-1228.500 -777.498
-1170.500 876.495
-1009.500 -1054.500
1386.500 484.501
-1069.510 -1003.500
-1004.500 1079.500
1456.510 203.503
943.506 -1131.490
1343.510 -638.505
-1491.500 64.506
1462.500 290.501
1325.500 690.502
1043.490 1074.500
1298.500 -741.494
-1132.500 988.498
1237.500 852.503
973.500 -1138.500
926.502 1190.500
-963.494 -1157.500
1041.510 1104.500
1133.500 -1001.500
1511.500 -146.501
1519.500 -40.489
-1365.500 -670.502
-1171.510 -969.496
1445.510 489.504
1513.500 315.495
-1050.490 1165.500
1119.500 1098.500
1313.500 874.502
-1556.500 300.497
-1127.500 -1119.510
-1472.500 -603.499
1511.500 504.507
-1319.500 -891.501
-1317.500 913.500
-1303.490 -931.499
-1110.500 -1172.500
1427.500 772.501
-1106.500 -1190.500
1481.500 686.493
-1240.500 -1058.500
1268.500 -1040.500
-1498.490 -755.504
1375.500 971.500
-1554.510 -648.497
-1380.530 975.455
1471.500 -821.498
1541.500 -684.502
-1255.500 -1133.500
-1334.500 -1041.500
-1393.500 -986.497
1528.500 773.500
1575.500 706.503
1525.500 813.504
-1332.500 -1134.510
-1358.500 1126.500
1499.500 944.496
1331.500 1171.500
1311.500 -1191.500
-1592.490 -800.501
1556.500 889.502
-1430.490 -1107.500
1551.700 964.554
-1527.490 -1009.490
1581.500 930.495
1557.870 970.045
1567.500 984.495
-1419.500 1209.500
-1615.500 -939.507
-1462.510 1172.500
-1593.510 1015.510
-1578.500 -1031.500
-1564.500 -1164.500
