0.501 -0.498
-16.500 -36.502
-75.502 -10.502
72.500 -61.509
20.505 -116.499
-117.505 -2.497
-21.497 -117.504
-121.499 61.501
23.497 -146.505
4.496 -151.504
-157.498 13.495
-9.494 -177.501
157.502 82.502
35.502 175.503
-187.497 -31.503
-48.502 -185.498
6.495 -195.503
39.502 200.507
180.497 101.497
-198.497 -88.504
-220.475 -48.845
-225.114 -53.339
-225.579 -52.934
123.504 200.500
154.497 189.497
-84.501 231.502
-247.505 49.500
72.508 -244.502
-259.500 13.501
-227.501 129.496
-267.504 -17.501
-264.128 -77.924
-109.500 -258.503
211.497 -190.503
-273.710 -84.860
-122.501 259.503
277.499 -110.500
301.495 -3.494
92.499 288.507
301.501 -60.499
-121.503 -286.502
311.234 -20.128
310.547 -36.946
-295.501 143.497
-255.499 -210.498
-280.498 191.502
340.501 -77.498
168.502 306.500
314.498 157.496
168.039 -315.800
-353.498 54.500
154.504 -324.502
301.499 199.502
-220.964 287.041
-313.496 -188.504
-237.551 281.965
-237.571 283.513
60.502 365.500
29.495 -378.499
-372.496 -97.502
213.498 321.494
-123.496 367.504
-240.500 305.493
-218.502 -326.497
7.503 392.495
58.502 390.502
-379.498 -123.496
-400.497 89.493
-197.501 361.500
17.497 -419.498
-294.496 301.502
424.498 34.500
-352.493 238.500
-304.496 -321.498
-327.495 300.498
-195.499 -405.499
-368.503 261.499
12.922 -467.887
-132.507 450.499
15.356 -471.458
-422.503 -215.504
302.497 365.506
409.501 248.501
118.500 466.502
-485.503 32.504
19.498 487.498
-490.507 -23.491
-455.501 183.504
-174.495 459.496
447.503 227.500
-491.861 105.958
443.501 252.497
181.497 482.494
-508.500 83.507
-138.505 499.497
-515.501 55.500
-505.505 119.502
-374.513 -383.500
535.494 71.493
109.502 531.496
176.496 517.500
-277.506 -476.499
-548.505 -96.504
-13.499 558.493
540.496 -153.503
-561.500 -37.498
-519.496 217.497
151.498 -544.492
-543.501 -153.498
-84.500 566.500
24.504 573.497
542.505 -201.497
-0.496 580.498
174.500 -555.506
343.498 -471.500
-99.501 574.496
-241.020 534.749
132.501 575.497
-240.498 540.501
-489.510 335.497
578.504 166.494
-584.497 166.496
-545.499 -284.499
455.502 418.495
550.504 -288.501
-626.500 -25.492
-632.504 -5.499
-426.499 469.499
235.503 596.500
-507.237 392.966
-197.494 611.496
-499.499 409.489
646.495 63.500
-111.144 639.033
615.501 -211.500
-550.502 345.500
-620.504 194.500
-638.500 123.504
454.505 468.503
-333.502 -563.497
-106.499 645.498
-577.503 -314.506
-655.495 -73.499
507.501 423.502
-72.499 659.502
553.498 376.498
-665.505 -101.505
672.498 -50.498
-629.494 242.498
-639.503 -218.504
-671.500 -83.499
667.501 130.508
443.496 -525.500
-310.502 617.500
-690.669 79.955
-679.503 -153.509
65.707 694.592
-692.498 85.497
-696.121 52.782
154.499 682.502
-563.505 419.504
-511.500 -483.497
-646.504 -282.498
-705.501 65.496
72.502 708.503
302.504 645.499
-537.495 -470.502
-456.497 -559.501
-9.497 725.502
90.504 725.503
45.501 730.496
479.498 556.501
-247.491 -697.502
-309.496 -672.504
-509.504 554.495
726.500 208.503
-585.502 -480.067
584.496 482.499
-693.506 -308.495
109.498 753.498
-550.501 -529.504
-765.500 9.508
-559.498 523.502
183.501 745.504
242.495 -730.501
666.497 -385.497
184.501 -748.500
469.500 611.499
-594.499 -500.495
-754.902 186.067
533.499 568.500
-746.504 -231.496
437.503 -651.499
-761.493 197.493
-591.511 -521.502
214.498 762.495
328.500 721.504
-199.499 768.500
-473.511 638.506
-711.503 373.498
-697.507 -410.503
760.501 -286.506
375.498 721.502
-783.497 -218.500
-374.505 724.495
530.499 629.506
-765.492 -314.501
-42.492 -828.501
619.496 554.496
-455.449 699.563
-438.911 710.629
512.496 667.506
-439.493 718.499
532.499 653.498
-452.503 -711.506
-821.505 -193.504
-458.494 708.495
-540.508 -654.501
-751.498 393.503
-321.499 796.501
-717.502 474.495
556.504 663.497
-806.497 328.496
-504.499 710.499
649.502 591.500
-820.501 -319.494
458.499 762.495
-278.495 849.499
180.501 878.504
-259.505 -867.496
-249.496 869.496
-794.496 -438.507
542.505 730.502
101.501 -908.501
898.498 175.508
-849.146 -342.110
-789.510 -464.505
-916.495 -41.496
-852.711 -341.194
629.504 670.497
140.494 -909.500
-830.498 394.496
-699.498 -603.495
927.502 -20.503
-143.494 916.499
-880.497 -303.499
-371.500 -855.499
-397.499 851.493
-50.495 938.500
-259.498 -912.499
-901.246 -311.433
-901.590 -313.522
956.499 -95.495
-862.506 430.504
-725.499 -645.496
-108.502 964.503
-279.497 930.498
-908.493 -346.504
410.500 881.499
26.497 972.504
-825.496 -518.499
938.504 266.499
-236.494 948.501
286.503 937.492
-951.498 237.500
867.502 462.501
-969.258 164.632
-205.490 -965.501
-740.501 -654.496
-892.994 -431.727
-977.829 170.063
-896.097 -431.257
-260.499 -960.501
586.505 816.512
-1005.500 25.501
-969.504 280.496
337.505 -955.497
-998.501 173.495
1015.510 -53.492
722.503 716.503
-938.499 -396.504
305.499 972.503
495.504 899.504
-996.501 -256.502
-1024.490 97.502
-934.501 433.500
-1033.500 71.499
1036.500 47.505
480.990 919.392
180.499 -1026.500
-903.504 -528.497
895.501 544.500
-874.508 -584.491
501.881 925.810
457.498 949.503
501.038 929.012
22.495 1060.500
740.495 761.512
-51.501 1062.500
85.504 -1062.500
-991.499 -391.501
-1011.500 335.498
-67.496 -1067.500
1010.500 -351.503
785.499 -727.502
721.505 791.503
346.501 1013.500
-852.506 663.494
861.512 657.497
-995.495 430.500
-978.505 -469.502
665.496 858.499
-435.496 -995.507
-417.503 1004.500
645.502 876.504
965.505 503.494
818.500 -747.496
709.495 -852.504
-412.505 -1029.510
-1093.500 -203.497
933.496 -610.508
4.500 1117.500
-827.499 -753.500
991.499 -523.499
-806.498 780.504
266.500 -1094.500
-325.496 -1083.500
-825.499 776.499
-1130.490 -120.499
-1093.500 324.498
-297.498 1101.500
462.496 -1047.500
-1142.490 57.508
829.505 -797.499
999.505 583.495
-1132.500 -240.509
-28.501 1163.490
-585.505 -1008.500
-1169.500 -2.501
645.503 977.501
1121.510 349.507
-1171.500 -82.501
-142.502 1166.500
788.499 872.494
-1026.500 573.506
-196.495 1159.500
857.013 812.963
-1099.500 436.496
1120.500 -393.495
-1150.500 -302.498
-1144.580 -324.500
-1181.500 -148.507
1165.500 270.938
269.500 1168.500
1011.490 -649.505
1168.040 287.481
-997.505 670.499
1049.500 593.497
-1107.500 478.497
-1107.500 -480.500
-1164.510 -326.497
-1086.490 534.503
1097.510 -515.498
1176.500 295.501
334.504 -1168.500
1215.500 22.502
-1198.490 253.497
324.500 -1187.510
875.500 -868.495
719.497 1005.490
846.562 908.337
845.501 915.498
684.500 1045.510
-1212.500 -313.498
-1261.500 36.498
838.503 944.495
-830.501 960.503
796.496 992.499
1000.510 789.501
595.501 -1128.500
-580.498 -1139.510
-1006.500 -796.499
847.494 966.501
-543.494 1165.500
-1131.510 -625.499
-1122.500 -655.503
-1153.510 607.496
1051.500 777.495
903.498 945.500
852.501 994.505
-1254.500 376.501
-1018.490 -824.501
951.497 -902.491
-1180.500 -569.495
1312.050 -61.898
1314.500 -56.503
-1174.500 -593.499
1298.510 -226.500
1301.500 235.501
-1189.330 -579.577
-590.499 -1189.490
1327.510 95.501
-1013.500 879.501
-1214.500 573.506
1310.500 -313.499
756.491 1117.500
-1083.500 805.502
1111.500 773.503
-790.503 -1099.500
681.504 1170.510
887.501 1027.500
-622.503 1208.500
1244.500 -553.494
-1271.500 509.500
1337.490 -310.501
851.498 1077.500
-1066.500 867.494
-1115.500 -806.503
1364.500 236.500
-1004.500 -970.501
894.500 1073.500
933.500 1046.500
-1189.500 -743.497
-1142.500 813.498
-1245.500 647.498
-1245.500 647.890
-1400.500 149.497
-1263.500 625.494
-1016.500 980.499
-1062.500 -935.499
823.498 1151.500
753.621 1204.540
-1103.000 -901.001
-1232.500 -724.499
1018.500 1010.500
-1366.500 436.506
884.499 1137.500
-1008.050 -1032.740
-1307.500 -622.498
-1151.500 -878.500
1449.500 -3.506
939.935 1107.240
-1446.510 -145.496
944.498 1106.900
-908.500 -1142.490
-1444.500 -248.499
1353.240 572.393
1353.250 572.468
-1423.490 -382.505
967.504 -1114.500
1328.500 663.506
-1069.500 -1034.500
1415.500 482.499
917.508 1181.500
-943.502 -1162.500
1150.500 959.498
-1135.490 -980.499
-1271.500 -802.495
-1275.500 815.505
1293.490 822.494
1322.500 -785.496
-1503.500 -338.502
1300.310 -838.550
1134.500 1061.500
1273.490 891.506
-1552.490 -86.505
-1056.510 1141.500
1235.500 951.500
-1356.500 -777.499
997.502 1204.500
-1322.500 -842.492
1537.500 -316.498
-1213.500 -1004.510
1566.500 171.506
1526.500 -392.490
-1073.500 -1164.500
1559.510 287.505
-1584.500 -144.501
1220.490 1032.510
-1356.500 -856.496
1529.500 -496.500
1562.500 379.499
1071.500 1202.500
-1303.490 -953.499
-1405.490 -797.499
-1611.500 -145.495
-1397.500 -818.501
-1618.500 -85.497
1323.510 940.495
-1567.490 -429.504
-1402.980 -830.461
-1223.500 -1078.500
1310.500 972.499
1231.500 1072.500
1477.500 704.500
-1476.490 707.496
1548.500 -537.499
-1444.500 -778.504
-1583.500 -473.495
-1421.500 -855.500
-1323.500 1007.500
1533.490 660.501
1618.500 -425.500
-1472.490 804.506
-1555.500 -653.502
-1396.500 -949.504
-1377.500 981.502
-1292.510 -1093.500
-1251.500 -1147.510
-1458.500 -871.502
-1543.500 -722.499
-1406.500 -971.495
1590.500 -638.505
-1497.500 -833.502
-1329.490 -1082.490
1285.500 1140.500
-1325.900 -1093.740
-1523.490 806.504
-1465.500 922.499
-1509.510 -904.504
1320.500 1173.500
1438.500 1035.500
-1592.500 785.497
-1376.490 -1143.500
-1464.500 -1038.500
1385.500 1193.500
1482.500 -1078.500
1467.500 1115.500
1548.510 1016.490
-1577.500 -977.501
1490.500 1110.500
-1597.500 -1170.500
