0.500 -0.504
22.130 -10.925
26.195 -13.979
-5.499 -65.500
-60.501 -56.499
-109.512 6.501
-0.507 -122.496
108.495 -78.504
-131.503 43.505
143.501 4.504
174.501 -6.500
2.500 -186.496
-71.505 185.494
-172.497 -102.498
-208.496 -44.502
85.499 216.505
-140.504 -190.506
252.502 27.502
-149.500 -212.496
-35.503 -259.495
63.504 -266.496
-35.500 -283.495
-5.502 285.496
36.503 -284.512
-40.330 -300.025
-237.509 -191.488
188.502 243.500
-146.494 -276.496
312.497 -31.498
-186.496 -262.501
-78.495 -326.507
-222.497 255.501
147.502 307.504
-322.493 -118.502
-275.498 224.498
144.504 -328.508
-322.509 159.506
97.503 348.501
331.499 -155.499
-39.500 -372.499
350.497 -155.500
-381.501 95.500
393.495 -58.498
-195.496 349.497
-353.499 -191.506
79.504 -398.499
-79.494 -408.505
-289.499 -305.498
-298.502 305.507
-433.504 105.506
-451.502 -52.498
141.498 432.493
343.504 313.502
418.503 -211.503
-433.504 -185.502
461.497 120.508
-263.499 -412.504
400.501 288.494
185.495 -461.496
74.497 491.505
-354.497 353.505
-388.493 320.501
483.501 -150.502
356.495 362.500
404.499 -315.506
-406.491 311.504
-205.502 -497.493
435.497 319.500
15.494 546.500
-546.498 -126.497
471.504 307.500
-51.499 567.496
243.503 -521.502
-481.495 -321.500
-352.495 467.496
-78.508 584.504
-530.501 -270.495
-385.504 453.498
-556.497 230.503
516.501 317.498
-569.497 214.497
-321.501 518.500
-305.504 531.497
585.504 -189.500
605.508 -134.505
535.499 332.506
91.497 -634.504
-1.507 -641.502
536.501 -355.496
247.496 594.502
295.499 576.498
-528.494 379.496
463.498 460.505
302.498 -581.497
-271.505 -597.498
-589.501 286.507
358.498 558.498
652.503 -154.212
24.501 670.497
655.717 -153.577
60.500 -675.493
164.499 657.496
-673.504 -93.495
-545.502 -406.505
-415.498 -548.499
662.494 205.497
-585.499 373.499
-282.495 639.504
-171.504 -680.499
702.826 -80.353
624.500 -339.505
-682.501 201.494
710.891 -84.743
447.496 -561.500
-113.501 -709.502
-619.510 370.496
355.492 631.502
-613.493 -397.505
642.499 -352.499
618.497 -394.507
-570.500 -470.494
-592.501 441.506
-469.498 579.503
436.509 -611.506
-3.499 -753.497
-678.496 332.506
709.498 -266.499
257.504 -713.499
591.502 -485.497
-759.509 -93.497
309.499 -701.496
-103.494 -759.503
293.494 714.504
534.505 -562.508
-659.498 -409.500
-249.504 -743.492
349.496 701.503
-767.500 -160.504
516.490 595.495
454.498 646.499
-40.499 -797.505
792.504 114.501
-275.206 754.607
702.501 -393.500
522.500 -615.497
452.507 669.493
-588.498 557.499
-695.496 417.503
-694.500 -422.502
-648.499 492.494
712.503 399.504
-284.489 765.494
-786.500 225.496
407.496 712.500
-672.498 472.495
-639.493 518.497
87.506 -824.500
-801.500 234.503
17.504 835.499
-816.495 205.496
-476.493 -695.504
277.501 798.497
-330.497 781.498
193.499 827.495
738.502 -429.504
-684.502 511.502
-649.489 -557.502
-694.498 -510.497
227.504 832.504
790.501 357.501
784.490 381.498
396.503 778.498
-823.505 -314.498
-812.500 351.497
-717.503 520.498
-773.503 439.500
-815.507 -359.504
814.496 -365.491
-891.506 -30.504
-571.498 -688.504
744.507 498.504
619.506 652.503
262.500 860.500
674.498 596.496
214.497 -879.506
755.499 -501.492
609.500 670.499
-872.500 -266.502
-230.502 882.503
771.500 496.503
840.501 -400.504
-673.501 644.499
38.497 938.504
-281.496 898.493
768.501 554.498
180.497 -932.501
-364.503 876.497
950.502 -44.505
65.502 -958.499
-526.502 808.503
-968.496 -5.495
969.504 4.498
960.503 -133.500
-696.500 680.498
-943.499 248.504
714.505 -666.500
-984.503 -35.502
277.496 -958.504
-929.499 359.501
965.499 -252.502
1002.500 -58.503
-1000.500 89.500
-609.506 -800.499
360.497 939.496
-569.498 -830.504
1001.470 -131.904
-1006.500 -78.506
-314.495 -961.496
807.502 -614.499
-519.503 872.505
1012.310 -125.597
-980.786 286.310
-980.776 286.389
1011.490 214.504
910.499 -492.494
-830.505 616.498
982.500 -339.499
-1021.500 186.503
431.504 949.509
-566.500 875.498
-450.499 942.505
-639.501 826.497
-986.501 350.501
997.502 326.500
1032.500 -214.503
-1034.500 -210.504
942.164 -488.575
784.508 714.498
953.495 -475.508
-645.499 -848.496
984.504 -411.496
781.503 -727.497
986.688 -422.902
-470.496 964.496
445.498 988.502
-813.499 -722.497
679.491 850.499
767.502 774.501
952.500 533.507
45.466 -1097.010
-166.494 -1085.500
46.897 -1097.390
-873.498 667.503
238.500 -1077.500
968.500 -531.504
956.496 -554.495
6.503 1108.500
554.506 -962.506
-596.500 947.495
907.493 -686.499
881.490 -720.507
-1129.500 153.500
-784.497 -828.505
1142.490 3.496
754.500 -865.500
1152.490 67.506
-1125.500 281.504
481.884 -1057.150
486.390 -1056.370
1034.500 537.505
1086.500 -437.500
-1154.500 194.508
-316.506 -1129.500
-1173.500 -68.494
1180.510 -45.502
1108.500 423.495
-1106.500 -429.499
-1187.590 -13.592
-25.897 1188.500
-27.283 1188.500
1124.500 405.495
-570.499 1049.500
-1193.500 -110.494
-586.499 -1046.500
-1191.510 -145.498
-1148.500 -405.499
835.497 -893.495
-1047.500 631.500
-1225.500 -41.502
1191.510 -299.507
-935.508 -797.499
-1076.500 594.497
1227.500 91.504
1237.490 111.500
1195.500 340.500
1205.500 -323.494
-867.502 900.495
-464.499 -1164.500
-1230.500 -237.503
1155.500 -488.495
-1096.500 608.498
-723.498 -1030.500
776.501 -992.501
1254.500 154.497
1116.500 -593.497
-1033.490 741.501
1143.500 559.500
-494.503 -1192.500
-1268.500 252.495
1269.500 300.497
-558.494 1182.500
-1204.490 -514.506
900.504 -953.496
-1293.500 215.503
695.504 -1119.490
802.504 -1047.500
-926.508 938.506
-1177.500 -601.497
-1259.500 -411.494
-643.498 -1160.500
1004.490 875.501
1197.500 -594.499
-589.500 -1208.500
-1094.500 779.493
-1323.510 -241.501
-1100.500 -774.500
-1313.500 -299.498
-1011.500 -892.499
1229.490 -557.496
-1143.500 730.496
-1058.500 851.502
-908.503 1014.500
1342.500 241.501
1086.500 -828.498
-1124.500 -783.500
-1355.500 234.498
-850.500 1083.500
1197.510 -689.499
923.505 -1031.500
-926.501 1035.500
1269.500 -568.502
-1035.500 930.498
-1290.500 533.502
896.494 1075.500
-1160.490 787.505
1238.500 665.502
-1050.500 -942.498
1124.500 -854.500
849.505 -1129.510
805.507 1160.500
-823.504 -1153.500
-763.505 -1197.500
789.504 -1183.500
-1388.510 335.496
781.502 1199.510
1107.500 -912.494
-1348.500 494.494
-1380.500 406.496
-1207.490 783.500
1108.500 -937.505
-1451.500 32.500
1131.500 -921.502
1312.510 644.498
1466.500 18.501
-1422.500 -354.497
-1378.510 -503.500
1226.500 -809.506
-1454.500 -208.498
1299.500 687.495
-1260.500 762.502
1472.490 181.495
-1446.500 332.505
-1357.490 622.499
-1150.500 -965.497
-1207.500 895.498
-1455.500 -383.499
1301.500 759.500
-1016.510 1114.510
-1377.500 -616.506
927.501 1201.500
-1500.500 -255.505
-1405.500 587.500
-1515.510 232.504
-1356.500 714.495
-1350.500 -727.496
1170.500 992.508
-1316.510 796.497
1498.500 403.504
1462.500 525.507
-1447.490 589.500
1470.500 -542.499
-1562.500 -171.501
-1412.490 695.496
1572.510 174.498
1093.500 -1144.500
-1583.500 -51.500
-1536.500 -394.504
-1276.500 953.506
-1414.490 742.505
1423.490 -757.487
-1217.510 1069.500
-1571.500 -437.497
-1618.500 -207.509
1604.500 -323.498
-1515.500 628.496
1619.500 323.495
1604.500 -417.493
-1454.500 803.500
1566.500 -583.502
-1196.500 1193.500
1553.510 753.506
1438.500 961.506
-1444.500 996.497
1454.500 1050.500
1603.510 847.497
-1611.500 832.498
-1436.500 -1126.500
-1590.500 896.498
-1611.500 -863.498
1493.500 1077.490
-1555.500 1043.500
1496.500 -1155.490
-1528.500 1127.500
-1578.500 -1148.500
