6.329 24.148
7.011 24.143
6.892 25.141
90.894 -60.859
90.332 -61.855
91.005 -61.856
-41.102 -103.858
-40.999 -104.863
-41.661 -104.867
-127.670 58.286
-129.242 56.715
-129.184 58.228
-129.099 60.144
-131.104 58.143
-105.103 -99.862
-104.995 -100.857
-105.672 -100.860
-161.997 114.135
-162.109 115.136
-162.669 114.134
-191.992 74.140
-192.104 75.138
-192.669 74.138
-17.099 -204.867
234.334 -10.867
234.894 -9.862
-16.986 -205.866
-17.668 -205.868
235.006 -10.865
-73.992 244.137
-74.664 244.131
-74.095 245.135
206.333 153.130
207.011 153.133
206.904 154.134
140.753 243.707
138.897 245.138
140.811 245.226
142.327 245.286
140.897 247.141
-258.002 27.136
-258.123 28.137
-258.664 27.141
-247.992 193.141
-248.662 193.139
-248.095 194.144
224.340 245.142
225.010 245.140
224.904 246.142
-202.987 294.144
-203.663 294.145
-203.093 295.140
-74.096 -310.860
-73.982 -311.859
-74.669 -311.858
327.898 191.145
329.762 189.708
329.822 191.229
329.908 193.135
331.332 191.285
-352.103 -76.862
-352.000 -77.862
245.883 -261.856
-352.671 -77.862
245.333 -262.850
246.003 -262.850
-6.998 408.133
-7.664 408.136
185.343 364.144
186.005 364.144
-354.991 156.133
-355.104 157.133
-7.103 409.134
-355.667 156.137
185.906 365.145
36.333 418.131
37.000 418.134
36.889 419.141
242.892 -295.861
240.896 -297.856
242.808 -297.776
244.323 -297.721
242.751 -299.292
-128.990 404.137
-129.662 404.136
-129.097 405.142
-334.100 -197.858
-333.995 -198.866
-334.660 -198.867
220.886 -339.859
220.341 -340.857
221.005 -340.861
-419.991 10.140
-420.092 11.133
-420.663 10.142
-329.097 -240.856
-328.999 -241.861
-329.664 -241.865
-394.988 194.141
-395.095 195.137
-395.666 194.138
-188.994 419.142
-189.667 419.142
-189.096 420.143
192.341 428.141
193.001 428.140
192.896 429.144
-409.998 189.138
-410.106 190.146
-410.664 189.134
355.328 309.144
356.006 309.145
355.898 310.141
-436.110 -75.856
-435.997 -76.856
-436.666 -76.856
-352.673 347.284
-354.247 345.715
-354.188 347.220
-354.101 349.138
-356.104 347.127
499.333 83.142
500.014 83.141
499.898 84.135
-428.989 274.137
-429.662 274.138
-429.087 275.141
-27.101 -477.862
181.331 496.145
182.011 496.144
-26.994 -478.857
-27.665 -478.857
181.909 497.140
-418.095 -248.859
-417.987 -249.859
-418.662 -249.859
-7.992 532.143
-8.663 532.144
-8.104 533.140
520.332 -15.853
520.898 -14.859
521.005 -15.860
-112.094 -479.856
-111.982 -480.854
-112.662 -480.854
285.903 -437.857
283.896 -439.855
285.816 -439.767
287.328 -439.708
285.755 -441.283
-348.991 435.144
-349.671 435.145
-349.104 436.138
-248.092 -459.854
-247.993 -460.858
-248.659 -460.858
-361.095 -383.814
-359.604 -385.693
-361.195 -385.764
-361.265 -387.365
-363.149 -385.867
-531.990 150.131
-532.093 151.141
-532.660 150.129
141.765 565.713
139.900 567.145
141.817 567.228
143.332 567.284
-552.990 64.151
-553.098 65.138
-553.670 64.153
141.894 569.139
472.908 -288.858
472.338 -289.862
473.009 -289.864
-511.100 -197.856
-510.993 -198.848
-511.662 -198.842
-264.108 -477.852
-264.003 -478.851
-264.674 -478.851
548.400 211.267
-479.998 330.130
549.789 211.735
-480.661 330.132
-480.103 331.144
549.866 213.660
551.421 214.396
551.897 216.137
130.331 600.135
131.006 600.137
130.898 601.139
-589.984 12.139
-590.084 13.142
-590.653 12.141
75.823 622.585
76.908 622.587
76.914 624.110
-123.106 -566.857
-576.999 186.130
-577.117 187.134
-123.001 -567.859
-577.675 186.131
-123.671 -567.858
347.903 -483.853
347.333 -484.854
348.005 -484.854
-301.103 -506.856
-300.994 -507.853
-301.668 -507.851
-418.243 473.715
-416.672 475.284
-418.183 475.227
-420.099 475.143
-418.096 477.142
-614.088 -61.864
-613.990 -62.864
-614.658 -62.866
-399.991 518.142
-400.663 518.144
-605.090 -165.858
-604.988 -166.860
-400.096 519.144
625.339 190.140
-605.668 -166.864
626.008 190.137
625.902 191.140
160.335 670.133
161.005 670.133
160.905 671.143
559.895 -358.860
559.329 -359.862
559.999 -359.862
-48.102 -650.864
-47.998 -651.865
-48.667 -651.864
463.902 525.142
465.761 523.708
465.820 525.224
467.333 525.280
465.907 527.138
-655.983 185.134
-656.094 186.133
-656.668 185.134
687.335 -40.856
687.905 -39.858
688.016 -40.856
591.334 390.141
592.004 390.143
591.896 391.139
151.899 -653.858
151.332 -654.854
152.008 -654.853
-684.993 159.136
676.896 -191.860
-685.088 160.140
-685.665 159.134
678.904 -189.860
678.816 -191.774
678.755 -193.292
680.326 -191.716
352.906 -599.858
-594.995 409.140
352.338 -600.861
-595.664 409.142
-595.104 410.144
353.006 -600.863
-518.667 516.272
-520.237 514.709
-520.181 516.217
-520.098 518.136
-522.101 516.135
-683.994 239.125
-684.103 240.134
-684.670 239.127
-615.140 -349.892
-615.072 -352.264
-617.425 -348.816
-617.548 -352.309
-617.478 -354.391
-619.632 -351.006
-426.103 -563.863
161.341 738.129
-425.992 -564.866
162.011 738.132
-426.674 -564.861
161.913 739.142
-486.087 -517.866
-485.991 -518.865
-486.663 -518.868
-465.994 586.139
-466.662 586.143
-466.106 587.142
397.911 -598.861
397.331 -599.873
398.009 -599.871
280.340 718.134
281.007 718.132
700.327 299.139
701.003 299.137
-238.094 -681.865
280.896 719.137
700.885 300.136
-236.670 -683.721
-238.185 -683.782
-410.008 647.154
-240.101 -683.870
-410.670 647.151
750.335 118.138
-410.115 648.150
-238.247 -685.288
750.997 118.137
750.892 119.142
22.902 -734.861
22.329 -735.867
23.012 -735.865
728.334 292.134
729.006 292.135
728.899 293.137
-747.675 199.288
-749.244 197.713
-749.184 199.229
-749.097 201.146
-751.098 199.141
-770.997 -23.857
-771.109 -22.853
-771.669 -23.856
486.908 -593.852
486.339 -594.860
-295.103 -698.863
487.003 -594.860
-293.670 -700.721
-295.187 -700.774
-297.103 -700.853
-295.243 -702.287
-237.993 774.148
-238.667 774.148
-238.092 775.138
-771.995 168.135
-772.093 169.135
-772.661 168.135
751.337 -258.864
751.895 -257.861
752.003 -258.864
-486.993 652.152
-487.662 652.152
603.892 -506.858
-487.097 653.149
-192.238 798.709
603.338 -507.867
604.002 -507.863
-190.671 800.287
-192.184 800.229
-194.100 800.144
-192.104 802.144
795.332 -164.866
795.910 -163.866
796.016 -164.863
686.336 480.143
687.006 480.143
686.901 481.141
785.344 281.134
786.007 281.138
785.905 282.148
651.905 -489.859
651.341 -490.875
652.006 -490.869
101.329 850.139
102.004 850.139
101.884 851.137
-427.998 735.138
-428.672 735.137
-428.108 736.140
-183.096 -799.859
-182.987 -800.865
-183.664 -800.865
-592.092 -577.858
-591.990 -578.856
-592.659 -578.858
-749.993 416.143
-750.096 417.145
-750.663 416.140
828.337 268.128
829.005 268.131
828.909 269.141
-690.099 -483.863
-689.997 -484.858
-690.676 -484.863
-312.994 835.151
-640.995 608.145
-313.667 835.150
-641.667 608.143
-313.100 836.148
-641.102 609.148
651.334 612.144
652.007 612.145
651.905 613.145
828.899 -273.855
830.894 -271.857
830.810 -273.771
830.754 -275.288
613.894 657.136
615.755 655.708
832.330 -273.714
-611.994 648.141
615.817 657.227
-612.663 648.141
-612.103 649.145
617.329 657.287
615.908 659.143
-91.993 902.142
-92.668 902.137
-92.105 903.132
-832.996 322.131
-326.991 850.137
-327.666 850.140
-833.101 323.138
-833.667 322.128
-327.107 851.136
504.903 -715.858
502.897 -717.869
504.813 -717.779
506.328 -717.718
504.752 -719.292
-812.993 389.146
-813.099 390.143
-813.664 389.144
889.330 198.154
890.004 198.151
889.896 199.145
-262.098 -838.863
-261.993 -839.860
-262.665 -839.862
913.332 26.127
913.908 27.128
914.010 26.126
634.896 -633.872
632.898 -635.858
634.818 -635.775
636.326 -635.718
634.764 -637.291
-650.092 -620.860
-649.989 -621.861
-650.662 -621.863
473.907 -773.862
882.336 321.139
473.336 -774.863
883.014 321.141
474.011 -774.864
882.903 322.144
-871.670 337.278
-873.240 335.706
-873.184 337.224
-873.102 339.138
-658.997 681.148
-875.098 337.143
-659.658 681.147
-659.094 682.146
-920.993 150.143
-921.101 151.139
-921.672 150.141
741.885 -592.866
741.338 -593.863
742.007 -593.867
926.362 -281.999
562.887 -769.862
562.326 -770.849
-422.243 894.708
563.005 -770.853
928.559 -279.821
-420.672 896.270
-422.190 896.219
928.451 -283.306
-424.099 896.145
928.523 -285.394
-422.112 898.140
930.864 -280.898
930.926 -283.263
667.886 -694.852
667.329 -695.849
668.000 -695.851
811.333 583.132
-869.999 464.143
812.003 583.132
718.898 -649.857
811.894 584.142
718.335 -650.863
-870.108 465.141
-870.675 464.141
719.008 -650.864
-285.992 967.136
-286.667 967.131
-286.097 968.139
-979.986 169.134
-980.096 170.137
-980.658 169.134
272.910 -939.863
272.343 -940.854
273.013 -940.859
619.890 -776.855
617.898 -778.849
619.810 -778.769
621.333 -778.715
619.755 -780.288
1014.900 -63.853
-279.102 -947.866
-278.996 -948.854
-279.666 -948.857
1016.900 -61.858
1016.820 -63.770
1016.760 -65.288
1018.330 -63.713
-699.991 759.144
-700.665 759.148
-700.101 760.140
24.906 -995.866
24.339 -996.869
25.012 -996.868
-910.001 477.143
-910.096 478.144
-910.671 477.139
568.336 883.143
569.006 883.141
568.893 884.143
585.902 -835.861
585.339 -836.856
586.006 -836.857
1027.340 212.144
1028.020 212.142
1027.910 213.139
702.329 804.148
703.001 804.147
702.893 805.144
330.328 1021.150
-101.079 -1018.850
331.007 1021.150
330.897 1022.150
-100.980 -1019.860
-101.654 -1019.860
691.896 -772.867
691.330 -773.857
692.008 -773.863
237.919 -1002.860
237.343 -1003.860
238.020 -1003.860
1039.900 -189.851
-937.994 496.137
-938.106 497.141
-938.665 496.139
1041.900 -187.858
1041.820 -189.775
1041.760 -191.292
-854.093 -590.858
-853.986 -591.855
-854.663 -591.854
1043.330 -189.724
688.326 869.146
689.015 869.145
688.908 870.141
-221.087 -1038.860
-220.987 -1039.870
-221.662 -1039.870
180.755 1098.710
178.900 1100.130
180.813 1100.220
182.328 1100.290
180.899 1102.140
965.334 548.134
966.005 548.138
965.902 549.140
-644.985 905.143
-645.664 905.140
-601.994 936.139
-645.089 906.138
-602.662 936.141
-602.100 937.138
-742.108 -780.861
-741.998 -781.862
-742.673 -781.863
747.909 -788.864
747.340 -789.860
748.008 -789.860
-1051.670 -285.724
-1053.090 -283.860
-1053.180 -285.780
-1053.230 -287.286
-1055.100 -285.864
-353.993 1071.140
-354.662 1071.140
-354.098 1072.140
990.337 535.153
991.008 535.149
990.898 536.149
886.898 703.143
888.754 701.711
888.810 703.222
-1096.000 189.142
888.894 705.133
890.330 703.275
-1096.110 190.145
-1096.670 189.144
1111.330 -145.867
1111.900 -144.866
-103.996 1137.140
-104.665 1137.150
1112.010 -145.868
-104.104 1138.150
984.330 575.141
985.001 575.142
984.891 576.141
818.901 803.138
820.756 801.710
-205.985 1130.140
-206.659 1130.140
820.811 803.230
-206.095 1131.130
1133.330 63.126
822.325 803.293
1133.900 64.136
1134.010 63.131
820.892 805.143
-1100.990 272.136
-1101.100 273.146
-1101.670 272.137
630.903 -925.862
-1077.100 -321.853
630.336 -926.870
-1077.000 -322.855
631.006 -926.866
-1077.670 -322.855
1107.330 319.134
1108.020 319.136
1107.900 320.135
-993.093 -529.853
-992.994 -530.855
-993.668 -530.854
187.901 -1105.860
187.334 -1106.850
188.003 -1106.850
1147.340 -97.867
1147.910 -96.862
1148.000 -97.868
1137.330 -187.858
1137.890 -186.863
1138.010 -187.858
1101.330 393.140
-923.672 -661.716
-925.100 -659.857
1102.000 393.135
1101.890 394.142
-925.188 -661.774
-925.247 -663.290
-927.098 -661.859
1164.340 -18.849
1164.910 -17.854
1165.010 -18.854
-757.992 896.144
-758.668 896.144
-758.097 897.143
13.325 1186.150
13.996 1186.150
-1151.990 -77.861
-1152.090 -76.862
13.883 1187.140
-1152.660 -77.863
-947.992 700.142
-948.671 700.147
-948.105 701.133
337.327 1148.150
338.001 1148.140
337.889 1149.140
-677.094 -934.859
-676.988 -935.852
-677.661 -935.853
112.901 -1152.860
112.331 -1153.850
113.008 -1153.860
-346.102 -1108.870
-345.993 -1109.870
-346.669 -1109.880
-836.096 -820.859
-835.995 -821.857
-836.668 -821.861
963.335 744.128
964.006 744.128
963.896 745.139
-478.248 1126.770
1196.330 212.148
1197.010 212.144
1196.900 213.140
-481.360 1126.700
720.329 996.139
721.008 996.137
-800.993 921.140
-478.083 1129.570
720.901 997.131
-801.662 921.144
-801.105 922.138
-483.565 1128.010
-477.927 1132.070
-481.397 1131.060
-483.556 1131.230
-480.434 1133.180
273.337 1210.120
274.000 1210.120
-1070.990 589.141
273.895 1211.130
-1071.100 590.144
-1071.660 589.141
1199.340 -227.855
1199.910 -226.860
1200.010 -227.857
-1138.670 448.284
-1140.240 446.710
-1140.180 448.226
-1140.090 450.145
-1142.100 448.142
-416.087 -1127.860
1172.340 408.138
-415.980 -1128.860
-416.658 -1128.860
1173.010 408.139
1172.910 409.142
1036.890 -644.861
1036.330 -645.863
1037.000 -645.862
488.332 1157.140
489.009 1157.140
488.897 1158.140
-706.086 -981.861
-705.993 -982.867
1180.120 403.263
-706.655 -982.864
1181.000 403.141
1180.910 404.144
1240.900 -15.868
-792.997 968.145
1242.760 -17.289
1242.820 -15.778
1242.900 -13.857
-793.669 968.142
-793.102 969.153
1244.330 -15.716
-783.996 978.140
-784.667 978.145
-784.109 979.141
-159.102 -1206.860
-460.996 1175.130
-461.668 1175.130
-461.105 1176.140
-157.673 -1208.710
-159.187 -1208.770
-161.102 -1208.840
869.896 -872.856
869.332 -873.851
-159.245 -1210.280
870.008 -873.852
-768.244 1001.710
-766.671 1003.270
-589.109 -1072.860
-768.188 1003.220
-352.111 -1171.870
-589.000 -1073.860
-304.090 -1185.860
-589.669 -1073.860
-352.001 -1172.870
-770.103 1003.140
-352.675 -1172.870
-768.105 1005.140
-303.979 -1186.850
-304.663 -1186.840
987.339 807.143
988.010 807.147
987.898 808.141
-583.272 1135.640
-581.610 1137.320
-583.198 1137.250
-585.145 1137.140
-583.092 1139.190
-986.998 815.144
-987.668 815.147
-987.103 816.138
-1028.670 -722.721
-1030.110 -720.860
-1126.110 -566.858
-1030.190 -722.769
-1126.000 -567.868
1249.330 321.130
-1126.660 -567.867
-1030.240 -724.287
1250.000 321.135
1249.900 322.141
-1032.100 -722.841
-1232.000 360.140
-1232.100 361.135
-1232.670 360.140
-1215.000 422.131
-1215.100 423.137
-1215.670 422.130
680.907 -1078.860
678.895 -1080.860
650.898 -1097.860
-1182.990 535.142
680.812 -1080.770
650.323 -1098.860
651.005 -1098.860
-1183.100 536.143
-1183.670 535.140
682.328 -1080.700
680.748 -1082.290
480.899 -1182.860
480.339 -1183.850
481.007 -1183.850
1237.330 -391.849
1237.890 -390.852
1238.010 -391.850
-512.352 1219.270
-513.690 1219.000
-511.881 1220.630
1220.330 -451.858
-513.541 1220.160
1220.890 -450.864
1221.010 -451.861
-511.104 1222.770
-1167.990 605.137
-1168.100 606.134
-1168.660 605.138
-1261.090 -310.867
-1260.990 -311.865
-1261.660 -311.869
-675.992 1146.150
-676.670 1146.150
-676.104 1147.140
-874.098 -953.861
-873.988 -954.863
-874.667 -954.861
1233.340 -468.848
1233.900 -467.855
1234.010 -468.852
-846.991 1040.150
-752.094 -1064.860
-847.664 1040.150
-847.103 1041.140
-751.989 -1065.870
-752.665 -1065.870
1096.900 -752.860
1096.330 -753.869
1097.010 -753.863
-634.106 -1153.860
-634.001 -1154.860
-634.666 -1154.860
-1314.100 -231.865
-1314.000 -232.867
-679.988 1181.140
-1314.670 -232.866
-680.909 1181.280
-680.094 1182.140
-1099.990 792.140
-1100.660 792.142
-1100.090 793.144
-872.252 1046.720
-870.671 1048.290
1295.330 -371.874
1295.890 -370.861
1296.000 -371.873
-872.194 1048.230
-874.108 1048.150
-872.108 1050.140
-1173.670 -633.717
-1175.090 -631.866
-1175.180 -633.779
-689.000 1184.140
-689.663 1184.140
-1175.240 -635.293
-689.106 1185.140
-671.096 -1147.860
-1177.100 -633.871
-670.992 -1148.860
-671.662 -1148.860
-899.986 1034.140
-900.659 1034.150
-900.096 1035.130
-1112.990 808.142
-1113.670 808.142
-1113.100 809.139
-1250.090 -524.859
-1249.980 -525.863
-1250.660 -525.861
1302.330 -479.860
1302.890 -478.861
1303.000 -479.861
1204.330 732.129
1205.000 732.132
1204.900 733.135
-933.101 -1014.860
-932.990 -1015.870
-933.669 -1015.870
-1337.990 429.135
-1338.100 430.147
-1338.660 429.134
1071.330 941.147
1072.010 941.145
1071.890 942.144
1413.340 52.135
1413.910 53.137
1414.010 52.136
-1245.670 -622.713
-1247.110 -620.853
-1247.190 -622.770
-1247.250 -624.291
1151.900 -800.860
1151.330 -801.858
-1249.100 -622.854
1152.000 -801.859
-1285.100 -549.858
-1284.990 -550.851
-1349.110 -378.857
-1285.670 -550.852
-1349.000 -379.852
-1349.670 -379.849
-1282.110 -564.859
-1281.990 -565.859
-961.003 1060.140
-1282.660 -565.856
-961.672 1060.130
-961.107 1061.130
-1410.000 -107.858
-1410.110 -106.863
-1410.670 -107.860
-1086.990 948.145
-1087.660 948.145
-1087.090 949.144
-1194.110 -769.858
-1194.000 -770.856
836.890 1200.580
-1194.670 -770.856
836.252 1202.260
837.050 1202.230
836.894 1204.140
1341.330 574.143
-1240.100 -704.859
-1240.000 -705.859
1342.010 574.147
1341.900 575.141
-1240.670 -705.861
-1404.100 -299.858
-1403.990 -300.855
-1404.670 -300.856
-1387.990 416.126
-1388.100 417.133
-1388.660 416.126
-956.996 1112.130
-957.665 1112.130
-1241.010 771.139
-957.112 1113.140
-1241.670 771.141
-1241.120 772.144
1303.340 738.146
1304.010 738.147
1303.910 739.146
-1410.090 -479.858
-1409.990 -480.856
-1410.660 -480.860
-1042.990 1102.140
-1043.670 1102.140
-1043.100 1103.140
1489.900 326.137
1491.770 324.708
1491.820 326.224
1491.900 328.144
1504.330 262.138
1493.330 326.283
1505.010 262.136
1504.900 263.139
-1496.110 -216.857
-1496.000 -217.852
-1484.680 330.284
-1496.670 -217.845
-1486.240 328.715
-1486.180 330.228
-1486.100 332.140
-1488.100 330.144
1504.330 -326.864
1504.890 -325.860
1505.010 -326.865
-1517.990 273.142
-1518.090 274.139
-1518.660 273.138
1265.340 934.144
1266.010 934.136
1265.900 935.138
-1531.990 264.140
-1532.090 265.142
-1532.660 264.145
1450.330 -577.861
1450.900 -576.863
1451.010 -577.860
-1405.000 714.138
-1405.100 715.135
-1405.660 714.138
1591.340 139.149
1591.920 140.142
1592.010 139.148
1352.910 -821.863
1352.340 -822.849
1353.020 -822.848
-1521.990 477.143
-1522.090 478.144
-1522.670 477.139
1266.910 -956.859
1266.340 -957.870
1267.010 -957.867
1555.910 -423.852
1557.890 -421.858
-1447.990 725.146
1557.820 -423.772
-1448.100 726.145
-1448.670 725.145
1557.760 -425.286
1615.330 166.156
1615.900 167.148
1616.010 166.153
1559.330 -423.718
1381.900 -833.868
1381.330 -834.873
1382.010 -834.870
1262.330 1053.140
1263.010 1053.140
-1408.990 821.140
1262.900 1054.140
-1409.100 822.142
-1409.670 821.140
-1452.990 740.143
-1453.100 741.142
-1453.660 740.145
-1600.670 327.287
-1602.240 325.713
-1602.190 327.230
-1602.110 329.139
-1604.100 327.145
1573.340 -458.855
1573.910 -457.860
1574.010 -458.859
1257.910 -1068.860
1257.340 -1069.870
1258.020 -1069.860
-1342.990 1002.140
-1343.670 1002.140
-1343.100 1003.140
-1228.000 1151.150
-1228.670 1151.150
-1228.100 1152.140
1183.340 1219.150
1184.010 1219.150
1183.900 1220.150
-1357.100 -1012.860
1565.330 735.140
-1356.990 -1013.870
-1357.670 -1013.870
1566.010 735.142
-1391.100 -968.865
1565.900 736.137
-1390.990 -969.867
-1391.660 -969.869
1554.330 765.153
1555.010 765.145
1554.880 766.149
-1605.110 -593.853
-1605.000 -594.861
-1605.680 -594.860
1359.340 1136.150
1360.010 1136.150
1359.910 1137.140
1465.330 1002.130
1466.000 1002.130
1465.890 1003.140
1448.910 -979.854
1448.340 -980.847
1449.020 -980.850
-1471.000 995.032
-1471.700 995.012
-1470.720 997.116
-1471.530 996.870
1350.340 1175.140
1351.010 1175.140
1350.900 1176.140
-1470.040 1001.970
-1470.690 1001.940
-1470.110 1003.150
-1363.160 1148.590
-1362.010 1150.230
-1365.210 1149.330
-1363.680 1151.320
-1419.120 -1035.870
-1418.990 -1036.860
-1419.670 -1036.860
1366.340 1180.150
1367.010 1180.150
1366.900 1181.140
-1423.990 1101.140
-1624.990 762.132
-1424.660 1101.150
-1625.100 763.138
-1625.660 762.136
-1424.100 1102.140
-1622.990 782.139
-1623.100 783.139
-1623.660 782.135
-1633.990 776.135
-1634.110 777.141
-1634.660 776.128
-1505.100 -990.852
-1504.990 -991.856
-1505.660 -991.852
1568.900 -935.856
1568.330 -936.855
1569.000 -936.854
-1639.300 -791.793
-1639.070 -793.463
-1640.500 -790.656
-1639.100 -795.331
-1640.600 -793.360
-1642.440 -791.534
-1641.600 -793.359
1511.900 -1032.850
1511.340 -1033.850
-1640.560 -796.012
-1642.600 -792.352
1512.010 -1033.850
-1642.600 -793.364
-1641.600 -796.359
-1642.610 -795.360
-1642.440 -796.193
1474.900 -1188.860
1476.900 -1186.860
1476.820 -1188.770
1476.760 -1190.280
1478.330 -1188.710
1481.890 -1201.870
1481.330 -1202.860
1482.000 -1202.860
-1601.990 1200.140
-1602.670 1200.140
-1602.090 1201.140
-1591.110 -1205.850
-1591.000 -1206.860
-1591.670 -1206.850
-1638.460 -1195.780
-1639.510 -1194.660
-1638.990 -1196.960
-1641.100 -1195.340
-1640.250 -1197.320
-1641.440 -1196.530
-1641.440 -1197.180
-1642.100 -1196.860
