0.502 -0.495
-65.502 -28.498
80.496 48.500
101.499 -73.506
121.492 -83.494
47.499 -189.501
116.504 159.497
200.503 -116.493
-204.501 -114.498
-228.500 -65.500
180.496 161.498
155.500 191.502
-151.495 -210.497
-229.490 -120.502
-138.502 -229.499
131.507 249.506
-271.499 75.498
100.499 -280.504
273.503 -127.501
-142.495 266.500
-221.502 -217.497
-306.498 120.495
-325.499 -57.501
335.500 107.502
350.504 -154.498
-394.504 -25.509
-50.508 398.508
316.497 -254.498
405.498 21.501
-409.509 -13.501
319.506 -295.500
-409.507 160.499
319.501 304.505
-46.501 -445.505
319.503 -316.502
269.502 -361.498
-193.502 -408.499
163.492 435.500
-467.507 -107.497
-356.499 -337.500
470.506 -165.508
-299.500 398.500
145.494 -480.497
322.498 386.500
487.506 135.503
286.510 -420.498
-367.502 -358.497
522.496 -9.507
144.504 503.502
-468.504 -246.495
-542.504 -82.500
149.494 -531.500
-552.497 -62.504
164.491 531.502
-405.510 -384.502
335.501 -449.504
197.495 -525.496
545.496 -140.504
583.499 -56.493
-444.506 -385.502
-316.498 504.503
-404.497 444.499
527.500 -300.500
-609.509 -38.492
231.497 -581.504
40.501 625.502
228.585 -587.341
-466.502 -427.497
-602.506 -192.503
361.500 524.503
191.497 -608.495
-438.501 469.495
-642.498 16.500
-631.505 -127.499
269.499 585.498
-217.499 607.504
632.496 150.498
-534.500 -374.497
-158.509 636.505
-48.645 -658.885
-41.099 -660.002
-346.501 -563.490
-661.494 -66.507
-529.499 -425.504
638.495 253.502
-667.506 175.498
653.501 -243.501
-670.506 -198.499
-667.509 212.495
361.508 601.503
-458.498 537.497
283.501 -654.498
-720.493 -72.501
-26.488 726.513
700.499 -249.496
-731.512 146.498
-722.500 -197.503
-63.854 -747.677
601.498 450.498
242.502 -716.504
-115.505 -749.496
-763.497 -2.498
754.503 126.503
701.495 -331.504
-799.499 48.495
444.489 -671.494
-112.499 -811.500
-824.503 12.508
571.506 597.494
464.507 -687.502
693.506 456.504
-76.499 826.497
29.504 -833.499
834.507 -80.503
-343.502 -765.504
291.502 -789.500
-827.497 -167.499
-222.498 -817.498
816.497 -229.503
-855.498 -2.500
-657.495 -553.497
746.499 -427.496
843.503 -180.494
-772.504 -388.498
866.505 125.498
863.505 -151.496
-721.502 -506.500
881.499 -50.501
712.503 522.498
-432.495 -773.503
565.509 690.497
160.497 -884.499
-513.500 -739.494
-415.496 810.500
322.503 -856.510
-662.502 633.505
327.276 -862.857
-787.502 -486.496
197.505 -907.506
-861.505 -355.503
762.499 -541.494
416.497 -839.491
419.493 838.502
-17.498 -942.501
-260.500 -906.502
3.503 -946.496
-347.508 -880.499
850.503 -423.497
-366.506 -889.499
74.506 -960.502
-753.502 -621.506
488.497 852.498
322.497 -930.498
120.505 976.505
120.496 -979.505
492.504 -858.497
-579.496 -807.497
974.499 203.500
-975.495 -203.502
-942.493 -325.508
-1.504 -998.492
-870.502 489.496
319.544 -948.283
-92.501 -997.500
1000.500 53.507
827.498 -570.496
1002.500 -94.499
293.496 -965.496
-452.499 901.499
-648.499 773.495
832.501 574.500
799.505 -622.504
-505.500 879.499
-615.502 -810.500
-362.499 955.497
-1038.500 -51.495
358.499 -977.498
-982.506 342.498
906.504 -514.506
-233.506 -1017.500
-896.498 533.504
-1050.500 49.502
581.498 878.508
-873.505 -590.502
164.502 -1043.500
831.499 653.497
578.496 -891.491
357.505 -1004.500
-1020.500 -330.503
614.504 -885.501
610.500 887.508
754.496 -781.500
1089.500 65.499
418.502 1009.490
504.499 -972.499
1076.500 -204.498
120.500 1088.500
569.498 -938.506
10.500 -1102.500
-620.501 -911.501
-1054.500 -323.501
336.502 1077.500
1086.490 311.497
794.496 803.502
-728.357 -884.657
1048.500 463.504
841.502 -781.500
-737.344 -881.578
-1137.500 194.501
-146.502 1148.500
256.500 -1130.500
-908.499 -720.502
-763.499 -880.499
-859.506 793.498
1128.500 -328.499
1070.500 -486.502
993.506 -655.500
609.502 -1028.500
54.500 1200.510
1207.500 -5.502
-745.500 -951.502
-10.507 -1209.500
1208.490 -71.501
372.504 -1156.490
-684.496 1006.500
730.497 982.504
1118.500 -501.500
-1198.160 255.586
-327.500 1183.500
-718.494 -1010.500
-913.501 842.505
1073.490 -640.495
-1079.510 637.498
364.499 -1201.500
-487.497 -1158.500
1235.500 238.497
-1103.500 -605.494
-807.493 -969.499
-1148.500 535.504
1188.500 456.502
765.505 1020.500
-595.513 -1132.500
613.499 1122.490
1105.500 -646.497
-691.496 -1077.490
-885.502 -925.499
1275.500 131.501
810.502 -995.501
806.500 998.504
-922.502 -896.500
1109.510 -664.497
-812.505 1013.500
1281.490 -231.502
-1100.500 -714.495
-617.510 -1165.500
682.492 -1129.500
-1319.500 -89.495
959.498 -918.499
-1235.500 500.501
-1321.930 -232.504
580.499 -1212.500
801.496 1078.490
-1299.500 -346.500
-1325.320 -232.317
-1342.510 -222.499
-703.495 -1175.500
-1289.500 -464.495
1375.490 142.499
1277.500 535.506
-1381.500 -92.501
-1150.490 -771.510
-676.504 1209.500
-694.496 -1202.500
-1303.500 -484.505
-1205.500 -696.498
1382.500 189.497
1387.500 160.499
-1326.500 457.495
-915.494 -1074.490
-976.504 -1028.500
-1400.500 -223.505
-845.498 -1154.500
-1322.500 -550.499
-1286.500 -670.503
1406.500 358.504
-848.499 -1182.500
-1181.500 -862.496
1292.490 -698.505
-1355.500 -578.498
-1469.510 -142.499
1022.450 1079.070
1022.410 1079.160
1129.500 -970.503
-1377.500 577.500
1422.500 -465.497
-1314.510 -720.507
1492.500 -164.499
-1067.500 1054.500
1503.500 -15.503
-1361.490 647.500
1514.500 -88.500
1389.510 617.499
-1333.500 -739.496
-1381.500 654.498
-1494.500 339.505
1512.500 -260.501
-955.491 -1206.490
1335.500 768.493
-1492.500 422.493
1553.490 61.493
1426.500 -624.500
1080.500 1123.500
-1228.500 -961.499
1362.490 762.496
1164.500 -1043.490
1435.500 620.501
1218.500 987.498
1556.500 223.513
1280.500 -914.500
-1497.500 -482.503
1464.500 599.498
1525.500 421.502
1584.500 41.506
-1081.500 -1169.500
-1589.500 -108.498
1145.500 1108.500
-1294.500 -976.501
-1620.500 -93.509
1346.500 -930.500
1491.500 -686.504
-1601.500 392.500
1620.500 315.496
1619.500 331.499
-1552.500 577.492
1373.500 928.499
1177.500 1167.500
1551.500 586.505
1488.500 743.499
-1504.500 -721.495
1343.500 -1005.500
-1446.500 859.509
1568.510 627.494
1498.500 790.503
1249.500 -1157.500
-1260.500 -1164.490
1388.500 1019.500
1501.500 -849.501
-1488.510 -898.499
-1603.500 -683.504
-1572.500 -755.496
-1498.500 -923.502
-1549.500 -853.509
1589.500 -810.506
-1613.510 -774.496
1359.510 1172.500
1522.510 -954.503
-1500.500 988.510
1572.570 -935.483
1620.500 854.499
1474.510 1099.500
