0.499 -0.497
-7.501 -28.506
34.500 -38.503
115.497 -57.502
81.499 -128.501
22.501 168.506
144.501 107.504
-194.496 20.506
71.500 -189.499
-181.501 -139.502
-236.505 11.500
-226.495 83.501
-44.494 -243.500
257.499 -102.499
29.507 285.496
282.501 -84.503
-232.502 200.494
118.501 -289.507
-45.499 -309.502
-334.496 92.510
69.504 367.493
364.497 -131.502
252.498 322.500
77.501 414.503
-27.498 -424.502
200.499 401.496
-446.504 -119.506
326.503 -331.502
466.503 58.498
120.499 -495.501
-336.501 -388.495
55.500 511.503
-466.499 238.505
-506.498 -140.501
-492.499 203.502
280.501 -462.500
495.503 -219.506
68.499 551.500
-495.500 -252.495
478.494 -311.503
501.500 296.500
562.502 165.501
530.502 293.502
455.505 408.499
-431.507 436.505
606.500 146.495
431.498 454.499
431.498 454.888
395.496 -503.498
-637.502 -130.505
-402.496 511.495
626.496 223.501
207.498 639.495
679.500 -30.502
-196.494 -655.502
4.447 685.475
-682.494 -81.494
693.505 28.500
-466.498 516.503
124.506 685.493
-608.503 339.499
-677.502 207.503
-652.502 291.494
-188.509 697.493
-668.504 -309.498
-560.509 -481.501
-717.492 -194.494
-735.495 -155.498
-694.501 -289.493
416.504 632.499
-756.502 78.501
736.501 -209.494
-36.500 -768.503
-239.493 -734.502
770.505 -86.497
-178.502 764.508
-59.496 783.498
600.501 -525.497
-746.500 -303.500
-767.506 256.498
-343.505 735.497
58.503 813.501
-423.511 699.498
791.504 -219.500
-249.497 781.501
782.498 270.506
-791.495 -246.507
-751.497 365.502
286.501 786.500
-159.498 828.506
658.505 -532.501
691.498 -510.501
-161.494 -845.500
854.506 -124.507
505.501 701.497
-872.508 42.502
729.497 485.493
838.501 269.507
-800.500 -378.499
-381.499 -807.500
328.499 -831.506
-891.496 67.500
-714.501 561.500
934.497 124.499
-535.505 -782.501
24.500 -948.501
943.499 -221.496
680.503 703.500
-109.500 -977.504
297.501 -949.500
919.500 382.504
-350.498 -938.500
-984.502 -194.493
-951.506 -325.501
559.499 -841.502
900.499 485.501
-809.501 626.505
202.500 1010.500
-347.507 971.493
-45.499 1032.510
105.497 1031.500
-673.503 797.503
996.496 320.491
746.502 -739.501
-764.511 -723.498
-947.497 458.494
-247.496 -1026.500
-223.502 -1037.500
-896.506 -576.495
-1066.690 -38.630
397.499 996.499
-1073.530 -45.686
-1078.500 87.501
-1062.500 -213.499
656.505 -864.504
-794.500 760.498
-477.498 -1001.500
-198.502 1100.510
709.501 -877.502
-390.502 1063.500
-107.506 1137.500
1147.510 -56.502
487.349 1042.530
488.798 1042.270
-641.500 955.498
-49.495 -1166.490
724.502 923.504
765.507 892.492
-977.505 656.499
-886.496 775.498
-1184.500 193.503
-1175.500 -255.502
502.500 1100.500
68.501 -1210.500
-1058.500 598.498
-1014.500 -671.502
-580.496 1073.510
926.502 803.495
-1046.500 -644.501
1224.500 -198.499
-1238.490 -89.504
-1253.490 -99.498
786.496 983.502
590.489 1124.510
632.504 1109.500
1257.500 227.501
-889.500 917.501
1048.500 732.495
685.509 -1088.500
993.504 -821.504
-934.501 -898.505
1274.490 -265.498
-809.503 -1025.500
-1026.500 -843.501
-1195.500 -593.502
-1046.500 -830.497
1225.500 -545.501
-1016.490 -880.494
1115.500 -752.493
1043.500 -851.502
1263.500 -484.496
-837.504 1063.500
930.062 984.984
-1348.500 298.501
-1121.500 -818.496
1308.500 -474.494
1391.500 -105.505
1361.500 330.501
-1395.500 -146.502
1392.500 -216.489
-1251.510 -660.508
1415.510 153.502
-1228.500 -726.499
-1295.500 -607.502
884.507 -1128.500
980.495 1049.500
1427.810 -361.627
1430.530 -363.269
873.503 1210.490
1406.500 524.496
-1499.500 -171.508
-933.497 1186.510
1525.500 128.499
1489.500 381.488
-1096.510 -1084.500
993.496 1194.500
-1381.500 716.505
-1503.500 -438.502
-1038.500 -1182.500
1407.500 -716.503
-1564.500 -213.497
-1520.500 -430.504
-1560.500 265.501
1429.500 -700.497
1502.500 -540.498
-1418.500 731.496
-1304.490 -925.500
-1588.500 -196.500
-1072.500 1208.500
-1550.500 -484.504
-1542.500 -515.499
1102.500 1196.500
1195.500 1126.500
1423.500 -823.504
1178.500 1168.500
1222.500 1127.510
-1441.500 854.499
-1441.510 -886.497
-1363.500 1065.500
1382.500 -1114.500
-1615.500 743.502
1383.500 1147.490
-1442.500 -1087.500
-1587.500 -1001.500
