0.501 -0.498
143.499 5.498
-130.498 88.501
-183.503 91.500
158.497 142.498
20.505 213.500
-183.499 134.495
232.499 38.503
-237.498 -16.505
195.495 141.497
-185.497 174.504
211.494 -164.494
43.502 -291.494
278.497 -137.499
311.493 -19.506
-321.503 28.499
235.505 -240.503
-292.498 185.500
-317.499 -142.502
-345.492 58.500
279.496 -221.505
10.505 -359.502
364.702 -96.575
239.500 291.498
-180.497 333.493
372.499 -82.488
-146.503 -361.504
382.501 102.503
273.500 -303.496
296.505 309.503
-243.501 356.500
-468.497 -66.501
-108.497 -464.504
-483.493 45.501
-474.493 -109.504
-379.502 317.493
131.493 -479.501
497.502 23.501
-413.501 -286.499
-478.491 -211.505
209.501 487.503
232.501 477.493
-272.502 462.500
104.493 -541.499
-306.498 -468.499
72.893 559.010
68.821 564.218
-528.499 -254.506
-221.492 549.505
-469.503 370.495
-393.508 463.494
533.502 -310.499
74.502 612.494
617.498 -45.504
490.494 386.495
-141.506 623.507
-257.510 -588.500
11.500 -652.498
-532.502 -376.503
86.494 654.494
378.502 -548.500
-664.502 -35.502
138.497 -671.494
403.501 564.494
-489.498 491.499
-453.491 538.502
-496.499 -510.506
502.502 510.510
-324.496 642.496
-336.494 -640.502
-689.501 -217.494
-168.497 704.494
510.506 -517.499
-530.509 499.502
-480.501 551.498
645.502 -347.499
-676.496 -283.498
214.499 713.499
-535.494 520.503
-649.502 375.501
-70.500 748.498
-256.498 708.501
-628.502 417.499
-528.494 540.935
-663.506 367.501
229.503 723.492
744.497 200.499
-767.502 -72.500
-58.495 778.501
-735.503 272.497
-644.497 -458.500
688.497 -392.501
-796.495 -90.501
-497.500 -631.498
149.499 -794.500
129.498 797.494
-688.497 -432.497
16.122 -834.735
103.509 -836.500
5.761 -844.169
61.496 848.498
-791.501 -315.493
-212.498 827.497
3.500 859.493
-599.503 -622.501
43.497 868.502
237.498 -839.500
-871.391 19.673
-871.405 19.753
-876.502 74.502
-688.494 -556.505
-870.500 -166.495
829.499 318.504
-646.495 609.497
-535.501 710.495
-272.504 850.499
58.508 896.495
-505.503 743.502
275.504 858.494
866.496 253.496
-384.498 819.503
78.499 903.501
685.505 -599.503
859.502 300.503
-761.500 498.499
-801.502 433.498
-686.492 -601.491
-482.494 -775.502
-732.498 552.504
-914.499 -92.504
903.497 187.502
51.510 -921.503
-928.504 18.507
-900.501 230.496
-908.499 204.495
30.507 934.506
-207.504 -916.495
75.500 936.503
-934.507 104.503
-740.496 579.500
-406.504 -870.495
-306.504 -911.499
-609.498 743.498
749.500 -608.496
966.502 -30.501
104.494 -962.500
-836.500 487.498
-654.493 714.507
-157.505 963.495
625.505 758.502
-346.500 920.497
973.503 157.495
758.504 -632.502
-977.503 134.496
738.499 658.493
-239.134 963.896
-926.500 -361.496
-996.505 64.496
-226.500 974.500
924.503 -388.500
244.498 -976.499
129.500 1000.500
-340.498 949.497
347.507 948.504
-725.494 706.499
-608.503 812.494
-187.321 1002.910
-187.930 1004.590
-515.505 883.498
551.497 -863.504
-840.015 584.891
-182.473 1008.160
-176.501 -1010.500
-843.128 585.126
34.495 1026.500
-1003.500 220.509
-912.499 -485.499
-1025.490 154.497
330.505 -984.499
-148.503 1028.500
-781.499 700.501
215.501 -1028.500
-803.894 676.809
-29.504 1054.500
-808.624 677.777
623.502 852.503
-1062.500 -21.502
-74.504 1063.500
-1065.500 42.498
-918.503 545.496
-234.500 1042.490
52.498 1067.510
-926.501 -534.501
415.492 986.505
-716.502 795.503
374.495 1005.500
988.504 434.501
-1077.500 -80.501
-525.501 946.493
-889.497 619.510
-117.500 1081.500
-1069.500 -216.504
-1032.500 360.499
700.498 843.498
-866.503 671.495
-656.498 881.499
624.498 906.489
385.501 1031.500
-227.500 1078.500
-770.508 -790.497
-844.498 716.503
-756.503 809.499
-996.504 -492.499
-864.249 705.474
-1045.500 389.496
-864.154 707.575
-1082.500 277.502
386.503 1051.490
-1122.500 -35.503
-713.498 -871.502
-943.500 623.510
1061.510 396.505
-471.493 1030.500
376.498 1071.490
-1115.500 -224.493
845.504 764.496
-647.500 938.499
-81.504 1137.500
-216.501 1120.500
-243.506 -1118.500
1084.500 -369.500
787.502 -839.501
-544.498 1013.500
1013.490 -549.496
-1063.510 -449.500
-1154.660 -32.891
-798.497 834.497
-1155.500 85.503
-1158.500 -25.494
-656.497 959.508
-640.501 970.508
-1127.500 294.500
-990.504 -618.502
-1092.500 419.504
-1150.500 222.496
-1044.510 531.499
-330.504 1124.500
1056.510 521.498
-559.500 -1043.510
268.491 -1158.510
-1102.500 442.503
222.497 1169.500
-1107.910 435.566
-471.499 1094.500
-1191.510 -78.499
-615.500 1026.510
551.498 -1073.510
-1191.500 185.500
-543.661 -1086.580
1210.490 -122.499
247.503 1191.500
-549.568 -1088.540
272.503 -1189.500
-623.498 1048.500
878.502 -854.499
-384.493 1164.500
-1128.500 -483.498
511.504 1118.500
-289.502 -1196.500
-505.507 1121.500
1102.500 -553.500
-564.498 -1097.510
-1221.500 171.503
1189.500 -335.511
-969.499 764.494
-274.505 -1205.500
-1242.500 88.499
-1212.500 -293.503
-1247.510 68.501
-1158.500 -478.502
-499.498 1154.500
-986.499 -781.501
-1234.500 243.492
1247.490 -176.497
1099.500 -616.503
-446.495 -1189.490
-483.500 1180.500
-1216.500 389.497
1128.500 -601.507
1166.500 532.495
-1266.500 205.500
-1269.450 195.028
774.505 1025.500
-1265.500 -223.499
-1289.500 10.502
-1213.500 -447.503
-1282.500 172.499
1237.500 -388.500
-499.495 1196.500
-1278.500 225.494
1098.500 699.497
-1107.570 690.020
-766.493 1062.510
-696.495 1111.500
-1264.500 -375.501
-1127.500 688.497
-1313.500 156.502
-1117.500 713.497
635.499 1164.490
-710.499 1129.500
-1105.500 -753.498
1321.310 221.453
-695.098 1144.140
-1318.500 241.502
997.498 -905.508
-698.495 1152.500
-1076.500 818.504
-1109.500 778.504
-919.500 1001.500
-644.500 1197.500
-1355.500 127.508
-1177.510 700.501
-1357.500 191.501
1207.500 657.500
1353.500 -258.498
1351.500 271.509
-1333.490 -355.496
-783.499 -1137.500
-1285.500 -506.500
756.502 1157.500
-1384.500 -103.497
-983.501 -991.502
-1128.490 -828.503
1310.500 496.497
-1065.490 -911.504
-1404.490 62.499
-1337.500 -467.506
-900.504 -1094.500
-1272.500 -629.504
1329.500 -510.502
-1388.500 -392.509
-1264.500 -698.503
-1250.500 -730.508
-1128.500 908.495
-1422.500 292.500
1075.500 980.499
1459.490 6.501
-1463.500 74.499
-1241.500 -782.505
-1176.490 876.497
-1469.500 152.503
-1023.500 1075.500
-1448.500 356.501
1054.510 1065.500
1309.490 -731.497
-1500.500 171.493
-1375.500 625.500
-1179.500 949.501
-1476.500 -344.498
-1526.500 133.508
1145.500 1028.490
1328.500 -784.501
-1060.500 1128.500
-1295.500 -854.503
-1521.500 352.499
-1056.500 1159.500
-1576.500 49.495
-1191.500 1039.510
1088.500 -1153.500
-1581.500 121.502
1418.500 745.502
-1513.500 531.494
-1569.500 -364.505
-1465.500 669.503
-1507.490 575.503
-1218.500 -1059.500
-1174.500 1109.490
-1491.500 -625.500
-1425.510 764.498
1491.510 -633.498
1447.500 749.494
-1483.510 -680.499
1184.500 1147.500
1422.490 840.494
-1577.510 556.501
-1593.620 514.823
-1602.490 522.495
-1295.500 1082.500
-1450.500 874.501
-1420.500 -939.500
-1589.500 -612.503
1612.510 558.503
1377.500 1122.500
1467.990 1025.430
1471.500 1031.490
-1366.510 -1190.500
-1591.500 873.497
-1572.500 937.494
-1618.500 871.509
1465.490 -1185.500
-1469.500 1211.500
1515.500 1211.500
1592.500 -1160.500
