0.493 -0.503
8.492 39.509
-42.502 71.493
129.500 -18.497
-57.492 -122.497
-164.502 -58.499
50.494 198.494
76.496 -204.496
-240.498 -20.508
254.500 -54.503
-214.497 145.498
217.504 -167.504
-310.502 66.501
185.493 262.503
-329.490 5.495
348.503 -46.501
322.497 140.497
-168.497 310.502
303.503 215.503
-178.500 -339.497
0.496 -386.503
214.501 -324.505
356.494 -159.501
103.500 -393.491
-60.504 402.503
-379.501 -148.498
-236.499 -333.498
-367.509 -204.491
188.499 385.502
-360.502 247.505
-181.501 -407.497
-79.499 -452.500
-435.502 -160.499
335.501 -333.499
-489.504 25.496
-418.498 262.501
-412.497 -279.500
499.505 -57.500
27.502 -503.504
-452.497 -235.496
473.500 -216.504
204.499 -479.501
-268.496 -464.500
498.502 206.493
-166.498 -516.499
-545.493 40.497
302.502 462.504
-385.496 396.498
-408.507 -381.499
433.498 356.504
-415.501 379.493
401.501 416.498
272.502 -516.498
-399.500 427.502
-187.504 -559.498
544.492 232.505
-542.502 236.491
8.499 597.503
-605.500 48.501
128.502 -597.502
-333.636 -518.734
524.510 332.499
-289.502 548.508
-335.514 -523.530
628.490 -21.508
-391.492 494.498
-252.689 579.693
-506.501 -380.501
-256.462 579.498
-255.733 579.937
-533.497 -346.503
-378.430 -514.809
-389.695 -508.034
657.497 69.502
425.489 506.503
659.128 62.187
-640.502 -180.500
-672.508 7.492
-619.508 -280.500
-680.502 72.493
-491.510 482.499
-540.500 440.501
-230.503 660.488
655.497 250.496
-702.508 34.495
450.499 551.496
-484.508 -528.502
-271.496 -666.508
-537.499 -481.500
686.496 237.498
21.502 725.500
-26.495 731.502
-679.508 288.493
-647.496 -360.494
-323.356 674.185
489.500 -576.498
-334.165 677.369
561.495 512.503
-660.500 376.497
-107.502 754.496
-275.500 -713.502
541.495 550.499
-103.497 -775.497
685.503 -382.501
-333.503 -712.503
-690.503 378.499
-639.499 463.499
583.498 541.494
-139.491 -785.494
309.503 735.496
-783.495 172.497
591.497 -546.497
-594.497 555.507
-453.495 -679.502
470.507 670.493
773.501 -272.492
-784.501 -252.499
-350.507 747.498
-829.506 19.498
-188.495 -817.492
-529.505 -651.500
-724.501 -427.491
-773.495 334.508
-771.495 -343.502
526.499 666.502
-834.499 157.508
807.505 289.495
671.501 533.497
660.499 -553.505
-616.504 -615.494
-224.499 -849.506
565.498 -677.496
880.506 70.502
-657.497 592.497
-570.500 685.497
745.497 -500.501
-230.503 -874.494
-915.497 -60.498
9.499 918.498
-902.504 179.500
-826.503 411.491
-917.501 161.500
540.500 -772.505
-859.498 -431.499
-480.498 838.496
721.499 -651.500
-981.496 -3.503
-972.500 169.500
-907.505 397.497
585.502 -801.502
810.498 573.500
615.503 -780.506
-899.503 425.498
636.494 -774.500
103.498 1002.500
-145.495 -1001.500
-767.499 658.496
340.491 -958.499
-392.499 948.499
-973.503 327.496
745.502 -724.498
-830.496 -625.496
-8.500 1040.510
-569.499 -876.503
424.510 957.497
-1047.500 104.503
-396.501 -978.501
934.507 -505.495
-615.490 871.186
-613.500 874.505
-208.502 -1049.500
-894.500 -599.498
542.503 -935.496
-671.499 -849.502
317.506 -1042.500
307.913 1044.840
-1071.510 -208.501
1040.510 -356.496
320.894 1052.200
-756.494 -805.500
327.622 1055.210
-294.510 1066.500
-904.498 -638.501
579.495 952.501
-1089.320 239.389
595.498 944.501
-947.498 -595.498
-1096.500 249.505
710.506 -873.510
-716.500 -871.502
309.507 1097.500
-96.498 1137.500
1087.500 354.503
1120.500 235.498
1153.500 -33.506
-1151.500 65.506
-1095.500 -373.499
-969.503 637.498
1093.510 399.498
-920.490 719.494
783.500 868.500
1131.500 317.502
936.502 715.503
-1133.500 -337.503
-1096.500 454.491
628.492 1029.490
776.494 -926.506
-1204.500 172.499
-1225.500 61.496
-495.501 -1131.500
-848.496 910.495
-365.498 -1191.500
842.497 -926.490
-1011.500 -739.505
-894.504 878.501
-1254.500 72.499
-647.502 1079.500
807.499 -973.504
-1120.500 584.502
1262.500 79.500
-953.503 -834.500
-491.494 1174.500
-1263.500 -180.497
-1278.500 -22.495
-425.494 -1211.500
-1278.500 -116.497
1215.500 -428.503
-1238.500 -353.499
-1205.500 462.496
1257.500 298.503
662.496 -1117.500
-1299.510 96.501
-1293.500 180.502
1224.500 464.496
-1299.260 166.944
1045.500 -793.490
-932.497 922.507
-1023.500 822.499
-848.493 1003.500
-746.507 1082.500
549.497 -1196.500
-1297.500 -218.499
957.500 -911.501
1288.500 -303.495
803.502 -1053.500
-1325.490 -27.497
1316.500 191.506
-1300.500 303.503
703.507 1142.500
-1341.500 72.498
-924.500 975.497
-1268.490 -461.490
1336.500 210.499
-1353.500 101.493
-1312.500 -349.506
-734.498 1143.490
1137.500 -748.501
-1302.500 -397.498
-1103.500 800.502
1289.510 -476.500
956.503 -992.495
-1243.500 595.499
-1179.500 -720.501
1258.490 581.501
-1203.500 688.502
-765.498 1167.500
818.496 -1135.500
-1399.490 35.503
1287.500 -564.502
-1406.500 -254.503
1355.500 463.493
-1416.500 -232.496
-1377.500 -419.501
999.499 -1043.500
-869.497 -1153.500
-1351.500 510.497
-1334.500 564.503
977.505 -1071.500
-1140.500 919.503
-841.499 -1201.500
-1223.490 833.508
1483.500 139.496
1086.500 -1024.500
-1192.500 -902.505
-1486.490 194.498
-1226.490 866.500
1460.490 -376.498
1207.510 907.496
1177.500 965.499
1488.500 332.492
1177.490 998.502
-1521.500 -276.498
-1467.500 -492.503
-1436.500 -581.508
-1544.500 126.506
-1520.500 303.497
-1261.490 904.501
1343.500 -780.507
-1244.510 937.505
-1538.500 -255.496
-1541.500 -285.502
1020.500 1204.490
1577.500 -110.495
1400.500 736.500
-1347.500 -848.496
-1574.490 -268.498
1555.500 376.498
1325.500 905.500
-1122.500 1150.490
1139.510 1135.500
-1518.490 539.498
1340.500 -911.503
-1309.500 978.500
-1485.500 -686.504
1483.500 696.499
-1613.500 303.503
-1482.500 706.498
-1530.510 610.500
-1405.500 881.490
-1576.500 -534.495
-1514.500 -714.502
1182.500 1193.500
-1248.500 1128.500
-1190.500 1192.500
-1422.500 -907.494
-1356.510 1023.500
1283.500 1188.500
1572.500 -824.510
-1307.500 -1204.500
1388.500 -1124.500
-1459.500 1074.500
-1455.500 1125.500
-1444.500 1146.500
-1502.490 1133.500
1532.500 1094.500
-1581.510 1107.500
1612.500 -1118.500
