0.502 -0.491
-32.497 83.502
-92.499 29.505
60.498 85.503
-59.503 99.493
119.502 -31.497
-141.499 -69.501
-158.496 -77.493
-167.499 -88.672
203.146 33.020
173.502 134.501
219.500 54.501
245.500 4.501
-135.501 -207.498
-131.501 233.501
112.500 286.505
-249.495 -189.506
-105.500 -305.503
148.500 312.501
-326.506 -135.500
-356.499 -98.504
-302.494 -217.499
-149.496 359.505
390.501 75.497
209.496 -340.500
-367.504 -177.501
413.505 56.504
274.502 -321.498
-218.498 360.503
387.498 178.501
250.500 -348.499
-168.493 416.494
-456.498 -14.504
454.504 -168.496
457.501 -215.498
-195.501 465.493
-298.504 -413.487
211.498 -479.502
483.501 -209.504
-455.505 267.502
-505.498 166.495
453.503 280.500
372.495 404.501
-499.494 -232.501
569.507 3.498
-554.497 159.499
47.500 -588.508
82.506 -591.500
525.496 286.498
-600.500 -52.497
454.500 -412.500
-397.506 -470.503
-559.501 278.506
619.504 109.503
-606.499 -165.498
276.506 565.503
122.484 -646.503
-644.494 -150.500
607.496 -272.503
-105.493 663.505
-129.496 -660.496
-607.500 294.498
602.504 345.495
-72.504 -692.501
-668.499 222.498
-655.501 283.496
-695.504 -180.502
-175.504 -699.501
354.503 634.501
-601.508 408.501
136.495 717.499
376.501 -628.494
139.494 736.495
-386.494 647.501
-648.506 388.503
743.502 149.497
-710.497 -265.502
-207.497 731.499
441.513 623.501
-93.499 -759.501
432.508 -639.506
-760.493 189.496
-365.504 717.500
-732.514 -343.910
-741.501 -333.494
-614.503 -538.506
624.505 533.505
427.492 704.499
-684.501 -467.502
-396.505 731.018
690.499 471.496
-642.488 535.508
-789.500 -291.497
-735.505 -411.511
-749.503 -385.504
852.499 53.499
-839.501 158.496
751.501 -415.506
-829.504 -225.493
330.501 814.508
-879.500 -119.490
215.497 864.509
807.497 380.499
659.494 -605.495
-902.500 52.494
-886.507 -182.495
-383.497 -832.493
-564.500 721.500
161.495 -905.502
-810.499 435.510
-692.502 -610.506
-914.464 -130.743
-913.994 -135.558
-548.500 -745.500
-907.501 188.496
-670.494 642.506
-497.497 784.508
385.502 854.501
720.503 -601.500
893.497 287.503
330.498 887.505
-911.502 -281.503
-307.505 -904.498
-693.495 666.499
290.501 -921.505
-801.500 -544.503
858.504 -451.505
-408.506 -879.501
-929.498 299.508
979.511 4.501
882.504 -429.501
794.507 -592.510
-939.501 -349.508
-202.498 -985.502
-391.502 -930.494
-235.497 986.499
-1013.490 -58.501
-957.502 357.497
1023.500 80.497
-777.498 -679.506
873.497 556.500
141.504 1025.500
-1033.510 -99.496
560.502 874.502
-23.505 1038.510
-1006.500 258.500
-591.501 858.492
-955.501 -421.499
1028.500 204.497
-322.631 997.880
-232.504 -1025.500
-320.534 1001.320
-767.502 -719.497
5.502 -1053.500
-617.507 852.507
-853.492 -618.502
-964.506 430.496
591.494 876.500
-244.499 1030.510
-916.500 533.501
510.507 934.493
-982.500 -411.500
-825.503 -673.500
1060.500 -122.499
-9.501 -1068.500
-521.505 931.502
157.501 -1058.500
-387.340 -1003.630
-387.014 -1006.900
-429.497 -993.502
365.249 1019.690
-922.498 573.498
67.503 -1088.490
363.497 1027.510
692.496 -852.495
-1106.500 -34.493
63.495 -1107.500
1088.500 -216.502
-320.493 1061.500
-783.501 785.502
102.501 1107.500
368.502 1050.510
404.507 -1039.500
12.501 1119.510
234.493 1096.510
-568.503 -968.490
-1114.490 149.498
-495.505 1010.500
611.495 945.500
972.502 573.495
-454.501 1033.500
-1129.490 141.501
-652.499 934.497
-1142.500 -4.495
-1086.500 -355.506
1147.500 15.507
-1072.510 414.504
-384.493 1097.500
-228.498 1143.500
128.502 -1161.500
-250.503 -1142.490
-1021.490 568.507
899.504 757.506
-246.801 -1151.520
-1180.500 15.497
616.352 1010.620
-1063.500 -523.500
-473.495 -1090.510
-1178.500 -165.503
625.343 1017.420
814.494 -875.497
-549.500 -1071.500
-1009.500 -656.500
-409.497 -1134.500
-340.498 -1161.490
-1207.510 -117.494
-184.497 -1201.500
-867.504 -854.503
-950.502 -766.505
-265.499 1194.500
257.511 1199.510
-1109.500 527.498
-1150.500 433.494
710.506 -1007.500
893.499 859.505
-771.503 973.494
-1240.510 -154.504
1248.500 79.499
-722.503 -1024.500
350.500 1210.500
-1250.490 -203.494
-405.497 -1203.510
-644.500 -1097.500
1266.500 -179.498
-1007.500 -793.491
1215.500 415.507
-1178.490 509.510
-1106.500 652.503
-958.503 -861.493
-1278.500 -192.498
-1260.500 316.501
1208.510 509.497
853.503 -996.502
652.493 -1145.490
766.501 1073.510
-1220.500 -500.501
-618.502 1171.510
-1276.360 358.961
-1287.490 335.502
645.500 -1169.500
-1096.510 761.495
1196.500 621.495
-1320.500 273.506
-1085.500 800.500
-1004.500 902.500
-1230.500 566.501
1014.500 901.499
-1360.500 -23.505
-1252.500 -539.491
-1205.500 647.497
-1267.500 518.496
1181.500 730.501
-1023.500 -940.498
-807.494 1131.500
-759.497 -1172.500
-930.503 -1045.500
-929.621 -1047.090
-1372.500 290.498
1278.500 -600.501
-1366.500 -373.500
-1204.500 746.497
1242.490 692.499
-1302.500 584.496
-1368.500 -412.500
1396.510 309.501
-1135.500 -870.498
-1390.500 -362.498
-1189.500 815.507
1444.500 -35.501
-1446.510 -88.501
-1083.500 980.497
1233.500 -787.494
1311.500 663.497
-839.497 -1210.490
1429.500 375.501
-1405.500 456.500
-1042.500 1052.490
-1488.500 -110.493
-1160.500 -945.498
-1408.500 -527.502
-1175.500 946.499
1069.500 1068.500
1269.500 829.505
1085.500 -1079.510
-1045.500 1116.500
1503.500 316.494
-1427.500 568.495
-1427.500 568.887
1536.500 95.500
1452.500 -516.500
-1556.500 -53.501
-1437.500 -601.492
1249.500 -934.498
-1527.500 -322.500
1562.490 -99.501
998.499 -1212.510
1572.500 30.497
-1511.500 -472.496
-1573.490 222.497
-1338.490 -877.501
1284.490 970.502
1174.500 -1119.500
1127.490 1175.500
1242.490 -1054.500
-1354.890 -913.960
-1354.600 -915.115
-1474.500 705.506
1272.510 -1028.500
-1483.500 -730.502
-1397.500 884.505
1407.020 879.311
1406.790 881.619
1342.500 -984.499
-1377.100 -943.569
1207.500 -1163.500
1617.500 -477.494
-1215.500 1167.500
-1391.500 -983.500
-1507.500 -802.501
-1381.500 1004.500
-1270.500 -1150.500
-1563.500 703.502
-1422.500 -963.504
-1281.510 1155.500
-1593.500 -674.500
-1577.500 799.501
-1320.500 1182.490
-1504.510 -950.499
1461.500 1022.500
-1411.970 1105.300
-1411.650 1108.450
-1593.500 -830.501
1398.500 -1197.500
-1403.500 -1192.500
1599.500 923.504
-1538.500 -1041.510
-1566.500 1004.490
-1534.160 -1144.050
-1534.040 -1144.440
1557.500 1114.500
