0.506 -0.493
-12.501 62.497
102.498 45.503
-154.962 -37.831
-155.174 -37.062
-159.503 -5.503
55.503 161.505
-158.567 -64.575
121.500 126.498
2.491 -177.498
-152.494 -96.508
-182.504 -91.503
219.371 -2.939
88.499 202.513
222.060 -3.868
191.501 162.501
-75.497 -241.493
-245.492 -105.503
-5.503 267.499
-231.496 -176.504
104.503 -284.493
-186.076 -243.471
228.495 -209.500
-310.506 -3.504
178.497 -277.497
-324.498 54.503
282.499 -186.495
162.500 -303.506
323.504 -129.503
206.499 -284.499
149.496 321.500
-357.505 -48.498
-108.500 -347.511
-243.504 272.503
355.506 -94.493
347.502 -128.506
103.503 355.506
-106.501 354.499
217.495 305.504
192.500 333.509
-349.493 163.504
379.503 80.500
-237.506 315.502
68.499 -392.499
406.501 -42.493
295.496 -285.512
-362.493 228.499
-425.500 60.508
-69.492 -435.506
113.492 436.500
362.502 -274.501
-462.499 6.502
35.502 -463.501
-443.502 -165.499
-214.497 -423.499
473.499 50.496
-67.497 478.501
234.505 424.500
-93.502 475.494
-416.509 -266.499
-146.506 -476.500
-347.500 -367.498
53.504 -506.493
-386.499 330.508
-449.507 -244.498
-460.496 235.497
12.504 -518.505
489.506 177.501
-200.503 482.500
400.501 -339.497
450.501 -273.500
528.509 -40.494
-101.498 -532.499
-403.502 361.495
548.506 -38.504
398.770 -380.297
406.369 -376.193
544.500 102.495
-87.495 546.497
233.495 -503.500
416.501 367.500
-400.503 -389.502
-425.499 361.500
-303.495 -474.493
402.501 -398.506
-553.500 144.499
422.504 -394.505
178.507 549.510
271.505 517.502
110.498 577.498
86.501 593.498
515.500 -311.497
530.490 -303.492
-30.497 -618.499
-95.503 615.498
-157.501 -608.501
619.500 113.504
-541.499 343.498
85.499 636.502
69.503 642.499
-648.496 -6.502
621.503 206.498
9.503 658.504
386.505 -535.504
166.497 -643.497
-643.501 -163.499
166.836 -644.619
-639.504 -201.499
596.488 308.500
-398.496 543.509
659.506 -149.499
-628.220 -256.802
-628.273 -256.738
634.503 -249.501
631.502 272.497
-424.491 541.496
663.997 212.262
664.463 211.070
-677.503 -167.499
601.492 357.505
693.490 100.497
-54.501 700.499
-362.503 603.494
-414.494 587.500
65.496 717.498
722.500 47.500
714.499 -121.496
-122.496 713.499
686.501 -244.499
126.500 -730.499
-650.497 354.497
697.498 -264.505
743.501 -79.499
-407.503 632.503
-626.499 -419.504
-166.978 742.958
-287.495 -707.495
-168.631 746.312
699.507 326.497
765.499 103.500
765.498 -123.500
-281.503 723.493
-728.497 -269.506
-547.499 -563.502
-146.502 773.506
-778.496 171.501
438.501 672.501
39.492 802.501
-501.505 -630.504
725.503 -353.501
-617.500 525.497
41.496 -811.502
571.505 -579.503
-388.501 -716.505
-285.496 767.501
-598.495 560.491
391.496 -731.502
614.500 -558.499
-371.497 747.505
-835.503 80.501
506.502 -672.497
569.497 -622.502
-826.502 171.502
-821.504 199.500
-757.500 -377.493
223.506 -822.497
815.506 253.499
843.619 149.690
68.498 854.499
849.033 144.974
490.506 -710.495
-568.503 648.505
-413.504 758.498
110.503 857.502
864.496 -49.494
238.496 846.498
872.498 -118.502
880.501 -8.498
-861.495 -178.497
-876.498 -86.498
829.500 298.502
-693.497 545.497
-882.494 20.497
-453.497 759.503
-579.500 -678.504
117.504 -892.501
-130.502 -891.923
-130.485 -892.021
-851.502 301.501
-652.494 -627.493
-823.500 -382.497
813.499 -407.502
-908.505 -29.498
613.506 -675.506
-854.496 -321.509
508.502 770.504
-470.502 -802.499
745.499 561.499
925.496 125.497
73.498 -931.501
844.499 -400.502
-647.492 -680.486
775.504 -531.497
742.498 -585.500
916.504 -246.501
-897.501 -310.497
169.497 -935.500
-250.502 921.505
-651.505 -705.498
714.500 -651.499
-942.503 223.498
227.504 -944.499
-894.500 378.495
62.503 969.494
-889.507 398.502
-931.505 -318.506
-469.497 -872.500
775.500 617.497
817.492 -573.500
-925.504 387.498
-171.497 -991.499
999.502 117.505
-1005.500 -20.498
850.505 542.500
-570.497 -838.504
-476.577 899.169
-1015.500 -69.507
-811.500 -615.495
336.499 965.495
-1022.510 34.501
1017.500 -130.502
-471.497 910.506
739.499 -733.500
-1027.500 -170.496
845.501 613.502
-1044.500 48.497
417.500 959.503
1042.500 -135.503
-714.495 -783.493
-1059.500 91.500
-1035.490 245.500
-965.499 449.332
1069.500 -65.504
1068.500 130.501
590.755 -900.348
597.681 -897.351
1078.500 58.499
-1068.500 -154.504
-251.500 1053.490
558.495 -929.492
-588.497 -913.503
-900.503 608.501
356.499 1028.500
1048.500 303.494
156.505 -1083.500
310.499 1050.500
-535.499 -957.504
175.499 1082.500
-324.503 1047.490
-1057.500 296.504
1058.500 322.498
-996.505 481.493
113.500 -1102.500
-1093.500 -179.502
456.496 1014.490
-775.498 -800.502
-861.501 -708.500
1117.510 8.500
-1105.510 182.503
378.496 -1060.500
1122.510 -113.499
-1056.500 393.501
-825.501 -780.496
1138.500 -62.503
-200.501 1124.500
-847.499 767.491
592.503 -982.506
-1011.490 -549.503
-862.506 -766.496
-441.500 1065.500
700.506 -920.497
-1153.500 74.508
-693.503 926.500
-217.496 -1140.510
-470.491 -1070.500
-1168.500 -18.504
652.498 973.498
1136.460 298.791
1134.500 316.496
-1172.500 108.504
-740.498 917.497
-734.501 -925.504
874.501 -801.497
-843.497 -848.496
-671.497 994.500
-766.489 -925.500
579.498 1056.500
928.506 769.499
-1.501 1205.490
-889.762 -816.943
-1114.500 464.508
-894.579 -814.647
-923.500 -785.495
-400.504 1144.500
-135.503 1207.500
-360.508 -1163.500
-1196.500 232.499
-701.503 998.502
-1212.490 180.496
-1055.500 -630.500
-1010.500 699.499
1230.500 120.501
966.506 783.501
-903.501 -856.491
-705.883 1026.040
1222.510 277.505
-1084.500 -629.502
492.509 1159.490
1063.510 -680.504
-910.498 -886.493
-454.502 1186.490
752.498 -1025.500
1031.500 749.501
1217.500 379.501
-1276.500 -22.499
1168.500 520.502
497.503 1180.500
-578.502 -1144.500
1213.500 -419.497
-1253.500 280.502
-848.501 -971.500
965.502 -865.494
753.499 -1062.500
-1078.510 -729.507
511.496 1199.500
1297.490 -147.506
-1092.500 715.501
-1212.500 485.498
1214.500 -484.498
-578.504 1182.490
-1259.490 -394.505
775.503 -1079.500
-650.495 1160.500
-782.141 -1080.740
-1247.500 -475.500
1085.500 -788.498
-788.798 -1088.470
779.494 -1098.500
-1254.500 502.495
1348.500 134.493
1030.510 -884.499
-855.499 1053.500
-1371.500 -2.505
1191.500 -693.497
-736.499 -1165.500
-1239.500 616.494
-1082.500 -869.500
-901.501 -1059.500
-816.503 -1137.500
-1372.510 -298.500
906.492 -1074.500
-1330.510 469.510
-1333.300 474.261
-787.496 1182.490
-1423.500 45.495
-1367.500 -399.499
-1191.500 788.499
1314.500 563.499
-1257.500 688.496
1063.500 962.500
1310.500 -587.498
-1124.500 -902.500
-1130.500 896.496
-1430.500 -210.497
1055.490 -1003.490
-1301.500 655.499
-968.506 -1099.500
876.498 -1177.500
-1455.500 -234.493
-1447.500 284.501
1147.500 -929.503
1073.500 -1021.500
-935.505 1148.500
-935.506 1148.890
-1464.500 253.495
-1416.500 460.501
-1491.510 43.502
-957.495 -1147.500
1006.500 1108.500
-1485.500 185.498
1310.500 -752.501
-1422.500 513.496
-1254.500 857.497
-1326.500 748.503
1259.510 -862.488
-1523.500 -98.498
1243.500 -891.504
-1374.500 -673.503
-1454.590 481.769
-1455.490 479.524
994.502 -1171.510
1257.140 -892.472
-1153.500 -1023.510
1056.500 1123.500
-1539.500 -94.496
-1544.500 -34.500
1519.500 322.497
1539.500 209.499
-1418.510 -654.501
1016.500 -1188.500
1481.510 503.504
1512.500 -408.502
-1189.500 1024.510
-1112.490 1109.500
1427.500 -662.501
-1485.500 -534.499
1303.500 -892.499
-1126.500 -1108.500
1307.500 896.503
1072.500 1167.500
-1582.500 146.509
-1511.500 502.503
1267.500 -970.500
-1498.500 550.499
1228.490 -1040.500
1527.500 -517.497
-1323.510 934.508
-1206.500 1083.500
-1173.500 -1124.490
1472.500 -690.504
-1580.500 405.506
-1539.500 -544.496
-1109.490 1206.500
1322.500 -975.497
1377.500 914.501
-1357.510 942.493
-1253.500 -1090.500
1326.500 -1002.500
-1523.500 -692.504
1404.500 -920.500
-1421.490 -892.502
1619.500 -544.500
-1317.500 1104.490
1320.500 1172.500
1490.500 -948.497
1436.500 -1071.500
-1520.500 970.500
1610.500 -834.491
-1523.500 1019.500
1509.500 -1055.500
-1527.690 -1044.070
-1538.500 -1034.500
-1619.500 993.499
-1541.500 1163.500
-1599.500 1128.510
