0.499 -0.501
35.495 5.505
-1.499 54.502
-69.501 -39.499
-53.504 88.497
-112.508 -44.500
158.501 18.495
-207.497 -38.499
168.499 148.497
-10.492 227.501
-119.491 -210.499
-102.499 -221.504
-241.503 73.502
162.503 207.504
271.495 93.504
44.506 298.494
145.497 -276.495
-283.496 134.509
-230.500 220.499
107.504 -310.499
309.498 127.507
-182.505 283.494
-91.511 -334.499
298.505 -178.509
339.507 -81.501
306.497 182.497
13.498 413.501
353.498 217.499
47.717 432.213
43.892 434.284
426.504 -124.500
-446.496 60.504
32.498 -451.501
134.503 436.508
459.505 26.499
454.500 110.492
-377.498 277.505
-219.498 430.506
240.503 421.500
-61.494 496.502
-427.504 -261.502
507.495 16.500
-476.497 191.504
368.497 360.505
215.497 471.498
-420.505 309.503
305.506 453.504
239.501 492.508
86.502 -554.496
-71.502 556.506
420.494 -379.499
-212.043 528.733
159.503 549.497
-569.951 81.153
-571.742 79.860
524.506 251.501
-549.499 -205.501
584.502 61.495
134.502 -589.501
286.499 537.506
19.496 -613.491
-458.498 -409.498
601.490 131.500
508.499 361.498
-593.500 191.495
-472.502 419.502
-550.502 -316.501
-180.499 608.501
109.501 625.503
-491.635 411.326
-487.501 417.500
-595.502 -257.493
-668.495 -38.497
658.502 157.501
651.500 194.495
-482.505 491.499
-685.503 -118.506
688.499 -107.492
661.500 -245.504
229.500 668.504
406.503 579.505
-707.495 -109.507
328.500 646.504
-647.495 -335.497
498.497 536.501
-139.506 -727.500
119.499 734.496
624.500 411.502
-655.506 -372.495
-119.502 744.503
707.497 -265.502
732.500 -190.499
734.500 195.501
761.504 -123.503
-712.500 303.508
645.023 433.022
707.507 325.504
666.501 406.495
606.499 -499.501
651.503 438.503
-307.501 -727.500
-63.500 -787.501
555.496 569.495
-516.496 -608.500
665.502 -447.503
-17.496 -803.494
-456.499 -666.499
-96.500 806.501
-42.498 811.503
772.488 -256.501
724.495 371.502
70.497 811.505
536.503 621.501
-678.504 -462.496
-787.500 234.500
-399.507 721.497
-281.500 -786.496
818.501 169.499
-33.496 842.497
132.903 834.802
465.505 710.500
-663.499 533.504
798.512 -305.504
124.500 849.496
-259.505 819.500
-439.509 745.500
-508.503 703.494
-88.503 873.503
-176.499 -862.497
-295.498 -836.499
887.495 -60.500
378.503 -805.498
-747.498 483.499
-859.498 233.500
-838.506 309.499
562.500 700.504
593.503 675.497
468.503 768.499
-897.501 -88.502
672.503 -604.505
-296.496 860.502
891.498 223.499
-888.506 -267.493
492.498 -795.497
-55.492 941.499
-135.500 933.502
-537.502 781.504
-605.501 734.498
-324.500 902.500
119.498 953.503
-245.505 -932.494
-963.498 -2.496
-28.497 963.500
924.498 297.495
248.509 943.509
872.502 439.502
37.501 978.494
73.499 979.502
897.506 401.500
776.498 -610.505
617.504 -778.502
70.502 -993.493
246.494 965.493
328.498 -942.499
-985.504 -174.504
1006.500 49.497
1008.500 3.504
419.496 920.492
1006.500 135.498
92.045 1016.990
106.647 1016.330
-91.502 1018.500
-497.492 893.503
-753.500 -701.504
228.505 1007.500
944.494 423.528
944.045 425.769
689.500 773.508
-194.499 -1019.500
940.499 467.495
58.500 1048.500
711.503 793.496
-870.501 618.503
-955.493 -479.497
456.500 -970.498
-418.503 -988.512
980.501 437.503
833.494 679.503
429.500 986.489
-192.506 1058.500
1073.500 -95.502
477.503 -969.502
604.502 897.498
955.497 -512.493
-1081.490 -134.493
-412.015 1019.450
1099.510 130.505
286.503 1075.500
911.506 640.497
-1002.170 -512.983
1085.500 303.496
1096.500 272.492
798.504 799.510
-304.501 1088.500
-970.505 591.504
1021.190 502.328
-245.500 -1111.500
941.502 -646.493
1076.510 -389.499
1028.640 501.769
913.500 694.500
1012.500 -542.497
1132.500 213.500
958.501 -642.500
-1144.500 180.494
-364.813 1102.290
-1078.500 433.490
39.498 1162.510
-1138.500 -246.500
-361.502 1107.500
-55.498 1165.500
-1030.510 547.499
-228.491 1146.500
-74.498 -1172.500
518.504 -1056.500
975.498 662.498
672.497 970.503
-232.508 -1159.500
-568.502 1038.500
-528.493 1061.500
-350.506 1135.500
1080.500 -498.506
-47.502 -1190.500
370.491 1133.500
721.498 950.496
881.497 805.501
-331.500 1146.500
-427.502 1115.510
-269.500 1164.500
1048.500 578.498
-1183.500 -179.497
-188.604 1185.160
-190.526 1188.390
-312.499 1164.500
-702.501 990.510
-624.501 -1047.500
-238.511 1195.500
-525.503 1100.500
-492.503 -1123.500
684.497 -1020.500
579.505 -1084.510
-1028.500 681.506
-749.509 981.498
1231.500 115.501
1087.500 597.498
551.501 1114.500
-989.504 -758.500
840.501 921.503
1253.500 30.502
-353.503 1204.500
-824.498 947.501
451.498 -1179.500
-670.500 1070.500
-918.505 880.505
1227.500 -343.497
703.499 1062.500
1196.500 -446.495
-1234.500 329.502
1276.500 158.501
1214.500 432.503
639.507 1121.500
-1129.490 629.495
1300.500 -7.500
993.505 839.508
1178.500 -557.500
-1296.500 147.502
-528.493 1197.500
1315.090 -1.726
-930.500 954.499
-814.503 1058.490
-891.505 -998.499
-736.497 1120.490
1168.500 659.496
-1271.500 427.498
649.502 -1180.500
1348.500 157.502
-1301.500 383.497
-779.502 1112.500
638.492 1202.500
1291.500 439.502
-762.503 1131.500
889.500 -1050.500
1320.500 392.501
917.507 -1031.500
-884.494 -1062.500
-706.502 1188.500
-1350.490 301.501
1058.500 897.501
-1113.490 828.503
-771.506 1158.500
-1100.500 853.497
-980.503 989.498
-869.499 1090.500
-1376.500 -243.507
-791.502 -1153.500
1268.500 -596.506
-949.499 1034.500
725.502 -1210.490
-1396.490 -211.500
-1344.500 -433.499
-844.502 1145.510
1264.500 657.505
-1396.490 -291.502
-1264.500 673.499
-1136.500 875.508
870.507 -1150.500
-1396.500 -373.500
1434.500 204.497
1237.490 766.503
1408.500 370.508
1342.490 589.500
1466.500 -58.500
1467.510 -26.501
1399.500 472.497
1450.490 359.493
1286.500 770.501
-1271.500 -803.497
1400.500 571.501
1204.500 934.505
-1265.500 -869.496
1515.490 281.498
1114.500 1087.510
-1294.500 866.505
-1210.500 -987.499
-1429.500 631.500
1368.500 761.496
1532.500 -350.500
-1279.500 914.499
1511.490 442.494
-1165.500 1065.500
-1554.500 -285.494
1583.500 -57.499
-1459.500 -619.505
-1421.500 705.503
1531.500 -428.505
-1434.500 690.498
1504.500 -532.503
-1420.500 728.498
1258.510 -984.496
1388.500 800.497
1294.510 -948.502
1400.510 783.503
1541.500 -458.500
-1460.500 675.505
1532.500 -499.500
1560.500 423.498
1546.490 -484.500
1494.500 631.497
1591.490 428.500
1227.500 -1104.490
-1521.500 646.496
1503.500 765.501
-1288.500 1099.500
1604.510 -553.495
1585.500 -624.493
-1409.500 -1019.500
-1481.500 921.499
-1347.500 1124.500
-1391.500 -1091.500
-1447.500 1027.490
-1520.500 922.503
1419.510 1088.510
-1475.500 1063.500
-1539.500 -1026.500
-1447.510 1174.500
1503.500 1152.500
1488.490 1196.500
-1574.500 1137.500
-1597.500 1118.500
