-14.103 -11.852
-13.994 -12.856
-14.662 -12.853
-106.987 2.139
-107.094 3.141
-107.663 2.133
-8.674 87.137
-8.004 87.142
-8.109 88.143
-37.985 100.149
-38.660 100.151
-38.093 101.139
-100.103 -116.866
-98.668 -118.720
-100.186 -118.771
-100.242 -120.289
-102.105 -118.848
-76.985 160.135
-77.666 160.133
-77.087 161.138
-92.989 155.138
-93.663 155.138
-93.093 156.138
-152.000 114.138
-152.670 114.132
-152.107 115.146
-56.997 173.139
-57.665 173.137
-57.099 174.148
24.341 182.144
25.006 182.145
24.904 183.144
-118.096 -196.869
-117.990 -197.865
-118.667 -197.866
-135.986 172.131
-136.668 172.125
-136.089 173.134
-202.982 127.134
-203.660 127.137
-203.085 128.136
75.335 220.141
76.008 220.138
171.896 154.136
173.755 152.713
75.906 221.140
173.816 154.226
175.329 154.286
173.907 156.144
230.338 -73.869
230.899 -72.862
231.012 -73.870
138.885 -217.858
138.334 -218.853
139.005 -218.858
241.336 -89.869
241.900 -88.862
242.004 -89.867
-134.097 -275.855
-133.988 -276.847
-134.666 -276.844
-131.993 256.140
-132.662 256.140
-132.096 257.141
232.901 -173.853
232.335 -174.854
233.002 -174.856
121.754 254.714
119.904 256.133
121.813 256.222
123.327 256.282
121.900 258.142
-291.084 -133.855
-290.993 -134.858
-291.661 -134.860
-57.992 299.138
-58.669 299.135
-80.994 295.130
-81.669 295.133
-58.101 300.136
-81.104 296.137
270.331 139.140
271.008 139.139
270.896 140.138
179.337 252.128
180.010 252.128
179.901 253.136
261.330 171.131
261.999 171.133
261.891 172.135
-143.990 298.137
-144.660 298.137
-144.087 299.137
97.339 307.133
181.757 263.714
98.009 307.134
179.900 265.134
-349.086 -61.858
-348.979 -62.860
97.901 308.132
324.334 10.146
181.814 265.220
-349.661 -62.861
324.906 11.141
325.011 10.146
183.332 265.278
181.898 267.137
-341.085 -129.853
-340.985 -130.853
-341.656 -130.853
178.339 288.136
179.009 288.134
178.903 289.147
346.335 -72.866
346.904 -71.864
347.014 -72.867
341.342 92.145
342.011 92.151
341.912 93.138
-38.112 -382.855
-38.002 -383.866
-38.665 -383.871
318.338 -195.858
318.907 -194.856
319.010 -195.859
-344.992 183.136
-345.667 183.136
-345.100 184.133
177.907 -346.856
-3.247 374.707
177.338 -347.856
178.006 -347.858
-5.105 376.142
-264.098 -308.859
-3.190 376.220
-1.672 376.273
-263.991 -309.862
-264.667 -309.862
-3.106 378.141
-85.107 -398.862
-225.094 -344.865
-84.997 -399.866
-85.671 -399.870
-224.990 -345.863
-225.666 -345.861
-113.990 380.148
-114.663 380.147
-114.102 381.143
-308.992 278.141
-309.665 278.139
-309.098 279.143
122.338 385.135
123.003 385.136
122.898 386.141
-236.242 357.711
-234.668 359.285
-236.183 359.225
-238.098 359.138
-236.096 361.140
-439.103 -118.865
-438.991 -119.872
-439.668 -119.870
7.904 -452.859
7.333 -453.855
8.011 -453.856
-463.996 -7.856
-464.100 -6.857
-464.665 -7.854
24.338 439.148
25.009 439.143
24.904 440.143
341.895 -298.859
341.329 -299.863
342.006 -299.858
-41.119 -469.861
-41.003 -470.863
-41.671 -470.859
101.901 -457.866
101.329 -458.857
102.012 -458.861
-471.677 55.289
142.331 424.131
143.009 424.131
-473.247 53.716
-473.186 55.227
-473.096 57.139
142.900 425.131
-475.103 55.137
189.893 -432.860
189.325 -433.854
190.004 -433.855
238.908 -409.857
238.341 -410.873
239.009 -410.871
-445.100 -229.862
-444.992 -230.864
-445.666 -230.865
-497.984 -42.855
-498.089 -41.856
-498.660 -42.851
237.886 -430.855
-462.997 183.140
237.330 -431.864
238.005 -431.860
-463.112 184.139
-463.666 183.143
-494.117 -112.864
-493.996 -113.862
-494.666 -113.860
398.907 -286.851
398.339 -287.855
399.008 -287.854
-99.984 494.145
-100.662 494.145
-100.097 495.139
-179.002 478.144
-179.674 478.144
-179.110 479.142
406.900 -333.854
406.331 -334.858
407.006 -334.856
-418.098 -359.855
-417.993 -360.858
-418.663 -360.860
412.121 -339.743
412.334 -341.859
413.015 -341.859
236.901 -500.863
535.341 -30.854
236.334 -501.867
535.908 -29.858
536.010 -30.852
237.009 -501.865
410.334 339.139
411.008 339.140
410.899 340.140
344.569 -437.816
342.360 -440.009
346.858 -438.897
344.455 -441.305
296.331 455.141
346.924 -441.260
344.525 -443.392
297.005 455.141
-566.997 84.136
-567.098 85.144
-567.656 84.137
296.896 456.143
490.329 267.136
491.001 267.137
490.889 268.141
-479.101 -360.862
-478.985 -361.861
-479.663 -361.862
226.903 -547.854
226.329 -548.854
227.003 -548.853
-503.992 329.139
-218.990 549.135
-504.664 329.139
-219.665 549.129
-504.103 330.144
-219.094 550.144
496.902 -335.858
496.337 -336.866
497.011 -336.867
-561.104 -282.857
-561.000 -283.856
-561.666 -283.858
496.900 -348.849
496.336 -349.855
497.000 -349.855
175.903 -596.859
-446.099 -450.861
173.900 -598.866
-445.994 -451.864
175.811 -598.775
-446.674 -451.864
177.329 -598.714
175.748 -600.287
-357.240 510.713
-355.676 512.281
-357.185 512.223
-359.100 512.138
-357.105 514.139
419.331 456.137
20.888 -648.861
420.007 456.136
20.328 -649.864
21.003 -649.863
419.908 457.136
521.898 338.134
523.755 336.706
523.817 338.222
523.907 340.139
525.329 338.282
319.899 -575.858
319.337 -576.855
320.009 -576.850
-117.995 642.131
-118.670 642.129
-118.092 643.131
647.331 113.138
648.008 113.138
647.898 114.147
637.331 175.140
638.011 175.143
637.903 176.140
-342.990 582.144
-343.670 582.145
-343.105 583.142
304.907 -613.866
304.331 -614.864
305.014 -614.864
45.341 668.152
46.009 668.151
133.331 655.127
134.004 655.130
45.902 669.146
133.895 656.140
531.330 404.144
532.011 404.142
531.902 405.142
-463.251 515.715
-461.673 517.290
-463.189 517.226
-465.102 517.133
-463.098 519.140
112.902 -695.861
112.335 -696.860
113.010 -696.859
272.336 625.143
273.009 625.145
272.905 626.140
215.341 653.142
216.017 653.142
215.908 654.147
-654.990 297.140
-655.092 298.141
-655.660 297.137
693.337 101.136
694.003 101.136
693.894 102.147
-299.103 -670.861
-559.108 -479.859
-557.672 -481.720
-298.993 -671.852
-299.667 -671.859
-559.187 -481.776
7.914 -731.862
702.336 64.136
-559.241 -483.289
703.007 64.138
702.901 65.135
-561.101 -481.860
7.339 -732.865
8.011 -732.857
-232.994 679.138
-233.665 679.137
-233.106 680.143
-528.995 501.140
-529.659 501.139
-529.096 502.134
687.342 192.133
688.004 192.139
687.904 193.145
24.333 719.145
25.001 719.146
24.892 720.139
-681.101 -334.864
-680.892 -336.007
-678.203 -341.554
-677.986 -342.963
-681.669 -335.867
-679.589 -340.507
-678.686 -342.984
718.334 -151.872
718.892 -150.862
719.004 -151.873
735.335 31.145
735.902 32.146
736.007 31.146
266.903 -716.858
266.343 -717.863
267.009 -717.863
-773.994 20.134
-492.988 579.141
-774.104 21.140
-413.111 -659.858
-493.666 579.144
-774.670 20.134
-493.097 580.143
-412.999 -660.864
-413.669 -660.859
-406.310 -666.556
-405.991 -667.854
-406.659 -667.851
367.754 655.708
365.905 657.143
367.816 657.231
369.328 657.290
367.906 659.147
629.332 415.137
630.001 415.142
629.897 416.143
759.339 25.132
-116.085 -779.863
759.898 26.134
760.001 25.133
-115.987 -780.869
-116.661 -780.870
710.342 -307.874
710.903 -306.859
711.006 -307.872
285.896 -738.858
271.332 721.144
272.008 721.144
283.895 -740.866
-787.103 -162.863
-786.995 -163.857
271.902 722.141
285.809 -740.773
-787.666 -163.855
287.329 -740.709
285.750 -742.281
-702.992 379.144
-703.664 379.144
-703.098 380.142
303.892 -741.862
303.334 -742.862
303.998 -742.862
67.904 -807.868
67.332 -808.850
68.012 -808.853
493.901 -637.857
491.901 -639.861
493.816 -639.776
107.915 -810.854
495.330 -639.719
493.758 -641.285
-529.990 611.136
107.342 -811.852
108.013 -811.852
-530.666 611.133
-530.099 612.134
240.898 -783.861
240.328 -784.864
241.004 -784.861
430.899 -694.865
428.903 -696.855
430.816 -696.776
432.329 -696.723
430.761 -698.288
372.892 -733.858
266.892 -781.866
372.331 -734.860
373.004 -734.857
266.336 -782.872
267.002 -782.874
-642.989 518.149
-643.663 518.147
-643.096 519.141
362.901 -744.865
362.335 -745.866
363.008 -745.868
590.901 -573.863
590.338 -574.858
591.011 -574.859
644.336 507.142
645.011 507.145
644.899 508.136
660.891 -519.858
660.330 -520.858
-559.996 633.142
-560.671 633.138
661.005 -520.856
-560.102 634.138
-95.107 -855.865
-94.991 -856.862
-95.665 -856.858
234.336 807.125
235.010 807.130
234.904 808.133
-812.673 299.290
-630.987 583.139
-631.663 583.135
-631.087 584.138
-814.245 297.714
-814.188 299.234
-814.105 301.139
-816.100 299.151
-278.990 807.148
-279.659 807.146
215.335 818.149
216.017 818.149
-279.091 808.148
831.334 157.138
281.333 798.140
215.912 819.142
611.888 -604.863
282.005 798.140
611.330 -605.859
832.004 157.141
831.893 158.137
612.000 -605.861
281.904 799.136
-204.111 -859.864
-203.993 -860.861
-204.670 -860.859
623.891 -611.851
625.897 -609.855
-812.987 348.145
-813.096 349.144
561.893 -672.864
-813.663 348.149
625.812 -611.766
561.330 -673.872
562.003 -673.868
625.754 -613.281
627.327 -611.708
711.889 -509.860
711.329 -510.855
712.001 -510.858
676.894 -569.845
676.339 -570.849
677.008 -570.852
-903.993 -66.865
-904.104 -65.862
-904.671 -66.867
659.337 591.136
660.011 591.136
659.904 592.139
-346.107 -857.857
-345.992 -858.863
-346.675 -858.861
-880.086 -292.862
-879.987 -293.868
-880.660 -293.873
-899.104 -234.859
-898.993 -235.860
-899.667 -235.860
39.332 901.141
39.997 901.143
61.327 900.146
62.003 900.148
39.898 902.142
61.898 901.143
404.896 -827.859
404.330 -828.854
405.001 -828.859
-233.083 -905.855
-232.982 -906.870
-233.655 -906.875
-107.104 -935.866
860.333 302.145
-106.992 -936.860
-107.668 -936.864
861.013 302.148
860.899 303.147
912.903 -86.867
-870.989 351.148
-871.105 352.143
-871.668 351.148
914.896 -84.858
914.817 -86.781
914.763 -88.293
916.334 -86.722
841.339 367.134
842.007 367.135
841.901 368.131
-388.234 847.709
639.334 661.144
-386.670 849.281
640.005 661.143
-388.174 849.225
639.895 662.145
-390.096 849.142
-388.087 851.141
-327.999 882.146
919.331 -174.867
830.330 418.137
-328.663 882.142
919.886 -173.858
831.017 418.135
920.001 -174.864
-328.100 883.147
830.907 419.134
-657.102 -717.865
-656.997 -718.860
-657.664 -718.855
381.336 864.134
382.022 864.138
381.915 865.136
937.334 -157.859
639.325 695.136
937.908 -156.857
640.000 695.136
938.014 -157.857
639.887 696.141
-577.995 772.145
294.901 -926.864
-578.667 772.141
-578.095 773.139
292.898 -928.859
294.816 -928.778
-862.097 -477.855
-861.992 -478.857
296.333 -928.723
351.331 885.144
-862.667 -478.857
352.006 885.144
294.760 -930.292
351.898 886.141
-958.099 -251.862
-957.999 -252.857
-958.667 -252.860
-545.991 805.144
-546.670 805.145
-546.100 806.142
89.333 963.136
90.004 963.135
89.906 964.147
399.891 -907.855
399.329 -908.853
399.999 -908.852
-156.112 -991.862
444.754 866.707
-155.995 -992.857
-156.670 -992.854
442.899 868.135
444.814 868.218
446.325 868.274
444.902 870.139
464.338 862.137
465.005 862.140
464.900 863.138
-990.993 195.137
-991.098 196.136
-991.657 195.136
-1013.000 33.143
-1013.110 34.142
-968.113 -312.857
-967.998 -313.851
-1013.670 33.143
-968.667 -313.846
205.335 966.140
206.009 966.140
205.895 967.140
-271.105 -981.860
923.341 347.135
-35.989 992.147
-36.670 992.149
-270.996 -982.866
924.008 347.137
-271.664 -982.865
923.912 348.143
-345.105 -960.859
-36.101 993.141
-343.677 -962.721
-345.186 -962.776
-347.095 -962.858
-345.241 -964.291
841.334 527.137
842.006 527.136
841.898 528.139
89.907 -1019.860
89.337 -1020.860
980.338 188.145
90.010 -1020.860
981.008 188.147
980.912 189.145
574.909 -842.857
574.341 -843.854
575.011 -843.853
915.340 -434.865
915.908 -433.857
916.003 -434.857
-866.980 561.141
-524.095 -903.862
-867.656 561.140
-867.091 562.145
-523.989 -904.862
-524.662 -904.861
-533.995 876.146
-534.668 876.153
562.897 -864.863
-534.102 877.142
562.335 -865.868
563.009 -865.869
-916.100 -513.862
-915.999 -514.864
773.333 657.138
-916.662 -514.863
774.003 657.139
773.895 658.142
1019.340 -58.867
1019.920 -57.863
1020.010 -58.863
-579.102 -881.860
803.894 -649.870
803.332 -650.864
804.012 -650.864
-578.994 -882.866
-1050.990 42.130
-1051.100 43.138
-579.665 -882.862
-1051.660 42.134
167.331 1012.140
168.008 1012.140
167.897 1013.140
-932.671 478.291
-934.246 476.710
336.913 -992.858
-934.187 478.229
336.342 -993.859
337.014 -993.859
-934.100 480.141
-936.100 478.139
991.328 271.144
991.998 271.148
991.888 272.138
1029.900 -82.859
-1055.990 -115.858
-1056.090 -114.857
-1056.660 -115.860
1031.910 -80.859
1031.820 -82.777
1031.760 -84.299
1033.330 -82.722
88.911 -1060.860
86.904 -1062.860
88.816 -1062.780
90.329 -1062.720
782.905 -705.860
782.334 -706.860
88.752 -1064.280
783.011 -706.860
258.891 -1038.860
258.335 -1039.860
259.009 -1039.860
145.344 1040.150
146.013 1040.150
382.890 -999.860
145.907 1041.150
33.887 -1075.860
1008.900 285.130
382.326 -1000.850
383.004 -1000.850
33.327 -1076.860
33.998 -1076.860
1010.750 283.714
1010.810 285.225
1010.900 287.142
1012.330 285.291
-861.098 -665.860
-860.993 -666.870
863.901 -624.861
863.338 -625.857
-861.664 -666.869
864.006 -625.858
983.339 393.127
984.012 393.128
14.901 -1088.860
983.905 394.136
1004.340 -363.866
1004.900 -362.861
1005.010 -363.863
14.326 -1089.850
15.007 -1089.850
963.340 449.135
964.010 449.141
963.908 450.144
1067.330 55.141
1067.900 56.142
1068.000 55.138
78.337 1069.130
79.008 1069.140
78.903 1070.140
39.902 -1098.860
39.336 -1099.860
40.002 -1099.860
-1055.000 315.139
-1055.120 316.137
573.331 908.132
-1055.670 315.137
574.003 908.133
573.907 909.143
1079.890 -48.860
1081.750 -50.289
1081.810 -48.778
1081.900 -46.863
222.339 1060.150
223.007 1060.140
1083.330 -48.722
222.897 1061.150
-350.990 1034.140
-351.667 1034.140
-351.101 1035.140
1025.340 349.137
1026.000 349.134
1025.890 350.142
395.892 -1036.870
395.327 -1037.850
396.003 -1037.860
-1115.990 110.140
-1116.100 111.143
-776.097 -817.863
-1116.670 110.139
-775.990 -818.861
-776.664 -818.860
1087.340 133.140
1088.010 133.139
1087.900 134.145
-74.991 1098.140
-75.666 1098.140
-1109.990 179.146
-75.095 1099.150
-1110.100 180.142
-1110.670 179.147
178.900 -1118.860
1098.340 152.142
178.334 -1119.860
179.007 -1119.860
1099.010 152.145
1098.910 153.137
-108.985 1113.140
-109.664 1113.140
-109.090 1114.140
-1022.100 -522.864
-1022.000 -523.873
-74.993 1117.140
-75.667 1117.140
-1022.660 -523.874
-75.106 1118.140
414.332 1036.140
415.008 1036.140
414.899 1037.140
-421.092 -1082.860
-420.992 -1083.870
-421.656 -1083.870
924.901 -672.858
924.338 -673.857
925.009 -673.856
142.336 1136.130
143.008 1136.130
142.899 1137.140
-1178.990 6.143
-1179.090 7.143
946.891 -670.867
946.331 -671.862
-1179.660 6.139
947.011 -671.862
1078.340 397.137
1079.010 397.135
1078.900 398.142
-994.986 621.141
-995.670 621.140
-995.099 622.142
1030.330 512.141
1031.000 512.141
1030.890 513.137
-155.094 -1174.860
-154.984 -1175.860
-155.666 -1175.860
234.331 1141.140
235.012 1141.140
234.908 1142.130
203.341 1150.130
204.012 1150.140
203.910 1151.140
-373.987 1116.130
-374.657 1116.130
-374.089 1117.140
-1001.100 -670.856
-1000.990 -671.858
-1001.660 -671.854
326.762 1126.710
324.899 1128.140
-822.095 -884.859
326.815 1128.220
-821.994 -885.851
328.327 1128.280
-822.661 -885.854
-408.993 1112.140
-409.673 1112.130
326.894 1130.140
-409.108 1113.140
262.347 1149.120
1009.340 602.142
263.007 1149.130
1162.340 -213.859
1010.000 602.141
1162.920 -212.864
1163.020 -213.858
1009.900 603.142
262.899 1150.140
679.335 962.142
680.008 962.140
679.660 964.593
992.893 -662.858
992.333 -663.851
993.001 -663.851
-1059.100 -601.861
-1058.990 -602.861
-1059.660 -602.864
1033.340 576.142
-457.007 1105.140
1034.010 576.141
-457.670 1105.140
1033.910 577.143
678.339 971.149
-457.119 1106.140
679.007 971.148
-581.997 1049.140
678.906 972.145
-582.668 1049.140
-582.091 1050.140
18.337 1199.140
19.009 1199.140
18.910 1200.140
918.335 763.135
919.018 763.133
918.914 764.132
684.336 987.141
685.013 987.136
-1203.680 257.284
684.902 988.137
-759.098 -978.863
-1205.250 255.714
-1205.190 257.225
-758.991 -979.857
-1205.100 259.138
230.333 1185.140
231.003 1185.140
-759.663 -979.856
230.891 1186.140
-1207.100 257.140
1149.320 -402.859
1149.890 -401.863
1150.000 -402.862
1142.340 -425.857
1142.910 -424.857
1143.010 -425.852
1078.340 562.135
1079.010 562.134
1078.900 563.135
114.934 1217.180
117.294 1217.120
-1203.670 330.278
116.452 1219.580
118.924 1219.540
-1205.250 328.710
-1205.190 330.225
-852.113 -924.858
114.348 1220.940
-1205.100 332.137
-852.002 -925.865
-852.670 -925.863
118.237 1221.680
-1207.100 330.145
116.435 1222.760
1122.340 -518.855
1122.900 -517.858
1123.010 -518.856
-1257.990 -122.854
-1258.100 -121.854
1234.330 28.152
-1258.660 -122.855
1234.910 29.138
1235.010 28.148
-312.995 1202.140
-313.665 1202.140
-313.109 1203.140
1210.340 -280.866
219.340 1220.130
1210.910 -279.858
220.011 1220.130
673.339 1037.140
1211.010 -280.865
674.010 1037.140
219.910 1221.130
673.903 1038.140
-561.097 -1152.860
-715.109 -1065.860
-801.001 980.137
-560.999 -1153.860
-561.665 -1153.860
-801.659 980.133
-714.995 -1066.860
-715.676 -1066.870
-801.106 981.138
-1113.000 630.146
-1113.670 630.146
-1113.110 631.145
1127.330 -600.873
1127.900 -599.863
1128.010 -600.871
522.909 -1179.850
522.333 -1180.870
523.001 -1180.860
-1012.080 -833.862
-1011.990 -834.863
-1306.990 32.142
-1307.090 33.144
-1012.660 -834.866
-1307.670 32.141
1278.330 75.145
1278.910 76.145
1279.010 75.148
-806.984 1030.150
-807.662 1030.140
-807.085 1031.140
-1071.000 772.137
-1071.670 772.139
-1071.110 773.138
-1249.100 -470.864
-1248.990 -471.868
1115.900 -689.855
1115.330 -690.849
1116.000 -690.852
-1249.670 -471.870
821.337 1011.130
-1245.090 -490.866
-1244.980 -491.865
822.008 1011.140
1022.900 807.149
-1245.670 -491.866
821.896 1012.140
1024.760 805.714
1024.820 807.234
1026.330 807.291
1024.900 809.147
-1173.990 634.136
-1170.140 -664.898
-1174.660 634.133
-1174.100 635.142
-1170.070 -667.263
-1172.430 -663.815
1300.340 194.129
1204.340 523.148
-1172.540 -667.309
1301.010 194.130
1300.900 195.135
1205.010 523.145
1204.900 524.141
-1172.480 -669.389
-1174.630 -666.005
-1103.090 -791.863
-1102.990 -792.864
986.899 -902.862
988.896 -900.859
-1103.670 -792.862
-1320.000 294.138
988.811 -902.774
-1320.100 295.142
-1320.670 294.136
-1091.990 788.134
988.753 -904.291
990.328 -902.714
-1092.660 788.128
-1092.090 789.141
1288.340 -359.863
1288.900 -358.864
1289.010 -359.863
-1356.990 -147.853
-1357.110 -146.861
-1357.660 -147.847
806.326 1066.140
-979.994 938.137
807.006 1066.140
-980.659 938.133
-980.083 939.139
806.891 1067.140
1254.330 467.141
1255.010 467.144
1254.900 468.139
739.338 1128.130
740.010 1128.130
739.907 1129.140
-925.987 1013.150
-926.668 1013.150
-926.100 1014.130
-918.109 -1046.850
-917.994 -1047.860
-918.663 -1047.860
-1039.110 -929.863
-1039.000 -930.870
582.900 1228.650
584.021 1228.270
583.402 1228.650
-620.089 1224.570
-1039.660 -930.870
-619.043 1225.310
585.438 1227.990
584.393 1228.650
582.575 1229.800
-620.202 1225.250
585.407 1228.640
583.398 1229.640
587.153 1228.060
-621.732 1225.130
586.399 1228.630
584.398 1229.640
-619.245 1226.860
587.402 1228.640
585.399 1229.650
588.397 1228.640
586.401 1229.640
-620.538 1226.810
-621.601 1226.640
587.400 1229.640
588.398 1229.630
-620.100 1228.140
-1029.090 -952.855
-1028.990 -953.850
-1029.670 -953.845
-1378.000 282.140
-1378.110 283.134
-1378.670 282.143
1296.330 478.131
1297.010 478.131
1296.900 479.144
-1393.100 -265.860
-1392.990 -266.863
-1393.670 -266.863
-718.234 1201.710
-716.674 1203.280
694.893 -1223.860
-718.185 1203.220
694.330 -1224.860
695.005 -1224.860
1131.910 -824.862
-720.101 1203.140
1131.330 -825.868
1132.010 -825.864
-718.111 1205.140
772.902 -1177.860
770.902 -1179.870
772.813 -1179.780
774.325 -1179.720
772.753 -1181.290
-1396.990 263.136
-1397.090 264.137
-1397.660 263.131
-954.089 -1065.850
-953.992 -1066.850
-954.668 -1066.850
-874.991 1123.140
-875.668 1123.140
-875.099 1124.140
-1247.990 704.135
-1248.670 704.135
-1248.100 705.143
894.901 -1154.860
892.901 -1156.860
894.820 -1156.780
896.327 -1156.720
894.765 -1158.290
993.895 -1100.860
993.333 -1101.870
994.008 -1101.870
1178.900 -908.851
1178.340 -909.847
1179.000 -909.849
1434.330 -381.860
1434.900 -380.860
1435.010 -381.862
-1438.990 462.131
-1439.100 463.142
-1439.660 462.136
1083.910 -1040.860
1083.340 -1041.860
1084.010 -1041.860
1163.330 939.138
1164.010 939.140
1499.340 -69.859
1163.900 940.134
1499.910 -68.858
1500.020 -69.853
1339.330 -732.860
1339.900 -731.857
1340.000 -732.858
1455.340 -454.867
1455.900 -453.859
1456.010 -454.866
-1473.990 493.146
-1474.100 494.141
-1474.670 493.145
1087.900 -1095.860
1087.340 -1096.850
1088.010 -1096.850
-1178.990 1012.140
-1018.990 1170.140
-1179.670 1012.140
-1179.100 1013.140
-1019.670 1170.140
-1019.100 1171.140
1486.340 -420.859
1486.910 -419.862
1487.010 -420.859
-1106.990 1101.140
-1107.670 1101.140
-1107.090 1102.140
1428.330 -640.855
1428.880 -639.859
1429.000 -640.856
1332.900 -870.863
1332.340 -871.872
1333.000 -871.870
1289.890 -945.858
1289.340 -946.857
1290.010 -946.862
1220.340 1016.140
1221.010 1016.140
1220.130 1018.440
1216.340 1024.140
1217.010 1024.140
1216.910 1025.140
1553.330 -382.861
1553.890 -381.857
1554.000 -382.862
1372.340 839.124
1373.010 839.126
1372.910 840.138
1625.330 136.141
1625.890 137.147
1626.000 136.140
1137.700 -1230.470
1139.900 -1229.220
1138.750 -1230.400
1140.400 -1230.370
1141.580 -1230.430
1504.900 -816.859
1506.900 -814.858
1506.820 -816.772
1506.760 -818.286
1508.330 -816.713
-1534.990 851.150
-1535.090 852.148
-1535.660 851.153
1579.910 776.143
1581.770 774.710
1581.820 776.222
1581.900 778.137
1583.330 776.275
-1434.670 1153.290
-1436.240 1151.710
-1436.180 1153.220
-1436.090 1155.130
-1438.100 1153.130
1629.330 818.137
1630.010 818.136
1629.900 819.139
1566.900 -988.868
1566.340 -989.871
1567.010 -989.869
-1633.990 957.139
-1634.660 957.142
-1634.110 958.143
1420.900 1222.130
1421.910 1222.140
1421.920 1223.780
1496.340 1150.150
1497.010 1150.150
1496.910 1151.150
1563.330 1077.140
1564.000 1077.140
1563.890 1078.140
1570.890 -1140.870
1570.330 -1141.870
1571.010 -1141.870
