0.505 -0.500
66.501 114.492
-40.499 -191.502
-148.504 -156.502
-205.495 72.508
-11.502 -224.501
-259.506 -38.502
-218.500 -150.500
139.371 245.639
135.501 251.496
190.500 241.497
-65.498 -319.498
-244.505 254.505
158.497 320.502
-223.499 -296.503
-355.503 124.497
380.498 6.504
382.497 159.500
368.502 195.498
-58.494 -435.497
53.504 447.497
198.498 -410.503
-272.501 -368.499
378.495 273.498
399.498 251.491
-116.502 463.499
133.507 -463.495
177.496 456.499
-486.504 -141.500
-504.562 132.966
-503.499 137.498
-109.496 -514.498
-125.504 -513.498
191.496 -523.499
-91.494 551.495
209.494 -522.498
-68.491 558.497
544.497 164.502
228.497 -526.495
-536.502 210.492
287.498 506.502
587.500 -35.497
522.492 -271.499
366.499 -464.505
-600.503 -56.499
507.504 -339.495
351.500 500.495
445.506 434.500
258.500 -601.502
43.498 668.504
-341.503 -581.494
-427.506 534.501
-334.498 597.502
604.502 -340.504
374.491 -608.497
573.498 -427.501
-708.497 -96.496
-538.498 -471.504
139.505 -720.491
689.497 255.501
-460.501 572.504
-651.496 346.503
-92.502 -736.505
-642.502 -377.500
696.497 287.500
-664.500 -359.501
-171.504 743.490
-747.501 169.496
726.497 -290.495
-79.493 779.507
165.494 -768.498
701.496 -372.498
-118.493 784.507
176.797 -783.563
700.499 -407.504
-811.499 -115.500
-319.499 -756.500
-759.504 -322.501
762.495 332.497
-827.507 -100.500
649.503 -529.495
57.544 838.902
56.209 842.287
557.497 -648.498
659.500 557.499
-512.496 -695.503
-163.496 -857.500
-50.503 -875.499
-856.500 199.498
-402.499 -785.500
841.504 -283.493
838.501 311.500
869.497 -211.501
672.498 601.501
662.498 -618.508
-287.497 -864.502
602.500 683.498
-419.508 -814.499
342.496 -850.505
-822.501 426.500
892.507 -256.503
-72.498 -929.500
684.507 -639.503
-182.509 -925.496
-731.502 -607.497
-736.498 603.502
-946.498 -144.497
414.505 -864.497
434.506 857.496
-939.494 -222.500
-657.495 716.505
-293.492 -932.505
-25.496 977.507
954.493 -241.502
87.493 980.500
997.499 -55.495
-783.493 630.506
1002.500 147.496
886.507 504.507
-884.493 -534.503
-522.496 -892.496
813.501 639.494
244.499 -1013.500
-175.502 -1033.500
840.497 -628.496
-39.503 1057.500
-783.501 -712.494
-532.500 -917.503
-346.496 -1005.500
-25.500 -1086.490
132.497 1083.500
713.500 847.501
-873.504 680.500
-1006.500 -468.499
922.503 -620.498
1115.500 176.491
586.491 965.499
661.499 917.498
751.502 -852.493
657.496 -936.497
-1010.500 -535.499
-636.494 953.503
1063.500 -439.490
874.501 -755.498
217.491 -1135.500
1102.500 -361.495
-676.507 943.494
217.905 -1142.070
-0.498 -1168.500
1090.510 438.504
761.503 -898.499
436.498 -1097.500
-291.497 1144.510
645.498 992.494
1116.500 398.499
1069.500 -538.501
-556.503 -1061.500
460.490 -1114.490
1090.500 -542.507
-733.502 973.490
-582.499 -1080.500
515.499 1118.500
-1139.500 -474.497
1134.500 -499.502
-1203.500 -350.500
-1218.490 -370.501
-670.498 -1086.500
980.499 -830.500
-434.500 1210.510
707.498 -1084.500
-1241.500 -366.493
1285.500 -199.492
989.498 851.503
1208.500 -496.500
-742.505 -1115.500
692.500 1154.500
1003.500 -901.505
-1181.510 660.501
-1116.500 765.499
-1332.510 -275.496
-1305.500 395.505
1059.500 880.499
-1147.510 -768.506
1208.500 679.500
1387.500 166.505
-1372.500 -278.503
1339.490 418.499
1403.500 -120.501
-1389.510 288.501
-1116.500 -880.496
1419.500 -115.498
1226.500 728.495
-1429.490 96.499
-946.501 1078.500
-1407.500 335.499
1392.500 -411.500
1433.500 -235.505
1448.490 122.496
-1447.500 -145.503
-1184.510 -853.499
1437.500 262.500
1281.500 -704.506
-1432.500 311.502
1398.500 -451.497
-1326.500 -633.502
-1489.500 101.494
-1412.500 -489.501
-1465.500 -303.506
1123.500 989.505
1044.500 -1077.500
1407.500 -533.492
1515.500 37.495
1321.500 763.492
1390.500 629.499
1535.500 7.497
1561.510 4.492
-1555.500 -296.496
-1508.500 481.503
-1065.500 1174.510
1419.500 -731.497
1546.490 -425.499
-1176.500 -1118.500
1475.500 -721.500
1245.500 1113.500
-1617.500 451.506
-1503.500 754.497
1503.500 -772.497
1437.500 -914.497
1397.500 -998.503
1385.500 1023.500
-1514.510 -839.501
-1270.510 1211.490
1565.500 891.500
1532.500 -977.503
-1540.500 971.501
1546.500 1112.500
