0.508 -0.498
51.501 -78.499
106.502 49.506
-119.504 -45.511
-131.503 25.501
60.499 -124.508
-61.503 -131.497
83.496 -122.502
-98.497 -124.493
73.497 -159.501
29.504 197.508
41.490 -205.491
-196.490 79.499
-220.502 41.499
61.565 218.432
56.835 223.260
136.550 188.454
137.951 187.962
49.496 241.497
198.504 171.497
-181.496 -199.506
-99.499 -255.504
21.499 274.505
-294.494 -1.495
-161.506 249.501
-160.500 -269.508
329.496 -51.500
197.503 293.499
351.504 -52.501
356.502 35.495
25.502 -359.112
-265.489 -242.496
25.503 -359.502
-328.497 -147.499
-240.502 274.503
117.506 347.499
-24.506 -405.504
-244.495 329.500
144.491 391.500
280.504 328.497
84.505 424.503
439.498 30.498
263.499 371.492
182.499 -449.494
139.506 469.504
-440.500 -217.508
496.497 -39.501
-35.495 500.504
274.492 433.498
450.506 -251.498
389.502 -338.503
-483.007 183.938
-482.673 187.296
426.502 299.507
-179.504 -497.501
-521.506 154.498
386.503 -386.499
-259.497 -482.504
-216.495 503.495
-532.495 -136.506
-336.498 462.501
-483.498 311.504
494.503 324.501
-431.497 -415.501
-406.507 440.497
259.500 547.505
-236.496 -562.505
-611.499 -29.503
250.501 -560.503
381.501 -483.499
404.502 485.505
-54.498 -633.495
598.496 229.506
-624.500 188.499
432.493 500.498
179.504 639.507
292.506 596.503
-164.497 646.501
-54.502 687.497
382.494 -583.493
-472.497 -518.502
-131.506 -699.505
-696.504 -143.497
-170.499 701.500
-529.504 -494.503
-726.502 61.507
-426.501 -592.504
251.498 692.510
-429.725 -601.883
-121.500 -744.500
-412.505 -634.506
657.504 380.499
493.506 578.500
-250.508 -720.501
-571.503 505.499
-759.494 91.503
401.498 656.495
-248.505 -740.502
785.497 -92.499
634.494 -474.506
72.501 796.501
161.503 -784.500
794.499 -143.504
790.501 -168.505
-705.504 406.503
-735.497 -351.507
564.500 -590.505
-558.497 594.498
-523.505 -627.495
764.500 -293.499
-715.497 -397.493
-57.499 818.503
168.492 803.504
-814.501 117.501
-633.500 -526.505
-349.503 746.504
492.497 665.500
-304.504 -770.496
-113.500 823.499
-134.495 -822.495
-413.494 722.509
811.503 205.503
-787.496 -293.505
791.498 308.504
-817.502 242.500
-644.499 -569.505
-812.504 285.498
327.502 -798.505
-743.498 -441.499
-722.504 475.504
-866.494 -0.496
772.492 -400.496
-684.500 537.508
-853.501 174.497
-418.505 -774.500
286.503 839.501
-59.501 885.500
-887.498 -62.504
-599.502 -664.500
818.505 -364.502
-523.585 735.041
285.500 -866.498
-534.497 741.499
582.499 708.500
658.503 639.499
-178.501 -904.499
879.499 -289.505
-744.499 -551.501
-919.497 115.498
497.503 -791.501
62.504 -939.499
-919.501 202.497
413.503 847.493
-548.503 769.831
-548.503 769.933
-931.502 -194.504
-405.492 861.500
-664.497 -684.506
-521.498 805.500
648.500 709.496
756.501 -619.501
891.500 -404.502
-65.506 978.500
-360.504 -916.497
893.497 418.493
917.497 363.505
-793.497 -588.497
-857.509 -495.501
-256.505 965.503
488.501 873.500
654.497 757.504
-1002.500 18.496
-620.507 789.496
231.498 977.501
996.494 158.503
895.500 -468.497
246.501 979.505
466.491 896.501
868.495 -522.497
506.496 877.507
1010.500 83.496
-780.505 649.501
-53.504 -1015.500
-578.500 835.496
940.501 397.501
-636.500 798.485
865.507 -544.498
-834.008 -593.310
715.494 734.505
172.499 1012.510
498.495 901.505
-626.502 822.499
-844.916 -597.419
-845.634 -597.612
990.495 350.501
139.499 1045.500
603.504 872.498
1060.500 85.497
-382.500 -994.504
184.503 1051.510
501.504 -946.499
-834.504 -673.495
834.509 675.501
-998.493 -395.499
-852.505 -654.504
-529.502 935.495
-657.498 850.505
-188.509 1058.510
-1072.500 88.504
601.502 896.504
-833.491 -691.504
-931.499 551.502
811.500 722.500
236.501 1060.500
-869.504 -664.497
-69.502 -1095.500
-793.401 757.709
-793.341 757.810
419.498 1015.500
295.501 1059.510
-575.502 939.503
-1022.500 -441.500
-877.494 687.501
364.496 -1056.510
259.494 -1088.500
-890.504 -676.496
-1099.500 -211.503
-14.495 1120.500
-871.501 -705.498
-1119.500 90.499
-608.500 -948.501
705.505 881.499
349.500 1084.490
184.493 1127.500
-633.495 952.501
-887.502 723.501
-38.499 1145.500
1123.500 -234.496
1148.490 19.499
-963.187 626.980
-963.243 627.432
573.492 -1000.500
-576.503 1000.500
426.500 -1076.500
-1001.520 581.779
-102.505 1156.490
480.493 -1058.500
-983.502 622.497
-1103.500 -380.502
-1000.820 601.716
1033.500 547.496
510.501 -1053.510
-911.043 -735.216
-911.487 -737.437
-1003.380 605.469
-8.501 -1173.500
-1005.350 603.798
-1172.500 39.502
-540.497 -1042.510
-455.507 -1084.500
218.495 1155.500
-765.506 893.501
-455.502 1085.500
746.493 912.504
-721.492 -934.502
-999.493 628.497
-981.502 659.496
-1012.590 612.150
438.490 -1100.500
-1160.490 -248.498
-1014.500 617.496
-599.974 1025.100
-610.315 1019.630
391.502 -1123.500
-330.499 -1143.490
-991.496 -658.499
-429.501 1113.500
-212.506 1175.500
420.500 1121.500
-419.860 1121.700
-1085.500 -510.502
-417.717 1125.160
1022.500 -633.506
1160.510 -333.508
-920.498 -784.497
-1168.500 -325.500
-976.493 724.496
633.494 -1039.500
-173.504 1204.500
-524.499 1100.500
-741.499 -969.507
-549.498 1089.510
-610.491 1062.500
-509.502 1120.500
1203.500 282.507
911.498 835.499
753.503 981.502
-1231.490 134.504
1109.500 -556.495
925.497 -829.504
-550.499 1115.080
-550.498 1115.960
-529.938 1129.980
-1004.500 -744.503
1004.500 -751.499
-1238.500 -232.501
-351.505 -1212.500
390.500 -1210.490
-581.502 1130.500
434.501 1196.490
1226.500 -346.500
1168.500 508.504
-1239.500 304.502
-490.501 1178.490
-1139.500 577.491
1280.500 -147.495
946.507 -879.496
-1273.500 212.491
1278.500 214.498
476.506 1205.490
-481.502 -1204.500
-1241.500 383.495
596.500 -1157.500
1155.500 609.494
-665.499 1124.500
-885.498 961.499
-561.496 1181.500
-1130.500 -661.499
739.493 1082.500
502.497 1211.500
-588.497 -1173.500
-584.496 1181.500
-1062.490 786.502
-1305.500 -216.500
685.501 -1133.500
-1290.500 -297.496
1079.500 -771.497
-659.499 1155.500
783.500 1078.500
1119.500 -729.496
641.499 -1176.500
-689.490 -1148.500
-1278.500 404.487
1010.500 -895.500
1347.500 155.500
694.497 1165.490
-965.504 -953.501
1098.500 -806.498
-1019.500 -910.499
-816.499 -1100.500
-1262.510 539.496
1178.500 709.498
-1376.500 -75.494
-678.504 -1207.500
-1212.490 -676.496
1277.500 551.503
-1371.500 -252.497
-1106.500 849.495
-1370.500 270.500
1343.500 387.489
1232.500 -665.500
925.497 -1057.510
-827.503 1140.500
-995.493 999.498
756.494 1193.500
1381.500 318.497
-1371.500 372.505
1187.500 -797.488
-898.499 -1113.490
-1406.500 -264.506
-1065.500 -957.497
860.498 1158.500
836.502 1176.510
803.498 1210.490
1231.500 -781.501
-1341.500 -586.499
1464.490 73.503
-1464.500 81.507
-1466.490 -99.498
1120.500 954.503
1447.500 -300.502
931.498 1148.490
-1228.500 -826.502
1343.500 628.501
1074.500 1033.500
1424.500 480.494
1409.500 528.501
1203.510 -906.499
-1455.500 -394.507
1504.500 -130.504
-1024.500 -1129.500
1495.500 303.505
1522.500 -109.499
-1327.500 752.499
1019.510 -1137.500
1529.500 45.505
1505.960 292.439
-1365.500 725.505
-1351.500 751.499
1365.510 745.504
1557.490 90.504
1539.500 -289.504
-1498.500 457.500
-1520.500 381.507
1547.760 260.792
1050.500 1170.500
-1101.500 -1123.510
1557.250 268.684
1579.500 -96.498
-1549.500 -347.506
1370.500 -819.498
1537.500 443.494
1244.500 1024.500
1169.500 -1122.500
-1454.510 715.505
-1599.500 -282.496
1557.500 622.502
-1368.500 -969.499
1583.500 558.497
-1386.500 -962.504
1210.500 1211.500
-1526.490 781.501
1416.490 971.495
1395.500 1011.500
-1414.500 -988.504
-1507.500 -863.497
1386.510 -1085.490
1300.500 1190.500
1618.500 703.502
1439.500 1051.500
-1556.490 -898.496
-1454.500 -1075.490
1367.500 1197.500
1516.500 1002.500
1586.490 977.496
