0.494 -0.505
47.496 74.497
51.502 -79.495
-20.502 92.499
60.500 -98.496
127.496 -55.500
-119.507 89.496
-68.498 -140.500
23.501 -156.502
-171.502 0.493
62.509 -199.504
108.503 191.496
-110.501 -199.502
141.497 199.492
-216.502 -134.499
258.491 46.494
-252.499 -76.501
116.499 246.503
-42.503 277.499
283.503 91.499
-161.493 -250.505
-213.505 -230.503
-123.500 -295.503
-279.497 161.499
-251.501 -223.504
-266.502 204.500
40.498 334.502
327.501 87.495
-216.500 -280.500
-366.504 -13.502
-300.496 -229.502
311.503 -217.505
-332.500 -191.497
361.492 -138.495
-28.503 390.500
240.506 -311.498
-11.501 -395.499
-386.496 95.496
-313.755 251.822
405.492 -32.502
-325.182 244.694
-311.503 266.501
-278.502 311.502
-169.504 -384.498
-208.505 369.505
319.502 -286.502
-433.505 39.493
-265.496 356.493
-217.501 -393.495
10.501 -450.495
148.502 -426.502
-206.891 -410.005
-390.502 -248.494
-435.499 -158.502
-423.503 196.496
361.502 -299.494
476.500 -20.498
-425.495 -214.500
430.500 -230.500
338.500 -353.498
158.501 -464.488
-282.501 412.503
-22.503 501.498
-440.497 -252.504
-505.499 -61.502
443.507 -254.501
190.493 475.505
-422.502 -322.504
494.504 201.501
-30.498 532.497
468.500 273.503
-427.948 336.386
-428.122 336.995
-174.505 519.494
-378.501 401.507
-542.499 -106.504
81.501 -565.505
-116.497 560.495
-399.499 -411.499
-471.495 -340.497
-566.501 -130.497
440.496 388.503
108.502 -582.499
-589.499 -49.502
470.506 366.502
-502.507 -329.508
211.504 -565.499
507.497 -331.505
152.504 -588.497
-540.502 -283.502
136.501 -610.502
6.501 -625.492
-512.917 356.932
-536.496 321.500
-466.500 420.495
-459.499 -431.504
108.505 -622.498
-526.489 367.498
-640.500 55.495
-581.501 297.497
220.506 622.504
330.492 -577.497
541.497 392.494
516.497 -426.503
70.500 -668.496
-157.495 -657.507
666.495 126.497
592.503 -332.496
-624.496 273.501
-210.497 -650.494
-626.494 -277.498
48.499 687.487
173.497 -674.493
-56.499 -697.501
-695.497 81.499
-687.497 -164.497
-561.497 436.504
-413.496 579.499
557.503 -452.497
-515.501 -499.503
718.501 49.498
-682.498 -252.501
564.037 -465.428
638.501 -358.500
566.002 -469.000
-244.492 697.507
126.498 -735.499
-227.429 -711.693
-227.456 -711.767
694.499 277.500
469.499 588.504
59.501 -754.495
159.505 -742.496
-352.507 -675.503
758.498 111.499
-752.499 147.500
-490.500 599.500
-728.498 -265.496
527.507 -571.503
-547.505 -557.493
215.497 -753.504
-207.500 -758.504
-756.504 214.506
63.496 787.497
-20.807 799.157
-21.753 799.444
-593.494 -546.503
-810.503 55.498
376.504 -723.497
457.505 -678.504
-85.499 -814.497
-481.500 -663.502
476.503 -670.498
-77.958 -823.190
788.507 251.494
412.507 -719.503
730.496 408.498
128.500 -827.502
25.500 841.503
-108.504 -837.499
-296.504 -794.500
-438.494 725.504
-408.502 -748.501
-485.503 700.501
-802.712 304.267
-802.746 304.356
-514.500 -690.502
-557.506 -656.498
-608.504 608.501
666.504 551.495
-72.497 861.506
-45.499 866.503
13.497 -884.506
-857.506 217.503
-401.502 -794.502
-324.494 828.495
658.497 600.506
-809.505 -375.501
-631.499 637.502
-516.503 736.506
-451.497 779.499
143.501 -894.500
902.501 80.497
904.710 -134.572
378.512 -833.500
906.092 -134.817
314.500 -860.502
126.498 -907.491
-538.501 742.494
335.507 -856.496
-684.512 -616.506
173.493 911.503
-824.504 -431.504
-930.500 -51.493
921.496 194.492
923.497 -211.498
-313.506 -895.493
-90.496 948.495
-259.499 917.499
-776.500 560.503
-924.495 -297.501
-964.506 -121.499
-723.503 657.503
101.503 974.503
175.493 972.496
955.497 256.509
-715.495 685.504
878.497 -465.504
821.500 559.504
421.505 -901.498
722.506 -684.509
922.497 -373.495
967.157 247.092
998.501 81.495
-1001.500 -90.497
848.504 565.499
-950.490 369.499
-1019.500 67.498
754.500 695.499
-876.265 538.724
747.509 -710.495
-876.542 544.062
-44.498 1037.500
540.506 -889.502
-887.203 546.406
-101.499 1040.500
-319.495 -1001.490
850.503 -628.502
-1051.500 -122.497
-770.491 734.504
-1056.500 -152.506
-513.127 -938.584
-138.503 1062.500
825.500 692.504
423.494 -994.501
-711.501 -815.505
-345.505 -1026.500
-260.501 -1052.500
-994.502 -430.505
-985.825 450.680
213.503 1066.500
-1075.500 -168.499
226.499 -1067.490
1091.510 77.497
487.506 -980.507
1004.500 439.495
-999.494 456.500
-555.496 -954.499
355.491 -1048.500
813.494 -751.505
-28.498 1108.500
-1071.490 286.509
-1028.500 435.501
-1052.750 -375.710
-1054.570 -376.993
-1110.500 171.498
-523.499 -997.492
-380.503 -1063.500
275.500 -1097.500
-1130.500 170.504
-1085.500 -364.499
1138.500 -156.502
-743.499 879.496
-982.499 -605.504
-929.489 694.499
622.501 983.496
1023.500 555.500
367.408 1104.760
367.426 1104.870
-1147.510 -211.494
-566.501 1020.500
-555.506 -1033.500
-1160.500 -171.499
-1159.310 -180.271
-159.500 -1165.500
-1174.500 72.494
419.495 1108.500
1066.500 -521.496
-946.500 -721.499
-661.498 994.498
866.503 -828.500
-77.496 -1197.500
-1194.500 -138.501
-849.500 -855.498
1000.500 -683.502
-568.498 -1069.500
-888.496 825.496
1206.500 137.503
1104.500 -525.504
-1143.500 -439.637
-740.495 989.500
-1071.500 -625.504
-1117.500 -541.919
-1239.500 -159.507
-640.499 1073.500
1148.500 -508.504
728.493 -1024.500
-701.503 1059.500
-456.497 -1192.500
630.502 -1111.500
1153.500 -574.500
-1241.500 341.507
-1293.490 112.494
928.497 -914.504
780.497 1049.500
-942.500 908.505
-1182.490 -566.503
859.512 -991.500
-882.503 -975.498
-639.498 -1151.500
-1209.500 -525.112
-1209.500 -525.505
1324.500 -27.507
-1068.500 781.500
-812.500 -1046.490
-1300.490 -261.498
1325.500 -77.504
-1145.500 673.499
1081.500 -776.503
1156.500 -664.504
-719.494 -1123.500
-655.501 1161.500
-611.499 1186.500
-1059.490 812.503
-1300.490 -315.495
-1312.500 280.497
1270.500 -457.495
-1291.500 399.497
1007.500 905.506
962.490 968.508
-941.496 -992.503
810.500 1102.500
-974.497 967.500
-869.508 -1078.500
906.499 -1055.500
1132.490 -811.511
-735.497 -1186.500
814.496 -1135.500
-1394.490 -127.499
-1041.490 936.494
1218.510 -695.499
-1288.500 584.497
-1269.500 629.499
1285.510 -630.494
1353.500 -467.499
1212.500 -771.505
-1047.500 984.507
1374.500 -433.494
-1075.500 978.500
1056.490 1001.500
-1393.500 429.493
-1368.500 503.505
1288.500 -702.497
-1335.490 -613.498
1204.500 -851.499
-849.500 -1205.490
-1219.500 834.500
940.501 -1144.500
-1283.500 757.501
-1494.510 -115.502
-1480.500 239.502
1479.500 255.500
1156.510 979.495
1508.500 190.502
-1412.500 561.502
-1450.500 -457.496
1440.500 491.494
1333.500 -762.500
-1517.500 231.500
-959.501 -1206.500
1332.490 -787.503
-1312.320 824.044
-1311.510 837.500
-1558.510 -136.496
-1556.500 207.503
-1576.500 -85.502
1165.500 -1070.500
-1377.500 -786.498
-1235.500 996.495
1061.500 1185.500
1139.500 -1123.500
-1475.500 -626.513
1304.490 933.503
-1178.500 -1119.500
-1603.500 -360.493
1400.510 -865.501
-1560.490 -523.492
1312.500 -998.494
-1581.500 531.494
-1585.500 -529.499
1204.500 -1175.500
-1437.510 -894.500
1253.510 -1151.500
1274.490 1156.510
1525.500 -813.497
1553.500 765.504
-1284.500 1164.500
1535.500 -837.505
1296.500 -1181.500
1355.500 -1187.500
-1471.510 -1039.500
1381.490 -1176.500
1465.500 1107.500
1597.500 -919.494
