0.496 -0.502
-56.499 -80.505
-93.508 -42.514
100.496 -55.499
-108.495 54.497
-161.500 49.494
138.506 -155.499
217.499 40.497
82.506 266.495
229.499 -203.495
10.503 -312.497
36.507 -314.508
330.500 0.500
303.505 160.495
-18.501 -347.504
-157.497 -319.499
16.499 -367.504
127.497 345.499
-160.503 338.500
67.503 389.498
398.504 15.499
372.498 -168.502
-397.504 105.501
-191.499 -369.496
57.497 -427.501
-413.500 175.496
450.502 -66.494
396.498 -247.504
-41.499 469.500
-110.502 -460.494
-461.495 -113.496
-369.498 303.498
97.504 471.495
-476.500 100.499
488.495 48.494
-486.502 -126.501
-191.500 464.504
-502.492 -112.498
170.500 -489.496
518.497 -40.497
-519.499 33.503
471.501 234.504
-320.501 -420.501
85.501 537.496
-258.494 -484.498
110.501 542.499
554.499 95.496
242.495 -512.499
412.495 -397.503
122.496 564.503
-469.503 -340.505
-565.500 166.498
-577.500 -181.502
-44.504 -631.500
-536.499 334.492
607.497 -232.500
603.498 274.504
524.505 -430.501
-326.513 -603.498
642.504 248.493
-181.501 664.495
-631.503 -317.503
647.493 -313.506
-623.502 363.499
-704.504 -204.505
-182.505 -715.498
-561.496 -496.502
25.500 -751.496
645.500 396.501
533.504 541.495
-586.503 483.502
124.499 757.495
-764.496 115.501
-458.499 623.501
-762.499 -149.504
688.497 382.497
-777.499 144.498
-628.503 482.507
-229.500 765.495
348.504 741.500
-797.502 206.495
-824.499 69.496
-251.505 789.500
465.495 686.499
751.501 360.496
-696.494 -473.508
167.500 839.502
-832.506 -234.500
740.501 -450.509
345.500 -799.504
804.499 -336.507
-818.509 -310.503
685.507 -560.496
374.498 802.501
-168.503 879.502
-800.503 424.504
-789.498 -466.506
410.499 820.505
-167.493 903.507
679.498 624.507
-129.505 -917.506
-349.505 -859.507
877.505 -307.508
-12.504 -935.502
-535.505 772.504
805.501 490.504
944.502 3.505
423.501 860.492
407.501 868.498
506.500 817.493
530.500 810.497
-917.500 314.503
-631.497 740.504
-708.507 678.500
-816.503 -556.497
520.503 -846.498
812.502 582.494
-1005.500 -36.498
-870.500 -506.504
779.504 -658.504
871.498 546.497
1009.490 302.499
292.504 -1014.500
759.494 736.501
978.504 -414.497
1034.500 -251.501
398.062 999.773
-1075.500 33.501
196.496 -1060.510
396.498 1005.500
141.503 -1077.500
-1070.500 -190.508
-302.498 1044.500
724.501 -813.500
1082.500 127.501
-257.499 -1072.500
429.502 1020.500
-763.502 802.498
-1110.500 -15.502
-255.491 1085.500
1080.500 285.489
-1041.500 -404.501
171.499 1110.500
451.499 1043.510
-1121.500 -197.496
-731.506 -883.490
-216.501 -1127.500
-1062.510 -455.490
208.497 1141.500
680.504 941.497
8.504 1168.500
-16.499 -1171.500
768.506 890.497
223.503 -1158.510
517.502 1060.500
-1044.500 567.505
672.507 985.494
296.505 1160.500
-1175.500 305.497
793.502 -927.499
-412.502 1153.510
-936.500 798.499
-1025.500 687.505
-955.495 -787.504
-725.499 -1004.500
-1144.500 507.497
969.496 -819.503
1257.500 -175.503
-733.507 1053.490
1088.500 -688.496
-908.492 -912.496
781.507 1027.500
-1230.500 390.506
1260.500 -295.498
-1030.500 -799.502
796.500 -1042.500
-935.502 -924.496
582.501 -1181.500
-1219.500 -537.504
1233.500 -526.505
1331.490 162.502
-1319.500 286.504
814.494 1086.500
-667.496 1193.500
-1343.500 -262.501
-1075.500 856.500
-1063.500 874.493
1211.510 662.502
-1096.490 838.506
-1023.500 947.502
-1369.500 -292.505
1027.500 -959.499
1223.500 -715.495
-733.497 -1212.500
-1382.510 342.501
-1120.510 -919.501
1297.500 671.502
-1450.500 -183.500
1376.500 496.502
-1326.490 621.505
-1425.500 341.501
-1102.500 -970.504
909.503 1161.490
1256.510 -801.497
-1119.490 987.503
-1005.500 -1110.500
1471.500 -324.503
1485.500 364.503
1126.500 -1038.500
-1465.510 -443.506
1289.500 833.501
-1085.500 1111.500
1385.500 713.493
-1345.500 797.493
1557.500 -207.506
-1528.110 -453.122
-1528.140 -453.223
1426.500 723.505
1208.500 1078.500
-1611.500 -230.505
1335.500 -939.501
-1164.510 1156.510
1496.490 -719.501
-1341.500 -980.501
1538.490 646.499
1269.500 1091.490
1565.500 646.500
-1197.510 1198.500
-1224.500 -1187.500
1578.500 669.501
-1378.500 1030.500
-1567.500 733.499
-1475.500 944.494
1336.500 -1204.500
1369.490 -1197.490
-1445.500 1108.500
1563.500 -1005.490
1497.980 -1103.010
1533.500 -1065.490
1587.490 -1093.500
-1605.510 1101.500
