-3.898 0.659
-8.274 0.870
12.495 26.499
-44.494 28.506
-57.503 -16.508
-59.923 14.862
-60.045 16.378
60.493 43.498
-23.942 -88.998
-27.363 -89.331
-70.500 -67.500
65.504 -74.489
76.505 -97.501
18.508 128.494
-117.504 -73.496
55.496 124.496
-20.498 141.503
122.499 65.508
146.493 -29.502
-157.500 45.502
-85.503 -139.505
59.500 -153.503
-6.498 -177.502
159.502 100.497
149.505 162.495
33.504 -221.507
96.496 212.493
231.492 86.501
-191.503 -174.506
-253.498 71.499
-263.367 -46.103
-274.501 -28.502
-275.506 30.505
266.509 -68.062
-279.503 -51.502
262.500 -89.502
94.366 267.018
193.499 -204.499
253.505 122.493
-144.501 259.498
84.885 282.004
271.497 -108.501
180.498 -247.496
170.272 -255.696
97.499 294.496
308.500 -49.499
-322.501 -50.502
-305.501 137.500
310.495 -107.488
221.497 246.497
-24.503 344.499
336.500 -55.500
-229.501 -265.498
-175.495 -304.498
-340.503 100.502
-232.882 -273.056
-218.505 -285.502
202.493 299.488
-159.499 -328.506
110.499 347.493
100.495 365.500
-239.496 298.506
117.498 -361.503
-350.505 161.497
174.504 353.497
28.505 402.499
13.501 413.500
352.491 218.499
351.498 -219.497
407.507 -114.501
-275.498 334.499
-26.498 -429.496
23.634 431.565
-369.507 233.498
20.497 436.500
441.501 69.501
-275.501 360.497
238.492 385.503
-192.501 -414.501
-29.493 -455.503
-318.501 -332.500
-363.506 294.504
-232.499 -405.505
-116.506 -455.504
60.507 486.498
370.500 317.504
-472.500 -151.493
193.498 455.497
227.494 440.502
-246.256 435.833
-253.763 438.617
370.503 345.506
-273.502 437.500
-455.495 247.504
-62.235 514.666
494.498 145.501
448.499 -254.501
-524.503 -41.505
193.503 484.496
-71.510 523.501
452.500 271.498
-243.505 -476.508
-127.505 -522.504
526.498 -91.510
-81.499 -533.500
203.496 511.509
98.499 543.501
-554.498 46.502
186.500 520.497
-546.503 -129.497
-39.504 -556.495
57.502 560.510
560.498 2.502
-249.504 509.504
-317.497 -470.502
18.503 -577.499
515.502 265.503
-274.499 -518.496
294.504 521.502
-352.502 -493.495
36.500 605.504
581.493 161.498
466.566 385.738
-571.501 -217.498
-277.503 545.496
576.504 -189.499
-89.503 -604.511
-339.503 -510.506
-298.502 -535.504
350.504 500.503
-386.501 -484.500
473.502 394.503
-340.900 -519.601
-572.500 -256.501
146.501 612.500
30.735 -629.957
624.497 90.496
216.503 598.501
-20.497 -639.501
-504.496 -400.497
453.500 452.496
-349.493 -543.497
-462.503 458.500
-231.510 -607.515
-651.502 74.501
-147.501 636.498
-146.501 -635.499
-660.500 18.502
-477.504 -454.503
505.170 429.448
505.314 430.532
-623.499 -245.505
453.499 486.500
-328.495 584.499
-597.502 314.496
509.181 435.846
-374.507 -562.501
-413.498 -537.499
561.497 -370.503
396.505 -544.498
-395.503 552.503
-680.498 12.500
541.494 401.493
644.499 -199.502
-306.501 -616.502
-633.213 -283.203
-637.896 -279.605
-562.502 -415.501
-701.503 -11.508
234.506 -655.503
456.492 525.504
-701.503 61.498
-308.503 -636.503
670.502 225.497
-73.503 708.502
-136.506 -698.494
538.501 462.500
-187.497 693.496
383.499 606.501
-405.502 -596.502
141.499 -707.506
-115.502 716.501
-698.495 -206.503
675.498 256.504
82.493 730.500
-737.506 -52.494
533.504 -508.502
117.505 -730.501
-187.495 -719.497
-728.502 -182.509
-219.505 -715.501
302.007 684.504
8.503 -748.506
-225.493 718.499
-216.005 -721.551
143.495 739.489
-695.506 -300.496
-289.505 699.501
280.499 702.496
-341.498 679.503
557.499 516.497
386.493 658.500
455.492 612.506
673.498 -361.503
-501.504 -588.496
-141.499 -758.493
-336.499 -697.501
-542.496 556.499
-528.499 -576.505
563.506 -535.501
-756.503 -211.501
-431.501 655.497
432.501 -658.502
-794.499 32.506
602.509 511.492
-439.494 -664.508
684.491 -402.496
110.499 791.506
50.500 800.499
720.500 346.499
-242.496 -770.494
-107.493 805.502
-797.501 -176.498
-796.595 -181.493
310.503 755.508
114.493 810.505
-545.497 -614.494
-488.505 -660.498
581.501 575.504
59.498 -817.497
-449.500 692.503
694.509 -447.505
435.497 -703.501
648.498 515.497
343.499 767.500
759.498 365.494
732.506 422.499
-852.499 97.499
-857.497 74.504
-852.499 -121.502
781.496 351.497
847.498 129.498
-861.389 -80.892
853.882 80.555
-588.504 -633.493
-866.501 -69.496
768.503 394.494
860.135 76.188
405.662 765.631
405.489 766.603
-650.500 581.503
-447.497 751.498
851.504 172.503
750.497 -441.507
660.505 -570.505
716.494 507.501
241.498 -847.497
396.490 788.499
421.042 776.037
-890.499 -26.501
786.500 406.502
776.496 436.502
-593.495 673.503
-115.499 -893.504
-407.502 806.495
-578.499 -698.496
25.498 906.508
168.494 895.497
725.503 548.505
-405.506 -819.499
-886.507 241.502
-821.502 -418.493
-156.500 -907.497
863.499 319.492
883.504 -282.500
451.500 -812.507
-565.493 750.502
603.504 -716.500
-883.501 334.499
529.503 779.495
-912.506 -283.499
-524.503 800.496
265.498 -915.500
64.501 954.499
-955.501 99.503
575.503 763.504
409.503 -865.502
425.501 861.500
818.503 508.495
-288.495 -924.501
158.501 -962.505
-282.494 949.508
-761.505 -639.501
-871.502 485.500
-410.502 909.503
-620.491 784.494
-1001.500 20.500
-1001.500 -42.503
971.495 260.497
-611.500 810.500
-611.500 810.891
-233.499 -987.501
-883.499 -508.500
499.504 892.501
-605.502 -829.501
1021.500 37.497
985.494 273.508
37.495 -1026.500
-956.502 392.498
-602.469 -841.261
717.495 743.500
533.496 -885.507
-942.500 452.496
-625.502 -837.500
-697.494 -788.507
913.497 -512.495
715.504 770.492
1049.510 31.505
75.501 1052.490
-925.503 -516.501
-822.504 -669.498
422.497 972.499
-1069.500 -46.502
-856.502 -641.502
-1062.500 -140.497
-1042.500 267.495
334.564 1027.080
468.501 976.504
-1081.510 127.506
-1089.500 32.504
333.504 1033.510
1001.500 414.503
427.508 -998.505
-637.497 -901.498
-1077.510 -264.497
-289.501 1070.500
1053.500 -330.500
-269.509 -1077.500
-1104.500 162.501
-273.500 1080.500
874.501 685.498
-332.500 -1064.500
280.497 -1077.500
241.504 1088.500
25.494 1115.500
448.503 1025.510
1105.500 -157.507
75.171 1123.300
70.505 1129.500
-1062.500 -407.504
-522.503 1011.500
-77.510 -1133.500
-813.501 798.496
806.494 799.505
89.445 1139.620
1095.500 -324.509
895.502 712.496
-1064.500 -442.497
86.500 1147.510
-1152.500 76.503
329.504 -1101.500
-574.508 1001.500
631.502 964.504
-1161.490 -27.493
-456.501 -1067.500
70.499 -1157.500
750.502 883.500
843.491 798.501
-214.502 -1145.500
-376.504 -1107.510
-1164.510 -156.503
-8.506 -1173.500
1164.500 -126.501
-684.495 960.504
1072.500 -480.502
357.498 1123.500
1056.500 519.504
-1011.500 618.498
-132.493 -1175.500
695.505 955.497
-618.502 -1011.500
-160.502 -1173.510
148.494 1178.500
-525.500 1077.500
686.496 980.500
-483.501 1107.510
-842.501 -868.494
64.499 -1211.500
469.505 1121.500
-690.503 -1004.500
-532.499 -1096.500
-838.499 888.503
486.505 1118.500
1071.500 578.494
-322.502 -1178.500
-1045.490 -651.503
1217.490 160.499
-878.500 874.499
1075.500 606.500
-852.501 -900.500
-1163.510 -433.503
1056.500 640.495
619.505 1072.500
-1192.510 360.501
-925.495 835.503
1072.510 625.496
1165.500 -428.494
-837.500 -926.500
492.504 -1143.500
829.495 930.491
437.719 1178.120
837.502 -934.502
1120.500 573.502
-1267.500 51.502
-1268.500 -78.500
-760.498 -1018.360
-760.845 -1019.500
565.504 1136.500
442.502 1195.500
686.502 -1075.500
-1045.500 -750.494
-1165.500 -548.509
-1202.510 -473.496
-1091.500 692.502
-1135.490 -632.498
572.506 1164.500
876.501 962.496
-1308.500 31.500
-843.493 -1002.500
-515.501 1206.500
732.496 1085.500
602.500 1167.500
-1172.500 -607.504
-1151.500 -649.503
1032.500 819.498
-867.508 1000.500
-1296.500 276.495
-1160.500 642.496
-726.497 -1111.500
1006.500 860.505
1035.500 -827.497
-1334.500 -40.505
-1068.500 -800.500
-642.499 -1180.500
-1150.500 704.498
-1322.500 -266.506
-1104.490 -778.495
705.500 1153.500
-815.497 1084.500
1345.500 130.500
-965.503 -955.495
-1362.500 109.510
-768.503 -1128.500
1274.500 -478.501
1322.510 -329.500
1015.500 -910.505
-779.499 1127.490
-1307.500 418.497
1197.500 -658.500
1367.500 -1.493
-1378.490 -1.497
-760.502 -1150.500
-1377.500 133.499
798.499 1127.490
-1037.500 -919.504
-1259.500 587.495
905.504 -1047.500
-1373.510 232.501
1189.500 722.500
783.496 1164.490
719.499 1211.500
1268.500 -616.500
-1373.500 372.495
965.501 1044.490
768.503 -1208.500
-1309.500 -596.499
-863.494 -1158.500
-1436.500 -233.497
1247.500 -740.506
-1219.490 -824.503
1365.500 -537.498
1358.500 -557.495
1119.500 954.498
1386.500 503.500
1416.510 411.494
1294.500 -711.503
-1459.500 -274.504
-1120.500 -975.504
1372.500 555.498
-1169.500 925.505
-1391.510 -572.504
1169.500 944.499
-1144.500 -983.496
1158.500 971.498
1485.500 -395.499
1312.500 802.505
1311.500 -809.502
-1550.500 162.493
-1182.500 1020.500
1477.500 515.509
-1411.490 -691.498
-1559.510 230.506
1191.500 -1036.490
-1474.500 -586.501
-1506.500 -583.501
1579.500 341.503
-1300.500 -971.500
-1321.500 944.496
-1083.500 -1210.500
1176.500 -1114.510
1131.510 1163.500
1342.500 924.495
-1351.500 935.503
-1194.500 -1152.500
-1267.500 -1091.500
1510.490 713.494
1451.510 832.502
-1613.500 481.501
-1310.500 -1064.490
1192.500 1190.510
1259.500 1155.500
1460.490 916.498
-1570.500 -801.504
-1336.500 1211.510
-1468.500 -1092.500
1516.500 1029.500
-1497.500 1114.500
1519.490 -1090.510
-1564.490 -1058.500
-1597.500 -1032.490
