44.321 18.135
44.996 18.136
44.883 19.139
-3.997 54.138
-4.679 54.133
-4.107 55.145
-9.079 -48.864
-8.977 -49.851
-9.671 -49.855
-33.101 -70.858
-32.992 -71.868
-33.657 -71.867
120.906 -79.869
120.328 -80.885
121.016 -80.877
-57.997 129.126
-58.670 129.136
-58.107 130.141
104.335 175.140
105.000 175.148
104.902 176.153
-136.004 34.145
-136.110 35.141
-136.659 34.142
168.887 -142.855
153.890 -153.864
168.333 -143.851
169.005 -143.859
153.338 -154.864
154.013 -154.868
-136.662 149.290
-138.251 147.706
-138.187 149.226
-138.091 151.141
-140.103 149.133
-192.114 -26.875
-192.001 -27.882
-192.675 -27.878
-51.984 268.130
-52.665 268.120
-52.091 269.124
186.921 -233.858
304.327 146.152
186.344 -234.863
305.015 146.147
187.005 -234.865
304.897 147.137
69.882 -301.870
69.330 -302.871
70.002 -302.875
212.886 -258.859
212.324 -259.862
212.991 -259.859
375.325 -0.855
375.891 0.142
375.994 -0.852
320.328 222.145
320.995 222.145
320.880 223.147
-292.095 -115.861
-291.994 -116.877
-292.664 -116.884
-217.098 -254.870
196.896 -327.867
-215.670 -256.717
194.899 -329.859
-217.194 -256.770
196.819 -329.777
198.322 -329.722
-217.260 -258.274
-219.106 -256.849
196.767 -331.282
400.362 -123.854
400.918 -122.847
401.022 -123.856
79.911 -376.856
77.901 -378.841
79.817 -378.757
81.321 -378.701
79.752 -380.289
-289.982 239.140
-290.667 239.132
-290.101 240.123
2.013 447.133
1.337 447.134
1.920 448.138
475.353 99.150
-38.011 449.131
-38.679 449.135
476.023 99.150
475.936 100.152
-38.131 450.136
-368.104 -157.850
-367.989 -158.860
-368.668 -158.856
499.336 -26.860
499.887 -25.863
499.996 -26.855
-412.980 100.113
-413.115 101.119
-413.659 100.125
5.003 483.142
4.337 483.151
4.896 484.141
-403.093 -124.879
-402.983 -125.869
-403.663 -125.871
57.341 489.143
57.996 489.142
57.907 490.148
-159.004 463.145
-159.667 463.140
-159.104 464.148
-457.003 126.141
-311.989 387.157
-457.104 127.132
-312.657 387.166
-457.675 126.138
-312.107 388.155
-39.994 529.148
-40.663 529.145
-40.103 530.154
-459.098 -137.868
-458.987 -138.875
-459.659 -138.875
42.737 546.708
40.889 548.123
42.798 548.199
44.333 548.252
319.892 -435.866
317.902 -437.878
42.890 550.133
319.809 -437.786
321.326 -437.724
319.754 -439.287
-480.121 -92.863
-480.008 -93.854
29.991 554.136
29.324 554.132
-480.662 -93.853
29.891 555.153
-346.113 -351.861
-346.003 -352.874
-359.109 -338.853
-346.670 -352.877
-358.995 -339.850
-359.670 -339.848
28.893 -547.848
29.008 -548.841
28.331 -548.829
616.344 82.138
616.887 83.136
617.002 82.129
-538.000 -0.858
-538.099 0.152
-538.668 -0.861
140.336 604.120
140.995 604.126
140.876 605.142
567.905 301.160
569.760 299.714
569.812 301.231
569.888 303.143
571.330 301.279
632.323 -108.843
632.884 -107.864
-539.968 163.143
633.014 -108.851
-540.079 164.125
-540.655 163.142
73.338 621.128
74.014 621.131
73.898 622.136
-92.998 624.125
-93.665 624.122
231.743 610.709
229.899 612.130
-93.102 625.133
231.804 612.227
233.329 612.293
231.893 614.136
165.903 -594.856
165.329 -595.846
166.014 -595.845
31.011 651.140
30.334 651.137
30.902 652.146
-528.096 -256.863
-527.990 -257.862
-528.645 -257.846
51.331 654.136
52.009 654.137
51.892 655.123
-464.094 -368.864
-463.985 -369.860
-464.656 -369.862
625.337 -256.888
625.913 -255.860
626.005 -256.879
453.318 526.141
453.997 526.144
453.888 527.151
337.346 607.139
338.015 607.147
337.930 608.147
694.327 -94.855
694.907 -93.858
695.007 -94.852
315.899 -590.838
314.801 -592.330
315.890 -592.326
-78.096 -638.860
-77.999 -639.879
-78.660 -639.893
619.894 -323.872
619.333 -324.870
620.004 -324.870
404.904 -561.868
404.332 -562.863
405.015 -562.859
-635.001 126.149
-635.099 127.128
-635.678 126.159
694.342 -220.866
694.895 -219.877
695.018 -220.867
264.908 -646.846
264.342 -647.843
265.010 -647.844
-249.094 -622.855
-248.981 -623.853
-249.666 -623.851
752.340 58.134
752.893 59.131
753.009 58.126
-659.927 -83.926
-660.081 -86.435
-660.242 -89.236
47.901 -694.868
-654.983 160.115
-655.083 161.137
-662.434 -82.811
47.324 -695.867
48.000 -695.866
-655.648 160.117
-663.391 -84.927
-663.354 -89.299
-665.551 -84.765
-665.562 -87.991
556.903 -484.853
558.900 -482.851
-331.237 631.707
558.818 -484.772
-329.665 633.286
558.763 -486.282
560.325 -484.717
-331.180 633.221
418.914 -597.858
418.323 -598.842
-333.098 633.126
-653.113 -167.850
419.011 -598.848
-653.004 -168.847
-331.097 635.130
-653.662 -168.842
-623.094 -276.861
-622.980 -277.865
-623.666 -277.856
-227.123 -661.860
510.329 583.156
510.999 583.154
-227.009 -662.862
754.329 201.139
-227.698 -662.870
510.870 584.147
755.011 201.143
754.902 202.145
584.900 -479.856
-209.117 -671.874
586.896 -477.870
-208.986 -672.866
-209.671 -672.857
586.823 -479.782
-455.003 560.142
586.772 -481.283
-455.682 560.150
588.326 -479.733
-455.140 561.134
-687.068 -81.859
-686.981 -82.853
-687.640 -82.869
219.351 736.138
85.887 -719.850
220.011 736.141
219.907 737.148
83.894 -721.856
85.805 -721.771
87.340 -721.714
610.333 497.140
611.032 497.142
610.917 498.125
85.750 -723.287
-235.080 -672.865
749.338 260.133
750.027 260.136
-219.120 -679.865
-234.985 -673.856
749.915 261.138
-235.656 -673.849
-219.007 -680.867
-219.673 -680.871
299.893 -685.850
299.339 -686.855
300.008 -686.856
-583.990 429.143
-584.660 429.147
-584.106 430.143
-15.099 -737.858
-81.077 -729.852
-14.985 -738.886
-15.656 -738.881
-80.973 -730.860
-81.667 -730.863
-712.985 95.142
-713.088 96.149
-713.663 95.140
807.335 15.143
807.905 16.147
808.013 15.147
-699.678 198.292
-701.255 196.715
-701.191 198.226
-701.096 200.143
-703.096 198.129
-709.088 -137.849
-708.984 -138.848
-709.670 -138.847
16.890 -751.852
17.005 -752.847
16.330 -752.843
-168.095 -723.861
-167.984 -724.853
-168.662 -724.854
814.334 -62.855
814.893 -61.861
814.997 -62.861
-684.105 -248.868
-683.993 -249.868
-684.668 -249.859
-292.112 -685.860
-292.006 -686.850
-292.659 -686.855
739.331 398.149
740.002 398.150
739.894 399.133
818.339 214.127
819.022 214.118
818.903 215.140
250.331 799.134
252.415 798.635
254.894 798.263
251.037 800.138
253.666 799.521
-665.983 414.135
-666.097 415.135
-666.664 414.133
678.891 -494.862
678.327 -495.865
679.016 -495.878
748.882 -418.850
748.331 -419.851
748.999 -419.855
-742.114 -256.870
-742.002 -257.876
-742.665 -257.877
-383.084 -699.864
-382.976 -700.844
-383.665 -700.853
113.914 -815.870
707.929 -491.847
707.344 -492.860
708.023 -492.854
113.325 -816.851
114.015 -816.851
-560.091 -566.880
-559.982 -567.893
-560.668 -567.895
-436.090 -673.871
447.909 -721.867
-435.990 -674.867
447.340 -722.872
-436.664 -674.871
448.018 -722.876
-789.106 -122.860
-788.982 -123.878
-789.673 -123.876
169.900 -818.872
169.331 -819.863
170.017 -819.864
544.331 713.134
545.004 713.131
544.874 714.134
363.911 -780.858
363.344 -781.854
-702.129 -411.868
364.008 -781.858
-701.995 -412.855
-702.673 -412.846
275.899 -814.870
383.342 814.137
275.332 -815.867
383.996 814.134
276.003 -815.873
-670.093 -470.863
-669.988 -471.869
383.887 815.147
-733.108 -364.857
-670.668 -471.870
-732.999 -365.866
-733.674 -365.865
-35.110 -848.877
-773.669 -282.714
-34.993 -849.870
-35.676 -849.875
-775.108 -280.858
584.911 703.139
586.757 701.716
-775.187 -282.775
-775.241 -284.295
586.819 703.232
-777.094 -282.862
588.325 703.295
586.910 705.153
-370.986 790.140
-371.659 790.133
-371.079 791.145
566.890 -691.872
560.292 -697.232
565.402 -693.533
567.000 -692.859
561.649 -697.348
896.332 258.160
897.017 258.159
896.892 259.146
784.333 509.116
785.002 509.121
784.903 510.130
-677.010 541.145
-677.681 541.139
-677.131 542.147
-223.433 -834.815
-221.136 -835.905
-221.070 -838.269
-225.636 -836.998
-223.553 -838.305
-223.488 -840.397
349.567 -829.814
347.374 -832.001
351.866 -830.903
-565.012 685.153
-686.130 -513.850
-565.682 685.157
-686.008 -514.860
-565.115 686.156
349.455 -833.297
-686.669 -514.858
351.929 -833.257
349.521 -835.388
183.907 -881.853
181.897 -883.869
183.821 -883.769
185.343 -883.700
183.762 -885.279
-648.104 -579.871
-647.982 -580.864
-648.661 -580.859
-691.977 566.139
-692.667 566.139
-692.076 567.145
318.922 -878.864
460.900 -822.871
318.339 -879.870
319.018 -879.875
460.336 -823.850
461.010 -823.858
811.885 -524.864
811.328 -525.841
-531.101 -725.867
812.010 -525.843
-530.996 -726.872
528.904 -788.868
-531.680 -726.882
528.340 -789.875
529.004 -789.875
432.313 877.146
432.990 877.143
432.886 878.143
-894.082 -82.873
-893.979 -83.875
-648.107 -623.860
-894.643 -83.871
-647.985 -624.867
-648.667 -624.864
667.903 733.134
669.752 731.709
390.350 902.148
391.008 902.148
669.808 733.222
-419.989 847.141
390.911 903.151
-420.668 847.139
-420.096 848.138
671.341 733.282
669.892 735.133
-414.129 -817.870
-413.992 -818.857
-414.684 -818.850
831.893 -534.869
831.325 -535.861
832.003 -535.862
-826.117 -396.880
-826.002 -397.878
-826.674 -397.871
-898.086 -190.860
-897.986 -191.869
-867.980 334.143
-868.109 335.140
-898.657 -191.872
-868.675 334.147
224.367 968.138
225.017 968.137
224.919 969.147
254.900 -930.865
254.332 -931.891
699.913 -700.852
255.003 -931.881
699.346 -701.860
700.019 -701.868
-736.097 -567.865
-735.992 -568.862
-507.084 -787.845
-736.666 -568.864
-506.978 -788.838
-507.647 -788.837
-166.099 -939.849
-165.997 -940.863
-166.657 -940.860
-867.004 386.141
-867.112 387.139
-867.673 386.140
-873.093 -336.864
-872.980 -337.867
-873.657 -337.870
-526.094 -789.863
-526.007 -790.871
-526.663 -790.878
674.336 790.148
675.188 790.068
674.904 791.137
-924.992 256.153
-925.117 257.147
-925.681 256.159
681.434 788.423
683.000 788.144
682.870 789.142
99.328 1022.120
99.998 1022.130
-250.134 -943.855
99.890 1023.120
-249.999 -944.865
-250.662 -944.854
988.341 -347.860
988.904 -346.858
989.006 -347.865
-260.093 -948.853
-259.988 -949.850
-260.680 -949.860
-592.108 -776.849
-857.104 -456.861
-590.676 -778.719
-856.989 -457.847
-857.677 -457.860
-592.186 -778.770
-592.238 -780.274
-594.103 -778.845
-84.100 -1000.850
915.896 -525.849
915.338 -526.849
915.999 -526.851
-82.677 -1002.720
-84.183 -1002.780
-86.110 -1002.870
-84.239 -1004.300
-101.125 -1002.850
-100.998 -1003.840
-101.671 -1003.830
1078.330 122.120
1078.910 123.130
1079.030 122.123
-928.990 391.137
-929.115 392.132
-929.679 391.142
-53.087 -1025.840
-52.995 -1026.840
-53.666 -1026.830
-569.097 -837.860
-569.001 -838.864
-569.672 -838.865
38.907 -1041.870
1105.350 35.157
1105.900 36.142
1106.020 35.151
40.338 -1043.710
38.817 -1043.770
36.903 -1043.860
38.757 -1045.290
-889.109 -493.874
-888.996 -494.876
-889.682 -494.875
-986.097 -287.854
-986.010 -288.858
-986.661 -288.861
-1035.000 114.136
-1035.110 115.141
-1035.670 114.134
-141.080 -1051.870
-140.983 -1052.860
-141.664 -1052.870
767.336 842.146
768.024 842.138
767.903 843.142
-729.122 -765.857
-729.004 -766.870
-729.652 -766.859
-139.081 -1070.870
-138.977 -1071.860
-139.663 -1071.870
866.890 -720.870
868.892 -718.860
868.802 -720.770
868.740 -722.292
870.321 -720.703
75.882 -1090.860
75.320 -1091.860
75.994 -1091.860
-229.108 -1061.860
-228.994 -1062.860
-229.665 -1062.860
938.611 -651.617
938.357 -652.953
941.910 -648.849
940.791 -650.700
939.916 -652.569
-284.066 -1052.870
-283.989 -1053.860
-837.075 -674.857
-284.652 -1053.870
-836.973 -675.855
-837.660 -675.862
706.902 -892.864
704.909 -894.861
706.818 -894.779
708.333 -894.723
706.760 -896.287
-971.124 -485.873
-971.004 -486.880
-971.675 -486.880
-965.097 -504.841
-965.007 -505.856
-965.654 -505.863
-1082.970 178.147
-1083.080 179.121
-847.101 -690.857
-1083.650 178.146
-846.989 -691.859
-847.659 -691.859
-1001.010 476.123
-1001.120 477.138
-1001.660 476.127
-968.098 -517.864
-967.990 -518.873
-968.639 -518.877
72.899 -1129.860
72.326 -1130.860
73.017 -1130.860
55.922 -1131.870
55.339 -1132.870
56.012 -1132.870
-770.092 -800.871
98.892 -1135.850
-769.988 -801.862
-770.671 -801.858
98.339 -1136.840
99.010 -1136.850
131.898 -1134.860
445.336 1103.110
446.010 1103.110
445.885 1104.120
129.902 -1136.850
131.815 -1136.770
133.323 -1136.720
-270.100 -1097.860
131.758 -1138.290
-270.001 -1098.880
-270.670 -1098.880
547.904 -1029.860
545.901 -1031.880
275.907 -1122.710
547.808 -1031.790
-697.087 -879.858
549.328 -1031.720
-696.984 -880.861
-79.099 -1140.860
-697.650 -880.851
547.743 -1033.300
273.755 -1124.880
275.775 -1124.750
277.566 -1124.650
-78.997 -1141.870
-79.656 -1141.870
1211.330 32.152
703.903 -944.865
1211.900 33.150
703.338 -945.863
1212.030 32.150
275.681 -1126.530
704.012 -945.870
-515.108 -1007.880
-514.999 -1008.870
-515.668 -1008.870
-105.076 -1142.850
-103.676 -1144.700
-105.175 -1144.770
-107.097 -1144.860
765.928 -906.859
765.336 -907.880
-105.244 -1146.290
766.005 -907.870
-575.084 -992.841
-574.980 -993.862
-497.103 -1037.870
-575.648 -993.855
-496.995 -1038.860
-497.670 -1038.860
665.900 -995.853
665.336 -996.873
-387.438 -1090.820
-385.129 -1091.900
666.008 -996.871
-69.425 -1167.810
-67.156 -1168.890
-385.074 -1094.260
-389.638 -1093.010
-387.534 -1094.310
-71.634 -1170.000
-67.081 -1171.250
-69.543 -1171.300
-387.461 -1096.390
-779.111 -848.864
-777.676 -850.724
-69.471 -1173.390
-779.190 -850.788
-259.968 1176.140
-260.659 1176.140
-779.243 -852.287
-260.097 1177.140
1232.340 175.132
-781.105 -850.881
1233.010 175.129
1232.920 176.139
1148.320 -450.846
1148.890 -449.866
1149.000 -450.846
-1148.680 185.287
-1150.250 183.699
-1150.180 185.226
-1150.090 187.135
-1152.100 185.136
1134.320 555.162
1134.990 555.156
1134.870 556.142
-464.121 -1086.860
-588.099 -1021.860
-464.001 -1087.860
-464.677 -1087.860
-587.985 -1022.860
-1057.120 -501.853
-1056.990 -502.845
-588.675 -1022.860
-1057.670 -502.831
1257.350 176.145
1258.010 176.153
1257.910 177.154
-780.984 922.119
-781.665 922.113
837.899 -914.868
-781.089 923.137
837.329 -915.868
837.997 -915.871
-696.101 -958.838
-695.997 -959.843
-696.672 -959.852
-849.100 -824.860
-847.668 -826.707
-849.187 -826.775
-1169.680 -178.715
-849.245 -828.288
-1171.110 -176.863
-851.101 -826.874
-1171.200 -178.778
-1171.270 -180.293
-1173.110 -178.868
171.886 -1209.850
1269.330 182.132
-481.084 -1100.870
169.910 -1211.860
171.820 -1211.780
1270.000 182.134
173.330 -1211.730
1269.900 183.140
-480.938 -1102.730
171.777 -1213.290
-340.112 -1159.860
-482.978 -1103.430
-339.995 -1160.860
-340.677 -1160.850
-481.821 -1106.180
1213.900 438.143
101.895 -1223.860
-484.956 -1106.920
-487.099 -1106.390
1215.750 436.723
101.339 -1224.850
101.999 -1224.850
1215.810 438.222
1215.900 440.138
-487.525 -1108.000
-486.049 -1108.820
1217.320 438.276
-470.685 -1117.730
-1085.670 -509.722
-1087.100 -507.856
-469.642 -1118.880
-471.473 -1118.890
-1201.010 108.145
-1087.180 -509.770
-1201.120 109.146
-1201.670 108.151
-1087.230 -511.295
976.332 851.128
-1089.090 -509.843
977.002 851.128
976.891 852.132
387.912 -1185.860
1227.320 429.134
-147.112 -1219.880
387.346 -1186.870
1228.000 429.143
387.997 -1186.860
1227.890 430.148
-145.671 -1221.730
-147.192 -1221.780
-149.097 -1221.860
-147.245 -1223.300
626.759 1131.730
624.894 1133.140
203.899 -1229.210
-913.095 -797.845
626.824 1133.220
201.699 -1230.440
-912.988 -798.839
202.749 -1230.390
204.393 -1230.370
628.333 1133.280
205.545 -1230.420
-913.655 -798.834
426.898 -1181.860
626.918 1135.140
426.337 -1182.860
427.011 -1182.860
-516.962 1156.130
-517.650 1156.130
-517.060 1157.130
-923.115 -808.856
-1149.100 -424.857
-1149.000 -425.855
-923.003 -809.853
-923.668 -809.849
-1149.690 -425.861
-785.084 -951.859
-784.982 -952.861
-785.654 -952.856
-939.128 -797.859
-939.004 -798.857
-939.677 -798.859
-452.997 1201.140
-453.659 1201.140
-453.121 1202.160
482.909 -1194.860
482.349 -1195.860
483.029 -1195.860
-949.101 -815.862
-947.684 -817.734
-792.094 -973.857
-1120.070 -555.862
-791.991 -974.844
-949.182 -817.792
-1119.970 -556.856
-792.672 -974.843
-1120.650 -556.857
-949.236 -819.291
-951.107 -817.877
-763.009 1039.130
-763.679 1039.130
-763.124 1040.130
-595.108 -1121.880
-594.992 -1122.870
-595.683 -1122.860
-823.112 -970.862
-1222.120 -337.861
-1222.000 -338.866
-822.998 -971.860
-1222.670 -338.859
-823.661 -971.857
1292.320 446.150
1292.980 446.146
1292.860 447.144
1325.340 348.156
1326.000 348.158
1325.910 349.149
-1184.010 512.134
-1184.120 513.139
-1184.670 512.133
1083.340 840.125
1084.010 840.124
1083.900 841.152
-1227.000 404.132
-1227.130 405.122
-1227.680 404.131
-1026.110 -776.858
-1026.000 -777.857
-1026.670 -777.845
982.889 -936.839
982.332 -937.844
983.000 -937.844
-439.578 -1231.860
-441.517 -1231.670
1079.890 -836.858
-853.131 -980.900
1079.340 -837.864
873.332 1075.150
1080.000 -837.859
-855.441 -979.823
874.025 1075.150
-1222.110 -431.859
-1222.000 -432.854
873.928 1076.140
-853.073 -983.268
-1222.660 -432.849
-855.545 -983.309
-857.641 -982.005
-855.474 -985.392
-650.110 -1138.860
-649.988 -1139.860
-650.684 -1139.850
-1306.000 100.153
-1306.140 101.139
-1306.690 100.153
-761.096 -1070.860
-760.995 -1071.860
-761.665 -1071.860
1139.900 -788.867
1139.330 -789.870
1140.010 -789.866
-975.991 924.145
-976.659 924.143
-976.084 925.156
-1041.990 849.158
-1042.650 849.151
-1042.080 850.143
-1303.980 256.148
774.889 -1139.860
-1304.090 257.147
774.330 -1140.860
-1304.660 256.139
775.004 -1140.860
-1147.680 -670.712
-1149.110 -668.855
-1149.190 -670.770
-976.120 -908.856
-1149.240 -672.296
-975.988 -909.850
-976.672 -909.835
-1151.100 -670.855
715.266 1225.140
716.887 1224.570
716.777 1225.240
715.395 1226.640
717.955 1225.300
716.448 1226.790
-864.119 -1024.870
717.752 1226.840
-863.989 -1025.880
-864.657 -1025.860
716.900 1228.140
1379.330 417.140
1380.010 417.133
1379.890 418.138
1371.340 448.143
1372.000 448.134
1371.890 449.144
874.908 -1105.850
874.326 -1106.860
875.005 -1106.850
-1243.980 570.143
-1244.080 571.143
-1244.660 570.144
-994.108 -925.874
-993.991 -926.872
-994.673 -926.864
-627.111 -1215.860
-627.011 -1216.870
-627.673 -1216.880
1081.890 -932.866
1081.320 -933.865
1082.000 -933.861
-771.119 -1140.870
-771.005 -1141.890
-771.681 -1141.890
-834.249 1146.720
-832.674 1148.290
-834.196 1148.230
-836.102 1148.140
-834.117 1150.150
-1305.110 -469.852
-1304.990 -470.847
-1170.990 782.133
-1305.670 -470.843
-1171.680 782.133
-1171.100 783.153
-974.127 -995.859
-974.005 -996.853
-974.677 -996.849
-924.111 -1056.860
-923.997 -1057.860
-924.662 -1057.870
1082.880 -998.849
1082.320 -999.836
-1059.090 -928.847
1083.000 -999.839
-1058.990 -929.845
-1059.670 -929.845
-1150.980 848.147
-1151.650 848.146
-1151.090 849.146
-831.985 1186.150
-832.674 1186.160
-832.094 1187.160
-1077.070 -918.866
-1336.980 496.138
-1076.980 -919.873
-1337.100 497.150
-1337.650 496.140
-1077.650 -919.877
-1326.120 -525.869
-1326.000 -526.859
-1326.670 -526.855
1259.340 857.149
1260.010 857.150
1259.890 858.140
1327.330 756.147
1328.010 756.151
1327.910 757.140
-1094.090 -935.858
-1093.990 -936.874
-1094.680 -936.885
-1130.000 942.137
-1130.660 942.147
-1130.110 943.152
-1435.990 306.138
-1436.080 307.135
-1436.660 306.140
-1378.120 -495.869
-1378.000 -496.873
-1030.100 -1046.870
-1378.660 -496.866
-1029.990 -1047.870
-1030.660 -1047.870
-1470.990 48.127
-1471.090 49.142
-1471.660 48.129
-1466.000 -164.841
-1466.130 -163.845
-1466.670 -164.845
1139.350 1081.140
1140.030 1081.130
1139.930 1082.140
-1487.000 152.144
-1487.100 153.145
-1487.680 152.138
-1472.990 281.155
-1490.000 -114.859
-1490.100 -113.843
-1473.100 282.147
-1473.670 281.159
-1490.670 -114.857
-1398.990 566.144
-1399.130 567.135
-1399.690 566.151
-1500.990 50.141
-1501.100 51.135
-1156.110 -955.853
-1501.670 50.141
-1155.990 -956.848
-1156.670 -956.853
-1484.080 -274.874
-1483.980 -275.858
-1484.670 -275.861
-1267.110 -844.874
-1267.000 -845.874
1057.330 1218.120
1058.010 1218.130
-1267.670 -845.873
-1399.100 -601.870
-1398.990 -602.893
1057.910 1219.130
-1399.680 -602.892
-1090.080 -1088.850
-941.104 -1223.860
-1089.990 -1089.860
-1090.650 -1089.870
-940.978 -1224.860
-941.667 -1224.860
-1542.990 -20.857
-1543.090 -19.847
-1543.660 -20.870
-1537.110 -164.885
-1537.000 -165.892
-1537.680 -165.893
1438.340 804.133
1439.010 804.131
1438.890 805.155
-1548.990 -145.870
-1549.110 -144.863
-1549.660 -145.869
-1276.120 -895.846
-1276.010 -896.848
-1276.690 -896.846
-1455.110 -587.848
-1454.990 -588.845
-1455.670 -588.845
-1544.660 347.286
-1546.250 345.710
-1546.190 347.229
-1546.100 349.135
-1548.100 347.144
-1271.660 -940.731
-1273.120 -938.862
-1273.190 -940.781
-1273.230 -942.294
-1275.100 -940.855
-1581.980 -126.867
-1582.070 -125.855
-1582.660 -126.878
-1414.110 -718.871
-1413.980 -719.875
-1414.670 -719.868
-1208.080 -1035.850
-1207.980 -1036.840
-1208.660 -1036.830
-1235.980 1044.140
-1430.990 736.157
-1236.670 1044.140
-1431.100 737.156
-1431.660 736.167
-1236.080 1045.140
-1591.000 191.119
-1591.110 192.132
-1591.670 191.122
-1512.670 566.292
-1514.240 564.702
-1514.190 566.239
-1514.110 568.144
-1516.100 566.161
-1589.980 281.150
-1590.060 282.153
-1590.640 281.144
1281.900 1135.130
1283.750 1133.720
1283.820 1135.220
1285.330 1135.290
1283.910 1137.140
-1539.980 551.145
-1592.080 -324.863
-1540.090 552.153
-1591.980 -325.854
-1540.650 551.154
-1592.670 -325.855
-1632.000 70.114
-1632.110 71.125
-1632.670 70.116
-1640.930 -95.416
-1641.000 -96.957
-1641.250 -94.133
-1641.590 -95.371
-1641.770 -93.506
-1641.610 -97.360
-1642.100 -92.860
-1423.980 855.172
-1642.440 -93.511
-1424.100 856.148
-1424.670 855.177
-1642.620 -95.360
-1642.600 -97.347
-1530.680 -605.727
-1532.110 -603.864
-1532.190 -605.783
-1532.240 -607.281
-1594.000 458.150
-1594.100 459.155
-1594.650 458.143
-1534.110 -605.866
-1416.100 -854.862
-1415.990 -855.862
-1416.660 -855.860
-1506.990 728.138
-1507.100 729.132
-1432.110 -837.868
-1507.670 728.136
-1432.160 -839.234
-1433.320 -839.782
-1434.350 -842.888
-1570.130 -556.859
-1569.990 -557.842
-1570.680 -557.844
-1438.170 -844.244
-1282.150 -1069.910
-1284.440 -1068.820
-1282.080 -1072.260
-1284.540 -1072.310
-1443.100 -843.860
-1286.630 -1071.000
-1443.680 -844.856
-1284.480 -1074.390
-1554.090 -620.867
-1553.680 -622.802
-1553.080 -625.544
-1554.630 -622.523
-1553.860 -625.319
-1564.090 -605.844
-1564.000 -606.862
-1564.660 -606.856
-1407.100 -922.852
-1406.990 -923.839
-1407.660 -923.835
-1376.090 -974.862
-1375.990 -975.848
-1376.670 -975.843
-1623.660 497.279
-1625.240 495.716
-1625.180 497.222
-1625.100 499.141
-1627.100 497.138
-1336.120 -1040.860
-1336.000 -1041.850
-1336.660 -1041.850
1409.340 1100.130
1410.020 1100.120
1409.910 1101.130
-1237.120 -1175.870
-1237.010 -1176.860
-1237.670 -1176.860
-1448.100 -900.877
-1447.170 -902.972
-1445.200 -907.492
-1448.560 -902.174
-1445.010 -909.309
-1446.910 -906.882
-1478.130 -854.852
-1478.000 -855.849
-1446.570 -909.386
-1478.670 -855.852
-1406.970 1010.150
-1407.650 1010.150
-1407.070 1011.140
-1446.010 -918.306
-1445.990 -919.861
-1446.670 -919.865
-1268.000 1209.150
-1268.670 1209.140
-1268.100 1210.130
-1288.100 -1163.850
-1287.980 -1164.850
-1288.670 -1164.840
-1565.100 -802.860
-1564.980 -803.864
-1565.660 -803.859
1438.330 1179.170
1439.010 1179.170
1438.890 1180.150
-1548.100 -856.868
-1548.000 -857.852
-1548.670 -857.859
-1571.130 -915.849
-1571.000 -916.846
-1571.670 -916.842
-1569.110 -926.849
-1569.010 -927.859
-1569.670 -927.858
-1457.090 -1105.870
-1456.990 -1106.860
-1457.680 -1106.860
1530.320 1171.150
1531.000 1171.140
1530.890 1172.140
-1534.100 -1025.850
-1533.990 -1026.850
-1534.650 -1026.850
-1563.090 -1047.870
-1562.990 -1048.890
-1563.670 -1048.890
