-102.980 -4.866
-103.637 -4.867
-103.064 -3.850
-135.993 5.166
-136.103 6.163
-136.665 5.170
-145.996 71.137
-146.668 71.125
-146.100 72.136
-291.983 30.143
-292.093 31.146
-292.674 30.139
-217.993 160.140
-218.663 160.143
-218.106 161.147
-274.976 144.133
-275.671 144.124
-275.079 145.133
-244.001 193.163
-244.665 193.163
-244.105 194.163
-352.983 16.144
-353.086 17.149
-353.664 16.134
-222.074 -227.854
-221.989 -228.866
-222.657 -228.860
-363.997 71.124
-364.110 72.132
-249.014 225.157
-364.669 71.126
-249.668 225.158
-249.127 226.149
-352.988 126.149
-353.105 127.130
-353.666 126.154
-391.669 -28.716
-393.115 -26.856
-393.182 -28.779
-393.227 -30.288
-395.099 -28.870
94.342 232.137
95.016 232.137
94.905 233.132
-414.000 -31.876
-414.125 -30.879
-414.676 -31.879
195.890 94.130
197.740 92.714
197.810 94.226
197.912 96.135
199.320 94.291
-388.053 -176.867
-387.956 -177.876
-388.653 -177.882
-430.979 63.143
74.905 -288.856
-431.085 64.144
-431.658 63.141
74.343 -289.865
75.005 -289.863
42.883 -313.849
42.322 -314.848
43.006 -314.856
-405.090 -186.874
-404.972 -187.858
-405.667 -187.856
-290.091 -313.854
-289.994 -314.848
242.329 104.137
-290.656 -314.848
242.997 104.135
242.886 105.143
-462.107 -94.881
-461.992 -95.869
-462.653 -95.869
142.884 -288.853
142.324 -289.849
142.990 -289.846
-149.242 375.722
-147.668 377.277
-149.192 377.234
-151.111 377.169
-149.118 379.151
-409.987 250.133
275.904 -130.859
-410.655 250.132
-410.095 251.130
277.901 -128.868
277.815 -130.782
277.756 -132.299
279.335 -130.729
-485.996 119.129
-486.114 120.133
-27.090 -400.835
-486.683 119.130
-502.004 55.146
-502.113 56.139
-27.669 -401.826
-502.670 55.157
-27.002 -401.836
-469.992 166.142
-470.104 167.136
-470.655 166.153
-344.113 -335.873
-344.006 -336.873
-344.680 -336.879
1.346 407.121
2.003 407.127
-242.983 397.140
-243.663 397.139
1.893 408.134
-243.074 398.146
-457.140 -243.861
-457.009 -244.850
-457.684 -244.853
75.899 -414.865
75.319 -415.881
76.000 -415.873
69.306 435.994
70.014 436.028
69.443 437.772
70.258 437.977
70.303 442.908
70.927 442.947
70.869 444.146
-399.994 390.137
-400.680 390.142
-400.113 391.139
-596.967 -51.867
-597.062 -50.865
-597.657 -51.857
-496.090 -334.853
-494.675 -336.722
-496.186 -336.788
-496.251 -338.297
-498.101 -336.885
301.327 316.143
302.011 316.148
301.912 317.145
-198.103 -516.847
-198.009 -517.852
-198.664 -517.846
373.328 230.136
374.005 230.137
398.344 -182.862
373.913 231.146
398.889 -181.862
399.005 -182.866
-550.105 -318.852
-549.991 -319.861
-550.662 -319.862
458.907 -1.863
289.336 398.174
-550.670 -345.707
-552.093 -343.862
290.021 398.169
289.924 399.152
460.751 -3.288
460.811 -1.767
460.900 0.137
-552.180 -345.765
-552.240 -347.287
462.333 -1.702
-554.100 -345.851
-522.993 398.145
-523.665 398.134
-523.094 399.142
-576.998 337.134
-577.666 337.139
-577.117 338.139
147.889 -537.861
147.336 -538.849
148.003 -538.852
-698.991 48.147
-699.107 49.141
-635.994 268.141
-699.684 48.145
-636.107 269.131
-636.660 268.136
512.904 31.180
273.341 484.129
274.004 484.127
273.926 485.139
-504.005 466.135
514.777 29.713
514.819 31.249
-647.670 -298.710
-504.665 466.134
514.880 33.151
-649.091 -296.843
-504.106 467.144
-649.179 -298.773
516.323 31.295
-649.239 -300.295
-651.089 -298.866
380.895 -405.852
380.331 -406.850
380.997 -406.857
-487.994 494.142
-488.673 494.149
-488.098 495.146
-724.097 -130.866
-723.993 -131.867
-724.669 -131.870
-740.991 -32.872
-741.094 -31.860
-741.661 -32.866
-96.107 -645.863
-96.666 -646.879
-95.990 -646.882
-741.105 -113.841
-740.997 -114.841
-741.665 -114.837
-511.096 -508.854
-511.008 -509.860
-511.660 -509.864
-751.999 59.128
-752.113 60.128
-752.668 59.126
-753.004 -70.859
-753.119 -69.849
-201.985 641.127
-202.655 641.129
158.892 -603.872
-753.679 -70.861
158.327 -604.875
-202.090 642.133
159.002 -604.876
461.892 -340.853
461.332 -341.855
461.998 -341.857
-665.100 -368.860
-664.986 -369.857
-665.663 -369.860
-774.994 0.135
-775.097 1.135
-775.663 0.134
469.929 -395.847
469.345 -396.857
-689.081 -376.846
470.012 -396.849
-688.999 -377.849
-689.670 -377.857
385.320 491.128
385.988 491.145
385.877 492.140
-725.007 312.126
-725.115 313.131
-725.667 312.125
-187.991 692.142
-188.651 692.138
-188.085 693.141
-505.114 -583.854
-504.997 -584.848
-505.674 -584.849
440.339 457.121
441.008 457.119
-765.664 260.290
440.915 458.129
-767.241 258.710
-767.184 260.227
-767.102 262.138
-769.095 260.134
-329.007 684.130
-329.685 684.119
-328.504 686.599
211.323 652.143
212.002 652.139
448.908 472.130
211.888 653.136
450.767 470.708
450.834 472.226
-325.974 692.137
-326.656 692.136
452.322 472.290
450.931 474.139
-326.086 693.136
-313.984 700.149
-314.658 700.152
-314.071 701.130
279.327 626.132
279.997 626.138
279.898 627.138
609.343 -214.857
609.909 -213.867
610.005 -214.862
640.335 -103.866
640.900 -102.849
641.005 -103.858
-832.995 216.135
-833.108 217.133
-833.673 216.139
-481.094 -679.867
-480.981 -680.844
-481.672 -680.838
499.892 -494.855
499.326 -495.845
-298.988 747.130
-299.664 747.132
499.998 -495.861
-299.096 748.140
-436.992 703.123
-437.661 703.123
-437.098 704.122
-208.996 777.162
-209.667 777.163
-209.107 778.154
-852.096 -267.857
-851.983 -268.863
-852.671 -268.872
-381.089 -749.866
-380.993 -750.858
-381.659 -750.856
-296.096 -790.860
-296.003 -791.860
-296.665 -791.860
-796.970 420.131
-797.661 420.132
-797.067 421.134
210.920 -759.865
278.333 719.137
210.325 -760.874
279.011 719.134
211.015 -760.868
98.567 -798.815
278.906 720.140
96.359 -801.007
100.864 -799.894
421.332 627.137
422.005 627.138
421.898 628.140
98.459 -802.313
100.927 -802.260
98.520 -804.392
-866.992 324.142
-867.095 325.136
-867.673 324.144
723.330 103.143
724.014 103.145
723.922 104.134
-361.093 -798.847
-612.091 -666.860
-360.992 -799.862
-612.003 -667.878
-361.660 -799.860
-612.674 -667.883
-713.064 -577.853
-712.973 -578.858
-713.652 -578.856
316.911 -737.869
316.335 -738.870
317.011 -738.874
-953.980 -71.857
-954.084 -70.853
-954.660 -71.863
-629.085 -684.855
-628.990 -685.856
-629.670 -685.848
-547.980 732.134
-548.659 732.135
-548.087 733.140
-400.120 -817.867
-148.007 860.146
-148.679 860.149
-399.998 -818.872
-400.672 -818.862
-148.112 861.141
-121.101 -875.882
-48.116 -874.855
632.324 464.159
-120.984 -876.870
-121.674 -876.859
-48.673 -875.867
633.008 464.151
-48.009 -875.870
632.884 465.141
-561.223 748.700
-559.663 750.271
-561.171 750.213
-563.094 750.126
-127.992 879.139
-128.664 879.120
-561.092 752.148
-128.086 880.141
-734.677 622.280
-736.255 620.710
-736.190 622.232
-736.097 624.142
-738.106 622.161
-26.110 -902.859
-26.672 -903.852
-25.993 -903.852
433.765 723.716
431.899 725.145
433.822 725.231
94.337 880.169
95.001 880.161
435.311 725.288
433.905 727.152
94.899 881.157
783.343 -276.862
783.908 -275.858
784.001 -276.862
-943.106 -405.860
-942.983 -406.856
-943.674 -406.847
-826.107 -605.864
-825.996 -606.855
-826.672 -606.844
-616.008 785.149
-616.665 785.153
-616.127 786.144
-214.992 935.131
-215.669 935.136
-215.123 936.135
-909.981 492.145
-910.660 492.146
-910.078 493.147
845.334 -73.855
845.907 -72.844
846.002 -73.856
-691.116 -759.863
-690.997 -760.866
-691.677 -760.859
-276.253 945.726
-274.664 947.304
-276.187 947.240
-278.105 947.146
-276.090 949.155
67.366 953.153
746.339 470.154
68.016 953.138
747.010 470.152
746.882 471.156
67.901 954.138
-1070.980 141.136
-1071.080 142.133
-1071.660 141.131
-630.990 822.137
-51.662 975.122
-50.973 975.125
-631.680 822.142
-631.113 823.135
-51.075 976.124
570.328 717.118
571.004 717.121
-839.001 654.142
570.882 718.145
-839.670 654.142
-839.115 655.131
695.912 -589.865
695.348 -590.884
696.022 -590.888
-501.987 904.132
-502.661 904.130
-502.091 905.153
-212.241 983.712
-210.668 985.296
-212.179 985.232
-214.087 985.136
-212.087 987.136
-787.997 736.141
-788.675 736.139
-788.106 737.130
324.344 912.133
325.036 912.140
324.936 913.130
-144.004 1010.150
-144.676 1010.150
-144.105 1011.150
-298.116 -1005.870
-298.002 -1006.860
-298.665 -1006.850
-737.985 795.146
-738.665 795.147
-738.082 796.149
-2.100 -1028.860
-2.659 -1029.860
-1.998 -1029.860
-217.103 -1031.840
-216.994 -1032.860
-217.658 -1032.850
-1104.010 258.142
-1104.110 259.143
-1104.670 258.134
-1136.000 75.138
-1136.110 76.138
-1136.670 75.139
-1114.990 224.137
-1115.080 225.154
-1115.650 224.135
-728.123 -833.862
-728.004 -834.860
-728.676 -834.858
913.892 -223.862
915.892 -221.864
915.811 -223.778
915.756 -225.292
917.327 -223.720
-505.092 -968.863
-504.993 -969.864
-505.678 -969.863
627.889 -753.851
627.342 -754.852
628.004 -754.852
-875.982 714.118
-876.660 714.130
-876.088 715.133
-1161.990 -12.854
-1162.100 -11.868
-1162.650 -12.852
740.337 637.138
741.020 637.138
740.898 638.130
732.339 661.150
733.011 661.155
732.918 662.141
-774.991 833.162
-775.674 833.159
-775.105 834.150
-260.972 1065.140
-261.655 1065.130
-261.071 1066.130
395.330 958.132
979.339 62.150
396.013 958.130
979.898 63.137
980.011 62.148
395.908 959.132
-786.001 854.147
-786.664 854.147
-786.108 855.154
410.905 -976.834
-1128.670 392.294
-1119.990 414.130
410.337 -977.835
410.994 -977.842
-1120.090 415.125
-1120.670 414.125
-1130.250 390.720
-1130.190 392.234
-1130.110 394.142
-1132.110 392.143
176.764 1064.710
-1138.980 381.138
-1139.100 382.135
-90.100 -1110.850
-1139.670 381.150
174.890 1066.140
176.810 1066.230
178.332 1066.290
-88.678 -1112.700
-90.193 -1112.760
-92.098 -1112.860
176.881 1068.140
-90.258 -1114.290
529.339 908.144
530.002 908.147
529.883 909.139
-1165.090 -335.858
-1164.990 -336.863
-1165.650 -336.860
-1054.100 -594.857
-1054.010 -595.856
-1054.670 -595.852
-529.244 1033.710
-1172.110 -348.865
-1172.000 -349.877
-527.683 1035.280
-1172.670 -349.871
-529.184 1035.210
-531.102 1035.110
-1076.000 560.141
-1076.660 560.137
-1076.100 561.133
-529.095 1037.150
-12.110 -1131.870
-12.678 -1132.870
-12.001 -1132.860
-785.096 -911.877
-784.986 -912.872
-785.673 -912.876
-619.099 -1021.870
-1203.670 294.282
-618.987 -1022.870
-619.673 -1022.870
-1205.230 292.707
-1205.180 294.222
-1205.100 296.146
-878.094 -844.859
-877.976 -845.842
-1207.100 294.135
-878.658 -845.843
492.330 978.141
493.013 978.140
-952.997 770.136
492.891 979.138
-953.666 770.136
-953.100 771.136
-1119.000 537.127
-1119.100 538.123
-1119.660 537.129
708.326 814.130
708.993 814.127
708.871 815.146
171.320 1117.120
171.992 1117.130
-975.104 -762.859
-974.994 -763.856
171.878 1118.140
-975.660 -763.852
-1236.080 -241.851
-1235.990 -242.860
-1236.670 -242.871
118.323 1134.150
-1109.120 -582.857
119.004 1134.150
-1109.000 -583.863
-1109.690 -583.865
118.885 1135.140
-716.001 984.119
-716.664 984.131
-716.114 985.138
-1264.000 -114.868
-1264.120 -113.867
-1264.670 -114.868
-923.107 -835.873
-922.986 -836.858
-923.668 -836.856
-1195.680 421.290
-441.996 1118.140
-442.678 1118.140
-1197.240 419.701
-442.102 1119.140
-1197.190 421.220
-1197.120 423.142
-1199.100 421.119
-1279.980 27.134
-1280.100 28.140
515.919 -1006.860
-1280.670 27.143
515.351 -1007.860
516.006 -1007.860
-945.089 -829.850
-1280.990 48.148
-1281.110 49.147
-944.988 -830.842
-1281.690 48.152
-945.663 -830.835
-406.249 1138.700
-404.672 1140.290
-406.192 1140.230
-408.102 1140.150
-406.106 1142.150
-1255.120 -291.866
-1255.000 -292.865
-1252.990 -301.846
-1253.760 -298.979
-1255.660 -292.873
-1253.670 -301.837
-651.988 1049.150
-652.656 1049.150
-652.087 1050.140
866.323 686.129
866.999 686.136
866.897 687.137
-1190.990 482.132
-1191.090 483.137
-1191.670 482.131
512.334 1017.130
513.007 1017.130
512.889 1018.140
-571.993 1094.130
-572.674 1094.120
-572.101 1095.130
-1122.110 -636.857
-1121.990 -637.865
-1122.670 -637.874
758.316 834.112
759.002 834.110
1099.890 -19.864
758.883 835.112
1101.750 -21.298
1101.810 -19.786
1101.900 -17.870
1103.320 -19.733
-1044.100 -763.855
-1043.990 -764.853
-1044.660 -764.855
633.927 -968.858
633.353 -969.843
634.032 -969.855
-528.097 -1143.860
-526.683 -1145.720
-528.189 -1145.780
-600.007 1107.140
-600.680 1107.130
-530.100 -1145.860
-600.115 1108.140
-528.251 -1147.290
-1302.090 -225.842
-1301.980 -226.842
-1302.660 -226.843
-725.997 1048.120
-726.661 1048.110
-726.092 1049.130
1110.340 -177.841
1110.910 -176.854
1111.030 -177.843
864.329 757.151
865.014 757.148
864.900 758.143
1007.340 -543.853
1007.910 -542.851
1008.020 -543.860
1042.340 -471.879
-1266.010 416.120
1042.900 -470.872
-1266.120 417.142
-1266.650 416.121
1043.020 -471.870
-1341.990 -49.864
-1342.110 -48.866
-1342.670 -49.856
-580.980 1145.130
-581.662 1145.140
-581.092 1146.140
-620.986 1136.130
-621.673 1136.130
-621.115 1137.150
-1030.970 840.123
-1031.650 840.126
-1031.070 841.125
-1209.090 -605.859
-1208.980 -606.866
-730.971 1087.120
-1209.650 -606.867
-731.663 1087.130
-731.084 1088.140
1126.340 296.124
1127.010 296.125
1126.900 297.133
-1186.970 650.127
-1187.670 650.122
-1187.090 651.125
-1194.670 -656.718
-1196.120 -654.857
-841.102 -1040.840
-841.006 -1041.840
-1196.180 -656.769
-841.674 -1041.860
-1196.230 -658.286
-1198.100 -656.844
-571.996 1181.130
-572.672 1181.130
-1207.110 -644.853
-572.112 1182.120
-1207.000 -645.864
-1207.660 -645.861
-1096.100 -808.857
-1096.010 -809.866
-1096.670 -809.870
1126.340 -361.874
1126.910 -360.851
1127.000 -361.857
-693.097 -1143.870
-692.980 -1144.870
-693.655 -1144.870
1180.900 40.139
1182.750 38.715
1182.810 40.228
-821.995 1062.140
1182.890 42.145
-822.671 1062.150
-822.118 1063.130
1184.340 40.288
-1022.010 899.156
-1022.680 899.159
-1022.120 900.147
-883.986 1029.140
-884.677 1029.140
-884.094 1030.140
-1253.670 611.291
-1255.260 609.721
-1255.200 611.235
-1255.110 613.133
-681.999 1168.120
-1257.100 611.153
-682.668 1168.130
-682.103 1169.140
-1345.000 412.167
-1345.110 413.158
-1345.660 412.167
1090.340 557.142
1091.010 557.147
1090.910 558.143
-904.005 1045.150
-904.668 1045.140
-904.124 1046.140
726.903 1032.140
728.751 1030.700
728.816 1032.220
-1383.140 -363.888
-1383.070 -366.262
730.331 1032.280
728.910 1034.130
-1385.440 -362.815
1225.340 -103.871
1225.910 -102.854
-1385.560 -366.317
1226.010 -103.873
-1385.470 -368.391
-1387.640 -365.019
-774.996 1158.130
-775.684 1158.120
1201.330 -328.870
-775.094 1159.130
1201.910 -327.877
1202.010 -328.865
1168.340 435.128
1169.010 435.122
1168.900 436.130
456.925 -1229.230
454.704 -1230.460
455.768 -1230.380
457.417 -1230.350
458.565 -1230.420
-843.105 -1132.850
-842.995 -1133.850
-843.658 -1133.850
1229.330 -293.860
1229.890 -292.866
1230.000 -293.864
-766.082 -1199.860
-765.983 -1200.860
-766.656 -1200.860
-1471.990 -41.853
-1472.090 -40.851
-1472.660 -41.857
-1298.110 -690.853
-1298.010 -691.869
-1298.660 -691.875
-1441.000 343.118
-1441.120 344.126
-1441.670 343.119
782.896 -1070.850
780.899 -1072.860
-1362.000 576.137
-1362.110 577.150
-1362.680 576.138
782.811 -1072.770
784.329 -1072.710
782.754 -1074.290
1280.330 -145.838
1280.890 -144.851
1280.990 -145.840
-1346.670 -628.724
-1348.090 -626.858
-1348.180 -628.784
-1348.250 -630.284
-1350.100 -628.871
-1010.110 -1066.860
1187.340 530.118
-1008.670 -1068.710
1188.010 530.123
1187.930 531.133
-1010.190 -1068.760
595.893 -1216.860
1152.350 613.132
-1010.240 -1070.280
-1012.100 -1068.850
595.328 -1217.860
1153.010 613.137
596.011 -1217.850
1152.920 614.156
-1483.090 -282.861
-1482.990 -283.866
-1483.640 -283.867
1268.320 -331.865
1268.920 -330.869
1293.320 192.153
1269.000 -331.867
1262.330 -359.840
1294.010 192.150
1293.890 193.152
1262.890 -358.847
1263.000 -359.839
898.910 -1001.860
898.338 -1002.860
899.027 -1002.860
-1466.000 373.158
-1466.130 374.145
-1466.690 373.163
-1441.000 456.143
-1441.110 457.143
-1441.660 456.146
-1389.980 588.129
-1390.070 589.133
-1390.660 588.126
-1511.100 -187.859
-1511.000 -188.854
-1511.670 -188.859
-1286.000 786.123
-1286.660 786.116
-1286.100 787.144
-1497.110 -302.841
-1496.990 -303.856
-1497.650 -303.857
1116.910 -752.868
1116.340 -753.865
1117.020 -753.862
-1513.000 249.137
-1513.110 250.139
-1513.660 249.144
-924.977 1178.130
-925.656 1178.130
-925.079 1179.140
-1472.010 456.137
-1472.110 457.136
-1472.670 456.136
-1371.980 689.142
-1372.090 690.132
-1372.670 689.139
1063.890 -866.863
1063.330 -867.849
1064.000 -867.853
-1214.000 932.142
-1214.680 932.137
-1214.100 933.146
-1492.990 463.134
-1493.080 464.133
-1493.670 463.135
-1552.100 -280.862
-1551.990 -281.869
-1552.660 -281.863
-1498.130 -487.860
-1498.010 -488.851
-1498.690 -488.849
-1544.110 -372.865
-1544.000 -373.851
-1544.660 -373.853
1341.320 364.150
-1471.990 586.150
1342.010 364.155
1341.890 365.129
-1472.100 587.139
-1472.670 586.160
-1449.680 -659.708
-1457.990 633.130
-1451.100 -657.852
-1458.090 634.139
-1458.660 633.136
-1451.170 -659.767
-1451.230 -661.289
-1453.090 -659.854
-997.092 -1228.870
-995.957 -1230.330
-1530.980 507.138
-997.618 -1230.360
-1531.090 508.142
-1531.660 507.138
-998.766 -1230.300
-1381.980 827.152
-1382.660 827.152
-1382.090 828.136
-1540.100 -519.870
-1539.990 -520.868
-1540.680 -520.872
-1585.090 -415.854
-1584.980 -416.848
-1585.670 -416.849
-1610.000 323.140
-1610.120 324.143
-1610.670 323.150
-1386.090 -864.857
-1386.000 -865.874
-1386.660 -865.880
-1588.000 462.144
-1588.090 463.142
-1588.670 462.137
1013.930 -1096.860
1013.350 -1097.860
1014.010 -1097.850
1233.330 811.160
1234.020 811.166
1233.920 812.147
-1413.080 -882.849
-1412.990 -883.859
-1379.990 922.150
-1413.670 -883.858
-1380.680 922.157
-1380.110 923.134
1373.340 564.139
1374.010 564.138
1373.900 565.134
-1539.110 -672.859
-1538.990 -673.846
-1539.670 -673.841
1160.330 962.138
1161.020 962.138
1374.330 -597.859
1160.900 963.150
1374.910 -596.851
1375.010 -597.851
1298.340 -775.853
1298.910 -774.854
1299.010 -775.846
1287.900 793.135
-1558.100 -678.860
-1557.990 -679.876
1289.760 791.717
-1558.660 -679.891
1289.820 793.217
1289.900 795.138
1291.320 793.273
-1314.000 1052.140
-1314.670 1052.140
-1314.110 1053.130
-1522.660 757.288
-1524.230 755.710
-1524.180 757.233
-1524.110 759.136
-1526.090 757.152
-1639.520 509.001
-1639.480 510.223
-1640.600 508.630
-1640.500 511.341
-1641.590 508.638
-1642.430 508.790
-1642.440 509.471
-1642.100 510.651
1447.360 -504.871
1447.920 -503.850
1448.030 -504.859
1504.330 302.146
1505.000 302.142
1504.890 303.151
-1623.110 -649.863
1184.900 -1038.870
-1623.010 -650.868
1184.350 -1039.870
-1623.660 -650.866
1185.000 -1039.880
1488.900 443.143
-1563.090 -782.838
-1562.990 -783.847
1490.760 441.713
-1563.660 -783.847
1490.820 443.218
1490.910 445.138
1492.320 443.269
-1640.970 -639.236
-1640.040 -641.528
-1640.690 -640.461
-1641.760 -638.531
-1642.100 -637.860
-1641.610 -640.364
-1642.430 -638.528
-1640.860 -643.950
-1642.590 -640.358
-1641.600 -644.374
-1642.600 -642.367
-1642.600 -643.346
-1642.590 -644.372
1468.330 581.105
1469.020 581.111
1468.910 582.122
1563.340 199.171
1564.020 199.162
1563.910 200.155
1398.900 -769.865
1400.910 -767.862
1400.820 -769.776
1400.770 -771.296
1402.340 -769.715
-1282.990 1203.140
-1283.670 1203.150
1577.330 169.127
-1283.110 1204.150
1578.010 169.136
1577.920 170.140
1569.350 -295.873
1569.920 -294.860
1570.010 -295.872
1584.350 215.163
1585.020 215.161
1584.900 216.146
1286.890 -1021.890
1288.910 -1019.870
1288.810 -1021.780
1288.750 -1023.300
1290.320 -1021.710
1137.900 -1207.860
1137.340 -1208.870
1138.010 -1208.860
-1620.100 -862.854
-1619.990 -863.867
-1620.670 -863.862
1567.350 506.123
1625.320 -258.872
1625.890 -257.863
1568.010 506.128
1626.000 -258.864
1567.910 507.140
-1500.980 1047.130
-1501.650 1047.130
-1501.080 1048.140
1582.900 -482.842
1584.890 -480.856
1584.820 -482.773
1584.770 -484.288
1586.330 -482.726
-1562.680 992.284
-1564.260 990.714
-1564.200 992.229
-1564.100 994.138
-1566.110 992.149
1523.880 -890.852
1523.330 -891.863
1523.990 -891.861
1552.350 840.152
1553.010 840.146
1294.900 1221.140
1552.890 841.141
1295.890 1221.140
1295.900 1222.770
1550.330 894.133
1551.010 894.136
1550.900 895.140
1630.320 -768.857
1630.870 -767.866
1631.000 -768.865
1550.900 -979.870
1550.320 -980.871
1551.010 -980.866
1461.330 1145.140
1462.020 1145.140
1461.910 1146.140
1496.350 1122.140
1497.010 1122.140
1496.900 1123.140
