51.906 0.141
46.893 115.140
188.910 -84.861
54.896 180.137
211.901 116.150
176.893 220.132
-137.115 -201.859
349.882 -70.873
-247.087 70.142
193.893 280.147
-70.094 299.129
5.904 -325.868
-186.115 -270.847
412.898 51.141
156.902 376.150
235.884 348.132
116.890 391.148
-122.110 -382.850
457.917 -123.853
127.892 419.142
373.906 287.129
401.900 303.138
-66.114 462.160
-109.097 457.142
477.905 246.137
-391.111 221.150
-328.108 -322.854
44.884 -498.850
-331.101 348.150
566.897 53.144
350.893 -425.864
-473.114 5.139
-85.108 -509.872
-92.112 530.143
-393.073 333.122
596.901 143.130
286.888 514.132
-310.113 -447.856
306.891 -531.851
-473.086 -282.847
169.867 591.133
-221.106 -538.845
-200.109 550.135
-199.090 -551.861
657.902 -167.866
-565.102 184.132
-86.094 651.161
-589.113 207.136
-521.126 357.138
714.915 -181.840
-435.087 -490.847
-47.112 -687.878
572.913 -461.870
607.898 427.140
749.911 -164.859
-640.093 198.145
-604.095 303.127
190.902 712.161
-561.103 412.149
58.907 -740.883
-620.104 343.144
-698.109 131.139
-686.101 -201.857
-680.083 259.158
-23.077 -780.858
663.888 -494.850
-348.080 683.143
841.894 125.142
-319.123 717.149
228.892 -795.865
424.918 727.135
241.905 795.169
770.911 -388.867
811.909 312.152
713.912 -512.853
895.878 109.122
722.891 528.145
-803.112 -48.868
835.908 371.140
256.923 844.134
149.911 -865.849
764.890 503.129
-287.103 -808.853
895.894 245.142
382.895 817.138
-623.114 583.145
130.911 -891.858
-841.080 200.128
167.895 -909.868
-534.093 707.142
679.894 672.150
659.907 -702.848
-748.096 -473.860
708.891 665.149
975.900 197.137
797.887 581.148
-503.111 793.150
-740.100 558.137
246.891 950.136
-857.104 -344.847
-865.096 332.132
-265.118 923.156
-454.099 839.134
-920.104 -124.852
-147.094 -960.865
648.922 796.135
-758.093 585.147
1049.900 89.146
-949.104 -95.864
264.889 992.148
-621.110 768.155
629.898 849.146
629.898 849.197
-940.076 -283.861
-933.104 -318.856
-227.101 1000.130
-942.118 322.128
-959.101 -268.865
-240.086 -1008.850
999.899 -493.861
-293.095 1012.140
-597.119 881.129
845.904 -762.856
967.892 613.138
99.893 -1104.860
-938.164 495.795
-278.086 -1057.860
-1029.110 -249.858
-704.111 -812.863
-944.635 489.907
150.895 -1106.870
-517.094 -962.880
1043.880 -527.879
662.901 -945.867
422.882 1074.130
1100.900 443.138
-1088.110 -30.864
-1053.130 293.137
1025.890 605.149
-584.109 -962.866
215.677 1147.020
-386.093 -1073.850
1130.890 -443.860
-794.097 -806.862
341.893 1133.110
-942.110 626.132
-968.089 -588.849
-1018.100 -494.851
14.907 1180.130
-611.093 -979.858
-1125.100 -151.853
-1144.120 -87.856
642.891 1044.140
-387.076 -1119.870
-954.100 -664.879
-646.112 -986.855
779.891 -967.856
-646.654 -993.373
-840.107 -826.877
948.884 849.146
-1183.100 -33.875
-543.092 1088.130
-231.108 1208.160
-313.073 -1192.850
-1108.110 465.137
1276.900 -259.852
1287.890 232.135
-1123.100 456.139
-984.118 -729.859
1325.880 -205.839
1340.900 80.134
1130.880 717.132
-1203.110 -327.856
998.905 -896.844
-788.096 1001.130
747.898 1111.140
1199.900 642.134
-1041.110 747.136
1377.890 8.127
1372.920 -200.856
-672.107 -1130.860
-657.560 -1142.390
-636.100 1168.130
1129.890 830.135
-584.126 -1208.850
-1262.110 425.139
-682.096 -1181.860
1053.910 -977.866
1053.510 -984.619
934.904 1094.130
-1330.120 -276.845
-724.105 -1193.840
-1375.110 151.143
1426.910 -443.870
-1391.100 160.151
1508.890 43.153
-1336.090 -458.864
1452.890 -431.859
-1413.090 81.134
1516.100 -104.658
1517.060 -106.026
-1363.100 411.144
1422.900 -546.831
-1421.080 111.146
-932.100 -1101.870
1529.880 155.144
1456.900 514.147
-893.110 1164.150
1328.900 -807.860
-1427.090 376.131
-1200.080 874.148
-1290.110 -734.877
1230.890 -977.866
1556.910 -287.858
-1450.090 396.146
-1498.100 -169.866
-1467.110 -364.856
-1008.100 -1182.860
-1361.090 -761.853
-1431.090 -624.856
1607.890 419.118
-1273.090 -944.849
-1285.100 -969.869
1588.900 612.127
-1579.110 -295.854
1217.890 1180.130
1335.900 1086.140
-1411.110 862.160
-1580.090 -519.848
1435.900 -1024.870
-1551.090 710.138
1401.890 -1173.850
-1553.090 806.126
-1425.120 -1046.880
-1410.110 -1080.860
