78.339 54.133
79.004 54.134
78.918 55.140
102.343 128.139
103.023 128.137
102.912 129.143
186.331 130.142
186.998 130.141
186.900 131.143
233.344 64.148
233.907 65.162
233.998 64.146
-112.090 -16.860
-111.984 -17.862
-112.653 -17.860
-124.099 19.142
-123.998 18.152
-124.678 18.155
-119.967 117.154
-120.059 118.146
-120.652 117.153
309.321 138.138
309.995 138.133
309.869 139.146
-158.004 155.156
-158.123 156.148
-130.999 204.136
-158.678 155.161
-131.657 204.138
-131.101 205.128
-195.668 35.285
-197.097 37.125
-197.183 35.226
-197.241 33.707
326.337 -67.849
326.895 -66.851
327.005 -67.847
-199.102 35.139
-191.120 -14.872
-191.001 -15.860
-191.668 -15.850
-194.841 -23.300
-194.975 -24.865
-195.652 -24.868
315.363 228.139
316.015 228.146
315.927 229.147
-40.976 341.162
-41.662 341.162
-41.071 342.149
272.908 -193.860
272.341 -194.874
273.011 -194.871
-59.140 -243.865
-59.005 -244.866
-59.671 -244.855
272.915 -211.854
272.338 -212.863
273.016 -212.860
-257.993 58.133
-258.107 59.134
-258.671 58.127
45.897 -293.851
46.001 -294.846
45.334 -294.835
430.892 -32.858
440.329 95.138
432.913 -30.860
440.885 96.140
432.822 -32.771
441.009 95.133
432.760 -34.294
434.328 -32.713
441.336 116.148
445.335 85.144
441.987 116.145
441.884 117.148
445.918 86.145
446.022 85.142
399.342 249.133
400.013 249.132
399.895 250.115
444.342 -98.871
444.916 -97.862
445.018 -98.865
-318.102 -4.855
-318.006 -5.849
-318.673 -5.849
490.327 -54.855
490.906 -53.851
491.017 -54.850
-209.105 -276.864
-207.671 -278.726
-353.085 -29.859
-352.986 -30.847
-209.184 -278.779
-353.663 -30.854
-209.237 -280.293
-211.094 -278.858
-239.195 -268.835
-239.555 -270.320
-241.092 -270.676
-210.987 410.142
-211.668 410.140
-211.111 411.137
231.326 495.129
232.006 495.138
231.902 496.141
-370.677 -103.710
-372.124 -101.859
-372.197 -103.771
-372.246 -105.291
-374.099 -103.860
-223.082 -345.854
-221.670 -347.700
308.355 500.137
309.007 500.147
-223.183 -347.761
308.902 501.163
-225.104 -347.852
-223.253 -349.293
-339.101 -232.867
-338.980 -233.880
-339.662 -233.876
595.342 33.171
595.891 34.160
596.011 33.154
-322.641 389.373
-324.289 389.296
496.895 -262.862
-324.598 390.964
498.907 -260.859
498.814 -262.780
-326.472 391.732
498.749 -264.294
-326.043 393.119
500.327 -262.725
-223.006 488.135
-223.674 488.134
-223.115 489.141
434.887 -337.853
434.330 -338.848
435.001 -338.858
557.328 -186.854
557.912 -185.855
558.017 -186.853
-213.990 506.125
-214.671 506.123
-214.091 507.142
-435.983 221.127
-436.102 222.127
-436.670 221.132
-114.985 564.142
-115.668 564.136
-115.087 565.145
-473.995 91.154
-474.104 92.162
-474.677 91.161
77.328 613.151
78.003 613.153
77.894 614.151
-432.095 -177.845
-431.994 -178.830
-19.102 -498.877
-432.667 -178.833
-18.995 -499.874
-19.662 -499.865
352.322 552.151
352.996 552.141
352.882 553.141
203.323 612.142
204.005 612.146
203.902 613.126
655.335 -12.850
655.887 -11.863
655.992 -12.854
543.334 411.155
-456.128 -186.856
-456.006 -187.861
544.010 411.164
-456.658 -187.868
543.906 412.150
-398.110 -299.862
-397.991 -300.855
-398.677 -300.861
-493.112 -117.866
-492.993 -118.867
-493.673 -118.869
586.920 -260.873
586.341 -261.878
587.013 -261.868
13.903 -543.856
14.002 -544.863
13.325 -544.863
-482.990 273.151
-483.105 274.138
-483.677 273.155
680.351 112.123
681.011 112.126
680.932 113.126
504.324 486.121
505.009 486.133
504.921 487.133
684.332 -7.872
684.895 -6.861
685.014 -7.868
-186.992 604.141
-187.665 604.137
-187.100 605.141
690.341 57.137
690.904 58.132
691.020 57.131
687.901 122.133
689.764 120.717
689.819 122.216
689.903 124.141
691.340 122.272
-392.684 457.297
-394.257 455.709
-394.193 457.231
-394.099 459.149
-396.092 457.135
190.342 673.114
42.010 682.138
41.348 682.126
191.005 673.109
41.917 683.129
190.892 674.132
-192.001 633.151
-192.666 633.156
-192.111 634.145
-26.001 689.125
-26.680 689.121
-26.101 690.129
496.351 548.132
497.011 548.132
496.918 549.146
39.913 -599.856
40.010 -600.845
39.322 -600.857
-30.104 -607.865
-29.985 -608.874
-30.666 -608.885
-568.014 274.121
-568.115 275.128
-568.683 274.124
557.325 552.128
558.018 552.130
557.914 553.137
-604.091 -98.874
-603.975 -99.880
-604.667 -99.887
384.323 687.155
385.004 687.161
384.891 688.158
347.893 -607.862
345.880 -609.863
347.809 -609.781
-180.232 722.713
349.322 -609.726
-178.673 724.273
347.752 -611.290
-180.181 724.221
-182.096 724.143
-180.105 726.138
-642.005 33.120
-642.123 34.131
-642.673 33.124
559.901 -484.856
559.336 -485.842
-494.082 -387.849
559.995 -485.839
-493.986 -388.838
-494.657 -388.831
-581.992 359.151
-582.114 360.136
-582.664 359.154
-517.068 -367.859
-388.997 615.144
-516.980 -368.861
-389.659 615.146
-517.657 -368.861
-389.093 616.153
314.901 -640.853
314.333 -641.871
315.002 -641.874
-626.016 274.120
-626.126 275.128
-626.680 274.129
811.336 188.139
812.008 188.144
811.909 189.134
-186.226 751.710
-184.664 753.287
-186.183 753.235
-188.084 753.158
-186.120 755.151
-608.077 -268.871
-607.993 -269.867
-608.661 -269.870
-461.101 -487.862
-460.987 -488.876
-461.659 -488.876
73.895 -726.845
277.331 810.130
277.990 810.130
75.324 -728.694
277.872 811.147
73.807 -728.756
71.898 -728.847
73.746 -730.286
-576.005 489.138
-576.668 489.139
-576.107 490.141
698.330 560.144
699.005 560.148
698.898 561.141
787.345 -323.858
787.947 -322.849
788.021 -323.851
-577.000 556.146
-414.111 -608.863
-577.662 556.153
-577.110 557.150
-414.000 -609.857
-414.677 -609.846
-389.988 746.021
-390.700 745.999
-389.966 746.735
-391.895 748.169
-394.778 752.971
-752.012 205.122
-752.135 206.133
-395.658 753.141
-752.674 205.129
-395.102 754.128
410.327 835.145
410.996 835.151
410.884 836.138
-568.668 611.259
-570.236 609.726
-570.181 611.215
-570.098 613.146
-572.108 611.148
-258.092 -733.874
-257.991 -734.879
-258.655 -734.880
807.313 513.151
807.992 513.158
807.871 514.150
612.911 734.134
614.770 732.708
614.831 734.221
616.335 734.281
614.920 736.137
179.317 917.120
179.989 917.125
179.868 918.133
-790.989 114.148
-791.112 115.137
-791.673 114.150
-459.126 -634.859
-459.000 -635.859
-459.676 -635.863
666.885 -600.863
666.327 -601.869
667.003 -601.870
-802.990 140.141
-803.096 141.143
-794.668 205.296
-803.650 140.138
-796.238 203.710
-796.173 205.229
-796.079 207.142
-798.098 205.131
-618.004 615.153
-618.676 615.154
-618.092 616.154
867.335 -375.841
867.892 -374.838
867.997 -375.846
-820.678 90.290
-822.099 92.146
-822.184 90.281
979.329 17.130
979.863 18.152
979.974 17.132
-823.944 87.618
-824.386 90.126
-826.020 86.868
-364.112 -736.851
-364.010 -737.856
403.892 -792.861
-364.679 -737.859
403.325 -793.854
403.995 -793.856
-745.985 459.141
-746.104 460.140
-746.669 459.140
309.323 944.149
310.009 944.153
739.875 -584.848
739.329 -585.855
166.884 -861.862
-410.128 -725.901
739.995 -585.853
309.893 945.152
-412.432 -724.818
166.335 -862.867
166.991 -862.876
-410.069 -728.261
805.901 -513.859
805.328 -514.856
-412.550 -728.310
-414.635 -727.008
806.011 -514.863
-412.485 -730.388
-487.989 786.124
-488.659 786.114
-488.062 787.130
-815.122 -190.865
-814.996 -191.864
-815.656 -191.855
-306.974 899.137
-307.654 899.133
-271.987 915.129
-307.101 900.127
-272.668 915.131
-272.087 916.132
-853.981 -10.850
-854.083 -9.859
-854.652 -10.854
-851.107 -63.850
-850.991 -64.855
-851.671 -64.858
196.916 -876.862
196.348 -877.862
197.017 -877.863
1009.330 -74.890
1009.910 -73.860
1010.010 -74.885
293.915 -861.862
293.342 -862.850
294.003 -862.847
619.889 -717.848
619.338 -718.861
619.989 -718.863
-670.984 652.130
-671.669 652.140
-671.105 653.141
-429.006 869.135
-429.678 869.130
-429.119 870.131
-460.064 -743.868
-620.066 -608.864
-459.966 -744.864
-619.977 -609.873
-460.657 -744.864
-620.649 -609.878
816.351 689.147
817.017 689.149
-731.672 -487.721
816.915 690.145
-733.108 -485.863
-733.178 -487.778
-733.226 -489.292
-735.091 -487.861
-148.237 1005.720
-300.119 -848.871
-146.675 1007.280
-148.186 1007.230
-300.005 -849.854
-150.108 1007.150
-300.681 -849.858
-148.110 1009.140
-887.098 -131.874
-886.994 -132.885
-887.668 -132.881
-726.073 -524.853
-725.977 -525.863
-726.660 -525.862
141.903 -942.864
-788.995 550.160
-789.086 551.144
-789.666 550.159
139.893 -944.854
141.816 -944.771
143.324 -944.715
141.756 -946.285
-528.016 857.153
-528.682 857.159
1032.330 -267.885
466.905 -874.845
1032.890 -266.864
-528.128 858.128
1033.010 -267.888
466.352 -875.848
467.019 -875.844
1087.320 72.127
1087.880 73.130
1088.000 72.130
-874.963 389.157
-875.076 390.150
-875.658 389.162
-350.103 -861.862
-349.997 -862.861
-350.662 -862.867
-469.116 -809.849
-468.988 -810.861
-938.988 169.133
-469.661 -810.861
-939.096 170.134
-939.659 169.134
449.906 -901.850
456.898 -899.867
449.330 -902.850
454.956 -901.445
457.003 -900.871
-889.085 -293.865
-888.982 -294.852
-889.657 -294.854
-306.611 1011.150
-308.527 1011.150
244.892 -964.868
-307.740 1012.310
244.327 -965.883
245.009 -965.880
1099.370 225.137
1100.020 225.138
1099.920 226.143
-952.667 191.296
-954.246 189.702
-954.184 191.225
-954.093 193.137
-956.097 191.122
470.353 1024.130
471.017 1024.130
470.921 1025.140
643.911 -827.864
643.330 -828.877
644.012 -828.868
-898.115 -330.852
-897.992 -331.853
-898.667 -331.850
1008.330 -451.857
1008.900 -450.867
1009.010 -451.856
553.338 1005.120
554.014 1005.120
-827.102 -503.863
-826.991 -504.861
553.894 1006.120
-827.667 -504.859
503.908 -926.852
-716.661 769.283
-718.235 767.715
501.903 -928.848
-718.185 769.228
503.815 -928.762
-494.977 959.138
505.332 -928.704
-718.109 771.147
-495.654 959.141
-720.087 769.148
-495.077 960.134
503.751 -930.283
-971.115 -172.857
-971.000 -173.872
-971.668 -173.876
37.008 1128.150
36.347 1128.150
36.911 1129.140
672.899 -845.858
670.898 -847.854
672.808 -847.771
375.886 -984.858
674.330 -847.714
672.747 -849.292
375.334 -985.841
376.006 -985.849
1128.350 323.163
-1004.990 12.147
-1005.100 13.148
1129.010 323.159
1128.910 324.146
-1005.670 12.141
-404.990 1029.130
-405.676 1029.140
1127.350 -237.839
1127.910 -236.856
-1006.670 149.292
-405.112 1030.150
1128.010 -237.841
-769.089 -631.855
-767.679 -633.713
-1008.240 147.712
-1008.190 149.230
-1008.100 151.155
-769.171 -633.769
-769.228 -635.294
-1010.100 149.138
-771.089 -633.854
-995.997 262.122
-996.099 263.129
-996.669 262.127
-38.263 1145.710
-36.660 1147.290
-38.194 1147.220
-40.101 1147.130
-907.105 -434.852
-906.998 -435.864
-907.670 -435.865
-38.094 1149.140
-985.976 344.152
-986.062 345.132
-986.667 344.151
64.020 1159.160
63.336 1159.160
63.909 1160.150
-368.008 1068.140
-368.670 1068.130
-368.118 1069.130
-548.486 971.606
-546.078 973.744
-560.097 -856.863
-548.550 973.702
-559.984 -857.853
-546.141 976.105
-560.663 -857.849
-1011.690 286.287
-550.644 975.009
-1013.250 284.714
-548.435 977.178
-1013.190 286.233
-1013.100 288.150
104.884 -1061.870
104.331 -1062.860
105.007 -1062.870
-1015.110 286.152
-985.118 -292.860
-984.986 -293.872
-985.678 -293.868
922.336 794.110
923.024 794.125
922.924 795.125
869.327 856.133
870.003 856.137
87.892 -1072.860
869.898 857.146
87.342 -1073.840
88.003 -1073.850
161.331 1181.120
161.999 1181.130
161.895 1182.110
1056.900 625.150
-762.098 -706.847
1058.760 623.713
-761.988 -707.846
1058.820 625.234
-762.662 -707.847
1058.910 627.148
1060.320 625.290
-1037.990 266.122
-1038.090 267.134
-1038.660 266.127
-233.100 -1039.870
-231.666 -1041.730
-233.187 -1041.780
-235.092 -1041.860
-233.245 -1043.290
879.885 -759.868
877.894 -761.845
-1062.990 -6.870
-1063.100 -5.855
-1063.660 -6.874
879.814 -761.775
881.323 -761.727
879.766 -763.283
77.906 -1090.870
78.005 -1091.850
77.332 -1091.870
150.333 1199.120
150.996 1199.120
150.890 1200.120
-732.127 -762.856
-731.997 -763.843
-732.679 -763.834
-999.102 -358.838
-998.990 -359.852
-999.659 -359.848
-999.000 478.130
-999.096 479.145
-999.686 478.129
-910.098 -555.861
-909.988 -556.849
-910.678 -556.843
1038.900 712.146
1040.770 710.703
1040.830 712.225
1040.910 714.144
1042.340 712.278
-597.987 1008.130
-598.669 1008.120
-598.093 1009.130
-538.992 1055.150
-1096.970 11.143
-1097.070 12.143
-539.663 1055.140
1115.340 610.129
-1097.660 11.135
1157.320 524.148
-539.094 1056.140
1116.010 610.128
1158.010 524.142
1157.880 525.131
1116.430 612.893
1117.330 618.137
1118.000 618.137
1117.890 619.132
-998.660 -452.710
-1000.090 -450.866
-1000.180 -452.769
-874.096 -662.860
-1000.240 -454.281
-873.993 -663.841
1000.900 -701.857
1000.350 -702.849
-638.103 -899.857
-874.694 -663.845
1001.000 -702.851
-1002.100 -452.855
-121.090 -1122.860
-637.985 -900.841
-638.661 -900.840
-120.991 -1123.860
-121.662 -1123.860
-320.997 1181.120
-321.669 1181.120
-1053.990 439.146
-1054.080 440.148
-1054.660 439.150
-321.113 1182.140
-1026.010 515.139
-1026.130 516.134
-1026.690 515.142
1122.870 -534.860
1122.340 -535.864
1123.000 -535.869
-1054.660 454.293
-1056.250 452.713
-1056.190 454.228
-1056.100 456.138
-1058.100 454.133
1059.310 756.132
1059.990 756.130
1059.880 757.121
851.907 -884.867
851.335 -885.865
852.000 -885.871
-708.100 -875.858
-706.671 -877.723
-708.186 -877.785
-708.244 -879.296
-710.103 -877.877
1295.330 -61.867
1295.900 -60.858
1296.010 -61.864
-85.097 -1162.850
-84.978 -1163.840
-85.658 -1163.830
-1150.990 29.144
-1151.090 30.140
-1151.670 29.137
-976.094 -582.860
-975.992 -583.866
-976.662 -583.866
-884.006 836.129
-884.667 836.124
-807.106 -814.869
-884.099 837.141
-805.668 -816.726
-807.188 -816.786
-807.242 -818.292
-809.095 -816.874
-381.100 -1102.860
-380.985 -1103.870
-381.667 -1103.860
-949.091 -653.869
-948.977 -654.872
-949.659 -654.870
-1025.100 -532.868
-1155.110 -147.859
-1155.000 -148.856
-1024.980 -533.877
-1155.680 -148.846
-1025.660 -533.877
1330.330 169.121
1330.920 170.128
1331.020 169.124
-658.000 1078.140
-658.670 1078.150
-658.132 1079.160
-1179.100 -61.863
-1179.030 -62.973
-1179.680 -62.993
-1179.630 -67.380
-1180.000 -69.982
-1180.460 -67.677
-1180.690 -70.009
4.909 -1214.870
5.016 -1215.850
4.335 -1215.840
-879.994 894.147
1352.890 42.139
-880.656 894.160
-880.104 895.149
1354.750 40.703
1354.810 42.216
1354.900 44.144
1356.330 42.269
130.867 -1222.850
130.333 -1223.850
130.988 -1223.850
1340.340 -160.856
1340.890 -159.871
1341.010 -160.863
-1121.000 504.150
-1121.090 505.140
-1121.670 504.151
-1145.990 441.145
-1146.090 442.140
-1146.660 441.140
-554.995 1175.130
-123.115 -1217.840
-555.671 1175.130
-555.090 1176.130
-123.001 -1218.850
-123.665 -1218.850
-1173.100 -255.856
-1173.000 -256.871
-1173.670 -256.878
976.321 986.140
976.999 986.144
976.892 987.147
1366.350 -88.874
1366.910 -87.868
1367.010 -88.868
-1060.080 -584.860
-619.238 1157.710
-1059.980 -585.859
-617.675 1159.290
-1060.670 -585.869
-1093.120 -524.872
-619.185 1159.220
-1190.680 366.272
-1093.000 -525.862
-1093.670 -525.854
-621.106 1159.120
-1192.260 364.716
-1192.200 366.222
-619.105 1161.150
-1192.120 368.138
-891.002 934.127
-891.677 934.130
-891.113 935.131
-1194.110 366.147
-1120.010 597.168
-1120.120 598.142
-1120.670 597.168
-1200.980 413.128
-1201.080 414.133
-699.097 -1023.880
-1201.660 413.124
-698.989 -1024.860
-699.676 -1024.860
-1017.980 813.149
-1231.670 305.297
-1018.670 813.153
-1018.100 814.144
-1233.260 303.702
-1233.180 305.229
-1233.070 307.148
-1235.090 305.129
766.903 -1097.870
766.329 -1098.870
767.003 -1098.870
1386.330 -267.847
1386.900 -266.864
1387.020 -267.856
1380.320 415.150
1381.000 415.151
1380.870 416.140
1143.900 -790.845
1143.330 -791.864
1144.010 -791.864
-848.385 1053.810
-846.487 1055.760
-1064.010 800.141
-848.244 1055.700
-1064.090 801.146
-848.111 1057.300
-850.254 1055.570
-1065.890 800.380
-1222.990 472.149
-1223.110 473.140
-1223.670 472.150
-1142.990 670.159
-1143.090 671.150
-1143.660 670.150
-1055.060 822.081
-421.095 -1220.860
-420.998 -1221.850
-1055.830 823.033
-421.660 -1221.850
-1178.000 603.154
-1058.270 821.181
-1071.830 801.018
-1178.110 604.156
-1178.670 603.148
-1072.880 801.103
-1061.220 819.201
-1072.550 802.359
-1291.010 165.134
-1291.130 166.132
-1061.110 822.139
-1291.680 165.126
-1063.100 820.133
1445.320 -105.846
1445.880 -104.853
1446.000 -105.854
1288.330 -603.856
1288.900 -602.864
-1076.140 805.423
1289.010 -603.862
-1077.670 806.128
-1077.100 807.153
-1286.080 261.757
-1286.140 264.102
-1288.480 259.614
-1288.540 261.709
-1288.440 265.172
-1290.640 262.990
-1263.000 400.154
-1263.110 401.151
-1263.670 400.151
-1257.990 447.121
-1258.100 448.127
-1272.980 394.146
-1258.660 447.105
-1273.060 395.134
-1031.990 897.156
-1273.670 394.136
-1032.670 897.158
-1032.100 898.141
781.910 -1152.860
1474.340 109.145
-1085.970 827.150
781.334 -1153.870
1474.910 110.148
1475.270 108.834
782.006 -1153.870
-1086.660 827.149
-1086.090 828.134
1476.570 104.401
1477.380 101.887
-1069.990 -746.869
-1070.830 -745.767
1478.310 103.349
998.888 1110.160
1478.520 101.966
1000.750 1108.700
808.906 -1141.860
-1072.310 -746.875
808.336 -1142.880
1000.810 1110.240
809.000 -1142.880
-1073.620 -745.839
1002.330 1110.290
1000.910 1112.150
-1074.650 -746.884
1421.340 -360.863
1421.900 -359.860
1422.010 -360.863
-915.121 -944.862
-915.013 -945.867
-915.682 -945.863
-1249.120 -430.873
-1249.010 -431.870
-1058.120 -786.844
-1249.680 -431.869
-1057.980 -787.830
-1058.670 -787.822
-1320.120 -171.858
-1320.000 -172.845
-1320.680 -172.834
-1246.670 563.285
-1248.240 561.709
-1248.180 563.226
-1248.110 565.141
1488.330 238.151
1489.000 238.142
-1250.100 563.139
1488.880 239.139
-1208.920 -553.939
-1209.080 -556.432
-1083.080 -771.876
-1211.440 -552.821
-1082.980 -772.876
1201.340 933.152
-1209.240 -559.231
-1083.680 -772.877
-929.097 -955.855
1201.990 933.156
-928.996 -956.854
1201.900 934.159
-1212.400 -554.940
-929.672 -956.850
-1212.360 -559.294
-1214.550 -554.779
-1214.560 -557.980
-1288.990 482.123
-1289.090 483.128
-1289.660 482.127
-1308.020 441.154
-1308.130 442.149
-1308.670 441.163
1262.350 877.128
1263.010 877.130
1262.900 878.137
-1289.000 526.137
-1289.100 527.141
-1289.670 526.132
-1194.090 -663.857
-1193.990 -664.854
-1194.660 -664.844
-1381.990 -90.879
-1382.110 -89.867
-1382.670 -90.876
1317.910 -738.851
1319.900 -736.868
-1308.990 548.148
-669.099 -1214.860
1319.830 -738.784
-1309.100 549.146
-1309.670 548.157
-667.667 -1216.720
1319.780 -740.295
-1338.130 -354.894
1321.340 -738.738
-669.188 -1216.780
-1338.060 -357.257
-671.105 -1216.860
-1225.000 746.130
-669.247 -1218.280
-1225.120 747.131
-1340.420 -353.817
-1225.680 746.132
-1340.550 -357.307
-1340.490 -359.391
-1342.630 -356.005
-1320.000 570.141
1005.910 1221.170
-1320.110 571.128
-1320.670 570.145
1006.920 1221.160
-1117.110 -838.874
1006.930 1222.790
-1116.990 -839.873
-1117.670 -839.877
-1413.000 147.122
-1413.110 148.130
-1413.680 147.116
-1332.100 -443.860
-1331.980 -444.865
-1332.670 -444.866
1552.330 330.156
1299.340 925.135
1553.000 330.156
1552.880 331.145
1300.000 925.134
1299.900 926.145
-964.987 1134.170
-965.660 1134.180
-965.100 1135.150
-1256.000 746.137
1295.880 -827.842
1295.330 -828.847
-1256.110 747.124
-1256.670 746.135
1296.000 -828.846
-703.568 -1231.860
-705.506 -1231.650
-810.100 -1162.850
-809.996 -1163.840
-884.210 1214.710
-810.660 -1163.850
-882.665 1216.280
-884.161 1216.230
-886.096 1216.150
-884.088 1218.150
1145.340 1126.150
1146.000 1126.150
1145.890 1127.140
-952.261 1169.720
-950.679 1171.280
-952.199 1171.220
-1227.990 831.139
-1228.660 831.139
-1228.100 832.129
-954.102 1171.140
-952.107 1173.130
-1368.680 527.284
-1370.250 525.713
-1402.990 411.131
-1370.190 527.235
-1403.090 412.138
-1349.980 586.151
-1370.090 529.151
-1403.670 411.128
-1350.090 587.148
-1350.670 586.149
-1446.000 116.133
-1372.110 527.161
-1446.120 117.146
-1165.670 -829.712
-1167.100 -827.851
-1446.660 116.140
-1167.200 -829.771
-1449.000 94.147
-1449.100 95.154
-1167.270 -831.291
-1449.680 94.145
-1169.110 -829.856
-1449.640 110.108
-1449.960 108.148
1209.960 1083.720
-1450.650 108.135
1211.190 1084.030
1211.200 1087.220
1211.880 1087.480
962.891 -1199.860
1211.910 1089.150
960.906 -1201.870
962.813 -1201.790
964.331 -1201.730
962.762 -1203.290
-1361.990 594.126
-1362.120 595.135
-1458.000 -33.856
-1362.680 594.126
-1458.110 -32.859
-1458.680 -33.858
-1166.670 963.304
-1342.000 654.128
-1168.240 961.709
-1342.110 655.136
-1342.660 654.134
-1168.180 963.228
-1168.080 965.144
-1170.100 963.116
-1445.660 307.292
-1447.250 305.720
-1447.180 307.230
-1447.080 309.138
1500.900 664.124
-1449.100 307.139
1502.760 662.703
1502.810 664.220
1502.890 666.130
1504.330 664.287
-906.139 -1147.870
-906.013 -1148.860
-906.681 -1148.860
-943.068 -1118.860
-942.976 -1119.870
-943.654 -1119.870
-830.101 -1211.880
-829.975 -1212.860
-830.679 -1212.850
-1094.000 1090.130
-1094.660 1090.130
-1094.100 1091.130
-981.105 -1099.870
-980.996 -1100.870
-981.668 -1100.860
-1489.080 130.756
-1489.140 133.101
-1491.470 128.610
-1491.540 130.708
-1491.430 134.177
-1132.670 1058.300
-1134.240 1056.710
-1493.640 131.995
-1134.180 1058.230
-1134.100 1060.140
-1492.980 171.138
-1136.100 1058.140
-1493.090 172.142
-1493.670 171.147
-1394.120 -517.854
-1394.000 -518.844
-1394.680 -518.848
1580.330 569.141
-1506.020 -53.851
-1481.120 -245.860
-1506.120 -52.843
-1481.000 -246.868
1581.010 569.144
1580.890 570.146
-1506.680 -53.861
-1481.660 -246.864
-1509.990 242.134
-1521.000 82.130
-1510.100 243.122
-1521.100 83.131
-1510.670 242.132
-1521.670 82.135
-1357.990 760.151
-1358.100 761.146
-1358.660 760.149
-1264.990 933.141
-1265.670 933.141
-1265.100 934.140
-1531.970 -56.855
-1532.080 -55.866
-1532.650 -56.848
-1536.000 272.148
-1536.110 273.153
-1536.660 272.149
1475.900 -792.860
1475.340 -793.862
1476.010 -793.862
-1446.490 652.312
-1447.170 653.352
-1449.580 652.705
-1450.970 654.135
-1451.670 653.143
-1400.990 771.151
-1401.090 772.143
-1401.670 771.145
1515.320 861.130
1515.990 861.133
1515.880 862.145
-1545.670 361.292
-1547.240 359.712
-1547.190 361.231
-1547.100 363.147
-1135.990 1180.140
-1549.090 361.142
-1136.660 1180.130
-1136.090 1181.150
-1557.090 -241.854
-1556.990 -242.855
-1557.680 -242.853
1564.330 -708.872
1564.930 -707.881
-1497.130 -502.867
1565.030 -708.872
-1497.000 -503.857
-1497.680 -503.851
-1296.010 1009.140
-1296.650 1009.140
-1296.100 1010.140
1424.910 -961.861
1424.340 -962.871
1425.030 -962.866
-1425.670 820.290
-1427.250 818.715
-1427.190 820.233
-1427.100 822.143
-1429.090 820.149
-1336.990 981.142
-1337.660 981.135
-1337.090 982.141
-1325.000 1007.160
-1325.660 1007.170
-1325.100 1008.150
-1390.660 923.278
-1392.240 921.722
-1392.180 923.226
-1392.090 925.132
-1394.100 923.148
1416.330 1120.120
1416.990 1120.130
-1520.100 -557.846
1416.890 1121.130
-1520.000 -558.837
-1520.670 -558.840
-1618.000 312.145
-1618.130 313.149
-1618.660 312.154
-1346.000 1030.150
-1346.670 1030.140
-1346.110 1031.140
-1309.670 1090.280
-1311.240 1088.700
-1311.190 1090.220
-1311.110 1092.140
-1583.110 -443.856
-1583.000 -444.859
-1313.100 1090.140
-1583.670 -444.861
-1584.990 574.144
-1585.100 575.134
-1585.660 574.151
-1165.100 -1167.860
-1164.980 -1168.850
-1165.680 -1168.850
-1367.110 -925.856
-1367.000 -926.859
-1367.660 -926.858
-1637.000 549.153
-1637.120 550.780
-1637.680 549.299
-1639.300 549.527
-1553.110 -688.866
-1553.000 -689.867
-1553.670 -689.863
1486.890 -1068.860
1486.330 -1069.870
1486.990 -1069.870
-1406.000 1083.150
-1406.660 1083.160
-1370.020 1134.130
-1406.100 1084.140
-1370.690 1134.130
-1370.130 1135.130
-1483.990 979.131
-1484.660 979.118
-1484.090 980.132
-1596.990 771.133
-1597.100 772.139
-1597.670 771.133
-1494.010 1033.130
-1494.680 1033.130
-1494.120 1034.140
-1579.130 -923.849
-1579.010 -924.856
-1579.680 -924.856
-1365.130 -1225.850
-1364.990 -1226.970
-1366.190 -1227.040
-1534.990 1128.160
-1535.670 1128.160
-1535.110 1129.150
-1533.680 -1065.720
-1535.100 -1063.870
-1535.190 -1065.790
-1535.260 -1067.290
-1537.100 -1065.870
