-73.112 88.144
-128.077 57.123
15.903 195.160
-250.138 -39.857
-6.117 296.133
98.917 260.148
154.911 174.134
-194.115 -126.870
-324.096 50.127
132.896 238.122
-253.091 278.158
125.888 -83.864
-171.091 417.157
82.912 -218.862
163.907 -161.866
212.902 -137.864
-439.090 159.164
-455.122 130.149
-464.088 225.156
350.894 100.146
341.895 -29.864
-371.092 -280.860
88.928 543.146
-556.085 69.141
-16.129 578.126
-106.101 -407.856
-451.093 415.129
62.919 -420.846
-55.088 622.148
-360.100 -380.872
379.892 -233.844
-481.128 472.137
-445.112 509.142
-646.092 46.148
-656.099 121.148
-632.090 261.148
344.911 509.148
-289.090 -471.850
-511.100 502.130
343.890 545.166
534.891 -30.852
-639.101 344.134
542.888 252.161
-418.098 628.155
494.913 -229.864
566.908 212.138
-340.085 685.151
79.890 724.158
-677.094 -182.875
-274.102 719.151
63.903 737.143
376.913 -409.857
584.916 -69.854
-8.103 766.157
-108.092 769.168
404.910 579.162
-568.108 -391.865
-655.088 -339.872
-743.105 -202.859
314.900 708.151
-136.098 820.140
-510.099 -506.849
-111.093 829.154
221.916 786.133
-327.108 -626.869
-680.101 548.158
279.903 763.144
133.880 828.134
-453.088 757.143
211.902 806.143
-841.089 -57.871
646.905 401.137
-475.096 767.162
-861.100 31.137
469.886 684.125
734.883 129.167
-231.089 -706.883
469.911 -513.863
330.909 796.151
205.900 -681.858
433.906 735.145
-833.103 -235.855
588.904 -407.870
-913.083 174.154
-199.103 923.142
-127.091 934.130
493.894 722.129
388.894 806.159
-860.104 -245.844
298.908 859.147
280.918 -692.859
720.895 -242.832
-564.089 799.135
-215.090 943.129
-408.111 889.144
-838.092 508.139
798.912 229.137
-767.104 635.130
523.920 740.132
-62.088 -811.867
267.892 928.143
-612.086 -648.853
128.901 980.126
-643.108 806.155
53.889 -828.859
-832.093 -458.865
-1008.090 160.148
-274.102 -827.855
335.898 938.147
-1018.110 93.132
-981.091 372.137
-764.110 -570.853
407.879 -737.856
878.898 269.137
388.887 940.132
-733.094 -643.844
-475.093 988.151
793.912 558.139
5.885 1076.150
-731.088 831.155
-967.106 -344.868
711.907 698.127
-992.095 481.114
573.896 -674.868
494.892 913.143
-897.122 660.149
849.182 501.362
16.900 1100.150
761.900 -490.857
-1059.090 -184.840
461.905 -793.854
-997.097 -382.873
-169.100 -955.855
55.903 1131.160
701.908 802.134
-1121.100 -44.863
961.896 316.137
95.888 1135.130
987.915 142.130
-1135.110 32.142
-171.108 1149.150
721.895 -622.867
-707.094 946.136
503.907 -809.867
-1041.110 -366.844
190.911 1126.140
-326.114 -956.846
-498.105 -901.857
452.895 -854.861
1005.890 137.132
1004.910 207.128
-1023.110 -437.858
-863.101 836.143
92.882 -987.882
-971.100 708.141
479.877 -852.859
-716.103 993.139
116.913 1184.130
182.905 1184.140
-121.091 -1036.870
-333.112 1184.140
-943.080 804.127
640.914 960.136
-718.093 1016.140
679.900 -755.875
-1128.090 497.118
-739.111 -827.857
-395.093 -997.859
1055.900 -41.855
272.897 -1008.850
-670.098 1072.140
656.895 -815.854
803.905 -679.853
129.898 -1070.870
434.911 1153.150
-973.077 -683.875
525.904 1121.130
1097.920 -148.846
607.905 1091.140
1113.900 361.155
-696.097 1139.140
377.883 -1048.840
1159.900 220.149
-1090.110 -624.852
1118.900 439.134
-1250.110 490.119
-948.096 987.143
-544.097 -1082.850
684.882 1100.140
-755.096 1172.140
719.921 1094.140
1037.900 -556.859
-1245.520 -461.925
62.901 -1200.860
971.899 858.131
-1080.100 914.127
-1385.130 124.122
-1355.100 400.143
1211.890 396.143
-1254.100 719.114
986.901 -737.863
-1134.100 918.139
-762.109 -1069.880
439.896 -1158.860
1266.910 242.150
1030.920 864.139
1268.910 -88.861
-1297.100 -506.879
-1301.110 682.136
605.898 -1102.880
1292.920 -72.846
1302.880 104.135
-1456.100 276.116
980.308 1009.140
985.118 1007.240
998.487 999.517
-1300.080 796.130
-1365.110 -499.844
1191.910 -555.881
-1151.090 1013.140
-1284.090 831.134
-1414.120 559.131
656.899 -1141.880
-1262.090 888.120
562.888 -1207.860
1053.890 1004.140
1116.890 921.129
-958.090 -1070.860
-758.107 -1200.870
1360.910 -194.860
-1387.100 -555.841
-1539.110 119.135
1292.900 -447.875
960.933 1131.140
-1463.110 -397.871
-1336.110 -671.864
1172.900 -734.870
-1511.120 540.148
1294.920 -545.850
1328.900 646.147
-1446.100 723.153
1448.900 1.134
1227.910 892.135
1435.920 -169.866
1254.910 878.151
-1219.100 1125.140
-1618.120 31.129
1436.930 421.144
1369.890 -488.852
1049.900 -996.841
1485.900 -40.870
1074.890 -976.860
1496.920 212.127
1158.900 -897.868
-1113.110 -1102.850
1096.920 -990.864
1399.900 703.140
1509.890 366.154
-1041.100 -1209.860
-1340.110 1115.140
1289.900 994.134
1386.900 836.148
-1573.090 -579.866
1561.900 275.146
1295.920 -848.871
-1439.090 -855.841
1385.910 -708.858
-1556.100 844.128
1282.900 1064.150
1610.930 269.145
1345.910 1013.150
1395.880 951.139
1562.910 634.133
1431.890 -791.877
1383.900 -900.867
1167.900 -1162.860
1603.910 -506.865
1600.900 -564.862
1420.870 1100.130
-1370.100 -1210.860
-1614.090 1180.140
-1593.110 -1040.880
1547.900 -1156.850
