48.337 14.127
49.006 14.129
48.897 15.141
79.898 -121.861
125.334 131.143
126.014 131.133
77.899 -123.875
125.897 132.132
79.811 -123.785
81.344 -123.722
79.754 -125.290
17.023 168.162
16.341 168.163
16.899 169.142
261.905 20.145
263.749 18.723
263.814 20.229
263.908 22.130
265.349 20.287
233.343 158.145
234.008 158.149
233.913 159.155
-151.998 150.136
-152.672 150.135
-152.085 151.131
147.754 241.717
145.906 243.137
147.817 243.226
149.326 243.286
147.909 245.148
294.333 99.152
294.987 99.158
294.888 100.153
319.324 81.133
320.000 81.133
319.891 82.143
271.873 -193.853
271.321 -194.841
-255.991 -14.858
-256.111 -13.860
271.998 -194.848
-256.659 -14.852
-262.689 -1.721
-264.108 0.136
-264.191 -1.784
-264.247 -3.295
-266.105 -1.878
380.338 27.145
380.911 28.139
381.009 27.150
133.890 -321.873
133.331 -322.860
133.992 -322.860
117.337 360.151
118.025 360.147
117.900 361.155
326.904 -248.868
326.336 -249.868
327.012 -249.875
-131.105 -388.860
321.915 -332.866
-130.999 -389.863
-131.660 -389.871
321.328 -333.857
322.018 -333.859
-363.985 230.143
-364.108 231.147
-364.661 230.155
132.902 -453.856
483.907 -178.843
132.331 -454.858
133.009 -454.853
485.907 -176.853
485.829 -178.770
485.775 -180.299
487.330 -178.721
378.883 -361.843
378.321 -362.856
378.993 -362.864
-457.105 -90.848
-456.999 -91.855
404.885 -359.851
-457.661 -91.859
404.315 -360.867
404.994 -360.859
-250.015 443.136
-250.676 443.128
-250.125 444.147
467.354 336.131
468.007 336.127
467.932 337.141
472.524 348.608
470.363 351.986
472.461 350.682
589.896 15.159
474.931 350.733
591.752 13.718
591.800 15.224
591.874 17.151
472.588 354.181
474.873 353.104
593.320 15.268
-493.672 130.273
-495.242 128.701
-495.186 130.220
-495.104 132.139
-497.097 130.141
607.325 57.161
607.900 58.156
608.004 57.165
233.331 558.153
234.011 558.147
233.896 559.139
-258.981 504.149
-259.667 504.153
-259.076 505.151
443.339 440.132
444.007 440.132
443.903 441.143
377.891 -466.866
377.322 -467.858
378.012 -467.860
615.333 -151.873
615.903 -150.868
616.017 -151.873
-145.984 573.158
-146.665 573.166
-146.088 574.152
522.343 417.133
522.994 417.135
522.892 418.151
-209.001 582.151
-209.680 582.154
-209.135 583.124
243.877 -582.855
243.326 -583.873
243.990 -583.876
-580.119 -71.849
-580.016 -72.863
-580.678 -72.865
505.868 -440.865
505.303 -441.871
505.991 -441.876
-482.670 420.284
-484.247 418.720
-484.188 420.237
-484.102 422.140
-486.105 420.166
682.352 247.147
683.033 247.154
682.947 248.156
-377.105 -514.857
-376.999 -515.846
-377.669 -515.849
683.340 -246.856
683.928 -245.871
684.022 -246.857
-143.002 681.151
-143.661 681.153
-143.107 682.134
676.351 338.128
-131.081 -669.867
677.028 338.141
676.944 339.138
754.333 66.126
-130.987 -670.863
-131.670 -670.872
754.892 67.130
755.008 66.125
618.883 -424.868
618.324 -425.854
619.000 -425.848
690.325 -326.868
690.889 -325.864
691.016 -326.865
280.319 707.138
281.002 707.138
280.887 708.140
-670.099 -137.854
-669.992 -138.857
-670.656 -138.852
136.910 -716.871
136.335 -717.876
137.018 -717.863
754.309 261.131
755.001 261.129
754.890 262.129
-662.095 -234.850
-662.002 -235.848
-662.663 -235.846
424.888 -653.837
424.334 -654.849
424.986 -654.845
-90.998 779.140
-91.659 779.138
-91.106 780.141
741.328 -359.855
741.899 -358.854
742.001 -359.862
111.343 803.131
112.012 803.128
111.902 804.136
833.896 140.142
582.895 -575.864
582.341 -576.862
583.014 -576.864
835.760 138.706
835.814 140.220
835.895 142.141
837.327 140.273
-646.111 -381.859
-645.991 -382.856
-646.669 -382.857
768.313 374.120
769.004 374.120
768.886 375.128
-744.990 175.143
-745.108 176.145
-745.664 175.144
658.334 569.135
659.011 569.138
658.899 570.135
-50.101 -805.851
-49.988 -806.872
-50.666 -806.865
-315.247 761.711
-313.673 763.280
-315.194 763.215
-317.101 763.121
-315.114 765.136
168.328 840.145
168.986 840.145
168.892 841.146
446.328 755.159
446.999 755.155
446.898 756.148
7.015 858.129
6.331 858.129
6.904 859.142
516.902 -704.872
516.332 -705.868
517.023 -705.866
-255.126 -790.866
-255.004 -791.867
-255.682 -791.861
-667.113 -491.860
-121.095 -845.882
-667.008 -492.860
-667.676 -492.862
-120.986 -846.870
-121.667 -846.884
547.344 736.144
548.014 736.136
547.912 737.152
-410.993 785.130
-411.650 785.135
-411.103 786.146
-766.058 -370.855
-765.981 -371.845
-766.662 -371.844
763.335 566.130
764.029 566.137
763.924 567.136
299.337 901.127
300.012 901.131
299.927 902.141
-870.103 -87.848
-869.996 -88.859
-870.663 -88.867
945.321 -235.874
945.886 -234.881
946.002 -235.875
-790.110 -418.866
-790.001 -419.874
-790.673 -419.865
-637.997 678.150
-638.665 678.159
-638.103 679.141
-849.077 -321.870
-848.979 -322.873
-849.668 -322.878
-394.995 873.125
-395.664 873.127
-395.106 874.138
-904.988 187.145
-905.086 188.138
-905.663 187.144
-505.012 825.141
-505.672 825.138
-505.109 826.142
220.342 982.159
221.008 982.157
220.899 983.158
-420.992 881.136
-421.668 881.137
-78.993 992.147
-79.663 992.154
-421.086 882.137
-79.099 993.154
-108.002 1000.130
-108.673 1000.130
-108.099 1001.140
-937.105 -171.858
-936.998 -172.870
-937.676 -172.858
996.894 350.133
998.759 348.718
998.820 350.224
-786.011 580.147
-786.674 580.145
-786.105 581.148
998.909 352.142
1000.330 350.286
-694.005 704.152
-694.653 704.152
-694.102 705.153
139.926 -997.869
139.327 -998.887
140.011 -998.874
-731.082 -648.861
-730.994 -649.861
-731.668 -649.860
-545.120 -822.879
-545.012 -823.876
-545.680 -823.877
520.340 929.149
520.996 929.158
520.889 930.142
310.330 1014.140
311.017 1014.130
310.901 1015.140
-303.071 -960.852
-124.102 -1007.860
-302.968 -961.861
-303.657 -961.863
-122.674 -1009.730
-124.180 -1009.790
-126.098 -1009.870
-124.232 -1011.290
1089.340 -106.876
1089.900 -105.851
-999.998 39.141
1089.990 -106.872
-1000.100 40.143
-1000.660 39.132
-861.077 -519.851
-860.976 -520.848
-861.653 -520.852
-848.664 -549.733
-850.103 -547.861
-850.175 -549.787
-850.224 -551.288
-852.103 -549.866
343.883 -1007.850
-747.095 -692.865
-745.660 -694.709
343.321 -1008.870
343.997 -1008.870
-747.194 -694.781
-747.262 -696.292
-749.108 -694.882
-372.007 999.135
-372.672 999.143
-372.117 1000.130
993.340 -492.870
993.915 -491.866
994.010 -492.866
408.335 1035.140
409.006 1035.150
408.913 1036.140
1042.330 -421.840
1042.880 -420.849
1043.000 -421.845
1109.340 256.139
1110.010 256.140
1109.910 257.139
496.336 1008.130
497.004 1008.140
99.339 1104.150
100.007 1104.140
496.914 1009.120
99.904 1105.150
-939.000 488.148
-939.121 489.132
-939.686 488.140
-1049.980 -36.841
-1050.080 -35.851
-1050.660 -36.836
318.885 -1052.860
-176.997 1092.140
-177.665 1092.140
318.334 -1053.850
319.009 -1053.860
-177.116 1093.140
-479.107 -959.869
-478.998 -960.872
-479.673 -960.870
410.323 1067.140
411.011 1067.140
410.906 1068.140
-1027.980 316.152
-1028.080 317.140
-1028.650 316.156
1071.340 468.117
1072.000 468.118
1071.900 469.136
1086.900 -411.866
1088.890 -409.856
1088.810 -411.777
1088.750 -413.288
1090.330 -411.716
626.347 980.149
627.013 980.145
626.890 981.153
-1048.980 317.134
-1049.080 318.144
-1049.670 317.134
809.890 -840.853
809.330 -841.841
809.986 -841.844
-271.097 -1086.860
-269.676 -1088.720
-271.182 -1088.780
-273.107 -1088.860
-271.239 -1090.290
530.341 1058.120
531.005 1058.120
530.928 1059.140
-675.108 -893.862
-674.993 -894.860
-675.659 -894.864
-584.003 991.135
-584.671 991.135
-584.106 992.138
-842.104 -738.850
-841.988 -739.853
-842.679 -739.854
523.328 1083.120
524.007 1083.120
523.903 1084.130
-867.992 749.149
-868.660 749.140
-868.083 750.146
475.337 1110.150
476.022 1110.150
475.903 1111.150
752.905 -935.864
752.346 -936.859
753.020 -936.863
576.334 1076.140
577.005 1076.140
576.894 1077.140
1239.350 92.124
1239.910 93.131
1240.020 92.131
148.914 -1177.870
148.331 -1178.870
149.023 -1178.880
1161.330 -432.872
1161.920 -431.864
1162.020 -432.866
-21.980 1212.140
-22.661 1212.140
-22.117 1213.140
-1010.670 584.283
-1012.250 582.700
685.331 1035.140
686.015 1035.140
-1012.180 584.219
685.900 1036.130
-1012.070 586.144
-1014.100 584.125
-477.984 1104.140
-478.669 1104.140
-478.101 1105.130
-294.108 -1147.860
-293.983 -1148.830
-294.676 -1148.830
525.335 1136.120
526.012 1136.130
1247.330 -212.822
525.918 1137.140
1247.890 -211.842
1248.000 -212.828
1159.350 -492.855
1159.920 -491.863
1160.020 -492.855
1190.320 495.146
1191.000 495.131
1190.870 496.147
545.342 1151.120
546.003 1151.130
545.917 1152.150
-851.095 -842.860
-851.007 -843.866
-851.666 -843.873
-1167.990 333.124
-1168.090 334.136
-1168.670 333.125
1023.330 817.137
1024.000 817.143
1023.900 818.144
-1179.990 397.121
-1081.100 -602.855
-1180.090 398.135
-1180.660 397.118
-1080.980 -603.853
-1081.660 -603.858
-1210.990 303.144
-1211.070 304.145
-1211.660 303.136
577.343 1201.130
578.016 1201.130
577.911 1202.150
-969.990 824.133
-970.651 824.130
-970.090 825.148
-692.990 1085.130
-1253.070 76.746
-693.670 1085.140
-1253.130 79.100
-693.090 1086.130
-1255.480 74.610
-1255.550 76.697
-1255.430 80.172
-1257.630 78.002
684.329 1160.130
685.010 1160.120
684.884 1161.140
656.889 -1152.870
656.338 -1153.860
657.009 -1153.870
-954.106 -863.854
-953.997 -864.862
-954.664 -864.858
-867.096 -956.860
-865.672 -958.716
-867.182 -958.773
-867.240 -960.296
-869.093 -958.857
1334.330 413.129
1335.010 413.135
1334.900 414.141
-1279.100 -233.874
-1278.990 -234.853
-1279.670 -234.859
-1309.990 179.156
-1310.100 180.143
-1310.670 179.157
-1324.990 23.111
-1325.100 24.134
-1325.650 23.118
1175.900 -772.870
1175.330 -773.842
1176.020 -773.847
1417.330 263.127
1418.000 263.135
1417.910 264.148
-911.073 -995.866
-910.978 -996.868
-911.662 -996.871
1420.320 -347.852
1420.890 -346.854
1421.010 -347.858
-1363.000 310.143
-1363.100 311.136
-1363.670 310.144
-1133.680 -820.708
-1135.120 -818.850
-1135.190 -820.767
-1105.100 -862.849
-1135.240 -822.294
-1104.980 -863.834
-1137.100 -820.855
-1105.650 -863.833
-927.100 -1067.870
-925.666 -1069.720
-927.173 -1069.770
-927.223 -1071.290
-929.101 -1069.860
1075.900 -1032.870
1075.340 -1033.870
1076.010 -1033.870
-1344.130 -486.844
-1344.020 -487.849
-1344.680 -487.852
1118.330 1041.140
1118.990 1041.140
1118.850 1042.140
-1436.010 62.155
-1436.120 63.157
-1436.680 62.149
1409.350 -582.844
1409.930 -581.846
1410.030 -582.842
-1078.090 -965.868
-1077.980 -966.862
-1078.660 -966.855
-1273.990 725.150
-1448.000 -111.849
-1448.110 -110.846
-1274.110 726.146
-1274.680 725.157
-1448.670 -111.841
-1427.100 -279.861
-1426.990 -280.865
-1427.660 -280.868
1466.360 -491.002
1468.560 -488.822
1468.450 -492.298
-1207.980 848.136
1468.520 -494.386
-1208.650 848.139
-1208.080 849.142
1470.880 -489.904
1470.930 -492.251
-833.088 -1218.850
-832.978 -1219.850
-833.652 -1219.850
-1459.090 -221.849
-1459.010 -222.850
-1459.660 -222.861
1574.340 -67.855
1574.910 -66.844
1575.010 -67.852
1532.320 407.137
1533.010 407.129
1582.910 -49.858
1532.890 408.135
1584.880 -47.863
1584.810 -49.779
1584.760 -51.289
-1437.100 -383.859
-1436.990 -384.853
-1437.660 -384.859
1586.340 -49.724
-1490.980 -44.860
-1491.080 -43.857
-1491.660 -44.876
1339.900 880.133
-1458.100 -371.841
-1458.000 -372.843
1341.750 878.697
-1458.670 -372.848
1341.810 880.223
1341.900 882.137
1343.330 880.284
-1252.670 918.275
-1254.240 916.713
-1254.180 918.219
1445.340 -735.854
1445.910 -734.848
1446.010 -735.850
-1254.080 920.143
-1256.090 918.135
-993.028 1225.300
-994.083 1224.580
-994.202 1225.230
-993.243 1226.830
-995.735 1225.120
-994.531 1226.780
-995.600 1226.620
-994.100 1228.140
-1546.990 185.145
-1547.080 186.142
-1547.640 185.152
1219.340 1161.150
1220.020 1161.140
1219.910 1162.140
1397.900 960.124
1399.750 958.707
1399.810 960.218
1399.910 962.140
1401.330 960.283
-1498.120 -567.862
-1498.000 -568.864
-1498.670 -568.863
1525.330 -728.856
1525.900 -727.846
1525.990 -728.854
-1604.100 -201.856
-1604.000 -202.855
-1604.680 -202.857
1618.320 -553.872
1618.890 -552.873
1619.000 -553.874
-1312.100 -977.870
-1312.000 -978.871
-1312.660 -978.877
1367.900 -1060.860
1367.330 -1061.860
1368.010 -1061.860
-1613.680 -503.707
-1615.070 -501.847
-1615.170 -503.779
-1615.240 -505.295
-1617.100 -503.883
-1356.000 1063.130
-1356.680 1063.130
-1356.130 1064.140
-1445.100 -927.870
-1445.000 -928.888
-1445.670 -928.886
-1427.100 -994.871
-1427.010 -995.851
-1427.670 -995.857
-1491.990 937.145
-1492.660 937.136
-1492.090 938.149
1424.880 -1149.860
1424.340 -1150.850
1425.010 -1150.860
1593.890 -924.863
1593.340 -925.872
1594.010 -925.878
-1616.000 863.133
-1616.100 864.137
-1616.680 863.126
-1461.080 -1137.860
-1460.980 -1138.840
-1461.660 -1138.850
1626.340 1077.140
1627.010 1077.140
1626.890 1078.140
-1624.000 935.160
-1624.110 936.149
-1624.680 935.156
1634.270 -1098.780
1634.340 -1099.850
