-9.087 29.138
50.907 -27.853
30.884 139.169
59.901 128.147
77.895 -86.863
-31.101 200.139
-138.078 -126.844
127.896 -122.870
-102.100 -158.855
91.897 -168.844
-236.088 96.145
26.913 273.151
65.894 -214.874
155.900 -167.861
-144.102 -238.862
23.854 332.131
82.904 323.160
-309.408 -132.464
-311.242 -130.338
-313.104 219.162
-196.092 337.132
279.900 -204.875
-363.093 -85.861
111.876 -346.851
-243.110 358.134
-419.079 -94.869
187.905 417.145
435.893 2.143
336.896 -256.861
50.893 -415.857
-309.091 379.137
179.317 451.672
454.883 36.154
385.891 275.152
-461.110 -85.861
178.012 459.738
282.907 -345.858
-450.103 -173.854
257.884 454.155
485.878 160.129
-523.097 -90.873
-499.114 -195.861
417.918 -300.848
-371.097 -382.860
480.902 -249.855
418.908 400.142
-36.113 604.125
58.905 -545.860
438.899 401.127
-459.088 418.145
-203.088 605.141
601.904 44.144
-502.107 -360.857
-237.096 -560.875
-589.095 -301.858
393.885 -503.870
-653.115 -170.870
644.909 -214.874
-700.095 -94.867
-707.103 129.139
693.886 -62.856
-184.100 -668.858
-729.105 -99.863
285.898 700.144
690.898 255.142
-356.096 -623.865
-505.120 -523.870
-679.084 357.163
323.911 -640.863
-477.104 616.136
649.179 404.696
716.904 -195.865
-731.084 -212.845
663.899 386.127
651.916 416.135
-773.111 -40.850
-784.104 103.145
762.903 -157.868
766.896 199.131
715.913 -295.874
-694.090 433.139
564.896 -562.855
783.900 270.136
339.901 784.139
-484.111 728.137
822.891 -152.854
-858.104 -104.864
325.894 822.141
754.897 427.143
821.922 258.130
-62.104 894.152
-170.114 888.134
-34.125 -858.864
-665.111 633.136
-716.093 592.122
866.881 -199.877
36.887 936.132
-913.090 -93.865
831.903 -324.856
164.929 -866.839
157.887 929.133
-327.603 891.848
-330.091 895.147
-662.089 698.152
-138.085 -898.882
-887.095 -317.858
-924.087 262.144
611.899 750.139
-847.101 506.142
-476.087 877.143
383.906 -858.866
-521.120 -805.862
-545.108 -812.858
18.905 -969.855
-888.116 -453.845
777.893 658.124
-519.079 -846.871
-578.128 -823.865
455.909 -886.845
-1047.110 31.156
-269.095 -978.859
-784.099 727.133
917.885 519.149
-785.093 -676.843
526.906 -872.854
847.908 656.146
-90.119 -1037.880
645.893 -817.871
-130.113 1101.140
726.907 -759.854
936.900 563.154
1071.880 -100.878
1078.900 -64.855
-389.108 -996.848
878.880 670.151
1087.910 27.133
-518.103 -942.852
-615.087 960.149
-1103.100 251.129
-130.096 1146.130
652.903 -886.869
-1128.120 -142.852
1091.900 -253.846
-345.087 -1056.880
-1112.100 -271.840
-1081.020 434.691
1115.900 265.127
872.910 -710.873
-1163.100 29.141
-1089.100 438.032
-377.095 1125.140
-203.093 1171.120
-1105.090 407.123
318.900 1144.580
-1172.100 1.144
-256.115 1171.150
1158.910 -51.878
-1134.100 -306.869
926.900 744.152
-856.789 -798.178
-591.106 1061.130
133.900 1207.110
-271.100 1189.170
-1097.280 525.716
-1098.870 526.228
534.924 1106.130
-1022.100 704.139
1184.900 -214.867
-621.099 1083.140
-781.074 -915.859
803.877 -880.864
1114.910 507.139
-1105.100 570.153
472.903 -1095.890
1131.900 502.145
-529.102 -1098.870
652.890 1089.150
1135.900 552.141
-1214.090 408.153
1217.910 348.144
-829.099 -949.860
513.905 1197.130
1258.910 244.126
-1024.120 829.128
-1181.110 576.136
-959.290 910.885
-961.643 910.311
-676.116 -1085.850
-1276.090 319.129
-1148.090 -620.834
770.920 -1035.830
577.906 -1164.850
1260.890 443.141
1244.900 -434.848
-856.105 1072.140
-1358.100 146.146
1344.900 4.126
-693.117 -1142.860
-1296.120 -407.871
-916.087 -992.858
-1023.090 949.156
764.899 -1105.850
1385.900 27.154
1001.890 1000.140
-1276.080 -572.865
1369.880 -261.852
1365.890 343.134
-1425.110 -7.868
-1011.910 -971.628
-863.091 1169.140
-1020.640 -976.781
1334.890 525.134
1394.900 -273.857
1354.890 493.133
-1440.090 200.147
1293.900 651.157
880.904 1166.150
1352.920 548.141
1088.900 -939.867
-1421.090 449.132
-1280.100 774.149
1174.900 -849.869
-1453.100 -292.860
1464.900 -101.860
-1245.110 -785.853
1044.900 -1014.880
1128.900 995.134
1144.890 -937.869
1146.860 -943.703
1317.880 761.144
-1481.110 -355.861
-1449.090 -488.845
1395.890 -612.855
-1293.110 893.135
1550.910 -40.872
-1484.100 -502.845
1013.900 -1166.860
-1279.110 963.135
1100.910 -1096.860
1547.910 390.142
-1576.120 401.131
-1088.100 -1166.870
1537.890 512.152
1600.920 -187.869
-1454.590 816.645
1418.890 -911.877
1601.900 616.142
1604.910 -569.851
1565.900 777.130
-1506.100 -899.871
-1485.100 1090.140
-1587.100 -959.866
