53.924 -34.847
98.907 -113.847
37.899 56.140
177.904 -82.862
111.898 -158.850
45.875 -172.865
8.918 99.139
131.925 -155.870
-1.102 -173.863
-59.089 -136.866
92.899 117.150
65.900 158.150
-143.100 -0.851
-165.103 -98.874
-5.098 -267.871
293.901 -16.849
127.893 -263.858
-45.083 -261.849
-222.084 -7.864
262.913 -231.871
-148.102 -246.867
172.889 235.150
358.930 -97.867
-165.098 -269.860
-163.515 -280.058
242.753 -303.157
242.426 -303.743
-276.102 -79.864
-270.088 -118.860
-215.092 -236.856
253.898 239.146
358.911 -185.846
287.902 -282.846
85.903 307.154
-207.073 -259.887
-143.536 -347.647
-149.243 -344.151
-294.105 98.126
-91.109 -396.854
110.878 353.129
335.902 241.147
446.352 -87.296
252.400 -390.451
459.908 -73.863
260.212 -388.831
-23.097 -444.855
-358.100 61.166
-238.091 297.147
-217.118 -398.879
487.901 -186.873
461.901 183.158
-333.099 -315.853
-386.125 162.148
59.901 -523.850
-40.114 -514.863
-432.105 55.136
-290.106 -409.879
454.899 279.109
274.900 425.149
34.901 -548.861
564.912 -146.844
24.909 490.154
32.638 -560.311
-461.094 -145.842
-434.087 179.151
-256.674 404.015
-256.096 405.344
-68.097 493.139
-380.104 -367.867
125.886 -579.846
266.899 475.170
-492.116 88.129
-438.095 -305.853
564.892 201.136
-497.109 -153.854
82.916 -603.865
-375.088 -411.851
-418.092 296.119
-191.093 -558.855
-522.097 -105.866
569.876 234.158
-214.103 -551.864
10.910 549.155
143.909 550.124
-538.135 -91.872
147.890 -625.861
-541.099 -115.848
331.907 501.145
-405.091 -429.880
652.898 -144.850
-510.097 197.153
573.891 -362.852
-526.141 -247.857
341.899 -586.859
675.904 36.144
683.906 -63.853
556.905 352.137
-509.096 271.141
253.892 574.133
619.762 291.981
-122.080 595.144
613.888 304.150
668.903 192.127
714.906 -47.843
640.873 272.143
558.902 406.144
65.888 650.122
620.888 351.125
495.891 -565.872
720.895 150.144
246.892 631.135
-19.083 -727.871
37.911 -737.854
-652.105 46.155
769.898 113.139
359.885 630.132
784.430 54.136
-500.087 451.148
315.895 655.137
791.575 54.136
-603.109 -404.865
73.904 -788.846
816.908 63.147
708.894 369.129
-633.095 312.136
-493.104 509.157
-501.091 -571.856
-364.100 625.159
420.905 657.150
-721.112 82.117
816.907 150.123
-15.764 750.055
770.901 306.146
760.900 328.141
266.914 -804.860
581.894 565.141
746.887 -442.855
708.897 -506.851
683.880 -546.863
-739.099 141.159
748.917 392.153
42.889 -853.857
682.888 -570.863
745.879 -490.867
50.897 -874.849
868.903 -254.883
808.908 -419.863
-578.101 -603.850
519.906 -763.871
688.909 554.136
865.898 270.155
905.905 143.131
552.908 683.127
427.906 760.138
68.905 -915.856
926.902 -157.871
541.897 -777.859
842.922 383.123
-500.097 -735.867
355.907 -876.865
837.896 -466.844
606.900 -742.867
-726.119 424.143
-715.094 -523.861
-444.097 -798.851
791.885 502.142
951.904 134.140
-482.111 711.127
951.896 -271.862
939.919 257.156
-867.087 -202.853
-151.092 -949.863
-890.099 -61.869
127.896 907.150
-512.121 -794.855
-191.091 888.154
-621.087 652.142
-365.084 834.134
-686.092 589.158
1021.890 -15.870
834.908 -615.876
-397.097 -904.840
-552.089 736.126
-926.105 36.140
234.907 -1014.860
1023.890 -265.867
-20.096 960.131
71.912 -1033.850
158.907 -1031.850
1052.870 -139.846
658.900 -839.864
637.896 -855.854
-238.104 930.138
967.884 400.158
931.905 477.140
312.905 948.148
326.901 -1018.870
-595.099 754.129
-327.086 -985.859
694.910 767.159
-973.111 -2.868
350.893 -1021.860
30.874 996.142
-49.116 -1069.860
-684.116 -775.846
-569.102 -878.862
-935.101 331.137
-873.121 -537.860
-927.092 354.127
1058.890 -361.859
-493.087 -947.868
-253.103 -1057.870
683.890 -897.852
-917.086 -486.852
-60.094 1040.140
537.905 -1003.860
0.895 1049.160
-1016.110 164.156
-300.093 -1069.840
194.900 1052.150
-402.089 966.122
-114.108 -1124.870
998.902 538.133
993.911 -616.878
624.904 912.122
785.887 -866.846
483.899 -1059.870
-271.083 1030.150
902.896 -757.879
924.912 670.146
-717.091 783.161
-752.092 -819.869
-1010.110 -419.848
-1077.110 99.142
-551.118 931.136
1057.910 -584.873
-790.085 -808.851
-785.290 -820.399
1200.880 51.153
-352.100 1043.130
-1099.110 -23.870
1161.890 -356.852
-742.086 812.124
-1101.110 -209.869
870.895 -872.862
1200.900 202.146
-1117.110 -7.858
424.900 -1146.870
1217.900 116.122
-1073.100 -376.852
904.912 781.133
1124.900 459.140
1109.890 -563.837
991.901 -753.857
1193.900 296.168
1004.910 676.118
-661.103 913.135
1056.910 -670.858
-643.113 929.126
892.899 -880.875
-1137.100 0.135
-406.083 -1136.860
871.889 844.161
-1131.100 -257.854
1259.900 -39.856
1011.900 -769.871
-714.110 -967.861
698.891 987.158
-993.095 -640.848
-535.090 1029.150
-1040.110 508.135
109.916 1188.150
587.899 1075.140
-779.087 877.135
-959.090 673.147
-1186.110 12.162
-762.097 -970.865
-1063.100 -582.865
1256.910 -353.855
796.880 -1033.870
1244.900 331.148
267.913 1193.140
-1186.090 -171.855
1137.900 590.158
-418.109 -1198.850
964.895 831.146
1306.920 75.125
-1052.100 -649.830
1082.910 -772.859
-438.098 1133.150
639.891 1089.140
1119.900 -722.843
1230.920 -552.845
861.894 968.136
-1242.110 -75.853
-962.125 -843.871
1175.890 -691.862
-893.105 857.149
1329.900 -318.875
856.897 -1068.870
990.906 880.157
-1242.110 175.130
628.887 1150.140
-1072.100 650.139
-1213.090 -423.856
934.891 976.152
1366.890 -311.855
1146.910 -816.878
1006.920 917.133
1395.920 84.136
-1098.110 669.133
1394.900 136.135
1401.900 158.155
-730.102 -1150.850
-1252.100 -437.871
1357.900 -457.857
-1312.110 -230.856
-1142.090 666.137
-1333.100 23.139
984.904 -1071.870
1258.900 -747.857
-1347.110 -139.858
1269.880 675.157
-1328.090 -348.870
-1207.100 -689.839
-1351.070 196.123
-1173.110 -777.855
1495.900 -3.848
-1400.090 -6.861
1458.910 343.139
-1351.100 344.148
-1067.110 -963.894
1453.890 365.133
1330.890 -738.824
1511.890 33.126
1512.910 -91.874
1515.890 -68.855
1352.890 -709.866
-1248.160 -724.852
-1248.230 -724.958
1325.900 -786.859
-1137.100 -927.871
1289.910 803.132
1156.870 980.127
1341.890 749.106
1200.890 957.143
-1303.090 -725.851
1537.900 329.153
-1244.110 -844.850
-1473.100 -150.860
1569.900 208.142
1263.910 -980.859
-1459.090 230.103
-1034.110 -1120.880
1312.910 -920.858
-1309.090 -763.862
1591.920 -193.838
-1343.110 -713.875
1510.900 -584.877
-1336.090 -760.867
1539.920 471.147
-1355.810 -730.460
1285.880 -1021.870
-1356.080 -758.873
1283.900 967.128
1612.900 260.138
-1554.110 -192.856
-1488.080 -604.856
-1406.290 -806.390
-1407.430 -806.183
-1420.600 -803.113
1585.890 -684.862
-1279.100 -1040.860
-1457.090 -779.868
1510.900 822.129
-1561.110 -575.849
-1581.100 539.168
-1530.110 -779.865
-1454.090 874.138
-1479.080 -910.848
-1501.120 808.157
-1384.120 -1069.870
-1603.090 -694.861
1600.910 872.128
1470.870 1075.140
1587.910 908.115
1566.920 958.148
-1365.100 -1181.870
-1441.110 -1100.860
