-4.089 -3.858
-3.995 -4.858
-4.660 -4.859
-135.986 -11.869
-136.107 -10.863
-136.665 -11.868
48.748 118.710
46.895 120.148
48.804 120.232
50.328 120.290
103.335 79.138
104.009 79.146
48.888 122.142
103.914 80.141
-115.121 -110.852
-115.003 -111.855
-115.682 -111.847
174.322 40.111
175.002 40.111
174.896 41.128
196.938 -141.857
196.353 -142.855
197.025 -142.850
-19.990 262.147
-20.669 262.143
-20.087 263.147
250.216 -107.147
250.884 -105.860
248.018 -112.967
247.468 -114.994
250.887 -107.103
249.692 -112.517
248.986 -114.938
-29.999 297.150
-30.654 297.154
-30.106 298.164
-276.007 184.129
-276.675 184.140
-276.123 185.148
91.876 -321.860
91.335 -322.858
91.995 -322.860
282.903 -200.848
282.339 -201.863
282.999 -201.857
258.323 231.150
258.985 231.150
258.874 232.148
-330.659 -189.717
-332.108 -187.858
-332.189 -189.772
-332.244 -191.284
-334.100 -189.853
286.339 245.143
287.020 245.145
286.928 246.150
-230.768 -316.724
-229.664 -317.872
133.896 -365.855
-231.535 -317.885
133.320 -366.843
134.005 -366.844
-300.997 264.158
-301.677 264.155
-301.110 265.150
352.323 181.150
352.996 181.148
352.879 182.145
-63.108 -402.856
-63.001 -403.861
-63.664 -403.857
-345.990 289.151
-346.661 289.147
-346.098 290.154
-188.098 -420.864
-188.002 -421.863
-188.677 -421.866
-460.990 -17.867
-461.076 -16.852
373.897 -261.847
-461.657 -17.869
375.872 -259.861
375.801 -261.776
375.754 -263.302
377.318 -261.728
10.329 458.124
11.010 458.123
10.898 459.140
-431.981 176.114
-432.102 177.126
-432.671 176.117
459.329 -65.842
459.903 -64.849
460.004 -65.833
221.904 -415.839
32.330 465.137
33.023 465.141
221.338 -416.846
222.013 -416.839
32.921 466.145
-35.989 471.145
-36.669 471.145
-331.096 -350.843
-36.086 472.144
-330.997 -351.857
-331.661 -351.859
-441.987 195.147
-442.100 196.127
-442.676 195.148
-137.236 487.708
-135.668 489.278
-137.184 489.218
-139.096 489.131
-137.106 491.135
-265.086 -451.860
-263.672 -453.711
-265.187 -453.782
-267.097 -453.885
-265.255 -455.294
126.896 -516.863
125.803 -518.362
126.889 -518.361
537.333 20.172
537.909 21.154
538.007 20.160
-492.108 -250.874
-492.002 -251.887
476.329 259.138
-492.666 -251.880
477.018 259.137
476.904 260.139
-434.986 342.135
-435.666 342.140
-435.087 343.137
-554.986 -60.851
-555.101 -59.842
-555.667 -60.852
-103.224 546.700
-101.662 548.263
-103.173 548.204
-105.092 548.117
-103.097 550.136
326.332 452.126
327.020 452.137
326.921 453.154
588.328 -14.853
588.910 -13.868
-587.992 100.134
589.012 -14.855
442.901 -393.875
-588.088 101.130
442.345 -394.880
-588.670 100.130
443.016 -394.882
406.899 -446.865
406.330 -447.852
407.004 -447.849
599.338 -76.861
599.894 -75.871
600.013 -76.862
-460.127 -416.894
-462.418 -415.814
-460.065 -419.242
-244.986 564.141
-245.660 564.151
-245.102 565.142
-462.552 -419.292
-464.631 -418.000
-462.491 -421.397
594.323 183.149
595.002 183.145
594.883 184.140
-424.100 -472.857
-423.986 -473.858
-424.669 -473.849
476.921 -414.854
476.345 -415.856
-166.104 -615.861
477.185 -415.752
-166.016 -616.880
-166.677 -616.890
482.570 -411.394
483.911 -409.835
484.011 -410.842
-420.238 480.718
-418.670 482.292
-420.181 482.226
-422.100 482.128
-420.097 484.143
607.905 -227.844
609.904 -225.874
609.827 -227.770
609.773 -229.283
-654.090 -82.863
-653.991 -83.875
611.333 -227.719
-654.657 -83.876
322.338 568.144
323.004 568.138
322.895 569.144
526.896 393.152
-663.993 61.118
-664.089 62.130
528.763 391.707
-664.657 61.116
528.816 393.232
528.894 395.145
530.321 393.286
-136.990 653.123
-137.673 653.123
-137.104 654.125
343.336 574.152
344.007 574.153
343.894 575.141
542.338 395.145
-513.983 441.136
543.016 395.146
-514.663 441.136
-514.093 442.135
542.918 396.148
80.332 686.148
81.003 686.145
80.898 687.129
-374.105 -610.859
693.332 136.135
-374.006 -611.868
694.014 136.140
-374.659 -611.870
80.902 -710.860
693.916 137.140
80.328 -711.880
81.003 -711.874
-304.082 -652.867
551.900 -453.860
551.343 -454.856
-303.996 -653.853
552.005 -454.862
-304.654 -653.855
259.327 662.109
260.029 662.120
259.912 663.132
-98.986 708.137
-99.671 708.137
-99.115 709.130
562.911 -446.864
562.343 -447.861
563.017 -447.860
365.349 621.157
366.022 621.152
365.925 622.156
-691.115 -247.851
-690.999 -248.860
-691.668 -248.863
-238.990 695.146
-239.663 695.147
-239.112 696.142
-412.988 617.136
-413.680 617.131
-413.086 618.132
571.887 -481.871
571.343 -482.864
572.002 -482.859
-753.989 -4.835
-754.084 -3.843
-754.657 -4.834
743.328 -141.856
743.901 -140.854
744.011 -141.859
-734.081 -229.854
-733.988 -230.851
-756.982 130.141
-734.653 -230.849
-757.101 131.145
-757.664 130.137
-754.111 -168.859
-754.005 -169.854
522.928 -562.861
522.349 -563.878
-754.671 -169.857
523.038 -563.868
-0.667 767.134
-0.003 767.140
-0.109 768.137
-773.979 89.133
-774.090 90.139
-774.654 89.125
-784.097 -148.862
-784.002 -149.862
-784.672 -149.870
-460.990 646.166
-461.658 646.172
-461.105 647.160
401.900 -689.865
416.738 673.709
401.341 -690.887
414.908 675.148
401.996 -690.883
416.797 675.233
418.326 675.291
312.332 731.143
312.999 731.150
416.886 677.143
312.918 732.155
452.346 658.138
453.004 658.141
452.892 659.140
-114.982 798.135
-115.654 798.134
-115.088 799.145
-284.091 -766.852
-284.001 -767.860
609.511 530.603
-284.657 -767.857
-694.095 -435.870
607.359 533.986
-693.988 -436.860
609.441 532.694
-694.679 -436.864
-436.245 687.697
-434.662 689.280
-436.180 689.211
611.924 532.748
609.559 536.182
-438.097 689.110
-436.084 691.140
611.859 535.107
86.915 -830.863
86.343 -831.857
87.014 -831.854
818.330 -169.851
-140.985 824.134
-141.671 824.141
818.895 -168.852
819.000 -169.859
-141.107 825.136
-28.115 -844.857
204.329 812.124
-28.005 -845.847
204.993 812.121
-28.683 -845.846
204.878 813.143
-444.099 -724.863
-442.672 -726.721
-444.191 -726.776
-446.108 -726.860
-444.254 -728.289
-851.986 -72.857
-852.077 -71.861
-852.655 -72.855
122.337 839.143
123.009 839.143
122.892 840.146
565.868 -659.853
565.339 -660.849
565.997 -660.856
-571.979 671.136
876.339 52.123
-572.662 671.144
876.911 53.146
876.997 52.130
-572.093 672.143
778.334 -423.856
778.888 -422.863
779.017 -423.865
225.893 -862.857
223.901 -864.862
225.804 -864.780
227.320 -864.725
-866.079 -231.852
-865.982 -232.851
-866.659 -232.858
225.745 -866.297
117.886 -888.861
117.327 -889.861
117.989 -889.858
-691.994 577.136
-692.679 577.126
-692.109 578.141
-734.008 526.147
-734.679 526.151
-734.124 527.140
701.902 -568.859
701.338 -569.868
373.906 -825.856
702.012 -569.865
373.341 -826.844
374.011 -826.848
-906.000 -92.845
-906.109 -91.859
-906.672 -92.835
-619.083 -681.839
-618.983 -682.853
-619.648 -682.858
655.342 634.134
656.013 634.139
655.915 635.137
-923.667 -14.723
-925.072 -12.857
-925.181 -14.798
-925.254 -16.299
-927.097 -14.906
840.333 375.134
841.009 375.122
840.907 376.138
-918.111 -205.850
-917.990 -206.852
-918.656 -206.854
-31.985 934.134
-32.663 934.140
-32.078 935.147
291.330 894.138
292.007 894.147
291.903 895.142
-868.978 386.109
-869.090 387.120
-869.668 386.109
-894.106 -334.867
-893.997 -335.873
-894.666 -335.869
372.883 -888.865
-577.012 769.136
-577.664 769.132
372.327 -889.849
373.004 -889.857
-577.116 770.137
-823.008 514.131
-823.679 514.131
-823.128 515.142
-936.120 -299.863
-936.007 -300.872
-936.682 -300.871
-913.990 371.149
-914.101 372.151
-914.668 371.154
-178.984 970.132
-179.657 970.136
-179.104 971.131
-985.008 154.136
-985.109 155.147
318.909 -943.857
-985.671 154.137
316.894 -945.850
318.822 -945.769
320.317 -945.714
318.762 -947.289
-842.006 547.128
-842.657 547.140
-842.122 548.137
-955.979 316.141
-956.078 317.147
-956.664 316.136
667.341 745.139
668.019 745.143
667.918 746.137
991.900 167.152
993.762 165.711
993.820 167.231
993.904 169.136
995.324 167.284
-333.992 961.129
-1024.000 1.139
-1024.100 2.132
-334.677 961.130
-1024.670 1.140
-334.096 962.134
-791.982 647.126
-792.664 647.128
-792.086 648.141
586.934 -847.861
586.361 -848.888
587.028 -848.882
-730.080 -750.862
-729.980 -751.866
-730.672 -751.864
-862.997 593.136
-863.663 593.134
-863.089 594.141
77.892 -1052.860
75.903 -1054.860
77.818 -1054.770
79.324 -1054.720
-1058.660 -7.710
77.768 -1056.290
-1060.080 -5.856
-1060.180 -7.775
-1060.250 -9.285
-1062.100 -7.871
668.886 -821.861
668.337 -822.873
668.998 -822.876
1011.320 -320.858
1011.890 -319.863
1012.010 -320.862
485.340 942.140
486.016 942.150
485.911 943.145
994.347 -400.853
994.899 -399.844
995.008 -400.857
929.330 533.146
930.010 533.140
929.894 534.131
1051.340 217.132
1052.010 217.133
1051.910 218.134
-861.673 664.292
-863.246 662.732
-479.116 -982.865
-863.188 664.240
-479.001 -983.860
-479.678 -983.863
-863.104 666.140
-865.103 664.163
125.884 -1090.860
125.319 -1091.850
126.012 -1091.860
-1048.130 -345.861
-1048.010 -346.879
-733.999 818.127
-1048.660 -346.876
-734.653 818.133
-734.096 819.142
-270.096 -1073.850
-1107.000 0.153
-1107.090 1.140
-269.996 -1074.840
-1107.680 0.143
-270.669 -1074.840
-38.984 1111.150
-39.661 1111.150
287.914 -1080.860
-39.102 1112.140
287.343 -1081.860
288.013 -1081.870
-1125.000 -50.848
-1125.100 -49.850
-1125.660 -50.850
1098.320 250.171
1099.000 250.163
1098.880 251.150
921.894 -656.860
921.339 -657.849
922.007 -657.854
733.308 859.129
734.010 859.136
-834.121 -778.861
-833.994 -779.854
733.901 860.130
-94.985 1129.160
-834.676 -779.860
-95.650 1129.160
-1129.990 155.131
-1130.090 156.140
-95.077 1130.150
-1130.650 155.130
450.884 -1046.850
450.331 -1047.840
450.995 -1047.850
863.916 -747.867
863.339 -748.861
864.021 -748.865
-397.089 -1083.850
-396.986 -1084.830
-397.656 -1084.830
-226.994 1126.140
-227.659 1126.140
-227.104 1127.130
1148.330 79.142
1148.910 80.145
1149.020 79.153
-1160.470 -22.968
-1087.680 402.288
-1161.160 -23.903
-1089.250 400.716
-552.976 1016.160
-1089.190 402.233
-553.668 1016.170
-1162.730 -21.804
-1089.110 404.144
-553.074 1017.160
-1163.580 -23.040
-1091.110 402.151
442.893 -1078.850
442.334 -1079.850
443.004 -1079.850
1.349 1163.150
2.034 1163.150
1.907 1164.140
883.892 -771.850
883.333 -772.865
883.990 -772.861
-1156.100 -258.844
-1156.000 -259.858
-1156.670 -259.866
470.902 -1085.850
470.334 -1086.840
471.018 -1086.850
-1181.010 168.144
-1181.110 169.150
-1181.670 168.145
-690.096 -976.854
297.316 1148.140
297.998 1148.130
-689.997 -977.845
-690.669 -977.842
297.879 1149.120
-80.004 1196.140
-80.654 1196.130
-80.113 1197.150
-966.680 724.281
-968.243 722.706
-702.998 981.130
-968.188 724.225
-703.663 981.129
-703.102 982.131
-968.106 726.141
-1104.670 -505.710
-970.115 724.142
-1106.100 -503.857
-1106.180 -505.768
-1106.240 -507.289
305.322 1168.140
-1014.990 665.152
306.008 1168.140
-1108.090 -505.853
-1015.680 665.145
-1015.110 666.136
305.906 1169.130
-384.111 -1156.860
-383.989 -1157.860
-384.661 -1157.860
-1218.000 178.152
-1218.100 179.142
-1218.660 178.148
-1166.010 399.144
-1205.970 257.144
-1206.070 258.140
-1166.100 400.151
-1166.660 399.145
-1206.660 257.144
765.885 -964.857
765.328 -965.855
766.002 -965.860
200.913 -1222.860
1137.890 -478.852
200.359 -1223.840
201.024 -1223.840
1139.880 -476.849
1139.810 -478.776
1139.760 -480.284
1141.330 -478.724
-629.220 1099.710
-627.664 1101.270
624.329 1099.140
-629.167 1101.210
625.005 1099.150
-631.090 1101.130
624.893 1100.140
-629.089 1103.140
-1184.000 488.141
1111.880 -627.862
1111.330 -628.862
-1184.130 489.138
-1184.690 488.142
1111.990 -628.873
-1117.110 -665.883
-1117.000 -666.868
-1117.680 -666.870
1153.330 -588.868
1153.900 -587.861
1154.000 -588.866
-554.001 1183.150
-554.671 1183.150
-986.115 -868.856
-554.116 1184.140
-986.007 -869.852
-986.662 -869.851
-463.609 -1231.860
-904.079 -957.860
-465.471 -1231.640
-903.973 -958.843
-904.661 -958.840
1223.360 -477.867
1223.920 -476.864
1224.020 -477.871
1235.340 -448.877
1235.900 -447.876
1236.010 -448.883
-606.009 1169.130
-606.664 1169.130
-606.123 1170.150
-1316.990 128.147
-1317.110 129.139
-1317.680 128.154
1234.320 464.133
1235.000 464.133
1234.890 465.143
-1184.110 -610.850
-1184.010 -611.862
-1184.670 -611.858
1321.330 85.139
1321.880 86.135
1322.000 85.139
1039.900 -830.854
-1175.980 629.126
1039.340 -831.873
-1176.090 630.141
-1176.650 629.126
1040.010 -831.873
-906.001 977.143
-906.671 977.147
-906.124 978.146
-821.997 1050.110
-822.670 1050.120
-822.116 1051.140
-1357.010 -5.867
-1357.090 -4.856
-785.090 -1108.860
-1357.670 -5.868
-783.664 -1110.700
920.334 986.147
-1106.080 -791.846
-785.176 -1110.760
920.994 986.144
-1105.990 -792.865
920.896 987.140
685.913 -1170.850
-1106.660 -792.870
-787.089 -1110.860
-785.235 -1112.290
685.335 -1171.840
686.018 -1171.840
627.891 -1204.870
627.332 -1205.870
628.002 -1205.880
1016.340 896.119
1017.030 896.115
1016.920 897.134
-1131.980 761.143
-1132.660 761.142
-1132.070 762.145
695.898 -1174.860
695.329 -1175.860
695.999 -1175.860
1339.340 -290.855
1339.910 -289.846
1340.000 -290.855
1298.330 437.143
1299.020 437.143
1298.890 438.145
1194.340 680.143
1195.020 680.144
1194.920 681.154
-1161.530 -758.933
-1162.700 -760.863
1279.330 518.146
965.317 986.138
-1164.560 -761.009
-1163.900 -762.386
965.999 986.145
1280.010 518.146
1279.900 519.149
965.877 987.148
1339.330 341.132
-1022.670 938.286
-1024.240 936.711
1340.020 341.125
1339.910 342.126
-1024.190 938.229
1206.910 677.160
-1024.110 940.144
-1026.100 938.144
1208.760 675.716
1208.810 677.231
-1386.100 -167.854
-1385.990 -168.850
1208.880 679.150
-1386.660 -168.849
1210.330 677.279
-1396.980 -38.856
-1397.100 -37.865
-1351.080 -360.858
-1350.970 -361.857
-1397.670 -38.858
-1351.650 -361.862
-1122.920 -838.936
1373.330 -231.869
1373.890 -230.866
1374.010 -231.868
-1125.450 -837.823
-1123.080 -841.436
-1126.400 -839.938
-1123.250 -844.231
-1128.560 -839.769
-1126.360 -844.298
-1128.570 -842.992
-1392.090 -226.866
-1392.000 -227.877
-1392.680 -227.885
-833.070 -1150.870
-832.978 -1151.870
-833.659 -1151.870
1245.320 671.128
1246.000 671.123
-1422.000 89.124
1245.880 672.125
-1422.120 90.124
1343.330 -456.849
-1422.680 89.123
1343.890 -455.853
1343.990 -456.848
-1143.000 853.148
-1143.660 853.149
-1143.100 854.151
1409.340 -197.870
1409.910 -196.871
1410.010 -197.867
-923.112 -1103.860
-923.000 -1104.860
-923.679 -1104.850
-940.069 -1091.840
-1431.670 -154.716
-939.972 -1092.840
-940.654 -1092.840
-1433.110 -152.856
-1433.180 -154.766
-1433.230 -156.285
-1435.110 -154.842
1436.340 -140.858
1436.900 -139.862
1437.020 -140.863
1338.330 -550.858
1338.900 -549.863
1339.020 -550.860
1250.320 762.123
1251.000 762.118
1250.880 763.127
-1286.000 725.135
-1286.660 725.134
-1286.100 726.161
1171.900 -902.849
1171.310 -903.852
1171.990 -903.854
-1050.090 -1064.860
-1048.670 -1066.700
-1050.190 -1066.780
-1050.260 -1068.290
-1052.100 -1066.880
1446.340 372.142
-1237.860 -854.761
-1236.540 -856.703
1447.000 372.143
1446.900 373.146
-1237.920 -856.749
-1237.970 -858.416
-1505.000 -30.867
-1505.100 -29.872
-1240.100 -856.841
-1505.670 -30.869
1475.350 -275.846
1475.910 -274.856
1476.020 -275.848
-1477.100 -329.869
-1476.990 -330.850
1468.330 -333.856
1468.910 -332.859
-1477.670 -330.850
1469.030 -333.862
-1496.080 -280.863
-1496.000 -281.854
-1496.670 -281.851
-1514.670 152.295
-1238.990 882.131
-1516.240 150.707
-1516.170 152.230
-1516.080 154.143
-1239.670 882.140
1511.910 -119.877
-1239.110 883.133
1192.890 -943.852
-1518.100 152.134
1192.320 -944.845
1513.910 -117.862
1513.810 -119.775
1513.750 -121.287
-1095.980 1057.150
1193.010 -944.848
-1096.670 1057.160
-1096.080 1058.150
1515.610 -119.564
-1336.100 -746.863
-1501.000 289.155
-1501.100 290.145
-1335.990 -747.853
-1501.690 289.153
-1336.670 -747.849
-946.000 1197.140
-946.683 1197.140
-946.115 1198.140
1523.280 -115.800
-1169.980 991.155
-1170.660 991.156
-1170.100 992.151
1525.540 -113.742
1525.360 -117.183
1525.450 -119.436
1478.330 397.138
1527.980 -114.754
1528.080 -117.151
1479.010 397.141
1478.900 398.148
1003.910 -1172.870
1001.900 -1174.870
1003.830 -1174.770
1005.340 -1174.710
1003.770 -1176.280
-1547.010 107.145
1349.900 -752.858
1351.930 -750.862
-1548.240 108.263
1351.820 -752.770
1351.750 -754.289
-1550.150 107.062
1353.330 -752.711
-1553.190 107.235
-1553.100 109.140
-1089.000 1108.150
-1089.670 1108.140
-1089.120 1109.140
-1555.100 107.134
-1443.100 -607.864
-1442.990 -608.852
-1443.660 -608.853
-1534.000 317.146
-1534.110 318.141
-1534.670 317.154
-1540.990 300.141
-1541.100 301.145
-1541.660 300.148
1542.320 273.154
1542.990 273.147
1542.880 274.143
-1346.100 -834.872
-1345.990 -835.887
-1346.660 -835.897
-1356.100 -833.854
-1043.010 1195.150
-1355.990 -834.856
-1043.670 1195.140
-1043.120 1196.140
-1356.670 -834.864
-1534.970 432.161
-1535.100 433.143
-1535.660 432.158
-1343.110 -868.871
-1342.990 -869.872
-1343.660 -869.865
-1578.090 -290.870
-1577.980 -291.872
-1578.660 -291.874
1523.370 -483.001
1525.570 -480.820
-1165.990 1100.160
1525.460 -484.296
-1166.660 1100.160
-1166.120 1101.140
1525.530 -486.393
1527.860 -481.892
1527.920 -484.257
-1627.980 88.126
-1628.100 89.128
-1628.660 88.139
-1194.990 1110.150
-1195.690 1110.150
-1195.100 1111.130
-1509.100 -636.852
-1509.000 -637.861
-1509.660 -637.863
1633.340 54.125
1633.740 55.190
-1258.110 -1069.860
-1258.000 -1070.860
-1258.680 -1070.860
1199.910 -1138.860
1199.330 -1139.870
1199.990 -1139.860
-1489.000 728.146
-1489.110 729.146
-1489.660 728.152
-1295.660 1064.270
-1297.250 1062.700
-1297.190 1064.210
-1585.990 556.124
-1297.110 1066.120
-1586.110 557.127
-1299.090 1064.130
-1586.680 556.122
1411.320 911.146
-1490.990 790.119
1412.010 911.144
-1491.080 791.130
-1491.660 790.117
1411.880 912.121
-1360.990 1015.140
-1361.670 1015.150
-1361.110 1016.140
-1511.110 -791.850
-1511.000 -792.858
-1511.670 -792.856
-1612.000 568.141
-1612.130 569.148
-1612.680 568.146
1422.900 934.124
1424.760 932.704
1424.820 934.209
1424.920 936.133
1426.330 934.267
-1308.090 -1114.870
-1308.000 -1115.860
-1308.670 -1115.860
1496.880 -846.876
1496.330 -847.873
1497.000 -847.878
1532.340 819.145
1533.010 819.146
1532.910 820.135
-1450.670 -1041.710
-1452.100 -1039.860
-1452.190 -1041.770
-1452.250 -1043.290
-1454.100 -1041.870
-1594.000 855.124
-1594.120 856.128
-1594.680 855.123
-1471.080 -1071.860
-1470.980 -1072.870
-1471.670 -1072.860
-1483.090 -1084.860
-1482.990 -1085.860
-1483.660 -1085.860
-1388.000 1206.120
-1388.670 1206.130
-1388.110 1207.130
-1444.110 -1156.870
-1444.000 -1157.860
-1544.110 -1020.860
-1444.680 -1157.860
-1543.990 -1021.860
-1544.660 -1021.850
-1457.000 1138.140
-1457.680 1138.160
-1457.130 1139.150
-1500.000 1108.130
-1500.670 1108.130
-1500.100 1109.140
-1572.680 -1020.710
-1574.080 -1018.850
-1574.180 -1020.770
-1574.250 -1022.290
-1576.110 -1020.870
-1495.130 -1140.860
-1494.990 -1141.850
-1495.680 -1141.840
-1609.090 -1040.860
-1609.010 -1041.860
-1609.660 -1041.870
1509.880 -1180.870
1509.340 -1181.880
1509.990 -1181.880
