-48.108 -26.857
-66.123 46.146
31.908 -46.856
-91.088 -124.847
4.886 105.133
26.909 -177.859
130.905 24.119
-241.985 -36.935
22.908 159.145
-253.110 -27.857
113.922 -163.848
-78.083 -262.867
-150.088 225.148
146.919 -240.860
166.891 -251.855
-98.106 287.130
278.903 -40.853
-179.086 275.127
280.900 -109.846
279.887 -151.857
-146.112 320.130
313.905 91.136
-232.099 -383.856
78.035 363.041
296.910 -264.859
279.912 -293.857
-466.096 43.148
236.909 -341.864
-393.114 -298.839
378.882 -144.875
9.901 -466.851
-329.101 324.145
-485.114 -142.864
254.894 321.146
-108.091 437.163
-462.096 212.146
-267.086 -458.870
-512.094 144.144
-251.091 445.137
464.913 12.145
292.908 -432.866
458.895 -183.856
136.902 474.149
-196.107 -541.876
147.901 -549.857
248.893 461.135
520.911 24.157
327.884 408.133
-488.103 348.141
-621.103 68.141
-390.116 460.140
-8.095 -623.870
-422.104 445.157
480.413 264.122
481.960 263.870
297.899 497.150
-588.097 298.152
202.910 -606.868
-210.092 589.156
-669.097 137.158
-707.105 -12.868
197.890 587.154
-636.118 -344.862
475.909 -442.855
-509.095 461.142
-735.107 -41.864
624.908 -171.875
86.898 652.130
186.911 -678.862
-743.123 50.135
-720.103 -260.866
640.898 151.127
576.929 320.135
135.904 681.143
-579.103 -531.858
-548.112 517.141
39.891 708.140
-781.097 84.138
-780.112 105.138
700.883 -53.851
697.893 74.141
-476.096 599.126
-594.110 -570.855
533.890 -532.852
525.897 -558.858
-8.089 -816.857
45.912 759.135
394.896 634.124
-94.089 770.117
-822.105 -224.870
221.895 734.147
542.887 -595.846
-660.102 522.136
448.917 628.145
771.900 98.154
652.909 -470.845
-414.095 -771.860
-1.113 806.143
762.891 176.142
173.908 787.150
762.906 227.154
265.904 764.130
-689.119 -600.856
760.911 -331.868
-789.084 420.134
-899.102 136.145
-908.100 -156.862
-597.098 656.131
-759.080 486.133
73.902 -895.872
-789.087 444.153
784.912 -332.867
-708.109 578.155
-416.097 791.150
794.887 340.142
-491.082 798.140
486.917 745.154
875.902 152.148
-448.095 833.148
-74.086 922.130
-297.092 892.147
603.921 671.128
906.917 -98.850
-190.095 -974.851
855.891 292.148
888.918 222.147
-347.087 -953.855
-1026.100 -42.857
-1027.080 -48.068
453.899 824.151
684.908 639.140
-267.129 -1006.860
-297.089 -999.859
462.896 -893.854
960.890 -62.845
635.929 716.128
340.894 -960.864
-387.105 930.144
974.913 14.156
20.903 1003.140
419.890 905.129
879.903 452.146
718.901 686.136
844.904 529.164
-1010.090 -457.864
-619.104 863.137
-202.114 1021.140
-942.077 546.141
534.894 -918.857
977.912 -359.853
-1106.100 243.140
-984.099 550.143
175.891 1053.140
337.891 1008.150
-1112.100 276.177
-1154.090 47.128
421.916 -1033.860
976.908 426.140
-885.078 -786.857
-286.106 -1136.860
-946.106 -724.855
228.905 1078.140
-11.095 1113.110
-1147.120 -339.854
1078.880 -240.863
1081.910 171.132
-951.740 -734.024
808.890 743.141
278.904 -1135.860
956.886 547.136
-628.093 977.143
1091.890 192.145
1015.920 448.134
-326.090 -1163.870
910.896 -699.864
1064.900 -396.866
-1200.110 197.151
1108.890 177.140
89.912 -1196.840
470.916 -1088.870
-794.083 -943.854
-778.097 -956.854
-435.069 1091.130
-971.108 -769.861
430.905 1061.150
-596.084 -1086.840
204.890 1142.160
1112.900 268.130
-757.092 942.151
-843.105 874.150
-885.103 839.134
-508.094 -1143.870
1135.900 -271.870
-609.694 -1098.390
1134.900 234.142
1041.900 -564.852
-336.116 1158.140
254.198 1159.940
959.899 671.139
1170.890 -176.872
-606.099 -1121.850
-1279.100 -49.874
337.897 1148.110
264.892 1174.130
800.899 -932.840
-1166.100 535.127
699.910 983.152
372.907 1158.150
876.873 825.157
-470.105 1158.150
813.891 893.155
687.883 -1051.860
273.894 1202.120
1056.900 -665.854
-981.079 849.128
978.901 748.153
1188.900 -403.866
-1233.100 493.149
1199.880 -382.859
1187.910 -424.859
961.910 796.134
1126.910 554.157
921.904 860.149
1190.900 -473.880
909.888 879.114
-1135.090 -779.856
-1367.110 -135.845
1249.900 241.127
886.895 -967.878
-1178.110 -729.855
1057.890 -767.867
-916.103 -1038.870
1114.910 628.139
-1303.110 434.133
1150.900 572.131
-911.081 1019.130
1146.910 620.135
1315.920 -110.852
-936.117 1019.150
1093.920 742.150
1164.890 630.141
761.891 1092.140
1283.900 352.137
961.921 -974.853
1085.870 786.140
1258.910 465.140
1226.900 -608.870
1014.910 -940.843
-1227.100 -785.856
-1452.090 58.148
-1295.080 644.135
697.911 1187.140
-1368.080 -564.856
-1391.100 -511.847
718.900 1179.160
1302.910 -500.863
1032.900 927.146
-1430.090 -444.854
1078.890 -929.855
1226.210 669.972
-1257.100 790.138
1335.920 438.154
1229.890 682.128
-1512.110 16.129
945.892 1055.160
1279.900 -661.854
858.904 1137.130
1401.910 -331.862
1387.920 -422.870
-1530.110 169.138
-1527.070 -301.850
1313.910 621.139
1384.890 461.135
-1343.090 -810.847
1352.900 549.144
1183.890 -921.872
1455.900 222.142
1266.900 755.126
-1515.880 413.141
-1518.660 414.299
1417.900 437.141
1035.260 1070.440
994.895 1110.150
1037.680 1070.090
-1593.120 24.146
1465.880 -346.856
1405.890 -580.845
-1343.110 -914.858
-1537.110 482.139
-1327.100 -947.872
-1387.100 813.133
1298.910 851.135
-1149.090 1151.150
1252.900 -985.868
1494.910 -524.870
-1584.090 -581.863
1457.910 -692.846
1582.900 -255.864
1129.370 1130.440
1124.900 1137.130
1611.910 -179.848
1388.890 867.153
1496.900 694.138
1497.910 723.152
1262.890 -1145.870
-1484.110 -994.860
1363.900 981.151
1529.910 -757.856
1439.910 -937.864
1403.890 967.116
-1408.090 1098.140
1421.890 971.150
-1483.100 -1099.850
1407.890 1085.140
1452.880 1049.130
1503.890 -1035.850
-1516.080 -1183.870
1457.900 1134.140
-1615.120 1051.640
1587.900 -1104.870
