-22.142 -15.863
-22.007 -16.865
-22.681 -16.870
-58.107 -103.856
-56.673 -105.731
-58.188 -105.785
-60.093 -105.864
-58.242 -107.300
-121.994 15.125
-122.106 16.131
-122.664 15.136
93.929 -124.864
93.342 -125.867
94.012 -125.869
145.325 63.150
145.993 63.149
145.885 64.142
87.927 -171.862
85.898 -173.876
87.821 -173.779
89.335 -173.713
87.749 -175.290
61.740 168.706
59.886 170.122
61.814 170.223
63.342 170.293
61.922 172.138
182.337 28.143
183.007 28.155
182.908 29.157
175.336 -115.867
175.902 -114.862
176.001 -115.868
235.332 36.137
236.013 36.138
235.894 37.136
-232.007 159.156
-232.663 159.155
-232.123 160.145
136.873 -243.863
136.324 -244.860
136.993 -244.869
193.343 170.163
194.004 170.153
193.912 171.146
274.364 -7.882
274.936 -6.849
275.013 -7.879
-309.114 -117.859
-308.992 -118.869
-309.676 -118.873
39.317 292.141
39.984 292.135
39.866 293.138
-269.987 194.124
-270.681 194.129
-270.112 195.132
206.902 -253.854
206.341 -254.854
207.010 -254.862
251.347 181.133
252.020 181.145
251.939 182.139
-20.088 -355.859
-20.658 -356.858
-19.994 -356.857
30.326 327.155
31.033 327.147
30.927 328.140
-156.083 -339.877
-155.987 -340.870
-156.661 -340.880
85.325 333.152
85.984 333.145
85.863 334.144
319.325 -172.872
319.898 -171.864
320.001 -172.864
235.890 -306.855
233.904 -308.845
235.815 -308.763
237.327 -308.708
235.765 -310.279
-97.109 -402.858
-96.992 -403.862
-97.662 -403.870
-172.108 -385.852
-172.004 -386.853
-172.668 -386.853
270.905 -298.856
272.911 -296.851
272.824 -298.759
272.764 -300.297
274.332 -298.695
-30.102 -425.854
-13.672 395.121
-30.000 -426.869
-30.659 -426.864
-13.005 395.129
-13.097 396.144
116.343 388.161
116.989 388.164
116.881 389.160
417.332 -10.873
417.912 -9.878
418.007 -10.871
-158.100 -445.871
-157.991 -446.863
-158.663 -446.861
-21.993 438.131
-22.678 438.142
-22.106 439.148
-198.989 413.144
-199.670 413.139
-199.104 414.139
259.327 357.091
260.026 357.109
259.926 358.121
427.333 -147.855
427.912 -146.860
428.008 -147.866
278.917 -376.858
276.899 -378.876
278.816 -378.778
280.330 -378.711
278.748 -380.299
-352.074 -358.878
-351.989 -359.888
-352.665 -359.890
-190.006 431.140
-190.659 431.140
-190.108 432.149
334.329 306.150
-416.977 258.131
335.015 306.153
-417.664 258.131
-417.081 259.127
334.899 307.140
-408.124 -306.841
-408.012 -307.838
-408.676 -307.838
-203.109 -474.856
-202.998 -475.850
-203.683 -475.844
-311.984 392.147
-312.663 392.144
-312.087 393.145
471.331 119.132
472.007 119.142
471.903 120.152
258.889 -458.861
258.325 -459.858
258.999 -459.861
40.563 -537.819
42.868 -538.901
38.357 -540.003
40.454 -541.304
42.928 -541.259
40.524 -543.390
506.332 58.164
506.998 58.166
506.896 59.156
-512.997 196.156
-513.126 197.137
-513.677 196.149
401.899 -342.865
403.886 -340.855
403.807 -342.774
403.754 -344.291
405.332 -342.712
-543.003 145.146
-543.105 146.135
-543.661 145.146
-24.015 536.124
-24.686 536.125
-24.118 537.123
479.352 227.140
480.008 227.142
479.894 228.138
483.331 -256.879
483.917 -255.868
484.016 -256.868
519.335 149.149
519.986 149.143
519.880 150.150
480.336 -297.860
480.910 -296.864
481.022 -297.864
499.338 -270.848
499.895 -269.855
500.002 -270.844
541.337 126.126
449.889 -354.867
449.336 -355.865
542.008 126.128
450.003 -355.862
541.902 127.130
465.322 309.132
466.002 309.137
466.725 311.785
446.898 347.146
448.749 345.705
509.897 -280.863
471.394 315.432
448.807 347.236
469.367 319.009
511.904 -278.866
471.450 317.710
448.894 349.147
450.328 347.296
511.814 -280.781
511.753 -282.281
513.335 -280.726
471.559 321.177
473.931 317.744
473.865 320.095
-503.095 -376.857
-502.989 -377.857
-503.655 -377.859
86.330 580.129
87.000 580.130
86.883 581.141
316.915 -523.862
316.337 -524.871
317.017 -524.868
589.337 84.143
590.013 84.140
589.888 85.142
-579.002 258.128
-579.126 259.140
-579.680 258.128
600.356 -124.863
600.911 -123.864
601.021 -124.866
304.331 537.141
305.017 537.148
304.909 538.153
111.911 -647.873
111.353 -648.895
112.024 -648.890
236.327 581.142
237.005 581.146
236.903 582.144
155.902 -642.853
153.894 -644.864
155.812 -644.774
157.323 -644.714
155.750 -646.292
594.357 211.143
595.016 211.141
594.924 212.152
637.325 -31.861
637.892 -30.868
638.008 -31.864
-499.103 -475.857
-498.978 -476.843
-499.663 -476.833
145.344 629.118
146.014 629.115
145.902 630.129
238.912 -636.879
390.883 -548.870
238.342 -637.863
239.036 -637.875
390.329 -549.845
391.015 -549.852
635.337 -177.864
635.886 -176.864
636.015 -177.870
20.900 -714.865
20.320 -715.864
21.005 -715.870
526.905 430.145
528.759 428.710
528.817 430.226
530.331 430.281
528.901 432.132
-705.670 -219.724
-707.113 -217.868
-730.103 -109.870
-729.983 -110.865
-707.188 -219.780
-730.664 -110.873
-707.240 -221.295
489.905 -515.854
489.328 -516.866
490.002 -516.865
-709.096 -219.862
-388.089 -634.864
-387.988 -635.884
-388.647 -635.882
686.319 -155.866
686.888 -154.860
687.006 -155.866
522.913 -490.854
524.877 -488.847
524.811 -490.775
524.767 -492.285
526.320 -490.720
700.341 50.127
700.887 51.141
700.997 50.135
-675.669 -338.731
-677.121 -336.860
-677.188 -338.786
-677.232 -340.292
-679.105 -338.867
668.346 267.140
669.013 267.134
668.912 268.153
239.884 -723.862
239.341 -724.854
239.987 -724.856
718.336 150.132
719.000 150.136
718.911 151.151
-259.106 -737.860
-258.988 -738.850
509.918 -559.861
-259.666 -738.854
509.331 -560.862
516.234 -559.279
517.895 -557.873
518.001 -558.859
589.333 446.149
590.015 446.142
589.901 447.133
452.336 588.144
452.996 588.136
452.893 589.139
-411.101 -688.857
-409.670 -690.712
-411.186 -690.768
-413.093 -690.850
-411.245 -692.283
741.313 -207.839
741.883 -206.855
742.002 -207.838
555.897 -551.870
555.330 -552.859
556.005 -552.857
-518.095 -631.861
-517.996 -632.864
-518.664 -632.861
768.897 -79.850
770.891 -77.850
770.806 -79.768
770.749 -81.289
528.911 -590.859
528.339 -591.873
772.329 -79.713
529.004 -591.873
-511.120 -647.853
-511.000 -648.858
-511.674 -648.857
-270.006 745.140
-270.673 745.132
-270.113 746.138
376.907 -710.859
376.346 -711.856
377.005 -711.862
765.324 -175.873
765.897 -174.857
766.001 -175.868
405.901 -696.859
-770.662 279.271
403.911 -698.850
-772.241 277.714
405.816 -698.771
-772.183 279.216
-772.096 281.131
407.332 -698.719
405.758 -700.286
-774.109 279.135
-362.102 -748.873
-709.983 409.128
321.913 -747.872
-361.996 -749.860
-710.654 409.121
-710.066 410.129
-362.675 -749.858
321.328 -748.843
322.034 -748.848
57.342 794.116
58.015 794.129
-760.999 327.109
284.331 739.122
57.926 795.142
284.996 739.123
-761.100 328.126
-761.658 327.112
284.883 740.138
550.655 589.425
553.029 588.248
551.501 591.099
554.841 588.018
553.782 589.824
-868.980 -72.847
-869.062 -71.860
-869.647 -72.850
779.339 266.137
780.020 266.137
779.914 267.122
828.330 -78.862
828.896 -77.862
829.003 -78.856
594.902 -623.858
594.342 -624.870
233.889 -843.863
595.000 -624.867
231.896 -845.845
233.818 -845.774
235.323 -845.727
233.770 -847.285
314.341 787.144
315.022 787.143
314.922 788.147
593.946 -633.538
593.330 -634.859
154.916 -870.857
594.006 -634.861
154.339 -871.852
155.009 -871.857
-202.095 -872.840
634.911 563.135
636.750 561.710
-201.992 -873.856
-202.666 -873.860
636.813 563.232
189.313 836.126
190.004 836.131
-881.124 -197.860
-880.999 -198.858
-424.016 765.171
638.326 563.298
-877.098 -217.865
636.906 565.154
-876.994 -218.852
-424.681 765.172
-881.673 -198.852
189.892 837.126
-877.669 -218.856
-424.142 766.164
-303.108 -851.848
-302.995 -852.857
-303.662 -852.857
757.332 -435.854
757.899 -434.869
758.012 -435.859
723.903 -511.866
723.340 -512.852
724.018 -512.864
843.340 -291.866
843.896 -290.864
844.018 -291.859
121.886 -915.859
119.908 -917.857
121.818 -917.770
-410.135 -842.857
123.322 -917.711
-410.006 -843.858
-410.693 -843.859
121.771 -919.295
277.931 -882.870
-223.986 879.150
-224.669 879.146
277.344 -883.870
278.018 -883.870
-224.092 880.145
-727.674 581.263
-729.238 579.699
-729.188 581.213
128.890 -929.872
-729.113 583.152
-731.097 581.138
128.333 -930.878
128.999 -930.873
666.896 -645.855
668.896 -643.856
864.326 -311.854
864.891 -310.867
668.808 -645.770
865.007 -311.860
668.748 -647.287
670.324 -645.712
775.883 -510.846
775.342 -511.836
854.334 322.106
776.013 -511.847
855.012 322.116
854.903 323.129
-338.001 870.118
-338.670 870.118
-338.110 871.136
-849.003 436.140
879.345 259.157
71.335 922.125
72.002 922.124
-849.661 436.133
-849.117 437.144
880.017 259.159
879.931 260.150
71.898 923.134
744.907 -571.868
-949.996 177.127
746.898 -569.862
-950.100 178.133
-950.669 177.129
746.821 -571.796
-784.981 549.146
746.768 -573.281
-785.657 549.141
-785.087 550.150
748.336 -571.746
64.323 931.129
64.972 931.131
64.856 932.140
777.314 511.130
777.981 511.130
777.860 512.147
894.903 270.135
896.941 268.617
897.002 270.246
897.078 272.200
898.425 270.309
-957.101 -263.861
-956.990 -264.850
-957.667 -264.849
-903.112 -418.854
-903.008 -419.857
536.898 -807.867
-903.673 -419.849
536.339 -808.859
537.007 -808.860
873.359 -394.861
873.940 -393.865
874.029 -394.864
689.919 -679.862
689.339 -680.867
-281.988 923.138
690.017 -680.861
-282.676 923.139
-282.105 924.124
425.345 852.144
426.024 852.145
425.941 853.150
281.929 -948.867
281.344 -949.875
282.031 -949.874
850.359 437.165
851.021 437.159
850.940 438.161
421.327 867.145
421.997 867.146
421.898 868.149
408.328 875.153
409.016 875.159
408.901 876.144
-835.673 560.283
-837.234 558.718
180.333 961.133
180.989 961.128
-837.178 560.233
180.882 962.135
-837.095 562.141
-839.100 560.158
978.337 -17.846
978.901 -16.857
979.005 -17.850
-438.111 -926.853
962.353 -200.858
962.904 -199.848
-438.007 -927.854
963.005 -200.859
-438.668 -927.862
842.329 492.154
843.002 492.152
-977.091 -323.867
-976.974 -324.877
842.892 493.167
-977.652 -324.868
-684.974 740.138
-685.665 740.140
879.365 430.990
-685.092 741.139
881.516 427.610
881.447 429.697
881.558 433.180
883.925 429.746
883.860 432.104
883.342 -472.848
883.912 -471.849
884.021 -472.850
-631.995 808.140
-632.674 808.144
-632.120 809.132
498.346 869.159
499.036 869.149
498.917 870.145
995.330 153.133
996.006 153.136
995.895 154.145
547.884 -876.844
545.902 -878.861
547.810 -878.768
549.332 -878.704
504.907 -906.851
547.760 -880.295
502.898 -908.853
-62.001 1020.150
504.815 -908.762
-62.674 1020.150
506.329 -908.700
-62.121 1021.150
504.753 -910.283
-926.977 500.148
-927.093 501.131
-927.662 500.145
-367.250 969.708
-365.676 971.272
-367.189 971.220
-369.106 971.143
-367.097 973.144
1017.330 157.141
-146.999 1031.120
1018.000 157.133
-147.662 1031.110
1017.900 158.134
-147.099 1032.130
85.900 -1068.850
85.341 -1069.840
86.005 -1069.850
115.901 -1067.870
911.330 489.135
911.995 489.141
115.334 -1068.870
116.006 -1068.870
911.890 490.143
-405.996 976.133
-406.662 976.124
-406.111 977.136
-887.111 -636.869
-886.998 -637.863
1000.330 284.137
-887.665 -637.868
1001.000 284.141
1000.890 285.138
1045.330 -22.856
332.890 -1022.850
-908.093 -611.861
1045.890 -21.883
1046.010 -22.858
753.925 -749.864
-908.001 -612.867
753.336 -750.851
332.334 -1023.840
333.001 -1023.830
-908.667 -612.877
754.011 -750.848
-139.994 1056.150
-140.655 1056.150
-1084.080 -208.856
-1083.980 -209.844
-140.100 1057.130
-1084.650 -209.850
1019.340 -309.859
1019.900 -308.858
1020.000 -309.866
-1006.980 441.166
-1007.080 442.144
-1007.660 441.167
1037.340 -260.864
1037.890 -259.842
1038.000 -260.869
994.344 -425.852
994.927 -424.853
920.912 -574.847
920.339 -575.847
995.019 -425.852
921.003 -575.836
487.906 -987.866
487.328 -988.876
488.005 -988.876
1059.320 178.131
1060.010 178.129
1059.900 179.133
1023.370 332.984
1025.520 329.616
848.338 662.137
1025.460 331.685
849.024 662.141
848.924 663.141
1025.580 335.186
-1060.090 -397.866
1027.920 331.735
-1059.990 -398.870
1027.860 334.102
-1060.660 -398.874
982.328 461.163
983.010 461.163
982.901 462.154
1022.340 369.162
1023.020 369.156
1022.900 370.148
-500.008 993.129
-500.663 993.130
-500.129 994.141
740.348 801.140
741.011 801.143
740.897 802.145
1005.340 435.140
1005.980 435.148
1005.870 436.140
480.904 -1026.840
480.332 -1027.860
481.015 -1027.860
1064.320 300.153
755.900 -837.863
753.906 -839.872
1064.990 300.147
1064.870 301.129
755.822 -839.790
1062.310 314.019
1062.300 314.775
585.905 -972.866
757.332 -839.734
1063.020 314.032
755.769 -841.303
585.339 -973.878
586.013 -973.873
1064.010 316.085
968.904 544.130
970.755 542.710
1066.170 320.953
970.820 544.233
1067.000 321.137
1066.880 322.143
970.917 546.144
972.328 544.303
-183.120 -1146.860
-183.003 -1147.860
-183.675 -1147.860
-1005.090 -601.863
-1004.980 -602.858
-1005.680 -602.863
694.893 -913.852
694.330 -914.839
695.012 -914.848
-1080.130 -470.862
-1080.010 -471.867
-1080.690 -471.866
288.326 1099.150
289.005 1099.150
410.927 -1089.860
288.893 1100.150
410.346 -1090.860
-256.085 -1150.850
411.016 -1090.860
-255.998 -1151.850
-256.670 -1151.860
1130.340 125.141
888.337 705.140
1131.000 125.142
1130.900 126.150
889.020 705.148
888.928 706.139
94.916 -1172.850
94.345 -1173.860
95.015 -1173.850
763.339 846.115
-1142.680 307.292
764.013 846.123
-356.109 -1133.870
-1144.240 305.719
763.914 847.122
-1144.180 307.221
-355.991 -1134.870
-356.670 -1134.860
-1144.080 309.147
-1146.100 307.117
-1157.990 278.139
-1158.100 279.148
-1158.670 278.144
-284.089 -1160.850
-283.991 -1161.860
-284.666 -1161.860
979.910 -630.851
979.327 -631.842
980.005 -631.837
1095.330 353.134
1096.010 353.130
1095.890 354.137
-323.090 -1155.860
-322.988 -1156.880
-323.671 -1156.880
679.911 -967.861
1130.350 -283.859
679.345 -968.858
858.902 -805.868
1130.920 -282.849
858.327 -806.844
680.020 -968.858
1131.030 -283.859
859.021 -806.851
-308.109 -1167.870
-308.004 -1168.860
-308.669 -1168.860
717.332 915.134
717.994 915.140
717.900 916.152
-1104.660 485.281
-1106.250 483.707
-1106.180 485.220
-1106.090 487.138
-1108.100 485.129
1057.900 505.124
1059.750 503.721
-1004.990 674.155
1059.820 505.207
-1005.660 674.160
-1005.080 675.144
1059.920 507.136
1174.360 -132.006
1061.330 505.264
1176.580 -129.812
1176.460 -133.301
1176.530 -135.388
1178.850 -130.891
1178.920 -133.262
562.929 -1075.860
562.338 -1076.850
563.025 -1076.850
211.332 1174.140
212.001 1174.140
-766.095 -973.867
-804.104 -943.862
-766.000 -974.865
211.880 1175.120
-766.655 -974.869
-804.000 -944.861
-804.668 -944.848
1191.340 47.127
931.346 738.135
1191.910 48.149
1192.020 47.130
932.026 738.137
531.334 1067.150
532.017 1067.150
931.927 739.137
531.916 1068.130
863.784 -851.865
865.881 -849.752
865.769 -851.751
865.692 -853.453
867.473 -851.669
1186.330 -217.878
1186.910 -216.857
1187.010 -217.871
-1152.010 468.135
-1152.100 469.157
-1152.660 468.145
546.894 -1121.870
546.340 -1122.870
547.008 -1122.860
-366.115 -1222.850
-365.999 -1223.850
-366.670 -1223.850
-435.116 -1210.870
-434.994 -1211.870
-435.666 -1211.870
794.889 953.153
796.750 951.708
860.914 -925.869
860.327 -926.867
796.814 953.237
861.013 -926.855
553.896 -1146.850
798.337 953.294
474.328 1153.120
551.902 -1148.870
474.993 1153.120
796.907 955.145
553.818 -1148.770
474.872 1154.140
555.329 -1148.710
553.765 -1150.300
-920.109 -923.849
-920.000 -924.823
-1195.110 -522.838
-920.668 -924.826
-1195.010 -523.846
-1195.660 -523.852
740.902 -1046.850
1018.900 -765.833
738.904 -1048.840
1020.900 -763.856
1097.340 612.144
740.820 -1048.760
1098.010 612.145
1020.820 -765.756
1097.920 613.146
742.341 -1048.700
740.763 -1050.290
1020.760 -767.285
1022.330 -765.704
-1243.080 -428.876
-1242.970 -429.878
-1243.660 -429.875
744.335 1022.150
745.013 1022.140
744.899 1023.140
-753.985 1052.150
-754.652 1052.150
-754.083 1053.150
1211.320 383.128
1212.020 383.129
1211.890 384.135
-1290.010 262.128
-1290.100 263.135
-1290.660 262.131
882.891 -953.868
882.317 -954.857
1267.340 -210.862
883.007 -954.855
1267.910 -209.853
1268.020 -210.859
898.884 -940.865
898.334 -941.847
899.003 -941.847
-1324.000 147.150
-1324.100 148.150
-1324.670 147.159
530.895 -1206.850
530.328 -1207.860
530.996 -1207.860
915.322 920.130
916.002 920.134
915.909 921.134
1209.360 480.988
1211.520 477.610
1211.460 479.701
1211.580 483.180
1213.970 479.763
1213.920 482.082
-1348.970 245.139
-1349.080 246.144
-1349.660 245.138
-1377.980 -28.872
-1378.080 -27.877
-1378.650 -28.874
1166.340 -671.856
1166.900 -670.843
-1151.010 739.156
1167.010 -671.852
-1209.100 -676.867
-1151.680 739.156
-1151.140 740.148
-1208.990 -677.857
-1209.660 -677.852
1329.340 152.139
1330.000 152.136
1330.330 155.516
869.897 -1046.860
1341.330 -38.879
869.326 -1047.860
1330.330 160.157
869.997 -1047.850
1341.900 -37.855
1342.010 -38.870
1330.990 160.156
1330.890 161.145
1305.450 -335.764
1305.430 -338.987
1307.600 -335.930
1308.570 -333.815
1307.630 -340.290
1123.900 733.133
1125.760 731.700
1047.330 841.148
1125.820 733.228
1311.080 -334.926
1310.920 -337.428
1048.000 842.152
1049.400 840.645
1310.760 -340.227
1125.910 735.145
1127.340 733.293
-1327.000 412.135
1050.680 841.529
1051.930 840.259
-1327.100 413.155
-1327.650 412.146
-1335.130 -427.901
-1335.070 -430.263
-1337.460 -426.817
-1337.550 -430.314
-1337.470 -432.394
-1339.640 -429.000
1357.320 71.160
1357.880 72.153
1357.990 71.156
1187.340 658.147
1188.030 658.135
1187.920 659.131
-1402.070 -210.869
-1401.970 -211.857
-1402.670 -211.870
1223.330 616.145
1224.010 616.141
1263.910 531.158
1223.910 617.144
-1090.970 885.152
-1091.670 885.148
-1091.080 886.146
1265.770 529.717
1265.810 531.231
1265.880 533.148
1267.340 531.281
1357.330 256.145
1358.000 256.142
1357.880 257.152
1232.340 624.151
1233.020 624.157
1232.900 625.148
1130.320 801.107
1131.010 801.118
1130.910 802.118
1329.350 -446.870
1329.930 -445.853
1142.330 795.166
1330.000 -446.869
1143.020 795.165
1142.900 796.145
1205.330 703.121
1206.010 703.132
829.911 -1155.850
1205.890 704.132
829.337 -1156.870
830.008 -1156.870
806.904 -1175.860
806.335 -1176.840
807.008 -1176.850
1237.320 673.123
1237.990 673.129
1237.880 674.139
1183.330 766.138
1184.010 766.136
1183.900 767.132
1172.320 785.134
1172.980 785.139
1172.870 786.135
1203.340 748.141
1204.000 748.140
1203.900 749.139
-1376.110 -543.871
-1375.990 -544.869
-1376.670 -544.876
-1436.010 351.155
1416.340 240.135
-1436.130 352.148
-1436.670 351.158
1417.010 240.139
1416.910 241.140
1304.900 600.154
1306.760 598.719
1306.810 600.232
1306.880 602.155
1308.340 600.284
1149.330 866.145
1150.020 866.143
1149.910 867.141
1296.320 648.133
1296.990 648.135
1296.860 649.143
849.901 -1211.870
849.336 -1212.860
850.005 -1212.860
1272.340 705.147
1273.000 705.149
1272.910 706.162
-1505.000 -46.852
-1505.100 -45.853
-1505.660 -46.844
1089.330 968.149
1090.010 968.154
1089.910 969.152
1432.340 -318.868
1432.920 -317.854
1433.020 -318.867
-1054.090 -1089.850
-1053.980 -1090.860
-1054.660 -1090.850
1062.900 1010.130
1064.750 1008.710
1064.810 1010.220
1454.330 223.119
1066.330 1010.280
1064.910 1012.130
1455.010 223.123
1454.900 224.124
-1507.100 -237.851
-1507.000 -238.864
1242.910 794.142
-1507.670 -238.864
1244.770 792.709
1244.820 794.230
1244.900 796.139
1246.330 794.290
1358.900 -614.852
1360.900 -612.855
1360.820 -614.764
1360.760 -616.290
1362.340 -614.704
1130.320 969.139
1131.010 969.137
1130.900 970.133
1175.900 -950.867
1175.330 -951.869
1176.010 -951.871
1470.340 -383.851
1470.890 -382.843
1470.990 -383.854
1354.330 688.129
1355.010 688.127
1354.890 689.129
-1552.980 227.141
-1553.100 228.138
-1553.670 227.140
1008.340 1151.140
1009.010 1151.150
1008.910 1152.150
1508.320 -333.868
1413.330 -634.869
1535.310 -151.854
1413.900 -633.873
1508.890 -332.850
1509.000 -333.859
1413.990 -634.867
1535.880 -150.864
1536.000 -151.847
1520.350 247.140
1521.020 247.143
1520.910 248.143
-1441.080 -679.852
-1440.990 -680.864
-1441.660 -680.870
1448.310 -572.880
1448.880 -571.873
1449.000 -572.878
1458.350 -547.869
1459.160 -546.888
1533.900 -251.846
1550.330 -82.870
1550.900 -81.882
1551.010 -82.874
1535.890 -249.873
1460.730 -548.438
1535.820 -251.776
1535.770 -253.289
1461.940 -547.546
1537.330 -251.728
1462.930 -548.780
997.328 1201.140
1564.320 46.124
998.003 1201.140
1564.890 47.148
1564.990 46.129
997.897 1202.140
1512.890 395.152
1092.890 -1148.860
1092.340 -1149.860
-1076.990 1174.140
1093.020 -1149.870
1514.770 393.720
-1077.660 1174.140
1514.810 395.224
-1077.100 1175.150
1514.880 397.140
1477.330 519.134
1516.320 395.272
1478.010 519.142
1477.900 520.123
1092.910 1123.140
1094.750 1121.710
1315.350 852.120
1316.010 852.122
1094.810 1123.220
1315.930 853.130
1096.330 1123.280
1094.890 1125.140
1231.320 981.159
1379.320 760.143
1231.980 981.152
1380.000 760.139
1231.870 982.147
1379.910 761.144
-1221.010 1052.150
-1221.670 1052.160
-1221.120 1053.150
1477.320 -593.866
1477.880 -592.857
1477.990 -593.865
1239.890 -1021.860
1239.330 -1022.870
1240.010 -1022.870
-1633.980 145.133
-1634.100 146.131
-1634.680 145.125
-1254.080 -1071.860
-1252.660 -1073.730
-1141.230 1159.710
-1139.670 1161.280
-1254.160 -1073.770
-1141.180 1161.220
-1254.210 -1075.290
-1143.090 1161.140
-1256.090 -1073.830
-1141.100 1163.140
1503.900 544.141
1505.760 542.706
1505.810 544.234
1505.890 546.133
1507.320 544.297
1263.320 989.120
1263.990 989.124
1566.320 -392.839
1263.890 990.145
1566.880 -391.863
1567.000 -392.846
1281.880 -1005.870
1281.330 -1006.870
1282.000 -1006.870
-1557.110 -587.855
-1557.000 -588.849
1526.340 520.156
-1557.680 -588.844
1527.000 520.156
1526.910 521.157
-1331.130 -1008.870
-1331.010 -1009.860
1455.340 704.137
-1331.680 -1009.870
1456.020 704.140
1455.900 705.133
1451.900 719.146
1453.780 717.708
1453.830 719.218
1453.900 721.141
1455.340 719.266
1377.340 859.168
1378.010 859.162
1377.890 860.145
1575.900 448.140
1577.760 446.723
1577.830 448.228
1577.920 450.134
1579.330 448.287
1351.330 932.133
1352.010 932.137
1351.910 933.143
1370.890 -949.874
1370.330 -950.866
1596.330 425.146
1371.000 -950.862
1597.010 425.150
1596.910 426.158
1535.340 612.156
1536.000 612.154
1535.910 613.158
-1550.000 684.131
-1550.090 685.136
-1550.670 684.132
1258.330 1078.140
1599.340 -472.850
1259.000 1078.130
1599.900 -471.859
1145.350 1199.130
1258.890 1079.150
1600.010 -472.853
1146.020 1199.140
1145.950 1200.140
-1620.110 -587.867
-1620.000 -588.856
-1620.670 -588.869
-1404.990 991.136
1485.330 793.159
-1405.660 991.135
-1405.090 992.137
1486.020 793.146
1485.910 794.147
1152.900 1229.140
1153.560 1228.800
1154.170 1228.290
1154.380 1228.640
1153.550 1229.470
1155.440 1227.980
1155.420 1228.640
1154.400 1229.640
1156.980 1228.050
1156.390 1228.620
1155.390 1229.640
1157.400 1228.630
1156.400 1229.640
1157.410 1229.650
1158.240 1229.480
1217.330 1173.140
1218.010 1173.140
1217.900 1174.140
1518.340 758.146
1519.010 758.141
1518.910 759.132
1421.340 1098.160
1422.930 1097.470
1421.920 1099.160
1426.330 1094.650
1628.310 -796.869
1628.870 -795.870
1427.990 1094.160
1426.980 1095.850
1628.990 -796.860
1410.340 1118.140
1411.000 1118.150
1410.910 1119.150
1436.080 1096.050
1437.010 1096.140
1436.870 1097.140
1570.920 -933.863
1570.340 -934.877
1571.020 -934.874
1437.900 1119.150
1439.810 1118.690
1439.990 1121.170
1442.900 1120.900
1445.890 1121.960
1445.550 1123.050
1459.940 -1155.870
1459.340 -1156.870
1460.030 -1156.860
-1471.990 1167.150
-1472.660 1167.150
-1472.090 1168.150
1502.900 -1119.850
1502.340 -1120.880
1503.020 -1120.870
1615.330 -964.875
1615.920 -963.876
1488.340 1125.130
1540.890 -1083.860
1540.330 -1084.850
1616.010 -964.871
1489.010 1125.130
1541.000 -1084.860
1488.910 1126.140
1491.910 -1175.870
1491.340 -1176.860
1492.020 -1176.860
-1511.090 -1213.850
-1509.670 -1215.700
-1511.180 -1215.770
-1511.240 -1217.290
-1513.100 -1215.870
-1630.000 1040.140
-1630.660 1040.130
-1630.100 1041.150
1470.320 1215.170
1471.020 1215.160
1470.890 1216.150
1574.910 -1147.850
1574.330 -1148.850
1575.010 -1148.850
-1574.980 1219.140
-1575.670 1219.130
-1575.070 1220.150
