-1.995 19.144
-2.675 19.136
-2.100 20.134
5.333 37.154
6.012 37.144
5.895 38.149
11.909 -54.852
11.343 -55.866
12.005 -55.862
30.358 132.144
31.010 132.142
30.913 133.146
101.321 96.124
101.998 96.123
101.895 97.133
-99.991 -76.909
-98.233 -78.681
-98.538 -79.809
-100.438 -78.434
24.339 159.109
25.002 159.120
24.896 160.133
-166.669 -16.719
-168.093 -14.848
-168.186 -16.776
-168.249 -18.291
-170.104 -16.859
-164.997 135.151
-165.666 135.155
-165.118 136.145
34.757 243.699
32.896 245.137
181.891 -116.868
181.338 -117.865
34.811 245.221
36.333 245.279
182.009 -117.864
34.892 247.133
27.773 270.706
25.902 272.141
27.824 272.220
29.345 272.274
27.899 274.132
184.350 220.150
185.014 220.142
184.914 221.151
-166.967 258.037
-167.849 258.094
-167.522 259.339
95.891 -255.865
95.337 -256.886
96.004 -256.879
-171.063 262.382
-172.678 263.141
-172.105 264.139
289.342 151.120
251.314 215.149
290.020 151.123
289.922 152.122
252.018 215.151
251.898 216.132
-252.094 -197.870
-251.991 -198.876
-252.664 -198.874
69.892 -305.856
69.331 -306.855
70.015 -306.858
-206.087 -247.867
-205.988 -248.868
-206.664 -248.867
-343.992 8.133
-344.104 9.133
-344.667 8.145
-344.001 71.132
-344.131 72.131
-344.682 71.133
-336.681 124.288
-338.257 122.718
-338.199 124.228
-338.114 126.138
-340.107 124.141
-348.100 -116.862
-347.989 -117.868
-348.650 -117.865
-260.990 290.137
-261.659 290.135
-261.102 291.153
108.883 -342.858
108.326 -343.845
109.016 -343.855
-91.004 403.162
-91.675 403.169
-91.127 404.147
-382.966 125.137
-383.083 126.136
-383.665 125.129
-335.095 -199.851
-334.971 -200.848
-335.663 -200.841
-57.999 418.137
-58.659 418.145
-58.105 419.152
-204.994 369.148
-205.668 369.145
-205.111 370.137
-27.107 -406.839
-27.005 -407.865
-27.649 -407.864
413.331 155.152
414.013 155.150
413.905 156.135
397.335 213.146
397.997 213.141
397.867 214.147
-391.093 -200.869
-298.007 354.136
-390.985 -201.853
-298.682 354.141
-298.119 355.142
-391.661 -201.853
34.902 -427.870
447.340 43.144
32.894 -429.869
34.813 -429.779
36.331 -429.718
447.898 44.142
448.020 43.147
34.752 -431.291
-432.995 158.132
-433.108 159.138
-433.667 158.135
-242.091 -378.852
-241.982 -379.856
-242.668 -379.860
108.889 -443.861
108.332 -444.852
109.006 -444.858
334.875 -325.846
334.328 -326.855
334.988 -326.855
57.766 507.717
-91.623 504.129
55.907 509.155
-93.529 504.136
57.823 509.229
59.334 509.279
-92.739 505.288
57.906 511.141
-86.089 -473.865
-85.997 -474.869
-86.662 -474.874
41.901 -480.854
41.337 -481.841
42.001 -481.854
-504.988 -26.855
-505.104 -25.860
-268.981 448.135
-269.673 448.131
-505.662 -26.851
-269.080 449.136
38.152 -489.270
37.335 -490.871
38.020 -490.870
121.887 -481.848
121.337 -482.845
122.013 -482.856
313.917 -401.867
313.333 -402.858
314.012 -402.859
525.327 51.121
-184.979 515.151
-185.649 515.167
525.913 52.138
526.006 51.142
-185.081 516.136
-121.101 -499.859
-120.992 -500.858
-121.662 -500.854
-475.663 265.304
-477.233 263.711
-477.169 265.236
-477.078 267.148
-479.088 265.136
-318.456 457.613
-316.078 459.744
-318.534 459.702
-316.135 462.100
420.904 -321.853
420.337 -322.843
421.008 -322.852
-544.978 58.128
-545.100 59.138
-320.631 461.009
-545.670 58.125
-318.432 463.177
-149.995 552.158
-150.673 552.159
-150.107 553.151
376.336 442.135
376.995 442.135
376.897 443.142
566.347 103.149
567.017 103.137
566.915 104.139
477.333 346.140
478.008 346.133
477.911 347.140
-513.088 -272.862
-512.994 -273.872
-513.658 -273.879
-363.984 487.138
-364.683 487.148
-364.108 488.134
-308.979 532.118
-309.666 532.124
-309.077 533.130
547.326 -219.868
547.900 -218.864
548.013 -219.870
-139.094 -574.859
-137.677 -576.708
-139.184 -576.763
-141.103 -576.846
-139.245 -578.288
-408.091 -441.861
-407.976 -442.868
-408.661 -442.862
472.926 -387.854
472.352 -388.864
-554.677 -274.717
473.021 -388.858
-556.123 -272.852
-556.198 -274.769
-556.248 -276.292
-558.104 -274.845
591.327 235.146
592.000 235.134
591.885 236.136
-629.101 -97.853
-628.991 -98.841
-629.664 -98.840
546.870 -310.860
546.316 -311.867
157.752 639.709
546.995 -311.867
155.892 641.136
157.811 641.214
159.322 641.267
157.899 643.138
-108.001 656.135
-108.673 656.138
-108.113 657.127
229.336 627.153
230.014 627.141
229.899 628.153
-260.110 -592.865
-259.996 -593.853
-260.678 -593.855
-563.087 -338.869
-562.994 -339.863
-563.656 -339.868
632.328 -195.881
632.905 -194.869
-552.084 -363.871
633.013 -195.878
-551.981 -364.877
-552.677 -364.873
-419.992 548.122
-420.661 548.124
-420.096 549.137
502.323 473.141
502.993 473.137
502.868 474.122
254.323 656.124
255.015 656.129
254.877 657.128
-629.988 319.161
-630.100 320.138
-630.667 319.161
-324.994 638.121
-325.674 638.117
-325.107 639.135
-370.084 -575.865
-369.981 -576.878
-370.661 -576.881
-198.140 -654.857
-198.016 -655.846
-198.673 -655.841
607.327 376.147
607.998 376.152
607.895 377.151
-580.671 -389.717
-582.093 -387.865
-582.160 -389.736
-383.245 619.695
-381.668 621.297
-584.794 -390.129
-383.180 621.232
-584.202 -392.042
-385.107 621.135
-383.086 623.143
-586.540 -392.626
-625.982 372.143
-626.085 373.128
-626.678 372.131
-222.081 -663.868
711.326 105.134
-221.978 -664.888
-222.658 -664.888
712.002 105.143
711.898 106.138
725.332 44.158
725.897 45.142
726.007 44.164
-104.093 -710.863
-103.989 -711.856
-104.657 -711.847
-742.979 -16.860
-743.092 -15.850
-743.660 -16.869
-634.977 408.146
-635.666 408.146
-635.076 409.138
101.758 758.713
99.903 760.137
101.816 760.221
103.344 760.278
-238.253 729.705
347.308 682.127
347.999 682.120
-236.676 731.275
101.901 762.138
-238.187 731.218
347.898 683.124
-240.098 731.136
-326.983 696.138
-735.117 -143.854
-734.993 -144.859
-327.653 696.132
-735.676 -144.848
-327.075 697.125
-238.089 733.136
336.332 697.143
337.004 697.143
336.891 698.140
182.875 -717.868
182.316 -718.872
183.000 -718.872
-1.065 -746.830
-768.006 16.122
-768.106 17.149
-768.680 16.125
-694.100 -312.858
-1.459 -748.673
-693.992 -313.871
-2.513 -748.872
-694.667 -313.865
-1.950 -750.349
-705.667 -292.722
-707.099 -290.867
684.331 -330.845
684.902 -329.841
685.012 -330.848
-707.176 -292.778
-707.229 -294.298
-592.451 517.383
769.333 -27.866
-594.323 515.481
-709.090 -292.861
769.914 -26.860
769.997 -27.864
-594.235 517.288
30.896 -754.862
-594.110 519.320
-596.275 517.154
30.819 -756.779
32.329 -756.719
28.896 -756.865
30.767 -758.295
178.328 776.128
178.993 776.126
178.870 777.136
684.344 -351.867
684.891 -350.857
773.335 111.135
685.000 -351.869
773.993 111.134
773.886 112.142
-746.093 -223.846
-745.983 -224.857
-216.982 772.153
-217.647 772.153
-746.657 -224.855
-217.098 773.153
-72.994 803.141
-73.660 803.135
-73.093 804.142
-759.661 -201.715
-761.108 -199.851
-761.189 -201.769
-761.245 -203.287
691.319 -362.872
691.902 -361.875
692.004 -362.860
-763.101 -201.849
576.917 -523.846
576.337 -524.828
577.020 -524.833
-795.678 -42.718
-615.102 -489.850
-797.108 -40.876
-614.999 -490.830
-795.996 -55.866
-796.095 -54.852
-797.191 -42.775
-797.248 -44.284
-615.679 -490.835
-796.669 -55.870
-752.993 292.154
-753.100 293.144
-799.111 -42.857
-753.675 292.155
-162.132 -782.860
-162.004 -783.849
-162.683 -783.844
-786.095 -220.864
-785.984 -221.871
-786.665 -221.877
-275.986 800.111
-276.664 800.101
-276.098 801.120
412.322 737.145
413.007 737.147
412.894 738.143
-613.084 -544.859
-612.974 -545.850
-613.661 -545.851
-787.042 299.089
-787.805 300.029
-758.669 -335.714
-796.334 279.144
-790.282 298.160
-760.101 -333.861
-797.112 278.345
-760.186 -335.773
-760.243 -337.291
-763.982 368.130
-793.203 296.207
-764.096 369.130
-764.679 368.129
-762.104 -335.859
-793.100 299.125
-795.105 297.137
-802.218 278.884
-803.494 280.289
294.884 -769.845
-804.376 279.332
294.323 -770.859
294.992 -770.865
-806.865 282.270
17.904 -828.856
-808.099 284.148
-808.673 283.135
656.327 555.112
656.993 555.123
656.891 556.135
19.320 -830.713
17.822 -830.768
15.903 -830.850
683.896 -484.855
685.896 -482.857
17.767 -832.286
685.815 -484.777
685.760 -486.290
687.327 -484.724
-853.014 90.138
-855.992 3.140
-853.109 91.147
-856.103 4.137
-853.674 90.143
-856.672 3.149
-374.103 -751.858
-373.987 -752.861
-374.664 -752.864
-264.989 835.154
-265.667 835.153
-265.086 836.145
527.903 -658.854
527.326 -659.858
528.008 -659.854
-815.995 302.139
-816.089 303.151
-816.663 302.143
817.895 289.151
819.770 287.718
819.821 289.229
819.896 291.138
821.326 289.281
527.916 -678.849
527.347 -679.858
528.006 -679.854
-871.999 156.133
-872.090 157.139
-872.656 156.135
-881.007 -57.864
-881.109 -56.863
-881.664 -57.858
-624.231 656.708
-622.664 658.284
-624.175 658.225
-626.096 658.139
-624.093 660.142
-698.994 581.126
-699.677 581.128
-699.106 582.122
-579.107 -674.848
-579.009 -675.850
-761.082 -470.854
-579.667 -675.848
-760.980 -471.857
-761.654 -471.855
-684.667 614.282
-686.242 612.711
738.310 542.143
-650.133 -614.860
-686.184 614.224
738.976 542.140
-905.994 93.147
-906.125 94.136
-172.987 910.131
-650.011 -615.876
-173.668 910.138
738.859 543.142
701.889 -553.868
-906.685 93.157
-650.697 -615.870
701.333 -554.871
-686.099 616.148
-688.100 614.138
-173.121 911.133
702.004 -554.875
-374.983 848.125
-375.665 848.129
-375.097 849.139
-589.991 717.148
-590.663 717.154
-590.073 718.150
747.899 -505.852
747.341 -506.855
748.003 -506.854
-628.003 691.155
-551.229 755.715
-628.664 691.150
-549.669 757.296
-628.105 692.156
-551.182 757.239
-283.069 -856.867
-282.980 -857.863
-553.088 757.153
-283.683 -857.870
-551.112 759.147
917.329 124.139
-263.997 907.151
917.893 125.135
918.015 124.144
-264.664 907.155
-264.099 908.140
-259.086 -877.868
-258.979 -878.859
-259.671 -878.878
-925.662 -130.729
-626.010 717.156
-626.686 717.163
-927.112 -128.872
-626.133 718.164
-927.188 -130.785
-927.240 -132.292
-934.096 -84.862
-933.991 -85.878
-934.659 -85.888
-929.104 -130.867
-951.991 -31.857
-952.098 -30.866
-952.659 -31.860
-630.990 734.125
-631.668 734.124
-631.104 735.134
852.324 -411.877
852.893 -410.860
852.994 -411.874
516.337 828.172
517.008 828.159
-817.128 -490.869
516.888 829.141
-817.000 -491.873
-817.670 -491.871
-943.993 222.145
-944.108 223.139
-944.681 222.149
-815.998 537.122
-816.659 537.123
-816.103 538.130
-707.995 682.154
-708.680 682.169
-708.112 683.150
-970.666 54.273
-884.679 421.292
442.340 882.168
-886.254 419.724
-972.090 56.136
-972.185 54.211
-972.248 52.721
443.017 882.160
-886.194 421.227
442.920 883.152
-886.105 423.151
-974.110 54.121
-888.107 421.131
-851.666 506.280
-853.231 504.716
-849.099 -473.867
-848.989 -474.870
-853.187 506.226
-849.673 -474.879
-853.121 508.135
-855.095 506.146
-944.004 300.140
418.339 908.141
-944.095 301.132
419.006 908.143
-944.674 300.142
418.898 909.151
-984.973 -55.867
-985.083 -54.871
-985.675 -55.864
-966.667 -190.726
-968.099 -188.866
-968.188 -190.780
-968.249 -192.283
-970.109 -190.860
-973.000 221.134
-973.113 222.140
-973.669 221.138
-546.005 853.148
-546.673 853.145
-732.090 -658.847
-546.113 854.156
-731.987 -659.857
-992.104 -99.853
-992.004 -100.845
-732.671 -659.866
-992.657 -100.851
935.339 -327.861
935.919 -326.850
936.013 -327.860
942.898 -317.861
944.890 -315.855
944.815 -317.776
944.765 -319.284
946.326 -317.719
-1001.110 -105.871
-1000.990 -106.869
-1001.670 -106.875
-1011.000 17.146
-1011.120 18.148
-1011.670 17.140
-1013.000 -23.867
-1013.100 -22.864
-1013.690 -23.879
-528.249 886.699
-526.672 888.273
-528.186 888.214
-900.098 -456.869
-899.990 -457.865
-530.101 888.127
-266.983 1001.140
-267.663 1001.150
-900.671 -457.872
-528.093 890.134
-267.103 1002.140
688.346 773.115
689.017 773.125
688.922 774.136
-1027.990 37.141
-1028.080 38.138
-1028.660 37.139
-225.077 -984.855
-224.974 -985.850
-225.668 -985.861
555.339 885.142
556.007 885.143
555.902 886.151
-530.981 906.131
-531.662 906.130
-1032.010 -62.868
-1032.110 -61.850
-654.127 -782.855
-531.084 907.148
-1032.670 -62.882
-654.010 -783.851
950.335 -384.861
950.902 -383.847
-654.669 -783.849
951.002 -384.852
-850.989 613.141
-1037.970 57.116
-851.668 613.146
-1038.070 58.127
-851.117 614.132
1033.350 83.144
-1038.650 57.108
918.340 -459.879
918.880 -458.852
1033.900 84.136
1034.030 83.136
918.979 -459.868
234.896 -992.867
-973.991 389.148
234.319 -993.855
235.001 -993.859
-974.082 390.151
-974.652 389.148
-1018.140 -231.898
-1018.080 -234.262
-1020.440 -230.821
-1020.540 -234.297
-1020.470 -236.393
-1022.640 -232.996
-218.984 1051.140
-219.656 1051.140
-219.099 1052.130
1028.340 255.122
1029.000 255.125
1028.900 256.124
-1053.990 134.154
-1054.080 135.159
-1054.650 134.156
949.328 -452.874
949.889 -451.866
949.994 -452.869
-1063.990 70.134
-1064.110 71.136
828.887 -644.862
828.320 -645.855
-1064.660 70.137
828.995 -645.850
-228.982 1061.150
-229.657 1061.140
-229.074 1062.150
-664.085 -821.851
-663.990 -822.853
-664.671 -822.859
-479.004 980.138
-479.667 980.139
-210.003 1072.140
-210.666 1072.130
-479.119 981.145
-834.984 697.134
-210.111 1073.150
-835.656 697.135
-1075.010 78.143
-835.092 698.143
-1075.130 79.134
769.890 -728.835
771.891 -726.860
-1075.690 78.148
-658.002 872.122
771.813 -728.759
-658.662 872.120
-658.098 873.142
771.760 -730.279
773.330 -728.709
-684.479 857.609
-682.066 859.746
-1083.670 16.300
-768.237 782.709
-766.682 784.271
-1027.110 -326.845
-1027.010 -327.859
-768.187 784.220
-1064.010 230.139
-684.551 859.698
-1027.670 -327.863
-1064.120 231.148
-1085.100 18.145
-682.130 862.092
-1085.190 16.242
-1085.250 14.725
-1064.670 230.147
-222.987 1080.150
-223.661 1080.150
-770.095 784.145
-768.112 786.142
-223.077 1081.140
-686.645 860.985
-1087.110 16.157
-684.444 863.178
-929.089 -548.854
-928.983 -549.848
-929.671 -549.848
-999.006 456.121
-999.100 457.128
-999.678 456.122
-930.494 -554.751
-582.993 944.135
-583.660 944.139
707.918 -811.857
-583.104 945.131
707.340 -812.852
-930.994 -557.862
708.006 -812.848
-931.680 -557.864
-748.092 -782.874
-172.994 1101.120
-173.676 1101.120
-748.003 -783.864
-173.098 1102.140
270.855 -1042.870
-748.661 -783.869
270.314 -1043.850
270.994 -1043.860
-385.487 1048.610
-599.995 941.138
-600.666 941.136
-383.072 1050.730
212.752 1097.720
-600.091 942.129
-664.253 897.707
-662.668 899.284
-385.548 1050.690
210.892 1099.150
212.805 1099.230
-664.197 899.228
214.326 1099.280
1067.330 -245.861
-383.135 1053.100
1067.910 -244.869
1068.010 -245.862
-666.102 899.146
-387.645 1052.000
-664.114 901.135
212.883 1101.140
-385.445 1054.190
-1024.990 452.138
-1025.090 453.136
-1025.650 452.136
-1035.990 429.143
-1036.100 430.152
-1036.670 429.137
-910.096 -636.860
-909.985 -637.853
-501.102 -984.865
-910.670 -637.857
-499.676 -986.708
-1103.000 238.173
-1103.090 239.152
-501.184 -986.767
-1103.670 238.160
-1120.100 -92.864
-1120.000 -93.862
-503.098 -986.855
-501.240 -988.285
-1120.670 -93.864
-1007.670 526.308
-1009.250 524.724
-1009.180 526.241
-1009.090 528.147
-1011.090 526.142
-782.993 837.154
-783.667 837.149
-783.101 838.141
638.336 953.135
639.005 953.126
638.888 954.139
-1042.980 472.149
-1043.090 473.150
-1043.650 472.153
1067.320 418.130
-1086.680 375.296
1068.010 418.130
1067.890 419.141
-1088.250 373.715
-1088.180 375.229
-1088.090 377.139
865.920 -725.871
865.332 -726.865
866.009 -726.857
-1090.090 375.130
531.332 1034.150
532.002 1034.140
531.901 1035.150
-175.113 -1116.860
-240.987 1143.140
-241.674 1143.140
-175.001 -1117.870
-241.098 1144.150
-175.665 -1117.870
-1122.670 281.280
-1124.250 279.701
-1124.190 281.229
-846.993 803.157
-1124.090 283.148
-1149.730 129.103
-847.654 803.158
-847.104 804.139
-1150.470 128.178
-1126.100 281.153
-494.121 -1025.860
-1151.870 130.207
-1152.630 129.047
-493.996 -1026.860
227.871 -1113.860
-494.665 -1026.860
227.327 -1114.860
227.998 -1114.850
-764.088 -851.862
-763.995 -852.868
-764.653 -852.881
-492.988 1072.150
-493.675 1072.150
-493.110 1073.160
-675.121 -930.853
301.899 -1104.860
-675.001 -931.858
301.334 -1105.860
302.014 -1105.870
-675.658 -931.856
461.318 1093.130
461.996 1093.140
461.900 1094.140
-498.993 1082.150
-499.665 1082.150
-499.101 1083.130
-742.256 935.709
-740.667 937.270
-742.202 937.220
1127.310 361.161
-744.103 937.148
1127.990 361.155
-742.120 939.140
1127.860 362.148
-1164.660 -193.718
-1166.110 -191.865
-1166.190 -193.776
-1166.240 -195.283
-596.077 -1004.860
-604.990 1038.140
-605.660 1038.140
-595.980 -1005.860
-605.087 1039.140
-596.649 -1005.860
-1168.110 -193.862
-221.102 -1145.870
-220.993 -1146.870
-221.672 -1146.870
-1059.990 562.141
-1060.090 563.139
-1060.670 562.144
-878.005 829.128
-878.665 829.138
-878.138 830.147
-1142.100 -347.854
-1141.990 -348.865
-1142.650 -348.871
-387.115 -1116.860
-1093.980 516.144
-1094.080 517.147
-1094.650 516.150
-387.002 -1117.850
-387.670 -1117.850
-930.099 -747.853
-929.995 -748.857
-839.261 885.710
-837.675 887.289
-930.667 -748.860
-839.194 887.221
-841.102 887.123
-839.094 889.148
659.763 1046.710
657.903 1048.120
659.810 1048.220
661.326 1048.290
659.881 1050.150
794.361 959.140
-1167.000 420.136
795.030 959.138
-1167.100 421.133
-1167.670 420.136
794.922 960.136
-767.090 -949.863
-765.669 -951.710
-767.195 -951.781
-604.007 1099.150
-604.681 1099.150
-604.115 1100.140
-767.267 -953.296
-769.112 -951.884
361.329 1202.120
362.011 1202.110
-1174.110 -378.865
-1173.990 -379.884
361.916 1203.130
-1174.820 -380.054
-644.988 1079.160
-645.659 1079.150
-645.082 1080.150
-1177.000 -384.930
-1178.000 -386.963
-1178.730 -386.247
-1178.710 -386.983
-1178.110 -398.866
-1177.990 -399.864
-1178.680 -399.864
-1173.990 468.140
-1174.100 469.137
-1174.650 468.144
-1227.090 -257.867
-1226.980 -258.853
-1227.670 -258.857
-1215.090 -325.860
-1214.990 -326.859
-1252.660 -145.725
-1215.670 -326.860
-1254.100 -143.861
-1254.190 -145.781
-1254.240 -147.292
-1256.100 -145.863
-1069.090 -662.866
-1069.000 -663.870
-1069.670 -663.874
-1213.140 -363.899
-1213.080 -366.271
-1249.110 -228.870
-1249.000 -229.872
-1215.440 -362.814
-1249.680 -229.875
-1124.100 -581.863
-1215.550 -366.307
-1123.990 -582.867
-1215.480 -368.384
-1124.670 -582.871
-1217.640 -365.021
-680.115 -1060.860
-1276.980 52.150
-1277.100 53.137
-1110.990 650.157
-679.997 -1061.850
-1277.670 52.153
-680.674 -1061.850
-1111.670 650.153
-1111.120 651.145
1164.350 546.110
1165.020 546.121
1164.940 547.130
-540.097 -1143.850
-538.679 -1145.710
-540.184 -1145.780
-542.097 -1145.870
-540.244 -1147.290
1255.900 287.125
1257.760 285.706
1257.830 287.216
1257.930 289.140
1259.340 287.278
-1278.000 230.138
-804.978 1033.130
-1278.110 231.150
-805.662 1033.120
-1278.670 230.133
-805.081 1034.140
-848.978 998.144
-849.658 998.136
-849.086 999.145
632.890 -1112.870
1282.900 203.142
630.907 -1114.860
632.817 -1114.780
1284.770 201.707
1284.810 203.225
634.335 -1114.730
1284.880 205.133
632.767 -1116.310
1286.330 203.281
-1193.080 -525.873
-1192.980 -526.850
-1193.670 -526.846
1271.340 331.140
854.873 -973.864
1272.010 331.144
1271.900 332.133
854.325 -974.853
854.985 -974.857
-1204.980 548.157
-1205.090 549.144
-1205.650 548.163
599.887 -1149.880
599.342 -1150.880
600.005 -1150.880
-1245.110 -412.868
-1245.010 -413.883
-1245.680 -413.888
-795.110 -1036.860
-795.004 -1037.850
-795.667 -1037.860
-870.237 1017.720
-868.678 1019.290
-1326.000 26.114
-1326.090 27.137
-870.181 1019.230
-1326.660 26.109
-872.097 1019.140
-870.099 1021.140
-1155.020 691.142
-1155.660 691.137
-1155.120 692.137
-746.107 -1089.870
1043.340 851.131
-745.985 -1090.870
-713.997 1150.140
1044.000 851.130
-746.660 -1090.860
-714.674 1150.140
1043.890 852.139
-1322.110 -193.843
-1321.990 -194.846
-714.118 1151.130
-1322.670 -194.839
1264.330 -418.855
1264.910 -417.855
1265.010 -418.858
998.340 912.125
999.011 912.125
1174.890 663.127
998.915 913.128
1176.760 661.713
1176.820 663.215
1176.910 665.129
1178.330 663.276
-1192.980 650.145
-1193.100 651.150
-1193.660 650.145
-1070.670 845.286
-1072.240 843.718
-1072.180 845.226
-1072.090 847.148
-532.100 -1225.860
-1074.100 845.136
-531.985 -1226.980
-533.154 -1227.030
-861.059 -1028.870
-860.979 -1029.870
-861.653 -1029.880
-657.466 1206.610
-655.072 1208.740
-657.535 1208.690
1345.330 191.108
1346.010 191.108
-655.144 1211.100
-646.119 -1177.850
1089.870 -790.858
1089.320 -791.879
1346.410 193.880
-646.001 -1178.850
1089.980 -791.872
-659.636 1210.000
-1239.070 -546.860
-646.676 -1178.850
-1238.990 -547.862
-657.443 1212.180
1347.340 199.126
-1239.650 -547.857
1348.030 199.127
1347.920 200.131
1039.320 911.141
1040.010 911.137
1039.890 912.137
-1373.990 -9.860
-1374.100 -8.856
-1374.650 -9.851
1002.350 959.136
1003.020 959.136
1002.910 960.150
-1359.140 -250.906
-1263.090 -550.872
-1359.080 -253.253
-1262.980 -551.867
-1263.660 -551.866
-1361.420 -249.825
-1361.550 -253.302
-1012.090 -930.855
-1361.480 -255.392
-831.114 -1092.880
-1011.980 -931.854
-1012.660 -931.856
-830.991 -1093.870
-831.669 -1093.870
-722.109 -1167.860
-1363.640 -252.008
-722.009 -1168.870
-722.670 -1168.870
1370.340 -198.867
-1034.970 949.125
1370.930 -197.852
1371.020 -198.856
-1035.650 949.123
-1035.080 950.129
1172.330 764.151
1173.000 764.152
1172.890 765.145
-1094.140 -851.890
1390.340 -96.874
1390.900 -95.847
1391.000 -96.862
-1096.430 -850.812
-1094.080 -854.273
-1096.550 -854.314
-1098.640 -853.010
-1096.480 -856.393
-1009.990 995.139
-1010.670 995.135
1111.900 873.135
-1010.100 996.137
1399.330 107.134
1113.780 871.718
1399.900 108.135
1400.000 107.133
1113.830 873.211
1115.330 873.263
1113.920 875.133
-1399.060 -182.851
-1398.990 -183.861
-1399.650 -183.859
1306.340 -516.848
1306.930 -515.861
1307.030 -516.843
-1395.130 -241.859
-1395.010 -242.841
-1395.670 -242.840
-1270.980 656.148
1121.340 888.141
-1271.090 657.127
-1271.670 656.139
-959.985 1068.130
1122.000 888.139
-960.667 1068.120
1121.890 889.146
-960.091 1069.140
-1399.680 288.286
-1401.240 286.702
-1401.180 288.224
-1401.100 290.143
-1403.090 288.133
1374.350 -358.877
1374.910 -357.862
-1359.570 -422.585
1375.000 -358.876
-1361.030 -420.785
-1361.200 -422.695
-1361.790 -424.486
-1363.270 -422.859
-1225.100 -740.875
-1224.990 -741.880
-1225.670 -741.873
1095.340 968.132
1096.020 968.143
-1381.120 -433.846
-1381.000 -434.861
1095.920 969.140
-1381.670 -434.855
-1403.110 -363.862
-1403.000 -364.866
-1403.660 -364.872
-976.917 -1059.920
1197.330 842.128
1198.010 842.135
-979.419 -1058.820
-1092.090 -944.879
1197.920 843.141
-1091.990 -945.867
-977.078 -1062.420
-1092.670 -945.866
-1448.980 190.135
-1449.090 191.143
-980.393 -1060.930
-1449.660 190.133
-977.242 -1065.230
-982.554 -1060.770
-980.361 -1065.300
-982.563 -1064.000
1183.900 -846.866
1183.340 -847.856
1184.010 -847.864
-1470.090 -154.860
-1469.990 -155.859
-1470.660 -155.858
1322.340 685.154
1323.010 685.148
1322.900 686.147
-1480.000 149.134
-1480.090 150.143
-1480.660 149.135
1400.340 507.138
1401.010 507.139
1400.900 508.143
-1452.000 368.155
-1452.100 369.145
-1452.660 368.155
1023.340 1103.130
1024.020 1103.140
1023.920 1104.140
982.897 -1103.840
982.339 -1104.830
982.999 -1104.840
-1298.110 -737.867
-1298.010 -738.884
-1298.670 -738.885
1237.340 871.145
1238.010 871.145
1237.910 872.144
-1494.000 269.116
-1494.120 270.120
-1494.660 269.117
1236.330 895.106
1237.000 895.116
1236.910 896.116
-1265.000 872.125
-1265.670 872.125
-1265.110 873.136
1128.900 -1003.850
1128.340 -1004.860
1129.000 -1004.860
-1289.990 844.139
1391.950 649.719
-1290.650 844.134
-1290.080 845.153
1393.190 650.059
1393.180 653.178
1393.880 653.448
1062.900 -1084.860
1393.880 655.130
1062.330 -1085.860
-988.982 1194.110
1063.020 -1085.870
-989.644 1194.110
1469.330 457.146
-989.079 1195.140
-1062.010 1130.120
1470.000 457.140
1469.900 458.137
-1062.660 1130.120
-1062.110 1131.140
-966.090 -1178.860
-965.992 -1179.860
-966.665 -1179.860
1353.330 -725.894
1353.920 -724.881
1354.010 -725.886
-1097.980 1118.150
-1098.670 1118.150
-1098.090 1119.150
-1156.120 -1022.850
-1156.000 -1023.850
-1156.660 -1023.840
-1497.100 -420.865
-1497.000 -421.873
-1497.660 -421.872
-1216.990 998.120
-1217.660 998.118
-1217.090 999.135
-1317.000 863.159
-1317.660 863.159
-1317.100 864.149
-1006.090 1222.140
-1007.100 1222.140
-1006.100 1223.790
1502.340 505.153
1503.000 505.148
1502.890 506.143
1212.330 1040.130
1213.010 1040.130
1212.910 1041.140
-1267.000 1029.140
-1267.660 1029.150
-1267.120 1030.150
-1255.090 -1007.860
-1254.990 -1008.880
-1255.660 -1008.880
1455.350 -691.872
1455.900 -690.863
1456.000 -691.874
-1635.090 -79.856
-1635.000 -81.767
-1635.230 -83.289
-1636.640 -81.485
-1638.300 -81.435
-1334.120 -945.866
-1333.990 -946.860
-1334.660 -946.848
1348.900 -930.868
1348.340 -931.876
1349.000 -931.876
1629.340 -249.873
1629.900 -248.862
1630.010 -249.866
-1200.980 1187.140
-1201.660 1187.130
-1201.090 1188.140
-1280.110 -1065.860
-1280.010 -1066.870
-1280.670 -1066.880
-1587.100 -549.849
-1586.990 -550.852
-1587.660 -550.856
-1488.010 822.143
-1635.090 -413.856
-1488.100 823.141
-1488.660 822.157
-1635.100 -414.871
-1636.140 -415.049
-1478.090 -813.862
-1477.980 -814.858
-1478.670 -814.861
-1198.110 1223.150
-1197.470 1224.210
-1199.170 1223.800
-1198.520 1225.340
1620.340 -495.873
1620.910 -494.869
1621.020 -495.870
-1573.670 675.288
-1575.240 673.713
-1575.180 675.231
-1575.100 677.135
-1577.090 675.146
1600.330 695.149
1601.010 695.147
1600.890 696.145
-1549.670 -819.701
-1623.110 -667.857
-1551.100 -817.853
-1623.000 -668.865
-1623.680 -668.873
-1551.190 -819.768
-1551.250 -821.295
-1553.100 -819.867
-1599.670 789.301
-1601.240 787.721
-1601.180 789.244
-1601.090 791.147
-1603.090 789.160
-1543.990 944.150
-1544.660 944.145
-1544.090 945.149
-1320.080 -1205.860
-1319.980 -1206.870
-1320.660 -1206.880
-1482.990 1067.120
-1483.670 1067.110
-1483.100 1068.120
1487.890 -1024.870
1487.330 -1025.860
1488.010 -1025.870
-1463.080 -1088.860
-1462.990 -1089.850
-1569.110 -934.840
-1463.680 -1089.850
-1568.990 -935.852
-1569.660 -935.842
-1410.010 1202.120
-1410.690 1202.140
-1486.110 -1067.850
-1410.140 1203.140
-1485.990 -1068.840
-1486.690 -1068.830
1368.900 -1218.850
1368.340 -1219.860
1369.000 -1219.860
-1437.000 1212.150
-1437.670 1212.160
-1437.100 1213.140
-1605.110 -975.841
-1605.010 -976.836
-1605.670 -976.834
-1461.100 -1188.870
-1460.980 -1189.880
-1461.680 -1189.880
