9.891 68.149
31.897 118.139
-21.100 127.152
82.895 14.149
-95.108 25.151
148.896 -59.859
204.896 64.142
-26.094 -133.879
-84.087 262.147
-173.071 -49.860
101.901 -170.869
-259.105 229.146
106.884 378.138
-276.090 244.155
159.888 -232.851
-83.097 396.144
-163.090 363.144
101.897 411.139
-340.089 -56.854
394.909 1.127
92.905 -337.853
202.929 442.130
-418.095 117.136
-212.104 -316.855
-177.100 -340.847
-35.100 -382.859
-191.102 492.131
-229.095 482.129
339.892 415.125
-242.082 -345.859
-414.104 324.133
-1.098 -443.867
401.912 -262.868
-392.105 -302.852
523.901 294.154
248.887 -441.868
-503.092 309.143
412.908 -341.857
-395.096 477.148
17.908 -511.875
202.891 617.118
-143.102 -493.860
137.904 657.138
56.911 -538.855
-152.104 -524.847
-482.117 454.127
-106.107 -550.868
2.904 -563.869
-467.119 485.149
127.912 -559.850
396.907 590.154
531.890 460.130
-575.090 -227.872
188.901 709.125
-436.125 569.138
608.910 374.134
-215.090 -571.847
256.910 -573.861
115.892 748.152
-84.080 -619.875
-236.093 722.161
616.922 416.153
23.899 770.140
238.897 -604.863
306.912 -582.872
221.888 -617.849
693.893 313.137
-125.094 782.158
-622.096 -298.859
-621.603 -302.389
220.895 772.150
649.899 489.142
-670.115 -295.844
697.891 432.148
444.910 716.125
189.918 829.134
-694.092 411.128
145.907 -705.869
684.900 484.138
-759.091 299.133
-350.083 786.135
-242.116 832.137
317.895 -678.886
623.905 603.131
47.902 882.142
-463.101 -597.860
332.905 820.143
-812.098 -67.868
-124.101 -755.854
826.891 -103.868
-724.098 468.154
-726.110 -354.867
189.912 -763.870
863.904 -37.862
-94.097 923.133
-183.113 908.143
735.902 534.138
-696.103 -428.861
541.885 754.144
835.909 346.132
665.901 648.132
-784.110 478.146
121.899 955.141
818.912 457.134
-102.079 960.162
713.901 640.145
423.913 -743.848
-81.100 975.143
-674.090 -539.858
-384.112 -757.861
-186.109 -828.851
-866.101 355.126
-840.097 453.151
940.896 142.145
278.885 -833.858
342.895 -813.870
891.907 -315.853
-788.105 -481.857
-919.093 -212.858
921.908 -290.882
-624.687 -681.027
986.912 183.145
753.908 -577.860
965.899 -173.869
-277.498 1011.710
-967.107 -90.840
-830.086 593.149
-632.579 -688.134
952.891 -241.864
-287.095 1020.140
971.886 -197.872
454.899 967.130
-918.110 454.152
-653.106 -687.875
220.895 -917.873
-357.099 -873.831
651.894 -715.854
-734.093 -629.844
-257.108 1056.150
-620.101 877.145
-100.100 1093.140
-689.110 836.141
52.890 -983.867
138.880 1113.150
1072.900 -13.867
-653.109 903.123
733.905 -723.848
976.902 539.142
-987.096 -349.868
1089.900 153.147
993.919 524.134
1023.900 470.140
-1062.110 -133.879
-1088.100 125.150
592.878 1002.140
-718.088 -764.865
-1072.100 -199.891
-51.090 1190.130
-898.112 732.136
317.889 -1013.850
-1008.100 -410.858
-541.087 -913.865
896.886 -626.859
1081.890 437.120
974.906 675.134
1090.900 -295.860
-460.081 1108.160
-751.097 921.134
580.909 1064.140
-261.092 -1054.850
692.904 1006.130
-430.093 1145.140
1111.910 -340.854
-795.107 -790.858
-1104.100 463.143
1149.910 -271.860
616.922 1098.140
672.913 -926.864
-641.081 1077.160
875.905 -769.858
1083.910 -479.878
-952.092 -673.861
1189.890 380.147
1161.890 477.152
754.897 1044.130
1085.900 -530.847
-1201.100 -169.860
-241.095 -1140.870
-972.107 -683.862
1030.910 -630.856
797.915 -886.864
1156.900 538.130
5.912 -1173.880
-166.094 -1162.870
-1188.110 427.133
-743.108 1071.140
276.906 -1162.850
984.891 -732.862
-984.106 -711.862
-752.616 1098.220
-1264.100 221.149
-1062.110 774.129
-748.099 1107.150
1294.910 -20.851
-881.103 -862.847
-1120.100 -557.857
-1091.090 744.144
743.886 1133.170
-995.088 897.144
588.917 -1108.860
838.880 1088.140
-1284.080 -173.854
1288.900 -246.854
-538.121 -1129.860
1261.910 483.135
754.896 1165.150
-1214.090 -449.843
1178.900 708.142
1256.900 -442.860
1161.890 -632.857
1116.910 840.130
1257.390 -448.854
-1271.090 497.133
974.895 1014.160
1220.900 -536.873
-1359.100 -135.854
1361.910 385.140
-1379.110 95.129
1305.900 -437.858
-1312.100 -376.863
733.902 -1124.850
1381.900 365.130
1414.910 3.154
1323.900 -438.859
1385.900 -237.869
-1358.110 416.138
1197.900 -703.859
873.892 -1058.860
-1328.100 570.130
1002.900 -959.874
1446.900 43.134
1437.910 342.121
-860.088 -1104.870
1263.900 -685.872
1411.910 -375.869
-1078.080 1065.130
-1255.110 -725.880
-984.092 1184.140
-1008.120 1193.150
1499.890 -230.869
1528.890 6.153
1420.890 -557.869
893.898 -1204.880
-1267.100 -813.851
1074.890 1197.160
1243.910 1022.120
1498.900 -397.862
1193.890 -994.848
-1474.100 652.129
1343.900 967.135
1529.900 -512.868
-1575.090 464.130
1049.910 -1195.850
-1498.090 713.138
-1029.080 -1206.860
1491.900 -662.833
1439.890 908.148
1529.900 760.152
-1558.080 674.126
1487.910 876.143
1583.890 -536.845
-1523.110 -639.848
1490.920 -764.859
-1604.100 630.133
1203.920 -1162.860
-1557.100 775.161
1354.920 -1022.860
1566.910 -692.865
1362.920 1156.150
-1622.120 -583.867
1541.910 -823.876
-1579.090 855.133
-1568.120 -779.865
1598.910 -783.874
-1528.100 1037.150
1467.900 -1034.850
-1565.100 1065.140
1534.900 1174.150
-1556.110 -1021.890
1590.890 -1025.870
1611.900 -1108.850
