-20.101 -1.853
-20.007 -2.850
-20.669 -2.851
-125.668 24.289
-127.237 22.706
-127.180 24.220
-127.095 26.143
-129.090 24.120
-100.978 84.128
-101.659 84.131
-101.095 85.133
92.343 74.135
93.013 74.138
92.906 75.136
102.328 89.126
102.998 89.135
102.890 90.138
-161.996 72.142
-162.105 73.151
-162.679 72.142
-14.086 -162.864
-14.649 -163.866
-13.989 -163.870
-200.098 -65.864
-199.993 -66.851
-200.666 -66.847
-202.094 -76.840
-201.983 -77.864
-202.652 -77.863
-117.096 -182.851
-116.980 -183.843
-117.683 -183.847
-214.101 -93.853
-213.991 -94.858
-214.666 -94.857
-10.099 -243.860
-10.665 -244.884
-10.001 -244.874
-57.249 246.709
-145.973 216.130
-146.670 216.143
-146.099 217.133
-55.669 248.291
-57.193 248.223
-59.104 248.123
-57.110 250.134
120.914 -238.866
120.344 -239.855
121.024 -239.852
-294.992 55.144
-295.098 56.136
-295.672 55.138
35.352 278.131
36.005 278.133
35.895 279.136
-171.109 -254.870
-170.981 -255.868
-171.674 -255.868
60.902 -287.865
60.323 -288.873
61.002 -288.881
-130.007 292.134
-130.664 292.128
-130.120 293.142
-252.098 -226.862
-317.975 124.139
-252.008 -227.863
-318.058 125.135
-318.662 124.132
-252.659 -227.864
-343.992 135.149
-344.106 136.133
-344.672 135.153
338.346 37.151
339.020 37.143
338.916 38.148
-383.979 85.124
-384.101 86.131
-384.649 85.124
-404.993 34.150
-405.090 35.141
-405.660 34.142
-416.664 31.288
-418.246 29.713
-418.189 31.236
-418.105 33.142
-420.101 31.158
401.324 -61.877
401.881 -60.865
401.993 -61.873
323.921 -282.868
323.347 -283.885
324.006 -283.873
313.879 -320.843
313.328 -321.836
313.991 -321.851
11.340 463.143
12.011 463.144
11.917 464.150
256.930 -402.861
256.341 -403.857
257.016 -403.856
-258.988 446.142
-259.666 446.149
-259.080 447.137
-456.093 -284.855
-456.004 -285.852
-456.672 -285.861
389.902 -327.858
389.332 -328.868
390.004 -328.861
398.900 -323.854
398.094 -325.014
399.001 -324.842
-549.988 41.138
-550.092 42.127
252.766 454.719
250.894 456.154
-550.685 41.134
252.821 456.230
254.329 456.281
252.900 458.142
364.898 -376.854
366.891 -374.862
218.928 -483.865
218.351 -484.858
366.803 -376.768
219.027 -484.861
268.902 -456.868
268.329 -457.844
366.743 -378.278
368.337 -376.708
269.006 -457.855
504.336 174.142
505.014 174.147
66.892 -548.852
504.924 175.141
66.327 -549.857
67.010 -549.856
296.352 466.155
297.022 466.150
296.921 467.147
-313.098 -488.842
-312.997 -489.844
-313.666 -489.854
500.327 230.145
500.989 230.144
500.879 231.145
-247.110 -526.860
-246.997 -527.874
-247.663 -527.879
-465.075 -367.866
-464.972 -368.868
-465.657 -368.875
546.909 -114.877
548.918 -112.856
548.833 -114.780
548.775 -116.312
550.336 -114.715
-295.998 527.130
-296.666 527.119
-296.107 528.131
507.341 290.134
508.030 290.133
507.909 291.125
407.905 -429.873
407.334 -430.865
408.030 -430.872
570.432 -138.870
571.205 -137.711
572.323 -138.850
-14.671 611.149
-13.996 611.148
-14.105 612.139
-378.113 -507.837
596.893 -63.883
-377.996 -508.845
-378.668 -508.837
598.899 -61.863
598.810 -63.782
598.749 -65.293
600.327 -63.713
-172.983 609.157
-173.683 609.155
-173.093 610.143
-592.004 266.130
-592.118 267.143
-592.669 266.134
-492.118 -424.865
-491.986 -425.859
-492.678 -425.846
-81.991 634.146
-82.668 634.145
-82.087 635.134
572.334 260.140
573.005 260.149
572.902 261.149
-566.987 355.126
-567.652 355.128
-567.091 356.144
-543.113 -394.861
-543.007 -395.866
-543.663 -395.864
494.883 -407.864
494.317 -408.853
495.000 -408.864
540.898 -406.849
540.329 -407.869
85.338 682.147
86.000 682.138
540.998 -407.868
85.875 683.153
-287.094 -641.863
-286.976 -642.846
-287.669 -642.841
638.336 -225.873
638.915 -224.872
639.013 -225.869
-483.009 522.139
-483.683 522.138
-483.118 523.132
545.901 415.143
547.746 413.709
547.799 415.221
547.880 417.149
549.321 415.274
594.911 -355.839
596.902 -353.863
596.815 -355.763
596.755 -357.287
598.339 -355.711
303.341 636.129
303.995 636.129
303.881 637.135
-660.105 -323.859
-659.983 -324.859
-660.669 -324.859
173.910 -705.846
173.328 -706.846
174.007 -706.843
-184.127 -714.867
-184.011 -715.859
-184.662 -715.854
-721.105 -226.843
-720.988 -227.835
-721.654 -227.833
-704.991 277.139
-705.114 278.151
-705.663 277.138
-367.986 658.156
-368.655 658.154
-368.071 659.150
-477.089 -603.865
-476.996 -604.868
-477.661 -604.877
-310.100 -701.866
-309.991 -702.850
-310.667 -702.844
727.337 -199.856
727.912 -198.860
728.017 -199.862
-573.009 545.141
-573.676 545.137
-573.123 546.152
690.341 -324.876
690.907 -323.878
691.012 -324.875
431.335 637.138
6.892 -783.854
432.012 637.140
6.341 -784.870
6.997 -784.866
431.927 638.141
-794.995 159.145
-795.086 160.134
-795.668 159.143
140.927 -780.862
140.350 -781.869
141.014 -781.865
123.347 783.132
124.012 783.133
123.901 784.133
294.333 734.156
295.009 734.155
294.921 735.154
123.892 -790.842
539.335 573.163
540.024 573.164
123.338 -791.839
123.995 -791.851
539.910 574.148
716.328 -330.841
716.875 -329.850
716.999 -330.849
281.904 -752.855
-191.101 -793.859
521.328 601.154
281.372 -754.459
521.989 601.150
-190.990 -794.846
282.307 -754.731
-191.682 -794.848
521.872 602.153
282.132 -757.167
282.905 -757.402
315.334 749.137
316.739 748.984
315.905 750.129
110.751 811.720
321.849 748.337
108.891 813.153
322.681 749.131
110.804 813.237
112.326 813.293
110.882 815.143
473.894 -672.856
473.329 -673.851
474.004 -673.855
579.875 -581.851
579.329 -582.839
579.994 -582.843
711.900 -410.849
711.349 -411.873
712.000 -411.873
-686.676 -515.719
-688.110 -513.862
-688.191 -515.773
-688.245 -517.284
-690.099 -515.852
-138.111 -839.841
-138.000 -840.842
-138.670 -840.836
-102.251 842.702
-100.679 844.286
-102.189 844.225
-104.094 844.136
-102.098 846.149
291.774 793.713
289.901 795.145
-869.993 95.133
-870.098 96.132
291.821 795.240
-870.661 95.132
293.311 795.304
291.890 797.147
45.879 -860.871
45.321 -861.854
46.013 -861.858
-412.983 780.133
-413.663 780.133
-413.102 781.137
-229.986 854.129
-230.659 854.133
-457.112 -767.872
-823.090 -366.853
-230.100 855.130
-822.986 -367.856
-456.997 -768.865
-823.666 -367.858
-457.668 -768.867
602.899 629.141
604.755 627.702
33.903 -887.863
604.809 629.218
33.334 -888.857
34.014 -888.860
606.331 629.269
528.328 698.135
604.890 631.144
528.998 698.139
528.876 699.139
839.343 246.133
840.018 246.127
839.898 247.131
860.331 -177.849
860.883 -176.867
861.008 -177.864
486.907 -744.856
486.333 -745.861
427.328 779.145
486.992 -745.852
428.010 779.157
427.907 780.135
-579.093 -713.861
-578.989 -714.854
-579.672 -714.851
886.339 -73.851
886.909 -72.851
887.012 -73.858
305.894 -852.854
303.896 -854.866
305.810 -854.772
307.320 -854.708
870.339 -207.858
870.899 -206.847
305.754 -856.287
871.007 -207.857
-794.980 487.127
-795.659 487.132
-795.096 488.141
-15.670 929.143
-15.015 929.140
909.317 56.145
909.891 57.144
910.014 56.144
-15.107 930.149
800.894 -489.838
800.351 -490.818
800.998 -490.820
-26.089 -958.850
-24.667 -960.703
-26.192 -960.771
-28.107 -960.871
-777.001 589.104
-26.260 -962.291
-777.659 589.101
-777.096 590.140
-975.665 -186.713
934.331 192.161
-977.077 -184.855
935.002 192.156
934.871 193.156
-977.173 -186.772
-977.239 -188.282
-892.668 434.299
-894.238 432.711
-979.096 -186.860
-894.181 434.239
-894.097 436.137
-942.984 321.133
-943.091 322.130
-943.662 321.135
-896.088 434.150
897.344 -344.857
897.905 -343.851
898.005 -344.856
-998.985 -52.867
-999.089 -51.865
-835.014 543.135
-999.664 -52.861
-835.677 543.146
-835.148 544.145
561.897 -795.856
561.334 -796.866
562.003 -796.862
964.319 53.154
-37.100 -987.866
964.885 54.145
965.002 53.147
-35.664 -989.730
-37.178 -989.776
-39.103 -989.845
-37.231 -991.280
761.903 -627.853
761.332 -628.833
969.357 157.996
762.014 -628.836
-1013.110 -143.858
-1012.990 -144.865
-435.105 -915.867
971.534 154.615
971.462 156.690
-435.007 -916.864
971.574 160.180
-1014.690 -145.603
-435.682 -916.863
973.928 156.742
973.870 159.098
-1018.430 -149.416
698.350 707.155
699.019 707.158
-1019.720 -149.249
698.914 708.154
938.346 321.134
939.000 321.138
938.904 322.147
-755.993 695.163
-756.676 695.169
-756.101 696.148
213.894 -988.865
213.336 -989.862
214.010 -989.868
-557.099 -863.866
-557.000 -864.879
-557.669 -864.885
-963.102 -396.848
-963.000 -397.850
-963.672 -397.855
-1008.680 -266.695
-1010.100 -264.862
-1010.190 -266.765
719.331 708.125
-1010.250 -268.293
720.012 708.134
719.905 709.132
-1012.100 -266.868
-295.985 993.134
-296.655 993.147
-296.096 994.140
526.903 -878.854
526.343 -879.855
527.004 -879.860
-506.993 913.146
-507.667 913.142
-507.097 914.145
613.926 -830.870
613.333 -831.880
737.313 717.144
614.015 -831.873
737.990 717.143
737.882 718.147
-955.083 -476.852
-954.991 -477.860
-955.667 -477.880
-885.989 595.149
-886.667 595.146
-886.105 596.140
1023.330 146.147
1023.990 146.139
1023.880 147.145
989.327 305.135
990.004 305.140
989.901 306.134
-734.996 785.161
-735.666 785.163
-735.106 786.143
-1048.090 -292.841
-1047.990 -293.855
-1048.660 -293.863
164.316 1059.140
165.007 1059.140
164.897 1060.140
-787.136 -776.866
-787.005 -777.864
-787.682 -777.857
-1019.990 439.138
-1020.670 439.132
-1019.660 442.416
448.913 -990.866
-1018.980 447.154
448.341 -991.853
449.021 -991.848
-1019.100 448.147
-1019.660 447.156
-731.098 -839.867
-730.990 -840.867
-731.660 -840.872
-1110.980 149.151
-1111.080 150.143
-1111.670 149.150
1067.350 198.126
1068.020 198.134
1067.910 199.141
141.902 -1104.870
141.327 -1105.870
1094.320 -57.878
142.002 -1105.870
1094.920 -56.860
1095.020 -57.867
142.609 -1112.200
-460.250 1032.710
142.318 -1114.890
143.010 -1114.880
-458.667 1034.290
-460.189 1034.230
-462.106 1034.130
-460.101 1036.140
980.891 517.152
982.753 515.712
982.810 517.233
153.316 1114.120
153.991 1114.130
181.332 1110.130
182.001 1110.130
982.895 519.152
153.874 1115.130
984.326 517.288
181.890 1111.130
-1097.980 344.147
-1098.090 345.132
-1098.670 344.142
412.889 -1049.850
412.349 -1050.870
412.998 -1050.870
927.337 644.150
928.024 644.148
927.904 645.138
765.876 -843.858
765.320 -844.849
765.981 -844.856
-395.000 1093.160
761.343 852.136
-395.669 1093.160
762.020 852.139
-395.108 1094.150
761.924 853.139
375.911 -1093.850
373.898 -1095.860
375.818 -1095.760
377.327 -1095.700
375.754 -1097.290
916.327 695.141
917.011 695.144
916.904 696.127
1128.900 -225.860
1130.870 -223.859
1130.810 -225.781
1130.770 -227.301
851.907 -787.855
1132.330 -225.726
851.340 -788.863
852.010 -788.854
1145.320 -188.833
-54.095 -1181.860
1145.870 -187.847
1146.010 -188.849
-53.999 -1182.850
-54.673 -1182.860
866.328 784.126
867.000 784.122
866.893 785.130
1042.340 -532.883
1042.920 -531.881
-15.106 -1189.850
1043.010 -532.880
-15.659 -1190.860
-14.997 -1190.860
847.905 -816.856
847.332 -817.867
848.009 -817.859
805.888 -870.868
803.900 -872.873
805.824 -872.797
-211.103 -1186.850
807.335 -872.747
805.782 -874.287
-209.679 -1188.710
890.906 -785.866
892.890 -783.745
-211.195 -1188.770
-213.107 -1188.850
-211.258 -1190.280
892.702 -786.857
896.985 -782.946
895.578 -784.783
415.903 -1126.870
415.331 -1127.860
415.998 -1127.870
-1108.100 -525.853
-1107.990 -526.852
-1108.660 -526.853
1175.330 189.129
1176.000 189.130
1175.900 190.145
-1194.980 303.118
-1195.090 304.136
-1195.650 303.112
204.883 -1199.870
204.329 -1200.870
205.001 -1200.870
1005.890 -664.839
1005.320 -665.848
1005.980 -665.843
407.340 1148.140
408.002 1148.150
978.880 -714.865
978.334 -715.874
407.907 1149.150
979.005 -715.870
979.342 721.122
980.008 721.127
979.910 722.139
932.916 791.145
934.759 789.722
617.896 -1065.860
617.331 -1066.840
934.818 791.242
618.015 -1066.850
936.328 791.307
934.902 793.147
481.327 1141.160
482.009 1141.150
481.907 1142.150
-433.116 -1181.850
-433.004 -1182.860
-433.658 -1182.850
444.344 1167.130
445.011 1167.130
781.349 968.133
782.024 968.129
444.900 1168.140
781.909 969.136
-1185.000 478.158
-1185.100 479.141
-1185.670 478.155
1076.900 -625.852
1076.340 -626.849
1077.020 -626.854
-552.002 1148.140
1146.330 493.149
-552.674 1148.140
1147.020 493.143
-552.103 1149.130
1146.900 494.148
1242.890 -119.851
-908.000 905.138
-908.665 905.132
-908.099 906.142
1244.890 -117.860
1244.820 -119.767
1244.760 -121.298
1246.330 -119.710
-861.243 953.713
-859.671 955.280
1226.330 -264.870
-861.190 955.224
1226.890 -263.855
-473.099 -1192.860
1227.000 -264.872
-472.998 -1193.880
-567.112 -1153.870
-863.097 955.141
-473.661 -1193.880
-861.113 957.140
-566.992 -1154.850
-567.676 -1154.850
441.908 -1191.870
441.331 -1192.880
442.017 -1192.870
-1267.120 -282.856
-1267.000 -283.840
-1267.670 -283.832
-1251.130 -360.859
-1251.020 -361.878
1168.350 -484.863
1168.930 -483.860
-1251.670 -361.878
1169.010 -484.866
-567.088 -1174.850
-566.992 -1175.880
-567.653 -1175.870
-662.993 1123.130
-663.666 1123.130
-663.111 1124.130
1277.330 -50.838
1277.890 -49.853
1278.020 -50.842
1197.340 -456.883
1197.900 -455.854
1198.000 -456.880
1281.340 13.152
1281.910 14.144
1282.000 13.145
-1214.990 516.120
-1215.100 517.145
-1215.660 516.128
1270.320 184.167
1270.990 184.162
1270.880 185.150
-1331.660 12.279
-1333.090 14.139
-1333.180 12.227
-1333.230 10.707
-1335.090 12.151
-657.090 -1161.850
-1192.670 -615.727
-1194.100 -613.861
-656.999 -1162.860
-657.660 -1162.870
-1194.180 -615.776
-1194.240 -617.290
-1196.110 -615.848
-1340.980 128.144
-1341.080 129.138
-1341.660 128.144
605.901 -1173.860
605.321 -1174.850
606.014 -1174.860
1262.320 -371.839
1262.880 -370.856
1262.990 -371.842
-1321.110 -302.861
-1320.990 -303.862
-1321.670 -303.857
-900.068 -1012.860
-899.989 -1013.850
-900.658 -1013.850
774.887 -1082.860
774.334 -1083.870
774.996 -1083.870
956.893 -924.868
956.326 -925.880
957.016 -925.883
1319.900 126.154
1321.760 124.722
1321.810 126.239
1321.890 128.141
1323.320 126.297
1177.330 -639.895
1177.900 -638.871
1178.010 -639.882
-954.987 989.154
-955.669 989.155
-955.089 990.143
955.897 -954.848
957.888 -952.861
957.811 -954.773
957.758 -956.283
959.326 -954.721
1143.340 721.124
1144.010 721.131
1143.900 722.126
1214.900 605.161
1216.780 603.708
1216.820 605.226
1332.340 -265.861
1332.910 -264.859
1333.000 -265.865
1216.900 607.140
1218.340 605.269
1256.350 -541.862
1256.900 -540.864
1358.330 -151.850
1257.010 -541.858
1358.910 -150.857
1359.020 -151.852
1246.340 572.144
1247.010 572.142
1246.900 573.145
1105.900 -824.859
1105.340 -825.885
1106.000 -825.882
1377.900 18.137
1379.770 16.705
1379.820 18.219
1379.890 20.138
1381.330 18.275
-1339.340 -478.910
-1339.190 -480.218
-1313.100 -548.875
-1313.000 -549.884
-1313.680 -549.886
-1341.360 -481.087
-1342.240 -482.709
-1343.640 -482.150
-1343.690 -483.006
-801.103 -1175.860
-800.999 -1176.840
-801.653 -1176.840
1028.900 -949.864
1306.330 -491.838
1030.910 -947.861
1306.900 -490.851
1307.010 -491.843
1030.830 -949.776
1030.770 -951.290
1032.330 -949.716
-1259.120 -702.862
-1326.000 565.137
-1259.000 -703.870
-1326.110 566.137
-1326.670 565.138
-1259.670 -703.865
956.882 -1042.860
956.329 -1043.860
956.988 -1043.860
-1448.000 -138.856
-1448.110 -137.866
-1448.670 -138.852
1392.340 257.122
1393.010 257.133
1392.920 258.142
1357.890 -409.859
1359.900 -407.862
1359.820 -409.782
1359.770 -411.288
1361.330 -409.729
901.921 -1110.870
901.343 -1111.880
902.018 -1111.880
958.912 -1073.860
956.905 -1075.850
958.826 -1075.760
960.325 -1075.700
958.766 -1077.290
1408.340 -280.860
1408.900 -279.849
1409.010 -280.856
1314.330 581.147
1315.000 581.145
1314.910 582.140
1169.910 -842.858
1169.340 -843.849
1423.320 -202.868
1423.890 -201.860
1170.010 -843.851
1424.010 -202.867
1036.330 1003.120
1037.000 1003.120
1036.880 1004.130
-871.093 -1202.860
-870.979 -1203.860
-871.667 -1203.860
-1222.060 -855.854
993.899 -1072.860
-1221.980 -856.861
993.333 -1073.870
-1222.640 -856.873
994.015 -1073.860
-1369.010 606.145
-1369.110 607.141
-1369.670 606.141
-1425.980 465.151
-1426.090 466.132
-1426.650 465.162
1427.330 -352.847
1427.910 -351.857
1428.020 -352.850
1191.890 -879.867
1191.330 -880.848
1192.000 -880.853
-1329.080 -754.861
-1328.980 -755.844
-1329.670 -755.847
-1287.680 -832.695
-1289.120 -830.859
-1289.190 -832.752
-1289.250 -834.279
-1291.110 -832.836
-923.990 1219.140
-924.666 1219.140
-924.097 1220.130
-1531.240 220.764
-1531.090 223.564
-1530.930 226.075
-1230.110 -937.856
-1230.000 -938.853
-1534.360 220.697
-1533.440 227.189
-1230.670 -938.849
-1534.400 225.081
-1536.580 222.015
-1304.100 -839.867
-1536.560 225.234
-1304.010 -840.864
-1304.670 -840.885
-1260.100 -911.857
-1260.000 -912.843
-1260.670 -912.850
1489.350 -327.857
1489.890 -326.862
-1513.070 -398.845
1490.010 -327.862
-1512.970 -399.852
-982.085 -1210.860
-1513.650 -399.849
-981.984 -1211.850
-982.648 -1211.840
1380.330 663.153
1381.020 663.150
1380.900 664.145
-1377.100 -753.850
1467.900 438.150
-1376.990 -754.854
-1377.660 -754.854
1469.760 436.709
1469.820 438.226
1469.900 440.140
-1108.120 -1111.880
-1107.990 -1112.870
1471.330 438.278
-1108.680 -1112.850
1486.340 -398.869
1486.880 -397.871
1487.000 -398.875
1232.900 -928.848
1232.330 -929.854
1335.900 -770.860
1335.350 -771.862
1233.000 -929.854
1336.000 -771.857
1171.320 1022.140
1549.340 71.130
1172.010 1022.140
1549.910 72.128
1550.010 71.130
1171.900 1023.140
-1425.990 703.126
-1426.080 704.137
-1426.660 703.120
-1393.100 -776.854
-1393.010 -777.857
-1393.660 -777.864
-1265.080 -976.868
-1264.980 -977.856
-1265.660 -977.852
1309.310 -863.267
1310.460 -863.314
1309.920 -864.427
1314.470 -858.575
1315.920 -856.869
1316.020 -857.872
1413.340 -685.864
1413.890 -684.859
1414.010 -685.867
1569.320 72.186
1569.890 73.158
1569.990 72.186
1511.330 433.143
1512.010 433.143
1511.920 434.135
-1602.000 231.129
-1602.090 232.136
-1602.670 231.125
-1547.660 474.290
1517.330 444.096
-1549.240 472.698
-1549.170 474.223
1518.020 444.113
1517.940 445.126
-1549.080 476.143
-1551.090 474.123
1480.340 567.144
1481.020 567.144
1480.890 568.134
-1340.070 -926.857
-1339.960 -927.848
-1340.650 -927.845
1514.350 498.143
1515.010 498.137
1514.900 499.148
-1119.000 1184.140
-1119.670 1184.150
1586.340 -190.873
-1119.140 1185.140
1586.900 -189.866
1588.480 -192.109
1589.360 -191.129
1590.870 -192.693
1571.310 317.119
1571.990 317.127
1571.890 318.141
1598.330 -146.877
1598.900 -145.857
1599.010 -146.876
1479.320 655.122
1480.010 655.128
1479.900 656.129
1454.350 721.149
1613.320 -175.844
1455.020 721.140
1454.890 722.140
1613.880 -174.850
1614.000 -175.848
1448.910 740.121
1450.750 738.710
1450.810 740.220
1450.900 742.138
1452.340 740.289
-1327.000 1010.120
-1327.680 1010.130
-1327.120 1011.130
1615.320 348.128
1616.000 348.133
1615.880 349.127
1613.460 -438.766
1613.430 -442.003
1615.600 -438.937
1616.560 -436.819
1615.630 -443.298
1619.080 -437.938
1618.920 -440.434
1151.700 -1229.460
1618.760 -443.229
1152.750 -1229.400
1154.910 -1227.850
1151.900 -1231.380
1154.400 -1229.360
1152.400 -1231.370
1491.890 773.131
1153.400 -1231.360
1493.750 771.705
1156.390 -1229.360
1154.410 -1231.360
1493.810 773.221
1155.390 -1231.360
1157.580 -1229.420
1156.410 -1231.360
1493.910 775.148
1495.320 773.281
1157.390 -1231.380
1583.350 -574.859
1583.900 -573.857
1583.990 -574.860
1494.340 807.123
1495.010 807.127
1494.900 808.131
-1475.080 -915.856
-1474.980 -916.858
-1475.660 -916.862
1598.900 590.142
1600.760 588.711
1600.820 590.225
1600.910 592.133
1602.330 590.281
-1550.990 802.125
-1551.080 803.128
-1551.680 802.128
1287.900 -1137.860
1287.340 -1138.850
1288.000 -1138.860
1474.320 891.132
1474.990 891.133
1474.890 892.138
-1381.090 -1093.860
-1380.970 -1094.870
-1381.670 -1094.880
1506.360 -850.874
1506.930 -849.875
1228.360 -1224.000
1230.560 -1221.820
1507.040 -850.871
1230.450 -1225.310
1232.870 -1222.900
1232.920 -1225.260
1230.460 -1228.530
1443.340 1002.130
1444.020 1002.130
1443.910 1003.130
1627.360 -694.997
1629.560 -692.820
1629.450 -696.306
1629.520 -698.387
1631.860 -693.904
1631.920 -696.258
-1369.000 1199.140
-1369.680 1199.150
-1369.110 1200.140
1520.900 -961.879
1520.330 -962.894
1521.020 -962.886
-1459.010 1107.120
-1459.680 1107.120
-1459.130 1108.140
1415.910 -1197.850
1415.340 -1198.840
1416.010 -1198.840
1464.900 -1189.860
1464.330 -1190.860
1465.000 -1190.870
1479.880 -1172.870
1479.330 -1173.870
1480.000 -1173.870
1561.890 -1060.870
1561.320 -1061.880
1562.000 -1061.870
1471.610 -1187.300
1472.910 -1185.850
1473.000 -1186.850
1572.330 1048.140
1573.010 1048.140
1572.880 1049.140
-1555.990 1135.150
-1556.660 1135.150
-1556.100 1136.140
-1535.000 1182.120
-1535.670 1182.110
-1535.100 1183.140
1496.510 -1231.050
1497.390 -1231.370
1498.410 -1231.360
1499.440 -1230.250
1499.410 -1231.350
1500.380 -1231.360
1501.420 -1231.350
1502.180 -1230.440
1502.400 -1231.360
1503.390 -1231.360
1618.900 -1072.870
1618.340 -1073.880
1619.010 -1073.880
1556.930 -1206.880
1556.340 -1207.870
1557.020 -1207.860
