-69.998 98.132
-70.669 98.134
-70.110 99.133
-101.995 171.160
-102.655 171.164
-102.109 172.144
-209.008 174.164
-209.128 175.150
-209.673 174.169
97.346 159.132
98.007 159.136
97.907 160.139
-84.084 -93.860
-83.990 -94.865
-84.648 -94.863
-292.088 -22.859
-292.002 -23.869
-292.664 -23.869
25.565 -173.821
23.361 -176.009
27.868 -174.906
25.458 -177.307
27.934 -177.269
25.530 -179.391
-393.978 91.128
-394.075 92.141
-394.653 91.122
-92.112 -227.868
-91.998 -228.871
-92.685 -228.876
187.879 -122.869
187.325 -123.853
188.011 -123.862
273.352 124.146
273.931 125.142
274.028 124.141
205.890 -120.852
205.330 -121.860
206.009 -121.863
49.314 442.141
49.988 442.145
49.873 443.147
30.328 476.130
30.996 476.135
30.903 477.145
222.330 363.144
223.013 363.144
222.910 364.144
70.911 -273.855
70.334 -274.870
71.021 -274.866
-220.094 -274.858
-219.980 -275.879
-220.657 -275.876
-141.076 -301.851
-140.994 -302.882
-141.672 -302.887
-229.998 476.136
-230.669 476.137
-230.095 477.145
-446.044 -69.861
-445.975 -70.874
-446.652 -70.889
-241.107 -282.860
-240.992 -283.878
-241.665 -283.879
1.882 -320.868
1.323 -321.852
1.996 -321.860
136.901 -309.854
136.344 -310.849
136.994 -310.855
-355.109 -274.849
-354.996 -275.859
-355.669 -275.854
-530.969 216.137
-531.073 217.141
-531.645 216.142
400.337 -11.851
400.902 -10.854
401.019 -11.859
71.329 562.138
-524.121 -72.853
71.987 562.142
-524.011 -73.865
-524.680 -73.871
71.868 563.137
339.322 370.136
339.998 370.129
339.889 371.138
-564.101 -13.861
-563.981 -14.854
-564.676 -14.850
-349.097 -339.850
-348.989 -340.880
-349.658 -340.886
-459.089 -254.856
-458.996 -255.866
-459.658 -255.879
-340.112 -371.857
134.884 -403.852
134.328 -404.838
-340.008 -372.858
135.002 -404.839
-340.670 -372.870
-12.084 -443.872
-12.666 -444.870
-11.987 -444.864
-403.003 543.167
-403.678 543.169
-403.095 544.145
-245.055 -435.854
-244.968 -436.873
-245.628 -436.877
-520.990 446.139
-521.670 446.138
-521.088 447.137
-214.129 -465.862
-641.991 209.124
-642.109 210.119
-214.019 -466.872
-214.673 -466.867
-642.673 209.129
520.327 85.128
520.903 86.120
521.000 85.137
-468.007 536.139
-468.685 536.148
-468.127 537.139
513.906 201.128
515.759 199.703
507.330 -44.868
515.826 201.214
507.917 -43.863
515.923 203.136
508.006 -44.868
517.340 201.273
432.343 420.165
433.009 420.154
-492.990 520.145
432.884 421.152
-493.681 520.144
-493.117 521.152
512.339 240.158
513.009 240.152
512.901 241.144
162.886 -455.846
162.336 -456.848
163.006 -456.849
328.885 -368.861
328.339 -369.892
328.999 -369.888
-161.125 -511.855
-161.006 -512.848
-161.667 -512.846
525.317 -126.870
525.862 -125.859
525.988 -126.870
-308.083 -515.846
-307.984 -516.853
-308.659 -516.858
586.327 186.122
386.931 -381.873
586.987 186.121
586.873 187.150
386.326 -382.867
387.014 -382.864
604.339 75.146
604.909 76.142
605.029 75.135
341.928 -450.865
341.349 -451.879
342.023 -451.876
535.369 438.999
537.535 435.615
537.463 437.697
537.565 441.184
539.927 437.739
539.866 440.106
-592.092 -385.875
399.917 -436.876
399.337 -437.875
-591.980 -386.879
636.341 192.138
400.022 -437.874
-592.660 -386.878
637.013 192.143
636.914 193.137
523.895 -301.848
523.336 -302.833
524.001 -302.832
-570.975 614.159
-571.655 614.163
-571.079 615.155
-391.088 -549.853
-390.981 -550.848
-391.651 -550.845
652.327 177.123
652.998 177.131
652.900 178.138
64.340 813.169
65.000 813.163
-86.111 -629.858
64.899 814.151
-86.005 -630.851
-86.666 -630.848
-125.248 840.703
-123.672 842.265
-562.976 658.137
-125.187 842.211
-127.097 842.132
-563.658 658.130
-332.969 797.142
-563.101 659.128
-333.648 797.148
-333.076 798.160
-125.096 844.141
-104.993 846.145
-105.653 846.149
-105.090 847.152
381.315 698.141
147.319 817.125
382.011 698.139
148.024 817.131
381.885 699.141
147.910 818.125
143.764 828.703
141.895 830.124
143.811 830.211
-332.991 814.156
-333.658 814.160
145.328 830.271
-333.070 815.149
-429.993 772.131
-430.662 772.128
143.881 832.139
-430.083 773.142
674.321 -90.852
674.892 -89.849
675.004 -90.848
647.332 -199.866
647.902 -198.868
648.015 -199.869
-710.094 -343.860
-709.994 -344.855
-710.651 -344.863
-351.014 825.157
-351.672 825.158
-351.110 826.150
-698.114 -367.864
-697.988 -368.885
-698.679 -368.891
131.345 861.153
132.008 861.153
131.901 862.147
-867.990 58.143
-868.104 59.134
-868.654 58.145
-749.060 -331.864
-748.961 -332.869
-749.645 -332.871
-250.135 -691.854
-250.008 -692.859
-250.674 -692.855
276.882 -639.853
276.330 -640.881
284.914 -638.861
283.170 -640.083
285.026 -639.853
752.340 243.144
565.902 -443.865
753.016 243.151
565.328 -444.873
752.931 244.122
566.003 -444.877
463.912 -547.861
463.339 -548.851
464.019 -548.840
689.340 460.163
690.022 460.155
689.907 461.141
696.907 449.147
-861.994 389.145
-862.105 390.145
-862.666 389.152
698.757 447.712
698.821 449.234
698.915 451.140
700.334 449.293
-755.996 600.149
-756.663 600.155
-756.096 601.155
-905.079 -73.867
-904.978 -74.897
-905.662 -74.902
679.338 -314.866
679.918 -313.862
680.009 -314.865
669.886 -347.851
669.321 -348.866
669.987 -348.854
127.897 -745.861
-280.097 -743.869
125.903 -747.856
127.814 -747.776
-279.998 -744.875
-280.678 -744.880
129.333 -747.721
127.757 -749.288
-747.979 646.127
-748.655 646.129
-748.092 647.128
554.333 720.138
555.016 720.132
554.884 721.130
-947.999 215.151
-948.102 216.136
-948.658 215.143
-764.995 649.136
-93.979 985.139
-94.654 985.134
-765.680 649.129
-765.103 650.135
-94.070 986.137
-870.998 490.158
-871.126 491.159
-871.665 490.168
748.325 -259.854
-498.098 -685.860
748.904 -258.865
749.025 -259.858
-498.001 -686.863
-735.080 -499.858
-498.678 -686.870
-734.999 -500.852
-735.660 -500.849
-973.991 46.151
-974.089 47.143
-974.658 46.157
-404.975 961.137
-972.103 -109.863
-971.988 -110.857
-405.667 961.130
-972.668 -110.858
-405.101 962.134
228.332 979.151
229.000 979.156
228.885 980.148
-493.981 930.117
-494.666 930.116
-494.093 931.122
327.891 -763.857
327.326 -764.873
327.990 -764.868
291.335 978.123
292.032 978.128
291.922 979.131
-533.990 937.131
-534.671 937.127
-534.085 938.141
817.334 -268.846
817.882 -267.862
818.003 -268.846
898.342 -23.850
898.929 -22.866
899.031 -23.846
-66.079 -878.858
-65.966 -879.858
-66.655 -879.863
-1047.000 47.142
-1047.110 48.145
-1047.670 47.141
-74.109 -885.856
-73.987 -886.855
-74.664 -886.858
650.893 -575.861
650.336 -576.864
651.007 -576.869
144.926 -865.864
144.343 -866.869
145.017 -866.868
240.901 -841.862
240.327 -842.870
241.017 -842.873
847.343 483.114
848.005 483.117
847.902 484.125
917.326 -39.877
917.899 -38.868
918.004 -39.881
-950.979 578.136
-951.089 579.144
-951.655 578.132
-493.971 1009.130
-494.659 1009.130
893.901 -187.852
-494.076 1010.140
-463.093 -827.865
-942.001 601.114
-710.074 -678.869
895.890 -185.870
-462.981 -828.866
-463.661 -828.860
895.808 -187.784
-942.664 601.111
-942.104 602.136
-709.973 -679.859
895.753 -189.295
-710.654 -679.860
897.334 -187.739
281.333 1044.150
282.003 1044.160
281.893 1045.150
-217.015 1098.150
-217.675 1098.150
-217.120 1099.150
-899.001 689.142
-899.671 689.139
-899.112 690.139
931.325 -89.830
931.912 -88.843
932.020 -89.825
833.338 -378.857
833.900 -377.866
834.002 -378.863
-1069.000 349.117
-1069.100 350.137
-1069.670 349.122
-727.098 -696.864
-726.994 -697.867
-727.657 -697.871
-968.993 629.137
-969.661 629.134
-969.110 630.141
-268.113 -927.863
-267.995 -928.840
-268.677 -928.848
234.885 -905.869
234.321 -906.876
235.000 -906.878
-366.061 -915.860
-364.674 -917.713
-366.171 -917.785
-368.096 -917.890
-366.246 -919.286
965.335 324.143
966.016 324.148
965.910 325.141
853.319 632.156
854.013 632.160
853.912 633.140
-886.979 788.138
-887.657 788.135
-887.082 789.133
967.886 -190.876
969.895 -188.851
969.810 -190.780
969.752 -192.288
971.316 -190.715
-815.260 885.715
-813.669 887.295
372.921 -891.870
372.333 -892.879
-815.198 887.227
373.016 -892.873
995.340 307.141
996.022 307.144
995.911 308.134
-817.097 887.129
-815.105 889.141
529.333 1008.120
530.011 1008.130
529.910 1009.120
-94.087 -998.838
-93.991 -999.818
-94.669 -999.822
581.356 992.128
582.030 992.128
499.903 -850.857
581.940 993.133
499.337 -851.864
499.999 -851.862
990.333 421.140
991.004 421.147
990.902 422.145
958.338 -325.852
958.909 -324.864
959.016 -325.850
337.324 1137.140
338.020 1137.150
337.903 1138.130
844.328 747.127
844.998 747.130
844.896 748.132
-1170.090 -134.859
-1169.990 -135.852
-1170.670 -135.840
-399.085 -991.842
-398.984 -992.837
653.886 978.156
655.768 976.703
-399.655 -992.839
655.812 978.221
657.322 978.265
655.878 980.144
-1148.000 487.163
-1148.100 488.152
-1148.670 487.163
-362.489 1208.620
229.327 1207.130
229.994 1207.140
262.337 1198.120
263.014 1198.120
229.898 1208.140
-360.066 1210.750
262.926 1199.120
-362.551 1210.700
575.929 -854.862
575.344 -855.867
-360.136 1213.110
576.011 -855.862
-364.620 1211.990
-362.435 1214.190
489.905 -910.862
489.333 -911.877
490.005 -911.874
-1124.980 589.152
-1125.070 590.150
-1125.660 589.151
-1166.070 -296.863
-1165.970 -297.869
-1166.670 -297.869
-1023.990 773.130
1095.320 6.157
-1024.670 773.127
-1024.110 774.124
1095.890 7.145
1096.000 6.145
-334.099 -1041.860
-333.981 -1042.850
-334.664 -1042.850
-955.997 888.149
-956.665 888.150
-956.099 889.151
714.903 -793.859
714.330 -794.870
715.009 -794.867
-1079.100 -537.859
-1078.990 -538.861
-1079.670 -538.862
1125.330 34.134
1125.900 35.127
1126.010 34.127
-295.112 -1078.860
-294.998 -1079.880
-295.673 -1079.870
-641.117 -957.857
-641.000 -958.852
-641.674 -958.849
612.915 -895.867
612.329 -896.869
613.021 -896.860
944.893 -557.861
946.895 -555.862
946.809 -557.779
946.751 -559.285
948.337 -557.723
1001.330 -505.872
1001.900 -504.870
274.874 -1082.860
1002.010 -505.874
274.331 -1083.870
275.001 -1083.880
-883.107 -826.866
-882.990 -827.865
-883.658 -827.858
821.332 958.136
821.998 958.132
821.889 959.140
472.916 -1017.860
472.342 -1018.880
473.016 -1018.870
680.912 -891.859
678.905 -893.858
680.813 -893.768
682.336 -893.708
680.746 -895.283
232.904 -1121.870
-1171.680 704.257
232.334 -1122.850
233.011 -1122.850
-1173.250 702.721
1000.900 -562.856
1000.330 -563.849
-1251.120 -336.855
-1173.200 704.213
-1251.010 -337.868
1043.330 686.115
1001.010 -563.852
-1251.690 -337.861
-1173.130 706.135
1044.000 686.109
1043.880 687.126
-1175.100 704.149
-432.101 -1114.860
-653.092 -1025.860
-432.005 -1115.860
-432.684 -1115.870
-652.986 -1026.840
-653.667 -1026.840
547.890 -1017.860
547.329 -1018.880
547.999 -1018.870
650.336 1164.140
651.015 1164.140
650.898 1165.120
465.897 -1073.860
465.342 -1074.840
466.006 -1074.850
-232.080 -1187.860
1048.320 755.114
-231.990 -1188.860
-232.661 -1188.860
1049.010 755.121
1048.910 756.130
1227.900 178.142
1229.760 176.712
1229.820 178.224
1229.910 180.136
1231.340 178.279
-1076.100 -731.850
-1075.990 -732.841
-1076.670 -732.842
-1292.990 558.148
-606.106 -1093.860
-1293.090 559.154
948.891 -720.876
-1293.670 558.145
948.326 -721.896
-605.990 -1094.850
949.008 -721.898
-606.666 -1094.850
-858.256 1147.720
-856.674 1149.290
-388.101 -1175.860
-858.188 1149.230
-387.990 -1176.870
-388.663 -1176.860
-860.109 1149.140
-858.090 1151.140
1239.340 254.129
1240.020 254.136
1239.910 255.131
-312.099 -1200.860
-972.095 -867.867
-311.993 -1201.860
-971.985 -868.858
-312.671 -1201.850
-972.662 -868.865
1134.900 -451.862
1136.920 -449.856
1136.830 -451.772
1136.770 -453.281
1138.330 -451.711
1237.340 343.128
-1308.100 -388.861
-1307.990 -389.862
1238.010 343.127
1237.900 344.139
-1308.670 -389.858
-1158.120 -672.860
-1402.000 24.145
-1158.000 -673.870
-1402.120 25.134
-1158.680 -673.865
-1402.690 24.138
-1276.980 674.142
-1277.090 675.140
-1277.670 674.145
-868.107 -990.858
-867.992 -991.859
-868.669 -991.862
822.891 -918.862
1038.900 -677.856
1038.350 -678.868
822.332 -919.849
1039.010 -678.866
822.999 -919.846
-1231.060 -602.848
-1230.970 -603.846
-1231.650 -603.849
-1413.120 -99.858
-1413.000 -100.858
-1413.670 -100.850
-1322.130 -451.866
-1322.000 -452.869
-1322.660 -452.865
1175.330 672.128
1176.010 672.127
1105.340 806.151
1175.890 673.137
1106.010 806.146
1105.890 807.148
-1363.000 592.144
-1363.120 593.146
-1363.680 592.150
-1453.990 292.144
-1454.110 293.129
-1454.670 292.147
1290.350 -232.840
1290.910 -231.856
1291.020 -232.850
-932.087 -1012.860
-931.997 -1013.870
-932.666 -1013.870
1291.330 -289.859
1291.910 -288.857
1292.000 -289.848
-1439.990 487.122
-1440.080 488.120
-1440.670 487.117
-1360.090 -507.858
-1360.000 -508.862
-1375.990 670.144
-1376.100 671.150
-1360.670 -508.863
-1376.660 670.146
-950.433 1227.580
-951.966 1226.550
-951.598 1227.640
-953.192 1226.510
-950.623 1228.670
-950.648 1229.140
-951.592 1228.680
-953.264 1227.610
-952.602 1228.640
-951.734 1229.440
-954.308 1227.560
-952.427 1229.460
-953.607 1228.610
-954.100 1228.610
-953.605 1229.140
-954.100 1229.140
-1505.990 144.148
-1506.110 145.140
-1506.670 144.147
1233.320 -524.852
1233.910 -523.862
1234.010 -524.845
-1515.980 97.120
-1516.080 98.129
-1516.650 97.122
-1362.980 749.135
-1363.100 750.134
-1363.670 749.135
988.926 -889.856
988.339 -890.848
989.025 -890.856
1290.330 -401.846
1290.910 -400.855
1291.010 -401.849
-1080.070 -943.872
-1506.130 -111.870
-1506.000 -112.861
-1079.980 -944.862
-1506.680 -112.861
1085.350 978.154
-1080.670 -944.869
-1065.110 -959.860
1086.000 978.148
-1064.990 -960.863
1085.900 979.141
-1065.670 -960.865
-1117.110 -911.866
1360.330 -167.881
1360.890 -166.861
-1117.000 -912.867
1360.990 -167.876
-1117.670 -912.863
823.870 -1052.860
-887.127 -1108.860
823.310 -1053.860
823.996 -1053.860
-886.989 -1109.860
-887.687 -1109.870
-1058.090 -983.867
-1058.000 -984.877
-1058.670 -984.880
1396.330 200.141
-1115.020 1132.150
1396.920 201.139
1397.020 200.142
-1115.670 1132.150
-1115.110 1133.140
-1145.990 1101.150
-1146.670 1101.150
-1146.120 1102.140
1347.330 506.138
1348.010 506.145
1347.920 507.138
-1542.100 -66.863
-1541.990 -67.853
-1542.660 -67.840
1356.910 510.122
-1514.090 -253.851
-1513.990 -254.869
1358.760 508.705
1358.820 510.216
-1514.660 -254.871
1358.900 512.134
1360.320 510.281
1070.340 1064.140
-1562.000 185.141
-1562.090 186.134
1071.010 1064.140
-1562.670 185.141
1070.890 1065.140
-1240.080 -843.865
-1239.980 -844.866
-1240.650 -844.858
-1566.090 -82.863
-1565.990 -83.869
-1566.670 -83.865
-1426.670 -593.694
-1428.090 -591.852
-1428.170 -593.755
-1574.120 -150.860
-1574.000 -151.868
-1428.230 -595.292
-1574.670 -151.871
-1430.100 -593.848
1199.890 -755.854
1199.330 -756.849
1200.010 -756.845
-1599.000 -30.862
-1599.120 -29.878
-1458.960 751.139
-1599.670 -30.864
-1459.070 752.141
-1459.660 751.138
1421.320 480.158
1421.990 480.158
1421.900 481.138
-1611.980 -0.854
-1612.090 0.141
-1612.670 -0.857
758.898 -1214.860
758.342 -1215.860
759.016 -1215.870
1488.350 77.126
1488.940 78.134
1489.030 77.137
1254.900 920.119
1256.760 918.698
1256.820 920.209
1256.920 922.132
1258.340 920.270
-1315.110 -847.852
-1315.000 -848.858
-1315.670 -848.863
934.886 -1108.870
934.329 -1109.870
935.009 -1109.870
-1217.100 -979.856
-1217.000 -980.863
-1217.670 -980.863
1452.330 -336.875
1452.900 -335.869
1452.990 -336.877
1433.350 599.130
1434.020 599.136
1433.930 600.142
1467.340 -317.878
1467.910 -316.867
1468.000 -317.877
1188.900 -881.847
1188.320 -882.857
1189.010 -882.855
1277.890 -775.861
1277.330 -776.865
1278.000 -776.866
-1523.110 -600.852
-1523.010 -601.848
-1523.680 -601.847
-1633.960 516.122
-1634.090 517.129
-1634.690 516.123
1439.910 729.155
1441.760 727.718
-1326.010 1149.150
1441.810 729.226
-1326.670 1149.160
-1326.120 1150.150
1441.900 731.134
1443.330 729.274
1588.320 157.138
1209.900 -958.854
1588.910 158.147
1589.010 157.142
1211.930 -956.853
1211.830 -958.756
1211.770 -960.289
1213.330 -958.691
-1223.090 -1103.860
-1222.990 -1104.860
-1223.670 -1104.860
-1638.460 -498.791
-1639.490 -497.669
-1638.980 -499.960
-1640.240 -500.328
-1641.100 -498.350
-1641.420 -499.533
-1641.410 -500.204
-1642.100 -499.860
-1167.100 -1180.840
-1166.990 -1181.830
-1167.670 -1181.830
-1348.070 -1003.860
-1347.980 -1004.860
-1348.660 -1004.870
1284.880 -930.864
1284.330 -931.860
1284.990 -931.858
1319.900 -891.865
1319.330 -892.843
1320.000 -892.847
1342.880 -860.857
1342.340 -861.865
1342.980 -861.861
1034.900 -1208.850
1032.900 -1210.850
1034.830 -1210.780
1036.330 -1210.730
1034.780 -1212.290
-1513.990 1026.130
-1514.670 1026.120
-1514.100 1027.130
-1597.990 933.138
-1598.090 934.129
-1598.650 933.141
1210.890 -1084.870
1212.900 -1082.860
1212.800 -1084.790
1212.730 -1086.280
1214.330 -1084.730
-1224.090 -1220.860
-1223.990 -1221.870
-1224.660 -1221.870
-1466.090 -964.856
-1465.990 -965.849
-1466.680 -965.835
-1546.990 1062.130
-1547.680 1062.130
-1547.090 1063.130
-1373.110 -1113.850
-1373.010 -1114.860
-1373.670 -1114.850
-1624.090 -776.858
-1623.980 -777.864
-1624.660 -777.859
1549.330 888.143
1550.010 888.141
1549.870 889.133
1541.330 938.137
1541.990 938.145
1541.880 939.146
1363.330 1220.130
1364.020 1220.130
1363.910 1221.140
1551.320 936.133
1552.010 936.130
1551.890 937.131
1301.870 -1110.860
1301.320 -1111.850
1301.990 -1111.860
-1563.110 -974.861
-1563.000 -975.857
-1563.680 -975.853
1510.870 -855.870
1510.340 -856.862
1510.990 -856.877
1531.340 1041.140
1532.010 1041.150
1531.900 1042.150
1547.320 1036.150
1547.980 1036.160
1547.880 1037.160
1555.890 -896.861
1555.320 -897.860
1566.340 1076.170
1556.000 -897.856
1566.990 1076.170
1566.890 1077.140
1634.110 -1092.780
1632.910 -1094.870
1633.960 -1094.740
1633.900 -1096.350
1597.900 -1224.850
1597.340 -1225.830
1598.010 -1225.840
