-43.097 -18.850
-90.126 17.126
-102.118 -55.845
-137.111 43.155
37.905 -114.864
213.885 60.146
169.897 -188.843
-165.094 253.135
201.907 -188.847
229.913 101.123
-250.089 -258.868
179.887 -266.860
278.894 -135.865
-386.106 90.143
-283.097 253.147
275.893 -241.873
347.915 -32.875
-404.086 159.146
-239.086 -371.859
-342.100 -305.860
-436.094 153.229
192.910 -377.859
184.655 -391.225
-442.078 -218.850
3.707 427.673
-277.100 -402.866
180.998 -411.218
-389.095 -316.860
-2.127 442.147
201.893 378.146
394.880 -203.858
431.898 -76.849
430.583 -102.695
-103.101 -499.874
-471.105 -259.864
24.890 -518.835
-423.082 -351.888
-538.109 -134.863
368.887 298.143
-544.119 143.140
-566.098 57.136
70.905 -535.865
-403.107 -409.856
482.909 -104.867
165.907 -540.865
228.896 475.144
506.919 120.135
-613.083 -61.861
273.904 -494.849
58.910 -593.842
-644.083 -54.861
136.900 -593.849
-433.111 441.149
-6.100 583.142
505.904 241.140
566.901 36.137
-204.110 -609.861
-507.617 403.512
-462.085 -486.845
-507.142 408.866
-655.083 152.144
306.890 513.119
597.899 31.154
-461.094 470.138
113.905 605.135
-673.093 134.138
-635.110 247.135
-626.110 -305.859
251.910 570.117
-288.097 593.150
353.906 -564.863
563.888 285.141
-537.104 454.151
75.908 663.136
-24.101 -713.857
-148.118 670.131
-652.099 323.138
-631.092 362.132
-150.103 -711.874
137.900 666.112
-512.096 -554.859
-191.096 -718.861
-740.089 181.134
-774.075 -4.853
-605.098 449.151
-299.100 674.126
-504.103 566.133
595.898 375.141
-222.094 712.149
-760.112 -279.881
-583.111 -564.852
-656.105 -481.867
-217.099 -771.851
-784.101 -250.864
509.898 540.121
-707.118 -448.863
-557.088 586.151
-110.100 774.142
-748.093 -390.866
647.903 -423.858
247.898 -765.858
36.172 783.860
33.576 786.235
-511.065 -678.873
762.918 72.159
761.916 -137.856
744.905 189.137
693.910 -370.870
-853.092 150.156
688.893 -407.876
22.881 809.121
-555.102 645.146
599.897 527.134
-698.090 -556.866
-185.095 -855.847
198.899 796.149
792.883 -176.853
271.885 776.130
810.897 -156.849
-861.077 -305.848
-403.109 -816.858
-825.114 385.132
295.901 794.146
193.909 -869.870
-143.102 865.126
-828.080 -460.858
-307.087 -883.870
-425.394 -846.953
-424.039 -849.439
-377.105 -875.859
-239.121 -920.849
-176.105 -932.872
828.913 290.154
-159.103 -938.860
275.900 859.137
730.908 -545.874
-911.097 -385.848
-74.110 923.150
-955.085 256.124
750.894 516.134
-547.113 -834.850
-1004.090 -25.852
-968.103 -280.846
-155.102 -983.859
-734.112 -706.853
-900.102 -484.855
-854.101 528.142
248.728 918.782
-1011.100 -186.888
-129.104 -998.884
-739.068 -716.541
249.883 922.139
-1020.100 -149.858
-542.120 -879.886
649.900 -733.877
-55.085 -1022.850
-346.093 -976.859
-958.115 -435.858
905.909 -351.868
682.894 -717.865
957.901 -143.836
-636.095 -861.876
43.883 -1048.870
706.910 695.125
-1044.100 -335.865
-680.117 -854.866
877.901 488.128
535.900 -896.851
-925.106 557.146
-1101.090 -4.856
-1027.080 -415.865
978.873 271.156
-1102.100 74.123
-1090.100 -254.874
-335.079 -1051.870
750.887 -744.875
-722.104 -856.845
-1110.080 -190.853
-732.096 815.134
-933.087 -640.870
604.886 -894.850
-1034.100 -474.844
517.895 -957.870
-965.836 -612.724
-832.400 744.577
-1133.070 122.139
-1008.100 520.152
616.909 868.145
-964.101 -638.844
-1159.090 -78.853
335.914 1040.160
-1093.090 -438.870
-1139.100 267.140
555.908 944.135
780.908 763.136
-311.096 -1125.860
-114.107 -1155.840
-1155.290 229.175
-1155.290 229.234
15.911 -1156.850
-1064.110 494.156
-962.094 -707.839
-339.098 -1131.850
-630.116 -1015.850
965.899 -587.837
-678.101 -987.861
-1163.090 285.143
625.912 -967.837
-9.102 1150.160
-783.099 888.145
-1149.100 371.142
-784.109 911.133
-456.101 -1135.890
-1066.120 598.143
-1011.120 -720.863
-934.100 780.125
1022.910 -566.858
1042.900 495.143
1118.900 300.132
-687.111 -1037.850
-1192.090 351.148
215.890 -1203.850
-1115.110 -597.864
1111.900 388.139
1171.890 -188.863
-671.096 -1086.880
-1185.100 -515.808
-1185.100 -515.863
-1289.090 76.135
-699.099 -1090.870
633.900 1043.150
-851.088 -985.869
411.902 -1194.850
-1304.090 -241.865
-1334.110 33.148
-1310.110 253.128
-1284.120 -426.848
-1345.080 -137.859
1205.900 -408.854
-1130.100 730.143
-1336.100 267.121
-1376.130 34.159
1266.890 238.150
1288.900 -159.856
-1366.110 203.145
1296.880 -126.860
1258.900 -370.859
-889.106 -1086.860
940.905 -961.854
943.904 924.156
-1013.090 945.129
1019.910 842.123
869.889 1001.130
1259.900 404.137
-1412.820 -72.852
-1412.980 -72.242
1080.920 770.138
587.925 1201.140
-1353.110 -473.862
-1167.100 798.136
-1281.110 623.127
-1438.100 27.174
1319.880 -321.878
-1141.100 -882.859
1349.910 173.159
-913.097 -1128.850
-1416.100 316.122
-1407.110 -401.852
941.915 1005.150
1067.880 -904.850
-1369.090 495.145
-1372.100 -563.857
-1191.100 858.125
-1446.110 331.138
-997.082 -1112.880
-1460.090 301.146
1309.890 514.138
-1488.090 -231.851
-1453.110 400.138
-1241.100 840.144
886.892 1127.130
1017.890 1021.130
889.913 -1187.850
885.890 -1210.850
-1375.090 696.138
-1087.850 1084.510
-1089.360 1085.000
1031.890 -1107.860
-1314.100 855.135
-1474.080 -595.848
967.911 -1186.880
1390.900 -614.857
-1466.110 -650.869
-1592.090 -185.872
1485.900 306.113
975.900 -1206.850
1300.910 785.144
-1222.110 -1062.870
-1427.090 -773.849
1244.900 -951.867
-1598.100 -367.874
1289.880 857.137
-1542.090 527.123
-1206.090 1080.150
-1330.120 -972.853
-1579.540 470.596
-1584.100 477.139
-1586.100 -583.854
-1591.080 552.132
1517.910 -567.852
-1418.110 -961.841
1388.870 851.154
1553.910 527.157
-1429.100 956.143
-1286.110 1138.120
-1515.100 -891.864
1506.910 -748.857
-1570.120 -824.857
1553.900 689.142
1346.890 -1141.870
1542.910 -911.883
1551.900 -938.863
-1610.080 -1007.840
-1606.100 -1088.850
