-12.107 -7.872
38.903 -112.857
129.874 -104.861
176.907 12.134
-149.076 132.134
-222.113 -115.860
-181.098 -177.839
256.898 -100.852
331.905 88.137
164.887 317.151
-50.108 -382.863
57.892 -382.864
-177.094 -356.857
262.895 273.131
147.891 383.135
-363.109 -318.881
245.882 388.148
-355.099 -343.850
-481.093 112.127
-363.067 -359.127
-254.093 427.156
342.900 343.153
-460.118 213.123
318.898 385.135
253.922 432.138
275.900 429.128
154.901 489.143
316.909 408.147
495.901 146.126
-168.078 -519.860
473.887 -248.847
229.905 479.142
-17.099 542.141
527.906 -140.861
-208.093 514.137
161.892 -538.892
319.882 457.157
231.914 -524.883
-526.108 -265.843
406.891 -405.864
-146.106 -575.860
-602.095 30.134
110.900 -586.846
-537.110 314.143
291.896 541.149
316.894 527.128
4.877 -638.867
44.920 622.139
-550.098 -360.844
-428.098 498.133
575.904 -307.872
-675.113 -110.866
639.896 -220.852
-374.099 -590.887
39.898 -692.862
-663.101 259.152
-506.110 -511.862
-597.108 -420.864
-111.080 -718.861
705.898 -90.863
321.874 633.148
-424.105 593.146
725.885 7.131
557.896 465.120
235.888 690.125
-762.091 17.126
-286.100 698.129
-527.093 556.134
582.885 475.151
-0.107 -782.861
-499.098 -614.861
-604.107 -514.869
388.904 -678.850
-415.114 -686.862
-345.097 -726.842
-232.096 760.144
-622.097 -523.873
79.906 791.153
-623.216 -531.913
-511.119 626.138
794.810 -13.781
340.907 726.160
723.920 354.137
-327.970 775.007
-335.340 782.216
-672.100 535.138
-352.108 -808.856
-860.082 213.148
852.893 134.141
248.406 835.144
-97.076 -900.839
223.897 -875.853
810.902 -381.873
-829.092 -407.860
-398.376 -832.434
-30.080 904.144
-394.460 -836.510
669.901 -621.859
399.895 -839.849
751.902 529.134
499.881 781.139
934.900 16.139
244.889 906.150
-713.097 639.147
-951.107 -251.860
-711.101 -698.857
807.917 535.119
-386.103 -927.855
993.888 -54.835
962.915 253.119
-1014.880 -175.949
-1015.580 -173.730
982.918 204.142
-1020.100 -158.848
-666.102 780.119
924.891 -443.867
670.913 770.126
1021.900 -84.847
345.895 979.142
1037.900 -66.870
991.909 -324.877
754.901 -735.853
-877.099 -620.850
1059.890 -39.876
-702.097 816.114
-1002.100 413.134
648.903 843.140
-1100.270 -7.668
-968.104 -544.856
585.890 -930.855
-1115.100 6.128
740.922 -834.844
502.910 997.124
-159.078 1118.120
-590.097 -990.864
489.909 -1049.870
524.894 1023.160
328.901 1115.150
-526.094 1054.130
-410.108 1103.140
-496.108 1071.130
-606.096 1020.150
-288.106 1148.120
-1159.080 319.130
1177.900 141.141
588.904 -1049.870
-1205.090 -221.852
908.898 784.145
461.881 -1135.850
1197.910 192.138
-1087.110 596.136
-1161.100 -459.860
637.889 1044.150
-884.107 873.148
1193.900 -324.843
-922.120 -884.843
672.905 -1070.840
-565.097 1145.150
-1228.090 -405.870
867.878 -939.874
-1104.070 -686.857
1244.860 271.158
1167.900 -527.846
-755.087 -1063.850
-1009.090 851.158
812.890 -1039.870
1051.900 -796.851
-1342.100 24.146
873.906 -1002.870
-863.106 1018.130
-765.102 -1111.850
1324.600 96.617
1065.900 790.151
1326.110 96.495
-954.096 -970.846
-1347.110 225.110
1343.910 -37.851
-1122.110 -790.858
-944.113 -1004.850
-813.096 -1116.860
-1313.100 -431.870
868.904 -1070.870
1278.880 483.149
-1370.110 -295.854
1344.280 314.405
1346.900 320.143
-1016.120 -980.842
1308.890 -470.846
1067.910 -900.853
-1099.120 883.139
-1080.110 -935.880
-1318.100 540.128
-1152.100 848.130
-1315.130 586.152
-1362.110 482.120
943.905 -1080.880
1201.890 767.138
1094.900 918.134
1125.890 -913.866
1312.900 630.135
-1427.130 510.161
1061.910 1055.140
-1509.090 239.145
1010.910 -1128.870
-1378.110 665.154
1438.900 -474.868
-981.094 -1188.870
1291.630 -806.219
-1135.090 -1050.870
1296.720 -806.838
1347.910 703.126
-1184.080 1008.150
-1055.090 -1159.850
-1118.120 -1111.850
1400.900 -680.862
-1495.100 -525.869
1431.900 -629.857
-1035.100 1203.160
1197.910 1020.140
-1438.100 -714.858
-1613.100 136.143
-1177.100 -1115.860
1112.910 -1156.870
-1592.090 323.161
1382.900 -821.860
-1164.100 1138.140
1610.890 -160.846
1431.890 -779.863
1481.910 -763.847
1327.930 1032.130
-1266.110 -1152.850
-1376.090 -1029.840
1541.910 -720.855
1607.890 -560.864
1240.890 1205.150
-1347.090 1128.130
-1460.110 -1009.860
1522.900 881.136
1397.900 -1096.870
-1586.110 -891.868
-1408.110 -1173.870
-1419.090 -1199.850
-1603.100 -1013.870
-1557.100 -1193.840
1585.890 -1191.860
