4.522 77.611
4.450 79.701
6.925 79.736
2.365 81.001
6.865 82.102
4.561 83.179
-97.001 112.132
-97.129 113.147
-97.659 112.141
45.313 203.131
45.990 203.134
45.876 204.135
139.330 107.135
139.999 107.133
139.884 108.139
-84.997 194.145
-85.664 194.143
-85.113 195.144
-64.085 -74.867
-63.975 -75.874
-64.664 -75.871
-168.003 87.129
-168.120 88.145
-168.676 87.131
-74.090 -88.854
-73.991 -89.844
-74.658 -89.841
22.346 288.136
23.017 288.133
22.925 289.138
-234.999 151.128
-235.102 152.141
-235.660 151.131
95.330 329.137
95.986 329.135
95.886 330.139
-166.990 286.152
-167.667 286.157
-167.087 287.152
104.342 350.130
105.019 350.135
273.333 -32.884
273.917 -31.869
274.011 -32.867
104.930 351.136
-291.009 164.126
-291.119 165.145
-291.671 164.120
206.884 -197.865
206.325 -198.865
207.008 -198.860
-337.099 -14.843
-336.992 -15.843
-337.651 -15.843
332.326 216.133
333.019 216.134
332.913 217.128
351.340 -57.860
351.912 -56.864
352.024 -57.863
-6.994 454.153
-7.684 454.157
-48.992 451.138
-49.660 451.132
-7.111 455.126
-49.081 452.146
-117.991 442.142
-118.660 442.141
-118.100 443.141
62.897 -304.849
62.329 -305.859
62.993 -305.854
186.331 430.142
187.017 430.143
186.911 431.141
-122.112 -306.858
-121.992 -307.843
-122.670 -307.838
-385.084 -48.876
-385.004 -49.877
-385.656 -49.882
-405.085 30.144
-404.988 29.148
134.343 469.150
135.024 469.151
-405.656 29.149
134.923 470.152
103.322 483.160
103.995 483.156
103.875 484.129
425.339 20.150
425.914 21.135
426.024 20.142
-433.110 -21.860
-433.013 -22.860
-433.664 -22.863
-253.990 464.143
-254.661 464.138
-254.106 465.136
-23.993 554.150
-24.671 554.152
-24.108 555.145
401.335 362.114
402.007 362.125
401.914 363.130
-217.097 -362.853
-216.989 -363.840
-217.660 -363.831
271.317 495.129
271.992 495.142
-290.126 -321.858
271.888 496.150
-290.008 -322.860
-290.683 -322.861
488.347 214.125
489.006 214.135
488.913 215.142
-417.117 -202.882
-416.994 -203.877
-417.663 -203.875
-501.053 200.988
-501.094 202.136
-502.338 200.369
-504.054 196.379
-505.085 194.582
-505.695 195.277
-131.086 -460.844
-130.974 -461.846
-131.661 -461.846
6.325 639.137
7.002 639.136
6.878 640.134
-556.086 5.130
-555.992 4.125
452.316 423.153
-556.668 4.113
452.992 423.147
452.882 424.146
-478.684 381.296
-480.231 379.708
-480.180 381.236
-480.105 383.154
-482.099 381.146
274.896 -428.858
274.331 -429.850
275.015 -429.861
-190.979 626.134
-191.680 626.131
-191.081 627.119
-547.091 -138.866
-546.987 -139.860
-547.673 -139.861
-423.094 -361.843
-42.094 -533.853
-422.998 -362.849
-423.668 -362.849
-40.660 -535.715
-42.185 -535.778
-44.103 -535.871
-42.247 -537.294
524.318 413.152
525.005 413.147
524.883 414.143
451.890 -353.862
451.333 -354.847
452.012 -354.843
-193.112 -514.872
-192.992 -515.874
-193.654 -515.873
201.878 -519.854
201.323 -520.864
201.992 -520.857
-11.090 -558.855
-10.988 -559.848
-11.656 -559.844
-208.979 682.136
-209.674 682.138
-209.086 683.129
-362.082 -454.857
-361.984 -455.857
-362.648 -455.853
-622.007 245.139
-622.115 246.144
-622.686 245.132
-546.115 -278.861
-545.998 -279.846
263.327 681.138
-527.124 -307.859
490.929 -363.856
263.994 681.129
-546.679 -279.842
490.339 -364.868
-526.991 -308.852
491.025 -364.862
-527.669 -308.848
263.884 682.138
-100.112 -576.871
-100.001 -577.865
-100.683 -577.864
-621.996 360.147
-622.097 361.142
-622.674 360.141
-577.997 447.116
-578.680 447.113
-578.117 448.133
677.340 234.129
678.029 234.126
677.922 235.142
-449.009 612.137
-449.662 612.137
-449.066 613.461
-447.997 622.148
-129.092 -617.848
-448.663 622.159
-448.116 623.152
669.334 -168.869
-128.986 -618.839
669.923 -167.853
-129.660 -618.841
670.015 -168.861
-150.119 -618.861
-149.994 -619.845
-150.678 -619.842
-533.106 -395.856
-532.987 -396.836
-533.683 -396.828
176.893 -622.845
176.337 -623.829
177.004 -623.836
-697.094 -113.867
-696.979 -114.851
-697.673 -114.854
-22.986 807.136
-23.671 807.132
-23.105 808.142
527.891 -451.849
527.317 -452.849
527.994 -452.847
-664.997 407.144
-665.103 408.137
-665.666 407.151
347.327 749.118
348.004 749.127
347.908 750.130
374.342 743.125
374.998 743.129
374.883 744.147
-743.991 296.124
-744.081 297.142
-744.654 296.122
747.316 322.133
748.004 322.149
747.915 323.133
-585.106 -439.850
-584.994 -440.855
-585.656 -440.864
118.561 -709.832
120.862 -710.899
408.338 765.137
116.367 -712.007
409.026 765.142
408.930 766.137
118.458 -713.298
120.929 -713.250
-352.000 793.142
-352.669 793.147
-352.105 794.138
118.526 -715.388
-796.982 177.129
-797.083 178.130
-797.660 177.125
-149.997 874.126
-150.666 874.119
-150.114 875.133
-675.088 -377.862
-674.985 -378.848
-675.652 -378.847
-516.983 710.143
-517.650 710.144
-517.069 711.146
-280.251 857.713
-278.665 859.296
-280.188 859.231
273.334 865.142
274.001 865.143
-282.102 859.135
-168.054 -736.840
273.911 866.151
-167.969 -737.847
-280.097 861.138
-168.666 -737.848
846.337 71.130
846.889 72.140
846.988 71.130
838.333 -83.856
838.902 -82.856
839.013 -83.860
-832.985 223.140
-833.089 224.133
-833.666 223.146
-847.999 123.147
-848.117 124.139
-848.674 123.149
-577.104 -549.863
-575.672 -551.717
-577.193 -551.778
-577.253 -553.291
-579.106 -551.869
-460.078 -662.869
-459.972 -663.872
-460.650 -663.871
878.346 -30.857
878.905 -29.867
879.007 -30.863
883.340 -0.845
883.919 0.151
884.015 -0.846
-484.081 -665.861
-483.983 -666.854
-484.658 -666.855
123.329 962.144
123.997 962.143
123.903 963.141
-529.065 -641.840
-528.976 -642.857
-529.650 -642.862
-895.091 -16.849
-895.003 -17.837
-895.673 -17.837
-900.971 123.140
-901.069 124.140
-901.645 123.140
-313.001 933.147
-313.669 933.150
-313.112 934.147
19.895 -837.860
33.901 -838.857
122.332 987.148
122.989 987.147
21.334 -839.723
19.804 -839.784
17.906 -839.870
33.332 -839.856
33.999 -839.857
122.876 988.158
19.743 -841.292
-817.002 492.141
-817.098 493.140
-817.668 492.139
-717.093 -503.851
-390.980 916.147
-717.004 -504.865
-391.659 916.142
-627.122 -601.854
-717.661 -504.869
-391.069 917.127
-625.667 -603.710
-627.193 -603.759
-627.241 -605.279
-629.104 -603.834
-897.988 305.147
-898.122 306.131
-898.669 305.153
787.342 595.131
788.023 595.130
787.924 596.142
-941.670 72.296
-443.992 911.137
-444.663 911.137
-444.102 912.145
-818.003 548.146
-943.093 74.144
-943.177 72.233
-943.234 70.710
-818.102 549.128
-818.685 548.140
419.877 -774.858
419.325 -775.858
419.990 -775.860
-945.098 72.138
711.324 712.148
712.009 712.141
711.893 713.132
-946.019 250.139
-946.120 251.152
-946.669 250.137
-874.660 -341.707
-876.096 -339.863
-876.177 -341.768
-876.232 -343.287
-933.982 347.142
-934.077 348.148
-934.649 347.138
-878.104 -341.858
723.905 -618.865
723.329 -619.862
724.018 -619.873
-874.072 -415.856
-873.980 -416.852
1009.320 -5.846
-874.658 -416.862
1009.890 -4.864
1010.000 -5.859
669.885 -683.854
669.329 -684.841
670.003 -684.841
729.323 787.126
730.006 787.126
729.870 788.120
-127.996 1092.140
-128.662 1092.140
682.890 -688.866
680.898 -690.851
-128.111 1093.140
-914.129 -376.847
682.814 -690.773
-914.014 -377.842
-914.674 -377.838
684.322 -690.720
682.763 -692.288
-564.012 935.153
-564.686 935.152
-564.146 936.146
-379.975 1036.140
-380.653 1036.150
-380.085 1037.150
851.326 684.147
1039.340 -41.852
1039.910 -40.848
852.006 684.143
1040.000 -41.856
851.915 685.147
318.914 -917.864
318.346 -918.846
875.902 -498.869
319.011 -918.846
-993.095 -233.859
-992.993 -234.872
877.889 -496.870
-993.664 -234.874
866.922 -514.862
877.810 -498.776
866.331 -515.863
867.028 -515.859
877.756 -500.291
879.329 -498.712
-54.095 -970.853
-53.996 -971.855
-54.668 -971.852
714.874 -702.868
714.314 -703.868
986.326 -310.872
986.902 -309.854
714.994 -703.869
987.005 -310.864
-250.107 -947.862
-249.989 -948.862
-250.654 -948.864
-1052.980 -14.863
-1053.100 -13.855
-1053.680 -14.856
-521.001 1003.140
-521.671 1003.140
-521.103 1004.140
-452.987 1043.150
-453.676 1043.150
-567.101 -825.854
963.318 551.135
-453.106 1044.140
-566.999 -826.859
963.999 551.130
-567.662 -826.865
963.893 552.143
-942.993 576.138
-943.112 577.133
-943.662 576.138
1034.350 -219.874
1034.950 -218.866
999.327 -322.860
999.894 -321.847
1035.040 -219.870
999.988 -322.869
1038.330 369.145
-282.103 -957.861
1039.000 369.145
1038.890 370.149
-281.991 -958.859
-282.664 -958.857
-169.994 1145.140
-170.673 1145.150
-170.121 1146.140
-881.992 704.157
-882.658 704.154
-882.082 705.153
1020.350 -316.838
1020.900 -315.845
1021.000 -316.847
-1020.090 -327.874
-1020.000 -328.867
-1020.670 -328.862
-566.077 -866.849
-565.983 -867.842
-566.658 -867.846
-249.997 1153.130
-250.691 1153.120
-250.101 1154.130
902.328 739.164
903.001 739.164
902.907 740.158
-921.677 -549.722
-923.090 -547.854
129.326 1190.120
129.997 1190.120
-923.179 -549.782
-858.976 791.146
129.893 1191.140
-859.670 791.146
-923.239 -551.298
-859.104 792.141
-1020.000 533.157
-925.088 -549.869
-1020.120 534.160
-1020.660 533.157
1128.340 144.164
1128.910 145.155
1129.030 144.164
-196.097 -1031.860
-196.003 -1032.860
-196.667 -1032.860
1122.340 307.134
1123.030 307.141
1122.940 308.135
-931.977 733.164
-932.665 733.146
-932.083 734.142
-1146.970 72.141
-1147.080 73.148
-1147.660 72.143
1158.330 107.172
1158.900 108.146
1159.020 107.167
51.891 -1076.870
51.329 -1077.860
52.006 -1077.860
-689.989 1012.180
-1137.100 -152.856
-1137.000 -153.855
-690.657 1012.170
-690.071 1013.160
-1137.670 -153.854
1172.350 118.144
1172.910 119.136
1173.020 118.139
478.341 1151.130
479.005 1151.130
478.904 1152.140
-763.992 968.155
-764.662 968.161
-764.092 969.142
-1098.660 491.260
-1100.240 489.708
-1100.180 491.213
-1100.110 493.132
-911.996 822.130
-912.671 822.140
-1102.100 491.144
-912.125 823.137
965.913 -619.839
965.348 -620.823
737.895 -856.866
737.325 -857.869
966.023 -620.833
738.008 -857.873
693.921 -902.873
693.340 -903.883
694.019 -903.878
720.336 1059.140
721.004 1059.140
720.887 1060.130
847.340 955.137
847.998 955.147
847.904 956.149
-1036.090 -569.853
-1035.990 -570.865
-1036.660 -570.873
-1220.000 225.141
-1220.090 226.149
-1220.670 225.126
142.893 -1148.860
142.334 -1149.850
142.992 -1149.850
-530.104 -1038.860
-528.677 -1040.720
-530.187 -1040.780
-866.102 -805.853
-532.109 -1040.870
-865.987 -806.857
-530.244 -1042.290
-674.998 1116.140
-675.677 1116.150
-866.664 -806.859
1151.340 553.135
-675.110 1117.140
-1196.000 396.159
1152.010 553.145
1163.320 -369.868
1163.880 -368.856
1151.920 554.133
-1196.100 397.150
-1196.660 396.160
1164.000 -369.865
-907.083 -768.862
-906.990 -769.880
-907.671 -769.885
1201.330 -280.862
1201.900 -279.864
1202.010 -280.855
-986.129 -692.865
-985.992 -693.879
-986.664 -693.870
-1257.010 28.150
-1257.120 29.140
-1257.680 28.147
751.884 -941.862
1247.330 309.144
751.337 -942.854
1248.000 309.147
751.986 -942.858
1247.910 310.156
1259.340 285.151
-482.099 -1097.850
1260.000 285.159
1259.900 286.153
-1178.090 -392.855
-1177.970 -393.843
-481.992 -1098.850
-1253.000 276.152
-482.658 -1098.840
-1253.120 277.138
-1178.660 -393.845
-1253.670 276.160
1235.330 -255.870
1235.890 -254.861
1235.990 -255.866
-796.968 1084.140
-797.668 1084.140
-797.084 1085.140
-701.983 1156.130
-702.665 1156.130
-702.084 1157.130
-981.987 910.148
-982.664 910.151
-982.090 911.146
1297.350 192.147
1297.910 193.141
1298.020 192.145
553.879 -1099.850
553.330 -1100.850
553.992 -1100.850
-416.107 -1156.850
747.322 1150.140
505.874 -1126.860
748.002 1150.140
-416.000 -1157.870
-416.650 -1157.870
505.330 -1127.870
505.991 -1127.870
747.898 1151.140
-864.086 -899.841
-864.000 -900.842
-864.660 -900.841
1300.330 287.130
1301.010 287.136
1300.900 288.144
-1259.090 -301.874
-1258.980 -302.866
-1259.670 -302.873
444.903 -1169.850
442.898 -1171.860
444.819 -1171.770
1139.890 -604.854
1139.320 -605.831
446.331 -1171.710
1140.010 -605.847
1264.330 -335.858
444.762 -1173.280
1264.900 -334.859
1265.010 -335.869
-1261.990 486.135
-1262.100 487.147
-1262.650 486.130
-1316.980 245.139
-1317.100 246.134
-1317.670 245.138
-1242.110 -434.847
-1241.990 -435.844
-1242.680 -435.839
-1339.000 292.126
-1339.100 293.142
-1339.660 292.134
1367.330 115.142
1367.900 116.136
1368.010 115.142
-927.255 1074.710
-925.661 1076.270
-927.185 1076.220
-929.112 1076.140
-927.083 1078.130
744.900 1228.140
746.230 1227.680
745.569 1228.440
747.724 1227.080
747.403 1227.630
746.373 1228.610
784.894 -1047.840
747.421 1228.630
745.900 1229.670
749.045 1227.670
784.315 -1048.840
746.403 1229.670
785.004 -1048.840
748.398 1228.640
747.390 1229.650
749.398 1228.630
750.222 1228.470
748.418 1229.640
749.377 1229.640
-1326.670 -268.720
-1328.110 -266.860
-1328.190 -268.766
-1328.240 -270.286
-1340.020 381.141
-1340.120 382.144
-1330.100 -268.835
-1340.670 381.139
-1357.990 303.127
-1358.100 304.130
-1358.670 303.127
1314.330 521.134
1315.020 521.144
1314.910 522.126
1392.890 -7.856
1394.890 -5.866
1394.810 -7.775
1394.760 -9.293
1396.320 -7.721
-1389.660 22.282
-1391.110 24.150
-1391.180 22.231
-1391.230 20.712
-1393.100 22.155
-1043.120 -851.875
-623.127 -1174.850
-1042.980 -852.889
-1393.000 183.132
-1043.670 -852.886
-1393.120 184.147
-623.007 -1175.850
-1355.990 416.130
-623.672 -1175.850
-1393.660 183.148
-1356.110 417.116
-1356.680 416.124
-1076.990 974.143
-1077.660 974.146
-1077.100 975.140
-1218.000 773.138
-1218.100 774.156
-1218.680 773.140
-1139.990 901.143
-1140.660 901.127
-1140.070 902.147
-1388.010 309.143
-1388.110 310.144
-1388.670 309.145
-1040.090 -875.857
-1039.990 -876.839
-1040.660 -876.831
882.902 -1034.860
882.340 -1035.870
883.020 -1035.870
1378.330 434.115
1379.020 434.115
1378.920 435.131
-1354.100 -337.865
-1354.000 -338.864
912.912 -1015.850
-1354.680 -338.870
912.332 -1016.860
913.010 -1016.860
-1419.000 142.140
-1419.100 143.145
-1419.660 142.138
-1009.990 1089.150
-1350.080 -388.859
-1349.980 -389.863
-1010.670 1089.140
-1010.090 1090.140
-1350.640 -389.858
-1342.110 -425.845
-1342.000 -426.849
-1342.650 -426.849
-1414.660 -187.715
-1416.080 -185.857
-1416.170 -187.768
-1416.240 -189.283
-1418.100 -187.845
-1057.990 1066.140
-1058.680 1066.150
-1058.110 1067.140
1452.340 231.134
1452.910 232.141
1453.030 231.134
-772.107 -1156.850
-771.989 -1157.840
-772.672 -1157.840
-1119.010 1017.150
-1119.660 1017.140
-1119.100 1018.130
1041.330 1119.130
1042.010 1119.140
1041.920 1120.130
-1137.990 1004.150
-1138.680 1004.150
-1138.120 1005.140
1131.350 1027.140
1132.020 1027.140
1131.930 1028.140
1327.370 -574.992
1329.580 -572.815
1249.890 -714.864
1249.330 -715.862
1250.000 -715.867
1329.460 -576.306
1329.520 -578.390
1331.860 -573.891
1331.920 -576.268
-1474.010 195.152
-1474.100 196.149
-1474.670 195.145
1495.330 100.135
1495.900 101.140
1496.010 100.138
-1470.000 371.150
-1470.100 372.147
-1470.660 371.157
-1499.000 211.138
-1499.130 212.150
-1499.680 211.145
1274.900 -754.870
1274.340 -755.870
1275.020 -755.871
-1519.990 102.154
-1520.110 103.148
-1520.650 102.156
-1490.100 -232.853
-1018.000 1211.150
-1490.000 -233.837
-1018.690 1211.150
-1490.680 -233.830
-1018.120 1212.150
1501.900 392.128
1503.760 390.708
1503.820 392.222
1503.890 394.136
1505.340 392.286
-1340.990 827.169
-1341.080 828.144
-1341.660 827.175
-1063.970 1199.160
-1064.670 1199.170
-1064.100 1200.140
1473.340 584.161
1473.990 584.163
1473.860 585.164
-1548.010 -26.855
-1548.120 -25.846
-1548.680 -26.849
1097.340 1199.100
1098.020 1199.120
1097.920 1200.140
969.943 -1156.860
969.347 -1157.870
970.029 -1157.860
-1445.070 -548.857
-1444.970 -549.843
-1445.660 -549.838
-1430.990 751.156
-1431.100 752.139
-1431.670 751.157
-1553.980 386.154
-1554.080 387.146
-1554.650 386.164
-1575.090 -113.858
-1574.990 -114.873
-1426.990 773.146
-1575.660 -114.874
-1427.090 774.150
-1427.650 773.150
1377.350 888.125
1378.010 888.131
1377.910 889.143
-1202.070 1127.730
-1204.470 1125.610
-1202.140 1130.100
-1204.530 1127.690
1553.330 493.159
-1204.440 1131.180
-1206.630 1129.010
1554.010 493.155
1553.890 494.151
-1244.110 -929.863
1268.330 1066.140
1297.350 1028.160
-1243.990 -930.859
1269.010 1066.130
1298.030 1028.150
-1244.670 -930.861
1268.900 1067.130
1297.920 1029.140
1157.330 1197.130
1158.010 1197.130
1157.900 1198.150
1067.910 -1143.880
1067.330 -1144.880
1068.010 -1144.870
1502.330 -561.871
1502.890 -560.856
1503.010 -561.866
-1620.670 196.286
1160.830 1225.960
1160.170 1226.990
1159.900 1228.140
1162.020 1226.030
1160.420 1228.140
-1622.230 194.724
-1622.180 196.233
1161.450 1227.300
-1622.110 198.138
1161.560 1228.470
1162.990 1227.230
1162.240 1228.470
1161.900 1229.140
-1624.100 196.154
1163.400 1228.140
-1502.090 -553.847
-1501.990 -554.863
-1502.660 -554.864
-1327.990 1025.150
-1328.690 1025.160
1549.330 615.095
-1328.110 1026.140
1550.000 615.098
1549.900 616.121
-1401.000 925.131
-1401.670 925.123
-1401.100 926.133
1629.900 -155.870
-1637.000 22.132
-1637.110 23.785
-1637.680 22.281
-1145.100 -1096.860
1631.900 -153.860
1631.820 -155.780
1631.760 -157.296
-1144.990 -1097.860
-1145.660 -1097.860
-1639.290 22.508
-1584.670 524.289
-1586.240 522.713
-1586.180 524.224
-1586.090 526.139
-1588.100 524.128
1520.340 746.140
1521.000 746.137
1520.890 747.148
-1629.670 398.279
-1631.260 396.708
-1631.190 398.210
-1631.090 400.142
-1633.100 398.110
1226.320 1216.130
1227.020 1216.130
1226.900 1217.140
1369.330 1044.160
1370.000 1044.160
1369.890 1045.140
1258.340 1206.180
1259.020 1206.160
1147.890 -1163.870
1258.890 1207.160
1147.330 -1164.860
1148.010 -1164.850
1619.330 573.140
1620.010 573.144
1619.910 574.121
-1349.090 -958.855
-1348.990 -959.870
-1349.670 -959.880
-1427.080 -857.858
-1426.970 -858.861
-1427.660 -858.865
-1356.990 1114.160
-1357.670 1114.170
-1357.120 1115.150
-1392.000 1071.140
-1392.650 1071.130
-1392.090 1072.150
-1355.990 1125.140
-1356.660 1125.130
-1356.090 1126.130
-1574.100 -603.860
-1574.000 -604.859
-1574.680 -604.863
1220.920 -1142.860
1220.330 -1143.860
1221.030 -1143.860
-1542.980 860.145
-1543.080 861.152
-1543.660 860.153
-1598.990 776.147
-1599.100 777.148
-1599.670 776.146
1388.330 1158.130
1389.000 1158.130
-1271.080 -1129.860
1388.880 1159.140
-1270.980 -1130.870
-1271.650 -1130.860
-1465.080 -901.861
-1464.980 -902.865
-1465.650 -902.856
1357.700 1227.490
1358.830 1226.470
1358.750 1227.570
1357.900 1228.630
1360.050 1226.530
1357.900 1229.140
1358.420 1228.640
1286.900 -1152.850
1288.890 -1150.860
1358.420 1229.140
1359.380 1228.650
1360.410 1227.660
1359.560 1229.480
1288.810 -1152.770
1360.420 1228.650
1361.600 1227.630
1360.240 1229.480
1361.420 1228.660
1288.760 -1154.290
1290.330 -1152.720
1361.420 1229.140
1248.900 -1216.850
1248.330 -1217.870
1249.000 -1217.870
1410.910 -1058.850
1410.350 -1059.840
1411.010 -1059.840
-1427.990 1217.140
-1428.670 1217.130
-1428.100 1218.140
-1440.010 1208.140
-1440.670 1208.140
-1440.110 1209.130
-1483.090 -1017.860
-1482.990 -1018.850
-1483.650 -1018.840
-1400.120 -1136.870
-1400.000 -1137.870
-1400.680 -1137.870
1588.910 -893.867
1588.340 -894.857
1589.030 -894.859
1506.910 -1041.860
1506.330 -1042.840
1507.010 -1042.840
1611.920 -995.865
1611.350 -996.856
1612.010 -996.849
-1633.080 -1079.870
-1632.990 -1080.860
-1633.660 -1080.870
1578.900 -1170.850
1580.890 -1168.860
1580.820 -1170.770
1580.770 -1172.290
1582.330 -1170.710
-1560.100 -1224.860
-1559.980 -1225.840
-1588.110 -1191.870
-1560.680 -1225.840
-1588.000 -1192.860
-1588.670 -1192.860
