-77.085 -69.869
-42.100 -167.883
-227.116 -119.861
-39.106 142.124
129.916 12.146
-175.108 136.132
-202.105 134.115
-307.097 -196.845
-291.092 96.125
-350.113 -153.863
250.907 -119.864
260.902 -140.849
264.883 24.139
272.900 -4.846
172.911 200.132
-239.100 -417.872
-430.106 -237.876
-147.094 -464.855
303.914 98.143
-479.085 45.135
273.908 -327.846
-207.084 -487.862
335.901 -244.856
243.892 -386.873
328.903 -271.880
-473.109 200.150
75.905 394.115
397.881 47.132
-539.105 92.132
-418.109 282.154
-555.102 -200.867
-494.096 200.131
-550.114 -221.880
-235.109 404.119
-567.107 -233.870
-438.119 -441.849
436.881 -0.857
445.896 -80.881
239.881 -508.864
-375.088 385.135
-33.099 -632.869
59.877 480.145
282.198 395.458
481.880 133.139
291.778 402.777
160.893 -624.880
511.883 76.134
-587.096 -407.840
454.900 262.126
-686.088 -233.859
-709.099 -258.847
-40.105 589.143
584.901 10.146
277.905 497.138
-416.096 -662.876
191.918 577.135
593.916 145.120
575.900 195.127
14.893 636.119
-151.107 642.132
-746.117 -328.867
-52.098 -788.845
396.889 -613.873
611.896 -382.849
59.873 -816.848
-451.158 591.079
-641.091 441.132
-453.103 594.143
636.903 -379.873
-847.121 -223.869
118.899 691.154
-804.098 -377.853
163.890 688.148
-735.113 386.128
-341.086 693.126
737.911 -74.859
727.903 71.149
510.899 -641.858
-531.078 624.151
-195.091 767.144
-28.115 -922.866
617.913 433.143
763.895 -243.864
440.904 617.151
782.894 -121.849
-669.094 -721.855
797.908 34.133
424.894 -797.872
668.898 418.128
-251.088 -950.881
817.920 -148.862
688.898 415.152
-566.099 -838.843
527.325 616.021
807.901 -351.853
538.908 629.149
-1012.070 -61.868
453.887 704.137
10.899 869.149
-734.117 -752.838
556.898 640.135
-713.104 639.142
-171.101 -1038.870
-1052.110 -95.851
629.896 606.157
-360.102 877.136
885.888 302.140
-888.094 574.139
941.341 198.812
945.102 196.165
982.906 -170.856
487.910 -973.860
-1133.110 87.139
-25.120 1013.150
-588.101 -1028.840
858.895 485.154
985.905 -328.859
864.900 -628.855
-1005.100 -653.870
725.891 686.151
621.904 790.155
-1176.110 75.140
-1179.090 107.153
-1165.080 215.129
-350.102 -1165.860
697.892 -899.857
1067.930 -260.860
-1026.110 -738.842
235.906 -1189.860
-1080.090 -662.834
924.896 526.142
1086.920 -2.866
603.895 -1022.850
360.901 -1157.850
812.896 -860.850
-709.118 955.145
-989.082 -879.867
-973.083 770.144
632.886 -1075.870
584.902 -1113.850
-763.105 959.137
1136.880 190.152
-62.104 1177.130
1088.900 376.154
-78.102 1181.160
-1026.110 754.145
-1228.100 -575.851
-432.105 1148.150
834.900 -954.853
1118.900 380.148
-1356.120 -175.858
1171.900 -378.874
-1060.090 -907.852
-1352.100 138.134
649.894 999.117
586.269 -1180.380
-1319.090 -450.860
298.900 1179.150
899.907 795.137
-696.100 1081.140
-1125.110 725.124
1001.880 -823.867
-1391.090 46.114
-1231.090 -715.863
771.905 -1088.860
613.887 1067.150
1233.910 -313.857
-1399.120 -277.862
-1110.100 -926.848
-1300.090 484.147
-1393.100 -339.854
763.917 981.143
-1011.110 -1052.850
903.904 -1011.860
-1014.080 918.122
1088.920 -781.872
1312.910 -27.858
1317.880 -115.849
-1066.110 -1061.880
729.891 1076.160
-1438.100 -462.864
895.895 960.135
1089.910 -881.867
-1489.090 101.121
966.918 899.164
1303.910 -430.867
1167.900 651.124
-1347.130 609.141
-1473.110 -432.848
998.884 900.136
1328.910 -470.850
1359.910 207.153
-1321.090 -886.871
1088.910 -995.843
854.899 1099.140
831.908 1130.120
1334.900 -594.875
1412.890 200.140
1401.880 -397.872
1405.970 -412.134
1300.890 579.148
1026.920 -1126.860
1047.890 -1109.870
1192.900 787.141
-1607.110 -174.865
1128.890 -1028.860
-1568.120 326.137
-1506.100 -662.868
1230.900 758.129
1461.900 263.136
-1168.120 -1205.870
-1537.120 -672.859
1378.910 -708.859
-1493.090 -812.864
1513.900 164.130
-1217.090 1086.140
1122.900 1033.120
-1199.090 1126.130
-1280.090 1064.150
1528.910 -499.851
1278.910 -1033.860
1234.920 958.141
1484.900 518.142
1583.890 102.118
1221.900 -1136.850
1200.910 -1173.860
1256.900 -1127.860
1569.900 -520.881
1311.900 -1068.850
1188.880 1106.130
1434.900 -925.874
-1507.100 978.133
1581.890 561.140
1374.900 982.137
1438.910 944.137
1584.900 837.155
1473.890 -1186.840
