12.899 63.136
82.891 -38.862
-105.112 104.141
103.899 152.155
-130.128 106.150
-126.084 -72.861
-21.092 -144.864
227.892 -11.879
-213.099 23.138
-35.103 -227.855
-217.095 -178.862
-160.120 361.159
-321.094 161.132
-325.098 -42.858
380.899 266.125
-381.109 231.144
449.893 7.135
-437.097 162.157
357.886 -266.848
195.916 529.150
-345.089 432.137
-26.132 579.127
185.911 -425.857
-283.075 508.141
531.882 201.157
30.912 604.128
274.892 560.138
46.910 629.125
-269.110 563.143
-118.106 -496.866
-183.092 618.147
71.719 653.604
70.495 656.992
304.906 593.141
-569.126 233.137
-563.095 262.141
607.924 210.155
-281.084 -479.845
-577.093 -124.860
620.904 -76.843
629.888 183.131
-612.103 140.123
-201.098 656.136
516.891 449.133
470.907 506.116
-603.109 263.138
652.898 178.142
-574.075 -238.859
-62.106 -600.867
599.903 392.125
686.919 38.135
384.896 -500.872
521.901 -388.854
467.903 570.146
613.892 -281.846
-294.103 686.160
35.901 773.137
553.915 -398.859
724.908 26.129
18.925 777.134
720.909 190.136
594.917 -368.855
-40.088 -666.861
-70.093 802.133
-620.110 454.131
-94.093 804.158
22.899 817.138
-424.106 -565.856
-665.076 435.153
-214.087 -678.859
53.898 842.139
437.907 -604.855
128.914 -720.858
658.899 -406.841
389.904 -645.847
612.909 -480.866
263.891 847.133
770.897 -281.868
-135.104 -761.850
846.894 147.149
564.904 -568.842
-329.096 831.136
-548.093 -565.855
66.898 907.130
645.900 -510.868
830.914 326.148
872.908 28.138
-61.097 938.140
892.910 100.134
-795.105 -304.853
-431.092 -710.870
-125.102 -827.851
626.887 -600.853
292.879 938.145
951.882 69.144
-285.114 957.140
717.902 692.145
237.877 -854.847
855.888 -390.865
200.903 -879.872
-2.099 -898.852
880.895 487.126
-47.102 -903.864
-768.097 646.139
-893.095 -315.848
958.887 335.137
-134.115 -913.861
611.914 851.140
917.882 -347.872
-0.073 -930.849
-972.109 -125.860
610.886 874.139
-424.105 972.139
763.892 740.140
-164.077 1074.130
256.911 -933.887
-756.109 -616.848
364.893 -901.864
-291.098 -920.880
-577.109 -785.857
-948.099 -321.867
998.898 -271.857
881.895 657.145
-491.104 995.160
-311.097 -948.849
-761.110 814.153
-408.103 -930.869
-816.098 -629.869
-1068.100 88.140
1030.890 461.137
763.904 -732.862
-952.123 -461.868
-447.087 1068.150
856.913 -655.866
260.888 1144.130
-567.105 -887.870
-833.083 790.150
-843.103 -662.870
-893.119 735.154
1002.900 -496.865
269.910 1171.160
1000.480 -503.197
885.902 -672.861
-924.086 719.143
689.904 985.134
662.899 1006.140
294.900 1182.150
307.900 -1055.860
1147.890 313.139
565.898 -959.874
-106.098 -1101.850
1050.890 630.134
39.895 -1120.860
1199.890 66.135
-319.097 1206.160
1201.890 -9.870
601.885 1104.130
-1184.100 58.126
554.905 -1006.880
-1169.100 -152.858
745.915 -893.866
1154.910 449.113
1219.890 43.127
1218.870 -11.848
1134.610 -396.627
1138.910 -388.858
-1185.110 442.135
1067.910 -626.861
-1049.110 768.147
-1073.090 740.132
1241.900 -298.854
1145.920 667.135
853.914 -911.866
-1072.100 764.134
759.895 -992.847
1271.910 368.139
-1272.100 346.145
-971.098 941.168
-454.095 -1174.860
1318.910 282.121
-1239.110 513.152
-1213.110 -467.859
-812.106 -988.870
738.909 -1060.870
-1296.100 353.148
1320.890 -242.860
1356.900 -184.851
-871.104 -998.868
-1269.110 -455.855
-1365.110 -98.837
1385.900 -192.860
889.894 -1033.870
998.900 1067.140
-1386.100 285.138
-703.100 -1160.860
1214.910 -693.855
1218.900 815.126
-1202.110 835.149
-815.094 -1134.850
-1447.490 -46.236
-1451.100 -36.870
1483.910 150.159
-1322.100 -574.865
-1472.120 190.146
1511.890 33.140
-1125.080 1051.160
-913.099 -1126.890
-1325.100 779.139
1106.900 1125.130
-1031.100 -1054.840
-1481.100 531.160
1122.910 -1057.850
-1362.120 847.128
1258.890 1087.140
1418.890 -740.848
-1615.100 -127.883
-1394.100 -820.868
1595.900 573.139
-1490.110 799.130
-1608.090 524.141
1593.910 -631.860
-1423.100 -897.855
-1372.080 1131.160
1606.890 828.127
-1468.090 -924.863
1301.910 -1167.870
1550.890 987.145
1460.890 1133.130
-1613.130 -713.841
-1326.100 -1190.870
-1392.090 -1136.870
1604.880 1076.150
-1576.180 -1091.630
-1579.480 -1090.950
