-6.105 -28.859
-5.995 -29.852
-6.663 -29.851
29.344 87.141
30.011 87.141
29.913 88.145
142.320 -18.864
142.882 -17.863
143.004 -18.862
-163.097 -64.859
-162.995 -65.843
-163.676 -65.845
160.329 -72.857
160.877 -71.851
160.994 -72.866
105.339 119.150
106.012 119.150
105.902 120.149
-105.984 131.133
-106.652 131.139
-106.095 132.134
-112.103 -190.889
-111.996 -191.886
-112.675 -191.890
163.345 72.154
164.011 72.156
163.906 73.138
-206.003 -12.862
-206.108 -11.861
-206.676 -12.852
-44.984 194.125
-45.672 194.119
-45.099 195.129
-229.990 22.126
-230.077 23.134
-230.663 22.126
80.533 220.607
-177.991 173.129
-178.660 173.131
80.457 222.684
-178.095 174.133
78.367 223.996
82.931 222.731
82.873 225.114
80.574 226.191
-200.985 169.138
-201.668 169.138
-201.103 170.130
-305.000 -42.865
-305.116 -41.855
-305.672 -42.869
72.914 -337.867
70.901 -339.852
72.817 -339.766
74.334 -339.706
72.750 -341.282
-279.101 -217.866
-311.996 101.143
-279.001 -218.861
-312.111 102.143
-312.674 101.143
-279.658 -218.857
234.891 -267.863
234.340 -268.857
235.169 -268.865
338.345 -21.846
241.178 -268.849
338.893 -20.847
242.896 -267.849
339.007 -21.856
243.011 -268.840
334.309 -101.878
334.879 -100.880
334.993 -101.878
-315.990 134.135
-316.074 135.138
-316.663 134.131
-12.000 326.138
-12.677 326.130
-12.104 327.139
250.343 245.122
251.000 245.130
250.907 246.140
-310.990 199.147
-311.679 199.149
-311.107 200.141
-390.996 -59.854
-391.101 -58.842
-391.648 -59.846
-316.067 -260.854
-315.973 -261.879
269.335 244.155
-316.650 -261.881
270.019 244.152
269.903 245.136
392.319 -44.857
392.923 -43.863
393.024 -44.850
393.335 -99.850
393.890 -98.858
393.987 -99.857
-136.085 -424.860
-135.991 -425.858
-136.915 -426.036
-145.101 -428.867
-144.993 -429.864
-145.674 -429.854
66.919 -451.858
66.329 -452.832
66.998 -452.833
258.890 -391.855
258.336 -392.855
259.009 -392.851
161.921 -446.843
161.338 -447.852
162.007 -447.846
432.325 -216.848
432.894 -215.859
433.008 -216.854
-408.989 238.133
-409.668 238.133
-409.108 239.128
143.898 -504.857
143.332 -505.862
144.004 -505.871
-204.981 436.132
-205.653 436.135
-205.094 437.140
-335.094 -432.852
-334.991 -433.864
-335.665 -433.865
-514.087 -166.863
-513.983 -167.883
-514.660 -167.890
-183.138 -528.850
-183.011 -529.857
-183.680 -529.847
38.355 517.144
39.016 517.141
38.904 518.141
543.332 7.135
543.908 8.136
544.012 7.139
-425.110 -403.861
-423.675 -405.711
-425.185 -405.769
276.921 -516.863
-425.236 -407.279
276.339 -517.851
277.018 -517.852
-427.100 -405.855
-503.081 -304.854
-502.974 -305.852
-503.655 -305.844
554.338 -136.876
554.896 -135.860
554.998 -136.872
-364.994 418.124
-365.675 418.119
-365.096 419.125
-558.976 135.139
-559.086 136.131
-559.676 135.142
484.335 316.136
485.016 316.139
484.924 317.139
218.510 547.133
220.372 547.125
219.308 548.273
584.321 177.146
584.998 177.150
584.899 178.142
20.324 598.152
21.017 598.153
404.898 -503.866
404.332 -504.863
20.905 599.137
405.002 -504.867
-442.998 431.142
-443.683 431.137
-443.094 432.137
-469.102 -466.863
-468.991 -467.860
-469.671 -467.859
-415.125 -523.851
388.344 478.142
389.016 478.136
-415.014 -524.838
-415.671 -524.832
388.910 479.147
-384.082 -563.863
383.892 -555.861
-383.997 -564.860
-86.000 622.131
-86.665 622.139
383.337 -556.858
-384.663 -564.860
384.010 -556.856
-86.097 623.148
584.329 263.143
585.023 263.142
584.905 264.149
147.887 -670.869
147.334 -671.862
148.000 -671.870
607.334 -277.842
607.886 -276.868
608.017 -277.857
-285.991 572.137
-286.651 572.138
-286.100 573.158
101.905 -697.851
101.333 -698.853
102.019 -698.858
-658.995 172.141
676.328 -65.846
-659.087 173.149
-659.660 172.145
676.907 -64.854
677.017 -65.850
476.904 -520.854
476.340 -521.880
477.011 -521.879
692.340 -34.845
692.897 -33.857
693.005 -34.846
-667.975 198.146
-668.072 199.125
-668.678 198.134
687.339 83.137
688.011 83.140
687.906 84.136
-472.997 498.139
-473.675 498.143
-473.102 499.133
346.912 -648.842
-714.984 52.141
-715.100 53.121
346.340 -649.849
-715.675 52.144
347.009 -649.849
-716.114 -120.855
-715.999 -121.854
-716.678 -121.860
-343.107 -671.858
-342.998 -672.861
-343.674 -672.855
-735.098 -134.863
-734.988 -135.874
-735.667 -135.872
-702.989 216.148
-703.115 217.142
502.884 -564.867
-703.671 216.146
502.330 -565.869
502.993 -565.869
-518.094 -570.863
-517.992 -571.856
-518.665 -571.847
328.901 -697.846
328.340 -698.846
329.009 -698.851
626.340 390.136
627.008 390.138
626.913 391.139
416.916 -662.858
416.335 -663.875
417.005 -663.872
-420.099 -669.863
-419.996 -670.878
-420.656 -670.875
-486.089 -633.859
-485.987 -634.864
-486.648 -634.862
-691.091 -391.849
739.330 185.135
-690.993 -392.849
740.008 185.136
-691.671 -392.843
739.897 186.135
621.915 -490.864
621.342 -491.880
773.323 5.125
622.027 -491.875
773.885 6.137
773.991 5.135
566.904 -575.869
568.909 -573.853
568.814 -575.775
4.894 -822.859
568.750 -577.294
570.326 -575.711
4.337 -823.867
5.008 -823.867
140.884 -812.848
140.339 -813.850
141.010 -813.856
707.334 364.127
707.982 364.131
707.884 365.148
-78.106 -844.861
-78.011 -845.868
-78.670 -845.868
-712.118 -450.848
-712.014 -451.857
-712.668 -451.854
-677.094 -520.860
-676.992 -521.866
-677.668 -521.868
829.336 -125.856
829.898 -124.861
830.016 -125.854
645.893 509.145
839.342 -15.857
647.755 507.716
839.891 -14.868
839.997 -15.859
647.815 509.224
5.886 -875.864
649.330 509.278
5.328 -876.859
6.007 -876.859
647.903 511.137
-343.085 -809.865
-342.993 -810.878
-343.679 -810.889
-402.012 727.117
-402.672 727.117
-402.114 728.142
214.906 -855.866
214.340 -856.861
215.010 -856.867
387.317 734.113
387.997 734.122
387.886 735.125
-270.103 -849.859
-269.995 -850.874
-270.672 -850.876
-77.091 -900.870
-76.996 -901.880
-77.684 -901.882
653.335 550.146
653.989 550.147
653.877 551.139
715.346 480.153
715.991 480.152
715.899 481.157
507.328 718.129
507.998 718.134
507.898 719.133
228.335 850.154
229.011 850.147
228.873 851.156
-901.123 -226.861
-901.003 -227.862
-901.676 -227.855
289.919 -899.873
287.910 -901.873
289.832 -901.787
697.899 -623.851
697.337 -624.849
291.334 -901.728
-434.135 -845.868
-513.987 741.136
698.012 -624.844
-514.661 741.128
289.773 -903.286
-433.992 -846.859
-514.093 742.148
-434.679 -846.853
767.340 476.147
768.009 476.144
779.336 459.130
767.918 477.127
780.001 459.130
779.889 460.137
932.904 48.124
934.755 46.707
934.817 48.214
934.910 50.141
216.331 890.138
936.324 48.276
217.000 890.136
-667.109 -705.861
895.895 -315.865
216.881 891.134
-666.991 -706.862
-667.677 -706.866
897.892 -313.864
897.808 -315.782
897.751 -317.278
899.332 -315.724
-662.090 -727.854
-661.997 -728.868
-662.664 -728.872
-347.067 -928.873
-346.976 -929.870
-347.660 -929.883
-452.082 -885.859
-451.987 -886.863
-452.651 -886.862
-909.132 -379.855
-909.004 -380.858
-909.674 -380.853
-818.987 502.130
-819.666 502.132
-819.084 503.135
963.326 -97.865
-49.991 942.143
-50.661 942.141
963.888 -96.855
964.001 -97.855
861.326 -468.840
861.893 -467.867
-50.090 943.149
-684.091 -726.856
862.001 -468.844
-684.003 -727.857
-684.661 -727.851
-114.092 -997.872
-113.976 -998.855
-114.668 -998.852
669.900 -743.882
669.327 -744.869
669.995 -744.864
-634.066 -799.853
-633.974 -800.847
-634.636 -800.856
613.339 752.120
614.008 752.126
613.925 753.130
416.893 -934.864
416.324 -935.868
963.330 -276.866
417.017 -935.863
963.901 -275.864
948.318 -330.875
963.994 -276.862
948.914 -329.868
949.013 -330.870
-762.993 629.155
-763.676 629.154
-763.114 630.137
-670.115 -784.871
-668.678 -786.730
-670.188 -786.779
-990.103 -248.860
-989.990 -249.860
-670.236 -788.288
-672.108 -786.850
-990.666 -249.855
978.316 209.135
993.336 137.145
978.997 209.127
978.865 210.134
1005.890 31.126
994.011 137.143
993.901 138.139
1007.760 29.718
1007.810 31.218
1007.890 33.148
1009.320 31.281
-889.996 478.144
-890.663 478.144
-890.092 479.140
992.331 189.156
993.023 189.154
992.895 190.145
574.909 -875.848
574.331 -876.838
575.014 -876.836
-971.102 -388.854
-970.997 -389.854
-971.668 -389.852
-275.097 -1027.870
-273.664 -1029.730
-275.186 -1029.790
-277.097 -1029.870
-275.246 -1031.300
-942.115 -483.845
-942.007 -484.844
-942.661 -484.848
275.332 974.147
276.004 974.142
275.892 975.140
896.327 506.117
957.333 -444.842
957.894 -443.852
897.003 506.125
958.006 -444.850
896.914 507.139
-1051.000 80.137
-1051.110 81.136
-1051.660 80.136
-351.977 966.147
-352.652 966.156
546.923 -925.857
860.896 -627.868
860.325 -628.858
546.348 -926.873
-352.091 967.147
861.013 -628.857
547.014 -926.867
725.525 747.610
723.362 751.000
725.451 749.694
-1072.000 -103.859
-1072.100 -102.858
-1072.680 -103.862
727.920 749.734
373.891 -1029.860
725.568 753.180
373.325 -1030.860
374.014 -1030.860
727.861 752.105
-119.122 -1102.870
-118.997 -1103.870
-119.659 -1103.870
-29.096 -1119.850
-869.986 638.141
-870.681 638.148
-870.109 639.131
-28.999 -1120.850
-29.664 -1120.850
-214.985 1046.150
-215.679 1046.150
-215.101 1047.140
761.919 -813.860
-245.069 -1100.860
761.341 -814.878
762.014 -814.880
-244.988 -1101.870
-245.659 -1101.880
113.867 -1124.870
113.320 -1125.880
113.984 -1125.880
-476.101 -1032.860
-475.996 -1033.850
-476.679 -1033.850
-310.972 1039.150
-311.664 1039.150
-311.091 1040.140
-281.989 1052.130
-282.674 1052.140
603.892 -963.854
-203.088 -1127.850
-282.105 1053.120
603.348 -964.854
604.005 -964.859
-202.978 -1128.860
-203.664 -1128.850
-756.085 -857.853
-755.996 -858.852
-756.657 -858.859
-1090.100 -315.848
-1089.990 -316.853
-1090.660 -316.855
-1086.100 -338.866
-1085.990 -339.863
-1086.670 -339.858
-1102.070 -298.858
-1101.990 -299.858
-1102.640 -299.858
-422.092 -1082.880
-134.106 -1154.870
-421.977 -1083.870
1105.900 -251.846
-133.992 -1155.870
-422.669 -1083.870
-134.686 -1155.870
574.902 -1003.860
574.343 -1004.850
1107.880 -249.864
575.013 -1004.850
-483.090 -1059.860
1107.810 -251.767
1107.760 -253.288
500.886 -1045.860
-482.983 -1060.850
-1142.990 -33.862
500.320 -1046.840
-1143.100 -32.861
-483.667 -1060.850
501.011 -1046.850
1109.330 -251.713
-1143.670 -33.867
-113.111 -1163.860
-112.998 -1164.850
-113.660 -1164.860
-1132.090 -262.866
-1132.000 -263.874
-1132.660 -263.880
478.920 -1073.860
575.900 -1023.860
478.328 -1074.860
479.015 -1074.850
575.319 -1024.860
576.008 -1024.850
-452.087 -1094.870
-1104.990 330.138
-1105.110 331.135
-1105.670 330.144
-450.673 -1096.710
-452.182 -1096.770
-941.989 652.137
-942.648 652.142
-942.096 653.130
-454.095 -1096.870
-452.247 -1098.280
-819.993 807.137
-820.670 807.142
-820.088 808.139
-1014.110 -619.845
-1013.990 -620.835
-1014.650 -620.831
-716.076 -964.865
-715.969 -965.861
890.901 731.142
-716.658 -965.859
-460.115 -1113.860
892.755 729.710
-460.004 -1114.860
892.816 731.228
-460.680 -1114.860
894.320 731.287
892.904 733.152
-338.110 -1160.850
885.339 744.136
886.019 744.134
584.894 -1050.860
-338.000 -1161.860
-338.671 -1161.850
885.917 745.130
584.335 -1051.850
584.999 -1051.850
-630.096 -1037.860
-628.666 -1039.720
-630.180 -1039.770
-632.101 -1039.860
-630.237 -1041.300
694.908 -997.874
694.339 -998.873
695.014 -998.873
-1203.980 46.148
-1087.980 491.152
-1204.100 47.150
-1088.090 492.141
-1204.660 46.145
-1088.650 491.147
-306.113 -1191.880
-305.984 -1192.880
-306.656 -1192.870
1181.340 200.138
1182.020 200.138
1181.900 201.129
1093.340 -546.853
1093.910 -545.860
1094.000 -546.858
-707.991 972.150
-708.672 972.150
-708.102 973.135
832.897 -919.856
830.906 -921.855
832.816 -921.766
834.332 -921.705
832.760 -923.279
742.927 -999.856
742.355 -1000.860
743.014 -1000.860
1183.350 -338.863
1183.920 -337.848
1184.020 -338.855
1052.910 -657.858
1052.330 -658.879
-1191.980 306.137
1053.010 -658.869
-1192.070 307.142
-1192.650 306.129
-374.002 1156.150
-374.672 1156.150
-374.104 1157.140
-485.084 -1176.870
-1241.100 -177.861
-1240.990 -178.877
-1241.670 -178.880
-484.986 -1177.870
-485.668 -1177.870
-706.083 -1060.860
-705.978 -1061.850
-706.675 -1061.850
1218.340 223.140
1219.020 223.141
1218.920 224.146
-479.103 -1191.850
-478.985 -1192.840
-479.670 -1192.830
625.318 1059.150
572.930 -1145.860
626.008 1059.140
572.346 -1146.860
573.030 -1146.860
625.886 1060.140
-1235.090 -306.863
-1234.990 -307.866
-1235.670 -307.863
723.911 -1068.840
723.343 -1069.830
724.018 -1069.830
1054.900 -731.886
1056.890 -729.860
1056.820 -731.797
1056.780 -733.295
1058.330 -731.736
1132.340 548.146
1133.010 548.143
1132.910 549.140
-357.988 1203.160
-358.668 1203.160
-358.108 1204.140
-1253.990 266.112
-1254.090 267.106
-1254.680 266.105
1158.330 525.135
-1274.000 208.141
1159.010 525.145
-1274.110 209.139
1158.880 526.134
-1274.690 208.142
1268.320 -232.857
1268.900 -231.858
1269.000 -232.851
1162.350 -579.854
1162.930 -578.849
722.910 -1095.880
1163.010 -579.852
-1211.100 -496.858
722.339 -1096.880
-1211.000 -497.849
723.007 -1096.880
-1211.650 -497.849
-581.096 -1192.850
-580.986 -1193.850
-730.120 -1107.870
-581.668 -1193.850
-730.006 -1108.850
-730.675 -1108.840
-653.088 -1157.860
-652.979 -1158.860
-653.672 -1158.860
1052.350 738.125
-1254.120 -417.871
-1253.990 -418.869
1053.010 738.126
-1254.680 -418.859
1052.900 739.127
1299.330 -125.880
1299.910 -124.866
-700.994 1081.140
1300.030 -125.878
-701.675 1081.140
-926.099 -961.851
-701.111 1082.120
-925.982 -962.871
-926.658 -962.864
-1312.000 -167.870
-1312.110 -166.867
-1312.680 -167.863
1026.910 -843.867
1028.890 -841.859
1028.820 -843.784
1028.770 -845.284
1030.340 -843.728
1312.340 -71.850
1312.900 -70.858
1313.010 -71.857
-769.085 -1107.850
-768.990 -1108.840
-769.659 -1108.840
-1317.010 161.158
-1317.120 162.151
-1317.670 161.153
826.893 -1063.860
826.325 -1064.870
826.997 -1064.860
-565.992 1178.140
-566.674 1178.140
1131.920 -719.851
1131.350 -720.843
-566.094 1179.150
1132.020 -720.849
600.902 -1218.870
600.344 -1219.860
601.014 -1219.870
809.334 1049.110
809.993 1049.120
809.898 1050.130
1174.330 -692.851
1174.900 -691.862
1175.010 -692.849
-1268.110 -522.862
-921.996 970.138
-1268.000 -523.863
-922.666 970.147
-1268.660 -523.865
-922.124 971.137
1183.320 644.132
1183.990 644.139
1183.870 645.148
-550.983 1226.030
-552.154 1225.950
-550.009 1227.250
1204.350 -668.858
1204.890 -667.865
-551.545 1227.300
-549.627 1228.140
-552.807 1226.990
1205.010 -668.867
-550.751 1228.480
-551.429 1228.490
-552.604 1228.140
-553.100 1228.140
-551.100 1229.140
-1360.100 -304.859
-1359.990 -305.858
-1360.670 -305.855
951.888 -1026.880
951.332 -1027.880
952.008 -1027.870
-1390.660 92.257
-1392.240 90.704
-1392.170 92.204
-1392.080 94.133
-1394.100 92.126
1104.880 -881.858
1104.320 -882.844
1105.000 -882.839
1398.340 -21.857
1398.910 -20.860
1399.020 -21.860
795.907 -1187.860
793.893 -1189.870
795.827 -1189.780
797.321 -1189.720
795.772 -1191.300
1359.900 348.158
1361.770 346.720
1361.820 348.221
1361.900 350.129
1363.320 348.263
1041.860 -1008.860
1041.310 -1009.850
1041.990 -1009.860
-1395.100 -399.858
-1394.990 -400.861
-1395.670 -400.867
1097.330 894.129
1098.000 894.136
-770.001 1191.150
1097.900 895.148
-770.668 1191.150
-770.106 1192.150
-1303.100 -660.839
-1303.000 -661.856
-1303.660 -661.860
-1323.010 572.129
-1323.130 573.131
-1323.670 572.133
-756.998 1215.140
-757.659 1215.130
951.886 -1121.850
951.332 -1122.850
-757.094 1216.140
952.006 -1122.840
-1281.110 -736.847
-1281.000 -737.846
-1281.670 -737.837
1444.350 -201.837
1444.920 -200.857
1445.020 -201.845
1391.330 423.150
1392.020 423.149
1391.910 424.139
-1104.120 -1010.850
-1104.010 -1011.860
-1104.670 -1011.860
-1467.090 -246.865
-1466.990 -247.886
-1467.670 -247.898
1464.330 -186.874
1464.900 -185.860
1465.000 -186.867
-1296.980 697.135
-1297.680 697.136
-1297.120 698.136
-1482.990 102.155
-1483.090 103.152
-1483.670 102.154
-1249.660 -854.699
-1251.100 -852.863
-1251.190 -854.756
-1251.250 -856.281
-1253.080 -854.840
-951.109 -1191.850
-950.987 -1192.840
-951.667 -1192.850
-1438.990 438.134
-1439.080 439.142
-1439.660 438.138
-983.991 1132.140
-984.665 1132.130
-984.077 1133.160
1413.330 515.142
1414.010 515.146
1413.900 516.146
1365.340 -694.844
1365.900 -693.849
1366.020 -694.857
-1416.000 577.150
-1416.100 578.146
-1416.670 577.151
-1250.100 -929.849
-1250.010 -930.864
1117.320 1020.150
-1250.670 -930.867
1118.010 1020.140
1117.900 1021.140
-1041.080 -1175.850
-1040.990 -1176.850
-1041.660 -1176.850
-1491.080 -492.861
-1490.990 -493.846
-1491.660 -493.855
-1451.100 -624.854
-1451.000 -625.841
-1451.670 -625.838
-1559.110 -238.852
-1558.980 -239.857
-1559.690 -239.851
1194.900 -1039.860
1194.330 -1040.860
1194.990 -1040.860
1397.340 -740.848
1397.910 -739.842
1398.010 -740.853
-1446.000 630.139
-1446.120 631.146
-1446.680 630.139
1535.330 338.151
1536.010 338.158
1535.920 339.143
-1486.980 551.123
-1487.090 552.126
-1597.010 -45.873
-1487.670 551.129
-1597.110 -44.850
-1597.660 -45.871
-1493.130 -614.868
-1584.990 221.141
-1492.990 -615.874
-1585.100 222.139
-1493.670 -615.866
-1585.670 221.136
1127.890 -1158.860
1127.320 -1159.870
1127.990 -1159.860
-1472.000 618.146
-1472.120 619.141
-1472.660 618.150
1593.330 195.159
1594.010 195.155
1593.910 196.144
1308.330 915.130
1309.010 915.136
1308.890 916.130
-1401.990 794.130
-1402.670 794.134
-1402.110 795.143
-1387.000 840.146
-1387.670 840.144
-1387.110 841.152
1615.340 -335.870
1615.890 -334.878
1616.010 -335.871
-1499.000 678.135
-1499.110 679.135
-1499.680 678.131
-1317.990 985.143
-1318.660 985.138
-1441.670 -859.731
-1318.090 986.149
-1443.110 -857.862
-1443.180 -859.777
-1443.230 -861.291
1477.330 -776.849
1477.880 -775.856
-1445.100 -859.843
1477.990 -776.855
-1508.000 711.125
-1508.120 712.138
-1508.660 711.131
1332.340 988.147
1333.010 988.143
1332.900 989.144
1420.900 -928.867
1422.910 -926.857
1422.820 -928.774
1422.770 -930.289
1424.330 -928.711
1354.900 -1035.860
1354.340 -1036.870
1355.020 -1036.870
-1424.680 -958.714
-1426.090 -956.868
-1426.190 -958.778
-1426.250 -960.276
-1428.110 -958.870
-1439.000 893.121
-1439.660 893.114
-1439.100 894.129
1442.340 874.139
1443.020 874.138
1442.910 875.143
1572.330 663.136
1573.000 663.132
1572.900 664.129
-1484.100 -929.868
-1484.000 -930.873
-1484.670 -930.877
1582.900 665.151
1584.770 663.713
1584.820 665.217
1584.880 667.144
1586.320 665.261
1451.880 -1007.850
1451.310 -1008.840
1451.990 -1008.840
-1281.000 1189.140
-1281.680 1189.130
-1281.110 1190.130
1405.340 1032.150
1406.020 1032.140
1405.920 1033.140
-1539.990 848.151
-1540.070 849.145
-1540.660 848.146
-1578.990 787.149
-1579.100 788.137
-1579.670 787.156
-1635.100 712.141
-1635.090 713.140
-1636.140 711.957
1432.700 1227.530
1433.830 1226.510
1433.750 1227.590
1432.900 1228.650
1435.030 1226.560
1432.900 1229.140
1433.390 1228.640
1433.380 1229.140
1434.410 1228.630
1435.410 1227.650
1434.570 1229.480
1435.400 1228.650
1436.580 1227.610
1435.250 1229.470
1436.400 1228.670
1436.400 1229.140
-1552.680 -1180.720
-1554.100 -1178.860
-1554.190 -1180.780
-1554.250 -1182.280
-1556.100 -1180.870
-1556.010 1173.150
-1556.680 1173.140
-1556.120 1174.140
1595.890 1127.130
1597.750 1125.710
1597.810 1127.210
1597.900 1129.140
1599.320 1127.260
