49.882 -42.865
134.916 -48.850
-94.090 -119.867
139.901 143.145
-6.091 195.142
-100.092 -288.851
241.905 -313.873
213.894 254.140
390.900 -203.861
-195.113 -331.841
210.888 312.131
-240.088 -330.853
-111.107 342.123
127.893 374.133
145.904 -467.864
307.887 327.133
38.901 -504.856
-403.111 50.137
68.925 -511.891
323.920 -426.854
430.898 -322.871
473.891 167.124
-391.099 173.131
518.889 -209.860
546.921 -121.835
-402.084 208.142
-469.271 -14.679
556.900 -180.862
276.902 -522.853
-416.127 233.147
413.900 -466.874
474.897 -419.865
197.899 507.136
-366.110 352.149
531.919 280.147
495.896 336.145
-97.113 531.122
-215.089 493.117
-250.098 479.125
308.891 -586.848
415.902 446.153
182.901 -658.877
662.914 -194.857
682.910 -194.859
40.898 614.133
699.909 58.138
-213.108 586.130
295.913 -688.852
-631.101 78.132
66.903 668.126
-472.127 -534.861
767.900 -27.877
-104.100 665.149
-256.096 -706.849
-622.068 -332.857
-243.840 -714.527
-681.106 -189.855
320.907 -746.881
-450.082 -613.880
-552.101 426.152
741.901 283.120
-146.093 697.128
704.917 -465.868
445.890 -715.856
656.891 -538.868
398.912 671.142
-647.084 -426.857
-683.088 -358.871
798.885 -321.861
-363.113 -732.866
63.894 -855.869
291.917 -830.855
-437.110 -713.870
836.892 223.140
-687.110 -428.855
-786.909 -27.053
-164.075 -852.872
-791.106 -19.882
308.908 -844.868
-705.133 -427.864
-500.070 602.134
-743.097 -344.852
-351.088 -790.867
-704.103 350.155
-653.099 437.142
-95.118 798.117
-544.114 -667.859
-722.121 -445.863
916.902 68.151
-740.098 -467.839
162.902 -935.847
-100.090 -932.880
475.254 772.288
-275.099 822.137
483.160 774.781
-326.109 806.140
-520.113 -784.853
-856.092 -313.845
-868.100 197.137
-899.099 -116.860
722.909 636.140
961.902 -335.842
763.919 -686.841
831.902 -603.852
-643.102 -710.868
-801.098 -510.850
295.923 898.127
383.892 -956.840
-891.113 217.152
-753.110 517.151
-733.111 556.158
1010.900 197.134
-320.109 876.142
252.887 -1013.870
-272.098 908.128
-872.085 -447.865
-922.084 221.130
624.893 786.143
-895.094 326.139
-135.103 -1056.860
-949.105 -322.859
-215.099 -1047.870
1070.900 176.139
-918.083 -445.869
-995.108 99.132
-981.093 -295.838
-140.109 1014.140
-500.117 886.137
-416.107 -1045.860
-369.098 984.136
-1054.100 154.108
-1014.090 345.123
1009.910 560.144
852.899 -854.857
-1094.100 75.144
402.907 1054.150
922.912 714.118
723.904 907.135
-1099.110 156.139
-440.093 -1102.840
672.899 947.152
1043.880 -674.849
-391.100 -1148.840
1246.910 -77.858
-1148.100 -21.856
1124.890 489.134
-1048.100 -548.862
618.902 -1117.870
1213.900 338.143
-663.102 962.139
-751.110 896.143
1145.910 -610.881
-377.107 -1201.850
1239.890 -390.868
-761.119 -984.852
-1195.090 -37.857
1054.900 -782.872
-748.100 918.144
940.901 -918.861
-470.109 -1185.860
-1138.110 -451.851
-1006.090 -725.853
474.363 1141.310
474.905 1145.150
914.907 -968.859
-1066.090 -648.863
-1155.110 362.144
-757.094 946.110
940.890 873.145
-1234.120 -164.843
-1035.100 -745.845
-1147.100 -532.867
839.911 -1067.870
766.907 1038.140
-1141.120 501.146
-519.084 1140.140
-967.562 -874.516
-972.717 -872.360
-1244.110 205.141
1321.910 308.129
-1254.090 -261.878
-1242.120 251.147
851.901 -1101.860
-681.093 -1157.860
1306.930 405.154
-1015.110 783.142
-1283.100 -252.840
-1228.120 415.148
-973.096 -936.873
1237.890 617.126
778.888 1105.130
1337.920 401.141
1395.880 -283.862
1078.910 860.145
1074.890 -950.872
-811.089 -1107.860
1291.900 -642.864
-599.089 1178.150
-1318.100 195.158
-1138.110 676.137
-1357.090 35.153
-1372.110 -64.856
-852.093 -1142.850
-1372.110 9.151
-1350.090 -321.860
1437.890 297.142
1360.880 531.148
1051.900 -1071.870
-1216.120 637.130
-1393.840 -26.816
-1399.220 -21.366
-1396.110 136.135
-1038.100 -1012.870
1517.900 24.113
-1381.100 298.137
1162.910 924.138
1531.910 -42.860
1116.920 990.143
-1437.090 22.151
-1441.090 -62.863
-979.093 -1128.850
-1138.100 -953.878
-1199.100 793.151
-1101.080 -1009.830
-1423.680 266.375
1117.910 1023.150
-1159.110 864.135
-1460.090 -119.888
-1431.580 263.155
910.907 1206.630
-931.109 -1208.870
-1477.110 -36.861
-1270.120 725.139
-991.103 1082.150
1578.900 113.124
-1226.090 -921.862
-1495.080 124.135
-1454.100 357.141
-1199.090 901.125
1533.890 -553.866
-1525.120 0.137
-1371.100 -725.863
1541.080 -565.522
-1076.110 -1164.840
-1531.080 136.145
-1055.100 1110.140
-1544.100 -197.861
-1405.110 -749.858
-1505.090 -543.860
-1338.120 -914.878
-1134.090 1097.140
-1446.100 -724.843
-1598.080 4.154
1331.910 1002.160
-1547.090 -544.858
1594.900 663.134
1281.900 1133.150
-1608.110 -448.851
-1592.090 -523.871
-1383.100 -1018.830
-1491.100 -837.858
-1372.100 -1059.840
-1363.120 1001.130
1406.900 -1158.860
-1340.110 1038.130
-1560.100 716.132
-1351.100 -1146.850
-1519.070 -892.857
-1497.110 -978.861
-1517.100 -959.844
1429.900 1137.130
-1493.090 -1030.860
-1384.090 -1206.860
-1471.100 -1142.880
-1557.090 971.141
-1458.090 1182.140
