-28.990 67.154
-29.661 67.158
-29.091 68.139
-73.252 134.705
-71.671 136.282
-73.190 136.227
-75.099 136.144
-73.100 138.136
41.908 115.147
43.749 113.718
43.810 115.227
43.900 117.151
45.328 115.282
56.344 97.138
57.023 97.137
56.915 98.133
-50.995 221.144
-51.666 221.151
-51.112 222.158
-45.094 -138.866
-44.996 -139.860
-45.670 -139.861
107.899 -139.849
107.343 -140.848
108.006 -140.847
-22.102 -193.875
-22.668 -194.862
-21.989 -194.867
-278.111 -32.855
-21.377 -201.208
-278.000 -33.846
-278.673 -33.836
-21.665 -203.867
-20.989 -203.861
143.323 311.138
144.001 311.144
-217.099 -165.858
143.892 312.143
-216.996 -166.853
-217.669 -166.855
-141.086 -211.857
-140.986 -212.865
-141.664 -212.860
-322.007 142.152
-322.088 143.152
-322.665 142.146
259.329 -55.865
259.883 -54.864
259.997 -55.872
-337.108 6.139
-336.991 5.138
-337.678 5.124
243.919 -107.856
243.353 -108.854
244.000 -108.852
275.334 -73.867
275.886 -72.871
276.001 -73.873
-0.105 -269.853
-0.670 -270.831
0.003 -270.844
295.341 -42.868
295.894 -41.855
296.013 -42.870
-242.114 -205.857
-242.010 -206.858
-242.676 -206.861
-3.126 -283.878
-3.675 -284.859
-3.001 -284.863
211.890 -195.849
211.329 -196.871
211.998 -196.870
34.916 -289.849
34.325 -290.852
35.014 -290.845
-12.098 -300.851
-12.652 -301.852
-11.994 -301.858
249.531 311.612
247.365 315.000
249.458 313.705
251.927 313.741
249.565 317.183
251.860 316.102
-137.089 -307.863
-136.981 -308.874
-137.652 -308.881
352.342 -40.871
352.907 -39.851
353.009 -40.862
-297.075 -232.863
-296.982 -233.840
-297.650 -233.851
-23.104 -342.851
-23.664 -343.832
-23.006 -343.833
-188.108 -311.874
-188.011 -312.864
-188.672 -312.867
289.347 341.141
290.003 341.144
289.891 342.144
-176.000 475.117
-176.666 475.117
-176.106 476.134
-472.995 100.139
-473.087 101.144
-413.072 -158.858
-473.658 100.139
-412.973 -159.863
-413.656 -159.863
353.900 -168.865
355.908 -166.865
355.827 -168.788
355.772 -170.293
357.334 -168.737
-141.990 512.127
-142.666 512.122
-142.099 513.143
-440.105 -146.870
-439.994 -147.863
-440.674 -147.868
-119.985 523.141
-120.663 523.140
-120.099 524.138
-423.015 321.147
-423.677 321.149
-423.126 322.152
-179.093 -380.866
-178.991 -381.857
-179.682 -381.857
-245.140 -361.888
-247.434 -360.812
369.898 -202.854
371.900 -200.859
-245.076 -364.246
371.820 -202.774
-249.641 -362.983
-247.540 -364.291
320.879 -266.864
320.328 -267.864
371.765 -204.298
373.330 -202.720
320.994 -267.869
-247.467 -366.389
270.895 -319.875
270.339 -320.880
271.008 -320.879
-492.993 245.125
-493.099 246.137
-493.666 245.125
-6.676 577.120
-5.997 577.117
-6.110 578.147
483.454 40.225
483.440 37.015
463.330 218.146
485.606 40.062
485.638 35.711
464.019 218.142
463.923 219.132
-379.095 -311.865
369.321 395.150
486.582 42.186
370.000 395.151
-378.988 -312.842
369.892 396.149
-379.678 -312.841
488.759 35.782
488.923 38.569
489.075 41.076
477.901 -124.850
479.896 -122.852
479.814 -124.770
479.759 -126.288
481.335 -124.715
-536.116 -143.856
-536.009 -144.857
-536.667 -144.862
265.919 -404.877
265.336 -405.877
266.018 -405.876
-436.070 -314.857
-435.984 -315.860
-436.659 -315.870
106.914 -477.853
104.903 -479.871
106.821 -479.776
108.331 -479.712
106.759 -481.287
212.343 585.159
212.997 585.156
212.909 586.157
312.907 -401.867
312.339 -402.867
313.015 -402.872
554.322 26.120
554.922 27.125
555.016 26.133
72.331 647.138
73.014 647.141
72.901 648.141
484.326 -224.864
484.899 -223.867
484.996 -224.858
17.344 660.141
18.018 660.138
17.911 661.146
-77.005 662.160
-77.672 662.164
-77.106 663.158
528.342 -165.843
528.905 -164.857
511.336 338.148
529.018 -165.847
511.992 338.155
511.908 339.149
-170.097 -523.840
-169.990 -524.849
-170.671 -524.840
-546.077 -262.856
-545.983 -263.865
-546.662 -263.869
449.349 456.148
450.030 456.154
449.935 457.133
-488.991 489.146
-406.086 -430.851
-489.656 489.142
-489.105 490.128
-604.981 310.138
-405.989 -431.854
-605.100 311.144
-605.658 310.143
-406.649 -431.853
-440.225 541.709
-438.668 543.282
-440.168 543.223
-442.098 543.134
-440.085 545.131
-604.108 -194.843
-604.000 -195.859
-604.677 -195.852
-634.001 259.131
-634.117 260.145
-634.663 259.132
133.908 -557.851
133.345 -558.851
134.018 -558.856
345.341 600.154
346.009 600.149
345.901 601.143
392.884 -436.854
-676.099 -49.867
-675.991 -50.871
392.340 -437.852
392.994 -437.855
-676.660 -50.872
-489.124 -403.867
-489.003 -404.859
-642.988 307.138
-489.677 -404.857
-643.127 308.133
-643.689 307.147
6.335 738.157
7.008 738.150
6.898 739.139
91.903 -594.865
91.338 -595.869
92.016 -595.873
-469.001 579.138
-469.663 579.137
-469.105 580.151
-634.977 373.150
-635.085 374.145
-635.659 373.145
572.326 -267.854
572.888 -266.856
572.992 -267.850
-685.667 -150.713
-687.106 -148.859
-687.181 -150.772
-687.232 -152.285
-689.096 -150.858
-725.120 -97.858
-725.001 -98.858
-725.674 -98.855
54.341 779.157
533.893 -376.855
54.996 779.154
533.341 -377.853
534.004 -377.858
54.895 780.158
112.324 790.137
113.002 790.137
112.882 791.152
-66.117 -675.861
-65.986 -676.852
-66.673 -676.856
131.332 801.161
132.012 801.159
254.331 764.131
131.905 802.140
254.998 764.134
254.885 765.138
-466.993 683.149
-467.668 683.153
-467.105 684.149
-765.094 -121.842
-764.979 -122.851
-778.673 -61.722
-765.649 -122.844
-780.120 -59.863
-780.195 -61.784
-780.244 -63.287
726.355 -43.857
726.911 -42.851
-782.102 -61.874
727.015 -43.862
-309.117 -650.857
-799.981 65.145
-800.095 66.147
-308.987 -651.854
-800.644 65.149
-309.665 -651.847
-256.979 813.164
-257.658 813.160
-257.086 814.150
-530.082 -536.856
-529.981 -537.859
-530.663 -537.856
759.324 140.148
759.893 141.151
759.996 140.147
-822.683 21.308
-824.114 23.146
-625.103 -460.873
-623.665 -462.749
-824.196 21.245
-824.252 19.717
-625.181 -462.795
-826.098 21.154
-625.233 -464.295
-627.105 -462.863
-702.109 -364.869
-702.012 -365.878
-702.672 -365.880
-212.087 -717.863
-211.982 -718.863
-212.653 -718.854
-470.072 -610.866
-469.985 -611.871
-470.657 -611.876
-808.668 291.305
-810.227 289.715
-810.164 291.242
-810.073 293.150
-812.093 291.146
764.326 -117.876
764.889 -116.872
765.005 -117.872
39.908 -751.842
39.349 -752.837
40.018 -752.833
-764.102 -319.858
-763.999 -320.865
-764.662 -320.869
654.898 542.129
546.332 669.166
547.008 669.167
656.763 540.715
546.893 670.148
656.826 542.223
656.916 544.141
658.331 542.286
-777.090 -308.871
-776.982 -309.877
-777.667 -309.880
-699.019 572.151
-699.685 572.143
-699.118 573.143
747.323 403.130
748.018 403.135
747.904 404.128
-201.966 897.142
-202.649 897.153
-202.074 898.138
661.894 -427.852
-826.084 -227.847
661.336 -428.881
-825.992 -228.841
662.003 -428.867
-826.659 -228.840
-771.110 -350.859
-253.106 -754.859
-771.004 -351.876
-771.673 -351.883
-252.998 -755.854
-253.679 -755.857
817.314 -50.858
817.870 -49.854
817.989 -50.858
-791.088 -327.866
-790.987 -328.864
-791.669 -328.863
360.925 -704.859
359.668 -706.343
361.015 -705.854
353.933 -709.870
353.343 -710.877
354.199 -710.769
-844.085 -243.842
-843.994 -244.855
-844.652 -244.859
99.902 -796.868
99.334 -797.858
100.016 -797.865
-412.108 -730.872
-411.985 -731.857
-412.672 -731.852
-889.099 -153.841
-888.989 -154.850
-889.664 -154.846
-687.008 667.133
-687.666 667.130
-687.106 668.133
863.327 118.135
863.870 119.147
863.982 118.136
-852.979 416.130
-853.081 417.138
-853.644 416.126
251.885 -783.867
-411.994 878.156
251.328 -784.866
251.996 -784.865
-412.660 878.158
-412.098 879.145
405.902 -721.856
405.327 -722.842
406.004 -722.848
737.347 549.143
738.018 549.140
737.907 550.137
-228.989 953.135
-229.669 953.133
-229.099 954.127
109.333 971.160
110.008 971.155
109.898 972.155
-384.115 -780.850
-384.000 -781.856
-384.667 -781.855
652.875 -554.862
652.327 -555.854
-1.652 990.135
-0.986 990.136
653.002 -555.858
-1.085 991.150
819.336 -300.853
819.889 -299.855
819.999 -300.850
892.324 153.138
892.882 154.136
892.997 153.136
-935.097 -138.856
-934.995 -139.861
-935.648 -139.859
-963.678 32.288
-921.974 348.167
-922.076 349.150
-965.120 34.147
-922.650 348.162
-965.197 32.229
-965.249 30.714
-967.099 32.144
-713.093 -575.850
-702.095 -587.854
-712.978 -576.850
-701.990 -588.851
-713.653 -576.852
-702.664 -588.853
-679.989 752.135
-464.078 -771.856
-680.663 752.137
-680.107 753.148
-463.985 -772.844
-464.662 -772.842
-837.101 -457.845
-836.989 -458.845
-837.678 -458.845
-698.095 -656.846
956.328 34.135
667.347 765.160
956.885 35.137
668.015 765.157
-698.001 -657.841
956.999 34.135
-698.673 -657.841
667.910 766.138
212.341 1027.110
213.011 1027.120
613.881 -686.860
212.907 1028.120
-853.979 616.132
613.324 -687.866
-854.651 616.128
-854.082 617.133
614.000 -687.868
-992.116 -172.859
-992.001 -173.858
-992.670 -173.867
-942.991 473.145
971.318 48.140
-943.087 474.142
-943.653 473.145
971.880 49.130
972.004 48.136
965.344 190.147
965.996 190.144
965.894 191.145
-821.993 683.118
-822.665 683.118
-822.096 684.140
-183.079 -930.852
319.343 1015.130
-1009.980 308.150
320.007 1015.130
-1010.100 309.156
-1010.670 308.149
319.901 1016.160
-181.668 -932.723
-803.115 -583.859
-183.177 -932.777
-802.996 -584.872
-185.091 -932.856
-803.668 -584.873
441.919 -829.863
-183.244 -934.293
441.334 -830.873
442.002 -830.863
929.906 -271.857
931.893 -269.859
931.817 -271.773
931.767 -273.299
-771.109 -631.856
-770.991 -632.872
933.316 -271.715
-771.668 -632.872
-735.116 -669.865
-734.998 -670.855
-735.674 -670.860
-705.108 -701.842
963.344 -187.876
-704.995 -702.850
963.913 -186.868
-705.666 -702.845
964.021 -187.875
936.326 419.135
937.010 419.142
936.906 420.136
-853.109 -554.854
-852.997 -555.852
-536.085 -832.861
-853.676 -555.846
-535.987 -833.847
-536.656 -833.843
978.341 -184.848
978.920 -183.872
979.013 -184.848
989.329 -150.860
989.889 -149.861
990.017 -150.870
128.332 1099.140
129.005 1099.140
-680.233 883.707
-126.116 -972.865
-678.671 885.291
128.897 1100.140
-126.003 -973.880
-126.671 -973.875
-680.172 885.232
-682.089 885.145
-680.084 887.147
183.326 1094.140
184.000 1094.140
667.328 852.151
667.991 852.146
183.898 1095.150
667.878 853.141
946.909 -333.879
948.915 -331.870
948.815 -333.786
948.748 -335.299
950.323 -333.722
146.889 -976.864
146.336 -977.855
147.005 -977.859
347.350 1060.120
348.031 1060.120
1032.340 21.128
1032.930 22.149
1033.010 21.140
347.918 1061.120
-921.132 -517.859
-920.995 -518.872
-921.681 -518.871
13.349 1144.130
14.027 1144.140
13.929 1145.150
-1063.110 -242.864
-1062.990 -243.875
-1063.670 -243.871
-386.999 1088.170
-387.683 1088.170
-387.117 1089.150
201.331 1128.140
202.001 1128.140
201.886 1129.130
-1036.000 478.135
-1036.120 479.145
-1036.670 478.137
-1083.100 -206.847
-1082.990 -207.857
-966.995 622.144
-1083.650 -207.858
65.927 -1018.860
-967.679 622.138
-967.109 623.150
841.344 725.151
65.343 -1019.860
66.011 -1019.860
842.008 725.146
841.898 726.138
748.334 836.118
748.987 836.123
-795.111 -713.862
748.906 837.138
-794.993 -714.861
760.897 -690.846
762.894 -688.865
-548.012 1031.140
-548.665 1031.130
-795.672 -714.861
-994.988 584.143
-548.111 1032.140
762.818 -690.772
771.326 816.146
-995.094 585.155
-995.666 584.141
772.003 816.143
762.767 -692.291
764.325 -690.722
771.893 817.144
661.334 920.122
661.989 920.119
661.893 921.138
1061.330 204.140
1062.020 204.141
1061.910 205.140
-870.991 776.117
-871.659 776.115
-871.095 777.138
-694.462 945.607
-692.075 947.741
-694.541 947.693
-692.132 950.105
-696.626 949.006
-694.427 951.188
321.347 1117.140
322.000 1117.140
-572.990 1032.130
-866.666 792.280
321.888 1118.140
-573.666 1032.130
-868.258 790.709
-573.097 1033.140
-868.187 792.217
-868.084 794.141
-870.105 792.126
611.896 -839.860
609.914 -841.847
819.346 785.148
820.009 785.147
611.813 -841.766
819.906 786.146
613.325 -841.711
611.757 -843.280
-836.098 -701.861
-835.990 -702.846
-836.663 -702.850
-415.086 -984.859
-414.969 -985.856
-415.670 -985.845
1053.900 -247.857
1055.910 -245.848
-743.000 942.130
1055.810 -247.758
-743.664 942.140
1055.750 -249.288
-743.098 943.147
1057.330 -247.692
933.333 663.149
933.999 663.145
933.885 664.143
141.353 1188.160
142.014 1188.160
141.915 1189.150
830.325 809.135
830.995 809.140
830.887 810.146
-244.113 -1048.850
-243.992 -1049.850
-244.659 -1049.840
-865.999 838.121
-866.663 838.123
-866.100 839.121
-70.109 -1070.850
-1166.990 123.139
-1167.090 124.132
-70.001 -1071.860
-70.667 -1071.860
-986.118 -551.866
-1167.680 123.135
-985.989 -552.862
-986.674 -552.865
-678.108 -872.857
-1102.090 -325.854
-1101.990 -326.846
1072.350 373.130
-677.994 -873.857
-678.680 -873.855
-1102.650 -326.842
1073.010 373.131
1072.920 374.138
607.891 -886.879
607.324 -887.880
1110.340 -70.850
608.008 -887.880
1110.900 -69.856
1111.010 -70.847
-1016.110 -521.876
-878.999 841.122
-1015.980 -522.859
-879.659 841.120
-879.093 842.141
310.905 -1031.870
-1016.680 -522.858
310.328 -1032.870
311.010 -1032.870
103.343 1211.110
104.001 1211.130
103.918 1212.140
-70.103 -1086.850
-70.004 -1087.860
-70.685 -1087.870
-613.980 1065.150
-614.644 1065.150
878.329 786.167
-614.066 1066.150
-1035.110 -505.854
879.017 786.165
-1035.000 -506.850
-445.993 1148.140
878.903 787.160
-1035.660 -506.845
-446.661 1148.140
-446.083 1149.150
-529.107 -981.856
-1134.670 427.297
-529.006 -982.867
-529.654 -982.863
-1136.240 425.720
-1136.200 427.244
-1136.140 429.151
-908.106 -697.854
-907.997 -698.860
-1138.100 427.165
-908.671 -698.861
1042.340 -401.863
1042.900 -400.868
1043.010 -401.866
-1201.080 43.740
-1201.140 46.114
-998.998 726.135
-1018.110 -562.860
-1018.000 -563.845
-999.666 726.137
-999.109 727.133
-1018.680 -563.850
-1203.410 47.188
-1203.480 41.609
-1203.550 43.690
-684.096 -908.864
-683.996 -909.864
-684.658 -909.868
-1205.640 44.990
189.879 -1093.850
189.319 -1094.840
190.003 -1094.840
-82.258 -1114.910
-1157.100 -292.858
-1156.990 -293.856
-82.086 -1116.090
-1185.100 -192.861
-1157.660 -293.856
-1184.990 -193.863
-84.059 -1116.860
-1185.670 -193.872
-129.095 -1114.860
-86.583 -1118.080
-84.993 -1118.600
-129.000 -1115.870
-129.672 -1115.870
-86.679 -1118.980
988.876 -549.845
988.328 -550.843
988.996 -550.849
962.885 -594.849
962.333 -595.857
264.905 -1088.850
963.005 -595.861
-1187.070 -220.855
-1186.980 -221.846
264.339 -1089.850
265.000 -1089.840
-1187.660 -221.857
704.330 1016.150
705.001 1016.140
704.890 1017.140
-1215.100 -130.865
-1214.990 -131.856
-1215.670 -131.857
1086.320 -384.842
1086.880 -383.871
1086.990 -384.856
499.327 1149.140
500.006 1149.140
499.917 1150.140
779.328 963.139
620.890 -949.863
780.015 963.150
620.326 -950.866
620.990 -950.862
779.922 964.136
-657.112 -967.864
-656.997 -968.870
-657.668 -968.869
-1195.140 -266.853
-1195.020 -267.862
-1195.690 -267.859
-1183.100 -312.854
-1182.990 -313.857
-1183.660 -313.861
1135.330 -288.839
1135.910 -287.859
1136.020 -288.844
1190.340 64.149
1190.900 65.144
1191.000 64.139
-658.979 1113.120
-659.661 1113.130
-659.085 1114.130
517.904 -1028.860
1147.900 409.145
945.906 -675.877
515.891 -1030.870
947.909 -673.859
517.814 -1030.780
1149.750 407.706
519.333 -1030.720
947.823 -675.777
1149.800 409.224
517.752 -1032.290
1149.880 411.133
947.765 -677.292
949.321 -675.709
478.924 -1051.860
1151.330 409.278
478.340 -1052.870
479.005 -1052.870
766.325 1008.130
766.997 1008.130
766.894 1009.140
1043.880 -545.848
1043.330 -546.840
1044.010 -546.844
-1144.110 -473.871
-1143.990 -474.861
-1144.680 -474.870
-1090.110 -579.859
-1090.010 -580.864
-1090.660 -580.863
-955.657 899.267
-957.223 897.710
949.335 838.142
950.007 838.143
-957.159 899.215
949.893 839.135
-957.065 901.138
-959.104 899.137
-1109.010 694.144
-1109.670 694.146
-1109.120 695.158
-1142.680 639.271
-119.110 -1181.880
-1144.220 637.710
-119.009 -1182.880
-119.667 -1182.890
-1144.180 639.225
597.863 -1018.870
-1144.110 641.135
597.323 -1019.870
597.993 -1019.880
-1146.110 639.156
-57.105 -1189.870
-56.991 -1190.860
-57.684 -1190.870
-1283.990 178.141
-1284.120 179.139
-1284.670 178.157
752.883 -922.854
752.327 -923.858
752.988 -923.861
-678.995 1153.140
-679.651 1153.130
-679.085 1154.150
-1294.000 -53.884
-1294.110 -52.877
-1294.670 -53.890
-881.235 1011.710
-879.667 1013.270
-881.180 1013.220
-883.095 1013.140
-881.100 1015.140
-55.091 -1209.860
-54.986 -1210.870
-55.665 -1210.870
-610.098 -1071.870
1173.350 504.159
-609.990 -1072.890
-610.651 -1072.890
1173.990 504.154
1173.890 505.148
-230.096 -1198.850
-228.664 -1200.730
-230.178 -1200.770
-80.112 -1215.860
-232.095 -1200.840
-79.999 -1216.860
-80.668 -1216.870
-230.235 -1202.290
-655.100 -1055.860
-654.978 -1056.870
903.326 954.129
-655.652 -1056.870
1135.890 -479.870
903.988 954.127
1195.340 -330.881
1195.920 -329.865
-1265.100 -293.864
1137.900 -477.857
903.876 955.149
-1265.000 -294.863
1196.020 -330.868
818.914 -902.859
-1265.660 -294.860
1137.810 -479.778
818.335 -903.864
819.015 -903.866
1137.740 -481.288
1139.320 -479.715
1269.330 94.142
1269.900 95.138
1270.030 94.139
-1284.090 -293.867
-1283.990 -294.873
-1284.660 -294.877
-1230.130 -454.862
-1230.000 -455.873
-1308.100 -215.858
-1307.990 -216.838
-1230.670 -455.869
-1308.680 -216.837
1183.330 567.133
1184.020 567.142
1183.900 568.134
-933.075 1027.740
-935.486 1025.610
-935.548 1027.700
689.901 -1040.860
-933.142 1030.090
689.350 -1041.870
690.011 -1041.880
1169.320 628.122
-937.649 1029.000
-935.433 1031.180
1170.000 628.123
1169.890 629.128
616.890 -1092.870
614.897 -1094.850
616.817 -1094.770
618.324 -1094.720
616.767 -1096.290
-1332.980 337.139
-1333.080 338.133
-1333.670 337.141
-1235.010 637.119
-1235.120 638.144
-1235.660 637.125
-620.110 -1134.870
-619.988 -1135.860
-620.664 -1135.860
740.319 1167.120
-397.426 -1223.820
741.009 1167.120
-395.132 -1224.900
-1352.000 298.157
-1352.110 299.149
740.894 1168.120
-1352.670 298.155
-399.636 -1226.000
-395.004 -1227.340
-397.609 -1227.360
-448.089 -1212.840
-448.062 -1213.960
-395.709 -1230.020
-400.529 -1229.150
-397.564 -1230.020
-399.462 -1229.770
-449.348 -1214.600
-434.097 -1219.870
-433.989 -1220.850
-434.678 -1220.860
-1209.990 724.136
-1210.660 724.138
-1210.110 725.139
1198.890 -499.842
-451.106 -1218.660
-681.090 -1118.860
1200.910 -497.863
1200.820 -499.762
-679.680 -1120.700
1200.750 -501.278
-452.686 -1219.730
-681.175 -1120.770
-452.098 -1220.430
958.885 -860.869
1202.320 -499.709
958.331 -861.859
959.008 -861.861
-683.094 -1120.870
-681.234 -1122.290
-1394.990 -8.885
-1395.070 -7.873
-1395.670 -8.901
-1113.970 905.130
-1114.650 905.130
-1114.080 906.145
1164.880 -610.854
1164.340 -611.842
1165.000 -611.847
-1050.000 986.143
-1050.660 986.149
-1050.120 987.138
-1407.990 45.133
-1408.100 46.132
-1408.670 45.125
1199.330 698.133
-925.084 -983.852
1200.000 698.130
1199.880 699.134
-924.982 -984.862
-925.650 -984.863
-1270.980 696.138
-1271.100 697.134
-1271.670 696.145
1229.340 -530.857
1229.900 -529.852
1230.020 -530.862
-1113.120 -810.858
-1113.010 -811.859
-1403.980 308.140
-1113.660 -811.859
-1404.090 309.132
-1404.670 308.142
1359.330 229.142
1360.000 229.142
1359.900 230.136
-1432.680 53.286
-1233.110 -656.851
-1434.090 55.136
-1434.180 53.228
-1434.240 51.709
-1233.010 -657.867
-1233.680 -657.869
-1436.100 53.142
-1422.110 -135.855
-1421.990 -136.850
1240.910 -540.836
-1422.660 -136.850
1243.290 -537.301
1244.890 -534.860
1242.340 -540.288
1244.710 -536.496
825.902 -1053.850
-1438.000 126.126
825.354 -1054.850
-1438.120 127.138
826.007 -1054.850
-1438.690 126.135
-1128.090 -819.867
-1126.660 -821.722
-1128.170 -821.777
-1128.220 -823.290
-1130.090 -821.860
-1406.990 394.139
-1407.090 395.153
-1407.650 394.142
1335.320 467.142
-1434.090 -150.862
-1433.990 -151.903
1335.990 467.139
1393.320 89.129
1335.870 468.142
-1434.670 -151.905
1381.330 -120.860
1393.880 90.140
1394.010 89.133
1381.900 -119.849
1382.010 -120.859
-1126.660 974.268
-1128.260 972.710
-1128.190 974.214
-1128.100 976.126
-1130.110 974.135
-1230.120 -702.852
-1230.000 -703.861
-1327.690 -525.707
-1230.670 -703.866
-1329.110 -523.862
-1329.200 -525.767
-1329.260 -527.289
-1296.100 -595.859
-1296.000 -596.859
-1331.110 -525.857
-1296.670 -596.861
1299.340 -481.862
1299.910 -480.869
1300.010 -481.858
-1148.110 -839.860
-1148.010 -840.861
-1148.670 -840.851
-1412.100 -347.860
-1411.990 -348.855
-1412.650 -348.848
1296.320 -508.880
1414.340 -5.862
1296.860 -507.881
1414.890 -4.866
1296.990 -508.879
1415.010 -5.867
1314.340 -469.868
1314.910 -468.860
1315.010 -469.865
-1172.120 -822.856
-1172.000 -823.863
-1424.020 460.138
-1424.130 461.127
-1172.670 -823.862
-1424.680 460.132
-1476.980 172.136
-1477.100 173.132
-1477.660 172.136
-1035.000 1117.140
-1035.660 1117.150
-1035.090 1118.140
1315.330 -516.854
1315.900 -515.868
1316.010 -516.852
1262.320 772.152
1263.010 772.146
1431.330 253.151
1262.890 773.142
-1428.670 525.278
1432.010 253.149
1431.890 254.141
-1430.240 523.721
-1430.190 525.230
-1430.120 527.137
-1432.100 525.158
-765.130 -1214.850
-765.018 -1215.870
-765.672 -1215.860
1173.880 -794.877
1173.320 -795.866
1174.020 -795.863
1184.350 923.156
1185.020 923.154
1184.920 924.133
812.894 -1158.860
812.336 -1159.870
813.010 -1159.860
1350.370 -493.011
1352.590 -490.809
1352.460 -494.302
1352.530 -496.397
1354.850 -491.885
1340.330 -527.889
1340.910 -526.881
1354.920 -494.257
1341.010 -527.882
-949.072 -1111.860
-948.984 -1112.890
-949.658 -1112.890
1445.330 -223.865
1445.890 -222.864
1446.000 -223.866
1439.330 431.119
1440.010 431.131
1439.920 432.143
1228.900 -786.863
1228.330 -787.860
1229.010 -787.859
-1108.110 -1022.850
-1107.980 -1023.850
-1108.660 -1023.820
840.897 -1201.870
840.328 -1202.880
841.012 -1202.870
1084.910 -997.854
1084.340 -998.846
1085.000 -998.846
1511.340 142.138
1511.910 143.142
1512.020 142.134
1402.330 -509.871
1402.880 -508.868
1402.990 -509.971
1488.330 -218.865
1488.880 -217.864
1488.990 -218.868
1409.340 -507.343
1410.900 -505.863
1411.020 -506.853
-1574.000 -67.856
-1574.090 -66.866
-1574.670 -67.853
-1271.100 -867.853
-1271.000 -868.845
-1396.920 -672.938
-1271.670 -868.839
-1397.090 -675.425
-1399.420 -671.828
-1397.250 -678.216
-1400.400 -673.949
-1402.570 -673.777
-1400.380 -678.291
-1402.570 -677.004
1461.320 585.122
1461.990 585.122
1461.880 586.127
-1003.110 -1177.860
-1002.990 -1178.870
-1003.670 -1178.860
1453.320 -486.880
1393.330 -626.869
1453.890 -485.871
1393.890 -625.875
1454.010 -486.872
1393.990 -626.872
-1476.980 711.120
-1477.090 712.140
-1477.650 711.121
1231.890 -895.843
1231.320 -896.862
1231.990 -896.845
1558.350 35.126
1558.920 36.152
1559.010 35.129
-1143.000 1201.140
-1143.660 1201.140
-1143.090 1202.130
918.889 -1217.860
918.327 -1218.870
918.993 -1218.870
1328.910 -799.863
1330.890 -797.856
1330.820 -799.789
1330.780 -801.297
1332.340 -799.739
1157.910 -1027.860
1157.340 -1028.850
1158.010 -1028.850
1551.320 407.112
1551.990 407.128
1551.890 408.134
-1401.100 -788.869
-1400.990 -789.867
-1401.660 -789.868
1587.310 230.144
1587.880 231.140
1588.000 230.144
1474.900 -583.857
1605.340 -63.870
1476.910 -581.859
1605.920 -62.853
1225.900 -988.845
1606.010 -63.863
1227.900 -986.862
1476.820 -583.767
-1486.010 822.142
1476.770 -585.291
1227.830 -988.762
-1486.110 823.143
-1486.670 822.150
1478.330 -583.708
1227.770 -990.281
1229.330 -988.707
-1628.100 -329.871
-1628.010 -330.869
-1628.670 -330.874
-1239.130 -1056.890
-1241.450 -1055.810
-1239.070 -1059.260
-1241.540 -1059.310
-1243.640 -1057.990
-1241.460 -1061.400
-1561.990 716.142
-1562.120 717.151
-1562.670 716.140
-1304.110 -1005.850
-1302.660 -1007.740
-1304.170 -1007.780
1222.330 1170.140
1223.010 1170.140
-1304.220 -1009.280
1222.900 1171.150
-1306.100 -1007.850
-1472.990 924.144
-1473.670 924.142
-1473.100 925.142
-1620.080 -473.872
-1619.970 -474.866
-1620.670 -474.866
1193.890 -1107.860
1195.890 -1105.860
1195.800 -1107.770
-1580.090 -621.865
-1579.990 -622.873
-1580.650 -622.865
1195.730 -1109.280
1197.330 -1107.720
1377.340 1056.150
1378.010 1056.150
1377.900 1057.150
1490.320 -744.863
1490.890 -743.853
1491.000 -744.860
1626.890 -419.869
1628.900 -417.862
1628.810 -419.771
1628.750 -421.285
1630.330 -419.704
-1441.990 1073.130
-1442.680 1073.130
-1442.110 1074.150
1628.340 -492.876
1628.900 -491.868
1629.020 -492.873
1298.350 1216.130
1299.010 1216.120
1298.900 1217.140
-1227.110 -1225.870
-1226.980 -1226.980
-1228.160 -1227.040
1286.900 -1112.860
1286.330 -1113.870
1287.010 -1113.870
1227.880 -1176.870
1227.330 -1177.870
1228.010 -1177.870
-1467.100 -972.856
-1467.000 -973.852
-1467.670 -973.850
-1450.100 -1044.870
-1450.000 -1045.890
-1450.670 -1045.890
1435.340 1134.130
1436.010 1134.130
1435.900 1135.140
1560.350 -807.874
1560.920 -806.875
1561.030 -807.880
-1455.100 -1098.860
-1455.000 -1099.850
-1455.660 -1099.860
-1377.120 -1190.860
-1377.000 -1191.870
-1377.680 -1191.860
1303.900 -1213.860
1303.340 -1214.880
1304.000 -1214.870
-1433.090 -1159.860
-1432.980 -1160.860
-1433.670 -1160.850
1571.920 -977.855
1571.350 -978.854
1572.010 -978.849
-1629.980 1120.130
-1630.670 1120.130
-1630.100 1121.140
-1532.120 -1172.880
-1531.990 -1173.860
-1532.680 -1173.850
1483.900 -1200.860
1483.320 -1201.870
1484.010 -1201.860
