-57.106 34.146
-47.103 69.153
-133.140 24.149
70.900 59.152
-218.101 13.129
-213.103 -19.855
65.913 -131.863
-47.108 243.134
-211.092 202.138
-287.097 104.134
-66.075 -223.872
-320.089 138.127
188.897 -108.858
98.889 273.147
153.900 -160.871
1.894 326.142
-54.105 333.139
243.233 36.331
245.884 84.134
-250.097 -204.844
254.850 41.086
257.910 -48.871
-69.088 361.137
206.911 238.138
281.902 -10.848
282.895 -30.839
130.901 352.137
316.898 112.136
348.867 99.163
61.887 428.142
-467.119 -95.851
-365.111 -271.849
-181.102 454.157
-40.100 -408.875
-409.103 309.130
-294.084 -356.855
-193.105 476.149
-76.114 -434.842
-336.103 -345.868
-448.102 300.153
312.904 331.127
163.891 -388.856
403.248 -108.301
272.920 390.158
355.899 290.127
407.238 -116.542
420.887 147.128
321.911 358.143
-13.088 532.146
-239.086 524.146
410.497 292.140
409.374 295.181
360.916 376.132
-151.112 577.138
-484.117 395.137
508.889 -84.868
200.886 -486.868
-261.076 594.132
-584.100 -245.866
527.886 179.150
495.896 -207.868
-662.093 2.130
-641.114 201.143
-648.100 -130.853
-638.104 253.139
141.899 637.136
-704.108 -42.866
434.889 465.139
-648.104 318.133
-399.100 599.156
320.902 579.148
-131.097 -625.861
145.917 674.149
-704.086 226.144
394.894 -471.865
-475.089 -502.857
-729.100 145.106
567.835 306.304
568.900 304.875
-738.091 122.143
-448.098 604.136
53.910 -653.882
-365.108 670.149
-569.104 -456.856
-452.087 -561.864
-319.107 700.137
-649.105 437.131
-743.089 240.128
573.903 378.146
573.903 378.200
664.915 22.141
-668.088 -365.839
531.903 476.127
675.887 -98.847
-300.100 739.146
131.905 757.153
-811.096 64.120
-320.118 742.133
669.898 242.158
-146.098 790.135
-748.121 359.129
557.898 494.129
-259.105 -706.873
38.899 -729.849
-620.094 565.130
-11.097 811.138
711.902 -89.856
-522.108 663.133
-495.119 683.129
338.872 721.122
627.911 436.142
249.896 783.121
-723.096 500.130
-831.090 302.146
683.901 392.124
675.878 -346.856
581.918 -492.874
53.903 855.142
-824.099 -280.845
377.907 740.148
552.905 596.119
-847.096 -220.869
-788.121 -359.878
-890.106 84.148
-789.092 436.137
-232.094 851.149
85.895 -791.855
-352.108 823.135
118.904 -795.850
787.899 113.156
785.910 -73.847
-837.093 373.145
783.893 167.132
582.896 600.149
-914.092 -21.869
785.900 213.126
748.909 349.138
565.916 -576.855
529.903 680.142
54.887 902.149
-233.116 892.137
-280.113 881.145
606.918 -549.865
773.898 343.151
787.900 -241.874
389.910 804.119
-222.087 -842.860
-179.098 -852.872
776.921 369.147
-836.104 484.133
561.932 689.129
-69.100 938.133
-927.116 281.154
-916.087 318.145
605.839 660.255
604.800 662.335
758.890 -374.856
534.904 736.162
-86.102 952.139
275.904 890.134
596.360 679.932
-898.086 -347.847
-885.104 444.132
597.910 686.135
804.907 -305.869
-518.094 838.129
336.895 877.148
-704.102 704.137
-990.094 -10.876
631.854 670.661
642.908 -596.846
-458.098 -822.866
465.908 824.121
-163.099 986.131
658.462 682.446
-1021.110 97.137
276.908 941.138
-548.093 868.122
66.910 994.138
861.897 346.140
-903.102 -443.858
920.892 111.129
854.911 -339.862
-302.111 -921.860
855.846 -358.140
-978.094 428.139
865.901 432.153
947.907 -0.867
-922.092 559.149
223.908 -939.863
-1051.100 256.128
-871.099 650.138
-900.337 610.671
-461.106 973.146
-655.088 864.132
-896.119 620.134
-527.095 -880.863
968.901 -43.853
425.889 -876.862
-170.105 1067.140
669.912 -709.850
822.911 593.138
988.885 26.168
972.911 -159.852
706.909 755.133
-458.091 1020.150
-861.809 733.352
-859.587 736.535
644.912 857.138
-599.080 -902.847
-1027.120 519.150
131.903 1104.150
60.903 1115.130
451.903 998.130
758.919 764.144
-876.087 -697.862
-1049.110 507.146
-1151.080 -88.867
-856.091 -724.876
-863.085 788.120
-48.115 -1069.850
591.904 932.138
289.913 1089.150
-296.108 1123.140
832.883 708.142
758.916 -728.870
-267.113 1133.140
-518.103 1055.140
899.912 620.138
-577.110 -960.865
129.897 1144.130
-1037.090 596.148
869.912 681.126
257.916 1125.150
-749.098 -868.863
783.900 801.140
-907.107 792.139
935.473 593.900
-1143.110 386.122
851.897 726.144
796.899 -725.840
-256.097 1162.140
969.910 -486.882
839.905 759.133
144.896 -1106.860
940.919 623.142
423.604 1089.420
-1008.090 699.133
-832.109 898.134
-1047.110 -575.867
1079.880 279.132
-908.110 834.123
426.914 1098.120
-990.082 -672.854
-1214.090 235.140
-196.088 1202.140
744.891 -831.869
122.911 -1132.840
825.883 818.136
901.899 724.146
243.908 -1118.850
1137.900 -10.850
329.898 1170.130
1078.930 421.141
-1222.090 326.138
968.905 661.130
207.899 -1138.860
427.904 1142.130
-1264.120 -63.851
996.894 -564.851
-1070.110 702.153
686.899 -926.875
650.896 1022.120
-114.096 -1180.860
566.889 1082.130
-479.092 -1114.840
-1275.080 205.129
1132.870 345.160
-889.486 940.219
1173.910 70.128
-437.093 1206.160
409.910 -1109.880
-890.103 949.109
-1132.110 653.124
-1105.090 705.147
521.875 1138.140
-929.076 927.136
901.892 850.141
844.898 -857.857
-1127.110 718.140
-1321.090 -98.873
492.896 1181.140
1042.900 673.140
763.894 -937.849
-730.087 -1046.860
1188.980 303.044
1190.750 300.489
936.908 -767.857
513.905 1177.140
1227.910 -32.868
1020.900 737.141
1104.890 617.126
1119.910 -519.857
-1358.090 47.143
-1182.100 688.151
-1356.120 -54.859
1140.880 548.144
1169.920 -411.855
-957.084 982.161
558.923 1187.150
-991.090 956.135
-828.098 1097.160
-1358.090 233.148
956.866 891.169
1046.900 -720.864
1029.890 -745.854
1102.910 723.143
-1353.090 -364.878
-1086.100 920.129
1235.890 -382.859
1142.890 681.151
1097.900 784.141
-1383.110 -353.866
-882.097 1143.140
844.895 1084.130
-1236.100 794.125
938.888 1029.150
-1182.100 881.141
1112.890 832.144
-855.082 1206.120
-857.103 -1141.850
-1109.090 -944.867
1263.900 608.149
-1125.110 1006.120
1089.900 -854.829
-1384.090 -553.859
-1485.100 -256.856
1113.900 903.151
1378.900 317.139
1256.910 -631.860
-1440.100 568.149
933.913 -1087.880
1443.920 98.149
1405.910 -326.854
1304.900 -616.844
-1132.100 -1029.870
1248.910 832.132
1293.900 766.142
-1553.100 -328.885
1463.900 322.135
-1613.090 -44.861
-1403.100 -796.870
1531.910 -67.868
1492.890 400.158
1095.910 -1066.870
1534.880 -198.856
-1506.110 743.139
-1131.110 -1174.850
1378.900 -720.840
1560.890 198.147
-1582.100 -537.853
1485.880 583.143
1214.890 1072.140
1562.910 -300.852
-1491.100 -793.858
1429.890 764.146
1315.890 962.143
-1347.080 1088.160
1577.890 366.149
1599.890 -301.865
-1474.100 960.147
-1523.120 906.127
1119.900 -1206.870
-1574.090 834.121
-1384.090 1133.130
1561.900 629.143
1524.890 -654.854
-1411.110 1122.140
1245.900 1194.140
1245.900 1194.190
-1404.510 1147.020
-1315.090 -1181.870
-1467.100 1078.130
-1543.110 969.150
1426.910 986.130
1445.910 963.131
1377.930 -997.885
1472.900 977.148
-1528.070 1072.140
1491.890 985.129
1385.890 -1082.840
1404.890 1129.140
1415.890 1182.150
-1599.100 1197.140
