37.911 25.150
71.902 123.143
-27.101 136.136
93.909 -107.864
-14.101 160.145
2.903 166.137
-132.097 30.126
231.892 74.126
-53.111 -154.870
192.902 187.131
230.899 -91.851
-149.116 199.146
299.901 34.140
31.897 -238.863
-150.106 -161.844
-235.103 47.131
229.908 236.126
-61.109 310.153
-233.100 167.144
-237.456 160.614
9.898 340.144
-69.107 338.126
351.892 -95.882
-259.104 -157.848
-292.088 -105.873
-287.094 -134.871
385.911 145.134
41.897 397.126
-334.092 -51.875
446.894 46.151
-365.112 -69.877
96.899 440.130
271.890 389.143
397.906 267.131
432.895 -161.850
499.897 43.131
-320.097 -271.875
-308.094 -290.886
-380.097 -189.861
-439.095 73.129
110.893 -448.862
-124.091 486.152
-415.105 211.163
521.887 113.125
-402.115 252.147
-358.101 328.130
136.883 518.134
-410.102 -216.856
20.895 547.138
553.882 125.136
277.894 -449.858
65.889 -507.873
433.897 387.122
441.894 -330.862
223.881 -486.869
510.898 -254.847
8.920 575.149
-285.084 473.138
-151.090 557.141
-454.080 304.129
604.891 147.136
-507.104 -194.850
-413.097 -377.875
-26.103 628.124
347.886 -504.880
-538.099 247.116
46.894 648.147
679.896 -123.874
308.906 626.134
-357.107 -506.860
-594.104 -176.845
-14.094 687.139
-625.113 76.140
3.910 -639.860
-566.100 -259.894
708.895 98.149
-468.091 -429.870
633.905 -334.880
698.904 -198.839
-548.104 405.130
569.898 478.140
542.899 513.136
279.906 -636.857
742.898 66.116
-468.105 535.124
698.887 317.142
69.891 757.132
-2.085 758.135
764.893 -79.865
759.897 163.139
-554.097 -434.861
-359.112 665.152
-427.115 621.133
227.890 -710.829
-620.105 416.141
-275.089 725.136
-731.085 67.146
-380.092 -632.852
711.871 417.143
-563.102 526.153
785.915 264.131
-293.092 -689.880
-293.092 -689.991
-41.103 811.159
120.891 821.154
395.903 745.154
775.898 -297.858
-531.096 -548.863
-351.120 -683.855
-116.092 -773.861
843.908 -106.852
-429.085 -653.841
-330.099 769.132
-519.089 644.124
-765.109 270.132
-58.114 -812.830
659.888 597.114
883.906 38.148
244.902 848.138
643.288 624.053
77.907 -825.865
-102.090 -815.858
-790.092 243.155
777.913 -413.856
647.892 633.145
385.904 818.144
-608.106 602.139
102.898 -838.854
809.903 421.134
660.902 -582.851
531.890 742.144
-333.103 813.148
484.902 -725.859
844.905 364.141
604.898 -645.863
-594.091 636.142
-158.113 -833.869
730.911 571.178
-764.102 -348.869
-845.095 90.151
178.897 903.147
134.891 922.122
435.895 -785.848
-272.091 886.135
183.898 -885.857
-887.099 79.138
939.918 -191.875
864.906 448.125
-885.103 168.153
-485.102 -761.861
-903.090 167.131
-66.091 972.159
-739.112 605.143
242.923 -924.865
389.884 949.141
-864.096 431.148
517.891 -840.863
990.874 -264.875
-958.106 -21.865
-329.093 -907.874
-909.109 368.126
-201.105 1008.140
1038.900 -131.855
471.913 943.127
-379.107 961.143
-63.112 -994.860
875.898 -566.859
1064.900 -94.867
-266.076 1024.140
1078.900 -77.862
-893.089 502.140
-1012.090 47.135
877.910 -609.867
-467.100 955.145
931.904 596.135
704.895 -800.847
233.892 1072.130
1049.900 -322.864
-921.085 512.137
858.889 -674.857
667.896 901.146
-801.096 712.136
137.915 -1054.860
639.898 -877.862
-661.099 -806.872
-927.079 532.134
628.909 941.139
412.897 1051.140
470.759 1034.660
674.903 -870.857
934.901 -611.847
-1044.110 -177.861
1005.890 553.154
28.893 1131.140
-448.101 1024.140
-805.081 -698.853
334.241 1096.190
516.908 1029.130
398.857 1078.000
330.915 1105.110
1156.880 44.143
-311.097 -1038.850
392.913 1089.150
441.904 1073.130
1156.900 -71.864
-394.101 1070.160
-1097.090 -87.862
1181.890 -11.853
1099.910 -405.858
411.895 1109.150
921.894 763.157
430.878 1111.150
-1054.090 -352.875
817.892 880.142
1044.920 -545.870
328.890 1147.140
675.906 997.139
-106.119 -1129.870
1111.900 -428.856
86.919 1192.140
180.913 1190.130
-524.096 1057.140
-374.100 1131.150
-834.130 842.134
-570.110 1058.120
155.902 -1167.870
1200.910 319.139
293.901 1197.130
1208.890 295.121
-347.095 1169.130
-857.739 838.829
-865.289 830.768
-858.261 842.792
-859.721 841.273
834.904 953.140
-853.111 -815.851
-1059.090 -529.869
-884.005 845.547
-822.102 914.128
-882.922 858.361
-1061.100 -555.851
-1197.090 169.129
-145.105 -1208.860
680.902 -1049.850
1260.910 -252.868
-892.108 876.631
-1212.100 -146.857
1155.890 -563.866
-921.123 856.158
1246.900 -367.864
1197.900 567.144
-1181.110 -375.867
1096.910 755.143
-1028.120 767.129
1340.910 21.155
918.891 -937.848
1234.910 554.142
1347.890 91.140
-1079.090 720.155
-989.100 855.152
837.907 1077.140
1349.890 186.153
1359.900 -50.858
1364.900 97.138
1292.900 479.136
-1291.100 188.140
1239.900 -589.856
-1276.090 -302.858
1393.890 -4.847
1275.900 588.144
669.912 -1185.860
1406.890 89.130
-720.109 1167.150
1351.890 422.151
-977.120 958.117
837.886 1161.130
-791.104 1142.150
-1012.090 945.159
-1316.110 -333.876
1433.910 214.143
1100.910 -900.849
-1373.090 -8.851
1299.890 685.134
1438.880 308.143
1359.900 583.126
-883.112 -1083.860
-964.095 1064.130
-997.099 -981.860
1455.180 387.184
1455.910 399.154
-1366.100 452.138
-868.090 1180.140
-1382.100 -370.873
1300.900 806.139
-1075.840 1041.270
-1076.660 1042.700
1463.910 -469.858
1530.900 -211.865
1463.890 -496.871
-1267.080 814.133
1508.890 448.139
-1450.070 414.138
-1138.080 -966.865
1505.930 508.133
1524.890 462.154
1446.910 -622.864
1122.900 1135.150
-1201.100 -925.878
-1254.090 -853.839
1433.910 -684.863
-1497.100 -286.867
1526.890 532.143
-1286.100 -843.863
1477.910 -635.842
-1264.090 928.127
1562.880 462.135
-1517.090 339.144
1371.890 -843.856
-1540.100 295.132
1543.890 -543.858
1419.910 854.131
1157.900 -1146.880
-1585.100 87.148
1453.880 827.156
1374.900 -911.865
-1232.100 1061.130
-1564.100 -352.861
-1575.110 400.149
1429.880 923.149
-1458.090 -693.858
-1530.100 -519.844
1453.920 915.133
1458.910 941.132
1532.900 -770.872
-1222.100 1186.150
-1583.100 639.150
-1436.090 -921.840
-1564.090 -692.840
1453.910 -1036.870
1583.890 -856.854
-1467.080 -931.871
-1478.100 974.147
1590.910 -881.863
-1589.100 832.157
-1346.090 1206.160
1531.910 1162.140
-1592.100 965.152
-1613.090 -892.856
-1528.090 1155.120
-1566.110 1159.130
