43.336 -14.875
44.019 -14.881
43.926 -13.876
91.910 -67.862
91.327 -68.866
92.014 -68.863
131.895 9.129
133.756 7.716
133.818 9.221
133.908 11.145
135.335 9.284
51.903 -121.866
51.334 -122.863
52.002 -122.860
137.324 45.157
137.987 45.154
137.887 46.147
-51.989 69.154
-52.648 69.152
-52.079 70.141
-70.088 -74.864
-69.983 -75.866
-70.656 -75.865
151.325 131.134
151.992 131.137
151.887 132.130
188.884 -195.863
188.330 -196.849
188.988 -196.850
209.905 -203.865
209.329 -204.855
210.015 -204.854
-12.999 262.138
-13.672 262.136
-13.094 263.140
179.892 -276.865
179.318 -277.848
179.998 -277.852
363.345 -40.840
363.903 -39.855
364.009 -40.842
-73.998 314.121
-74.677 314.117
-74.084 315.132
-25.101 -392.883
-24.984 -393.869
-25.667 -393.871
100.873 -398.863
100.994 -399.870
100.080 -400.037
92.871 -404.865
92.328 -405.873
92.997 -405.872
388.338 -211.856
388.908 -210.869
389.013 -211.855
403.335 160.165
403.997 160.160
403.881 161.153
199.333 357.130
200.014 357.138
199.918 358.135
460.335 -122.842
460.880 -121.861
461.027 -122.843
-270.127 -312.863
-270.013 -313.872
-270.680 -313.868
-371.110 -146.853
-370.995 -147.858
-371.685 -147.859
438.334 194.153
438.905 195.133
439.974 193.947
-389.099 -136.844
-388.997 -137.835
-389.674 -137.833
-408.997 -25.855
445.099 193.285
-409.101 -24.861
-409.667 -25.863
445.713 194.138
-222.242 363.712
-220.675 365.281
-222.194 365.225
-224.108 365.142
-222.123 367.130
-228.092 -423.854
-227.981 -424.856
-228.669 -424.854
457.906 -287.856
457.328 -288.852
458.001 -288.851
128.883 -510.861
128.346 -511.839
129.004 -511.850
14.885 -521.857
14.997 -522.846
14.331 -522.844
-367.105 -315.858
-367.001 -316.861
-367.677 -316.866
-181.104 -481.860
-180.991 -482.865
-181.669 -482.863
-250.987 420.146
-251.665 420.160
550.333 -154.876
-251.105 421.142
550.890 -153.866
551.004 -154.867
589.328 -44.867
589.861 -43.858
589.991 -44.862
-410.087 -324.856
-409.984 -325.875
-410.664 -325.879
-241.245 466.705
-239.676 468.277
-241.179 468.214
-243.108 468.121
-241.082 470.143
406.333 417.158
407.017 417.147
406.909 418.147
-385.993 359.145
-386.659 359.145
-386.095 360.143
317.898 -535.860
317.330 -536.840
317.995 -536.835
-541.979 83.146
-542.081 84.128
-542.679 83.141
637.345 -105.860
637.912 -104.851
638.022 -105.871
384.896 -526.867
384.339 -527.864
385.009 -527.868
-75.140 -619.864
-75.016 -620.868
-75.683 -620.867
-228.109 -575.851
-228.002 -576.846
-228.674 -576.850
253.881 -611.856
-481.124 -369.868
253.316 -612.847
-480.997 -370.888
253.988 -612.846
-481.670 -370.888
-537.982 243.142
-538.098 244.155
-538.659 243.141
-30.089 -647.857
-29.973 -648.855
-30.649 -648.862
-419.112 -456.864
-418.994 -457.852
-419.673 -457.850
-358.987 488.132
-359.645 488.130
-359.086 489.146
-135.003 612.164
-135.662 612.174
-135.125 613.145
-611.001 -62.874
-611.101 -61.864
-611.669 -62.870
-475.128 -425.868
-474.999 -426.863
-475.670 -426.863
-297.009 556.146
-297.681 556.151
-297.134 557.139
-465.996 414.164
-466.667 414.163
-466.106 415.142
-517.096 -378.851
-516.993 -379.851
-517.669 -379.845
-602.995 181.158
-603.098 182.146
-603.673 181.155
373.888 -604.859
373.331 -605.844
374.011 -605.858
52.335 669.141
53.006 669.135
52.888 670.140
297.352 630.151
298.004 630.140
297.885 631.150
-649.083 -98.851
-648.980 -99.869
-649.669 -99.871
-272.079 -646.854
-271.986 -647.871
-272.648 -647.880
-511.669 427.284
-513.234 425.711
-513.186 427.231
-513.114 429.152
-515.098 427.152
750.328 137.134
751.015 137.137
750.909 138.149
51.892 -738.859
51.330 -739.859
51.998 -739.859
-654.996 213.150
-655.108 214.149
-655.677 213.138
44.892 -751.880
45.002 -752.874
44.314 -752.876
640.899 -449.851
640.338 -450.873
641.007 -450.869
30.894 -755.870
285.759 685.716
31.010 -756.852
30.326 -756.852
283.904 687.143
285.819 687.224
287.330 687.279
285.908 689.135
798.332 -33.870
798.906 -32.861
799.019 -33.870
-76.018 736.140
-76.668 736.146
-76.133 737.146
-351.973 636.142
-352.661 636.141
-352.078 637.146
801.323 85.133
802.005 85.136
801.881 86.139
810.333 11.133
810.916 12.141
811.010 11.138
647.333 465.157
648.005 465.156
-454.090 -605.875
647.881 466.150
-453.993 -606.866
-454.675 -606.874
819.328 -62.867
819.911 -61.870
820.002 -62.869
-643.668 -404.719
-645.095 -402.860
-645.183 -404.771
-645.244 -406.294
-647.092 -404.848
194.341 766.145
195.023 766.151
194.912 767.154
636.330 524.152
637.001 524.140
636.893 525.137
46.883 -828.872
46.330 -829.877
47.005 -829.880
-309.244 720.706
-307.668 722.274
-309.178 722.218
-311.094 722.136
-309.081 724.137
304.895 -790.859
304.337 -791.866
305.017 -791.872
-223.111 -796.852
-223.003 -797.857
772.330 -405.883
-223.669 -797.862
772.899 -404.873
773.003 -405.877
575.903 626.158
577.766 624.707
577.818 626.224
579.317 626.269
577.896 628.128
827.327 309.149
828.008 309.152
827.891 310.135
227.912 -850.865
227.327 -851.869
228.010 -851.863
-323.995 766.143
-324.680 766.154
-324.110 767.145
-507.085 -686.866
-506.983 -687.865
-648.118 -541.852
-507.675 -687.856
-647.996 -542.872
-648.662 -542.867
-806.079 -210.879
-805.984 -211.878
-806.668 -211.888
608.910 -703.836
608.326 -704.824
609.004 -704.828
737.909 -584.847
737.336 -585.847
738.016 -585.846
-638.097 -602.857
-638.003 -603.852
-638.662 -603.858
944.345 14.133
944.903 15.134
945.010 14.129
-611.990 607.144
-612.673 607.152
368.755 828.713
-612.113 608.146
366.891 830.131
368.811 830.209
370.328 830.263
368.894 832.134
-221.214 -898.885
-222.650 -901.324
-224.940 -902.089
-223.895 -903.837
-225.542 -903.998
-762.121 -493.865
-761.991 -494.886
-845.089 -315.855
-762.661 -494.881
-844.981 -316.853
-845.666 -316.849
-467.103 -804.856
-465.663 -806.716
-467.183 -806.771
-469.104 -806.854
-467.236 -808.281
-479.232 774.696
-477.662 776.277
-479.172 776.218
-481.091 776.130
-479.084 778.142
141.342 930.145
142.008 930.147
141.911 931.154
837.905 -546.857
837.332 -547.857
838.016 -547.848
576.909 -821.860
576.343 -822.854
577.011 -822.855
-382.081 -884.872
-380.674 -886.705
742.336 657.148
742.991 657.146
-382.185 -886.773
742.876 658.141
-384.102 -886.871
-382.257 -888.284
-506.983 792.125
-507.658 792.124
-507.086 793.135
-495.136 -830.901
801.901 -631.864
-497.430 -829.824
803.902 -629.863
434.899 -911.876
803.808 -631.770
-495.070 -833.248
432.901 -913.874
803.744 -633.286
-507.119 -825.858
805.332 -631.705
434.813 -913.790
-507.005 -826.859
-497.541 -833.303
436.328 -913.732
-499.860 -831.857
-507.674 -826.858
434.756 -915.288
-497.474 -835.396
525.892 -872.862
523.899 -874.860
525.816 -874.786
527.341 -874.735
525.766 -876.290
-945.977 -13.841
-946.074 -12.855
-946.665 -13.841
-802.079 -533.856
-801.969 -534.850
-802.659 -534.842
782.896 -677.859
782.344 -678.839
783.016 -678.844
717.901 719.130
719.749 717.701
719.817 719.226
721.331 719.290
719.915 721.140
286.341 965.164
287.004 965.165
286.898 966.158
-795.091 -591.871
-249.111 -989.857
-794.997 -592.865
-940.672 -278.722
-795.662 -592.876
-247.664 -991.726
-942.107 -276.861
-249.190 -991.781
-942.193 -278.776
-251.110 -991.863
-942.252 -280.288
-367.100 -949.849
-249.242 -993.292
-367.003 -950.860
-944.107 -278.854
-367.663 -950.867
-374.995 930.134
-375.674 930.125
-375.104 931.123
91.921 -1048.870
91.359 -1049.890
92.024 -1049.880
-595.123 -845.859
-595.006 -846.862
-595.677 -846.865
849.337 665.140
850.007 665.140
849.911 666.138
-920.994 417.125
-921.102 418.127
-921.671 417.132
190.920 -1067.870
190.335 -1068.850
191.011 -1068.850
-16.127 -1081.840
-15.997 -1082.850
-16.674 -1082.850
1055.330 -380.838
1055.890 -379.859
1056.000 -380.843
-873.992 552.144
-874.671 552.149
-874.104 553.151
685.318 854.135
685.998 854.133
685.884 855.146
676.913 -892.875
676.328 -893.864
-845.091 -634.845
677.027 -893.868
-844.994 -635.849
-845.656 -635.850
26.881 -1101.880
26.999 -1102.890
26.324 -1102.900
-519.983 916.154
-520.648 916.155
-520.081 917.144
588.903 -957.855
588.332 -958.845
589.001 -958.852
326.336 1044.150
327.018 1044.150
326.910 1045.140
-971.095 -440.860
-970.992 -441.862
-971.669 -441.859
1120.330 -268.879
1120.920 -267.873
1121.020 -268.878
127.890 -1125.850
125.897 -1127.860
127.810 -1127.760
129.319 -1127.700
127.756 -1129.280
-711.098 -842.850
-124.004 1093.120
-124.679 1093.120
-711.001 -843.841
-711.656 -843.846
-124.118 1094.140
-962.099 -530.857
-961.994 -531.838
-962.668 -531.836
179.321 1112.120
180.019 1112.130
179.902 1113.130
-680.109 -893.849
-679.999 -894.843
-680.677 -894.841
-534.965 972.116
-535.656 972.116
-535.063 973.125
-1023.670 -435.710
-1025.090 -433.858
-1025.190 -435.777
-1025.260 -437.289
-1027.100 -435.876
593.316 998.154
1174.330 208.117
593.993 998.153
1175.010 208.127
1174.910 209.135
593.886 999.143
-432.005 1037.140
-432.689 1037.130
-432.107 1038.140
-1039.670 402.267
-1041.250 400.712
-615.103 -971.862
-1041.190 402.211
-614.998 -972.855
-1041.100 404.135
-615.661 -972.861
-1043.120 402.128
1006.900 643.150
1008.750 641.717
1008.810 643.250
1008.910 645.157
1010.310 643.317
-705.092 -920.865
-704.983 -921.859
-705.673 -921.852
-303.099 -1146.850
804.894 -921.853
804.328 -922.863
-302.991 -1147.850
-303.659 -1147.850
1133.320 -479.835
1133.870 -478.841
805.008 -922.859
1133.980 -479.837
-854.115 -791.855
-854.011 -792.860
-854.679 -792.857
-633.000 962.122
-633.670 962.126
-633.106 963.151
-556.109 -1047.850
-556.004 -1048.870
-556.667 -1048.870
-780.058 -885.857
-779.960 -886.856
-780.651 -886.866
-1155.000 98.147
-1155.100 99.145
-1155.650 98.139
-1010.000 576.137
-1010.090 577.134
-1010.680 576.129
-151.108 -1207.850
-150.990 -1208.840
-151.660 -1208.830
903.337 848.154
904.000 848.156
903.885 849.145
-1032.000 574.125
-1032.110 575.135
-1032.680 574.124
1273.320 93.149
1273.900 94.142
1274.000 93.147
945.891 -859.838
945.335 -860.848
945.991 -860.852
-1110.070 -490.863
-1109.980 -491.874
-1110.650 -491.870
-754.074 -975.844
-753.990 -976.857
-754.665 -976.868
507.893 -1176.850
507.341 -1177.860
508.008 -1177.850
897.330 902.144
897.999 902.143
897.893 903.141
683.887 -1096.850
-323.100 -1217.840
683.336 -1097.860
684.002 -1097.860
-322.993 -1218.830
-323.661 -1218.830
-1208.100 -169.861
-1208.000 -170.870
-1208.650 -170.871
986.339 826.145
-1219.010 41.148
-1219.140 42.142
987.015 826.145
-1219.680 41.157
986.899 827.146
-1035.100 -691.870
-1034.990 -692.869
-1035.670 -692.871
675.911 -1124.860
675.334 -1125.850
676.026 -1125.860
-1175.670 381.292
931.347 910.147
932.006 910.149
-1177.240 379.721
-1177.180 381.227
931.899 911.146
-1177.090 383.141
-1179.090 381.130
957.901 -917.864
957.346 -918.870
958.017 -918.872
-380.526 -1230.670
-379.224 -1231.160
978.881 -899.866
978.319 -900.837
-381.593 -1231.340
978.999 -900.839
-382.100 -1231.320
947.899 -933.853
947.337 -934.852
948.005 -934.854
-1230.990 202.142
-1231.090 203.145
-1231.670 202.136
-1126.090 -567.840
-1126.000 -568.853
-1126.660 -568.852
1028.890 -864.851
1028.330 -865.868
1029.010 -865.862
-560.127 -1170.860
-560.003 -1171.870
-560.670 -1171.860
783.333 1061.150
784.012 1061.150
783.895 1062.140
949.914 -957.862
949.337 -958.859
950.030 -958.859
-1080.000 658.139
-1080.670 658.136
-1080.100 659.146
711.898 -1142.870
-1261.100 -151.838
-1261.000 -152.839
711.328 -1143.870
711.991 -1143.870
-1261.660 -152.838
-1234.110 -317.874
-1233.990 -318.865
-1234.680 -318.869
-548.988 1160.140
-549.656 1160.130
-549.086 1161.150
-684.067 -1113.860
-683.977 -1114.870
-684.653 -1114.890
-1013.990 777.141
-1011.110 -810.876
-1014.670 777.135
-1010.990 -811.885
-1014.100 778.139
1365.340 -34.833
-1011.670 -811.880
1365.900 -33.852
1366.000 -34.836
-1286.090 -233.863
-1285.990 -234.862
-1286.660 -234.859
1278.330 526.147
1365.350 -282.850
1279.000 526.149
1278.880 527.146
1365.920 -281.851
1366.010 -282.852
1252.340 585.120
1253.000 585.118
1252.900 586.120
785.334 1116.140
786.010 1116.140
785.923 1117.140
-810.974 1036.120
-811.655 1036.120
-811.075 1037.140
1140.870 -823.866
1140.320 -824.868
853.856 -1111.870
1140.990 -824.869
853.328 -1112.880
853.999 -1112.880
-1189.680 -603.708
-1191.110 -601.863
-1191.200 -603.767
-1191.260 -605.288
-1193.110 -603.854
-796.110 -1103.860
-1179.660 -644.728
-795.988 -1104.870
-1181.120 -642.870
-796.674 -1104.860
-1181.190 -644.779
-1181.240 -646.285
-1183.100 -644.852
-1146.000 684.144
-1146.670 684.140
-1146.090 685.139
-886.115 -1039.870
-885.998 -1040.870
-886.680 -1040.870
-1334.090 -166.868
-1333.980 -167.867
-1334.660 -167.872
-1317.100 -307.865
-1317.000 -308.848
-1317.670 -308.854
1360.340 -482.848
1360.920 -481.842
1361.000 -482.845
1249.920 -722.861
1249.350 -723.867
1250.010 -723.866
846.915 -1162.860
846.340 -1163.870
847.004 -1163.860
-1347.990 203.136
-1348.080 204.139
-1348.670 203.128
-1365.010 -116.845
-1365.130 -115.855
-1365.680 -116.845
1268.890 -722.834
1270.890 -720.855
1270.810 -722.762
1270.760 -724.280
1272.340 -722.714
1386.340 452.170
1387.000 452.163
1386.900 453.149
1439.330 -292.885
1439.880 -291.861
1440.000 -292.881
1381.340 -505.830
1381.900 -504.861
1382.010 -505.845
1463.340 154.118
1464.020 154.110
1463.900 155.123
-992.120 -1004.870
-991.997 -1005.850
-992.679 -1005.850
-1257.000 620.150
-1257.110 621.146
-1257.650 620.155
1483.320 167.148
1483.980 167.148
1483.870 168.152
-824.006 1157.140
-824.672 1157.130
-824.114 1158.150
1506.350 63.151
1506.890 64.158
1507.010 63.140
-1275.680 -654.736
-1277.090 -652.857
-1277.180 -654.792
-1142.110 -880.860
-1277.240 -656.301
-1141.980 -881.870
-1142.670 -881.865
-1279.090 -654.876
-1160.100 -900.863
-1224.990 776.143
-1159.990 -901.855
-1225.670 776.145
-1225.110 777.140
-1160.660 -901.843
1027.920 -1141.860
1027.350 -1142.870
1028.010 -1142.860
1283.320 828.152
1284.010 828.146
1283.910 829.133
-1239.670 -796.717
-1241.100 -794.862
-1241.180 -796.771
-1241.240 -798.301
-1243.100 -796.851
-1191.090 -880.866
-1190.990 -881.881
-1191.660 -881.885
-1056.090 -1048.870
-1055.990 -1049.880
-1056.660 -1049.870
-1171.660 -915.717
-1173.090 -913.860
1281.890 855.121
-1173.180 -915.773
1283.750 853.706
-1173.250 -917.297
1283.810 855.219
-1175.100 -915.856
1283.910 857.145
1285.340 855.285
1062.890 -1138.850
1062.350 -1139.870
-1002.970 1085.150
1063.000 -1139.870
-1003.660 1085.150
-1003.090 1086.150
1572.330 -32.876
1572.890 -31.874
1572.990 -32.875
1566.340 -158.877
1566.890 -157.872
1567.000 -158.880
-1032.100 -1105.860
-1032.000 -1106.870
1326.900 -852.857
1326.340 -853.872
-1032.660 -1106.870
1327.000 -853.864
1349.330 803.147
-947.097 -1195.850
1350.010 803.146
-945.681 -1197.710
1349.910 804.144
-947.183 -1197.770
-947.242 -1199.290
-949.101 -1197.860
-1259.110 -848.861
-1258.990 -849.859
-1259.660 -849.855
-1460.140 -386.898
-1376.110 -634.848
-1376.000 -635.864
-1460.070 -389.253
-1376.660 -635.863
-1462.450 -385.810
-1462.540 -389.299
-1462.470 -391.385
-1464.640 -387.992
1605.330 175.122
1233.880 -1043.860
1233.320 -1044.870
1606.010 175.128
1605.900 176.134
1234.000 -1044.870
1611.320 -176.860
1611.890 -175.880
1612.000 -176.866
1444.330 -739.841
1444.900 -738.842
1445.010 -739.843
-1307.990 805.147
-1308.670 805.144
-1308.090 806.148
1504.320 -646.851
1504.880 -645.844
1505.000 -646.854
1478.340 -705.871
1478.930 -704.872
1479.020 -705.871
-1550.000 91.165
-1550.110 92.148
-1550.670 91.167
-1535.990 233.133
-1536.090 234.150
-1536.660 233.138
1509.320 -660.846
1509.870 -659.876
1510.000 -660.853
-1026.980 1189.150
-1027.650 1189.140
-1027.090 1190.150
1334.890 -985.846
1334.330 -986.838
1335.000 -986.837
-1555.980 227.124
-1556.100 228.149
-1556.660 227.128
-1059.090 -1200.860
-1058.990 -1201.850
1511.900 669.146
-1059.670 -1201.850
1513.760 667.701
1513.810 669.213
-1250.990 963.144
1513.890 671.140
-1251.670 963.143
-1251.080 964.141
1515.320 669.258
-1096.120 -1175.860
1322.910 -1019.860
1322.340 -1020.890
-1096.010 -1176.850
1323.010 -1020.880
-1096.690 -1176.850
1380.900 -944.852
1380.340 -945.855
1381.010 -945.863
1150.340 1191.150
1151.010 1191.140
1150.890 1192.130
1360.900 -991.875
1360.330 -992.869
1361.020 -992.869
1390.890 -974.871
1390.320 -975.845
-1461.070 -703.859
-1460.980 -704.872
1391.010 -975.847
-1461.670 -704.870
1253.340 1118.120
1254.000 1118.130
1253.890 1119.120
-1615.670 119.274
-1484.990 645.136
-1485.090 646.154
-1485.670 645.135
-1617.240 117.705
-1617.180 119.219
-1617.090 121.146
-1619.090 119.138
-1244.070 1053.730
-1246.470 1051.600
-1244.130 1056.100
-1246.550 1053.700
-1246.440 1057.180
-1248.640 1055.000
1374.890 -1045.860
1374.340 -1046.850
1375.010 -1046.860
-1516.990 626.147
-1517.110 627.138
-1517.670 626.147
-1466.010 745.139
-1466.110 746.144
-1466.670 745.147
1288.900 -1157.860
1288.320 -1158.850
-1361.000 927.139
1289.010 -1158.850
-1361.680 927.136
-1361.090 928.147
1326.880 -1130.840
1326.340 -1131.840
1326.990 -1131.840
1440.380 -992.016
1346.340 1085.180
1442.590 -989.820
1347.010 1085.170
1346.900 1086.140
1442.460 -993.307
1444.860 -990.891
1442.520 -995.395
1444.930 -993.250
-1604.120 -470.852
-1604.000 -471.828
-1604.670 -471.814
-1600.670 -522.715
-1602.100 -520.871
-1602.190 -522.780
-1602.260 -524.288
-1604.100 -522.873
-1499.090 -791.857
-1498.980 -792.867
-1499.660 -792.871
-1431.680 -947.732
-1433.100 -945.846
-1433.180 -947.780
-1433.240 -949.281
-1435.090 -947.852
-1600.070 -617.863
-1599.980 -618.875
-1464.110 -905.860
-1600.650 -618.880
-1463.990 -906.868
-1464.670 -906.873
1556.910 -952.872
1556.330 -953.853
1557.020 -953.853
1384.900 -1201.840
1386.890 -1199.860
1386.810 -1201.780
1386.760 -1203.290
1388.330 -1201.750
1587.890 -929.858
1587.340 -930.857
1588.000 -930.867
-1374.000 1110.140
-1374.660 1110.140
-1374.100 1111.140
-1522.110 -933.864
-1521.990 -934.863
-1522.680 -934.862
-1519.660 -941.607
-1519.000 -943.856
-1519.660 -943.856
-1514.100 -987.850
-1513.990 -988.841
-1514.680 -988.844
-1563.080 -958.858
-1542.000 964.139
-1562.980 -959.864
-1542.650 964.145
-1542.100 965.126
-1563.660 -959.862
-1380.100 -1218.850
-1379.990 -1219.860
-1380.650 -1219.860
-1475.080 -1185.860
-1474.990 -1186.870
-1475.650 -1186.870
1635.260 1069.160
1635.230 1069.590
-1610.110 -1040.870
-1610.000 -1041.880
-1610.680 -1041.870
1585.910 -1202.860
1585.330 -1203.880
1586.010 -1203.880
-1624.120 -1040.850
-1624.010 -1041.850
-1624.670 -1041.840
-1529.990 1197.140
-1530.680 1197.140
-1530.100 1198.140
-1552.670 -1221.730
-1554.100 -1219.860
-1554.180 -1221.780
-1554.230 -1223.290
-1556.100 -1221.860
