-23.080 -11.870
94.893 -62.853
-42.121 159.141
49.894 -169.878
-248.100 -2.863
142.919 150.141
-267.102 10.138
-275.093 -28.845
-294.102 28.135
76.920 261.146
-339.093 -86.861
-86.094 -340.861
-219.112 -289.860
-301.099 -212.863
4.889 -394.870
66.895 365.139
-315.114 -278.851
-314.119 267.151
292.895 -279.846
396.884 70.139
201.896 367.136
385.895 -192.866
248.904 346.146
-448.101 -169.847
-154.105 -456.877
-470.097 118.131
371.246 268.208
-436.104 243.319
-436.104 243.428
371.505 271.821
-42.080 -499.861
-522.104 -56.869
-519.098 131.134
486.887 90.142
329.904 375.147
371.896 338.142
122.902 498.132
-222.104 483.152
488.902 139.131
478.901 -197.874
308.893 412.131
43.901 527.134
-568.086 -78.855
265.870 456.128
119.890 -552.858
552.904 -76.863
-126.112 571.130
-595.101 166.143
150.924 584.137
127.911 602.137
607.892 -68.852
-441.111 -514.869
-637.132 246.980
-641.777 248.257
388.904 -543.860
650.901 -118.874
663.901 -2.868
592.901 -331.858
668.908 -67.851
-661.089 -309.866
144.893 675.156
44.898 693.153
693.897 57.132
600.907 364.140
-485.101 558.146
699.900 142.139
-170.118 -737.846
-372.097 -678.849
17.898 740.141
540.915 -517.860
261.884 -717.862
704.908 -240.848
701.881 -318.861
-797.094 182.141
-228.118 762.135
-266.086 754.117
-645.105 521.131
315.886 745.152
286.911 -790.874
245.904 783.126
719.894 -411.859
648.909 509.145
-525.085 677.136
-846.099 -243.863
-281.091 -835.871
818.918 185.150
-840.110 -296.867
829.867 154.145
-155.116 -874.841
-148.105 860.130
-783.103 -458.867
-772.103 -482.879
827.897 276.138
342.889 -839.865
-429.076 799.129
-639.094 -694.850
142.895 -920.854
607.903 -690.856
805.880 -431.855
-563.086 -772.869
25.894 923.170
-938.098 203.126
-137.091 -973.877
-684.097 -723.858
-708.090 -728.850
826.903 502.152
929.898 280.130
-72.076 991.143
812.918 554.127
-1008.090 228.149
459.904 -903.847
-47.090 1004.140
-568.103 850.115
784.898 621.151
-761.105 -731.843
-685.102 -802.865
411.910 -947.865
987.920 -233.861
-729.101 -774.864
156.905 -1040.880
512.881 886.141
-597.097 864.130
-605.094 -883.854
-856.115 626.120
277.901 998.134
-245.095 -1043.860
-1073.110 98.126
979.890 324.144
-733.103 -799.872
712.901 764.125
1029.900 -226.849
1013.910 271.140
-1100.100 -24.844
-442.095 983.147
-499.103 960.142
-1099.100 -167.852
557.905 -936.858
-836.104 -741.864
949.907 -544.858
-678.086 -910.875
-783.103 -830.856
-851.112 -769.859
-936.082 643.141
564.903 954.131
-1092.090 -398.854
154.897 1120.130
929.909 -653.879
-974.084 673.146
372.898 -1124.870
513.875 -1066.850
-952.094 -747.875
-794.105 -915.836
146.917 -1189.860
1015.910 -592.879
-231.113 1161.140
1160.900 -170.855
317.911 -1158.880
-1228.100 -6.863
-1175.090 363.144
1142.900 -343.856
1190.900 -9.867
-1169.100 -427.857
-1108.100 -573.852
1172.900 252.119
-715.102 1003.150
1114.900 -489.865
694.904 -1028.860
1195.520 281.947
1081.900 -607.887
520.897 1122.140
1201.280 288.400
-1053.080 -738.852
985.910 -768.877
-1139.110 633.147
867.904 925.137
1054.920 703.122
-1016.110 -848.857
-485.113 1206.150
1258.890 221.145
-1326.090 79.122
680.916 1089.140
1128.900 -654.852
-1331.090 191.139
-1146.090 692.144
1176.910 569.142
749.897 1082.150
1119.890 -721.866
-1369.090 -46.858
-1062.100 851.136
1328.910 50.137
1344.910 34.136
-1142.090 788.132
-852.094 -1121.870
-1170.100 768.146
-942.078 -1059.860
806.886 1129.150
-825.106 1154.140
959.891 1016.110
-1177.100 -852.858
-1386.110 -456.842
-1344.100 -592.859
1399.900 -278.872
-1370.090 -571.843
1405.890 -381.852
-1511.100 105.139
-1257.100 -864.857
-1396.080 616.131
-1334.100 -760.876
-1134.090 -1039.860
-1534.090 80.141
-1541.100 -0.858
1502.910 -143.867
1502.880 -166.848
1484.890 -348.859
1521.910 -136.845
-1533.100 380.136
-1533.100 380.192
-1180.100 1035.120
-1062.130 1158.140
1234.910 -946.860
-1337.090 851.138
1502.880 -389.858
-1552.080 382.148
1508.900 376.151
1096.900 1127.140
1358.900 -836.861
1219.030 1015.300
1221.900 1026.140
-1293.110 1007.150
-1225.110 1088.160
-1565.090 521.119
1335.920 892.134
1395.880 -820.829
1610.900 -216.848
-1489.100 -794.851
1423.900 810.154
1337.900 -1003.860
1184.890 -1186.870
-1309.540 1078.920
-1298.090 1095.150
1487.900 -770.851
-1271.100 -1186.850
1468.910 -882.857
1541.900 763.141
-1614.090 -874.868
1431.920 -1195.860
1569.890 1030.130
1612.890 1067.150
1538.890 1189.140
1580.870 1147.130
