6.323 24.156
7.014 24.146
6.885 25.141
90.888 -60.859
90.329 -61.850
91.003 -61.851
-41.104 -103.857
-41.005 -104.867
-41.656 -104.874
-127.669 58.289
-129.242 56.718
-129.184 58.231
-129.098 60.147
-131.109 58.145
-105.107 -99.864
-104.996 -100.854
-105.680 -100.861
-162.002 114.129
-162.117 115.131
-162.674 114.128
-191.992 74.141
-192.107 75.136
-192.673 74.137
-17.099 -204.873
234.334 -10.873
234.887 -9.863
-16.979 -205.872
-17.672 -205.876
235.004 -10.870
-73.990 244.134
-74.662 244.122
-74.090 245.130
206.332 153.122
207.015 153.126
206.908 154.129
140.749 243.702
138.894 245.135
140.808 245.227
142.326 245.290
140.895 247.142
-258.011 27.132
-258.146 28.133
-258.663 27.143
-247.991 193.142
-248.658 193.138
-248.091 194.149
224.345 245.144
225.013 245.140
224.907 246.143
-202.981 294.148
-203.661 294.149
-203.087 295.140
-74.092 -310.860
-73.972 -311.859
-74.674 -311.856
327.897 191.149
329.767 189.704
329.828 191.232
329.917 193.131
331.335 191.288
-352.106 -76.863
-352.007 -77.865
245.867 -261.851
-352.676 -77.864
245.332 -262.839
245.999 -262.841
-7.002 408.127
-7.662 408.131
185.352 364.148
186.003 364.148
-354.988 156.126
-355.108 157.125
-7.106 409.128
-355.669 156.135
185.911 365.151
36.331 418.122
36.993 418.128
36.878 419.141
242.885 -295.862
240.892 -297.853
242.801 -297.777
244.318 -297.726
242.745 -299.296
-128.988 404.134
-129.659 404.132
-129.094 405.145
-334.101 -197.856
-333.997 -198.872
-334.655 -198.874
220.872 -339.859
220.348 -340.855
221.002 -340.862
-419.989 10.140
-420.084 11.126
-420.661 10.144
-329.094 -240.852
-329.005 -241.862
-329.663 -241.869
-394.984 194.142
-395.091 195.133
-395.666 194.136
-188.995 419.144
-189.669 419.144
-189.092 420.147
192.347 428.142
192.994 428.141
192.892 429.148
-410.003 189.135
-410.113 190.151
-410.662 189.128
355.322 309.148
356.005 309.150
355.895 310.141
-436.119 -75.851
-436.001 -76.851
-436.667 -76.852
-352.676 347.285
-354.251 345.718
-354.192 347.216
-354.103 349.136
-356.108 347.115
499.332 83.144
499.896 84.129
500.020 83.142
-428.986 274.134
-429.074 275.141
-429.659 274.136
-27.101 -477.863
181.327 496.150
182.014 496.148
-26.995 -478.853
-27.665 -478.853
181.918 497.140
-418.090 -248.859
-417.981 -249.858
-418.659 -249.857
-7.991 532.146
-8.661 532.148
-8.108 533.140
520.329 -15.846
520.897 -14.857
521.003 -15.859
-112.086 -479.852
-111.970 -480.848
-112.659 -480.848
285.906 -437.854
283.892 -439.850
285.816 -439.759
287.327 -439.698
285.754 -441.277
-348.990 435.148
-349.677 435.149
-349.108 436.136
-248.084 -459.848
-247.994 -460.856
-248.652 -460.856
-361.084 -383.769
-359.533 -385.669
-361.205 -385.755
-361.290 -387.446
-363.197 -385.877
-531.986 150.122
-532.085 151.141
-532.654 150.118
141.773 565.715
139.899 567.150
141.819 567.230
143.336 567.284
-552.988 64.162
-553.095 65.135
-553.674 64.167
141.887 569.138
472.915 -288.855
472.341 -289.865
473.011 -289.869
-511.100 -197.852
-510.994 -198.836
-511.659 -198.824
-264.115 -477.844
-264.012 -478.841
-264.683 -478.843
548.399 211.270
-480.003 330.121
549.787 211.736
-480.657 330.125
-480.105 331.149
549.861 213.652
551.416 214.388
551.893 216.135
130.327 600.129
131.006 600.134
130.895 601.138
-589.974 12.138
-590.068 13.145
-590.642 12.142
75.835 622.535
76.914 622.539
76.925 624.083
-123.111 -566.854
-577.005 186.121
-577.135 187.128
-123.008 -567.858
-577.686 186.121
-123.676 -567.855
347.905 -483.846
347.331 -484.849
348.003 -484.848
-301.105 -506.852
-300.995 -507.845
-301.671 -507.842
-418.243 473.719
-416.673 475.285
-418.181 475.229
-420.098 475.146
-418.091 477.143
-614.076 -61.869
-613.987 -62.868
-614.651 -62.871
-399.989 518.144
-400.661 518.148
-605.079 -165.855
-604.983 -166.859
-400.091 519.148
625.342 190.139
-605.671 -166.869
626.009 190.134
625.904 191.141
160.335 670.126
161.002 670.127
160.909 671.146
559.890 -358.861
559.324 -359.863
559.990 -359.863
-48.103 -650.869
-48.002 -651.871
-48.669 -651.868
463.904 525.145
465.764 523.704
465.825 525.224
467.337 525.276
465.914 527.135
-655.973 185.128
-656.088 186.127
-656.671 185.128
687.336 -40.851
687.909 -39.857
688.025 -40.851
591.334 390.142
592.001 390.146
591.893 391.138
151.897 -653.855
151.328 -654.848
152.008 -654.845
-684.992 159.132
676.892 -191.861
-685.076 160.141
-685.665 159.127
678.908 -189.859
678.816 -191.774
678.753 -193.296
680.323 -191.716
352.912 -599.856
-594.997 409.141
352.341 -600.863
-595.662 409.143
-595.107 410.148
353.005 -600.866
-518.663 516.261
-520.230 514.706
-520.176 516.209
-520.095 518.131
-522.102 516.130
-683.996 239.111
-684.105 240.128
-684.674 239.115
-615.141 -349.886
-615.069 -352.269
-617.416 -348.814
-617.551 -352.314
-617.481 -354.391
-619.629 -351.010
-426.105 -563.866
161.347 738.118
-425.991 -564.871
162.015 738.123
-426.682 -564.862
161.926 739.143
-486.074 -517.872
-485.989 -518.870
-486.662 -518.876
-465.996 586.139
-466.658 586.146
-466.111 587.143
397.922 -598.862
397.328 -599.886
398.010 -599.881
280.345 718.129
281.007 718.124
700.319 299.137
700.998 299.135
-238.087 -681.870
280.892 719.135
700.869 300.132
-236.668 -683.725
-238.184 -683.788
-410.022 647.169
-410.674 647.161
-240.103 -683.880
750.335 118.135
-410.128 648.160
-238.250 -685.288
750.988 118.134
750.885 119.144
22.904 -734.862
22.323 -735.874
23.017 -735.871
728.333 292.128
729.005 292.129
728.896 293.135
-747.679 199.293
-749.245 197.716
-749.184 199.233
-749.094 201.153
-751.096 199.142
-771.001 -23.853
-771.117 -22.845
-771.674 -23.851
486.915 -593.845
486.343 -594.860
-295.107 -698.866
486.999 -594.861
-293.668 -700.725
-295.188 -700.774
-297.105 -700.846
-295.243 -702.285
-237.994 774.156
-238.668 774.157
-238.084 775.135
-771.996 168.131
-772.086 169.130
-772.657 168.131
751.338 -258.868
751.890 -257.863
751.998 -258.868
-486.992 652.164
-487.659 652.164
603.886 -506.855
-487.094 653.157
-192.233 798.708
603.342 -507.875
603.998 -507.865
-190.670 800.290
-192.183 800.233
-194.100 800.147
-192.107 802.149
795.329 -164.871
795.920 -163.872
796.024 -164.866
686.336 480.145
687.006 480.146
686.902 481.141
785.353 281.128
786.007 281.136
785.910 282.156
651.910 -489.857
651.347 -490.890
652.005 -490.878
101.323 850.138
102.002 850.137
101.869 851.134
-428.004 735.136
-428.678 735.134
-428.116 736.140
-183.092 -799.858
-182.981 -800.870
-183.662 -800.871
-592.084 -577.857
-591.988 -578.852
-592.653 -578.856
-749.993 416.147
-750.091 417.150
-750.660 416.139
828.338 268.115
829.003 268.122
828.917 269.141
-690.099 -483.865
-690.001 -484.856
-690.686 -484.865
-312.996 835.162
-640.998 608.151
-313.669 835.160
-641.669 608.146
-313.100 836.156
-641.103 609.156
651.334 612.149
652.008 612.150
651.910 613.149
828.898 -273.849
830.887 -271.854
830.805 -273.768
830.751 -275.287
613.889 657.133
615.753 655.704
832.331 -273.712
-611.996 648.142
615.819 657.228
-612.662 648.143
-612.106 649.150
617.330 657.291
615.915 659.145
-91.992 902.144
-92.671 902.134
-92.110 903.124
-832.999 322.122
-326.990 850.133
-327.666 850.140
-833.102 323.136
-833.669 322.116
-327.114 851.131
504.905 -715.857
502.894 -717.878
504.811 -717.783
506.328 -717.719
504.747 -719.295
-812.992 389.152
-813.098 390.146
-813.663 389.149
889.325 198.167
890.001 198.161
889.891 199.150
-262.097 -838.865
-261.992 -839.859
-262.665 -839.863
913.330 26.114
913.916 27.117
914.013 26.112
634.892 -633.883
632.895 -635.856
634.820 -635.774
636.323 -635.719
634.771 -637.293
-650.084 -620.860
-649.986 -621.861
-650.659 -621.866
473.915 -773.865
882.338 321.137
473.337 -774.867
883.020 321.141
474.014 -774.868
882.906 322.147
-871.668 337.274
-873.238 335.701
-873.184 337.222
-873.105 339.136
-659.002 681.156
-875.096 337.145
-659.651 681.154
-659.089 682.152
-920.993 150.146
-921.102 151.137
-921.679 150.142
741.870 -592.871
741.341 -593.867
742.006 -593.874
926.360 -281.994
562.874 -769.863
562.317 -770.839
-422.242 894.705
563.002 -770.845
-420.672 896.256
928.551 -279.823
-422.195 896.213
928.446 -283.307
-424.098 896.151
928.521 -285.396
-422.124 898.141
930.867 -280.898
930.927 -283.266
667.871 -694.843
667.322 -695.836
667.992 -695.841
811.331 583.124
-870.006 464.147
811.998 583.124
718.897 -649.853
811.888 584.144
-870.116 465.142
718.336 -650.866
-870.685 464.143
719.008 -650.868
-285.991 967.132
-286.668 967.123
-286.094 968.139
-979.980 169.128
-980.092 170.133
-980.650 169.129
272.921 -939.866
272.351 -940.848
273.019 -940.858
619.880 -776.850
617.896 -778.839
619.805 -778.764
621.338 -778.714
619.754 -780.287
1014.900 -63.846
-279.103 -947.872
-278.998 -948.849
-279.667 -948.855
1016.900 -61.855
1016.820 -63.764
1016.760 -65.288
1018.330 -63.709
-699.988 759.148
-700.665 759.157
-700.102 760.140
24.912 -995.872
24.343 -996.879
25.018 -996.876
-910.010 477.145
-910.091 478.147
-910.677 477.137
568.338 883.145
569.005 883.143
568.886 884.146
585.905 -835.862
585.344 -836.851
586.005 -836.854
1027.350 212.149
1028.030 212.143
1027.920 213.138
702.324 804.156
702.994 804.154
702.886 805.148
330.322 1021.170
-101.058 -1018.850
331.008 1021.160
330.893 1022.150
-100.966 -1019.860
-101.644 -1019.860
691.892 -772.874
691.325 -773.855
692.010 -773.866
237.939 -1002.860
237.351 -1003.860
238.033 -1003.850
1039.890 -189.842
-937.994 496.133
-938.113 497.141
-938.664 496.138
1041.900 -187.856
1041.820 -189.775
-854.086 -590.855
1041.760 -191.295
-853.979 -591.849
-854.660 -591.848
1043.330 -189.730
688.318 869.152
689.022 869.151
688.916 870.142
-221.074 -1038.860
-220.982 -1039.880
-221.660 -1039.880
180.753 1098.710
178.900 1100.120
180.811 1100.220
182.328 1100.290
180.898 1102.140
965.334 548.129
966.004 548.136
965.903 549.140
-644.977 905.145
-645.664 905.141
-601.995 936.139
-645.078 906.136
-602.658 936.142
-602.100 937.137
-742.117 -780.862
-742.003 -781.864
-742.681 -781.867
747.918 -788.867
747.345 -789.861
748.010 -789.861
-1051.670 -285.731
-1053.090 -283.859
-1053.170 -285.786
-1053.220 -287.283
-1055.090 -285.867
-353.993 1071.140
-354.659 1071.140
-354.096 1072.140
990.340 535.166
991.009 535.158
990.895 536.159
886.896 703.146
888.750 701.711
888.806 703.219
-1096.010 189.144
888.888 705.127
890.332 703.268
-1096.130 190.150
-1096.670 189.149
1111.330 -145.874
1111.910 -144.872
-104.001 1137.140
-104.665 1137.150
1112.010 -145.875
-104.108 1138.150
984.325 575.142
984.995 575.143
984.881 576.142
818.901 803.137
820.755 801.708
-205.978 1130.130
-206.653 1130.130
820.807 803.235
-206.090 1131.130
1133.320 63.112
822.320 803.302
1133.890 64.133
1134.010 63.122
820.885 805.146
-1101.000 272.133
-1101.110 273.151
-1101.670 272.134
630.907 -925.864
-1077.100 -321.845
630.337 -926.880
-1077.000 -322.849
631.005 -926.872
-1077.670 -322.849
1107.330 319.128
1108.020 319.132
1107.910 320.129
-993.086 -529.845
-992.995 -530.850
-993.671 -530.849
187.902 -1105.870
187.334 -1106.850
187.997 -1106.850
1147.340 -97.874
1147.920 -96.864
1148.000 -97.876
1137.330 -187.856
1137.890 -186.867
1138.010 -187.857
1101.320 393.140
-923.673 -661.715
-925.101 -659.854
1102.000 393.131
1101.870 394.143
-925.191 -661.773
-925.251 -663.291
-927.096 -661.858
1164.350 -18.837
1164.930 -17.847
1165.020 -18.848
-757.991 896.148
-758.670 896.149
-758.094 897.146
13.316 1186.160
13.986 1186.160
-1151.990 -77.862
-1152.090 -76.865
13.866 1187.150
-1152.660 -77.865
-947.991 700.143
-948.676 700.154
-948.109 701.127
337.319 1148.160
337.996 1148.150
337.877 1149.140
-677.089 -934.859
-676.985 -935.845
-677.657 -935.847
112.901 -1152.860
112.327 -1153.840
113.008 -1153.850
-346.104 -1108.880
-345.994 -1109.890
-346.673 -1109.900
-836.092 -820.858
-835.997 -821.854
-836.670 -821.862
963.335 744.116
964.006 744.116
963.892 745.137
-478.250 1126.770
1196.330 212.156
1197.010 212.148
1196.890 213.141
-481.360 1126.700
720.323 996.138
721.009 996.134
-800.994 921.140
-478.085 1129.560
720.903 997.122
-801.658 921.147
-801.110 922.136
-483.563 1128.010
-477.934 1132.070
-481.399 1131.060
-483.557 1131.230
-480.435 1133.180
273.339 1210.100
273.992 1210.090
-1070.990 589.142
273.890 1211.120
-1071.090 590.148
-1071.660 589.142
1199.350 -227.850
1199.910 -226.859
1200.010 -227.854
-1138.660 448.285
-1140.240 446.708
-1140.180 448.228
-1140.090 450.150
-1142.090 448.143
-416.075 -1127.860
1172.340 408.136
-415.967 -1128.860
-416.650 -1128.860
1173.020 408.137
1172.920 409.143
1036.870 -644.861
1036.320 -645.865
1036.990 -645.864
488.330 1157.140
489.011 1157.140
488.894 1158.140
-706.073 -981.863
-705.994 -982.875
1180.130 403.262
-706.646 -982.869
1181.000 403.143
1180.920 404.147
1240.900 -15.876
-793.001 968.151
1242.760 -17.289
1242.820 -15.780
1242.900 -13.853
-793.672 968.144
-793.103 969.166
1244.340 -15.715
-783.999 978.140
-784.669 978.150
-784.118 979.142
-159.105 -1206.860
-460.998 1175.120
-461.670 1175.130
-461.110 1176.140
-157.674 -1208.710
-159.189 -1208.760
-161.105 -1208.830
869.891 -872.853
869.329 -873.843
-159.247 -1210.280
870.009 -873.845
-768.244 1001.710
-766.671 1003.260
-589.119 -1072.860
-768.191 1003.210
-352.121 -1171.880
-589.007 -1073.870
-304.079 -1185.860
-589.674 -1073.870
-770.106 1003.140
-352.009 -1172.880
-352.686 -1172.890
-768.110 1005.140
-303.964 -1186.830
-304.662 -1186.830
987.342 807.146
988.013 807.153
987.896 808.141
-583.304 1135.570
-581.547 1137.360
-583.212 1137.270
-585.190 1137.150
-583.083 1139.250
-987.003 815.148
-987.670 815.155
-987.107 816.135
-1028.660 -722.725
-1030.120 -720.860
-1126.130 -566.856
-1030.190 -722.763
-1126.010 -567.876
1249.330 321.120
-1126.660 -567.875
-1030.230 -724.285
1249.990 321.130
1249.900 322.141
-1032.100 -722.822
-1232.000 360.140
-1232.100 361.131
-1232.680 360.141
-1215.000 422.122
-1215.110 423.134
-1215.680 422.119
680.913 -1078.850
678.890 -1080.860
650.897 -1097.860
-1182.990 535.145
680.809 -1080.760
650.310 -1098.860
651.004 -1098.860
-1183.100 536.147
-1183.670 535.141
682.327 -1080.690
680.738 -1082.290
480.899 -1182.860
480.343 -1183.850
481.007 -1183.850
1237.330 -391.838
1237.880 -390.844
1238.010 -391.839
-512.391 1219.260
-513.689 1219.000
-511.925 1220.590
1220.330 -451.856
-513.552 1220.130
1220.870 -450.868
1221.000 -451.863
-511.109 1222.770
-1168.000 605.134
-1168.110 606.128
-1168.660 605.136
-1261.080 -310.874
-1260.990 -311.869
-1261.660 -311.877
-675.992 1146.150
-676.676 1146.150
-676.107 1147.140
-874.096 -953.862
-873.983 -954.866
-874.669 -954.861
1233.340 -468.835
1233.890 -467.850
1234.000 -468.844
-846.989 1040.160
-752.089 -1064.870
-847.663 1040.170
-847.107 1041.140
-751.984 -1065.880
-752.664 -1065.880
1096.900 -752.860
1096.320 -753.877
1097.000 -753.867
-634.112 -1153.860
-634.010 -1154.870
-634.667 -1154.860
-1314.100 -231.870
-1314.010 -232.875
-679.984 1181.150
-1314.670 -232.873
-680.929 1181.300
-680.088 1182.140
-1099.980 792.141
-1100.650 792.144
-1100.090 793.147
-872.261 1046.720
-870.670 1048.300
1295.330 -371.887
1295.880 -370.862
1296.000 -371.886
-872.202 1048.240
-874.115 1048.150
-872.115 1050.150
-1173.660 -633.717
-1175.080 -631.871
-1175.170 -633.783
-689.008 1184.140
-689.662 1184.130
-1175.230 -635.297
-689.112 1185.150
-671.091 -1147.850
-1177.100 -633.882
-670.992 -1148.870
-671.659 -1148.870
-899.979 1034.140
-900.654 1034.150
-900.092 1035.130
-1112.990 808.144
-1113.670 808.144
-1113.110 809.139
-1250.070 -524.858
-1249.970 -525.865
-1250.650 -525.862
1302.320 -479.860
1302.870 -478.862
1302.990 -479.863
1204.330 732.117
1205.000 732.124
1204.900 733.130
-933.102 -1014.870
-932.987 -1015.870
-933.673 -1015.880
-1337.990 429.129
-1338.100 430.155
-1338.660 429.127
1071.330 941.154
1072.000 941.151
1071.880 942.147
1413.340 52.129
1413.920 53.134
1414.020 52.133
-1245.670 -622.708
-1247.110 -620.846
-1247.190 -622.764
-1247.250 -624.292
1151.900 -800.860
1151.330 -801.856
-1249.110 -622.847
1152.000 -801.858
-1285.090 -549.857
-1284.990 -550.842
-1349.120 -378.854
-1285.670 -550.845
-1349.010 -379.843
-1349.670 -379.838
-1282.120 -564.858
-1282.000 -565.857
-961.013 1060.130
-1282.660 -565.852
-961.679 1060.120
-961.114 1061.130
-1410.000 -107.855
-1410.120 -106.867
-1410.680 -107.860
-1086.990 948.150
-1087.650 948.150
-1087.090 949.149
-1194.110 -769.856
-1194.000 -770.852
836.880 1200.580
-1194.680 -770.851
836.250 1202.250
837.043 1202.220
836.889 1204.130
1341.340 574.146
-1240.100 -704.858
-1240.000 -705.857
1342.020 574.154
1341.910 575.143
-1240.670 -705.861
-1404.100 -299.856
-1403.990 -300.849
-1404.670 -300.852
-1387.990 416.111
-1388.100 417.127
-1388.660 416.112
-956.998 1112.120
-957.665 1112.130
-1241.020 771.138
-957.125 1113.140
-1241.680 771.142
-1241.130 772.148
1303.340 738.151
1304.020 738.154
1303.920 739.152
-1410.090 -479.856
-1409.990 -480.853
-1410.660 -480.860
-1043.000 1102.130
-1043.670 1102.140
-1043.110 1103.150
1489.900 326.135
1491.780 324.704
1491.830 326.223
1491.890 328.148
1504.330 262.136
1493.330 326.283
1505.010 262.132
1504.890 263.138
-1496.110 -216.855
-1496.000 -217.844
-1484.680 330.285
-1496.670 -217.830
-1486.230 328.718
-1486.180 330.230
-1486.110 332.141
-1488.100 330.147
1504.330 -326.868
1504.890 -325.860
1505.010 -326.870
-1517.980 273.145
-1518.070 274.139
-1518.660 273.135
1265.340 934.148
1266.010 934.132
1265.900 935.135
-1531.990 264.140
-1532.080 265.144
-1532.650 264.150
1450.330 -577.862
1450.900 -576.866
1451.010 -577.860
-1405.000 714.135
-1405.100 715.130
-1405.660 714.135
1591.340 139.158
1591.930 140.145
1592.020 139.157
1352.930 -821.866
1352.340 -822.838
1353.030 -822.836
-1521.990 477.145
-1522.080 478.147
-1522.670 477.137
1266.920 -956.859
1266.340 -957.880
1267.020 -957.875
1555.910 -423.844
1557.880 -421.855
-1448.000 725.151
1557.820 -423.769
-1448.100 726.150
-1448.670 725.150
1557.770 -425.285
1615.330 166.172
1615.900 167.156
1616.010 166.165
1559.320 -423.719
1381.910 -833.877
1381.330 -834.886
1382.010 -834.880
1262.330 1053.140
1263.010 1053.140
-1408.990 821.141
1262.900 1054.150
-1409.100 822.143
-1409.670 821.141
-1452.990 740.146
-1453.100 741.145
-1453.660 740.150
-1600.670 327.292
-1602.240 325.715
-1602.190 327.234
-1602.110 329.138
-1604.100 327.150
1573.350 -458.851
1573.920 -457.860
1574.010 -458.857
1257.930 -1068.870
1257.340 -1069.880
1258.020 -1069.870
-1342.990 1002.150
-1343.670 1002.150
-1343.100 1003.140
-1228.000 1151.160
-1228.680 1151.160
-1228.100 1152.150
1183.340 1219.160
1184.020 1219.150
1183.900 1220.150
-1357.110 -1012.860
1565.330 735.140
-1356.990 -1013.880
-1357.670 -1013.880
1566.020 735.143
-1391.100 -968.870
1565.910 736.135
-1390.980 -969.874
-1391.660 -969.878
1554.320 765.165
1555.010 765.151
1554.870 766.158
-1605.120 -593.846
-1605.000 -594.862
-1605.690 -594.859
1359.340 1136.150
1360.020 1136.150
1359.920 1137.150
1465.320 1002.120
1465.990 1002.130
1465.890 1003.130
1448.920 -979.849
1448.340 -980.834
1449.020 -980.841
-1471.010 995.035
-1471.700 995.021
-1470.760 996.927
-1471.570 996.701
1350.340 1175.130
1351.000 1175.140
1350.910 1176.140
-1470.060 1001.940
-1470.690 1001.900
-1470.110 1003.150
-1363.030 1148.460
-1361.850 1150.220
-1365.230 1149.150
-1363.570 1151.370
-1419.140 -1035.870
-1419.000 -1036.860
-1419.680 -1036.850
1366.340 1180.150
1367.010 1180.150
1366.900 1181.140
-1423.990 1101.140
-1624.980 762.123
-1424.660 1101.150
-1625.100 763.136
-1625.650 762.132
-1424.100 1102.140
-1622.990 782.138
-1623.100 783.138
-1623.660 782.131
-1633.990 776.130
-1634.120 777.141
-1634.660 776.117
-1505.090 -990.843
-1504.980 -991.852
-1505.660 -991.845
1568.890 -935.853
1568.320 -936.850
1569.000 -936.848
-1639.310 -791.793
-1639.070 -793.465
-1640.490 -790.651
-1639.100 -795.327
-1640.600 -793.360
-1642.440 -791.541
-1641.600 -793.358
1511.900 -1032.840
1511.340 -1033.840
-1640.560 -796.010
-1642.600 -792.343
1512.010 -1033.850
-1642.600 -793.368
-1641.600 -796.358
-1642.620 -795.360
-1642.440 -796.192
1474.900 -1188.850
1476.900 -1186.860
1476.820 -1188.760
1476.770 -1190.280
1478.320 -1188.700
1481.880 -1201.870
1481.330 -1202.860
1482.000 -1202.860
-1601.980 1200.140
-1602.680 1200.140
-1602.090 1201.140
-1591.120 -1205.850
-1591.000 -1206.850
-1591.670 -1206.850
-1638.460 -1195.780
-1639.520 -1194.660
-1638.980 -1196.960
-1641.100 -1195.330
-1640.240 -1197.320
-1641.440 -1196.540
-1641.440 -1197.180
-1642.100 -1196.860
