-57.094 -84.858
39.894 -181.864
-32.103 102.148
-217.100 43.136
-85.094 -312.859
155.907 -207.859
-173.088 145.150
-258.108 -304.863
208.906 -247.847
-298.108 143.152
-129.084 -415.862
146.913 186.125
133.893 248.121
252.899 -312.849
278.887 -323.860
206.914 269.137
-425.100 -330.878
394.903 -270.846
420.895 35.146
-379.111 294.135
-288.127 357.154
97.902 -565.861
417.896 -264.869
-573.107 -60.861
-565.096 -180.880
96.897 -590.860
-486.111 -429.852
2.893 476.136
-392.126 -539.851
-569.109 196.153
-562.088 -394.861
-536.089 -445.879
526.891 54.152
422.917 -465.860
217.897 468.154
530.910 -308.860
437.878 304.134
501.904 212.128
-619.097 -383.621
-619.097 -383.723
573.895 -168.876
-376.109 -656.855
561.891 -306.864
-175.085 -754.849
505.908 -473.846
-718.119 107.124
488.889 341.129
-463.100 477.139
94.898 -761.860
-462.117 -656.355
-742.117 -232.851
417.899 432.135
-569.099 -570.843
206.908 -743.873
561.900 -444.847
-764.109 44.142
-136.099 642.156
630.907 -361.864
-802.127 -244.847
-792.108 -286.859
-822.108 -72.880
-625.108 433.144
490.915 -624.876
275.915 611.138
-775.110 211.121
-522.105 -707.853
570.907 -565.860
739.902 -21.846
377.892 -756.839
323.941 -790.844
-848.084 -242.840
-305.094 685.146
290.924 -818.856
-11.103 727.134
454.893 550.148
-373.090 -839.853
446.901 569.130
476.889 553.136
635.900 -548.845
761.907 -247.864
757.903 118.124
-597.095 568.160
760.903 146.139
736.909 243.126
86.880 -939.853
-29.103 793.145
-349.105 -930.849
627.892 -663.867
-437.098 -908.841
527.897 -780.868
-640.114 -796.862
-664.116 610.126
477.893 -841.853
-537.090 -881.852
-629.101 -818.850
466.904 688.133
716.904 442.125
683.898 -657.853
-936.091 -408.860
240.884 -974.845
-991.093 -216.857
445.892 714.125
-952.100 224.144
381.885 759.138
776.904 -548.875
-1016.120 -200.875
-1022.100 7.130
137.900 -1035.850
-572.092 -910.871
-1024.110 111.133
342.901 822.135
-799.097 598.157
777.907 498.126
7.903 -1105.860
-947.098 451.130
-1097.100 -146.857
989.884 -186.849
951.895 -399.871
880.893 414.143
956.844 -409.519
-1025.100 -541.864
884.903 436.136
-706.097 -943.849
-678.107 -970.864
-744.106 755.135
505.896 849.143
-929.111 581.128
-1155.100 -101.865
59.894 -1181.840
-599.092 -1046.870
959.910 346.141
-675.086 -1004.860
-699.100 836.136
388.906 -1119.850
-219.114 -1205.880
-105.087 1051.140
1059.900 135.144
-634.114 -1067.860
-1175.070 -316.855
109.896 1047.140
1086.910 -186.872
-829.098 -936.880
-1086.100 -601.868
615.961 -1030.020
622.049 -1026.370
-1157.100 292.143
31.901 1075.130
-1113.100 407.134
1064.910 -417.848
1064.910 285.151
-259.096 1087.150
930.902 -755.862
904.905 -804.850
897.899 -824.870
-119.104 1122.140
739.917 -996.844
112.903 1121.150
-445.075 1080.160
-1248.110 -388.845
-1028.090 -841.870
-941.101 -942.847
-1249.100 227.135
-928.086 794.162
-588.094 1033.140
-259.091 1139.150
-1211.090 -552.873
1171.920 -344.850
-129.091 1171.140
1229.890 -102.874
-527.082 1116.150
-758.099 -1186.870
-655.121 1083.140
701.888 1000.140
-1282.100 -589.849
1272.900 -169.870
1167.910 -614.857
673.907 1043.140
-1400.110 -217.866
1148.910 -703.864
-876.099 -1166.850
-979.096 918.128
941.900 -1017.850
-856.086 1026.120
-1355.100 -524.854
1311.900 5.120
1162.530 -720.404
1119.880 -810.851
1302.900 -339.858
1314.880 -291.852
-615.084 1186.120
-1293.120 553.157
1178.900 557.135
1171.890 -741.869
-801.097 1098.150
-1124.100 -995.861
1134.890 663.127
1301.470 329.389
-1472.090 -274.850
-1486.110 -152.865
1315.740 334.068
1264.890 -649.836
974.920 -1095.860
-1080.100 -1160.870
1407.910 198.148
1364.890 413.117
1191.910 -930.860
881.905 1111.130
-1529.110 309.137
1465.900 28.135
-1298.100 -1013.870
876.877 1156.130
-1586.110 202.118
-1392.090 734.133
911.891 1157.140
1330.890 -848.861
-1512.100 -716.863
-1216.100 1012.150
1544.900 -212.871
1418.900 606.158
1025.910 1133.140
-1453.080 -1006.870
-1254.090 1101.140
1376.880 802.137
-1543.100 -921.851
1281.900 -1143.870
-1621.120 -804.847
-1416.110 -1173.870
1570.890 -932.864
1525.900 -1050.860
1474.880 -1185.860
-1618.110 -1190.870
1602.900 1042.130
