-40.990 53.155
-41.674 53.159
-41.099 54.138
39.343 91.156
40.016 91.151
39.920 92.151
31.899 117.165
33.770 115.723
33.819 117.233
35.334 117.278
33.889 119.140
-112.981 133.143
-113.664 133.138
-113.070 134.143
-152.105 28.140
-152.005 27.131
-152.672 27.126
93.318 -20.845
93.885 -19.849
93.999 -20.846
-23.661 206.132
-22.991 206.136
-23.108 207.134
-159.259 169.709
-157.677 171.316
-159.192 171.243
-161.100 171.135
-159.095 173.147
96.346 153.131
97.017 153.134
96.932 154.134
-150.997 196.125
-151.675 196.127
-151.121 197.133
-173.985 224.129
-174.662 224.123
-174.084 225.133
-265.986 100.145
-266.105 101.134
-266.680 100.135
137.327 202.123
137.999 202.121
137.908 203.135
-258.985 150.145
-259.087 151.140
-259.660 150.147
-41.671 294.156
-40.998 294.159
-41.096 295.133
-282.115 -68.876
-281.994 -69.884
-282.666 -69.887
-131.102 -214.856
-130.997 -215.864
-131.673 -215.864
178.910 -140.866
178.331 -141.863
179.019 -141.864
214.328 218.113
215.013 218.116
214.910 219.128
-335.982 206.139
-336.080 207.134
-336.651 206.140
-385.109 2.146
-385.005 1.159
-385.675 1.163
-86.239 404.701
218.917 -188.863
218.355 -189.878
-84.675 406.279
219.017 -189.878
-86.178 406.225
-88.099 406.144
-86.090 408.143
-135.100 -293.852
-134.996 -294.870
-135.655 -294.868
-397.997 117.149
-398.101 118.142
-398.678 117.148
-214.072 -279.852
-213.989 -280.854
-214.658 -280.855
-192.993 399.131
-193.663 399.134
-193.103 400.136
72.350 418.146
73.011 418.134
72.903 419.130
343.328 125.156
344.006 125.158
343.908 126.155
-391.000 277.134
-391.670 277.131
-391.118 278.122
365.314 -44.864
365.890 -43.864
366.030 -44.861
-319.999 367.137
-320.672 367.122
-320.075 368.138
-342.983 358.144
-343.667 358.153
-343.097 359.156
389.320 -79.881
389.896 -78.855
390.000 -79.878
326.916 -208.862
326.341 -209.864
327.021 -209.864
-424.996 297.141
-425.666 297.138
-425.111 298.146
-475.660 205.303
-477.241 203.722
-477.177 205.238
-478.666 -95.713
-477.084 207.139
-480.113 -93.860
-479.108 205.142
-480.188 -95.769
-480.238 -97.285
-218.979 482.113
-219.673 482.111
33.891 -405.864
-219.100 483.118
-482.095 -95.852
33.342 -406.858
34.004 -406.857
-490.002 182.137
-490.112 183.146
-490.676 182.139
-350.991 410.128
-351.663 410.130
-351.116 411.125
-463.671 -161.719
-465.099 -159.854
-465.181 -161.772
-465.237 -163.295
-513.980 113.134
435.329 30.142
-514.112 114.135
-467.090 -161.850
435.890 31.148
-405.003 362.125
-514.668 113.141
436.006 30.149
-405.676 362.126
-405.127 363.132
-423.991 353.171
-424.672 353.175
-73.112 -432.855
-424.115 354.138
-73.004 -433.832
-73.675 -433.827
-142.081 -429.873
-141.979 -430.877
-142.664 -430.881
-531.096 -15.870
-530.998 -16.866
-531.664 -16.871
276.335 434.135
-355.245 436.722
-353.672 438.304
277.018 434.139
276.912 435.147
-355.188 438.237
-357.104 438.138
-355.103 440.146
-543.013 129.161
-543.125 130.156
-543.659 129.168
-422.978 402.137
-109.102 -459.855
-423.654 402.143
-423.091 403.132
-107.665 -461.696
-109.189 -461.759
-111.104 -461.851
-109.248 -463.286
-484.013 329.148
-421.100 -304.851
-484.683 329.139
-484.117 330.138
-420.988 -305.858
-421.660 -305.861
-552.106 -85.848
-551.997 -86.868
-552.663 -86.868
-429.101 -311.866
-427.668 -313.729
-429.179 -313.782
-429.231 -315.283
-431.111 -313.860
-463.736 383.128
-463.713 384.122
-452.582 400.141
-454.102 400.142
-467.888 383.137
-453.130 402.475
-469.660 383.143
-469.096 384.129
-454.950 402.813
-452.527 406.014
-454.104 406.102
-454.085 408.150
-456.087 406.077
334.884 -341.856
334.338 -342.852
334.997 -342.850
-485.996 384.147
-486.652 384.150
-486.128 385.150
-461.989 424.157
253.339 531.144
-462.659 424.161
253.998 531.151
-462.093 425.155
-418.976 469.123
323.896 481.128
253.883 532.150
-419.658 469.114
325.758 479.722
-419.086 470.142
-479.990 406.140
325.812 481.216
-480.672 406.140
-480.089 407.133
327.329 481.277
325.893 483.142
-604.988 15.150
-605.093 16.152
398.903 -302.868
-605.663 15.154
398.317 -303.868
399.018 -303.867
-392.094 -401.855
-391.991 -402.846
-392.676 -402.854
364.908 465.143
366.750 463.714
366.814 465.234
368.335 465.296
366.906 467.151
-209.110 -507.854
-207.684 -509.715
-209.188 -509.769
-211.114 -509.850
-209.242 -511.283
228.884 -471.863
226.901 -473.849
-631.992 71.151
-632.097 72.153
-632.659 71.144
228.807 -473.767
230.324 -473.712
228.756 -475.283
-460.101 -368.857
-459.992 -369.849
-460.678 -369.857
-431.259 503.709
-440.992 495.144
246.875 -468.868
-429.664 505.289
-441.660 495.144
246.335 -469.881
-562.096 344.019
-441.100 496.134
247.008 -469.879
-431.191 505.224
-562.328 345.488
-433.104 505.131
211.771 595.708
-431.094 507.143
209.902 597.140
-564.271 345.456
-556.984 359.132
211.835 597.226
-557.656 359.135
-557.087 360.138
213.340 597.282
-565.207 348.370
211.926 599.138
-566.658 349.138
-566.111 350.142
-542.078 391.734
-544.477 389.612
-542.130 394.095
-544.547 391.693
530.339 259.128
531.018 259.138
530.926 260.130
-544.433 395.179
-546.640 392.995
-120.999 658.142
-121.677 658.134
-121.117 659.140
-467.236 507.705
-465.678 509.277
-467.178 509.213
-469.094 509.120
-467.092 511.138
-218.994 654.135
-219.682 654.141
-219.096 655.128
208.879 -526.850
557.332 257.126
208.337 -527.857
209.009 -527.860
524.356 -230.860
524.902 -229.850
558.013 257.126
557.900 258.132
525.004 -230.859
151.896 -555.861
151.352 -556.875
152.003 -556.874
-7.107 -593.859
-670.994 207.127
-7.659 -594.873
-671.118 208.136
-6.989 -594.878
-671.662 207.131
-432.988 572.128
-433.654 572.135
-433.095 573.141
551.342 -239.863
551.907 -238.854
552.009 -239.859
-695.683 155.277
-697.249 153.705
-697.193 155.225
-697.112 157.143
-699.103 155.149
-487.005 562.122
-487.656 562.122
-487.110 563.131
-524.113 -431.871
-523.985 -432.880
-338.004 671.146
-524.671 -432.868
-338.669 671.143
-338.110 672.148
285.901 -553.864
285.323 -554.886
285.989 -554.879
-527.667 549.267
-529.254 547.714
-713.101 -125.878
-712.996 -126.882
-529.193 549.214
-713.656 -126.877
-531.101 549.138
-529.101 551.138
-188.122 -632.850
-187.993 -633.871
-188.672 -633.869
-724.989 225.135
-725.105 226.148
-725.667 225.131
630.329 -169.877
630.903 -168.872
631.011 -169.889
668.326 79.140
555.325 439.144
668.895 80.135
668.989 79.138
555.997 439.145
555.877 440.135
23.937 -660.856
23.355 -661.858
24.023 -661.855
-748.986 187.147
-749.095 188.133
-749.674 187.151
-759.085 -74.859
-758.986 -75.864
-240.087 -648.860
-759.650 -75.861
-239.992 -649.854
-240.659 -649.855
599.891 -312.852
599.332 -313.853
-443.993 672.135
599.995 -313.855
-444.668 672.138
-444.112 673.140
-284.099 -656.876
-283.978 -657.868
40.889 -693.856
-284.664 -657.870
40.338 -694.849
40.999 -694.853
-650.093 -403.869
-649.979 -404.879
280.894 -637.866
-650.655 -404.872
280.344 -638.856
281.008 -638.857
-717.072 -310.865
-716.969 -311.870
-717.646 -311.874
-426.087 -613.868
-480.018 686.147
-480.678 686.149
-425.987 -614.857
-518.993 658.155
-480.121 687.148
-426.655 -614.858
-519.675 658.148
-519.110 659.138
-66.989 827.127
-67.664 827.131
-67.104 828.134
737.347 100.140
737.910 101.133
738.014 100.138
-76.084 -731.871
-75.979 -732.873
-76.680 -732.870
-480.001 712.125
-480.682 712.127
-789.978 312.129
-480.120 713.127
-790.106 313.142
-790.665 312.132
450.326 676.141
450.996 676.140
450.880 677.126
-829.978 197.135
-830.097 198.139
-830.666 197.138
-496.981 714.136
-497.645 714.134
-497.089 715.149
-763.991 419.115
-665.982 569.125
-764.089 420.120
-764.657 419.112
-666.663 569.128
-666.081 570.135
-356.996 802.023
-357.698 801.996
-357.729 802.744
601.896 -445.859
603.872 -443.859
-355.623 804.313
-579.996 664.132
-580.678 664.141
603.799 -445.775
-580.131 665.120
603.751 -447.284
605.325 -445.716
-352.006 809.144
-352.774 809.043
-352.110 810.145
-118.975 870.131
-119.655 870.142
-119.090 871.139
-509.086 -627.866
-508.986 -628.851
-509.665 -628.848
756.320 281.137
756.980 281.129
756.869 282.135
-870.083 -43.862
-869.994 -44.853
-870.654 -44.853
-410.129 -696.864
-410.002 -697.864
-410.690 -697.869
-567.519 705.006
-712.088 -449.869
-568.587 705.552
-711.990 -450.851
722.331 402.117
-712.657 -450.856
723.003 402.120
722.903 403.130
727.899 392.122
-568.580 708.452
729.762 390.703
729.824 392.221
-569.552 708.819
-569.102 710.149
729.913 394.141
731.337 392.289
617.906 -477.850
617.336 -478.853
617.995 -478.856
-436.076 -699.858
-435.980 -700.858
-436.660 -700.867
-282.017 870.151
-282.682 870.156
-282.128 871.155
-412.093 -721.866
-410.661 -723.723
-412.184 -723.769
-892.980 180.135
-893.088 181.147
-414.104 -723.839
-893.667 180.143
-206.987 899.138
-207.664 899.136
-412.246 -725.282
707.893 -375.863
-207.091 900.130
709.897 -373.851
709.822 -375.776
709.772 -377.281
711.325 -375.718
-294.105 -776.855
-293.998 -777.854
-294.662 -777.846
-871.127 -204.868
-871.000 -205.866
-871.678 -205.869
464.355 762.138
465.011 762.136
-591.999 728.146
-592.665 728.148
464.895 763.138
-592.097 729.148
813.326 -124.872
813.916 -123.862
814.013 -124.863
-775.098 -428.866
-774.989 -429.865
529.884 -614.843
529.324 -615.842
-775.658 -429.865
530.000 -615.843
-605.978 732.155
-606.685 732.156
-606.085 733.134
642.328 618.149
642.999 618.148
642.883 619.144
-301.989 902.140
-302.673 902.149
-302.104 903.140
495.890 -659.867
495.332 -660.873
495.998 -660.877
447.895 -696.851
-925.980 191.146
447.349 -697.849
-926.075 192.133
448.007 -697.854
-926.662 191.142
-863.128 -315.905
-863.066 -318.266
-865.427 -314.825
-865.555 -318.309
-865.491 -320.387
-867.637 -317.015
-673.291 -597.743
-672.125 -598.875
-675.861 -597.828
-674.801 -598.869
-676.651 -598.866
628.875 -564.861
628.333 -565.855
629.005 -565.861
-760.083 -515.859
-759.991 -516.873
-760.669 -516.871
718.880 -468.868
718.322 -469.849
718.996 -469.852
63.914 -864.875
-399.004 905.155
-399.665 905.149
63.335 -865.860
64.009 -865.856
-399.080 906.150
-220.016 963.152
-220.667 963.147
-220.118 964.140
-703.096 -599.867
-702.988 -600.865
-703.656 -600.857
190.905 -849.859
-710.985 702.141
190.321 -850.870
-711.670 702.146
191.005 -850.864
-812.101 -472.863
-711.096 703.157
-811.998 -473.854
-812.666 -473.856
-936.989 332.137
-937.115 333.138
-937.671 332.142
-761.676 656.290
-763.254 654.714
-763.189 656.229
-763.092 658.142
-765.107 656.139
-446.081 -797.868
533.911 -693.859
87.334 987.121
87.996 987.117
531.909 -695.860
-445.975 -798.866
-446.656 -798.867
87.886 988.139
533.822 -695.776
535.326 -695.719
533.761 -697.289
-743.078 -581.852
-742.971 -582.854
-743.666 -582.855
-696.080 -637.870
-695.986 -638.865
105.325 995.130
-696.670 -638.858
105.996 995.129
105.892 996.134
-243.930 987.614
-245.819 988.173
-243.193 989.387
-245.624 990.752
-247.500 991.374
-213.253 998.717
918.334 122.133
-247.085 993.146
-211.679 1000.300
918.900 123.129
919.002 122.133
-213.184 1000.220
-215.113 1000.100
-213.082 1002.150
-229.241 999.710
-227.664 1001.270
-229.183 1001.220
-231.110 1001.150
-229.098 1003.140
-205.121 -907.858
-203.219 1014.710
-205.004 -908.863
-205.675 -908.864
-921.681 -367.704
926.342 -78.859
-201.676 1016.280
886.332 -252.853
-923.092 -365.854
-203.168 1016.220
926.905 -77.852
886.913 -251.859
-205.085 1016.140
927.008 -78.862
887.011 -252.853
-923.191 -367.759
-923.258 -369.280
809.337 -430.878
809.913 -429.872
810.023 -430.876
-925.105 -367.843
-203.686 1019.130
-662.124 -704.867
937.328 114.119
-660.673 -706.739
937.901 115.122
938.010 114.122
-662.185 -706.776
-662.225 -708.287
-664.100 -706.831
111.328 1024.150
111.996 1024.150
111.897 1025.150
-820.134 -549.868
-820.014 -550.862
-207.018 1025.140
-219.005 1023.060
-207.665 1025.130
-336.106 -887.849
-820.675 -550.862
-220.529 1023.000
-207.120 1026.140
-335.989 -888.868
-336.651 -888.866
-217.813 1025.820
-220.811 1025.580
-869.104 -489.851
-868.987 -490.857
-869.679 -490.855
-215.935 1030.970
-214.992 1031.140
-215.094 1032.140
-223.729 1030.930
-224.667 1031.160
-224.120 1032.150
-343.114 -896.862
-341.686 -898.728
-343.198 -898.784
-345.105 -898.865
-343.254 -900.288
-983.983 413.137
-984.116 414.138
-984.669 413.150
246.324 1022.160
247.011 1022.160
246.897 1023.150
-224.008 1049.150
-224.671 1049.140
-622.999 882.150
-623.681 882.146
-224.125 1050.140
-623.114 883.136
-957.993 491.130
-958.112 492.126
-958.671 491.130
-482.109 -863.843
-480.674 -865.720
-482.178 -865.767
-484.093 -865.838
-482.225 -867.293
-753.078 -679.863
-752.981 -680.874
-753.660 -680.879
984.342 85.160
984.908 86.153
985.017 85.155
123.901 -960.859
-416.428 -903.817
-413.914 -904.926
-916.075 -486.841
-915.993 -487.828
121.899 -962.866
123.807 -962.768
-916.657 -487.820
125.330 -962.701
826.910 -501.862
826.337 -502.877
-417.395 -905.935
-414.077 -907.432
123.743 -964.289
827.012 -502.879
-419.549 -905.771
178.327 1061.140
178.996 1061.140
178.888 1062.140
-414.249 -910.228
-294.998 1055.140
-295.671 1055.140
-419.570 -908.984
-417.358 -910.293
-295.103 1056.130
112.905 -971.865
112.333 -972.879
112.999 -972.864
-798.094 -656.860
-796.674 -658.714
-798.189 -658.774
-798.254 -660.278
-800.115 -658.860
-106.995 1096.130
-107.677 1096.130
-107.124 1097.150
-1051.130 -228.877
-1051.000 -229.866
991.344 -133.861
991.926 -132.871
-1051.680 -229.852
992.022 -133.866
-524.985 985.130
-525.670 985.123
-525.086 986.129
-1063.680 -210.706
-1065.110 -208.856
-1065.200 -210.764
-1065.260 -212.284
-1067.110 -210.848
-1073.060 -196.867
-1015.990 474.151
-1072.970 -197.850
-1016.090 475.151
-1016.670 474.149
-1073.650 -197.852
910.352 528.133
911.019 528.134
910.907 529.133
1011.330 -128.855
-777.085 -720.852
1011.880 -127.864
1012.010 -128.856
-776.989 -721.847
-777.657 -721.847
-1110.990 103.119
-1111.090 104.143
-1111.650 103.116
-797.119 -706.855
-796.993 -707.836
-797.671 -707.824
-1105.990 190.133
-153.106 -1014.850
-1106.090 191.138
-1072.100 -248.851
-1106.660 190.134
-1072.000 -249.847
-152.985 -1015.870
-153.659 -1015.860
-1072.670 -249.843
-1047.110 -335.850
-1046.980 -336.848
-1047.670 -336.843
483.901 -891.858
483.335 -892.863
484.000 -892.856
-956.973 629.147
-957.657 629.152
-957.074 630.141
1029.330 -118.851
1029.890 -117.875
1030.030 -118.862
779.342 771.142
580.338 949.135
780.015 771.144
581.000 949.131
-1131.980 65.143
-1132.120 66.133
779.919 772.134
580.883 950.152
-1132.670 65.146
-984.108 -499.852
-984.002 -500.856
-984.661 -500.855
969.900 476.150
971.753 474.705
971.806 476.229
971.884 478.153
973.318 476.282
-643.984 978.138
-644.664 978.139
-644.097 979.139
-826.146 -724.897
-828.438 -723.816
-826.078 -727.253
-828.542 -727.305
-830.636 -726.006
450.333 1048.140
451.009 1048.140
-828.469 -729.395
-1149.980 -1.847
-1150.080 -0.861
-1146.010 166.138
450.901 1049.150
-1146.130 167.133
-1150.670 -1.851
-1146.680 166.142
-510.998 1063.140
-511.666 1063.130
-511.099 1064.140
-533.104 -949.851
-531.669 -951.708
-533.177 -951.764
-535.102 -951.847
-533.227 -953.271
-12.678 1173.160
-11.989 1173.170
720.334 876.155
-12.107 1174.140
721.014 876.145
-1152.980 204.141
720.903 877.144
-1153.100 205.130
-1153.670 204.144
449.347 1067.150
450.014 1067.150
449.911 1068.150
-511.091 -974.866
-510.986 -975.860
-511.673 -975.853
-88.104 -1080.850
-87.997 -1081.850
-88.659 -1081.850
-987.986 682.145
-988.657 682.159
-988.085 683.142
-295.076 -1056.850
-294.973 -1057.860
-295.655 -1057.860
-305.102 -1063.860
-304.991 -1064.850
-305.676 -1064.850
-923.091 -686.853
-922.984 -687.852
-923.656 -687.844
1078.320 -227.850
1078.880 -226.840
1078.990 -227.849
-1192.990 136.161
-1193.100 137.152
-1193.670 136.168
-966.081 -642.857
-965.980 -643.849
-966.660 -643.851
-827.099 -806.863
-825.669 -808.697
1095.340 314.135
1096.010 314.140
-827.193 -808.765
1095.910 315.131
-827.256 -810.270
-886.115 -752.867
-829.110 -808.865
-885.995 -753.858
-886.675 -753.853
-644.107 -949.852
-735.336 -889.871
-643.988 -950.853
-644.665 -950.851
-736.412 -891.651
-1081.000 598.141
-738.500 -891.889
-1081.100 599.142
-1081.660 598.137
1089.900 372.130
-94.124 -1120.850
1116.900 -147.871
-737.817 -893.353
542.339 1074.130
542.998 1074.140
-93.983 -1121.860
-94.661 -1121.850
1091.750 370.718
1118.910 -145.858
1091.810 372.226
542.893 1075.130
1118.830 -147.767
1118.770 -149.277
1091.900 374.143
-865.143 -788.895
1093.330 372.292
1120.330 -147.697
364.326 1160.140
365.009 1160.140
-867.450 -787.819
-865.073 -791.273
364.899 1161.150
651.344 1010.110
-1157.010 440.152
652.006 1010.110
62.902 -1123.860
-1157.120 441.152
-867.551 -791.309
-1157.670 440.147
-869.638 -789.995
651.915 1011.140
62.333 -1124.870
62.994 -1124.870
-721.132 -914.870
-867.477 -793.398
-721.520 -916.786
42.888 -1128.850
-722.538 -916.975
42.338 -1129.870
42.991 -1129.870
-721.970 -918.364
938.335 724.144
939.000 724.142
938.874 725.142
334.337 1184.140
335.009 1184.140
967.325 689.141
967.998 689.137
334.904 1185.130
1001.340 633.119
-551.981 1131.160
967.889 690.142
-552.640 1131.150
1002.000 633.124
1001.900 634.135
-552.056 1132.140
-637.089 -981.866
-636.982 -982.862
-815.115 -857.842
-637.660 -982.866
-815.007 -858.837
-705.423 -941.533
-704.002 -942.870
-815.689 -858.840
-711.083 -938.857
-706.871 -942.258
-1228.980 210.135
-1229.060 211.141
-711.172 -940.777
-1229.650 210.144
-713.096 -940.858
-711.232 -942.289
-290.085 -1121.860
-289.994 -1122.870
-290.662 -1122.870
87.906 -1146.860
87.342 -1147.850
88.004 -1147.850
529.334 1118.170
529.984 1118.160
529.859 1119.140
-1243.990 201.147
-1244.100 202.129
-1244.660 201.149
-1203.130 -294.851
-1203.010 -295.868
-1253.000 112.143
-1253.100 113.142
-1203.680 -295.866
-1148.090 -444.869
-1253.670 112.137
-1147.990 -445.880
-1148.660 -445.884
-486.106 -1077.870
-485.995 -1078.880
-486.669 -1078.870
-722.114 -955.848
-722.014 -956.860
-722.675 -956.862
-735.070 -954.863
-8.106 -1170.870
-734.970 -955.860
-735.652 -955.867
-8.676 -1171.880
-8.011 -1171.880
-835.010 988.138
-835.663 988.135
873.887 -764.879
-835.116 989.148
873.316 -765.887
873.997 -765.881
-897.004 939.141
816.330 938.133
-897.676 939.141
817.024 938.126
-897.127 940.150
816.886 939.130
-381.116 -1137.870
-381.001 -1138.880
1.882 -1185.860
-381.683 -1138.880
1.334 -1186.860
2.002 -1186.860
-49.086 -1193.870
-1001.990 849.134
-48.991 -1194.880
-49.653 -1194.880
-1002.690 849.129
-1002.100 850.134
-1293.980 67.158
-1294.100 68.139
-1294.670 67.158
-734.103 -993.874
-733.993 -994.870
-734.669 -994.861
-1253.000 395.145
-1253.100 396.140
1208.340 215.152
-1253.670 395.144
1209.010 215.159
1208.890 216.156
-1252.090 -296.852
-1251.980 -297.861
-1252.680 -297.862
-325.104 -1180.850
-324.998 -1181.860
-325.663 -1181.870
1140.340 513.120
1141.000 513.132
-355.096 -1175.860
1140.920 514.140
-353.674 -1177.720
-355.176 -1177.780
-357.091 -1177.860
-355.230 -1179.280
-722.094 -1025.850
-721.994 -1026.860
-722.670 -1026.860
169.931 -1210.860
-1315.000 -92.854
-1315.130 -91.860
169.349 -1211.850
170.022 -1211.850
-1315.670 -92.845
-1322.000 -61.857
-1322.100 -60.852
-1322.670 -61.865
-1310.100 -161.857
-1309.990 -162.859
-1310.660 -162.854
-1100.090 -689.864
-1099.980 -690.865
-1100.660 -690.867
1218.340 358.141
1219.010 358.136
1218.910 359.138
1202.320 426.127
1203.030 426.127
1202.900 427.131
561.899 -1100.870
561.343 -1101.860
562.020 -1101.870
-1347.990 5.138
-1348.090 6.139
1019.900 819.132
-1348.660 5.130
1021.750 817.721
1021.820 819.223
1021.910 821.146
1023.330 819.285
-781.112 -1034.870
-1260.920 -441.928
-780.986 -1035.880
-781.660 -1035.870
-1261.080 -444.442
-1263.430 -440.817
-1261.250 -447.236
-1264.410 -442.932
-1264.360 -447.300
-1266.560 -442.768
-1266.570 -445.990
471.918 -1166.860
471.337 -1167.870
472.013 -1167.870
-914.105 -945.856
-913.995 -946.864
-1360.990 -87.854
-1361.120 -86.876
-914.663 -946.865
-1361.690 -87.842
-1356.670 310.281
-1358.250 308.707
-1358.190 310.224
-1358.100 312.131
-1360.100 310.141
-812.985 1159.120
-813.673 1159.120
-813.098 1160.130
-1329.070 -350.860
-1328.980 -351.864
-1329.660 -351.866
-1383.100 -102.852
-1383.000 -103.870
-1383.650 -103.867
-1402.010 95.134
-1402.100 96.132
-1402.670 95.133
-1195.980 782.152
-1196.660 782.153
-1196.100 783.150
1006.320 943.155
1006.990 943.141
1006.880 944.148
1335.330 -81.880
1335.890 -80.863
1335.990 -81.884
1106.910 -727.866
1106.340 -728.867
1347.340 19.134
1107.030 -728.873
1347.910 20.145
1348.020 19.139
-1154.090 -794.860
-1153.980 -795.861
-1154.670 -795.865
-1354.010 550.128
-1354.120 551.130
-1354.680 550.132
1364.330 26.116
1364.900 27.131
1365.020 26.124
-1438.100 -204.849
-1437.990 -205.870
-1438.640 -205.871
-1402.000 466.132
-1402.100 467.151
-1402.670 466.131
1313.340 493.134
1314.020 493.136
1313.890 494.142
-1057.980 1052.120
-1058.670 1052.110
-1058.070 1053.130
-990.098 -1020.870
-989.975 -1021.890
-990.664 -1021.890
1344.330 432.135
1345.000 432.134
1344.900 433.135
-1411.660 -379.718
-1413.090 -377.853
-1413.180 -379.774
-1413.230 -381.288
-1415.100 -379.858
-869.102 -1132.850
-868.995 -1133.860
-869.662 -1133.860
-770.127 -1209.910
-772.441 -1208.820
-770.070 -1212.250
-774.639 -1211.010
-772.544 -1212.300
-1489.980 247.149
-1490.080 248.140
-1490.660 247.146
-1350.120 -600.846
-772.480 -1214.390
-1350.000 -601.839
-1350.680 -601.819
1013.890 -962.862
1015.920 -960.855
1015.810 -962.778
-1321.100 -661.873
-1320.990 -662.871
1015.740 -964.297
1017.340 -962.719
-1321.660 -662.878
-1086.100 -979.842
1329.340 585.144
-1086.010 -980.849
-1086.680 -980.853
1330.010 585.137
1329.920 586.137
1409.320 -193.854
1409.880 -192.870
1410.000 -193.854
-1474.150 -284.858
-1474.010 -285.860
-1474.670 -285.860
-1518.990 178.163
-1519.090 179.139
-1519.660 178.164
-1090.990 1114.160
1405.350 -316.840
-1091.670 1114.160
1405.910 -315.858
-1091.100 1115.160
1406.010 -316.841
-842.077 -1213.860
-841.993 -1214.860
-842.649 -1214.860
912.894 -1112.860
910.897 -1114.860
912.807 -1114.780
914.326 -1114.730
1437.370 354.996
912.749 -1116.270
1439.530 351.606
1439.460 353.701
1439.570 357.182
1441.940 353.750
1441.860 356.102
-1550.990 160.132
-1551.090 161.123
-1551.660 160.129
-1555.990 189.141
-1556.120 190.133
-1556.680 189.141
789.920 -1225.860
788.852 -1227.030
790.023 -1226.960
-1405.070 743.743
-1405.130 746.101
-1407.470 741.604
-1407.530 743.688
-1407.420 747.187
-1370.990 816.147
-1409.640 744.986
-1371.100 817.155
-1371.680 816.155
-1338.100 -769.863
-1338.000 -770.867
-1572.980 178.130
-1338.680 -770.868
-1573.070 179.138
1203.340 956.141
-1573.650 178.126
1204.020 956.139
1203.920 957.133
921.917 -1152.860
921.342 -1153.870
922.009 -1153.860
-1504.970 545.158
-1505.070 546.152
-1505.660 545.158
1457.330 -336.864
1457.900 -335.865
1458.010 -336.863
1184.900 -897.839
1186.890 -895.867
1186.810 -897.762
1186.760 -899.286
1188.330 -897.711
-1498.010 610.143
-1498.120 611.141
-1498.680 610.157
1232.350 956.149
1233.010 956.148
1232.920 957.147
-1190.670 1113.280
-1192.240 1111.710
-1192.170 1113.220
-1192.080 1115.140
-1194.110 1113.120
875.918 -1224.860
875.332 -1225.860
876.013 -1225.860
-1606.100 -154.874
-1605.990 -155.872
-1606.670 -155.876
-1148.110 -1084.870
-1148.000 -1085.870
-1148.670 -1085.870
-1592.000 436.147
-1592.120 437.149
-1592.670 436.154
1514.330 427.148
1515.010 427.151
1514.890 428.136
1222.880 -930.869
1222.330 -931.874
1223.000 -931.876
-1055.100 -1191.870
-1055.000 -1192.870
-1055.660 -1192.880
1515.330 462.143
1516.030 462.148
1515.920 463.137
1566.330 205.154
1566.900 206.143
1567.010 205.161
-1460.980 828.147
-1461.080 829.147
-1461.670 828.148
-1636.100 -232.865
-1636.100 -233.868
-1637.150 -234.041
-1517.100 -638.854
-1517.000 -639.847
-1517.660 -639.844
-1456.010 890.153
-1456.660 890.153
-1456.110 891.145
1218.930 -1005.860
1218.340 -1006.850
1219.030 -1006.840
-1389.000 1013.160
-1389.670 1013.160
-1389.110 1014.160
-1518.070 -698.865
-1517.990 -699.859
1606.340 -137.859
-1518.650 -699.862
1606.890 -136.859
1606.990 -137.864
1618.320 -39.846
1618.890 -38.848
1619.010 -39.849
-1630.100 -452.864
-1630.010 -453.874
-1630.660 -453.883
-1360.080 -968.859
-1359.980 -969.861
-1360.660 -969.863
-1206.090 -1148.870
-1205.990 -1149.870
-1206.670 -1149.880
1526.340 -560.855
1526.920 -559.860
1527.020 -560.857
1255.910 -1023.860
1255.340 -1024.900
-1586.990 727.136
1256.010 -1024.890
-1587.110 728.138
-1587.670 727.135
1605.330 -320.843
1605.900 -319.855
1606.010 -320.845
-1259.080 -1118.860
-1258.980 -1119.880
-1259.670 -1119.880
1520.900 755.130
1585.330 591.130
1522.770 753.712
1586.010 591.126
1585.900 592.129
-1440.990 1042.150
1522.830 755.224
-1441.670 1042.150
-1441.090 1043.140
1522.920 757.139
1524.340 755.289
1580.340 618.134
-1249.100 -1166.860
1581.010 618.132
-1249.000 -1167.850
1580.890 619.142
-1249.670 -1167.850
-1253.110 -1191.840
-1253.000 -1192.830
-1253.670 -1192.840
-1461.980 1060.150
1520.340 -718.853
-1614.000 801.160
1520.910 -717.858
-1462.650 1060.160
-1462.090 1061.140
-1614.090 802.138
1521.020 -718.852
-1614.680 801.156
1540.330 787.141
1541.010 787.145
1540.900 788.148
-1445.980 1103.130
-1446.670 1103.120
-1446.100 1104.130
-1480.010 1069.150
-1480.660 1069.150
-1480.120 1070.150
-1603.070 -769.863
-1602.980 -770.853
-1603.660 -770.853
-1586.000 920.137
-1586.090 921.144
-1586.670 920.132
-1366.100 -1127.860
-1365.990 -1128.860
-1366.680 -1128.870
1451.890 -915.845
1453.880 -913.873
1453.810 -915.776
1453.760 -917.296
1455.320 -915.728
-1424.130 -1111.850
-1424.020 -1112.850
-1424.690 -1112.840
1507.900 -893.840
1507.350 -894.842
1508.010 -894.842
-1492.080 -1066.850
-1491.980 -1067.870
-1617.090 -883.860
-1617.010 -884.867
-1492.660 -1067.860
-1617.670 -884.875
1525.900 -904.860
1525.330 -905.857
1525.990 -905.853
-1576.000 1070.140
-1576.680 1070.140
-1576.120 1071.140
-1553.100 -1017.850
-1552.990 -1018.840
-1588.980 1073.130
1634.830 845.967
-1553.670 -1018.850
1634.820 846.775
-1589.670 1073.130
-1589.090 1074.140
-1539.110 -1048.860
-1538.990 -1049.860
-1539.670 -1049.860
-1500.090 -1107.860
-1499.990 -1108.860
-1500.660 -1108.860
1541.880 -994.867
1541.330 -995.862
1542.000 -995.863
-1615.090 -1151.860
-1614.980 -1152.850
-1615.670 -1152.850
1581.330 1219.130
1582.000 1219.130
1581.910 1220.140
1607.890 -1169.860
1607.340 -1170.850
1607.990 -1170.850
