4.747867299999999902e-01 1.553845979999999960e+00 2.100000000000000089e+00
-3.004762470000000185e+00 1.222840509999999936e+00 3.899999999999999911e+00
-2.396217420000000153e+00 1.297824799999999890e+00 2.200000000000000178e+00
-2.265484849999999994e+00 1.256845390000000062e+00 3.100000000000000089e+00
-1.474986549999999896e+00 1.269058720000000084e+00 3.700000000000000178e+00
-1.098025669999999954e+00 1.224186299999999950e+00 4.000000000000000000e+00
-6.631286800000000259e-01 1.227683260000000054e+00 3.299999999999999822e+00
-9.915411000000000363e-02 1.350069050000000104e+00 3.399999999999999911e+00
2.341885800000000073e-01 1.054990349999999966e+00 2.799999999999999822e+00
4.833382600000000195e-01 1.106974549999999891e+00 3.399999999999999911e+00
2.208396449999999955e+00 1.062685220000000097e+00 3.500000000000000000e+00
2.476663299999999790e+00 1.104478819999999972e+00 3.799999999999999822e+00
2.882670880000000047e+00 1.082476470000000024e+00 2.000000000000000000e+00
-2.604761149999999859e+00 1.127732720000000022e+00 3.600000000000000089e+00
-1.992695050000000023e+00 1.075593570000000110e+00 2.899999999999999911e+00
-1.794915070000000057e+00 1.148009660000000043e+00 3.200000000000000178e+00
-1.254250029999999905e+00 1.179382149999999907e+00 3.200000000000000178e+00
-8.540122799999999570e-01 1.075892990000000049e+00 3.600000000000000089e+00
-7.095358999999999972e-01 1.088618770000000069e+00 2.600000000000000089e+00
-3.146243799999999813e-01 1.150820659999999940e+00 3.700000000000000178e+00
2.834232999999999891e-02 1.027546939999999909e+00 2.399999999999999911e+00
1.491044300000000100e-01 9.358815200000000223e-01 3.700000000000000178e+00
1.643018900000000060e-01 9.819833199999999929e-01 2.500000000000000000e+00
2.009779499999999886e-01 1.004452260000000097e+00 3.600000000000000089e+00
3.600830999999999893e-01 1.046782359999999912e+00 2.799999999999999822e+00
7.288156900000000160e-01 9.719662500000000316e-01 4.000000000000000000e+00
7.904592499999999466e-01 9.304752200000000473e-01 3.100000000000000089e+00
1.550762720000000039e+00 9.474235699999999927e-01 3.899999999999999911e+00
2.485020809999999969e+00 9.059382599999999952e-01 3.299999999999999822e+00
2.563241600000000009e+00 1.034545419999999938e+00 3.899999999999999911e+00
2.874720990000000143e+00 9.887441500000000438e-01 2.399999999999999911e+00
3.103236579999999911e+00 9.420025800000000338e-01 2.500000000000000000e+00
-3.085045150000000014e+00 1.000252799999999942e+00 3.399999999999999911e+00
-2.915420950000000122e+00 9.814138599999999713e-01 1.699999999999999956e+00
-2.784169869999999936e+00 9.631767199999999862e-01 2.399999999999999911e+00
-2.784104999999999830e+00 9.631145199999999740e-01 4.000000000000000000e+00
-2.778456750000000142e+00 9.642604299999999462e-01 4.000000000000000000e+00
-2.252293509999999888e+00 1.032198189999999904e+00 3.500000000000000000e+00
-1.704749690000000095e+00 9.134648499999999949e-01 3.000000000000000000e+00
-1.602815829999999941e+00 9.927417299999999889e-01 3.899999999999999911e+00
-1.590680270000000007e+00 8.987404799999999527e-01 2.399999999999999911e+00
-1.239417489999999900e+00 9.298332700000000450e-01 4.000000000000000000e+00
-1.184884100000000107e+00 9.009825500000000487e-01 3.899999999999999911e+00
-6.022475900000000548e-01 1.021893429999999992e+00 4.000000000000000000e+00
-4.838244700000000065e-01 1.011493449999999905e+00 3.600000000000000089e+00
-4.044415800000000227e-01 1.015062939999999969e+00 4.000000000000000000e+00
-3.960764299999999793e-01 8.731007600000000313e-01 3.899999999999999911e+00
4.141256200000000276e-01 8.443159199999999975e-01 3.799999999999999822e+00
5.271750299999999889e-01 7.346236800000000011e-01 2.299999999999999822e+00
8.068043400000000087e-01 7.114759999999999973e-01 2.899999999999999911e+00
8.120694099999999915e-01 7.796298999999999868e-01 4.000000000000000000e+00
8.758964700000000381e-01 8.671670299999999498e-01 1.899999999999999911e+00
9.571124600000000537e-01 8.312922799999999945e-01 3.100000000000000089e+00
9.677327900000000094e-01 7.404104599999999925e-01 3.899999999999999911e+00
1.069109510000000096e+00 8.304459800000000280e-01 4.000000000000000000e+00
1.301908730000000070e+00 7.636075300000000343e-01 3.500000000000000000e+00
1.304537639999999943e+00 7.156712400000000418e-01 3.899999999999999911e+00
1.322102469999999919e+00 7.185344999999999649e-01 3.299999999999999822e+00
1.365681310000000037e+00 8.019692899999999458e-01 2.000000000000000111e-01
1.552730649999999990e+00 7.844318799999999703e-01 2.100000000000000089e+00
2.337841350000000151e+00 8.419373799999999575e-01 3.100000000000000089e+00
2.357159220000000222e+00 8.265141900000000375e-01 3.700000000000000178e+00
2.679469689999999904e+00 7.533691399999999927e-01 3.500000000000000000e+00
2.702458290000000041e+00 7.287052600000000213e-01 3.200000000000000178e+00
2.909724429999999806e+00 7.813868600000000164e-01 3.100000000000000089e+00
3.069236399999999865e+00 8.387478400000000223e-01 3.899999999999999911e+00
-2.680949780000000171e+00 8.650245899999999821e-01 1.899999999999999911e+00
-2.355928039999999779e+00 7.083748399999999501e-01 3.600000000000000089e+00
-2.014829460000000072e+00 8.103835200000000238e-01 3.899999999999999911e+00
-1.666566610000000059e+00 8.034103500000000508e-01 3.799999999999999822e+00
-1.119579909999999900e+00 7.855350300000000230e-01 3.000000000000000000e+00
-9.945945600000000164e-01 8.131289200000000328e-01 4.000000000000000000e+00
-9.580456200000000422e-01 6.998022699999999485e-01 2.299999999999999822e+00
-8.738616900000000243e-01 7.871586200000000311e-01 1.300000000000000044e+00
-8.058753699999999798e-01 7.151285400000000347e-01 4.000000000000000000e+00
-7.718290300000000270e-01 7.631904499999999647e-01 3.899999999999999911e+00
-2.634812200000000160e-01 7.340327399999999614e-01 3.600000000000000089e+00
-1.086089199999999977e-01 8.061182300000000467e-01 4.000000000000000000e+00
1.599054699999999940e-01 5.338564199999999982e-01 3.500000000000000000e+00
2.354856499999999908e-01 6.672150799999999604e-01 3.899999999999999911e+00
2.920121999999999995e-01 6.170792899999999470e-01 2.399999999999999911e+00
5.522206499999999796e-01 6.065335299999999874e-01 3.100000000000000089e+00
7.939644599999999830e-01 6.745351400000000330e-01 3.700000000000000178e+00
9.650651300000000488e-01 5.608008100000000384e-01 3.899999999999999911e+00
1.007851950000000052e+00 5.539119900000000207e-01 2.899999999999999911e+00
1.023157979999999911e+00 6.958169100000000107e-01 3.000000000000000000e+00
1.028495270000000072e+00 6.221929099999999879e-01 4.000000000000000000e+00
1.281652149999999990e+00 5.775097700000000334e-01 2.899999999999999911e+00
1.554697640000000103e+00 6.494566499999999687e-01 2.700000000000000178e+00
1.786756980000000050e+00 5.938219500000000428e-01 3.600000000000000089e+00
1.969651629999999987e+00 5.585008500000000486e-01 1.600000000000000089e+00
2.424869049999999859e+00 6.460411900000000429e-01 3.799999999999999822e+00
2.434797220000000095e+00 6.039739499999999817e-01 3.299999999999999822e+00
2.838431229999999861e+00 6.018749500000000197e-01 3.899999999999999911e+00
2.947509279999999787e+00 5.552032000000000078e-01 3.899999999999999911e+00
2.948657199999999978e+00 5.823706100000000108e-01 3.700000000000000178e+00
-2.907320149999999881e+00 6.734877500000000516e-01 2.899999999999999911e+00
-2.488516179999999967e+00 5.338969000000000076e-01 3.799999999999999822e+00
-2.486815140000000035e+00 6.724080700000000244e-01 3.000000000000000000e+00
-2.297353839999999980e+00 5.846911200000000086e-01 3.500000000000000000e+00
-1.922481110000000104e+00 5.531342099999999595e-01 3.000000000000000000e+00
-1.914714969999999905e+00 6.809634799999999544e-01 3.600000000000000089e+00
-1.839688210000000046e+00 5.410322899999999713e-01 3.899999999999999911e+00
-1.774548100000000073e+00 6.434051100000000023e-01 3.399999999999999911e+00
-1.594635840000000027e+00 6.502402499999999641e-01 4.000000000000000000e+00
-1.417014269999999909e+00 6.760711299999999646e-01 1.000000000000000056e-01
-1.360343419999999970e+00 5.812552899999999800e-01 3.899999999999999911e+00
-1.360342909999999961e+00 5.812554899999999858e-01 3.799999999999999822e+00
-1.321774629999999950e+00 5.693228099999999570e-01 3.299999999999999822e+00
-1.071506630000000015e+00 6.099840399999999496e-01 4.000000000000000000e+00
-8.543991600000000464e-01 5.896068899999999946e-01 2.600000000000000089e+00
-7.382483100000000187e-01 5.239648599999999767e-01 3.399999999999999911e+00
-7.295797000000000532e-01 6.602788099999999938e-01 3.799999999999999822e+00
2.529570999999999903e-02 5.029075100000000020e-01 2.100000000000000089e+00
4.809429399999999855e-01 5.120124099999999734e-01 3.600000000000000089e+00
4.881351500000000176e-01 3.589177000000000062e-01 2.700000000000000178e+00
5.425731999999999777e-01 4.053869999999999973e-01 2.200000000000000178e+00
7.288230399999999776e-01 4.722111900000000029e-01 3.700000000000000178e+00
9.682254099999999530e-01 4.181412299999999749e-01 3.799999999999999822e+00
9.723488200000000026e-01 4.225975900000000229e-01 4.000000000000000000e+00
9.795968900000000534e-01 4.180430600000000219e-01 3.000000000000000000e+00
9.869131599999999560e-01 4.171708299999999925e-01 3.799999999999999822e+00
1.409914059999999969e+00 4.985908299999999849e-01 1.800000000000000044e+00
1.460205219999999970e+00 3.685068799999999811e-01 3.000000000000000000e+00
1.622538650000000082e+00 3.931032199999999754e-01 3.700000000000000178e+00
1.657778889999999894e+00 3.934165099999999970e-01 3.200000000000000178e+00
1.749064479999999921e+00 4.395171500000000231e-01 3.200000000000000178e+00
1.837586409999999892e+00 3.603302500000000186e-01 3.899999999999999911e+00
1.907373259999999959e+00 3.853012100000000051e-01 3.500000000000000000e+00
1.931306820000000091e+00 4.869331399999999865e-01 3.899999999999999911e+00
2.013372350000000033e+00 4.279473599999999989e-01 3.700000000000000178e+00
2.016983719999999813e+00 4.912864800000000254e-01 1.199999999999999956e+00
2.543889829999999908e+00 4.189741399999999949e-01 3.100000000000000089e+00
2.678699200000000058e+00 4.130706599999999784e-01 3.600000000000000089e+00
2.693124490000000204e+00 3.507280799999999976e-01 2.600000000000000089e+00
2.693144919999999942e+00 3.507127099999999831e-01 3.799999999999999822e+00
2.929759499999999850e+00 3.629929499999999809e-01 2.600000000000000089e+00
-2.431233680000000064e+00 4.761968899999999838e-01 2.700000000000000178e+00
-2.243770259999999794e+00 5.109803400000000329e-01 3.700000000000000178e+00
-2.214085120000000018e+00 4.691772300000000007e-01 2.299999999999999822e+00
-2.178864369999999884e+00 4.616898600000000075e-01 3.899999999999999911e+00
-1.971923520000000041e+00 3.769434099999999788e-01 2.799999999999999822e+00
-1.775977590000000106e+00 4.345325899999999963e-01 3.200000000000000178e+00
-1.638427969999999956e+00 4.843065699999999918e-01 3.500000000000000000e+00
-1.589034279999999910e+00 5.105443899999999591e-01 3.799999999999999822e+00
-1.546404040000000091e+00 5.018587100000000412e-01 3.799999999999999822e+00
-1.476698199999999961e+00 3.795332900000000231e-01 3.899999999999999911e+00
-1.183753410000000006e+00 4.861345100000000197e-01 3.200000000000000178e+00
-5.031757999999999509e-01 4.380810800000000116e-01 4.000000000000000000e+00
-3.462104799999999871e-01 5.228881399999999458e-01 3.100000000000000089e+00
-3.159634199999999948e-01 4.247633000000000103e-01 3.700000000000000178e+00
-2.559256300000000151e-01 4.853976400000000191e-01 2.600000000000000089e+00
4.650189999999999879e-02 2.601537899999999959e-01 2.899999999999999911e+00
3.874774300000000116e-01 2.633478300000000050e-01 3.700000000000000178e+00
1.038062070000000059e+00 2.155584899999999915e-01 4.000000000000000000e+00
1.121130500000000030e+00 2.706744799999999951e-01 3.899999999999999911e+00
1.134670840000000069e+00 3.041566399999999781e-01 3.899999999999999911e+00
1.159304780000000035e+00 3.328554300000000077e-01 3.600000000000000089e+00
1.159399099999999905e+00 2.766838999999999826e-01 4.000000000000000000e+00
1.159787289999999915e+00 2.750920099999999979e-01 3.600000000000000089e+00
1.191397830000000102e+00 2.864158500000000274e-01 1.100000000000000089e+00
1.722741499999999926e+00 2.869970900000000102e-01 1.899999999999999911e+00
1.756162369999999973e+00 2.260410300000000039e-01 3.399999999999999911e+00
1.899005349999999925e+00 2.902876200000000240e-01 3.600000000000000089e+00
2.524110299999999807e+00 1.766401200000000116e-01 3.799999999999999822e+00
2.638103930000000208e+00 2.968328499999999814e-01 3.600000000000000089e+00
2.642911869999999830e+00 2.131461000000000050e-01 1.300000000000000044e+00
2.930485340000000161e+00 2.740718600000000005e-01 3.399999999999999911e+00
2.972814230000000002e+00 1.885806899999999953e-01 4.000000000000000000e+00
3.082731799999999911e+00 2.592095099999999763e-01 2.200000000000000178e+00
-2.881159699999999990e+00 1.959563599999999961e-01 3.000000000000000000e+00
-2.651579239999999782e+00 3.254619699999999893e-01 2.799999999999999822e+00
-2.559616249999999926e+00 3.393257000000000079e-01 2.000000000000000111e-01
-2.448875829999999976e+00 2.433303099999999941e-01 3.899999999999999911e+00
-2.164741320000000080e+00 2.718709999999999738e-01 3.700000000000000178e+00
-2.119960160000000204e+00 2.761730000000000018e-01 3.899999999999999911e+00
-2.008384040000000148e+00 3.363119500000000262e-01 3.799999999999999822e+00
-1.778639730000000085e+00 2.521289999999999920e-01 3.500000000000000000e+00
-1.690300759999999958e+00 2.198238299999999978e-01 2.100000000000000089e+00
-1.295423510000000000e+00 2.406414400000000120e-01 3.000000000000000000e+00
-1.117526529999999907e+00 1.830868800000000074e-01 2.799999999999999822e+00
-1.111961690000000003e+00 3.213087600000000266e-01 3.799999999999999822e+00
-1.062328230000000096e+00 3.378107599999999877e-01 3.700000000000000178e+00
-9.127053800000000106e-01 1.942931099999999911e-01 4.000000000000000000e+00
-8.935935900000000487e-01 2.516779800000000233e-01 3.700000000000000178e+00
-8.843820300000000412e-01 2.746193200000000001e-01 3.899999999999999911e+00
-3.535749000000000253e-01 1.844783500000000132e-01 3.600000000000000089e+00
-2.519047500000000106e-01 2.606800000000000228e-01 2.600000000000000089e+00
6.846770399999999590e-01 1.987739999999999993e-03 4.000000000000000000e+00
7.012149100000000246e-01 5.281584000000000279e-02 3.600000000000000089e+00
7.839251200000000308e-01 6.797644999999999382e-02 2.799999999999999822e+00
8.819091300000000411e-01 1.545355700000000110e-01 3.799999999999999822e+00
8.921053399999999689e-01 1.668494500000000103e-01 3.799999999999999822e+00
1.049348960000000108e+00 1.021379800000000032e-01 3.899999999999999911e+00
1.252811160000000035e+00 1.200023399999999990e-01 3.299999999999999822e+00
1.258994790000000030e+00 9.636321999999999943e-02 3.799999999999999822e+00
1.272538549999999935e+00 4.119578000000000129e-02 3.899999999999999911e+00
1.406941039999999976e+00 1.100610000000000060e-01 1.699999999999999956e+00
1.450289570000000028e+00 1.728280799999999950e-01 3.700000000000000178e+00
1.537912079999999904e+00 1.291442800000000002e-01 5.999999999999999778e-01
1.939232209999999901e+00 1.464616800000000107e-01 3.100000000000000089e+00
1.992665469999999939e+00 9.345660999999999552e-02 5.000000000000000000e-01
2.154629470000000158e+00 1.630318400000000112e-01 3.799999999999999822e+00
2.286945289999999797e+00 1.152519000000000043e-01 3.500000000000000000e+00
2.324567099999999886e+00 1.071111000000000008e-01 3.299999999999999822e+00
2.407523030000000119e+00 4.409201000000000092e-02 3.799999999999999822e+00
2.749676210000000065e+00 1.669321099999999947e-01 3.899999999999999911e+00
3.089624539999999975e+00 3.571918000000000315e-02 3.799999999999999822e+00
-2.909973920000000103e+00 6.403224999999999889e-02 3.700000000000000178e+00
-2.427237889999999787e+00 3.669540000000000302e-02 3.799999999999999822e+00
-2.173796589999999807e+00 1.148714099999999932e-01 2.799999999999999822e+00
-2.145355579999999929e+00 8.075469000000000397e-02 3.799999999999999822e+00
-1.970524640000000050e+00 3.651160999999999990e-02 3.899999999999999911e+00
-1.853106300000000095e+00 1.649569300000000016e-01 3.399999999999999911e+00
-1.653696480000000024e+00 8.005165999999999671e-02 2.899999999999999911e+00
-1.634572169999999991e+00 4.755187999999999776e-02 3.700000000000000178e+00
-1.578915880000000049e+00 5.117988999999999872e-02 4.000000000000000000e+00
-1.549077449999999967e+00 1.667707700000000126e-01 3.700000000000000178e+00
-1.208742530000000093e+00 5.259733999999999937e-02 3.399999999999999911e+00
-1.098060070000000055e+00 1.524531000000000081e-01 9.000000000000000222e-01
-1.091156199999999910e+00 1.528729000000000025e-02 4.000000000000000000e+00
-1.078367370000000047e+00 1.096155999999999936e-01 3.899999999999999911e+00
-6.033198800000000306e-01 1.683354999999999990e-01 2.500000000000000000e+00
-4.901030000000000109e-01 1.038671099999999986e-01 3.700000000000000178e+00
-1.982162399999999880e-01 5.251332000000000222e-02 3.899999999999999911e+00
-1.421766000000000002e-02 1.149561600000000017e-01 4.000000000000000000e+00
7.365172999999999859e-02 -1.588416400000000062e-01 3.799999999999999822e+00
3.557099599999999917e-01 -1.473211100000000051e-01 3.799999999999999822e+00
5.969786000000000259e-01 -5.591544999999999849e-02 2.000000000000000000e+00
7.591420199999999729e-01 -1.587565499999999963e-01 4.000000000000000000e+00
9.187962299999999916e-01 -1.680110200000000109e-01 3.799999999999999822e+00
9.636424700000000287e-01 -1.733356799999999920e-01 3.700000000000000178e+00
1.332512710000000045e+00 -8.987738000000000671e-02 2.899999999999999911e+00
1.361937869999999995e+00 -1.441285599999999889e-01 2.999999999999999889e-01
1.375217719999999977e+00 -1.203746299999999964e-01 3.700000000000000178e+00
1.404821050000000016e+00 -4.261308999999999930e-02 3.399999999999999911e+00
1.437498050000000083e+00 -5.839139999999999608e-03 2.500000000000000000e+00
1.452923050000000105e+00 -1.036932099999999940e-01 2.899999999999999911e+00
1.455930109999999944e+00 -2.150778999999999885e-02 1.800000000000000044e+00
1.467098180000000029e+00 -4.585605000000000236e-02 3.799999999999999822e+00
1.475824459999999894e+00 -3.433926000000000339e-02 2.000000000000000000e+00
1.507020040000000005e+00 -1.690518599999999982e-01 2.200000000000000178e+00
2.195458250000000167e+00 -6.531148000000000509e-02 4.000000000000000000e+00
2.465844150000000123e+00 -1.473226099999999927e-01 2.200000000000000178e+00
-3.065906369999999992e+00 -6.790540000000000291e-03 4.000000000000000000e+00
-2.970881120000000042e+00 -2.051528000000000032e-02 2.899999999999999911e+00
-2.739544850000000142e+00 -5.951139999999999729e-03 3.399999999999999911e+00
-2.441622310000000073e+00 -9.497946000000000166e-02 4.000000000000000000e+00
-2.293745729999999927e+00 -1.605650999999999884e-01 2.700000000000000178e+00
-2.151085859999999794e+00 -5.722232000000000013e-02 3.600000000000000089e+00
-2.043247860000000138e+00 -6.225690999999999864e-02 3.000000000000000000e+00
-2.026011060000000086e+00 -7.979825000000000113e-02 3.299999999999999822e+00
-1.587061910000000076e+00 -1.705046100000000009e-01 3.500000000000000000e+00
-1.489110189999999889e+00 -5.084823000000000121e-02 3.399999999999999911e+00
-1.293311660000000085e+00 -8.655253000000000252e-02 3.500000000000000000e+00
-1.009127990000000086e+00 -1.694938000000000000e-02 3.399999999999999911e+00
-8.509775899999999504e-01 -1.689488899999999905e-01 3.799999999999999822e+00
-6.591781300000000288e-01 -1.010917999999999956e-01 3.100000000000000089e+00
-5.095673499999999745e-01 -9.834880000000000705e-03 3.200000000000000178e+00
-4.403741999999999934e-01 -2.862229000000000162e-02 4.000000000000000000e+00
-3.054053400000000251e-01 -1.369412000000000129e-01 3.799999999999999822e+00
1.792461200000000088e-01 -3.187106000000000106e-01 2.200000000000000178e+00
2.883007599999999893e-01 -1.823314900000000127e-01 3.600000000000000089e+00
4.439434099999999828e-01 -2.827457600000000126e-01 3.600000000000000089e+00
4.755620199999999742e-01 -1.846795900000000046e-01 3.899999999999999911e+00
1.028411420000000076e+00 -2.382285700000000006e-01 3.200000000000000178e+00
1.203791040000000034e+00 -2.513351699999999966e-01 4.000000000000000000e+00
1.355612720000000104e+00 -2.838485700000000223e-01 3.299999999999999822e+00
1.442179679999999964e+00 -3.116585000000000050e-01 2.700000000000000178e+00
1.503986299999999998e+00 -2.589932400000000134e-01 3.700000000000000178e+00
1.545165740000000065e+00 -2.474085199999999929e-01 3.799999999999999822e+00
1.660229109999999952e+00 -3.129337999999999842e-01 2.000000000000000000e+00
1.758180190000000032e+00 -2.905312400000000239e-01 -1.600000000000000089e+00
2.653550960000000014e+00 -2.112941700000000034e-01 3.799999999999999822e+00
2.823748650000000193e+00 -2.780573700000000259e-01 3.299999999999999822e+00
2.953263849999999913e+00 -2.532067900000000149e-01 3.799999999999999822e+00
-3.083862760000000147e+00 -3.013206199999999835e-01 2.799999999999999822e+00
-3.022591740000000193e+00 -2.833936699999999864e-01 3.100000000000000089e+00
-2.781378430000000179e+00 -1.902571799999999980e-01 1.199999999999999956e+00
-2.408085520000000201e+00 -2.763757499999999756e-01 2.899999999999999911e+00
-2.213406620000000213e+00 -2.552404899999999865e-01 4.000000000000000000e+00
-2.083377200000000151e+00 -3.433084499999999872e-01 2.899999999999999911e+00
-1.944286820000000082e+00 -1.826914199999999933e-01 2.700000000000000178e+00
-1.799837260000000105e+00 -2.734004500000000171e-01 2.600000000000000089e+00
-1.681095750000000111e+00 -2.682367900000000027e-01 3.600000000000000089e+00
-1.227082739999999950e+00 -3.131637999999999922e-01 4.000000000000000000e+00
-9.805203000000000113e-01 -2.216785799999999862e-01 3.799999999999999822e+00
-9.677705199999999675e-01 -2.607646499999999867e-01 3.299999999999999822e+00
-6.225464299999999840e-01 -2.947718100000000230e-01 3.799999999999999822e+00
-5.921762400000000204e-01 -2.854506399999999777e-01 3.000000000000000000e+00
-2.967130900000000127e-01 -2.807746099999999800e-01 3.500000000000000000e+00
8.287950499999999776e-01 -5.093424399999999519e-01 4.000000000000000000e+00
8.608451900000000379e-01 -3.829040000000000221e-01 4.000000000000000000e+00
1.323582290000000050e+00 -3.915978800000000093e-01 3.299999999999999822e+00
1.422886220000000090e+00 -3.629940600000000073e-01 3.000000000000000000e+00
1.493903889999999901e+00 -3.920605799999999919e-01 3.799999999999999822e+00
1.523541040000000013e+00 -3.644598000000000004e-01 3.899999999999999911e+00
1.818021279999999962e+00 -5.044497999999999482e-01 1.600000000000000089e+00
1.831401700000000021e+00 -4.862842199999999893e-01 3.700000000000000178e+00
1.836678480000000002e+00 -4.146730699999999770e-01 3.100000000000000089e+00
1.860334520000000103e+00 -4.592415100000000194e-01 2.000000000000000000e+00
1.888365599999999977e+00 -4.657363099999999867e-01 3.799999999999999822e+00
1.929095849999999945e+00 -5.097139099999999923e-01 2.399999999999999911e+00
2.038502470000000066e+00 -4.316743200000000003e-01 3.500000000000000000e+00
2.118016749999999782e+00 -4.216536100000000120e-01 2.899999999999999911e+00
-3.108655450000000098e+00 -3.899362299999999948e-01 3.200000000000000178e+00
-3.003032269999999837e+00 -4.035278800000000055e-01 2.799999999999999822e+00
-2.809117029999999904e+00 -3.998252600000000156e-01 3.299999999999999822e+00
-2.762093929999999808e+00 -4.018354399999999882e-01 3.500000000000000000e+00
-2.602646249999999828e+00 -4.615063099999999752e-01 3.500000000000000000e+00
-2.351231429999999900e+00 -4.378462399999999977e-01 3.399999999999999911e+00
-2.207916759999999812e+00 -4.881850300000000198e-01 3.799999999999999822e+00
-2.200952319999999851e+00 -5.168771300000000180e-01 3.799999999999999822e+00
-2.121483550000000218e+00 -5.073595499999999925e-01 4.000000000000000000e+00
-2.112626440000000105e+00 -4.532917799999999775e-01 3.000000000000000000e+00
-2.105862049999999819e+00 -3.923663499999999749e-01 2.500000000000000000e+00
-2.015225000000000044e+00 -4.446136099999999924e-01 3.100000000000000089e+00
-1.979479269999999902e+00 -4.594189000000000189e-01 1.100000000000000089e+00
-1.951430379999999909e+00 -4.906826400000000032e-01 2.899999999999999911e+00
-1.749972040000000062e+00 -4.354848599999999736e-01 3.399999999999999911e+00
-1.523794319999999924e+00 -3.678061300000000089e-01 4.000000000000000000e+00
-1.493161610000000028e+00 -5.210034700000000241e-01 2.799999999999999822e+00
-1.462218009999999957e+00 -4.442065599999999725e-01 2.899999999999999911e+00
-1.385212399999999899e+00 -4.720072299999999998e-01 3.299999999999999822e+00
-1.343181600000000087e+00 -4.600798899999999914e-01 2.100000000000000089e+00
-1.331916740000000043e+00 -3.695582900000000115e-01 3.600000000000000089e+00
-1.311477329999999997e+00 -5.227881199999999673e-01 2.700000000000000178e+00
-1.301634189999999913e+00 -3.807703399999999849e-01 3.899999999999999911e+00
-1.292331949999999896e+00 -4.842471300000000256e-01 3.399999999999999911e+00
-1.279366339999999935e+00 -3.683492700000000064e-01 3.000000000000000000e+00
-6.814828499999999734e-01 -3.949502699999999922e-01 3.899999999999999911e+00
-2.840864300000000009e-01 -5.216391099999999614e-01 1.300000000000000044e+00
-2.322029700000000085e-01 -3.742710200000000098e-01 3.799999999999999822e+00
1.117013339999999966e+00 -5.920042899999999886e-01 3.600000000000000089e+00
1.193828120000000048e+00 -5.351808799999999700e-01 3.899999999999999911e+00
1.437436020000000036e+00 -6.196986399999999673e-01 3.899999999999999911e+00
1.474091349999999911e+00 -5.951511200000000334e-01 2.799999999999999822e+00
1.523652599999999913e+00 -6.245841600000000549e-01 3.200000000000000178e+00
1.651048459999999940e+00 -5.242962300000000297e-01 3.100000000000000089e+00
1.659304740000000056e+00 -5.831148400000000231e-01 4.000000000000000000e+00
1.780113819999999958e+00 -5.663528500000000188e-01 3.799999999999999822e+00
1.899685449999999998e+00 -6.458876900000000143e-01 2.700000000000000178e+00
2.022278619999999805e+00 -6.605417199999999989e-01 3.700000000000000178e+00
2.102361950000000146e+00 -6.957116599999999540e-01 2.299999999999999822e+00
2.260830069999999914e+00 -6.131312599999999557e-01 4.000000000000000000e+00
2.275828559999999889e+00 -5.760490200000000227e-01 3.700000000000000178e+00
3.013039270000000158e+00 -5.511878700000000242e-01 3.700000000000000178e+00
-2.802221890000000215e+00 -6.361573400000000156e-01 2.899999999999999911e+00
-2.757029049999999870e+00 -6.832923800000000325e-01 4.000000000000000000e+00
-2.601713080000000122e+00 -6.304984500000000436e-01 2.299999999999999822e+00
-2.274926719999999847e+00 -6.297399599999999875e-01 3.600000000000000089e+00
-2.108355979999999796e+00 -6.676853000000000371e-01 3.600000000000000089e+00
-1.889667530000000095e+00 -5.969780399999999876e-01 2.399999999999999911e+00
-1.882869990000000104e+00 -6.625896199999999903e-01 3.100000000000000089e+00
-1.880839589999999895e+00 -6.620769300000000079e-01 3.600000000000000089e+00
-1.713210679999999986e+00 -6.502736599999999756e-01 2.799999999999999822e+00
-1.700777830000000046e+00 -6.469820600000000255e-01 1.699999999999999956e+00
-1.662313530000000039e+00 -6.807887500000000536e-01 2.500000000000000000e+00
-1.629906840000000079e+00 -6.462838800000000328e-01 3.299999999999999822e+00
-1.559475100000000003e+00 -5.310445400000000093e-01 3.100000000000000089e+00
-1.508650019999999925e+00 -6.419102300000000261e-01 3.200000000000000178e+00
-1.479807359999999905e+00 -6.005723499999999770e-01 2.000000000000000000e+00
-5.632722799999999586e-01 -6.562611999999999890e-01 3.200000000000000178e+00
3.001784999999999870e-02 -8.032572900000000127e-01 3.899999999999999911e+00
1.036220900000000000e-01 -7.671966599999999747e-01 3.899999999999999911e+00
1.039219299999999957e-01 -7.431153799999999920e-01 2.399999999999999911e+00
2.786241400000000201e-01 -8.200612800000000036e-01 3.399999999999999911e+00
3.761021700000000134e-01 -7.605075399999999819e-01 3.399999999999999911e+00
3.890867700000000262e-01 -8.610058299999999720e-01 4.000000000000000000e+00
7.695354599999999490e-01 -7.069305799999999751e-01 3.399999999999999911e+00
7.695361899999999533e-01 -7.069317999999999991e-01 3.399999999999999911e+00
1.101054849999999918e+00 -7.403119900000000309e-01 3.799999999999999822e+00
1.560388719999999951e+00 -7.472985500000000059e-01 4.000000000000000000e+00
1.728879239999999928e+00 -7.531293999999999489e-01 3.200000000000000178e+00
1.885005550000000030e+00 -7.776721199999999667e-01 3.100000000000000089e+00
1.953213609999999933e+00 -7.539698299999999520e-01 3.299999999999999822e+00
2.052930959999999860e+00 -7.059142699999999548e-01 3.799999999999999822e+00
2.129262779999999911e+00 -8.235932900000000334e-01 1.899999999999999911e+00
2.366790169999999804e+00 -8.185231099999999982e-01 3.700000000000000178e+00
2.383051469999999838e+00 -7.545039000000000051e-01 2.200000000000000178e+00
2.481544920000000154e+00 -7.024430999999999869e-01 3.600000000000000089e+00
2.812657590000000152e+00 -8.579246400000000161e-01 2.799999999999999822e+00
-2.989061920000000150e+00 -8.424039599999999517e-01 4.000000000000000000e+00
-2.972521289999999983e+00 -8.497199500000000016e-01 2.399999999999999911e+00
-2.676917780000000135e+00 -7.232528099999999682e-01 3.500000000000000000e+00
-2.676487269999999974e+00 -7.369732300000000347e-01 3.299999999999999822e+00
-2.651118030000000125e+00 -8.210555800000000071e-01 3.100000000000000089e+00
-2.638844880000000170e+00 -7.305491100000000015e-01 4.000000000000000000e+00
-2.476963560000000175e+00 -7.319802800000000387e-01 2.600000000000000089e+00
-2.449603779999999897e+00 -8.233557799999999816e-01 2.899999999999999911e+00
-2.376935749999999903e+00 -7.493380099999999988e-01 2.799999999999999822e+00
-2.374090649999999858e+00 -7.313786700000000085e-01 3.399999999999999911e+00
-2.348764549999999840e+00 -8.178070899999999588e-01 4.000000000000000000e+00
-2.277301899999999879e+00 -7.063004200000000399e-01 3.399999999999999911e+00
-2.272090490000000074e+00 -7.768664100000000072e-01 3.700000000000000178e+00
-2.217441529999999883e+00 -7.155896999999999952e-01 3.000000000000000000e+00
-1.871607880000000002e+00 -7.378857399999999567e-01 3.799999999999999822e+00
-1.795215489999999914e+00 -7.535512399999999555e-01 3.399999999999999911e+00
-1.710542430000000058e+00 -8.698508200000000246e-01 3.000000000000000000e+00
-1.685452020000000051e+00 -7.499347699999999728e-01 2.000000000000000000e+00
-1.640238599999999991e+00 -7.000464699999999763e-01 3.100000000000000089e+00
-1.469278230000000018e+00 -8.028180999999999790e-01 3.799999999999999822e+00
-8.985879199999999845e-01 -8.284638199999999619e-01 3.200000000000000178e+00
-5.013832099999999681e-01 -8.238659000000000399e-01 2.200000000000000178e+00
-4.088912199999999997e-01 -7.636126199999999642e-01 4.000000000000000000e+00
-3.504153400000000196e-01 -8.228655299999999562e-01 2.200000000000000178e+00
4.182468599999999981e-01 -1.003394300000000072e+00 5.999999999999999778e-01
4.974786999999999959e-01 -9.050780099999999884e-01 3.700000000000000178e+00
5.878429699999999647e-01 -9.030861500000000319e-01 3.799999999999999822e+00
1.190808920000000048e+00 -9.625092299999999934e-01 3.500000000000000000e+00
1.510141420000000068e+00 -8.915808400000000411e-01 3.899999999999999911e+00
1.670461399999999985e+00 -9.192234700000000425e-01 -9.000000000000000222e-01
1.783267120000000094e+00 -8.823390399999999634e-01 2.799999999999999822e+00
2.074791139999999867e+00 -9.223616700000000224e-01 3.600000000000000089e+00
2.188161679999999887e+00 -1.035818880000000108e+00 1.699999999999999956e+00
2.263956470000000110e+00 -9.205502100000000354e-01 3.700000000000000178e+00
2.283427510000000105e+00 -9.516323399999999655e-01 2.000000000000000000e+00
2.398302670000000081e+00 -1.025583200000000028e+00 3.600000000000000089e+00
2.424924760000000123e+00 -1.030877269999999957e+00 2.299999999999999822e+00
2.445922819999999831e+00 -9.563788600000000528e-01 2.600000000000000089e+00
2.485790360000000199e+00 -9.915777900000000145e-01 3.000000000000000000e+00
2.596631710000000037e+00 -9.482221600000000361e-01 3.700000000000000178e+00
2.842515740000000068e+00 -1.022541090000000041e+00 3.899999999999999911e+00
2.907919680000000007e+00 -1.024575269999999927e+00 4.000000000000000000e+00
-3.116471109999999989e+00 -8.804135499999999892e-01 2.899999999999999911e+00
-3.087152919999999856e+00 -1.020507590000000020e+00 3.100000000000000089e+00
-3.017766850000000112e+00 -9.919303900000000507e-01 1.600000000000000089e+00
-2.946185799999999855e+00 -1.036999639999999889e+00 1.500000000000000000e+00
-2.719635879999999784e+00 -9.287397800000000148e-01 2.600000000000000089e+00
-2.318323900000000215e+00 -9.060091399999999906e-01 3.500000000000000000e+00
-1.896052599999999977e+00 -1.028950959999999970e+00 3.700000000000000178e+00
-1.856708730000000029e+00 -9.758748200000000317e-01 3.100000000000000089e+00
-1.740364950000000022e+00 -9.683964699999999537e-01 2.799999999999999822e+00
-1.740185469999999901e+00 -9.831965700000000474e-01 3.500000000000000000e+00
-1.558853260000000018e+00 -8.743592399999999820e-01 3.899999999999999911e+00
-9.524924200000000063e-01 -9.930439599999999478e-01 2.100000000000000089e+00
-8.250258499999999495e-01 -1.023539610000000044e+00 3.700000000000000178e+00
-3.248707000000000122e-01 -9.002468399999999926e-01 3.700000000000000178e+00
5.113598900000000391e-01 -1.078833780000000075e+00 3.000000000000000000e+00
9.754909299999999783e-01 -1.133834769999999992e+00 3.799999999999999822e+00
1.107305460000000075e+00 -1.092552069999999986e+00 3.399999999999999911e+00
1.453810620000000053e+00 -1.091219600000000067e+00 3.799999999999999822e+00
1.778834129999999902e+00 -1.080137539999999952e+00 3.299999999999999822e+00
1.906165639999999994e+00 -1.184481129999999993e+00 4.000000000000000000e+00
2.204347579999999862e+00 -1.151388859999999958e+00 3.600000000000000089e+00
2.329645209999999800e+00 -1.055105109999999957e+00 4.000000000000000000e+00
2.411438669999999895e+00 -1.213195959999999962e+00 1.800000000000000044e+00
2.491400060000000138e+00 -1.091999619999999949e+00 4.000000000000000000e+00
2.556265080000000189e+00 -1.131662759999999990e+00 3.100000000000000089e+00
2.672756999999999827e+00 -1.218052439999999903e+00 3.600000000000000089e+00
2.685231309999999816e+00 -1.066081430000000108e+00 3.399999999999999911e+00
2.749947099999999978e+00 -1.072115420000000041e+00 3.600000000000000089e+00
2.797621139999999951e+00 -1.119315330000000053e+00 3.000000000000000000e+00
3.025806569999999862e+00 -1.095070959999999927e+00 3.299999999999999822e+00
3.068435950000000023e+00 -1.159795820000000033e+00 3.799999999999999822e+00
-3.060229839999999868e+00 -1.049379499999999910e+00 3.600000000000000089e+00
-3.037740900000000188e+00 -1.096451859999999945e+00 1.600000000000000089e+00
-2.992462039999999934e+00 -1.201837749999999927e+00 2.899999999999999911e+00
-2.953134030000000187e+00 -1.183940030000000032e+00 3.299999999999999822e+00
-2.616793239999999798e+00 -1.049515399999999987e+00 9.000000000000000222e-01
-2.460095899999999780e+00 -1.058197199999999949e+00 1.000000000000000056e-01
-2.450269179999999825e+00 -1.130257669999999992e+00 3.399999999999999911e+00
-2.294192540000000058e+00 -1.195496340000000046e+00 3.100000000000000089e+00
-2.134902729999999860e+00 -1.104418120000000059e+00 3.000000000000000000e+00
-2.046971890000000016e+00 -1.109336649999999924e+00 4.000000000000000000e+00
-1.905240739999999988e+00 -1.203210059999999970e+00 1.899999999999999911e+00
-1.716623449999999940e+00 -1.058449589999999940e+00 3.799999999999999822e+00
-1.654481799999999891e+00 -1.129275880000000010e+00 3.600000000000000089e+00
-1.030438680000000051e+00 -1.157363750000000024e+00 3.600000000000000089e+00
-8.705802599999999947e-01 -1.158634010000000103e+00 3.600000000000000089e+00
-4.577351399999999848e-01 -1.056094029999999906e+00 2.899999999999999911e+00
1.010381300000000038e-01 -1.353253159999999955e+00 2.899999999999999911e+00
9.947987099999999749e-01 -1.298396630000000052e+00 3.200000000000000178e+00
1.872651309999999958e+00 -1.229025709999999938e+00 3.899999999999999911e+00
2.017817700000000158e+00 -1.265124649999999962e+00 3.899999999999999911e+00
-3.013078600000000051e+00 -1.254141100000000009e+00 4.000000000000000000e+00
-2.885031280000000198e+00 -1.244066719999999959e+00 3.600000000000000089e+00
-2.436698300000000206e+00 -1.375928519999999988e+00 3.799999999999999822e+00
-1.982200820000000085e+00 -1.375126980000000110e+00 3.899999999999999911e+00
-6.283283400000000407e-01 -1.354619019999999896e+00 3.700000000000000178e+00
