369.01 1211.01 
-135.501 1198.5 
12.5006 1192.5 
910.494 1191.5 
1089.5 1186.5 
369.908 1178.97 
856.493 1175.5 
896.496 1170.51 
-2.49414 1168.5 
633.502 1168.5 
23.501 1157.5 
783.503 1146.5 
539.497 1137.49 
-560.493 1124.49 
881.495 1122.5 
418.497 1107.5 
-393.504 1099.5 
-274.502 1092.5 
-440.501 1092.49 
-958.502 1087.5 
688.495 1081.5 
-26.5 1078.5 
962.498 1077.5 
1486.5 1077.5 
405.5 1054.5 
-374.503 1050.49 
55.5011 1048.5 
222.5 1042.5 
1390.49 1043.5 
995.497 1034.5 
430.502 1018.5 
-849.501 1005.51 
325.502 999.508 
-1573.51 995.504 
1047.51 995.499 
-1086.5 986.499 
1366.5 986.504 
369.497 977.499 
1145.5 979.496 
-1480.5 978.495 
335.49 975.495 
1459.5 975.496 
428.496 973.501 
286.5 972.504 
1023.51 963.501 
220.5 961.499 
1398.5 940.502 
885.498 939.498 
-1074.5 937.504 
184.123 935.422 
-828.499 934.503 
314.499 929.501 
1047.5 925.5 
209.507 922.498 
-442.498 919.502 
-1186.5 897.493 
428.493 895.496 
1042.5 893.503 
-151.493 891.499 
234.509 886.503 
656.502 882.501 
1241.5 880.5 
-372.499 864.502 
1153.5 859.496 
-20.4895 853.491 
-482.498 844.498 
442.501 835.503 
-105.502 826.496 
283.494 819.499 
219.5 817.498 
568.493 813.496 
-159.722 787.833 
-166.841 786.131 
149.505 779.501 
780.497 776.498 
1326.5 770.499 
-793.499 766.498 
76.4982 766.504 
243.499 752.498 
-1124.51 750.494 
1027.5 749.504 
297.501 742.504 
193.505 730.499 
-1424.5 727.503 
334.504 717.506 
-1395.5 710.49 
394.5 698.488 
1484.5 697.502 
720.496 690.498 
1251.5 687.501 
967.498 660.5 
92.5039 649.497 
1083.5 642.497 
877.506 636.501 
-786.502 629.499 
-401.508 629.504 
-192.498 628.501 
-688.5 627.505 
714.501 625.5 
1598.49 617.496 
286.497 608.505 
-792.496 600.498 
-567.505 598.514 
-872.502 596.499 
-1024.49 591.498 
217.499 589.505 
850.495 587.5 
496.504 578.498 
-936.509 568.5 
-208.502 560.495 
-1500.5 537.504 
582.502 527.886 
971.503 528.497 
371.496 527.499 
-147.501 520.5 
582.503 527.497 
-652.503 516.504 
-336.501 514.499 
1074.5 510.5 
-772.492 488.493 
173.502 487.499 
8.50549 485.499 
-490.503 476.504 
1582.5 471.497 
-197.501 465.5 
1270.5 461.493 
-623.505 457.501 
353.501 440.497 
-641.501 438.501 
1347.5 437.501 
-518.5 432.5 
328.496 432.5 
1254.51 432.501 
473.504 426.497 
591.501 422.497 
25.5004 420.5 
-1295.49 418.5 
664.502 412.498 
331.5 410.5 
-1183.5 407.501 
511.492 407.498 
-145.499 404.499 
-630.496 401.507 
-374.501 401.501 
-792.505 396.496 
331.499 401.638 
848.5 388.505 
-1256.5 383.499 
1495.5 384.5 
1531.5 378.504 
1166.5 369.497 
-268.5 355.504 
1385.51 348.498 
-470.494 347.506 
103.504 346.5 
-145.494 343.501 
-960.496 328.499 
-248.505 328.497 
668.51 311.508 
1024.5 309.504 
-318.498 303.506 
-1199.5 302.505 
1030.4 295.681 
-340.499 288.497 
1482.5 285.497 
-794.502 270.498 
496.495 271.494 
828.497 271.503 
-449.499 259.505 
608.499 258.513 
819.776 261.567 
905.494 251.497 
-1478.49 249.5 
-126.503 243.508 
-687.495 231.504 
-426.498 227.497 
-1181.5 219.506 
470.501 212.499 
1127.5 211.501 
1203.5 208.5 
759.495 208.508 
-552.499 207.496 
-170.496 207.496 
-527.505 206.503 
307.508 199.495 
525.494 196.502 
-95.4985 194.5 
803.5 194.507 
1182.5 192.498 
502.496 191.494 
463.504 184.496 
1331.5 180.498 
762.495 179.501 
-471.5 177.5 
-450.499 177.5 
-386.503 174.503 
1269.5 174.494 
-1529.5 171.507 
-131.512 170.506 
837.503 165.503 
1037.5 159.498 
-541.501 156.5 
706.492 156.504 
-31.5015 153.499 
265.497 150.495 
861.499 149.504 
-696.509 144.495 
27.507 143.501 
929.502 140.494 
-424.457 133.486 
-472.501 133.502 
-549.505 129.493 
-322.051 128.071 
233.498 126.503 
-407.889 125.749 
-444.949 120.965 
49.502 122.499 
453.502 120.503 
-329.726 123.003 
-324.266 125.747 
-444.989 120.554 
-421.513 108.502 
-446.495 99.5027 
-358.501 95.4967 
388.504 89.4978 
754.501 85.5038 
795.494 81.4969 
-503.503 76.5004 
-112.496 69.5043 
282.494 68.4911 
338.502 67.499 
234.499 61.5052 
193.497 56.502 
1420.51 53.4967 
-495.545 43.5574 
1075.5 39.501 
-507.503 39.5021 
1238.5 30.4957 
456.497 28.501 
223.495 27.5063 
-865.499 24.5015 
-476.498 22.4951 
1384.51 17.5007 
1502.5 9.49548 
0.501587 -0.491089 
294.501 -2.50244 
279.496 -4.49573 
775.492 -4.5011 
-767.501 -10.5065 
-179.5 -10.5039 
1574.49 -14.5 
1411.5 -18.5134 
-533.501 -20.496 
1128.5 -30.4958 
-479.5 -31.5007 
-437.503 -35.5029 
773.491 -66.499 
-661.499 -71.4976 
536.502 -74.5026 
506.499 -77.4978 
635.495 -79.4977 
4.49597 -84.501 
736.502 -93.5018 
545.499 -95.5017 
528.496 -99.4998 
639.497 -101.501 
-324.501 -102.5 
-987.498 -108.504 
-563.506 -111.496 
457.498 -122.496 
-490.503 -125.496 
335.505 -128.508 
-537.499 -136.502 
939.497 -137.499 
-47.5 -140.504 
5.48914 -145.497 
-438.505 -153.498 
-547.501 -158.505 
222.496 -161.507 
-1392.5 -166.495 
-953.503 -166.505 
-533.852 -166.244 
130.503 -166.501 
-466.505 -185.66 
-701.393 -194.725 
-1232.5 -195.5 
-1209.5 -195.505 
-276.498 -209.502 
696.498 -208.506 
-453.95 -211.907 
-1249.49 -219.503 
-447.654 -216.763 
-879.51 -223.493 
-795.501 -225.494 
1396.49 -226.501 
-1335.5 -227.495 
757.495 -230.504 
-339.501 -230.506 
853.497 -242.499 
-1576.5 -249.503 
-105.501 -252.491 
628.499 -253.497 
694.496 -253.497 
1216.5 -258.496 
-789.498 -259.505 
304.495 -266.498 
6.49902 -267.502 
-1553.5 -282.499 
-892.504 -284.496 
879.499 -287.504 
543.5 -293.499 
-700.506 -296.502 
453.502 -301.498 
-101.497 -305.5 
-913.503 -314.494 
-878.5 -316.504 
235.497 -316.498 
-898.687 -320.399 
708.494 -320.501 
-930.483 -325.594 
-878.5 -316.588 
-928.931 -330.8 
-921.251 -335.67 
1392.5 -338.5 
1609.5 -346.499 
-921.677 -338.782 
-918.654 -340.17 
-488.499 -351.502 
1206.5 -354.5 
347.501 -358.5 
-921.344 -359.206 
-1055.5 -362.501 
548.501 -378.496 
-856.504 -389.492 
-1181.51 -397.498 
-616.493 -405.506 
317.496 -406.499 
1091.5 -414.503 
1338.5 -413.502 
-508.5 -437.502 
1475.5 -438.499 
-157.502 -444.505 
22.4978 -449.506 
491.507 -454.497 
1234.5 -454.502 
-659.491 -466.494 
464.501 -469.496 
-1425.5 -474.495 
197.498 -482.499 
-278.508 -483.498 
1499.48 -485.495 
-349.49 -505.5 
334.495 -520.498 
142.504 -527.499 
-1218.5 -530.497 
-649.501 -535.507 
964.503 -542.499 
-1462.51 -550.499 
-1185.5 -552.504 
-1316.5 -561.493 
204.5 -561.499 
1015.51 -565.499 
727.492 -579.501 
1432.5 -580.498 
324.502 -583.508 
995.503 -599.494 
176.502 -606.503 
1072.5 -614.5 
-191.491 -619.5 
343.502 -627.496 
-1197.49 -633.501 
563.501 -634.496 
-434.497 -635.494 
-1620.5 -635.5 
1483.49 -652.499 
871.501 -655.496 
-770.494 -657.495 
494.501 -660.498 
258.505 -663.496 
-1333.51 -666.497 
1606.5 -671.492 
-189.505 -677.491 
79.5016 -680.498 
1618.59 -682.74 
1302.5 -688.503 
-779.499 -703.495 
-109.501 -704.502 
106.504 -716.505 
-1246.5 -728.499 
115.5 -735.502 
677.503 -737.503 
-888.503 -744.504 
121.401 -741.726 
-588.503 -763.489 
87.5035 -763.504 
1392.5 -763.501 
-442.672 -766.717 
902.504 -766.506 
197.307 -773.709 
-824.501 -775.504 
-443.006 -770.071 
199.604 -774.699 
262.499 -793.505 
-485.497 -801.495 
-1216.5 -812.5 
1102.5 -820.501 
1476.5 -828.491 
-899.504 -837.5 
-791.495 -837.498 
-1109.51 -861.494 
-1062.5 -864.503 
-1466.49 -866.507 
-737.508 -866.5 
-151.505 -887.5 
-707.502 -899.5 
1127.5 -902.5 
1180.5 -901.503 
-1172.51 -916.503 
1617.5 -922.507 
167.503 -926.499 
-178.507 -930.505 
-999.496 -942.501 
433.5 -946.502 
-85.4994 -948.498 
522.498 -953.504 
-860.507 -966.501 
-257.51 -977.499 
1285.5 -977.505 
54.4966 -980.495 
-595.501 -1003.5 
-74.5022 -1029.51 
587.5 -1033.49 
-890.5 -1036.5 
-1407.5 -1041.5 
407.503 -1044.5 
431.496 -1046.49 
-1506.5 -1067.5 
108.497 -1070.5 
905.499 -1100.5 
-52.5023 -1121.5 
144.495 -1122.5 
118.492 -1124.5 
-520.501 -1127.5 
-13.4979 -1129.5 
-697.502 -1131.5 
-302.502 -1144.5 
921.492 -1160.49 
132.5 -1165.5 
1458.5 -1174.5 
-956.499 -1187.5 
918.497 -1189.51 
-1138.5 -1204.49 
-1359.5 -1206.5 
-145.5 -1208.5 
