-366.506 1210.5 
-198.5 1209.5 
300.491 1210.5 
1177.5 1197.51 
982.504 1185.5 
1060.5 1183.5 
-924.509 1177.5 
879.501 1174.5 
929.505 1174.49 
766.504 1172.5 
-865.497 1170.5 
326.497 1163.5 
371.495 1148.5 
586.493 1147.51 
-84.4984 1143.51 
468.498 1133.5 
648.505 1130.5 
764.495 1126.5 
487.495 1124.5 
1390.5 1111.5 
-1529.5 1110.5 
-924.498 1109.5 
859.499 1109.49 
1129.5 1108.5 
-27.5006 1105.49 
190.5 1105.5 
-413.503 1101.5 
-776.497 1100.5 
-150.5 1099.5 
204.149 1093.89 
477.496 1093.5 
765.5 1087.5 
1079.5 1087.49 
-301.503 1086.5 
334.499 1079.5 
830.976 1078.5 
1141.5 1074.5 
823.152 1068.18 
4.49402 1068.49 
479.503 1059.5 
823.921 1067.36 
1120.49 1059.5 
517.501 1047.5 
864.502 1040.5 
-1011.5 1039.49 
-1427.5 1030.5 
789.495 1024.5 
1110.5 1024.51 
295.503 1018.5 
1135.5 1010.5 
779.172 1009.49 
299.091 1013.56 
1066.5 998.502 
289.505 992.5 
5.83997 991.363 
-210.499 989.497 
16.7112 988.16 
-13.4955 986.5 
531.503 986.492 
1229.5 984.499 
305.504 981.498 
-622.494 973.499 
677.504 957.495 
384.502 948.502 
1369.5 946.502 
-1514.5 945.505 
465.498 944.498 
-686.504 931.506 
396.495 930.502 
1354.5 929.505 
678.504 926.503 
-1403.5 916.511 
253.501 912.499 
-8.4978 902.5 
-1325.5 891.503 
1017.5 891.5 
497.502 888.502 
769.499 884.499 
838.498 883.508 
-6.50134 874.504 
385.497 870.495 
-692.5 865.497 
-1030.5 857.505 
372.487 855.503 
1011.5 855.499 
-1604.5 846.502 
33.4989 840.495 
385.501 838.504 
521.499 831.503 
-92.4996 823.5 
-330.501 820.503 
1215.51 816.498 
662.492 814.501 
-614.497 812.5 
-913.504 808.501 
134.503 807.501 
-1085.5 804.499 
389.501 781.5 
914.498 775.503 
1211.5 767.504 
-180.507 763.499 
-93.502 757.496 
820.502 748.499 
448.499 732.495 
-758.497 727.497 
-604.502 715.494 
1219.61 713.105 
-999.501 713.505 
1225.13 709.864 
963.506 702.493 
560.503 700.5 
271.502 694.501 
352.502 683.498 
-67.4985 683.499 
313.5 683.494 
1407.5 682.498 
-1526.5 681.504 
1439.5 679.502 
462.497 667.498 
-19.491 662.498 
-1063.5 661.501 
764.494 661.497 
539.503 659.494 
-1358.49 656.503 
-1233.49 643.495 
426.501 627.503 
-52.4984 621.496 
-802.507 615.499 
894.499 600.506 
38.501 598.498 
362.496 598.504 
-776.501 582.502 
138.496 580.498 
-1213.5 576.495 
313.5 575.501 
-554.489 572.499 
254.503 572.495 
-357.498 566.5 
-652.503 564.499 
-1051.5 562.502 
239.546 558.679 
19.5004 553.498 
-404.498 549.504 
239.749 557.151 
-556.506 548.497 
294.43 546.823 
-258.494 546.494 
299.116 547.08 
-1034.5 540.495 
455.502 529.502 
-835.5 525.5 
244.503 524.504 
627.506 522.499 
656.503 518.504 
1567.5 516.5 
-491.499 510.499 
-360.507 508.507 
-378.501 500.506 
583.498 498.944 
860.499 496.504 
25.5042 493.503 
-938.495 491.502 
-770.499 486.499 
-686.5 482.504 
1500.5 477.506 
36.5316 477.756 
580.501 476.497 
-396.495 475.501 
374.492 474.503 
-1440.49 471.504 
234.5 470.501 
-973.5 468.497 
22.5006 469.5 
-20.506 467.506 
632.502 462.504 
734.506 462.503 
187.502 460.505 
-221.498 459.5 
590.495 457.501 
284.074 452.002 
387.494 452.503 
280.645 451.666 
-575.505 444.503 
-1032.5 430.503 
-426.495 430.497 
-829.501 422.498 
-678.5 419.493 
-741.496 410.493 
-547.497 403.501 
917.496 398.498 
-986.502 395.501 
224.504 395.504 
372.495 393.493 
990.507 393.502 
-542.508 394.398 
-234.499 369.493 
-920.49 364.502 
307.496 363.496 
-527.499 353.496 
-159.504 353.5 
513.498 352.499 
119.508 351.498 
679.498 349.506 
1251.5 325.502 
350.495 322.506 
782.503 320.496 
-722.499 319.503 
502.506 306.501 
-469.5 304.5 
-403.495 303.505 
1485.5 298.505 
-814.503 296.498 
494.21 298.684 
-467.687 299.517 
1438.5 289.508 
-372.496 282.499 
-249.499 280.503 
-426.507 272.501 
89.499 257.503 
-296.498 249.489 
86.6853 249.938 
-245.501 242.497 
102.499 239.5 
1024.51 227.497 
146.507 223.505 
-306.496 214.309 
904.51 210.495 
-301.644 211.989 
-1050.5 204.503 
163.499 200.491 
-720.495 198.499 
1561.5 194.506 
-565.501 192.501 
-359.506 190.502 
443.503 187.496 
-1288.49 186.5 
1036.51 186.507 
-1529.51 185.502 
6.49634 185.501 
-942.497 180.507 
-1345.49 177.496 
-1489.5 168.5 
-1064.5 164.508 
1107.5 151.502 
1047.5 141.503 
1456.5 134.503 
97.5009 119.502 
137.494 113.497 
302.493 110.498 
-166.503 107.501 
1282.5 90.4994 
-220.501 88.4958 
301.503 84.5022 
-1535.5 80.5 
215.499 78.4946 
-464.499 70.4965 
878.505 68.4949 
-688.494 65.5072 
-136.504 57.5052 
19.5037 51.5004 
91.502 50.4996 
-1291.51 47.4979 
911.506 44.5043 
-777.502 34.4974 
-46.4996 33.5065 
-685.502 31.4951 
-12.496 27.5022 
737.497 24.4993 
1012.5 15.4993 
209.497 13.5037 
1.49719 12.5004 
64.4972 8.49817 
255.505 5.49695 
-1576.49 0.500732 
0.794434 3.3927 
-806.499 -4.50293 
43.5034 -9.50208 
298.5 -13.4985 
-67.502 -17.4972 
-512.503 -18.4926 
-5.49939 -20.5002 
-549.503 -27.5007 
-1544.5 -30.4956 
356.497 -30.5084 
1590.5 -38.5034 
-27.4996 -39.5048 
-173.499 -61.4961 
252.504 -62.4982 
-763.503 -71.4982 
-146.504 -71.5054 
-54.4921 -73.5029 
113.495 -73.5015 
371.644 -80.6505 
778.491 -84.4976 
41.4958 -86.4954 
577.5 -92.4999 
321.49 -92.4969 
197.491 -95.4985 
-186.494 -98.4983 
-960.505 -105.496 
41.5038 -105.494 
-224.496 -117.5 
-1060.51 -120.504 
-1031.5 -121.499 
-885.501 -122.511 
-762.497 -125.498 
782.503 -128.504 
-1354.49 -130.503 
956.501 -131.494 
-384.504 -132.496 
-128.503 -137.497 
-80.4943 -138.498 
-471.496 -139.499 
-726.499 -146.507 
486.501 -148.499 
212.496 -154.492 
-643.499 -158.498 
-738.183 -162.064 
-438.499 -164.497 
19.5049 -164.502 
463.499 -170.498 
-1256.5 -173.502 
-1217.5 -174.5 
132.498 -174.504 
-208.497 -177.503 
164.5 -177.495 
136.419 -179.898 
356.501 -194.508 
211.503 -210.498 
-962.496 -212.498 
1411.5 -216.513 
-1299.5 -224.509 
115.504 -227.495 
801.498 -231.498 
-631.504 -247.502 
411.504 -256.498 
-310.505 -265.506 
-679.502 -275.496 
592.504 -275.499 
-35.4993 -280.495 
760.496 -284.499 
-1418.5 -290.502 
-645.497 -293.5 
887.496 -297.495 
-222.504 -298.496 
1389.5 -298.505 
-239.495 -307.505 
-218.573 -308.016 
-1084.49 -316.501 
-775.499 -321.502 
1201.5 -329.497 
-1231.5 -335.499 
245.496 -334.499 
619.497 -337.502 
-434.506 -344.497 
207.501 -349.497 
-1354.5 -363.505 
-244.505 -364.503 
82.5022 -370.498 
-440.498 -373.502 
-1530.5 -380.5 
515.494 -386.502 
-603.501 -396.497 
-424.5 -394.493 
783.51 -408.499 
1574.5 -410.504 
139.499 -425.504 
-536.499 -426.507 
1272.5 -433.51 
-670.503 -448.502 
400.499 -449.503 
-828.5 -452.495 
-690.5 -457.495 
-283.494 -457.499 
-216.497 -461.505 
-421.506 -462.496 
1046.5 -468.501 
-344.499 -473.363 
-344.849 -474.502 
1556.5 -485.5 
640.505 -486.501 
51.4973 -497.504 
-62.5067 -504.496 
111.496 -506.497 
689.503 -506.501 
-1073.5 -515.504 
-1408.5 -526.501 
-825.5 -532.496 
-130.497 -533.503 
-1042.5 -536.499 
14.5131 -537.498 
-1499.51 -538.496 
851.498 -538.498 
296.501 -550.499 
-305.505 -552.496 
-784.494 -553.496 
-1475.5 -560.503 
-956.497 -561.492 
-1574.5 -562.5 
167.508 -565.489 
439.5 -566.497 
-341.5 -568.503 
364.497 -583.502 
-332.504 -587.498 
220.501 -588.503 
247.498 -589.497 
1131.5 -589.497 
-423.503 -598.502 
69.5015 -598.495 
-713.506 -603.503 
-1481.5 -609.507 
667.495 -609.497 
-223.501 -610.494 
436.501 -614.504 
-1617.11 -620.706 
-1605.8 -621.472 
1469.49 -622.499 
119.498 -628.501 
-611.5 -649.496 
680.501 -653.5 
1055.5 -653.504 
879.501 -662.504 
-1240.5 -664.501 
771.494 -664.503 
-527.502 -682.498 
-999.5 -685.494 
395.506 -702.502 
-654.502 -708.5 
-250.502 -710.498 
-620.506 -722.494 
-1434.5 -728.496 
153.504 -738.503 
-1110.5 -744.504 
-101.507 -751.504 
-23.4915 -754.498 
-914.498 -755.503 
-870.499 -777.505 
-1114.5 -792.504 
173.503 -801.499 
-7.49146 -802.497 
-347.503 -807.502 
-960.505 -808.494 
928.497 -809.5 
1524.51 -826.509 
191.504 -829.499 
-1060.5 -831.497 
-701.498 -831.5 
-1486.51 -836.496 
320.502 -840.5 
1515.64 -836.629 
-747.503 -848.492 
638.494 -848.502 
-409.505 -854.5 
432.499 -857.498 
-339.496 -865.498 
-1485.51 -873.501 
208.505 -876.499 
-182.492 -899.495 
1034.5 -902.494 
-541.507 -904.507 
-1370.5 -911.495 
315.506 -912.503 
-1085.49 -915.502 
-699.499 -916.499 
-1599.5 -923.5 
-1268.5 -922.495 
1593.49 -923.496 
713.503 -926.501 
1272.5 -937.498 
1156.5 -939.501 
-1387.5 -945.501 
177.503 -946.504 
-1214.51 -949.498 
-1279.5 -959.502 
-585.996 -963.499 
-914.497 -969.503 
-822.499 -970.497 
-816.238 -977.782 
-1315.89 -987.9 
388.493 -987.493 
-1337.7 -992.593 
-1307.39 -993.268 
-774.5 -999.507 
-1337.33 -993.508 
-1343.48 -1025.99 
-545.49 -1028.5 
91.5022 -1031.5 
1334.5 -1037.5 
-167.495 -1043.49 
-1348.13 -1059.02 
480.494 -1059.49 
-140.495 -1065.5 
-493.493 -1066.5 
-775.498 -1076.5 
-1055.49 -1084.5 
-828.501 -1088.51 
-609.5 -1089.5 
910.506 -1092.5 
-789.499 -1095.51 
-1161.51 -1111.49 
-902.501 -1113.49 
-157.495 -1125.49 
-63.5 -1126.5 
283.502 -1134.49 
937.633 -1136.79 
-1303.51 -1139.51 
931.245 -1139.63 
-805.496 -1142.5 
917.916 -1148.13 
578.502 -1156.5 
1282.5 -1160.5 
-1005.5 -1177.5 
-727.497 -1190.5 
702.503 -1195.5 
-1327.5 -1198.5 
-1557.5 -1204.5 
-263.503 -1205.5 
