-326.5 1208.5 
1571.49 1204.5 
-307.503 1193.5 
592.497 1185.5 
-1186.5 1182.49 
-854.506 1177.5 
-666.503 1163.5 
509.495 1125.5 
-39.501 1115.51 
623.501 1106.5 
-798.501 1105.5 
554.497 1100.5 
-903.499 1088.5 
-81.4967 1078.5 
-294.5 1061.5 
642.501 1049.5 
-908.505 1045.5 
1529.49 1015.5 
-689.497 994.498 
1066.5 989.507 
242.504 986.498 
1482.5 979.503 
1364.5 967.505 
906.5 946.506 
-923.501 945.502 
-1225.5 939.5 
-165.492 924.508 
-1270.81 904.565 
485.5 901.497 
-1269.34 904.31 
1340.5 885.512 
1011.5 880.504 
1578.5 861.501 
1341.5 853.5 
418.508 849.493 
886.498 831.504 
1339.5 826.5 
762.494 822.501 
-112.503 813.507 
1321.5 812.495 
1442.5 792.494 
812.498 789.495 
-735.499 780.503 
1286.5 780.491 
-64.4954 775.497 
969.492 767.506 
1374.5 756.498 
-182.496 754.493 
470.502 739.503 
571.497 729.501 
1046.5 725.499 
-669.501 717.497 
-975.499 693.504 
742.496 691.498 
724.503 687.501 
1336.49 686.5 
-513.498 651.499 
-343.498 645.503 
-1214.5 643.501 
1508.5 620.5 
-1503.5 608.497 
-485.501 592.495 
-267.503 584.505 
395.501 571.499 
-221.497 567.504 
274.496 559.503 
163.495 552.498 
-497.503 543.502 
-1483.5 542.499 
-378.496 516.499 
-444.5 452.502 
-1403.5 427.501 
106.5 427.499 
-1079.5 408.505 
-612.492 405.499 
-1601.49 402.501 
244.51 399.5 
224.503 398.501 
993.501 396.497 
-140.5 387.498 
-393.496 371.504 
954.5 365.506 
-809.5 356.504 
-1064.5 349.499 
430.502 348.499 
-1566.49 335.499 
640.507 333.501 
274.495 320.502 
612.503 317.499 
1446.78 312.988 
327.489 295.502 
-440.502 290.493 
-675.495 285.503 
-961.492 266.506 
903.499 264.499 
-427.498 248.502 
-279.499 234.501 
581.497 233.497 
-254.498 218.499 
202.506 217.493 
381.498 212.502 
-1150.5 208.499 
1435.5 209.501 
-1511.5 194.509 
445.49 186.503 
1021.5 126.495 
-903.498 106.502 
-250.502 106.496 
1525.5 97.4972 
-386.501 96.5031 
470.496 83.5004 
-1056.5 75.5071 
1564.5 74.5073 
-150.501 65.4915 
1599.5 63.5082 
-239.503 57.4978 
377.508 55.5007 
607.502 51.5057 
-1393.51 49.5013 
-1096.5 1.49268 
-339.501 1.49475 
0.496704 -0.504761 
-1607.51 -10.5015 
361.501 -18.4957 
952.5 -35.5005 
158.492 -42.501 
-634.492 -44.5028 
-940.5 -61.5004 
-1604.5 -63.4935 
455.5 -63.4977 
875.502 -87.5048 
1.5 -100.499 
-240.494 -103.505 
167.499 -125.498 
562.499 -130.5 
-176.498 -173.506 
-1218.51 -183.5 
1179.5 -194.505 
460.504 -206.501 
1009.5 -249.5 
1392.5 -250.496 
449.497 -252.498 
-207.496 -276.495 
186.504 -290.503 
-769.494 -291.504 
494.504 -293.512 
361.499 -306.505 
1618.5 -312.502 
347.497 -318.497 
-315.502 -334.493 
-1239.5 -366.501 
64.5007 -373.506 
1027.5 -392.504 
-1050.5 -404.498 
-1465.5 -423.504 
1533.5 -429.495 
1072.51 -439.497 
1194.49 -439.5 
-1594.49 -441.496 
744.506 -482.499 
-150.503 -488.503 
387.5 -500.499 
997.502 -514.495 
-968.496 -518.507 
-432.498 -521.508 
-417.502 -527.503 
493.504 -529.502 
-1299.49 -557.499 
1466.51 -598.5 
-1581.51 -603.498 
1232.5 -603.506 
774.501 -613.499 
-1157.51 -637.505 
844.506 -639.505 
-1231.5 -651.497 
-794.501 -652.496 
-193.509 -652.496 
336.496 -664.498 
1485.5 -665.5 
-1412.51 -670.499 
-1257.49 -671.501 
991.502 -686.503 
-1107.5 -714.498 
-1018.5 -724.495 
-417.5 -728.498 
17.5021 -730.496 
607.503 -740.499 
494.491 -745.508 
-677.5 -749.502 
-1522.5 -768.494 
346.501 -821.493 
289.505 -837.497 
-552.496 -860.508 
1174.5 -878.5 
-1220.5 -894.502 
-673.491 -906.5 
-873.499 -908.505 
-151.503 -907.496 
-1534.5 -914.496 
-1612.5 -923.503 
-106.497 -952.508 
-1474.5 -984.507 
-981.495 -1002.5 
-851.5 -1002.5 
-887.51 -1005.5 
-755.502 -1009.5 
1183.5 -1017.51 
-1338.5 -1018.5 
-621.501 -1020.5 
1179.19 -1023.35 
1451.5 -1028.5 
865.5 -1037.5 
284.501 -1048.51 
-98.5026 -1053.5 
188.489 -1079.5 
-154.498 -1091.49 
-517.503 -1101.51 
1059.51 -1117.5 
444.503 -1129.5 
579.495 -1129.5 
101.498 -1131.5 
257.496 -1153.5 
-1201.5 -1155.5 
232.494 -1165.5 
-87.5015 -1187.49 
-1190.5 -1209.5 
