-1332.5 1207.51 
-55.5 1211.5 
992.49 1194.49 
957.503 1190.5 
-1408.51 1185.5 
-1290.5 1181.5 
403.503 1179.5 
611.505 1175.5 
768.5 1169.5 
892.516 1149.5 
1275.5 1148.49 
-1310.5 1138.5 
365.495 1130.5 
-929.501 1126.5 
1457.5 1126.51 
1443.79 1111.92 
130.663 1103.4 
1438.69 1108.38 
403.504 1100.5 
1386.5 1097.5 
1523.5 1097.5 
130.983 1100.18 
1458.5 1068.5 
588.502 1066.5 
1196.5 1059.5 
1120.49 1049.5 
426.503 1038.5 
1426.5 1031.5 
1621.39 1034.5 
879.501 1024.5 
808.498 1019.5 
1042.5 1017.49 
-58.5007 1016.51 
194.501 1016.5 
-1379.5 1014.5 
-1105.5 1014.5 
874.104 1015.76 
-20.5 1011.5 
-564.501 1009.5 
-212.505 1000.5 
-650.501 996.499 
-429.498 991.497 
-560.496 989.498 
-465.5 978.489 
99.5015 974.503 
951.502 974.497 
-787.497 973.506 
805.495 971.51 
1014.5 969.498 
1381.5 958.5 
1605.5 953.498 
1074.08 949.503 
1081.47 949.499 
-847.503 943.496 
-369.503 936.501 
190.5 934.497 
1282.5 933.504 
887.5 932.498 
-952.501 929.502 
1376.51 918.503 
-74.4976 916.499 
397.496 912.504 
1034.5 911.499 
989.5 908.504 
1077.5 890.501 
-740.506 881.503 
1480.5 873.499 
1170.5 868.501 
110.499 866.497 
1033.51 866.507 
-1008.5 856.499 
824.5 854.507 
0.495605 853.5 
-728.506 845.503 
1499.5 844.506 
1404.5 842.503 
-49.5035 840.499 
1314.5 837.502 
146.496 827.501 
1002.5 829.497 
-452.498 827.504 
865.502 821.508 
945.501 819.501 
-1354.51 806.504 
1001.51 802.492 
-376.501 798.505 
-884.501 797.502 
1062.5 789.508 
1454.5 789.501 
794.496 784.497 
995.506 779.51 
170.498 777.512 
492.498 777.493 
-139.495 773.501 
98.4978 769.498 
1006.5 752.503 
-1174.5 749.499 
1008.44 746.646 
456.497 733.498 
610.502 731.49 
1487.51 724.502 
656.075 718.44 
-843.495 709.496 
657.2 715.5 
637.059 706.794 
954.497 703.508 
442.501 698.503 
183.5 695.493 
654.507 689.499 
808.496 687.5 
831.502 673.501 
54.4943 670.501 
-243.508 667.5 
571.501 661.502 
1033.52 655.448 
112.501 654.501 
1185.5 651.513 
1303.5 651.502 
1240.5 647.495 
-67.499 639.5 
344.5 628.502 
757.503 622.5 
25.5104 621.501 
-105.504 616.496 
897.502 616.501 
921.506 589.502 
-624.501 574.501 
1550.5 572.505 
-796.495 569.492 
-70.5034 563.506 
-1074.49 555.506 
635.502 553.502 
-1519.51 547.498 
909.503 543.499 
-97.4937 540.506 
723.502 533.497 
-210.504 528.502 
-1121.5 525.501 
391.501 521.497 
1060.5 504.507 
557.497 502.5 
362.493 501.501 
288.498 499.501 
510.494 496.503 
820.501 486.496 
1592.5 484.492 
-133.496 485.505 
-786.503 476.503 
1592.5 484.417 
-12.4996 474.501 
273.5 470.502 
746.501 470.495 
229.497 469.498 
701.496 468.501 
1266.5 465.499 
-1195.5 461.501 
-833.497 459.501 
176.493 458.5 
723.502 457.497 
-1533.49 456.499 
257.504 451.503 
1214.5 449.494 
341.502 437.5 
253.259 437.6 
724.499 433.499 
493.491 420.503 
-176.507 411.501 
851.5 411.503 
-588.498 410.506 
666.5 408.497 
-605.506 404.495 
-899.499 401.506 
-845.504 400.498 
1112.5 397.508 
-238.495 397.505 
-1019.5 387.503 
121.497 386.496 
-255.5 385.499 
-236.734 389.623 
-299.507 381.504 
736.498 374.504 
-251.715 379.484 
826.49 372.499 
89.5089 369.497 
1192.5 365.495 
432.498 364.499 
683.498 356.5 
86.3907 362.616 
-1195.5 352.502 
-1240.5 348.501 
332.502 331.501 
4.49939 325.5 
-1301.5 321.498 
-105.494 317.498 
200.498 319.502 
-263.505 317.506 
226.497 315.501 
1095.5 311.497 
104.498 302.501 
190.5 296.503 
-622.497 296.503 
119.497 296.498 
799.502 296.496 
-756.502 285.503 
314.503 285.501 
382.497 280.502 
668.505 266.495 
-1193.5 264.492 
-29.4994 251.244 
392.496 246.499 
-1581.5 244.497 
-29.5024 246.293 
-981.503 234.889 
-289.507 233.502 
230.5 232.497 
1381.5 230.499 
729.497 228.501 
-981.503 234.497 
73.495 224.501 
330.501 223.506 
-1521.51 220.5 
677.491 217.499 
-996.498 212.496 
-895.493 208.498 
-334.504 198.503 
-776.499 191.5 
782.501 188.5 
-1611.51 186.5 
1449.5 183.502 
43.5033 182.504 
84.4929 177.49 
-948.497 169.497 
1441.91 172.992 
-201.505 162.501 
1441.65 158.291 
-828.494 147.499 
527.494 146.498 
280.498 141.497 
229.497 137.506 
1594.5 137.506 
-1455.49 132.5 
-480.503 132.504 
1200.51 124.492 
285.499 118.501 
-996.494 103.501 
-328.493 98.4968 
102.495 98.5067 
-266.498 95.4956 
-844.501 92.4954 
444.507 92.5021 
31.5072 84.4951 
-272.298 78.9661 
-612.504 74.5052 
400.503 72.4983 
-680.495 69.5018 
-736.505 59.4937 
-833.502 53.4976 
-505.495 51.5026 
686.505 50.4982 
325.507 45.501 
-580.503 43.4993 
651.497 43.5 
985.497 39.496 
-465.5 36.5038 
-309.494 27.4989 
693.497 26.5092 
1172.5 26.5004 
-249.498 25.49 
-1078.5 24.5 
-5.49756 24.493 
-57.4996 14.4982 
-89.5039 9.50452 
15.0381 8.0426 
-0.115601 2.52673 
-0.00341797 1.51685 
115.503 -7.50122 
-552.499 -17.5022 
548.496 -18.4951 
-972.498 -19.5035 
837.501 -19.4982 
-1342.5 -26.5024 
156.494 -30.4996 
-744.504 -32.5004 
-126.505 -33.4967 
367.509 -37.5021 
-1430.5 -45.4883 
400.503 -45.4955 
934.492 -46.5001 
283.497 -48.504 
-820.501 -52.4974 
-108.503 -53.5037 
567.504 -59.5004 
281.502 -72.5027 
-701.49 -80.4958 
-376.496 -80.4978 
1339.5 -88.4996 
-33.4956 -92.4985 
-268.495 -93.5049 
1537.5 -93.5023 
-1463.5 -104.5 
923.493 -117.5 
-203.502 -119.502 
-680.5 -120.503 
805.501 -120.508 
-363.504 -126.499 
-912.496 -130.498 
437.499 -131.501 
-498.501 -139.504 
-42.5006 -141.504 
25.4957 -147.499 
-326.497 -150.503 
416.504 -151.501 
-491.993 -147.897 
695.498 -171.495 
1233.5 -171.499 
-1400.5 -177.498 
-720.498 -186.499 
-699.616 -188.755 
-244.5 -187.504 
-694.215 -191.902 
1332.49 -196.505 
-374.503 -198.497 
-230.877 -199.1 
137.496 -203.501 
-140.503 -205.499 
-1600.51 -217.506 
-244.493 -223.502 
573.5 -223.499 
14.5078 -229.501 
967.497 -230.499 
-90.5004 -235.497 
586.203 -239.12 
-423.502 -240.502 
1275.5 -246.497 
-1091.5 -251.502 
-249.499 -252.498 
-420.752 -246.052 
267.494 -253.503 
107.509 -255.496 
587.497 -257.498 
-434.504 -261.504 
-739.502 -263.5 
6.49841 -266.494 
149.499 -267.498 
192.499 -271.498 
-218.505 -271.497 
-1431.5 -274.505 
-423.928 -273.63 
581.503 -282.502 
-745.497 -289.498 
254.504 -290.496 
623.496 -295.496 
1.50146 -298.498 
82.4978 -303.501 
347.5 -306.511 
-846.503 -314.508 
51.5312 -324.843 
-486.496 -323.492 
-356.499 -324.501 
-216.507 -327.503 
46.7432 -328.814 
-715.496 -331.491 
563.501 -335.506 
47.735 -329.561 
-349.492 -343.5 
-956.503 -346.505 
-284.505 -348.492 
842.505 -351.496 
12.4987 -358.502 
78.498 -362.502 
2.30029 -366.67 
301.504 -368.495 
259.501 -373.503 
-868.506 -375.494 
-626.496 -388.502 
-94.5006 -389.5 
-372.504 -394.498 
308.497 -398.497 
851.5 -401.504 
930.503 -404.504 
-387.509 -405.495 
-266.505 -406.507 
289.504 -406.501 
-1555.5 -414.502 
-98.5 -416.5 
-380.493 -423.5 
505.503 -424.505 
-1437.5 -433.51 
278.505 -433.503 
239.497 -445.506 
296.501 -450.499 
-864.489 -454.49 
-1450.5 -458.501 
-256.497 -463.502 
1096.51 -467.502 
-25.501 -475.498 
-388.5 -476.499 
-822.502 -487.502 
33.4982 -492.5 
871.505 -491.5 
369.494 -493.504 
-1217.5 -494.496 
-1277.5 -499.508 
1376.5 -510.504 
-131.499 -513.497 
-1392.5 -516.505 
-869.502 -520.505 
186.497 -526.498 
-522.502 -530.498 
-344.497 -537.493 
-1116.5 -542.494 
1504.49 -544.503 
-484.504 -551.503 
-1243.5 -554.498 
177.496 -556.501 
-1268.5 -557.511 
477.497 -557.499 
-447.498 -560.495 
-1520.5 -564.504 
-782.505 -566.493 
463.503 -568.496 
-1299.5 -579.49 
1009.5 -581.501 
-246.5 -595.503 
-345.505 -602.5 
-816.509 -606.504 
83.5027 -606.499 
-685.498 -609.505 
-2.50391 -610.503 
-1507.49 -616.491 
-1352.5 -619.499 
-274.494 -629.498 
-389.504 -633.494 
-1504.5 -634.5 
342.504 -637.497 
-1108.49 -643.505 
-570.488 -646.501 
-457.496 -646.503 
-590.145 -656.426 
-511.499 -656.504 
-590.241 -658.525 
-829.499 -669.497 
-1507.5 -678.501 
1500.5 -677.507 
-66.5052 -679.492 
-538.545 -682.079 
334.494 -680.497 
-533.896 -682.761 
115.503 -685.502 
-886.496 -686.505 
-821.558 -691.501 
-594.498 -692.497 
-840.5 -694.495 
1384.5 -697.503 
679.507 -704.504 
335 -730.684 
-1157.5 -737.501 
-383.505 -737.497 
339.822 -735.488 
-670.494 -744.502 
-618.502 -745.498 
-1461.5 -749.501 
792.502 -752.5 
-1461.5 -756.412 
-1382.51 -767.497 
40.5007 -767.49 
-1080.49 -774.498 
-476.501 -774.498 
-575.101 -775.871 
-571.988 -776.107 
-219.498 -784.499 
-192.497 -795.501 
1335.5 -796.494 
-1423.5 -797.495 
-266.505 -798.06 
488.5 -799.495 
-1354.5 -800.505 
-468.49 -801.503 
513.501 -808.494 
-273.5 -820.502 
-651.497 -822.496 
-1211.5 -833.504 
1427.49 -832.496 
-268.499 -841.507 
-774.494 -844.502 
-227.497 -846.501 
-1279.5 -857.502 
-499.507 -859.493 
-6.49768 -862.503 
-130.497 -869.509 
-573.5 -876.496 
-1223.5 -878.504 
804.508 -887.5 
-1308.5 -893.499 
-1302.98 -899.277 
-1381.51 -910.499 
-540.501 -930.497 
-367.5 -935.49 
1191.5 -938.498 
-837.5 -941.505 
-845.068 -951.975 
1231.5 -956.504 
-830.5 -965.497 
29.502 -974.504 
-205.494 -975.499 
-389.496 -981.502 
607.5 -988.494 
-403.498 -992.501 
-787.502 -994.501 
95.5039 -995.497 
-955.498 -1006.5 
1251.49 -1010.49 
549.503 -1013.5 
-775.498 -1024.5 
-111.5 -1027.49 
-1570.5 -1031.5 
-1187.5 -1057.5 
-1259.49 -1067.5 
1127.5 -1081.5 
1314.5 -1085.5 
-876.495 -1104.5 
-480.501 -1102.5 
1404.51 -1116.51 
322.493 -1118.5 
-833.502 -1120.5 
-1172.5 -1126.5 
-652.503 -1160.5 
-990.499 -1168.51 
-13.4952 -1172.5 
-1074.5 -1175.5 
102.504 -1177.5 
-758.496 -1179.5 
-908.502 -1187.5 
-661.497 -1191.5 
524.499 -1191.5 
-1037.49 -1192.49 
482.498 -1192.5 
