-741.499 1206.49 
1459.49 1212.5 
-946.499 1199.04 
356.497 1197.5 
27.4996 1194.51 
1343.5 1193.5 
-946.499 1198.94 
767.499 1187.5 
274.495 1173.5 
-870.502 1170.5 
544.496 1166.5 
1223.5 1158.5 
1066.5 1153.51 
753.499 1147.5 
874.507 1143.49 
1191.5 1142.5 
1399.5 1141.49 
-1118.5 1136.5 
-243.502 1131.5 
1040.5 1112.49 
1194.5 1112.5 
-708.5 1101.5 
1041.5 1093.51 
1616.5 1090.5 
-65.5087 1089.5 
1276.51 1077.5 
747.495 1070.5 
1115.5 1061.5 
650.495 1058.5 
1094.49 1056.5 
-1458.5 1039.49 
15.5 1039.51 
1573.5 1036.5 
-95.5059 1027.5 
-566.504 1024.5 
-709.499 1021.5 
1387.5 1020.5 
41.5046 1015.51 
975.5 1009.49 
1407.5 999.498 
-625.5 998.499 
-738.494 991.5 
-1136.51 984.495 
-627.081 989.638 
1329.51 979.505 
-1560.5 975.497 
745.498 971.498 
-510.508 968.505 
-729.498 967.496 
-548.494 966.5 
1106.5 958.503 
-165.5 954.504 
1498.5 954.494 
-312.496 937.505 
867.499 929.501 
-503.496 924.498 
1144.5 920.511 
693.833 918.248 
980.718 916.251 
-585.499 909.495 
698.278 913.196 
983.623 911.293 
1598.49 897.501 
683.818 896.277 
1096.5 896.499 
694.633 890.707 
-53.5012 883.497 
-1584.5 867.494 
644.501 865.505 
-171.499 862.501 
1208.5 853.494 
259.506 842.501 
-671.504 836.499 
20.4958 832.495 
712.5 829.496 
1501.49 828.49 
1513.5 802.503 
1138.5 793.501 
-490.5 790.509 
1341.5 761.501 
1282.5 757.505 
124.494 740.495 
731.497 735.497 
854.498 721.502 
372.499 720.501 
1131.5 711.503 
1163.04 709.032 
361.175 706.412 
1150.35 693.821 
-236.501 687.497 
1150.51 693.404 
707.496 676.503 
1081.5 670.496 
177.507 667.501 
1050.49 646.497 
-381.497 641.504 
149.496 627.501 
826.501 621.49 
1601.5 609.503 
829.498 602.496 
400.503 601.497 
765.504 588.501 
-623.508 585.502 
1036.5 583.497 
-76.5 582.493 
1166.5 582.502 
1419.5 577.496 
-1180.49 575.495 
1065.49 574.493 
-1537.5 572.502 
168.503 571.494 
880.503 566.501 
1260.51 564.494 
1607.5 562.502 
126.501 544.493 
1521.5 543.5 
820.497 534.505 
-95.5002 534.496 
607.496 534.501 
1182.49 529.504 
-1381.5 527.5 
-768.498 522.49 
295.505 521.502 
1468.5 521.501 
1413.5 507.5 
1294.5 478.496 
-524.503 472.505 
42.5018 472.502 
-812.499 465.504 
1003.5 458.503 
669.497 457.501 
626.505 449.5 
-118.494 447.502 
925.497 446.496 
-1275.5 445.5 
1412.5 445.501 
1305.49 436.493 
324.499 430.497 
519.503 413.495 
1114.5 412.495 
1183.5 412.495 
1392.5 412.504 
1318.5 403.5 
563.509 403.501 
-1528.49 401.496 
1387.17 401.951 
813.5 399.504 
1387.87 398.694 
221.5 385.494 
1439.5 385.494 
-1147.5 381.502 
464.499 374.501 
997.495 372.501 
142.5 366.892 
303.5 368.504 
1019.5 368.495 
-370.496 365.498 
619.506 364.501 
849.495 364.491 
897.496 362.499 
-68.5044 361.503 
142.5 366.501 
1362.49 351.491 
-621.49 347.492 
141.501 341.494 
1017.5 338.501 
-98.5035 337.505 
421.5 337.497 
1356.79 338.047 
199.501 328.5 
-1085.5 326.506 
317.504 314.502 
1027.49 310.501 
1069.5 308.499 
-1497.49 300.501 
876.499 294.501 
-26.5039 291.504 
-340.496 290.498 
-127.495 288.506 
344.508 286.501 
729.5 283.497 
745.496 276.503 
1263.5 263.507 
-459.504 262.497 
1100.49 256.507 
460.494 255.496 
193.497 251.501 
-480.505 245.5 
520.5 235.501 
1273.5 235.501 
1461.49 233.5 
852.457 230.848 
-1408.5 228.501 
858.157 226.976 
1385.5 217.5 
557.496 210.507 
853.513 209.019 
407.499 203.502 
1043.5 202.504 
870.497 200.5 
958.5 188.505 
975.502 175.494 
270.503 161.5 
1092.49 158.496 
168.501 150.495 
1582.5 148.49 
573.843 143.467 
584.71 142.657 
556.496 135.495 
1289.5 127.503 
834.5 126.496 
-228.506 117.496 
979.493 117.497 
-909.498 115.501 
-796.506 115.496 
-277.498 111.493 
1132.5 111.5 
970.845 101.031 
1484.5 100.5 
370.495 96.4974 
987.497 87.5037 
-1398.5 83.5018 
-147.498 76.5016 
577.501 61.4984 
-272.496 55.4993 
-992.505 38.4995 
585.498 36.4985 
1006.49 35.4922 
-1027.5 34.4962 
-1220.5 15.4972 
631.505 14.4955 
738.501 4.50317 
1081.5 1.49927 
1451.5 1.5022 
0.49353 -0.502563 
1212.5 -5.50562 
-337.507 -18.504 
511.501 -27.5054 
-51.5 -49.4957 
1200.5 -50.5067 
-752.5 -54.5006 
1114.5 -58.4973 
992.501 -66.4958 
905.495 -73.4926 
952.501 -74.5011 
286.501 -77.5001 
-1412.5 -84.4963 
523.5 -88.4957 
-1342.5 -93.5012 
437.497 -100.505 
-670.497 -101.497 
1087.49 -105.502 
-48.5011 -107.5 
27.4987 -139.505 
1619.5 -144.491 
1026.51 -147.5 
564.495 -152.497 
615.497 -162.493 
-1367.5 -167.496 
1375.5 -166.498 
1340.5 -168.504 
-338.503 -176.504 
979.496 -179.5 
-734.502 -186.495 
-646.501 -191.495 
918.509 -195.497 
-234.495 -197.502 
1146.5 -197.508 
-582.495 -199.498 
1298.06 -202.06 
1483.5 -207.499 
591.498 -208.501 
794.499 -210.507 
905.87 -212.324 
966.382 -213.109 
971.536 -212.073 
688.501 -213.494 
906.427 -213.844 
48.4921 -224.503 
1302.5 -224.494 
1365.51 -229.499 
-380.501 -232.503 
-90.5049 -242.496 
1319.5 -242.491 
919.501 -244.507 
-1355.5 -256.5 
678.5 -259.504 
1073.5 -268.5 
-801.499 -284.506 
1094.5 -289.502 
-299.502 -298.503 
922.504 -300.505 
981.26 -309.842 
976.81 -310.993 
697.497 -318.5 
302.505 -319.503 
401.503 -320.504 
875.5 -320.501 
-938.504 -329.502 
714.948 -333.02 
1457.5 -338.495 
700.838 -343.158 
260.507 -344.501 
1589.5 -348.499 
114.501 -349.501 
-1558.5 -352.501 
-116.502 -352.503 
656.502 -353.501 
1094.49 -353.501 
-349.491 -355.502 
1265.5 -368.495 
116.501 -372.49 
25.501 -373.496 
309.5 -375.498 
-89.4939 -378.496 
931.503 -379.503 
-1105.5 -385.496 
293.504 -386.497 
-1035.5 -392.498 
183.507 -396.496 
1030.5 -397.501 
454.509 -398.503 
-492.495 -400.496 
-597.502 -409.503 
-734.5 -414.504 
280.499 -414.501 
1266.5 -419.505 
1089.5 -432.498 
1260.35 -429.088 
-136.496 -442.498 
-330.503 -443.496 
830.502 -444.497 
-471.496 -457.499 
4.4978 -458.495 
-313.508 -461.496 
258.5 -463.497 
-1534.5 -468.5 
-72.4994 -468.502 
114.501 -475.504 
459.498 -490.503 
-225.491 -491.499 
537.497 -493.505 
-1370.49 -498.505 
-1574.5 -506.499 
146.507 -510.507 
20.5101 -516.496 
-253.498 -518.503 
152.51 -517.463 
-37.4993 -536.502 
-119.509 -539.496 
821.495 -548.487 
172.499 -557.501 
1236.5 -560.495 
819.306 -559.912 
-302.497 -564.502 
839.498 -566.506 
891.501 -575.495 
461.502 -583.496 
302.497 -586.5 
-654.503 -589.499 
-257.498 -590.503 
-964.503 -597.498 
916.496 -596.495 
236.663 -597.692 
337.506 -603.495 
-876.503 -604.493 
239.213 -602.022 
-195.497 -610.493 
-7.50549 -622.497 
285.499 -622.5 
472.507 -623.506 
419.498 -624.49 
-999.495 -633.501 
749.5 -640.5 
-90.5024 -660.5 
415.033 -662.283 
-1373.5 -666.505 
422.386 -664.996 
1097.5 -670.503 
864.5 -696.501 
366.498 -695.507 
910.497 -696.5 
1103.5 -700.504 
1007.5 -721.501 
161.503 -726.499 
10.4937 -744.504 
-875.511 -750.498 
582.499 -753.501 
876.491 -774.5 
529.494 -782.506 
795.5 -784.5 
-297.504 -788.5 
-1603.5 -793.501 
1018.5 -795.499 
-195.494 -796.498 
1073.5 -797.502 
625.499 -803.498 
1129.5 -813.508 
728.505 -814.498 
767.496 -816.5 
-1213.5 -818.505 
1202.5 -822.501 
857.501 -825.501 
-306.511 -830.5 
785.491 -831.502 
-508.495 -839.505 
281.499 -840.488 
787.846 -843.439 
-1533.5 -849.5 
837.502 -849.502 
-556.502 -857.502 
1490.5 -859.505 
-1209.5 -868.49 
786.501 -869.497 
-715.504 -874.496 
717.5 -876.499 
1090.5 -877.5 
1236.99 -878.881 
59.5072 -878.499 
-680.496 -885.495 
767.497 -894.499 
1181.5 -901.503 
934.49 -911.499 
67.5029 -913.504 
-21.4932 -924.495 
1037.51 -924.493 
-1003.5 -931.493 
745.501 -936.504 
856.498 -938.498 
612.494 -941.501 
1398.49 -941.499 
248.499 -943.508 
643.494 -949.495 
212.506 -959.498 
861.501 -959.505 
-45.4956 -970.5 
1378.49 -972.5 
-716.501 -979.499 
-501.499 -980.506 
607.497 -985.501 
1071.5 -991.496 
570.497 -1013.5 
732.495 -1016.5 
1255.5 -1017.5 
679.503 -1022.5 
1021.5 -1025.51 
984.505 -1027.5 
851.494 -1032.5 
5.49854 -1036.51 
993.569 -1036.11 
401.503 -1052.51 
1087.5 -1059.5 
-747.499 -1065.51 
311.505 -1072.51 
600.502 -1080.5 
1578.5 -1082.5 
1343.51 -1086.5 
-719.5 -1093.5 
979.504 -1093.51 
14.5034 -1095.5 
351.496 -1096.49 
-181.492 -1099.5 
-1460.5 -1100.51 
-1327.5 -1107.51 
-106.496 -1108.5 
53.4961 -1114.5 
139.494 -1116.51 
-990.497 -1122.51 
-247.502 -1126.5 
-274.501 -1129.51 
43.4973 -1133.51 
-545.499 -1175.5 
819.499 -1178.5 
508.506 -1197.51 
-416.502 -1206.5 
1166.5 -1207.5 
-1077.5 -1208.5 
-452.5 -1210.5 
