608.501 1212.5 
-553.303 1206.26 
1544.51 1194.5 
1556.87 1180.26 
1095.49 1171.5 
1501.5 1169.51 
-950.505 1168.5 
81.5059 1167.5 
288.499 1162.5 
425.499 1162.5 
797.509 1158.5 
-1486.5 1153.5 
1218.5 1130.5 
359.497 1124.5 
771.5 1121.5 
18.5011 1111.5 
952.505 1106.49 
-855.494 1104.5 
1471.5 1101.49 
-1381.49 1093.5 
176.5 1081.5 
1161.5 1074.5 
-600.501 1061.5 
849.977 1058.5 
934.505 1048.5 
-233.501 1038.5 
12.4979 1036.5 
223.501 1035.5 
-1258.5 1028.5 
1190.5 1017.5 
1506.51 1000.5 
-154.502 998.503 
-893.506 987.498 
-1145.5 970.501 
700.505 961.502 
1499.5 954.504 
-108.498 950.504 
-1215.5 949.495 
1605.5 948.499 
1507.02 944.105 
1586.5 934.494 
1110.5 929.501 
939.496 922.506 
-1282.5 915.501 
-155.504 909.495 
66.5011 902.507 
1311.5 899.499 
1182.5 885.494 
1107.5 877.496 
225.508 866.498 
-787.49 851.502 
-1103.5 848.497 
1186.49 846.5 
366.499 837.494 
1481.5 836.496 
-261.495 819.496 
-374.496 792.501 
668.5 782.5 
1215.5 779.502 
130.5 768.498 
972.493 765.495 
-990.504 761.489 
-737.503 757.493 
1537.21 756.051 
594.505 754.498 
1541.85 754.323 
271.507 741.499 
-90.505 730.502 
-1135.81 728.096 
1122.49 724.504 
-1134.34 727.716 
1406.5 715.494 
586.496 715.499 
780.499 707.502 
1259.5 694.507 
-271.49 652.506 
714.497 652.504 
513.497 644.499 
531.501 637.502 
1230.5 625.494 
-1043.5 621.495 
1244.18 621.621 
1230.51 601.5 
1246.49 601.501 
184.49 593.499 
-621.5 590.494 
-1199.5 582.504 
-486.493 569.503 
-1244.5 566.494 
483.505 564.505 
110.498 563.5 
1204.49 557.505 
1291.49 556.503 
-846.496 550.497 
-534.365 548.231 
-534.014 547.031 
1496.5 525.499 
-1018.49 520.504 
-285.506 520.494 
-419.503 517.505 
-210.508 504.498 
1357.5 481.499 
-1311.5 480.491 
-405.5 476.504 
-1361.49 455.499 
437.497 441.501 
527.497 433.499 
-1471.5 432.497 
560.499 424.5 
1518.5 420.494 
1361.5 417.5 
268.499 404.503 
1531.5 403.497 
1606.5 393.494 
432.503 378.501 
831.5 369.5 
-1221.49 365.5 
-213.507 363.502 
1467.5 361.502 
-1589.5 352.492 
-872.505 345.503 
1556.51 336.501 
-760.497 321.5 
993.502 309.497 
-471.495 298.501 
-398.499 291.498 
988.494 291.498 
395.502 289.501 
522.502 275.503 
-160.502 273.494 
-1248.49 266.503 
608.496 261.498 
-468.503 250.502 
1323.5 241.507 
742.496 223.503 
273.502 218.496 
-1000.5 214.891 
1075.5 213.504 
422.501 210.499 
-1000.5 214.5 
-106.501 202.496 
-1536.5 198.505 
-251.505 197.497 
-317.48 192.967 
1430.5 194.493 
30.4977 193.497 
-645.502 192.506 
823.501 180.502 
94.4985 168.507 
1386.5 168.501 
-1018.49 163.5 
63.4996 153.504 
-9.5011 150.499 
-84.5002 138.502 
-8.62817 143.622 
114.498 134.498 
812.5 132.5 
-99.4924 103.505 
1341.51 97.4969 
1003.5 95.4968 
50.5052 91.4951 
854.504 89.502 
-85.5028 87.4982 
1288.5 87.4974 
-432.497 83.4965 
1422.5 83.4965 
1588.49 51.5037 
1610.5 51.5007 
-1074.5 48.4983 
824.502 47.505 
426.502 33.4951 
166.499 27.495 
1248.49 26.4985 
-1055.49 24.5071 
1074.5 22.4971 
-768.501 12.5038 
613.509 1.49817 
0.5 -0.502319 
1220.5 -26.5054 
-408.492 -42.4982 
1081.51 -45.5011 
613.498 -48.4983 
771.503 -51.5024 
311.502 -61.509 
988.5 -62.4941 
-1594.5 -68.5031 
1378.5 -86.5013 
1302.5 -91.4984 
-1135.5 -92.4987 
1121.5 -92.4973 
1433.5 -95.5072 
-1040.51 -97.499 
-1303.5 -101.495 
-658.502 -106.5 
1163.5 -108.496 
916.503 -112.105 
916.503 -112.497 
991.499 -126.495 
625.498 -137.507 
926.495 -137.496 
-1116.5 -139.507 
1501.5 -152.505 
1486.5 -157.504 
1270.5 -165.504 
-1564.5 -172.501 
1470.5 -172.503 
-891.499 -175.5 
-718.501 -190.5 
117.497 -199.5 
708.502 -199.495 
1020.5 -204.493 
-853.5 -215.504 
689.504 -234.501 
1534.51 -240.495 
779.508 -250.505 
1557.5 -263.501 
1143.5 -263.506 
242.502 -265.503 
-712.506 -284.499 
1283.5 -289.495 
680.498 -291.496 
-1147.5 -293.5 
13.4971 -306.504 
419.506 -308.499 
1039.5 -313.492 
-1207.5 -328.496 
-1529.5 -346.499 
1507.5 -361.504 
475.499 -367.498 
-6.50061 -372.504 
-895.501 -385.503 
-338.501 -398.497 
197.493 -414.495 
1554.5 -421.503 
-1183.5 -436.494 
374.498 -437.507 
361.498 -461.502 
1461.5 -469.506 
650.501 -496.499 
-483.505 -503.499 
1278.5 -504.499 
748.503 -507.506 
-1314.51 -512.494 
-613.495 -514.5 
604.498 -519.495 
-1149.5 -524.503 
933.502 -531.501 
-380.497 -542.506 
-1278.49 -558.503 
-260.501 -559.496 
632.491 -573.502 
-194.498 -588.507 
900.496 -601.502 
-884.501 -658.505 
-566.501 -659.495 
930.5 -660.504 
-1160.5 -661.503 
1025.5 -667.5 
597.501 -671.499 
118.5 -692.499 
1540.5 -727.51 
18.499 -729.496 
-518.496 -740.497 
1089.5 -751.507 
1423.5 -763.504 
-430.499 -778.496 
1387.5 -807.497 
-937.498 -816.499 
947.504 -819.51 
776.495 -822.499 
1462.5 -823.504 
-29.4916 -830.497 
661.503 -835.504 
-757.5 -839.502 
1448.5 -843.498 
-58.5026 -845.504 
215.505 -846.493 
1223.5 -865.496 
309.5 -867.501 
1448.5 -879.496 
1238.5 -891.502 
1326.5 -894.495 
-952.497 -898.501 
642.5 -908.5 
-384.501 -910.498 
-218.502 -923.492 
1135.5 -924.496 
-835.503 -927.495 
429.505 -940.492 
1450.51 -944.497 
970.5 -950.504 
365.496 -952.514 
753.486 -952.502 
1011.49 -969.499 
279.505 -975.494 
1288.5 -1009.5 
1155.5 -1027.5 
725.5 -1031.5 
1344.5 -1040.5 
1362.5 -1050.5 
991.503 -1057.5 
-918.501 -1059.5 
-290.501 -1065.5 
1073.5 -1065.5 
-917.987 -1065.13 
-1131.5 -1075.51 
1572.49 -1075.5 
-350.497 -1077.49 
1400.5 -1085.5 
1203.49 -1090.5 
-1090.5 -1092.5 
251.5 -1098.5 
-1209.5 -1105.51 
1499.5 -1111.5 
1508.24 -1118.36 
783.502 -1123.5 
1571.5 -1124.5 
598.501 -1126.5 
1147.5 -1132.5 
809.503 -1137.51 
918.495 -1143.5 
-290.503 -1145.5 
-524.504 -1147.5 
1057.5 -1163.5 
496.5 -1169.5 
643.501 -1182.5 
900.499 -1183.5 
139.497 -1187.5 
