304.498 1202.51 
1383.5 1196.5 
835.501 1184.5 
1351.51 1176.5 
1217.5 1170.51 
903.497 1166.51 
213.502 1153.49 
1357.5 1147.5 
-917.498 1142.5 
227.149 1139.95 
1018.5 1136.5 
1195.5 1127.5 
893.502 1125.5 
484.504 1123.5 
1449.5 1122.5 
677.496 1117.5 
-612.494 1116.5 
1198.49 1108.49 
-836.503 1106.5 
-1143.5 1089.5 
405.502 1089.5 
-925.496 1087.5 
1279.51 1085.5 
158.502 1079.5 
1573.5 1079.5 
1258.5 1078.5 
1597.5 1061.5 
895.503 1048.49 
1517.5 1031.5 
796.505 1024.51 
1138.5 1016.5 
-581.493 998.498 
-101.505 986.496 
1281.49 981.506 
-772.991 967.459 
75.5016 966.497 
-699.504 949.502 
903.496 949.499 
1325.5 948.498 
-1330.49 932.504 
159.495 928.502 
1034.5 922.499 
1154.98 922.238 
1278.5 918.497 
1157.67 918.812 
188.5 908.503 
51.4985 904.502 
-542.506 902.5 
857.466 889.152 
-927.503 889.502 
1401.5 888.495 
862.319 885.337 
847.827 868.303 
858.616 863.547 
-402.504 846.501 
809.497 833.501 
-537.501 827.499 
-10.5017 825.503 
1333.5 819.497 
-456.501 814.495 
1555.5 811.504 
883.507 804.504 
-456.932 807.635 
1491.5 800.499 
-344.502 799.5 
-562.493 795.497 
-380.501 793.49 
-151.504 792.501 
-552.5 774.506 
106.504 769.501 
-1518.5 766.501 
421.505 765.498 
-1230.5 761.509 
-334.499 757.503 
-932.504 744.493 
1370.04 737.029 
-7.49805 735.501 
1336.5 735.507 
-410.503 734.501 
183.503 728.496 
1358.06 719.244 
1042.5 714.503 
1358.93 718.869 
913.492 713.501 
-1482.5 709.5 
-1318.5 690.505 
1287.5 687.504 
1257.5 660.501 
546.51 657.503 
-487.494 655.507 
894.497 651.502 
295.496 649.504 
537.674 643.242 
-311.501 631.493 
1024.49 609.503 
1388.5 608.505 
1490.5 600.5 
1249.51 594.503 
1029.49 591.5 
1281.5 589.502 
-1332.5 587.497 
355.504 583.506 
963.497 569.505 
1086.5 560.499 
-56.5032 558.506 
1411.51 557.502 
587.498 542.498 
330.496 540.499 
-1567.5 538.502 
1027.5 521.495 
1537.5 516.499 
-193.491 498.502 
805.498 498.505 
355.502 488.506 
1554.5 475.499 
110.501 472.495 
1228.49 464.5 
315.505 456.499 
487.501 451.501 
1146.51 444.507 
1571.5 442.498 
1425.51 437.505 
1351.5 429.503 
878.5 427.499 
95.5012 423.494 
-422.5 418.497 
833.499 415.498 
1034.5 384.502 
238.5 377.497 
1231.5 376.5 
1254.5 374.499 
1620.5 376.497 
727.497 367.499 
526.502 364.496 
773.5 362.496 
1126.5 355.502 
-944.501 353.502 
1075.5 352.503 
1256.49 344.507 
-555.5 343.496 
80.5038 336.501 
835.497 328.494 
674.492 322.506 
-317.496 319.5 
1315.5 318.496 
1270.5 315.497 
-1271.5 315.499 
426.503 309.499 
511.498 300.5 
1528.5 293.506 
-1126.5 288.498 
-592.498 284.499 
348.504 281.891 
1111.5 283.49 
634.505 281.496 
348.504 281.501 
1354.5 268.5 
1543.51 265.498 
958.494 258.504 
349.492 256.5 
137.494 255.499 
975.499 253.5 
408.497 249.505 
530.502 247.497 
-1611.5 246.495 
-159.496 230.495 
110.497 229.496 
561.503 222.501 
-1023.5 221.502 
1093.46 216.881 
1101.2 212.731 
1298.5 207.504 
682.494 202.501 
1095.49 192.497 
186.502 191.497 
1115.49 188.502 
-401.503 188.497 
746.5 188.501 
1210.5 184.497 
85.4982 178.501 
410.496 172.504 
1230.51 172.502 
-900.498 171.496 
787.494 167.497 
1356.5 167.501 
-123.504 160.499 
-1252.51 155.505 
1573.5 154.503 
632.495 145.506 
-839.503 125.508 
1404.51 122.502 
-237.506 120.496 
1240.51 113.507 
1085.5 108.493 
-256.5 102.5 
824.145 101.466 
810.496 100.494 
1232.51 95.5026 
793.499 91.4926 
497.491 89.4972 
1252.5 83.4926 
394.497 69.4934 
-1217.5 62.4957 
605.506 33.5048 
1278.5 31.5115 
-1502.5 27.5013 
823.501 18.4952 
1505.5 9.50269 
1363.51 4.49792 
-1130.49 2.5 
0.495117 -0.501465 
834.501 -6.50488 
-47.5031 -10.5034 
997.499 -24.5055 
884.504 -25.4951 
84.5045 -33.4961 
-1609.5 -38.4996 
1497.5 -38.4991 
-550.505 -52.5072 
1405.5 -54.4978 
-657.504 -62.5087 
-36.5018 -65.5007 
1275.5 -74.4973 
764.498 -78.5061 
1232.5 -86.4978 
1182.5 -89.49 
239.505 -97.495 
1381.51 -106.503 
-1111.49 -135.499 
782.5 -139.502 
-730.494 -144.501 
-95.507 -144.503 
536.496 -149.5 
192.494 -150.498 
-763.502 -151.499 
1320.5 -155.5 
694.5 -159.499 
-942.505 -186.502 
1274.5 -193.499 
1456.49 -196.501 
831.5 -201.499 
200.495 -208.5 
886.503 -207.505 
1209.51 -214.505 
-495.506 -215.496 
1262.89 -228.42 
1268.94 -227.077 
1199.05 -233.331 
279.497 -234.497 
1261.69 -228.705 
1080.5 -241.495 
1199.79 -234.86 
968.492 -253.505 
-412.5 -255.497 
866.502 -256.497 
1216.5 -265.495 
1385.5 -277.502 
1409.5 -297.499 
-1113.51 -298.503 
-1048.51 -301.501 
-82.4956 -301.493 
962.498 -302.503 
22.5018 -314.503 
309.506 -318.502 
1226.5 -323.499 
-1311.5 -325.493 
1290.27 -328.29 
1285.81 -329.824 
-381.503 -342.499 
-467.506 -343.503 
-319.501 -344.501 
170.505 -347.498 
1177.5 -348.493 
989.498 -360.495 
-118.498 -361.502 
1417.51 -363.499 
1605.5 -365.499 
-1066.5 -374.492 
1008.95 -374.529 
994.849 -386.114 
679.493 -387.492 
577.498 -394.495 
949.498 -400.498 
1244.5 -405.499 
1353.49 -415.504 
1612.5 -418.503 
-32.4943 -420.501 
536.497 -423.5 
1604.78 -435.014 
387.496 -439.498 
-523.495 -445.502 
1421.5 -447.502 
590.493 -450.498 
-1048.5 -460.501 
154.504 -461.498 
742.505 -462.491 
392.501 -463.498 
574.496 -463.498 
299.5 -471.501 
-77.5007 -481.505 
1143.51 -481.5 
462.5 -482.502 
183.5 -485.498 
563.498 -492.503 
-651.496 -500.504 
-214.496 -537.497 
545.499 -544.496 
142.506 -552.501 
-315.501 -554.502 
839.503 -555.502 
756.501 -557.506 
286.493 -558.496 
-1229.51 -567.498 
-806.503 -568.495 
399.501 -567.498 
-738.497 -569.503 
-51.5031 -569.5 
-448.5 -569.501 
1596.5 -570.5 
209.495 -574.5 
-32.5035 -585.511 
1145.5 -590.498 
-188.499 -592.504 
435.505 -601.506 
1144.67 -604.176 
1166.5 -607.498 
58.498 -609.497 
1223.5 -612.502 
442.898 -609.212 
308.493 -617.496 
1252.5 -633.504 
32.4998 -639.497 
251.502 -640.498 
-1601.5 -646.5 
467.502 -647.496 
168.507 -650.501 
768.503 -653.497 
603.504 -668.499 
-1200.5 -678.497 
641.498 -682.5 
537.67 -683.695 
-12.4957 -688.506 
1079.5 -691.492 
784.5 -693.503 
540.233 -688.053 
-1046.5 -697.501 
1457.5 -698.5 
729.505 -698.498 
589.502 -705.502 
34.5062 -711.501 
-1235.5 -717.499 
289.507 -726.5 
98.4977 -727.495 
1467.51 -728.508 
727.797 -737.619 
-357.497 -738.503 
1257.5 -738.504 
1207.5 -741.505 
738.433 -740.738 
1365.5 -758.503 
-1533.49 -760.5 
-655.504 -766.498 
-570.502 -768.498 
208.496 -771.504 
681.49 -776.504 
-686.498 -805.505 
913.503 -821.501 
472.504 -822.493 
1229.5 -823.5 
1446.5 -834.493 
1386.5 -836.5 
1144.51 -839.499 
1509.5 -846.502 
319.494 -850.5 
1591.5 -852.507 
860.497 -854.499 
-1037.5 -861.492 
965.497 -870.502 
1075.5 -875.495 
1117.49 -875.503 
1215.5 -878.498 
1138.5 -889.501 
1142.41 -901.444 
1196.5 -904.506 
-558.494 -913.503 
12.4963 -915.506 
115.494 -917.493 
1474.5 -918.494 
1143.51 -929.498 
607.496 -931.494 
1577.49 -937.5 
1070.5 -941.5 
1125.5 -957.499 
7.50488 -958.505 
1308.5 -964.499 
1421.51 -971.499 
-192.5 -980.506 
382.502 -985.501 
1226.5 -997.506 
-1242.5 -1000.5 
-876.5 -1001.5 
-239.503 -1001.5 
1107.51 -1003.5 
965.493 -1016.5 
1234.5 -1020.5 
393.503 -1021.5 
999.502 -1022.5 
-1337.5 -1026.5 
-393.499 -1028.5 
-358.496 -1037.51 
303.496 -1037.5 
583.5 -1040.5 
1466.51 -1041.01 
-1174.5 -1050.5 
-869.502 -1051.5 
547.5 -1059.5 
-1362.5 -1061.5 
964.499 -1062.5 
1416.49 -1080.5 
1375.5 -1084.5 
283.496 -1086.5 
1101.49 -1088.5 
928.499 -1094.5 
1046.5 -1097.5 
1390.5 -1096.5 
1231.5 -1097.49 
-668.5 -1102.51 
1491.5 -1112.49 
-1584.5 -1118.5 
-173.498 -1123.5 
-385.505 -1133.5 
754.506 -1146.5 
342.494 -1151.5 
1377.51 -1155.5 
967.499 -1163.5 
662.498 -1172.5 
706.496 -1194.5 
357.495 -1212.5 
