-383.499 1167.5 
-325.5 1164.5 
-1601.5 1162.5 
-1299.5 1158.5 
-1282.51 1153.49 
-1169.5 1141.5 
1559.5 1120.5 
384.507 1091.5 
840.502 1083.5 
-878.504 1073.5 
-31.4966 1071.49 
-1185 1044.93 
-1181.5 1044.7 
-296.507 1038.5 
-390.5 1036.5 
-1185.5 1044.5 
-252.498 1030.51 
-164.499 1024.5 
-1219.5 1006.5 
-1603.5 1002.5 
-272.496 998.503 
-410.492 985.505 
475.5 976.494 
360.502 972.493 
1525.49 967.505 
1450.5 966.498 
1126.5 938.5 
-1334.5 937.511 
-534.499 932.496 
-1456.5 918.49 
247.5 902.505 
649.491 899.497 
1575.5 888.499 
-425.498 887.492 
-1509.49 865.5 
-1330.5 858.497 
245.499 856.508 
596.502 853.501 
-925.5 848.498 
-647.497 842.498 
976.505 843.494 
1112.5 843.503 
-385.501 824.494 
-1308.49 823.495 
287.498 821.503 
400.494 809.501 
1074.49 808.5 
-289.498 804.496 
-1341.5 800.502 
737.503 790.501 
1000.49 788.497 
-9.49451 776.499 
282.499 739.499 
-1034.5 738.501 
473.501 727.494 
-151.493 726.5 
1293.51 722.496 
-120.495 715.498 
-633.502 709.499 
457.505 708.504 
-259.502 700.503 
730.5 686.498 
-302.5 671.497 
600.499 669.494 
-502.504 666.512 
-1322.5 665.501 
-1249.5 653.5 
-769.494 629.499 
-1469.5 626.496 
416.495 597.494 
-473.495 588.499 
824.49 588.497 
77.5073 560.499 
-1059.5 550.498 
1021.5 550.497 
-132.506 542.502 
-129.788 535.19 
1211.5 527.503 
-853.509 485.498 
329.504 480.51 
-792.505 455.503 
-1156.49 454.501 
-151.499 448.49 
687.504 443.502 
-1607.51 424.502 
-796.499 412.502 
1594.5 409.5 
-655.5 406.507 
-1508.5 404.501 
-1433.5 402.496 
-273.503 400.504 
-424.5 397.508 
-1361.5 390.497 
-1168.5 385.492 
-519.498 381.5 
-1061.5 366.499 
-1583.5 351.508 
-969.505 333.502 
820.498 294.505 
-403.497 284.507 
1160.51 282.499 
-840.499 277.503 
820.505 275.497 
-544.501 260.508 
460.492 242.508 
-281.502 240.499 
7.49536 217.506 
-1198.5 212.497 
-685.498 208.503 
-1262.5 193.497 
604.498 192.497 
1357.5 182.496 
252.496 167.496 
-1175.51 153.5 
-1504.51 145.501 
1516.5 134.502 
405.492 120.503 
765.496 118.498 
-1268.5 109.495 
-405.503 108.501 
757.24 105.901 
-527.498 102.497 
-64.4941 102.501 
755.663 103.397 
469.499 85.4937 
1078.5 69.5012 
-1214.5 67.4978 
-1459.5 39.5029 
-940.498 36.5015 
-1005.49 35.4974 
-632.501 20.4982 
169.501 17.5037 
-741.504 13.496 
742.5 9.49634 
472.501 7.50183 
0.505249 -0.502563 
1493.5 -4.50403 
-1343.49 -19.5061 
-933.499 -32.5017 
1213.5 -36.4958 
-1190.5 -39.4951 
-1476.5 -51.5 
-518.502 -51.5035 
-1304.5 -52.4933 
-72.4955 -60.5034 
-137.493 -63.4967 
-816.502 -64.5038 
1385.5 -66.4993 
-446.493 -77.4978 
1042.5 -86.5068 
-696.502 -99.5004 
-1020.49 -103.5 
-229.503 -105.503 
-1556.5 -135.499 
-900.5 -140.501 
-8.50439 -143.493 
-1322.5 -162.497 
-1149.5 -167.498 
-1082.49 -168.497 
-1133.5 -172.5 
358.497 -173.499 
529.5 -174.493 
-581.498 -176.499 
-1084.5 -174.021 
710.508 -181.506 
-916.501 -187.496 
-149.498 -189.506 
-1252.5 -202.501 
18.4923 -206.505 
284.5 -225.503 
-74.5028 -267.504 
-93.4983 -276.497 
-163.497 -280.495 
532.496 -286.503 
-119.5 -300.502 
-990.498 -308.495 
1031.5 -309.501 
-1390.51 -315.503 
-1282.5 -336.5 
217.502 -341.491 
-0.496338 -345.5 
-1189.5 -352.497 
-988.5 -355.498 
937.497 -356.505 
858.502 -361.5 
-1051.5 -363.499 
120.502 -372.497 
62.5022 -382.504 
-795.49 -386.508 
-832.498 -402.497 
222.504 -411.501 
763.182 -412.261 
93.4911 -418.499 
751.837 -418.264 
332.501 -419.504 
782.501 -419.502 
-146.5 -427.503 
-879.503 -442.5 
261.496 -449.511 
1408.5 -453.501 
580.499 -457.506 
245.505 -476.5 
-912.502 -479.497 
1113.5 -479.508 
-332.497 -482.497 
95.5001 -489.497 
853.5 -494.498 
1098.5 -503.5 
-915.498 -504.501 
1077.5 -508.5 
1388.51 -535.501 
-1517.49 -536.501 
114.501 -557.498 
-344.501 -562.497 
-1409.49 -563.495 
-23.5024 -568.499 
779.503 -568.5 
-1286.5 -570.494 
-1457.5 -594.497 
-807.494 -609.502 
-1077.51 -636.501 
244.503 -636.498 
309.506 -649.5 
885.495 -656.501 
-116.492 -657.501 
-866.497 -667.497 
1233.5 -667.498 
273.502 -670.503 
783.498 -685.498 
452.498 -733.498 
-76.499 -736.503 
801.502 -769.501 
685.505 -785.505 
1101.49 -788.5 
685.505 -796.179 
-1160.5 -803.496 
1319.5 -804.504 
42.4983 -809.502 
734.504 -816.502 
-1010.5 -832.5 
-419.502 -835.507 
-153.499 -838.504 
1071.51 -847.499 
624.498 -862.501 
-1071.5 -863.5 
-1582.5 -908.498 
1416.5 -908.495 
-107.509 -936.496 
171.498 -939.502 
-1538.5 -948.502 
-246.499 -955.502 
-1527.51 -975.5 
980.499 -975.499 
345.499 -980.502 
72.4976 -999.507 
-47.4984 -1016.5 
-1355.5 -1020.5 
1140.5 -1033.49 
-84.4978 -1065.5 
-985.495 -1085.51 
-828.496 -1089.5 
-32.4979 -1091.5 
1122.5 -1103.5 
844.495 -1104.5 
1276.5 -1104.5 
-1473.5 -1114.5 
-1271.49 -1116.5 
-648.499 -1119.51 
1013.5 -1123.5 
1365.49 -1123.5 
-1369.5 -1137.5 
-1227.5 -1170.5 
-765.496 -1184.5 
1445.5 -1189.5 
388.498 -1197.5 
-1393.5 -1208.49 
