1076.5 1191.49 
-809.498 1184.51 
-1280.5 1166.5 
-342.495 1157.5 
1285.5 1146.49 
-1309.5 1141.5 
-668.499 1139.5 
862.498 1136.51 
-1111.5 1113.5 
892.492 1096.5 
399.505 1074.51 
418.502 1072.5 
-338.504 1069.49 
1132.5 1057.5 
-461.489 1043.5 
-778.496 1035.5 
-525.495 1032.5 
-1048.5 1031.5 
-1065.5 1019.5 
1237.49 994.507 
1130.51 945.504 
-1530.5 924.499 
-1020.5 922.499 
1109.5 911.497 
-464.499 904.5 
40.5017 901.499 
-988.51 891.497 
1194.5 878.502 
116.505 871.508 
-535.503 869.499 
-1156.5 849.496 
1496.5 847.501 
1314.49 828.493 
947.498 816.496 
-1004.5 811.497 
481.502 812.499 
1323.5 809.5 
-543.502 797.501 
1340.5 797.498 
804.499 787.505 
-1139.5 761.503 
742.501 761.497 
-187.5 758.508 
689.503 728.498 
803.499 710.498 
1460.5 707.492 
417.502 701.495 
-416.494 694.49 
-860.493 687.498 
37.5011 660.505 
177.495 660.502 
-51.5051 654.497 
138.501 650.497 
1492.5 647.496 
-577.498 636.503 
-606.497 632.501 
-3.50366 623.496 
-458.497 621.504 
-487.504 619.507 
1384.5 614.495 
-360.502 587.5 
-263.494 585.502 
171.757 576.405 
1334.51 578.499 
-342.497 577.499 
116.496 575.497 
-1187.51 573.497 
174.457 574.778 
1434.5 569.504 
-766.497 554.5 
436.497 542.498 
-859.503 525.033 
506.503 522.498 
-1024.5 521.499 
-750.5 517.496 
88.4993 513.494 
424.976 510.495 
-1522.5 492.495 
-1306.5 474.503 
-912.497 468.493 
-247.89 467.573 
1224.5 465.495 
901.499 460.5 
-1488.5 449.508 
149.493 448.498 
-1464.26 437.002 
-1494.26 441.278 
-1473.96 429.914 
-873.498 428.496 
-602.789 423.202 
-1568.49 422.504 
1491.5 420.498 
-471.498 418.501 
-1153.5 416.5 
-602.85 423.109 
377.511 411.507 
171.5 410.492 
1013.5 409.506 
-316.495 402.499 
-718.501 395.506 
-1108.5 390.5 
243.499 386.496 
-1407.5 382.503 
-1301.51 378.503 
-1222.5 370.498 
1018.5 357.498 
-1184.5 356.501 
887.503 352.502 
439.499 347.499 
-84.5038 345.506 
-803.5 335.497 
-637.498 331.493 
313.493 321.505 
750.498 310.501 
1261.51 310.494 
869.501 304.5 
1398.49 302.508 
-137.493 302.501 
-894.502 300.501 
41.5039 299.497 
-705.502 298.504 
319.504 298.497 
-1070.51 295.509 
-1008.49 293.507 
-817.503 285.504 
621.503 272.504 
247.499 266.5 
-1461.5 262.498 
770.499 264.498 
1375.5 261.5 
-1236.5 256.5 
880.487 256.504 
517.508 246.486 
946.503 242.495 
-469.5 240.494 
-848.499 240.5 
-990.5 231.495 
-415.508 231.495 
-351.499 226.501 
494.504 225.505 
-142.501 220.494 
-225.496 213.504 
1409.51 207.505 
-473.502 195.5 
1513.5 189.5 
-913.507 188.497 
1614.5 165.502 
-145.506 164.504 
220.493 160.501 
-1380.5 158.498 
1596.5 153.502 
-1484.93 149.654 
979.501 149.5 
-509.5 148.502 
386.5 145.497 
-1492.26 145.679 
88.4952 133.499 
-620.498 111.498 
721.5 109.505 
1538.5 104.498 
-1279.5 102.495 
-1298.5 100.506 
-1241.5 81.4889 
-1137.5 70.5032 
1010.5 71.4901 
-326.5 65.4954 
1451.5 65.5011 
-1339.5 50.501 
-83.4929 42.4971 
-1508.5 39.4979 
-1442.5 34.4894 
-1335.51 32.5068 
-413.503 31.5032 
-1095.5 28.5034 
1321.5 19.5004 
626.504 15.5037 
-884.503 12.504 
588.493 11.4978 
1395.49 9.50562 
976.495 7.49915 
1123.5 5.50415 
-86.4933 1.5011 
0.501831 -0.497437 
-1485.51 -3.4967 
-1095.51 -7.50708 
-1032.5 -8.49329 
859.5 -7.49817 
-24.5038 -9.50208 
-1113.5 -10.4974 
-1067.5 -11.4967 
1334.21 -15.4934 
1341.69 -15.5005 
1513.5 -21.5022 
-735.504 -27.4977 
-1260.51 -29.4983 
22.5438 -31.298 
800.504 -31.5043 
-1289.5 -33.5032 
726.5 -33.5017 
-772.506 -34.4983 
-681.502 -34.502 
292.501 -43.4971 
-1247.5 -55.5002 
1594.5 -54.4971 
-263.501 -57.4974 
115.501 -66.4939 
167.498 -67.494 
-1561.49 -69.495 
-987.502 -72.5038 
594.498 -76.5061 
900.497 -81.505 
-953.506 -86.4955 
-1059.5 -90.4937 
229.505 -105.498 
-1330.5 -109.501 
1242.51 -108.502 
385.504 -118.504 
419.497 -129.5 
-59.4941 -130.495 
1287.5 -130.506 
742.502 -131.498 
-80.4954 -142.503 
-1167.5 -143.502 
517.503 -145.495 
-1223.5 -154.498 
-659.496 -155.495 
634.503 -156.489 
-225.495 -160.503 
-736.498 -161.506 
-350.5 -161.501 
-1432.5 -165.502 
-149.505 -174.494 
-385.497 -183.494 
262.497 -183.504 
-171.5 -187.5 
-665.831 -190.591 
1010.5 -188.503 
-44.4966 -193.502 
1210.51 -195.497 
-646.895 -198.892 
-665.801 -191.044 
724.503 -198.505 
84.5077 -200.501 
-909.497 -202.504 
1015.42 -197.501 
1586.5 -202.493 
375.503 -204.491 
-1275.5 -206.502 
-648.908 -202.266 
-1393.51 -211.498 
-154.496 -211.497 
-1075.5 -212.501 
-328.319 -213.48 
-319.008 -212.834 
-671.494 -213.497 
652.499 -217.504 
-1186.5 -218.498 
436.501 -221.494 
1175.5 -226.497 
525.497 -229.502 
-1415.5 -230.504 
-988.502 -232.502 
-878.502 -238.506 
-1214.5 -247.503 
98.5022 -252.506 
599.503 -257.497 
-461.493 -259.502 
1151.5 -259.501 
-376.497 -266.496 
-792.504 -274.495 
-528.498 -273.499 
1353.5 -274.505 
79.5055 -280.5 
-319.498 -292.506 
644.505 -292.497 
1296.51 -296.504 
837.502 -304.502 
-467.498 -308.502 
796.033 -313.89 
-1467.5 -315.495 
583.495 -316.498 
819.505 -325.501 
59.4989 -326.499 
1335.5 -331.499 
-673.501 -334.493 
-251.502 -337.499 
-1601.5 -337.503 
-596.5 -337.502 
-295.495 -341.5 
224.494 -342.499 
1390.5 -345.503 
-348.498 -355.496 
145.753 -357.426 
-763.501 -358.501 
878.504 -360.499 
-596.5 -364.499 
324.5 -365.504 
-1388.49 -366.505 
-432.499 -370.5 
1376.5 -369.51 
-197.504 -376.496 
-831.503 -378.498 
-902.505 -385.501 
-327.511 -386.49 
-1338.5 -392.5 
-283.684 -395.611 
861.497 -403.498 
-828.499 -403.498 
-282.086 -398.841 
-399.496 -407.502 
-1531.5 -409.493 
-359.505 -410.506 
703.499 -413.501 
-805.494 -414.503 
599.498 -420.106 
-848.495 -418.496 
-419.496 -422.502 
-160.496 -425.504 
1184.5 -426.501 
599.499 -420.498 
-322.501 -429.494 
-1230.5 -431.494 
-438.509 -430.498 
-939.496 -431.5 
-72.4944 -434.49 
-514.499 -441.501 
479.494 -443.499 
-1516.5 -444.503 
-609.499 -447.503 
-453.716 -453.712 
-752.499 -463.5 
-893.494 -464.501 
-457.496 -458.837 
1579.5 -472.499 
-401.496 -474.503 
-1029.5 -475.502 
-618.503 -482.501 
233.496 -483.497 
1564.5 -493.502 
-661.499 -499.5 
1249.49 -508.497 
-298.508 -509.506 
401.501 -514.496 
483.497 -513.497 
-1071.5 -514.504 
-513.53 -529.041 
155.501 -529.499 
-800.496 -534.499 
-61.4951 -537.506 
-847.501 -538.504 
-1587.5 -539.498 
1271.5 -548.489 
-1030.5 -550.498 
-207.503 -553.494 
-1388.5 -560.495 
-928.502 -564.498 
-31.965 -568.517 
-19.3137 -570.499 
545.5 -570.503 
925.504 -578.501 
98.5043 -587.502 
-51.4961 -601.496 
1205.51 -599.5 
-86.5035 -600.497 
-1419.51 -605.502 
-1257.49 -608.495 
-150.51 -608.499 
1505.5 -611.505 
288.501 -620.504 
-1037.51 -621.509 
-178.496 -627.499 
113.494 -627.507 
-257.505 -629.5 
-8.50061 -629.493 
-1228.51 -632.496 
-617.504 -639.502 
-446.501 -643.5 
114.503 -647.503 
520.501 -653.49 
-1248.5 -656.499 
567.501 -675.504 
279.497 -682.505 
-424.501 -686.495 
-216.499 -689.508 
1421.5 -700.5 
683.5 -712.495 
458.505 -717.498 
-165.498 -724.5 
1029.5 -726.497 
-9.50562 -728.501 
-392.499 -729.504 
-1597.51 -731.498 
-677.498 -745.503 
-2.25403 -742.802 
894.503 -750.506 
-177.495 -752.502 
-231.5 -754.507 
-1607.5 -755.5 
-65.506 -762.499 
-756.493 -788.492 
-585.495 -789.503 
-1454.51 -800.501 
838.505 -801.508 
-1205.5 -810.499 
-261.503 -814.495 
-548.498 -817.493 
-663.498 -826.506 
566.498 -826.496 
652.502 -827.501 
733.495 -827.499 
328.497 -834.499 
-20.5011 -842.5 
546.498 -845.505 
-1328.49 -857.507 
1226.5 -869.503 
-1059.5 -888.502 
1242.5 -887.505 
1132.5 -892.675 
325.503 -893.503 
1085.5 -892.501 
1214.5 -906.497 
-1172.5 -910.501 
423.501 -910.495 
1345.5 -912.502 
86.4956 -918.507 
455.494 -939.514 
775.502 -943.503 
187.5 -949.5 
-339.503 -951.497 
696.501 -951.496 
-1250.5 -953.504 
-38.5037 -955.498 
1529.5 -955.501 
1470.5 -969.497 
840.496 -981.492 
398.502 -991.502 
-861.502 -996.5 
1496.49 -996.506 
1034.5 -997.496 
778.498 -998.503 
1131.5 -1007.5 
-232.496 -1015.5 
265.499 -1026.5 
-383.353 -1036.35 
8.50134 -1041.5 
-964.489 -1045.5 
419.502 -1049.5 
1365.5 -1051.5 
-677.495 -1056.5 
962.5 -1057.5 
140.501 -1064.51 
-1554.5 -1068.5 
924.498 -1076.5 
-1339.5 -1076.5 
361.504 -1080.5 
-227.503 -1083.5 
1592.49 -1083.5 
1221.5 -1085.5 
1283.5 -1109.5 
90.4935 -1110.51 
-1605.5 -1117.5 
63.5012 -1132.5 
-681.505 -1139.5 
-697.503 -1141.51 
-405.5 -1146.5 
-706.231 -1151.45 
908.081 -1158.33 
158.501 -1159.51 
-122.497 -1162.5 
912.655 -1159.35 
-24.4994 -1166.51 
-119.478 -1164.83 
-156.496 -1183.51 
-1552.5 -1187.51 
88.4974 -1191.5 
826.498 -1192.5 
525.497 -1203.5 
