-730.501 1204.5 
672.503 1195.5 
450.502 1187.5 
-296.498 1186.51 
1318.5 1183.5 
-892.509 1180.5 
-536.5 1177.5 
-273.502 1176.49 
-745.506 1172.5 
-1201.16 1166.4 
912.502 1165.5 
-1190.33 1164 
1303.5 1160.5 
-1249.03 1153.5 
-1247.53 1153.5 
-259.501 1139.5 
-80.4923 1138.5 
1279.5 1136.5 
1457.5 1127.5 
-478.498 1123.5 
433.502 1120.5 
683.501 1107.5 
204.499 1102.5 
-333.501 1076.5 
-486.501 1059.5 
1024.51 1043.5 
-30.4971 1036.5 
-822.503 1017.5 
-1333.51 1009.5 
576.495 993.5 
199.502 991.498 
1345.5 984.495 
98.5011 982.499 
165.831 978.819 
-639.5 977.495 
822.504 943.504 
-1155.5 935.494 
-1206.5 928.5 
-166.492 883.501 
-988.505 877.499 
-360.495 875.498 
1031.5 867.499 
-929.494 854.498 
1315.5 850.501 
652.496 844.496 
-55.5059 841.499 
343.499 841.502 
-1315.5 830.495 
534.5 828.495 
-1046.51 821.498 
-1585.5 813.505 
597.5 804.501 
-1144.49 781.502 
-1027.5 777.502 
1204.5 773.505 
-124.501 770.497 
-118.504 752.498 
-639.502 745.501 
1590.5 722.498 
-334.499 692.498 
1110.5 644.501 
740.495 644.5 
-838.5 641.499 
-966.499 637.5 
-777.495 634.498 
581.887 627.32 
584.613 625.663 
-535.497 613.506 
-1567.5 606.492 
531.499 598.509 
-716.5 589.497 
-967.499 587.497 
1438.5 587.499 
963.493 585.494 
924.506 582.495 
-321.491 572.499 
1158.5 561.504 
-731.502 546.501 
1018.5 534.494 
-757.501 529.5 
-907.495 511.508 
291.506 511.499 
-1327.51 496.5 
-131.505 496.506 
306.499 488.497 
-406.501 481.505 
1573.5 473.501 
392.497 472.495 
-1203.5 445.497 
-331.496 407.499 
1592.5 403.499 
411.504 401.497 
107.496 395.497 
-1168.51 393.495 
-967.498 391.502 
-528.495 387.495 
84.5042 386.497 
1.50317 380.495 
45.5071 378.5 
-282.505 375.498 
1606.5 370.505 
-1087.5 357.495 
-505.495 356.493 
-113.5 332.497 
-1231.5 330.505 
-453.496 327.508 
423.499 324.503 
1528.5 319.506 
-139.501 297.503 
-551.495 290.501 
1242.51 283.494 
-1613.5 266.502 
-738.497 252.492 
-421.501 249.499 
-982.497 237.498 
1202.5 233.502 
-609.502 230.504 
-817.501 215.504 
1312.5 208.495 
-1549.5 201.504 
-428.498 202.495 
-462.501 193.506 
-1477.5 169.504 
-1313.5 161.503 
-1468.35 162.254 
662.497 137.501 
-827.503 132.502 
-1479.5 122.501 
-570.504 107.501 
225.503 91.4952 
874.501 86.5073 
-295.491 85.4957 
729.499 77.4941 
1583.5 73.4972 
-965.502 63.4957 
520.503 56.5 
740.499 54.5029 
-1297.5 53.494 
1231.5 53.4972 
1179.5 51.4932 
-661.499 45.4943 
-103.501 39.5006 
-1201.49 18.5032 
-832.498 12.5011 
-110.509 5.50403 
963.506 5.5 
-1080.49 -0.490601 
0.497925 -0.499268 
-354.501 -9.50366 
1491.5 -12.4996 
-216.507 -18.5 
670.498 -19.4918 
938.5 -20.5048 
-1324.49 -44.4996 
-115.5 -57.501 
-690.495 -61.501 
-156.501 -76.4962 
-1228.5 -78.4957 
1501.5 -96.5 
-1076.5 -125.494 
-1495.5 -134.495 
412.496 -137.504 
796.406 -150.697 
848.5 -149.506 
-152.501 -150.497 
-207.501 -161.503 
1247.5 -165.506 
307.503 -174.506 
-1491.5 -179.502 
645.503 -181.503 
341.505 -194.495 
-90.5023 -197.5 
-678.496 -199.496 
396.498 -199.495 
1221.5 -213.5 
-519.501 -214.497 
-178.506 -217.498 
-544.494 -218.503 
-250.507 -219.5 
-458.504 -231.496 
-521.504 -255.5 
536.498 -260.492 
609.495 -264.501 
1062.5 -269.5 
1523.5 -269.5 
349.503 -277.495 
-439.499 -283.503 
-1258.5 -290.505 
1424.5 -297.502 
185.5 -299.496 
-265.501 -315.509 
607.501 -320.496 
-771.5 -331.507 
-692.5 -338.503 
-773.62 -342.607 
390.504 -354.504 
364.498 -357.494 
-402.501 -358.498 
1483.49 -360.504 
-556.503 -363.494 
119.504 -378.501 
460.501 -380.495 
-569.502 -391.496 
-761.503 -403.497 
412.212 -418.169 
-5.50134 -418.497 
413.193 -418.631 
497.504 -433.499 
-307.499 -445.494 
-90.4955 -448.498 
-70.4966 -455.499 
2.5022 -469.499 
-458.495 -476.503 
-655.503 -485.501 
-44.5024 -491.493 
-263.505 -494.497 
188.496 -505.492 
-774.499 -520.502 
-273.497 -520.509 
481.493 -530.498 
-1125.5 -535.5 
-189.502 -543.503 
1230.5 -560.5 
-799.5 -561.498 
1309.5 -566.504 
-170.507 -573.5 
-913.497 -576.498 
-1571.5 -587.501 
-58.5012 -588.502 
-1066.5 -595.497 
-1235.51 -597.5 
659.505 -604.495 
-336.497 -611.502 
14.4967 -612.493 
-440.96 -619.125 
-433.592 -621.515 
-1300.5 -623.494 
-886.503 -633.509 
-433.836 -626.378 
310.502 -648.504 
926.494 -654.497 
1132.5 -653.506 
397.504 -682.498 
248.497 -687.501 
-559.76 -699.982 
-924.498 -702.498 
1350.51 -704.504 
-551.061 -705.526 
1146.5 -707.5 
1321.51 -708.5 
404.497 -714.498 
-591.505 -719.505 
1555.51 -726.495 
-839.504 -738.496 
-144.499 -747.497 
-1425.51 -750.505 
628.499 -756.502 
-52.5054 -770.494 
-528.499 -790.499 
132.507 -791.509 
-1424.5 -794.502 
34.5 -796.501 
-805.503 -799.502 
-1210.5 -810.5 
-1518.5 -812.51 
-116.498 -821.508 
-1256.5 -829.501 
395.502 -832.498 
-107.651 -829.851 
206.497 -841.505 
146.488 -851.497 
1551.5 -855.498 
-884.507 -856.501 
-21.3048 -859.896 
-1527.5 -859.501 
-397.327 -867.626 
-657.504 -867.499 
-20.9513 -861.122 
-132.506 -869.506 
904.503 -869.499 
1234.5 -869.499 
1018.5 -873.498 
-397.159 -868.185 
-1457.5 -881.492 
-1046.5 -885.505 
-179.494 -891.497 
-1082.5 -892.493 
940.506 -897.501 
-1225.5 -898.496 
467.502 -898.505 
129.496 -899.496 
-1123.5 -913.497 
-225.505 -914.502 
-1609.49 -927.498 
92.5018 -946.497 
376.501 -955.503 
-463.494 -956.498 
90.1788 -963.219 
-365.5 -967.496 
76.4962 -968.504 
-1262.5 -972.503 
-736.497 -984.497 
-717.495 -985.498 
943.501 -1003.51 
549.505 -1004.51 
-29.5024 -1014.5 
1206.5 -1018.5 
135.498 -1018.5 
-903.497 -1033.5 
-371.668 -1040.5 
1321.5 -1058.5 
577.505 -1059.5 
117.491 -1065.5 
540.497 -1066.49 
1523.5 -1067.5 
1542.5 -1083.49 
-799.508 -1087.5 
979.498 -1090.5 
-1414.5 -1102.5 
-649.496 -1106.51 
-322.502 -1119.5 
-0.498535 -1131.5 
-444.497 -1139.5 
1491.51 -1141.5 
-1598.5 -1144.5 
-270.501 -1154.5 
286.494 -1165.5 
395.499 -1170.5 
-55.4946 -1192.51 
470.499 -1199.5 
1189.5 -1198.5 
739.498 -1202.5 
791.498 -1211.5 
