-1268.1 1209.14 
-453.103 1201.14 
-832.096 1186.15 
1438.9 1179.15 
-260.093 1176.14 
1530.9 1171.14 
-517.087 1156.14 
-834.106 1148.14 
1283.9 1135.14 
626.902 1133.14 
445.898 1103.12 
1409.91 1100.13 
1139.91 1081.14 
873.911 1075.14 
-1236.09 1044.14 
-763.11 1039.13 
99.894 1022.13 
-1407.09 1010.14 
224.911 968.139 
-1130.1 942.139 
-976.099 924.142 
-781.098 922.13 
390.903 902.144 
432.892 877.142 
1259.9 857.145 
-1424.1 855.155 
976.897 851.135 
-1042.1 849.149 
-1151.09 848.143 
-420.099 847.14 
767.907 842.139 
1083.9 840.132 
383.896 814.137 
1438.9 804.136 
252.849 798.651 
-371.094 790.14 
678.949 789.129 
-1171.1 782.137 
1327.9 756.146 
-1431.1 736.148 
219.902 736.141 
669.9 733.136 
-1507.1 728.139 
544.897 713.136 
586.902 703.146 
-565.11 685.146 
51.8985 654.139 
30.9012 651.14 
-331.098 633.139 
-93.1015 624.133 
73.9 621.136 
231.895 612.141 
337.907 607.143 
140.893 604.133 
510.893 583.146 
-1244.1 570.141 
-1514.1 566.143 
-1399.1 566.142 
-692.091 566.14 
-455.111 560.141 
1134.89 555.147 
33.5309 552.128 
-1540.09 551.143 
41.2165 549.015 
-677.111 541.143 
-40.1017 529.144 
453.893 526.141 
-1184.11 512.137 
784.897 509.131 
610.908 497.141 
-1337.09 496.139 
57.8971 489.141 
4.89817 483.141 
-1001.11 476.132 
-159.105 463.143 
-1594.1 458.145 
-38.1099 449.136 
1371.9 448.137 
1.90623 447.136 
1292.88 446.143 
1216.18 437.955 
-584.1 429.141 
1221.55 434.52 
1379.9 417.136 
-666.099 414.138 
-1227.11 404.136 
739.895 398.145 
-929.1 391.139 
-312.097 387.148 
-867.107 386.14 
-1546.1 347.141 
1325.9 348.148 
-868.098 334.141 
-1436.09 306.139 
569.9 301.144 
-1590.09 281.145 
-1473.1 281.147 
-52.0984 268.135 
749.906 260.138 
896.904 258.149 
-1304.09 256.144 
-925.104 256.146 
-290.099 239.14 
320.893 222.142 
818.905 214.13 
754.899 201.142 
-701.103 198.14 
-1591.1 191.129 
-1150.1 185.141 
1266.08 180.107 
-1083.09 178.143 
104.896 175.144 
1232.9 175.135 
1258.22 176.36 
-540.092 163.141 
-655.093 160.128 
-1487.1 152.142 
-138.098 149.139 
304.902 146.143 
-58.1027 129.133 
-635.104 126.145 
-457.108 126.141 
1078.91 122.132 
-1035.1 114.138 
-1201.11 108.142 
-1306.11 100.146 
-413.096 100.127 
475.916 99.1446 
-713.095 95.1404 
616.899 82.1349 
752.904 58.133 
-4.10562 54.1388 
-1501.1 50.1404 
-1471.1 48.133 
1105.9 35.1452 
-136.105 34.1424 
1211.9 32.1449 
44.8935 18.138 
807.9 15.1432 
-538.102 -0.859023 
375.895 -0.856582 
-1543.1 -20.8582 
499.894 -26.8574 
-192.106 -27.8705 
-9.0939 -49.8554 
814.893 -62.8607 
-33.1026 -71.8638 
120.904 -80.8685 
-687.09 -82.8567 
-894.091 -83.8673 
-662.097 -86.8058 
-480.107 -93.8572 
694.902 -94.8562 
-662.097 -86.8598 
632.899 -108.855 
-1490.1 -114.86 
-292.1 -116.868 
-789.099 -123.868 
400.913 -123.858 
-403.095 -125.865 
-1582.09 -126.863 
-709.096 -138.854 
-459.096 -138.867 
168.9 -143.86 
-1549.1 -145.865 
153.9 -154.864 
-368.098 -158.86 
-1466.11 -164.851 
-1537.11 -165.876 
-653.105 -168.854 
-1171.11 -178.862 
-898.096 -191.865 
694.901 -220.863 
186.906 -234.863 
-684.1 -249.864 
-217.104 -256.855 
625.902 -256.87 
-742.103 -257.868 
-528.096 -257.861 
212.891 -259.86 
-1484.09 -275.859 
-623.096 -277.862 
-775.102 -282.858 
-986.103 -288.859 
69.8945 -302.867 
619.898 -324.865 
-1592.1 -325.857 
196.9 -329.86 
-873.095 -337.863 
-1222.11 -338.863 
-359.103 -339.855 
988.898 -347.862 
-349.106 -349.429 
-733.107 -365.863 
-464.099 -369.86 
79.9015 -378.852 
-826.105 -397.869 
-702.106 -412.857 
748.894 -419.858 
-1149.1 -425.858 
-1222.1 -432.857 
319.896 -437.866 
1148.89 -450.853 
-857.101 -457.854 
-1305.1 -470.853 
-670.099 -471.865 
586.901 -479.862 
558.899 -484.856 
-971.107 -486.87 
707.91 -492.857 
-889.103 -494.868 
678.9 -495.869 
-1378.11 -496.866 
-1057.1 -502.853 
-965.103 -505.859 
-1087.09 -509.858 
-686.108 -514.86 
-966.657 -512.661 
811.901 -525.852 
-1326.1 -526.86 
915.901 -526.855 
831.896 -535.861 
28.8974 -548.85 
-1120.09 -556.858 
-1570.11 -557.851 
404.902 -562.859 
-560.095 -567.876 
-736.098 -568.861 
-648.097 -580.862 
-1455.1 -588.852 
315.895 -592.343 
165.901 -595.853 
418.9 -598.854 
-1399.1 -602.876 
-1532.1 -605.864 
-1564.1 -606.861 
-1556.12 -619.941 
-249.098 -623.856 
-648.097 -624.863 
-78.0988 -639.869 
264.905 -647.853 
940.511 -651.252 
-227.377 -663.126 
-1149.1 -670.859 
-213.03 -675.638 
-436.1 -674.863 
-231.797 -668.969 
-837.091 -675.857 
-221.44 -678.327 
-292.108 -686.855 
299.902 -686.858 
-844.924 -688.602 
564.037 -695.244 
47.901 -695.863 
-383.094 -700.852 
699.908 -701.864 
-1414.1 -719.867 
868.895 -720.86 
85.899 -721.857 
447.905 -722.868 
-168.095 -724.857 
-531.104 -726.865 
-81.0913 -730.86 
-15.0963 -738.873 
16.8989 -752.854 
-729.104 -766.865 
-1026.1 -777.858 
-592.103 -778.858 
363.904 -781.859 
-507.092 -788.849 
528.903 -789.867 
1139.9 -789.863 
-526.104 -790.865 
-939.11 -798.858 
-913.373 -799.072 
-770.097 -801.861 
-1565.1 -803.862 
-922.672 -805.336 
275.9 -815.866 
-948.925 -817.587 
113.9 -816.855 
-414.106 -818.859 
169.905 -819.862 
460.899 -823.859 
-849.102 -826.861 
349.901 -832.859 
-223.102 -837.86 
1079.89 -837.859 
-1435.89 -842.129 
-569.102 -838.862 
-1439.21 -843.781 
-1267.1 -845.867 
-779.104 -850.866 
-35.1027 -849.865 
-1478.11 -855.855 
-1416.1 -855.861 
-1548.1 -857.857 
318.907 -879.867 
-697.092 -880.86 
183.903 -883.855 
706.902 -894.859 
-1276.11 -896.854 
-1446.21 -905.687 
765.903 -907.865 
-976.098 -909.855 
-1446.03 -909.695 
837.897 -915.865 
-1571.04 -917.131 
-1077.09 -919.866 
-1407.1 -923.85 
-1445.72 -916.667 
-994.1 -926.866 
-1570.12 -922.301 
-1059.1 -929.853 
254.898 -931.87 
1081.9 -933.861 
-1094.1 -936.867 
982.897 -937.852 
-1273.1 -940.866 
-166.1 -940.861 
-255.16 -947.416 
703.902 -945.865 
-785.092 -952.86 
-258.845 -949.055 
-1156.1 -956.854 
-696.102 -959.852 
-823.103 -971.86 
-792.103 -974.852 
-1376.1 -975.854 
-855.1 -982.863 
-575.09 -993.861 
-974.109 -996.857 
665.904 -996.865 
1082.89 -999.85 
-84.1006 -1002.86 
-101.105 -1003.85 
-515.104 -1008.87 
-588.099 -1022.86 
-864.101 -1025.87 
-1534.1 -1026.86 
-53.1018 -1026.85 
547.898 -1031.87 
-1208.1 -1036.85 
-497.101 -1038.86 
-1336.11 -1041.85 
38.9029 -1043.86 
-1030.1 -1047.86 
-1563.1 -1048.87 
-141.091 -1052.86 
-284.093 -1053.86 
-924.105 -1057.86 
-229.101 -1062.86 
-1284.1 -1071.86 
-761.101 -1071.86 
-139.092 -1071.86 
-464.109 -1087.86 
-1090.1 -1089.86 
-387.095 -1093.86 
75.8922 -1091.86 
-270.105 -1098.87 
-483.743 -1105.61 
-1457.1 -1106.86 
874.897 -1106.86 
-483.914 -1106 
-475.136 -1113.44 
-595.103 -1122.86 
275.902 -1124.87 
72.9015 -1130.86 
55.9059 -1132.87 
131.898 -1136.86 
98.9007 -1136.85 
-650.102 -1139.86 
774.899 -1140.86 
-771.107 -1141.87 
-79.1004 -1141.86 
-105.095 -1144.86 
-340.101 -1160.86 
-1288.09 -1164.85 
-69.0985 -1170.86 
-1237.11 -1176.86 
426.898 -1182.86 
387.9 -1186.86 
482.908 -1195.86 
171.902 -1211.86 
