811.496 1205.51 
-349.504 1204.5 
1598.5 1197.5 
418.501 1196.5 
599.496 1195.49 
566.5 1187.5 
254.508 1178.5 
-387.5 1144.49 
225.503 1138.5 
496.5 1125.5 
-1604.5 1112.5 
897.499 1102.49 
-27.5011 1092.49 
1186.5 1082.5 
-252.501 1041.5 
583.5 1035.5 
464.503 1032.5 
1028.49 1031.51 
578.985 1027.77 
231.504 1022.49 
794.505 1009.5 
-1565.5 1005.5 
-1358.49 998.506 
1582.5 987.497 
412.496 984.503 
559.503 975.497 
641.499 963.496 
-1494.5 960.5 
-76.493 951.507 
275.497 951.502 
164.496 947.5 
-65.6875 945.115 
432.501 943.508 
-1104.49 930.495 
239.499 930.504 
832.497 926.504 
-725.502 924.501 
-1138.5 919.5 
1024.5 907.498 
-766.509 899.498 
1396.49 862.502 
-1426.5 848.498 
1436.5 846.499 
886.5 831.498 
-1178.5 829.501 
-1346.51 803.493 
418.503 802.497 
-825.497 802.503 
168.507 800.494 
498.496 796.503 
113.501 792.499 
142.497 787.505 
-141.502 767.5 
-329.92 760.083 
302.498 743.503 
869.504 719.498 
1599.5 701.501 
200.494 695.497 
-1319.5 680.501 
472.505 679.496 
-347.501 664.499 
-1437.5 663.498 
-719.501 641.499 
-1158.51 622.501 
588.503 607.503 
-1461.5 579.504 
62.4972 572.499 
666.507 565.494 
1429.5 552.497 
-286.503 550.5 
1140.5 541.498 
549.501 535.506 
-258.497 526.497 
967.501 518.504 
-1344.5 514.499 
-232.497 512.507 
-798.506 486.499 
644.492 474.496 
66.502 471.493 
185.503 460.502 
-878.496 441.501 
-1219.5 428.499 
-17.501 425.502 
188.507 417.503 
645.5 398.502 
845.497 398.503 
689.501 391.499 
505.495 387.501 
-207.497 384.496 
844.497 359.5 
-1344.49 354.499 
-598.499 311.498 
980.504 311.503 
-1359.49 305.494 
1209.5 302.508 
-757.507 270.504 
-1307.5 257.499 
31.5004 254.495 
-1471.51 251.501 
-422.507 247.508 
-1490.5 238.496 
-232.498 214.504 
725.501 210.501 
1302.5 204.5 
-252.501 183.508 
363.506 161.501 
675.507 160.501 
618.491 148.496 
371.382 143.728 
-751.497 132.502 
391.501 127.503 
-202.503 107.505 
959.496 97.5083 
-326.5 86.5032 
-712.492 85.4971 
-604.502 83.5061 
329.498 64.4956 
-1037.5 50.4996 
1409.5 40.4958 
-1446.5 36.49 
172.506 34.495 
1369.5 30.4913 
-787.504 16.5018 
1538.5 7.49316 
-1319.5 4.49695 
0.504395 -0.495972 
-247.503 -15.5028 
-196.501 -16.4971 
-30.4996 -40.4958 
858.506 -52.4969 
1366.5 -54.5033 
31.4976 -56.5055 
-392.5 -58.4976 
-583.499 -64.5007 
774.501 -70.4972 
1084.5 -70.5042 
1033.49 -78.5029 
-1013.5 -79.4967 
1166.5 -80.4973 
1538.49 -82.5015 
-944.503 -103.495 
11.5013 -106.495 
121.501 -109.494 
-382.499 -114.501 
889.497 -118.505 
-183.5 -122.496 
1108.49 -123.503 
380.502 -126.5 
1534.5 -135.496 
-1515.5 -141.501 
305.5 -141.5 
-805.504 -144.503 
-1198.5 -210.499 
-1327.5 -220.5 
1019.5 -232.491 
387.497 -235.504 
509.499 -234.505 
-37.51 -257.499 
663.494 -265.498 
322.497 -282.499 
1117.5 -287.496 
912.499 -295.506 
-1508.49 -308.503 
-653.5 -309.5 
309.497 -329.498 
-1580.5 -329.508 
613.51 -331.495 
803.495 -364.501 
335.495 -374.494 
1153.5 -393.501 
-437.505 -418.501 
-655.503 -429.505 
605.499 -437.496 
-659.822 -435.375 
1091.5 -460.505 
-948.499 -476.505 
216.501 -502.5 
594.501 -505.493 
1259.5 -512.498 
196.507 -528.5 
-771.492 -528.499 
1206.5 -551.503 
-1593.5 -551.498 
-436.491 -592.495 
-1248.51 -595.5 
1479.5 -595.498 
914.494 -601.503 
-1400.5 -612.499 
1575.49 -619.497 
280.504 -644.501 
-1070.5 -656.496 
1025.5 -657.494 
-715.495 -674.494 
-781.495 -676.505 
-447.398 -688.998 
-445.019 -694.456 
1373.5 -705.504 
347.509 -710.497 
1145.51 -713.501 
-261.491 -727.495 
468.502 -729.501 
821.497 -729.499 
1348.49 -751.505 
388.509 -764.504 
90.5031 -773.505 
334.497 -777.496 
1340.5 -778.497 
-1412.5 -780.494 
-983.499 -782.495 
458.502 -794.498 
-1585.5 -794.51 
-737.5 -794.504 
272.496 -806.497 
1178.5 -808.502 
218.503 -810.498 
1514.35 -815.502 
-249.502 -826.5 
-448.503 -836.5 
1088.51 -844.498 
-708.5 -847.508 
644.502 -856.506 
-1108.5 -858.506 
-393.5 -862.502 
316.498 -872.496 
602.503 -874.498 
518.493 -910.498 
365.497 -920.503 
-127.497 -931.496 
283.505 -934.502 
-478.502 -938.501 
-1139.5 -954.505 
-71.4971 -958.496 
-1057.5 -971.504 
-318.498 -972.499 
-294.499 -974.494 
695.509 -976.5 
-755.507 -993.497 
-1037.5 -995.496 
1570.49 -995.502 
-624.505 -999.506 
279.493 -999.5 
778.497 -1002.5 
-759.167 -1008.82 
1229.5 -1012.49 
-759.498 -1010.5 
437.494 -1041.5 
4.50146 -1044.5 
1606.5 -1046.5 
397.507 -1075.51 
890.506 -1088.5 
-1232.5 -1113.5 
886.5 -1146.5 
1224.5 -1160.5 
-547.506 -1161.51 
-1105.5 -1171.5 
-983.5 -1178.5 
532.502 -1186.49 
900.501 -1188.49 
