1272.9 1202.13 
-1111.1 1188.13 
-207.094 1187.14 
1563.9 1184.13 
825.897 1177.14 
112.903 1175.14 
-214.099 1168.13 
814.789 1166.4 
-922.093 1162.15 
-230.085 1154.13 
-948.094 1147.14 
-900.096 1107.14 
537.904 1084.14 
1028.89 1082.14 
1080.9 1077.14 
610.894 1068.14 
-493.097 1041.14 
-359.105 1038.15 
-253.093 1030.14 
464.896 1029.15 
974.901 1021.15 
718.897 1018.14 
1001.9 1009.14 
251.892 1008.13 
203.908 988.142 
-1616.1 986.143 
1485.9 984.14 
993.773 980.609 
377.905 970.134 
-613.104 967.147 
648.902 955.15 
-300.104 954.135 
-559.74 945.575 
-267.098 943.137 
-395.105 926.129 
-570.101 918.146 
1124.88 913.14 
684.888 902.138 
376.895 901.143 
-1538.1 886.135 
280.901 883.137 
-956.103 880.141 
330.902 878.139 
802.897 872.139 
879.891 872.152 
174.891 867.153 
-772.098 864.14 
-741.096 849.139 
1466.9 846.137 
-496.095 843.133 
700.9 828.142 
-157.1 818.145 
999.899 815.137 
1154.9 805.192 
914.903 803.145 
1154.9 805.138 
388.902 791.143 
1343.9 790.144 
1448.9 787.142 
553.908 784.141 
-1391.1 767.139 
850.907 767.14 
346.906 759.148 
1038.9 759.14 
969.895 758.144 
-967.1 751.146 
-1234.1 748.134 
-702.106 740.133 
1541.9 738.146 
669.899 713.13 
-39.1029 710.146 
-1565.09 708.14 
1288.91 707.142 
772.896 705.141 
-388.096 700.137 
-107.103 693.15 
1206.9 683.146 
-1080.11 676.134 
680.897 675.139 
953.899 674.139 
-1402.11 673.138 
-416.097 664.144 
861.899 644.134 
407.892 643.138 
-74.1034 640.137 
1305.9 619.14 
-734.098 616.14 
-36.1085 599.144 
-804.095 591.138 
962.895 579.146 
452.902 546.141 
-1352.1 541.133 
864.9 539.146 
1536.9 531.141 
478.891 529.135 
1458.9 525.147 
-611.106 513.154 
-861.109 512.138 
955.902 511.144 
858.898 500.146 
1147.9 498.138 
-1178.1 493.149 
186.903 471.138 
366.9 446.139 
579.899 440.141 
1305.9 430.135 
-1054.1 423.146 
180.892 400.135 
212.374 395.617 
954.908 389.148 
796.901 388.14 
1141.89 387.137 
-75.0912 385.143 
-468.103 381.144 
315.895 371.143 
-903.1 364.133 
1375.9 356.137 
35.9164 348.147 
1529.89 341.142 
437.904 339.145 
875.892 337.142 
1503.9 334.142 
415.91 327.138 
-817.099 323.147 
1175.42 307.067 
1458.91 308.143 
-522.101 297.137 
1175.37 306.397 
-609.087 285.135 
-1450.1 281.143 
-291.101 275.156 
482.916 274.13 
595.897 269.146 
846.894 264.142 
-289.16 257.619 
364.901 245.141 
-1052.1 236.135 
1064.89 233.142 
1100.9 219.149 
-571.103 214.136 
855.901 211.147 
1009.91 207.136 
1156.9 207.147 
1532.91 200.134 
-1142.09 195.137 
-1402.1 194.131 
1461.9 179.139 
353.899 170.128 
1463.14 167.853 
1463.41 161.169 
1507.9 147.14 
196.804 142.123 
648.906 142.144 
321.897 141.146 
-447.09 140.129 
195.913 139.672 
114.899 128.152 
-326.091 124.139 
1431.89 122.146 
835.699 108.181 
1513.9 108.135 
-1342.11 93.1277 
131.9 93.136 
-487.102 90.1349 
1310.89 89.1355 
205.902 85.136 
806.9 79.1293 
-427.098 76.1378 
1026.9 70.1377 
269.906 69.1382 
487.895 63.1357 
821.899 55.1396 
-1003.1 47.1404 
959.91 42.1396 
1537.9 40.138 
-65.0994 32.1437 
-645.111 29.1357 
-1438.1 25.1262 
977.903 22.1399 
-673.097 20.1355 
-1358.1 18.1416 
1567.89 12.1437 
-218.098 4.13329 
-1284.1 0.133408 
1318.86 -6.86391 
139.898 -5.85792 
-580.102 -8.86244 
821.903 -10.86 
777.899 -15.8626 
1481.9 -33.8645 
181.895 -38.8633 
-961.096 -39.8562 
-424.15 -43.1059 
1069.91 -41.8604 
1026.9 -42.8572 
-670.091 -43.86 
-80.0969 -43.8579 
-422.247 -46.6156 
-163.092 -54.8572 
1267.91 -56.8633 
1046.9 -64.8565 
464.903 -70.8577 
-417.094 -71.8646 
1586.9 -74.8611 
-284.106 -77.8667 
160.892 -89.86 
-656.297 -100.846 
660.904 -99.8635 
-1060.1 -106.86 
602.902 -106.864 
-1328.11 -108.863 
-659.723 -105.891 
517.891 -115.861 
1233.9 -121.862 
1026.91 -125.864 
1312.75 -142.826 
1448.89 -141.858 
1310.83 -144.284 
-279.102 -167.866 
1247.9 -167.867 
-1438.95 -185.213 
920.896 -182.856 
1357.89 -182.857 
-773.097 -187.855 
625.9 -188.861 
-1438.71 -185.8 
1307.91 -194.853 
-359.101 -198.87 
1195.9 -201.859 
1103.9 -211.865 
1275.91 -222.855 
1105.86 -220.366 
1342.9 -225.86 
-1287.1 -231.86 
87.9004 -235.867 
374.305 -250.791 
1053.9 -256.868 
-1052.1 -258.853 
1427.89 -259.86 
799.9 -267.86 
1176.9 -267.856 
1347.9 -268.86 
-1602.11 -271.863 
263.907 -283.856 
1368.9 -287.863 
1084.9 -289.851 
450.902 -308.858 
1381.89 -307.855 
1309.9 -310.855 
-1431.1 -317.846 
634.905 -317.859 
1415.33 -320.739 
1423.49 -324.759 
852.898 -352.853 
1244.89 -357.86 
-1067.11 -358.864 
285.898 -358.862 
1186.91 -358.86 
1518.45 -374.366 
-480.093 -375.851 
278.902 -377.853 
642.906 -382.862 
1412.9 -388.869 
-1482.11 -415.859 
-163.095 -420.867 
1216.9 -427.86 
-238.103 -434.865 
690.893 -436.862 
642.907 -438.853 
-433.119 -443.862 
187.903 -446.853 
463.911 -463.862 
746.899 -466.852 
263.897 -477.868 
-1302.1 -478.864 
1336.9 -488.863 
-275.106 -490.854 
1439.9 -490.876 
1305.9 -492.857 
1483.9 -495.869 
-416.094 -503.859 
271.905 -504.867 
-727.091 -506.857 
-476.095 -514.857 
2.90659 -517.864 
-120.092 -530.867 
-613.102 -538.855 
1513.89 -540.86 
-1068.1 -558.858 
1156.13 -564.924 
1162.05 -566.642 
806.904 -575.854 
1317.9 -575.859 
114.901 -579.861 
46.9 -580.855 
1107.9 -582.856 
1150.21 -585.298 
1176.9 -588.864 
-100.105 -589.859 
482.774 -595.262 
270.9 -594.855 
581.892 -619.854 
977.908 -620.849 
279.902 -622.863 
-290.107 -625.85 
-1015.85 -640.507 
-958.096 -644.865 
1489.9 -645.866 
-1016.09 -641.824 
-1476.1 -651.863 
1130.9 -663.862 
1364.9 -670.863 
980.899 -677.852 
-713.1 -678.859 
628.897 -683.861 
1585.9 -689.859 
-509.103 -698.862 
532.907 -706.862 
1440.9 -708.85 
1271.9 -711.859 
995.898 -715.868 
-929.096 -727.862 
-169.107 -732.858 
-1386.09 -734.86 
1432.91 -735.854 
1403.9 -740.853 
1601.91 -740.862 
416.899 -750.858 
1454.91 -755.866 
383.908 -769.865 
-941.101 -772.864 
-296.097 -772.86 
607.908 -786.867 
-803.099 -793.857 
661.898 -795.855 
1519.89 -800.86 
1248.9 -807.861 
1426.9 -818.864 
714.901 -821.86 
-60.0927 -825.85 
965.898 -837.863 
1212.89 -843.863 
-743.095 -846.864 
1489.9 -853.862 
429.384 -858.864 
527.896 -864.861 
-184.114 -866.857 
272.9 -874.85 
661.895 -874.87 
781.892 -883.856 
1089.9 -901.861 
495.902 -906.864 
-1123.11 -912.866 
1262.9 -925.857 
-1372.1 -927.857 
1080.9 -938.86 
1562.89 -948.872 
-415.094 -954.866 
-1056.1 -959.865 
-332.099 -962.852 
-1153.1 -964.848 
751.902 -965.871 
-831.099 -984.85 
690.905 -988.856 
1018.9 -990.86 
105.892 -1012.85 
1114.9 -1012.86 
1257.9 -1020.85 
181.908 -1022.86 
462.899 -1021.85 
1027.89 -1027.86 
82.893 -1045.85 
700.907 -1052.87 
1028.9 -1056.85 
989.904 -1058.85 
1036.9 -1075.86 
-10.1125 -1078.87 
0.772314 -1091.19 
609.895 -1096.86 
951.906 -1105.86 
-1045.61 -1108.43 
-837.103 -1107.87 
1196.89 -1122.86 
-977.098 -1138.85 
1288.91 -1138.86 
-73.0938 -1141.87 
591.902 -1143.85 
251.897 -1148.86 
-1240.09 -1164.86 
1327.9 -1167.87 
172.897 -1170.86 
658.893 -1170.86 
1551.9 -1173.87 
1221.9 -1182.87 
441.899 -1185.86 
-349.092 -1196.86 
650.901 -1210.86 
1113.9 -1213.86 
