-763.505 1207.5 
1158.5 1206.5 
71.5042 1205.49 
326.5 1195.5 
1197.5 1194.5 
-1145.5 1187.5 
-194.505 1184.5 
781.503 1181.5 
-1029.5 1173.5 
547.501 1171.5 
225.044 1168.26 
217.501 1167.7 
-1542.49 1142.5 
1538.5 1135.49 
-919.502 1124.49 
874.497 1118.5 
679.5 1105.5 
922.511 1100.5 
-506.503 1089.5 
387.504 1085.5 
-921.503 1083.5 
69.5056 1078.5 
-1065.5 1074.5 
1456.5 1071.5 
1546.5 1067.5 
1108.5 1061.5 
681.502 1057.5 
832.495 1057.5 
-1315.5 1054.5 
1058.49 1038.5 
737.496 1024.5 
-550.499 1011.5 
-252.498 1011.49 
-1540.5 1001.49 
-1515.5 1000.49 
1294.5 1000.5 
182.329 996.488 
-1489.5 994.501 
177.139 994.275 
-128.501 984.5 
362.498 980.501 
-251.501 972.502 
1114.51 972.499 
251.499 967.891 
251.498 967.5 
-979.5 951.491 
369.5 948.499 
-489.498 944.504 
-421.498 941.5 
722.503 940.501 
1243.5 932.506 
469.491 922.505 
558.502 919.501 
87.4994 912.499 
-552.495 909.497 
986.493 906.497 
-533.5 904.501 
-1444.5 901.505 
892.495 900.504 
609.502 898.503 
288.499 896.496 
994.01 899.339 
-254.51 892.502 
461.497 890.505 
554.505 885.499 
-1298.5 884.498 
1038.51 881.501 
1290.5 868.496 
528.686 856.2 
227.501 854.504 
509.748 851.538 
-966.498 853.5 
533.623 853.825 
509.894 851.105 
-698.495 835.501 
-71.4967 834.5 
-780.498 832.497 
1349.5 832.495 
-942.5 829.506 
-1081.5 827.51 
-18.5012 823.502 
509.516 822.513 
24.5024 808.503 
1041.5 806.506 
165.496 803.501 
1218.5 803.504 
510.394 792.976 
987.494 791.493 
1027.5 787.499 
768.505 784.497 
151.502 781.5 
175.502 771.497 
-1589.5 769.498 
916.502 764.5 
676.503 755.503 
1014.49 742.498 
-379.492 739.506 
558.502 727.498 
-222.503 717.497 
-1549.5 714.504 
-109.499 711.5 
-267.505 710.502 
-752.5 704.502 
823.501 704.493 
1095.5 700.496 
127.494 699.5 
-1532.5 695.501 
546.509 677.5 
-206.5 672.496 
205.495 671.502 
1528.51 669.5 
367.501 666.496 
1131.5 660.512 
570.499 643.499 
-655.504 630.5 
468.503 625.501 
1183.5 623.5 
-1323.51 619.498 
1507.5 615.505 
-877.505 612.501 
511.503 606.501 
1283.5 608.508 
-1240.5 604.508 
1603.5 604.509 
477.493 603.503 
569.498 602.506 
430.499 600.495 
1161.5 593.497 
365.503 590.507 
1542.5 571.505 
1023.5 570.504 
-868.508 567.504 
330.122 566.42 
-639.495 564.498 
457.498 560.5 
1186.49 557.491 
354.492 554.505 
-274.5 551.496 
-974.499 531.504 
569.497 528.51 
1183.5 526.496 
3.49963 525.5 
379.506 520.495 
795.498 515.501 
1385.5 514.505 
-208.496 499.503 
1296.5 493.496 
130.495 489.504 
-314.499 481.502 
584.5 471.501 
47.5033 463.497 
427.497 457.504 
364.5 455.499 
-1430.51 451.5 
709.502 450.499 
-5.71594 427.838 
-12.851 426.132 
295.503 419.505 
922.506 414.505 
-613.5 409.494 
1477.5 407.501 
224.5 406.504 
-926.5 394.504 
387.501 393.505 
1172.5 388.51 
441.503 383.506 
-1206.5 374.503 
338.499 372.497 
477.503 359.497 
-1180.49 358.502 
537.497 341.503 
864.499 331.506 
-1454.5 329.504 
1404.5 326.5 
-1453.27 322.942 
1115.5 301.502 
239.506 295.504 
1233.5 283.496 
-613.508 280.499 
1024.5 279.495 
-243.495 278.5 
-519.495 277.495 
-40.4994 276.5 
860.504 268.496 
431.498 254.501 
-619.499 253.504 
-695.499 249.501 
-404.502 249.503 
-840.502 245.502 
362.498 236.5 
998.504 230.494 
641.501 224.493 
-758.502 223.506 
-57.4993 211.495 
-1290.49 197.502 
728.5 174.891 
516.505 174.499 
1.49963 172.507 
1123.5 172.501 
-488.501 171.5 
-183.498 168.499 
728.5 174.5 
1229.49 153.506 
-605.496 145.501 
318.501 137.495 
154.499 136.502 
-333.504 132.5 
-47.5035 119.494 
-462.5 115.506 
1435.5 103.497 
-481.496 97.4952 
-362.501 90.4933 
498.5 90.5109 
-1107.49 83.5039 
473.496 82.5015 
1516.49 78.4915 
619.499 75.504 
1420.51 74.5029 
170.499 73.499 
-1001.49 71.5021 
738.498 70.5037 
-1466.5 67.4967 
-472.495 61.4949 
476.503 60.4967 
812.495 59.4985 
2.50085 59.5006 
-222.497 58.5 
-628.501 57.505 
657.498 56.4978 
-1072.5 49.5031 
476.501 51.6473 
1002.49 33.498 
-119.5 12.4943 
1331.5 11.4976 
-318.499 7.495 
248.492 0.492432 
0.489746 -0.503906 
-793.5 -5.49365 
1561.5 -11.4996 
-101.495 -13.5021 
-1023.5 -28.498 
-170.497 -37.5034 
819.499 -41.5037 
1186.5 -47.5057 
-192.501 -52.4919 
-636.505 -64.5021 
1192.4 -61.3224 
-1291.5 -76.5015 
644.501 -78.5016 
-300.497 -79.4945 
984.502 -82.4987 
759.5 -93.4935 
977.019 -92.8602 
18.4988 -99.5042 
-534.5 -103.499 
1064.5 -104.503 
-1011.5 -109.505 
-279.497 -111.497 
-403.508 -129.505 
-378.506 -131.504 
-25.5004 -134.501 
619.502 -137.501 
915.501 -146.502 
48.4926 -148.5 
453.498 -148.509 
1298.5 -148.504 
-1345.5 -151.502 
1377.5 -152.496 
675.498 -154.501 
651.503 -159.501 
-325.496 -160.502 
-304.499 -160.5 
961.498 -160.499 
-241.501 -164.498 
611.492 -166.499 
1356.5 -167.501 
11.4933 -172.508 
919.499 -175.498 
-394.498 -180.498 
1513.5 -183.499 
1449.5 -188.506 
-546.497 -189.508 
111.499 -190.504 
997.5 -191.498 
410.498 -197.501 
861.5 -198.497 
170.498 -200.498 
1205.5 -200.499 
-327.504 -203.503 
-280.448 -204.52 
-403.506 -206.504 
1022.49 -207.499 
-178.604 -210.927 
-263.909 -212.248 
-300.901 -216.05 
1093.5 -217.506 
-180.871 -213.469 
378.504 -220.498 
-190.205 -220.067 
192.499 -222.506 
-300.987 -216.928 
-278.498 -229.495 
602.504 -230.496 
-302.502 -238.5 
-216.502 -243.499 
-360.502 -260.494 
536.495 -261.508 
913.5 -271.503 
28.505 -272.495 
956.499 -276.506 
-1554.5 -278.507 
428.509 -280.495 
485.502 -282.493 
379.499 -286.503 
337.502 -291.505 
-354.802 -294.004 
-364.314 -297.412 
-717.499 -306.501 
-334.5 -314.502 
1615.5 -316.499 
368.497 -321.5 
1250.5 -323.499 
606.502 -324.494 
1423.51 -336.495 
-623.492 -342.506 
141.508 -346.502 
1579.49 -352.501 
-39.5 -353.504 
441.499 -353.499 
425.493 -355.502 
-392.501 -356.504 
937.504 -364.505 
-339.489 -369.506 
-297.497 -374.503 
1610.5 -390.502 
1309.49 -398.505 
-521.502 -406.499 
-1572.5 -413.496 
-1463.5 -427.495 
937.502 -428.502 
144.502 -432.504 
690.502 -432.496 
659.497 -435.503 
-843.5 -436.502 
793.5 -439.502 
-187.495 -444.497 
-1470.49 -445.508 
-426.489 -448.5 
699.499 -454.497 
899.511 -456.504 
682.495 -457.504 
-1579.5 -460.494 
797.499 -462.495 
-354.507 -464.501 
-400.496 -474.502 
609.499 -480.501 
483.508 -484.503 
-1240.51 -487.501 
91.5018 -488.495 
-302.491 -493.504 
145.494 -495.502 
-813.504 -496.501 
-412.501 -496.5 
-397.504 -505.498 
1114.5 -506.494 
367.502 -515.501 
272.502 -518.506 
-1087.5 -519.501 
-1065.5 -520.492 
-331.499 -526.081 
-566.39 -530.726 
-331.499 -526.183 
-1105.5 -543.503 
-1189.5 -550.498 
-319.959 -553.896 
-141.495 -555.504 
-743.503 -556.495 
-660.5 -560.497 
-313.665 -558.749 
-1424.5 -567.499 
-206.499 -575.491 
859.498 -575.498 
-656.5 -595.508 
924.501 -600.503 
-1404.5 -601.505 
31.5022 -603.506 
1605.5 -610.509 
1025.5 -615.499 
-759.498 -618.5 
789.501 -621.5 
145.501 -621.503 
858.499 -623.501 
452.501 -626.499 
-569.5 -634.499 
1413.49 -641.504 
-782.496 -648.495 
-747.498 -650.552 
-767.684 -654.4 
-799.504 -659.598 
34.5032 -658.501 
-747.498 -651.016 
700.496 -662.501 
1055.5 -663.49 
607.493 -668.497 
-798.451 -664.758 
-790.207 -669.673 
380.505 -677.5 
-791.741 -673.089 
-788.168 -674.487 
-925.513 -694.497 
875.497 -694.506 
-792.172 -694.204 
-359.503 -697.497 
497.495 -725.504 
-1051.49 -727.502 
-729.506 -727.496 
1608.51 -731.508 
1408.5 -744.496 
-490.496 -749.498 
708.492 -751.501 
465.497 -775.497 
-382.504 -786.498 
-1295.5 -800.496 
-25.4945 -803.493 
1287.5 -805.505 
1554.5 -811.498 
-536.488 -812.504 
160.497 -813.498 
648.503 -831.501 
-150.5 -841.498 
-1530.5 -846.501 
620.495 -847.506 
341.496 -853.497 
1443.5 -853.504 
-223.501 -862.498 
-1096.5 -863.499 
-1337.5 -878.497 
-529.5 -885.502 
-1065.49 -888.497 
-1195.5 -893.5 
484.499 -898.498 
283.506 -899.496 
347.494 -938.506 
1155.5 -941.498 
-1499.5 -962.499 
474.504 -965.502 
1210.51 -967.503 
-1082.5 -972.496 
901.502 -974.503 
318.501 -986.5 
-64.5 -989.5 
-314.496 -998.503 
-1220.5 -1003.5 
1191.51 -1004.5 
-656.499 -1011.51 
-1590.5 -1012.5 
494.501 -1014.5 
1275.5 -1023.5 
728.5 -1029.5 
-62.5004 -1051.5 
405.497 -1051.5 
654.5 -1055.5 
-668.5 -1059.5 
1058.49 -1062.5 
216.495 -1063.5 
-1138.5 -1071.49 
18.5007 -1083.5 
-1515.5 -1086.5 
-780.502 -1099.5 
245.497 -1103.5 
1531.5 -1113.5 
253.495 -1124.51 
-476.506 -1130.5 
-717.507 -1135.5 
260.886 -1132.2 
-327.669 -1139.7 
851.499 -1145.5 
-328.005 -1143.06 
224.499 -1153.5 
-1114.5 -1161.5 
340.321 -1169.71 
342.603 -1170.69 
-371.495 -1175.5 
1096.5 -1186.5 
409.507 -1193.5 
-796.498 -1199.5 
-686.499 -1203.5 
-1367.5 -1210.5 
