148.502 1201.51 
68.5021 1200.5 
619.499 1197.5 
-470.498 1159.51 
-1329.5 1130.5 
-936.503 1127.51 
1106.49 1122.49 
-585.499 1117.5 
-291.499 1110.5 
297.497 1104.51 
-166.499 1101.5 
1244.5 1102.5 
1467.5 1102.5 
1152.5 1028.5 
-479.501 1016.5 
55.4963 997.501 
1376.49 995.498 
-365.503 986.502 
1356.5 961.496 
-1115.5 955.499 
1405.49 954.496 
-867.507 952.495 
-225.505 938.497 
-1067.5 933.499 
130.501 922.501 
859.506 912.499 
-1318.5 904.499 
-1041.5 895.492 
-1061.5 864.497 
-1220.5 857.505 
168.497 856.508 
-1103.5 851.503 
-1381.5 837.495 
-389.502 819.499 
1044.5 802.507 
-475.501 797.497 
-963.506 791.499 
163.497 789.503 
441.497 788.503 
356.501 769.504 
-237.499 766.503 
-936.503 754.498 
-1529.5 750.497 
1410.5 744.495 
321.507 739.506 
1350.5 731.499 
953.5 730.5 
-865.499 714.505 
-88.5046 708.505 
-1193.49 705.502 
660.504 700.501 
-1339.5 695.496 
-1365.5 687.501 
595.493 683.496 
923.5 674.493 
-541.498 669.499 
-134.507 669.493 
574.499 661.498 
543.495 646.499 
-1491.5 637.495 
-1137.5 636.499 
544.536 640.775 
816.497 632.496 
-901.494 602.498 
825.499 591.502 
-813.502 567.497 
-1230.51 557.5 
-1479.5 548.496 
915.5 544.494 
-5.50281 541.497 
-6.50073 518.498 
556.503 516.499 
572.495 509.496 
-853.504 499.509 
1448.49 498.505 
320.503 486.507 
-866.504 482.492 
560.497 472.507 
656.504 470.496 
-886.507 466.494 
680.504 464.494 
-1608.5 455.504 
525.506 454.497 
-575.5 437.501 
-87.4972 432.501 
-738.501 431.502 
-1118.5 424.506 
-360.501 412.503 
-65.4971 410.499 
279.502 407.5 
500.504 395.499 
913.495 395.5 
1597.51 393.501 
1555.5 382.503 
-451.501 381.502 
-1326.5 363.497 
618.506 344.509 
1466.51 339.499 
1378.51 330.5 
-826.502 326.503 
-526.495 322.503 
-19.504 314.493 
-1519.5 288.498 
836.504 286.5 
-287.502 272.496 
-1109.51 261.5 
-1587.49 254.499 
972.501 246.507 
279.501 221.49 
-848.501 213.504 
1034.5 212.495 
690.503 204.495 
267.493 201.499 
243.495 196.496 
1561.51 167.499 
-944.503 156.494 
969.508 156.495 
-454.507 136.493 
-413.496 137.496 
255.498 131.493 
117.495 128.497 
-29.4973 122.5 
-621.503 79.4962 
-1420.5 72.4908 
-1614.58 70.2281 
-1609.15 67.0529 
809.505 61.5049 
226.501 50.4948 
853.495 47.5018 
-1030.49 44.5001 
919.502 27.4911 
-452.499 21.4989 
287.502 7.50183 
0.495972 -0.503662 
-1176.5 -2.49414 
-1217.5 -3.49292 
-368.5 -6.49487 
-737.51 -27.4967 
1189.51 -30.4993 
-205.497 -36.4973 
-983.498 -37.5022 
1264.5 -47.4948 
-1119.5 -56.5018 
771.497 -60.501 
242.506 -70.5044 
812.506 -86.499 
636.504 -101.496 
-624.498 -132.5 
-250.497 -162.503 
-399.501 -171.498 
1536.49 -172.501 
467.498 -176.503 
-607.503 -193.504 
1275.5 -209.5 
-595.499 -222.499 
-235.493 -232.499 
-313.499 -236.498 
725.502 -241.504 
-655.494 -268.498 
51.4979 -283.503 
-1.50146 -288.501 
659.501 -289.5 
381.501 -297.499 
-899.504 -303.498 
-357.496 -304.493 
567.5 -323.499 
1136.51 -336.495 
162.493 -339.494 
497.502 -339.493 
-935.494 -352.509 
-834.494 -373.504 
67.5015 -381.503 
693.505 -381.506 
264.501 -395.492 
623.502 -408.507 
105.496 -421.5 
-342.496 -451.497 
-301.488 -452.499 
-327.496 -465.498 
-1522.5 -476.505 
-601.506 -487.504 
303.498 -498.498 
544.501 -514.496 
-1271.5 -518.506 
-418.497 -521.491 
1481.49 -525.503 
-904.497 -527.499 
-954.496 -534.501 
-1439.5 -539.495 
-545.498 -543.496 
397.499 -548.503 
-1427.5 -564.502 
-673.508 -573.499 
792.503 -582.506 
571.496 -596.496 
-1172.5 -598.493 
1246.5 -606.491 
-1199.5 -628.5 
-661.497 -651.499 
1492.5 -654.499 
-1515.51 -656.502 
-475.505 -660.49 
174.494 -661.493 
201.499 -663.499 
1081.51 -664.5 
1.50256 -667.493 
836.501 -668.499 
-314.493 -686.499 
1004.5 -694.5 
144.502 -697.496 
-32.4994 -718.496 
180.498 -718.5 
-884.498 -746.497 
592.503 -754.498 
-164.501 -770.503 
1194.5 -780.495 
-1301.49 -781.508 
222.498 -782.496 
-1362.12 -791.137 
711.491 -792.501 
-907.494 -798.494 
-1362.14 -791.239 
-637.499 -813.503 
50.5007 -815.493 
941.504 -815.492 
-544.499 -822.495 
-101.502 -839.503 
-409.499 -847.501 
341.501 -850.501 
-1549.51 -851.499 
-719.506 -854.501 
416.498 -875.496 
-1065.5 -881.496 
1478.5 -906.5 
-667.498 -907.502 
886.498 -934.504 
-1599.5 -959.506 
-172.497 -965.508 
118.499 -999.499 
-1603.5 -1029.51 
992.495 -1043.5 
1330.5 -1082.5 
-24.4957 -1087.5 
1481.49 -1115.5 
192.508 -1131.5 
-815.503 -1150.51 
-891.499 -1161.51 
532.501 -1190.49 
1524.49 -1212.51 
