100.501 1206.5 
-653.497 1197.5 
812.501 1181.5 
-220.5 1172.5 
-1056.5 1157.5 
-328.5 1089.51 
379.498 1075.5 
-340.505 1037.5 
1084.5 1037.5 
-1079.5 1031.51 
216.5 1023.5 
563.501 1010.5 
-623.504 1002.5 
-293.5 990.502 
-433.5 979.502 
771.503 979.498 
-448.494 966.497 
-1202.5 965.503 
745.499 943.5 
1492.51 935.504 
1500.5 912.504 
-754.498 910.499 
1523.5 893.504 
220.496 874.508 
795.5 857.505 
657.496 831.492 
257.498 826.499 
365.502 824.498 
1432.5 815.497 
-987.493 784.501 
-50.5 785.498 
1230.51 777.497 
-403.49 769.494 
183.506 752.488 
-1314.49 749.498 
-1295.5 743.501 
-296.501 738.5 
1018.5 736.503 
736.496 719.495 
792.499 718.503 
978.509 691.506 
578.497 673.494 
1049.49 673.504 
381.504 667.499 
-27.4941 656.509 
35.4973 631.5 
1019.5 616.495 
584.499 613.504 
1150.5 611.498 
-1016.5 607.503 
-453.498 601.496 
798.502 601.499 
163.503 588.506 
1468.5 588.503 
1370.51 571.505 
-779.498 531.497 
-188.5 531.499 
-1262.5 524.501 
-297.504 524.501 
-1569.5 495.502 
1459.5 461.499 
1616.5 458.498 
949.505 452.506 
-440.498 449.496 
-496.5 432.497 
305.5 420.502 
1371.5 411.5 
-1397.5 383.496 
1347.5 359.502 
-944.5 351.504 
-1530.5 332.502 
-892.496 310.495 
1373.5 307.497 
299.247 302.247 
512.495 302.507 
295.202 296.697 
31.4967 273.505 
-496.492 239.498 
-1606.5 225.5 
-1448.5 221.501 
-875.489 216.503 
189.501 214.499 
-587.497 206.494 
-223.498 182.507 
-930.496 178.496 
-345.492 176.505 
1214.5 176.498 
-670.498 157.504 
1187.5 151.5 
-1317.5 149.503 
-519.503 145.501 
-542.508 133.497 
505.497 132.499 
-73.4985 116.501 
-854.5 97.5022 
178.497 78.4932 
238.498 75.4967 
490.591 42.0072 
-480.505 34.5027 
-349.503 34.5049 
492.975 36.5453 
1271.5 23.4994 
0.499634 -0.500732 
-824.506 -8.50134 
673.503 -10.5 
215.506 -31.5026 
1340.5 -50.5039 
-104.5 -55.5013 
241.506 -81.4994 
1482.5 -83.5004 
-1250.5 -88.5055 
1040.49 -88.4976 
483.506 -95.5022 
679.495 -105.508 
1382.5 -109.498 
1316.5 -117.502 
535.5 -124.495 
-842.5 -132.498 
-127.502 -134.496 
1178.5 -138.497 
1240.5 -140.498 
-663.497 -144.501 
1461.5 -149.504 
-556.503 -156.501 
-60.5015 -156.504 
-688.502 -160.498 
-1537.5 -165.495 
-961.496 -169.502 
-43.5013 -178.497 
450.503 -184.501 
196.508 -204.502 
1283.5 -211.499 
193.005 -216.383 
795.503 -216.498 
314.497 -223.504 
192.494 -218.502 
-1168.5 -230.504 
602.51 -233.503 
-978.499 -236.497 
625.494 -237.496 
851.495 -248.494 
-200.496 -255.501 
1334.5 -264.497 
1238.5 -268.504 
1515.51 -274.497 
-98.4994 -316.5 
1225.51 -330.498 
-589.505 -335.501 
1.49866 -336.502 
922.495 -337.495 
-742.5 -355.506 
-915.503 -365.5 
378.496 -372.495 
-1033.5 -373.494 
-193.496 -377.496 
-1266.49 -389.506 
1400.5 -392.499 
-584.495 -407.492 
1349.5 -419.501 
-1612.5 -433.499 
-960.496 -452.509 
-368.493 -452.505 
-1367.5 -456.493 
575.504 -468.501 
-235.501 -482.502 
129.499 -501.504 
-128.507 -532.5 
709.494 -537.503 
770.503 -537.498 
-1019.49 -538.501 
1490.49 -546.5 
784.078 -550.961 
-1188.5 -558.5 
-997.504 -559.499 
-1107.5 -588.5 
368.499 -590.496 
491.499 -592.502 
421.494 -596.506 
777.501 -612.496 
1620.5 -613.513 
-20.501 -619.499 
507.501 -621.498 
-1016.51 -633.5 
729.498 -639.498 
-1096.5 -644.503 
-1072.5 -653.494 
-560.506 -657.505 
-506.497 -664.499 
-1233.51 -672.496 
-736.494 -675.502 
-56.5007 -677.496 
-764.5 -679.502 
1199.5 -682.499 
1094.5 -684.495 
-1035.51 -685.498 
1290.5 -688.501 
-1119.5 -690.5 
559.5 -705.509 
-1039.51 -710.506 
388.498 -747.499 
-1237.5 -751.496 
1392.5 -756.5 
-1027.5 -762.502 
837.505 -771.502 
356.501 -777.505 
996.502 -796.496 
1262.5 -798.501 
901.499 -806.495 
-103.5 -808.502 
-1140.5 -822.505 
-626.498 -830.5 
332.494 -849.497 
934.505 -849.502 
907.503 -903.499 
1045.5 -930.505 
1420.49 -935.501 
-68.5 -978.502 
-418.504 -981.497 
904.507 -989.503 
-71.311 -984.184 
829.504 -996.499 
-162.507 -1010.5 
-918.506 -1016.51 
1173.5 -1027.5 
-409.504 -1037.5 
202.498 -1039.5 
-1124.5 -1053.5 
682.501 -1075.5 
949.502 -1078.5 
-215.492 -1084.5 
-549.502 -1092.5 
-1595.49 -1110.5 
-1341.51 -1119.5 
1386.5 -1133.5 
-241.497 -1135.5 
539.493 -1170.5 
523.501 -1198.49 
-117.877 -1204.53 
344.496 -1205.5 
