-93.5066 1203.5 
225.502 1170.5 
-1249.5 1166.5 
24.4999 1159.5 
209.503 1121.5 
1142.5 1087.5 
518.501 1086.5 
-73.5012 1080.5 
791.497 1076.5 
1253.5 1063.5 
26.5011 1059.51 
403.501 1056.5 
1116.5 1056.5 
-1150.49 1055.5 
937.495 1054.5 
839.503 1045.5 
789.506 1041.5 
-1339.49 1034.5 
570.499 1028.5 
1436.5 1009.5 
528.498 1003.5 
-1490.5 973.503 
915.498 961.503 
-1514.5 960.504 
-1197.5 941.499 
-593.506 933.499 
-7.4989 899.499 
1432.5 894.504 
917.508 889.508 
-422.498 881.501 
625.506 858.502 
-127.498 846.502 
-749.493 838.497 
-102.493 827.508 
1247.5 818.506 
-298.504 809.5 
994.508 795.505 
347.5 794.498 
800.501 792.495 
109.507 761.495 
294.498 754.503 
-1051.5 738.505 
-832.503 736.494 
165.504 725.504 
815.5 721.503 
-1208.5 703.5 
-1298.5 700.492 
-247.498 693.497 
-250.215 686.23 
81.4968 672.503 
-913.492 665.504 
-874.501 665.5 
-1006.5 663.497 
1217.5 660.509 
-797.501 654.499 
1363.5 651.496 
335.499 645.504 
109.504 640.501 
-1008.5 617.504 
-1266.5 616.498 
-1128.86 608.059 
861.498 606.498 
-375.495 599.499 
-381.377 591.112 
1040.5 576.499 
57.5015 570.502 
-128.502 568.502 
157.502 555.503 
529.503 555.502 
187.504 542.498 
-189.501 531.503 
114.501 527.499 
-482.498 508.501 
-888.503 500.499 
-270.509 464.5 
-554.505 462.492 
-61.4952 455.497 
86.4989 443.495 
-1465.5 428.503 
-614.501 420.498 
-590.501 410.502 
-1343.5 408.502 
335.497 407.504 
-1328.5 371.497 
1620.5 339.5 
735.503 332.498 
-1484.51 329.501 
-864.5 294.501 
-1231.5 293.499 
1342.51 289.506 
-1170.5 281.506 
927.501 262.5 
710.502 246.501 
57.5065 243.497 
-1040.5 241.494 
-488.5 238.491 
-473.497 235.495 
-737.504 224.502 
-494.499 187.496 
-1203.5 171.5 
-186.503 167.497 
1328.5 165.504 
-478.499 164.5 
813.503 160.501 
-50.5009 154.5 
587.503 148.509 
212.499 143.494 
-16.5022 137.498 
435.506 138.491 
-262.499 136.496 
-724.501 116.505 
1028.5 106.499 
-212.493 101.5 
-1426.5 51.4949 
-175.495 51.5033 
895.5 50.5 
647.501 37.506 
-1147.5 26.4976 
-1299.51 19.4985 
-1371.51 4.49927 
0.498779 -0.501587 
-1477.5 0.498901 
-64.5049 -4.50452 
20.4973 -7.49963 
-1529.5 -16.4938 
767.496 -19.5013 
-598.502 -21.5048 
793.504 -25.5004 
38.4965 -36.4996 
111.499 -36.4912 
542.502 -41.5002 
-457.501 -68.4926 
-1257.5 -90.5021 
-892.499 -94.4954 
-567.498 -104.492 
995.491 -107.5 
-294.502 -111.508 
-178.499 -119.498 
250.5 -119.502 
1125.5 -124.501 
1330.5 -125.506 
1051.5 -188.499 
-475.501 -192.49 
27.496 -211.508 
-1591.5 -215.497 
1266.5 -218.5 
-369.499 -220.496 
-1085.5 -244.496 
-848.502 -248.506 
1254.5 -248.505 
1300.5 -255.493 
-1042.5 -264.502 
-239.497 -263.514 
99.4982 -278.499 
-1288.5 -290.494 
792.502 -290.501 
-1023.5 -299.501 
-1047.5 -327.499 
-1202.5 -333.507 
-1090.5 -339.499 
136.501 -339.503 
-1362.5 -351.497 
-402.5 -371.493 
-487.501 -392.503 
983.503 -392.501 
-963.501 -396.504 
133.5 -402.506 
402.499 -404.504 
-256.51 -421.498 
321.495 -421.499 
-941.493 -431.501 
-1526.49 -432.503 
287.506 -449.508 
1346.5 -449.493 
1291.5 -461.503 
905.499 -460.496 
-877.501 -469.5 
-1204.49 -477.504 
-112.496 -478.495 
-1349.5 -486.497 
622.498 -488.498 
-1378.49 -494.506 
560.498 -505.498 
-561.504 -514.501 
882.502 -514.499 
-159.503 -516.507 
541.5 -526.5 
511.609 -541.752 
-1514.5 -543.495 
-1160.5 -545.501 
513.064 -546.721 
783.495 -555.496 
-929.503 -579.498 
796.508 -596.496 
-845.499 -615.503 
-1268.5 -624.501 
-1523.49 -632.502 
-31.505 -644.494 
892.492 -644.506 
-33.499 -667.499 
534.5 -670.502 
552.499 -678.5 
-895.503 -684.509 
1435.5 -692.495 
-910.499 -701.503 
298.497 -701.5 
542.499 -716.503 
639.504 -718.508 
-933.499 -719.501 
665.499 -725.487 
508.502 -735.501 
-618.501 -749.503 
-786.496 -756.489 
-116.497 -756.507 
-1179.5 -761.502 
-398.505 -776.502 
-94.5001 -779.5 
259.502 -783.49 
487.495 -796.501 
910.495 -797.502 
1611.51 -802.501 
-495.498 -809.504 
1571.49 -813.497 
-1408.5 -827.504 
613.501 -851.501 
1490.51 -858.492 
-891.504 -868.493 
1401.5 -869.5 
-578.503 -873.503 
-48.5018 -882.511 
846.498 -915.494 
-331.5 -928.504 
-1202.5 -939.498 
995.5 -959.498 
267.502 -986.503 
-932.494 -993.503 
1066.5 -998.502 
704.494 -1006.51 
255.503 -1009.5 
230.502 -1015.5 
-1045.5 -1058.5 
1007.5 -1061.5 
-518.5 -1082.5 
-474.502 -1081.5 
245.504 -1089.5 
97.5032 -1092.5 
-61.498 -1099.5 
-705.497 -1148.51 
-1580.49 -1155.49 
849.502 -1171.5 
217.496 -1183.5 
899.499 -1188.5 
-1159.5 -1190.51 
