-709.495 1211.5 
640.506 1203.5 
-891.496 1195.5 
-331.495 1194.5 
6.49927 1192.5 
-378.494 1191.5 
1400.49 1188.5 
-1520.5 1183.5 
-706.502 1180.5 
845.497 1179.5 
-436.498 1177.5 
571.499 1177.5 
-962.499 1174.5 
799.029 1170.64 
-1039.5 1170.51 
-526.505 1164.5 
1332.51 1165.5 
184.496 1164.51 
821.507 1155.5 
97.7533 1151.57 
-272.502 1146.5 
-955.493 1145.5 
-412.495 1140.5 
-1390.5 1132.5 
287.492 1133.5 
-928.49 1131.51 
-365.317 1129.28 
-975.501 1128.49 
1363.5 1124.5 
-1072.51 1119.5 
-489.498 1119.49 
-362.609 1124.68 
-446.499 1114.49 
876.502 1112.5 
1416.5 1105.5 
-510.496 1104.5 
-530.504 1096.5 
-406.496 1091.5 
-231.504 1088.5 
-611.502 1086.5 
-712.502 1084.5 
-1017.5 1079.5 
1393.5 1078.5 
-1162.5 1073.49 
-865.499 1072.5 
-138.496 1073.51 
-544.504 1070.5 
849.498 1065.5 
572.505 1058.89 
681.5 1061.51 
-547.815 1065.29 
572.505 1058.5 
-719.499 1045.51 
-488.502 1044.5 
442.5 1038.5 
-1200.5 1031.5 
-763.501 1028.5 
1178.5 1024.5 
181.506 1004.5 
-377.495 1000.5 
-906.502 996.497 
-1530.49 993.495 
-956.503 993.502 
-604.016 988.957 
-1149.5 989.503 
-1038.5 968.501 
353.497 964.497 
-128.5 960.496 
437.499 960.507 
96.5002 958.5 
1566.5 957.497 
-280.497 949.506 
1610.5 947.505 
-1552.5 946.494 
-1379.5 935.497 
1544.5 935.497 
1221.5 932.499 
-98.9755 925.493 
-86.2976 922.764 
-1144.5 912.497 
-1342.49 908.503 
34.4963 899.499 
493.502 897.5 
-156.504 893.5 
-119.504 890.5 
1232.5 889.49 
-222.501 887.495 
-1358.5 884.51 
-703.493 874.493 
876.501 873.504 
-332.499 870.505 
-251.505 869.498 
-525.498 863.497 
-77.5024 859.493 
48.5 856.501 
226.494 855.504 
1153.51 839.498 
48.5022 835.501 
-501.505 817.508 
1446.5 814.5 
457.502 812.501 
-289.499 806.497 
1617.5 800.497 
211.493 793.498 
501.497 787.501 
-466.496 772.496 
-237.5 768.498 
-754.509 767.502 
-80.4954 758.598 
387.511 750.503 
611.504 746.496 
-1540.5 744.498 
-304.501 740.502 
-249.504 740.502 
-72.7673 740.971 
1336.5 729.504 
-830.503 727.503 
-137.509 726.497 
-1282.5 723.504 
948.503 719.502 
-657.494 719.498 
811.507 700.498 
-618.504 691.501 
-732.494 686.504 
-1398.5 682.502 
-332.495 682.501 
747.497 652.498 
-95.5022 646.5 
1602.51 644.506 
-1121.5 641.497 
247.495 641.499 
480.502 639.502 
562.499 635.497 
641.499 632.499 
-1230.5 624.497 
458.496 622.502 
-1299.5 586.501 
239.502 585.497 
1105.49 574.504 
7.49707 570.504 
332.501 565.502 
966.497 557.501 
1011.5 556.332 
1115.5 556.501 
-406.506 554.506 
1085.5 540.497 
-114.509 539.501 
102.505 537.505 
359.501 537.5 
-910.504 532.5 
1206.5 530.494 
663.502 522.494 
586.497 517.496 
-301.495 491.497 
300.497 491.501 
-1574.5 490.496 
-1003.5 490.504 
718.497 485.498 
1366.5 485.504 
-445.266 478.95 
-1362.49 475.505 
1308.5 474.497 
656.502 472.506 
-725.503 470.496 
171.496 464.506 
896.5 463.498 
-71.507 460.501 
984.502 452.497 
1325.5 449.497 
-1612.51 447.493 
314.499 439.491 
51.5029 435.499 
-296.498 430.495 
257.501 413.506 
817.51 413.499 
1189.5 405.496 
780.498 398.498 
-722.494 396.5 
2.50415 396.499 
-737.504 395.496 
-1544.5 384.496 
-743.968 388.816 
-462.493 381.504 
1050.5 380.499 
-23.4962 378.503 
1388.5 370.496 
-196.428 358.451 
1101.5 358.5 
-105.502 352.502 
63.4971 351.503 
-194.775 356.771 
-228.502 340.502 
751.946 328.349 
-2.50037 326.497 
755.063 327.643 
-1118.49 322.494 
-985.499 303.505 
396.497 302.497 
671.499 302.498 
388.248 296.458 
1392.5 290.502 
606.502 282.496 
-678.501 279.501 
368.497 279.5 
408.508 270.505 
706.501 270.494 
1093.5 265.508 
671.773 262.776 
117.496 253.501 
671.997 260.533 
-1147.5 245.499 
993.497 243.501 
-637.495 243.499 
626.496 243.502 
922.497 243.503 
252.508 242.492 
-1071.5 240.5 
-437.485 231.502 
1407.5 231.499 
460.497 230.502 
1192.5 226.501 
-207.499 223.506 
-1461.5 220.5 
1263.5 206.502 
1481.5 207.493 
1235.5 203.494 
1016.5 196.501 
440.504 188.5 
-870.5 177.506 
1318.5 174.501 
-492.5 171.508 
1094.49 167.507 
-748.502 165.503 
-269.498 158.509 
1132.5 154.493 
1569.5 143.499 
644.504 141.506 
260.498 133.499 
794.5 132.502 
1346.5 130.496 
-98.5011 122.496 
91.5059 114.499 
802.499 102.505 
-554.498 90.5029 
41.501 84.4943 
1185.5 74.5026 
607.501 73.5046 
377.503 66.5043 
-856.47 62.4479 
-97.4962 63.5 
457.502 59.4971 
-861.115 60.3799 
831.51 42.4945 
1412.5 42.5024 
-730.506 30.5029 
40.4985 30.5011 
381.506 28.5016 
1364.5 29.4979 
534.497 26.494 
-516.502 24.4983 
-324.493 23.4934 
-1284.5 12.5077 
324.501 8.49963 
1107.5 8.4989 
181.494 0.499268 
0.499634 -0.507446 
1363.5 -5.49792 
-275.498 -15.5059 
1615.5 -19.4982 
709.502 -21.5039 
959.5 -22.5018 
1025.49 -29.4935 
795.494 -34.4985 
-972.498 -50.5052 
302.496 -58.4989 
915.502 -60.4949 
-118.502 -65.4982 
-242.502 -67.5028 
-277.502 -70.4996 
-1222.5 -82.4983 
178.5 -82.5029 
-492.505 -91.5018 
225.493 -95.5013 
-352.504 -103.494 
703.508 -104.497 
-396.497 -104.501 
-1426.51 -114.499 
-1020.5 -121.495 
-998.502 -132.5 
929.49 -142.504 
701.501 -149.507 
-1544.5 -152.504 
-1326.5 -164.498 
981.155 -180.024 
52.5018 -179.502 
971.679 -183.416 
582.498 -201.498 
1122.51 -213.503 
-1501.5 -227.497 
134.5 -229.497 
389.502 -232.497 
-863.502 -233.501 
1119.51 -244.496 
754.502 -250.496 
1224.5 -252.502 
458.489 -253.497 
-1231.5 -269.505 
1382.5 -269.499 
-418.496 -271.5 
4.4989 -272.507 
-916.505 -282.508 
-402.507 -284.499 
-740.497 -300.5 
425.502 -316.504 
1299.5 -327.501 
1451.5 -328.504 
-875.5 -346.497 
-979.5 -359.5 
-156.503 -359.498 
352.506 -365.502 
458.495 -384.501 
395.494 -389.501 
-197.504 -390.491 
-991.505 -397.494 
-400.492 -400.498 
479.501 -435.502 
-787.499 -449.491 
107.503 -481.498 
-1326.49 -485.5 
-1025.5 -488.497 
1300.5 -489.499 
880.504 -501.496 
-1381.16 -517.933 
1266.5 -520.489 
-285.508 -527.506 
1159.5 -527.506 
736.503 -535.493 
1489.49 -550.505 
1439.5 -555.492 
341.5 -566.5 
844.501 -599.501 
1153.5 -602.505 
279.495 -613.5 
1380.5 -631.502 
1159.5 -632.508 
-240.501 -634.496 
731.507 -642.498 
612.502 -648.496 
-867.504 -651.498 
1162.5 -658.494 
1149.81 -671.09 
-194.494 -673.503 
664.496 -681.494 
-313.495 -691.502 
1267.51 -693.504 
1121.51 -701.494 
819.502 -706.502 
-810.509 -715.499 
334.502 -721.499 
1210.51 -727.501 
-1130.5 -733.494 
434.5 -734.504 
900.496 -749.509 
1611.49 -753.497 
606.495 -776.497 
-1393.5 -778.495 
589.495 -779.496 
-660.503 -787.501 
1188.5 -794.5 
-486.497 -797.505 
-638.505 -850.506 
-413.495 -863.493 
1370.51 -865.495 
-367.506 -882.499 
267.499 -892.501 
-658.499 -901.502 
143.501 -902.499 
30.4987 -907.496 
1614.5 -917.499 
-536.498 -934.499 
-614.502 -1003.51 
-1311.51 -1039.5 
-31.5004 -1042.5 
-801.507 -1052.5 
114.497 -1076.51 
93.5056 -1077.5 
-295.497 -1082.5 
899.499 -1094.51 
-570.49 -1095.5 
-1027.5 -1104.5 
-1310.5 -1107.5 
863.504 -1128.5 
313.505 -1138.49 
1616.5 -1148.5 
538.502 -1159.51 
148.505 -1167.5 
509.498 -1177.5 
-632.499 -1189.5 
-893.496 -1190.5 
1384.99 -1198.22 
205.5 -1197.49 
-1218.49 -1208.5 
