624.9 1229.14 
1039.9 1229.14 
1040.39 1229.14 
1041.57 1229.48 
1042.23 1229.48 
1043.4 1229.14 
622.9 1228.14 
623.411 1228.14 
624.564 1228.47 
625.222 1228.48 
626.405 1228.14 
1039.9 1228.66 
1040.4 1228.65 
1041.4 1228.64 
1042.4 1228.64 
1043.4 1228.64 
623.182 1226.99 
624.443 1227.29 
625.975 1227.23 
1039.7 1227.54 
1040.75 1227.6 
1042.4 1227.64 
1043.57 1227.58 
623.836 1225.97 
625.004 1226.03 
1040.84 1226.48 
1042.04 1226.54 
481.896 1221.14 
484.526 1219.82 
481.328 1220.14 
483.661 1218.81 
485.921 1218.26 
933.889 1176.14 
941.91 1174.14 
933.331 1175.14 
934.173 1175.07 
940.42 1173.42 
942.019 1173.14 
-384.089 1161.14 
-384.666 1160.15 
-383.985 1160.15 
440.894 1154.14 
440.329 1153.14 
441.005 1153.14 
-1514.1 1119.14 
-1514.67 1118.15 
-1514 1118.15 
919.898 1114.14 
917.898 1112.13 
919.808 1112.22 
921.327 1112.28 
-1352.1 1109.15 
919.748 1110.71 
-1354.1 1107.13 
-1352.18 1107.23 
-1350.67 1107.29 
782.899 1102.15 
-1352.24 1105.71 
-1237.09 1098.14 
782.34 1101.15 
783.007 1101.14 
-1378.11 1094.15 
-1237.67 1097.14 
-1236.98 1097.14 
-1081.11 1091.13 
-1378.67 1093.15 
-1378 1093.15 
826.897 1088.14 
-1081.67 1090.12 
-1081 1090.12 
-146.108 1086.15 
824.901 1086.14 
826.816 1086.23 
828.328 1086.29 
-148.107 1084.14 
-146.19 1084.22 
-144.675 1084.28 
826.761 1084.71 
-146.246 1082.71 
255.899 1077.14 
232.89 1075.14 
-1556.1 1074.14 
255.335 1076.14 
256.006 1076.14 
232.331 1074.14 
233.007 1074.14 
-1556.67 1073.14 
-1555.99 1073.14 
100.892 1056.15 
100.332 1055.15 
100.998 1055.15 
-1463.1 1044.14 
-522.106 1041.14 
-1465.09 1042.14 
-1463.18 1042.23 
-1461.67 1042.29 
274.906 1039.14 
-522.668 1040.14 
-521.986 1040.14 
-1463.24 1040.71 
274.335 1038.14 
275.008 1038.14 
-1022.09 1024.14 
-1022.67 1023.12 
-1021.99 1023.14 
-1176.1 1019.14 
438.904 1017.14 
-279.097 1016.14 
-1176.67 1018.14 
-1175.99 1018.14 
-509.091 1014.15 
342.911 1014.14 
436.897 1015.14 
438.819 1015.23 
440.334 1015.28 
-279.664 1015.14 
-278.988 1015.14 
-509.664 1013.14 
-508.997 1013.14 
342.34 1013.15 
343.006 1013.15 
438.761 1013.72 
-1594.1 1006.14 
-1594.66 1005.14 
-1593.99 1005.14 
550.9 1002.14 
-1433.1 1000.14 
550.342 1001.15 
551.008 1001.14 
-1433.66 999.133 
-1432.99 999.132 
-840.101 970.145 
221.906 970.144 
-840.668 969.152 
-839.994 969.152 
221.336 969.15 
222.013 969.147 
234.905 963.14 
728.895 961.142 
232.897 961.134 
234.821 961.223 
236.335 961.284 
728.339 960.138 
729.008 960.135 
234.763 959.706 
145.906 948.138 
145.33 947.146 
146.007 947.148 
-1069.1 913.135 
-1069.67 912.144 
-1068.99 912.146 
661.899 904.14 
661.332 903.128 
662.007 903.132 
243.909 897.136 
188.902 895.137 
243.34 896.124 
244.007 896.126 
-1514.11 891.136 
188.331 894.129 
189.004 894.131 
-1514.67 890.133 
-1514 890.132 
-421.098 887.145 
17.8973 887.138 
-421.66 886.149 
-420.99 886.147 
17.3362 886.133 
18.0079 886.13 
-1386.1 880.137 
-505.093 877.145 
-1388.1 878.132 
-1386.19 878.215 
-1384.67 878.272 
-771.109 875.137 
-505.663 876.137 
-504.996 876.141 
-1386.24 876.707 
-771.675 874.14 
-770.999 874.139 
-709.099 864.141 
140.9 863.138 
-709.664 863.149 
-708.983 863.145 
140.341 862.14 
141.006 862.137 
823.892 859.143 
181.899 857.15 
1009.91 857.147 
823.337 858.146 
823.999 858.143 
181.329 856.149 
182.001 856.149 
1009.33 856.143 
1010.01 856.145 
-1279.09 828.142 
-1279.66 827.147 
-1278.99 827.148 
-147.109 819.143 
-147.666 818.137 
-147.003 818.137 
-1431.1 814.139 
-1431.66 813.141 
-1430.99 813.141 
-712.108 810.138 
-712.669 809.129 
-711.997 809.13 
-1315.1 805.141 
-1315.66 804.148 
-1314.99 804.146 
-1524.1 794.145 
-1524.66 793.144 
-1523.99 793.141 
-1642.77 787.48 
-1641.59 787.14 
-1642.6 786.635 
-1641.6 786.644 
-1642.6 785.644 
-1641.6 785.633 
-1641.44 785.585 
-1642.6 783.651 
-1641.6 783.641 
-1149.1 764.141 
-1149.67 763.145 
-1149 763.147 
945.902 741.143 
945.337 740.141 
946 740.14 
-774.096 734.138 
-774.668 733.148 
-773.987 733.144 
-1510.09 721.146 
-1432.1 721.139 
-1510.66 720.15 
-1509.99 720.149 
-1432.67 720.133 
-1432 720.136 
-1000.1 680.142 
-1002.1 678.135 
-1000.19 678.223 
-998.67 678.284 
-1331.09 673.137 
-1000.25 676.712 
108.902 672.137 
-1331.66 672.144 
-1330.99 672.145 
108.337 671.145 
109.008 671.146 
-933.09 666.141 
-933.667 665.133 
-932.981 665.136 
-136.102 661.137 
-136.661 660.14 
-135.997 660.142 
-552.094 656.146 
754.904 654.139 
-554.098 654.138 
-552.181 654.229 
-550.666 654.289 
752.899 652.134 
754.815 652.223 
756.331 652.283 
-552.24 652.716 
754.753 650.711 
-509.097 612.147 
-509.658 611.136 
-508.997 611.138 
-1156.1 605.141 
-1052.1 605.147 
-393.089 604.141 
-1474.09 602.135 
-1156.67 604.137 
-1155.99 604.136 
-1052.67 604.137 
-1051.99 604.139 
-393.663 603.136 
-392.993 603.14 
-1474.67 601.137 
-1473.99 601.137 
-889.117 597.142 
936.901 594.148 
-889.67 596.14 
-889.007 596.143 
486.89 592.141 
936.338 593.138 
937.005 593.136 
486.33 591.136 
487.001 591.138 
1089.89 579.139 
-1525.1 575.139 
-491.106 575.136 
1089.34 578.142 
1090 578.142 
-1525.67 574.126 
-1524.99 574.127 
-491.673 574.139 
-491 574.136 
-1346.09 570.132 
-1542.1 568.139 
-1346.66 569.13 
-1345.99 569.135 
-1317.11 566.13 
-1542.66 567.134 
-1541.99 567.138 
-1317.67 565.138 
-1317 565.138 
259.902 561.144 
-1589.1 559.141 
-313.11 559.134 
259.337 560.148 
260.005 560.15 
9.90586 556.139 
-1591.1 557.136 
-1589.18 557.219 
-1587.67 557.275 
-313.669 558.133 
-312.995 558.133 
7.90513 554.144 
9.81565 554.224 
11.3353 554.279 
-1589.24 555.707 
-571.08 549.139 
9.75425 552.714 
-571.655 548.134 
-570.99 548.136 
1001.91 539.143 
1001.34 538.137 
1002.01 538.14 
932.896 531.137 
-271.093 529.141 
89.9107 528.139 
932.331 530.128 
933.004 530.132 
-271.664 528.139 
-270.989 528.135 
89.3379 527.132 
90.01 527.137 
461.895 513.144 
461.328 512.143 
462.002 512.146 
-1388.09 502.14 
-1388.66 501.135 
-1387.99 501.137 
630.895 450.147 
137.896 446.136 
630.338 449.146 
631.007 449.141 
137.331 445.147 
138.001 445.144 
-1484.11 437.138 
1.90854 437.141 
-403.099 436.142 
-1484.67 436.143 
-1484 436.138 
1.33738 436.139 
2.01121 436.14 
-403.669 435.139 
-402.997 435.137 
774.899 420.138 
1260.89 420.138 
774.331 419.139 
775.002 419.143 
1260.33 419.149 
1261 419.141 
-1338.11 405.133 
182.912 405.142 
-1338.67 404.135 
-1338 404.141 
182.34 404.139 
183.012 404.14 
-1427.1 400.134 
-1427.67 399.124 
-1426.99 399.126 
-758.106 384.136 
911.898 382.136 
-758.662 383.127 
-757.99 383.129 
-1395.11 379.133 
-59.0907 379.144 
911.331 381.132 
912.009 381.132 
-1395.67 378.126 
-1394.99 378.13 
-59.6609 378.147 
-58.9892 378.142 
-555.09 367.137 
-530.43 364.18 
-555.668 366.127 
-554.987 366.129 
-527.921 363.073 
-533.555 362.232 
-531.399 362.068 
-1384.1 358.145 
-528.08 360.568 
-533.564 359.006 
517.884 356.139 
-1384.67 357.148 
-1383.99 357.146 
-531.359 357.702 
-528.244 357.771 
-1315.1 352.137 
517.324 355.145 
518.001 355.144 
-1315.67 351.143 
-1314.99 351.144 
122.903 340.144 
-351.106 338.136 
122.338 339.134 
123.007 339.137 
-658.094 335.143 
-351.673 337.134 
-350.997 337.136 
961.89 334.146 
-658.668 334.136 
-657.99 334.136 
961.332 333.151 
962.011 333.153 
1274.89 327.142 
1274.33 326.134 
1275 326.138 
95.9076 320.138 
640.904 318.137 
95.3392 319.13 
96.0108 319.132 
-1031.1 314.139 
640.328 317.138 
641.007 317.142 
-580.094 313.134 
-1033.1 312.139 
-1031.18 312.228 
-1029.67 312.288 
-580.662 312.139 
-579.99 312.138 
-1031.24 310.709 
-277.091 298.138 
-166.095 298.138 
249.893 298.139 
-277.67 297.138 
-276.988 297.14 
-166.666 297.138 
-165.99 297.143 
249.339 297.139 
250.006 297.139 
-334.09 291.135 
-334.663 290.127 
-333.99 290.133 
-526.105 278.135 
-767.103 277.136 
-526.673 277.136 
-525.992 277.136 
-767.663 276.137 
-766.999 276.139 
-245.091 263.141 
-245.661 262.143 
-244.987 262.144 
957.913 253.144 
957.336 252.133 
958.008 252.136 
-1335.1 246.141 
-1335.67 245.144 
-1334.99 245.145 
830.899 232.141 
291.912 230.146 
527.907 229.139 
830.334 231.142 
831.01 231.144 
291.339 229.138 
292.004 229.142 
527.34 228.146 
528.013 228.146 
766.903 223.137 
-1553.09 222.152 
275.914 220.145 
766.337 222.14 
767.004 222.143 
-1553.66 221.152 
-1552.99 221.147 
275.337 219.139 
276.011 219.139 
-1438.1 206.144 
-1438.67 205.13 
-1437.99 205.129 
-561.116 201.141 
-618.099 198.142 
-561.67 200.148 
-561.001 200.144 
-618.666 197.151 
-617.993 197.148 
-856.096 189.142 
-856.656 188.139 
-855.995 188.14 
-409.093 179.136 
-652.09 177.143 
-409.664 178.129 
-408.989 178.132 
-654.1 175.128 
-652.185 175.223 
-650.67 175.288 
-652.249 173.711 
-503.092 168.144 
-503.663 167.143 
-502.988 167.146 
-1085.09 161.139 
-1085.67 160.143 
-1084.99 160.146 
-103.098 153.136 
-105.1 151.137 
-103.184 151.217 
-101.675 151.272 
-103.243 149.712 
-1571.09 137.14 
300.894 137.139 
-1571.67 136.135 
-1570.99 136.135 
300.336 136.147 
301.011 136.149 
-750.098 131.142 
-750.664 130.14 
-749.992 130.139 
324.903 110.14 
324.332 109.13 
325.011 109.133 
814.909 105.145 
814.34 104.142 
815.01 104.141 
-615.093 91.1379 
-615.662 90.144 
-614.984 90.1423 
-249.11 83.1365 
177.904 80.1462 
-249.668 82.1196 
-248.998 82.1228 
177.337 79.1449 
178.007 79.145 
739.892 75.1345 
739.335 74.1344 
740.005 74.1307 
-1088.11 70.1378 
-1018.11 70.1446 
-707.092 69.141 
-237.103 69.1468 
-1088.66 69.1379 
-1088 69.1352 
-1018.67 69.144 
-1017.99 69.1411 
-707.66 68.1456 
-706.988 68.1456 
-237.663 68.1467 
-236.998 68.144 
-354.1 64.1346 
-354.673 63.1254 
-353.997 63.1266 
-587.087 43.1441 
300.895 43.1412 
-1168.09 41.1335 
-587.66 42.1334 
-586.986 42.1384 
298.905 41.1384 
300.816 41.2203 
302.326 41.2757 
-1168.66 40.1387 
-1167.99 40.1389 
300.762 39.7104 
-1237.1 23.1369 
-1237.67 22.1365 
-1237 22.1387 
-739.101 13.1384 
-739.667 12.1274 
-738.99 12.1278 
724.904 8.13243 
179.899 6.14354 
724.334 7.13744 
725.011 7.13866 
177.898 4.14403 
179.817 4.22691 
181.327 4.28294 
179.761 2.70812 
-850.093 -3.86574 
-850.664 -4.86562 
-849.989 -4.86708 
-1189.12 -9.86 
-933.092 -11.8626 
-1189.67 -10.8558 
-1189 -10.8566 
-961.096 -13.8563 
-933.658 -12.8652 
-932.993 -12.8627 
-559.105 -16.8569 
-1419.12 -17.851 
-963.1 -15.8582 
-961.183 -15.7665 
-959.673 -15.7045 
-772.102 -18.8519 
-559.669 -17.8544 
-558.993 -17.8569 
-1419.67 -18.8534 
-1419 -18.8523 
-961.243 -17.2847 
-845.113 -21.8571 
-772.668 -19.8648 
-772.001 -19.8642 
-845.67 -22.8515 
-844.997 -22.8504 
-849.101 -34.8594 
-849.665 -35.8535 
-848.991 -35.8546 
1095.91 -48.8573 
1095.33 -49.8583 
1096.01 -49.8562 
-1312.11 -56.8566 
-578.099 -56.8705 
-995.09 -57.8534 
-1312.67 -57.8605 
-1312 -57.8611 
-578.667 -57.8665 
-577.987 -57.8703 
-995.663 -58.8529 
-994.99 -58.8539 
-1414.1 -64.859 
-1384.11 -65.8613 
-1414.67 -65.8609 
-1413.99 -65.862 
-1386.1 -67.8604 
-1384.19 -67.7774 
-1382.67 -67.7206 
-1384.25 -69.2881 
411.902 -73.858 
-1260.1 -75.8559 
409.904 -75.8588 
411.816 -75.7753 
413.329 -75.7184 
-1405.09 -79.8634 
-1260.67 -76.8583 
-1259.99 -76.856 
411.758 -77.2927 
-1405.74 -81.7545 
-1404.94 -81.7631 
-1405.67 -84.4956 
-1405 -84.4683 
842.908 -96.8567 
842.334 -97.8534 
843.013 -97.8535 
-628.102 -102.856 
-628.666 -103.853 
-627.998 -103.861 
-459.087 -118.858 
-545.098 -122.852 
-459.667 -119.856 
-458.986 -119.851 
-545.665 -123.859 
-545.001 -123.857 
673.891 -139.863 
644.895 -141.863 
671.902 -141.85 
673.812 -141.776 
675.331 -141.725 
642.897 -143.854 
644.815 -143.776 
646.337 -143.723 
673.758 -143.291 
644.761 -145.286 
113.912 -154.854 
113.34 -155.857 
114.003 -155.857 
-1025.1 -160.857 
792.898 -163.855 
-1027.1 -162.865 
-1025.19 -162.777 
-1023.67 -162.717 
762.897 -164.855 
1242.89 -164.861 
-547.106 -165.867 
792.332 -164.854 
793.01 -164.857 
-1025.25 -164.286 
762.336 -165.863 
763.003 -165.861 
1242.33 -165.86 
1243 -165.859 
-547.675 -166.864 
-546.991 -166.861 
-1559.09 -182.861 
-1276.1 -183.863 
-1559.66 -183.853 
-1558.99 -183.858 
-1276.66 -184.867 
-1275.99 -184.866 
-730.105 -195.854 
-730.665 -196.846 
-729.998 -196.85 
-163.09 -200.859 
1297.89 -201.856 
481.899 -203.862 
-163.66 -201.862 
-162.984 -201.866 
891.908 -205.86 
1297.33 -202.865 
1298.01 -202.865 
481.332 -204.858 
482.01 -204.858 
-740.092 -209.857 
891.336 -206.857 
892.007 -206.854 
243.897 -212.861 
-740.665 -210.869 
-739.993 -210.865 
243.333 -213.851 
244.008 -213.855 
909.908 -217.86 
995.907 -217.858 
909.333 -218.853 
910.012 -218.856 
995.336 -218.86 
996.008 -218.858 
391.891 -222.842 
390.804 -224.344 
391.895 -224.343 
-347.101 -231.861 
1.90769 -231.858 
-347.667 -232.859 
-346.996 -232.857 
1.32896 -232.863 
2.00681 -232.859 
-144.099 -239.854 
492.911 -239.864 
-144.675 -240.863 
-144 -240.857 
492.338 -240.854 
493.02 -240.853 
-1417.1 -248.859 
-153.105 -249.862 
-128.091 -250.868 
-1417.66 -249.86 
-1416.99 -249.856 
-153.665 -250.855 
-152.993 -250.859 
-128.667 -251.869 
-127.988 -251.866 
-210.097 -255.858 
-138.102 -257.862 
-210.665 -256.869 
-209.992 -256.868 
-298.102 -260.859 
-138.67 -258.861 
-137.99 -258.862 
-298.662 -261.857 
-297.997 -261.861 
-441.102 -271.858 
335.899 -271.861 
-913.096 -273.858 
-441.659 -272.855 
-440.986 -272.855 
335.336 -272.869 
336.004 -272.866 
-913.664 -274.86 
-912.992 -274.858 
-632.099 -290.855 
-1295.1 -292.863 
-632.662 -291.864 
-631.99 -291.864 
-1497.1 -296.852 
-1304.09 -296.868 
-1296.4 -295.039 
-1295.13 -294.414 
118.908 -296.86 
-1402.1 -299.861 
-1497.67 -297.848 
-1497 -297.848 
-1304.65 -297.862 
-1303.16 -297.868 
-1297.89 -297.674 
-832.104 -300.852 
118.338 -297.857 
119.012 -297.86 
-1402.67 -300.868 
-1402 -300.861 
-1337.09 -303.856 
-807.098 -303.859 
-93.102 -303.861 
-832.663 -301.852 
-831.992 -301.853 
-1337.66 -304.859 
-1336.99 -304.861 
-807.666 -304.854 
-806.993 -304.852 
-93.6666 -304.862 
-92.9956 -304.864 
-1280.11 -309.855 
365.909 -312.86 
-1280.66 -310.861 
-1279.99 -310.861 
-817.105 -313.855 
-502.095 -313.862 
-1141.1 -314.856 
-842.089 -316.857 
365.337 -313.864 
366.009 -313.858 
-817.665 -314.853 
-816.992 -314.858 
-504.101 -315.867 
-502.183 -315.778 
-500.674 -315.719 
-9.09194 -317.861 
-1141.67 -315.85 
-1140.99 -315.853 
-673.107 -319.859 
-844.098 -318.87 
-842.179 -318.782 
-840.669 -318.723 
-502.243 -317.29 
-9.65908 -318.854 
-8.99002 -318.852 
-673.67 -320.868 
-673.001 -320.862 
153.904 -323.862 
-842.24 -320.292 
151.905 -325.856 
153.821 -325.775 
155.332 -325.72 
-440.092 -331.862 
-422.095 -331.859 
53.888 -331.864 
153.764 -327.288 
-748.11 -334.855 
-440.66 -332.868 
-439.987 -332.869 
-422.673 -332.862 
-421.998 -332.861 
53.3337 -332.857 
54.0011 -332.858 
1004.9 -337.857 
-750.097 -336.843 
-748.193 -336.764 
-746.68 -336.71 
1001.57 -340.688 
1003.7 -339.778 
-748.25 -338.281 
627.902 -343.861 
1001.34 -341.972 
1002.81 -341.629 
83.9114 -347.863 
620.895 -347.859 
626.295 -345.551 
628.005 -344.858 
-1310.08 -348.863 
-1424.1 -351.863 
83.3314 -348.867 
84.0111 -348.864 
620.339 -348.858 
621.361 -348.679 
-1310.57 -350.087 
-1309.34 -350.727 
-1424.67 -352.865 
-1423.99 -352.861 
-1309 -354.65 
-1307.27 -355.361 
-1150.1 -359.863 
506.905 -359.855 
-1308.58 -357.373 
-1307 -357.307 
-1422.21 -361.538 
-684.101 -362.86 
-1150.67 -360.869 
-1149.99 -360.862 
506.338 -360.855 
507.008 -360.857 
757.902 -364.859 
-1422.67 -362.86 
-1421.99 -362.861 
-1307.79 -364.034 
-686.103 -364.854 
-684.185 -364.774 
-682.668 -364.72 
-335.094 -368.859 
757.337 -365.857 
758.005 -365.858 
-1308.66 -366.858 
-1307.99 -366.859 
-684.242 -366.285 
-1273.1 -372.858 
-484.1 -372.862 
-335.666 -369.857 
-334.99 -369.859 
-1273.66 -373.856 
-1272.99 -373.856 
-484.664 -373.858 
-483.989 -373.856 
-1535.1 -395.868 
921.901 -397.866 
-1535.66 -396.865 
-1534.99 -396.866 
-1149.1 -399.861 
-965.089 -399.858 
-871.096 -399.863 
-607.103 -399.86 
-154.434 -401.817 
919.896 -399.87 
921.816 -399.783 
923.329 -399.724 
-1151.1 -401.859 
-1149.18 -401.779 
-1147.67 -401.725 
-965.662 -400.856 
-964.991 -400.854 
-871.662 -400.862 
-870.987 -400.86 
-607.671 -400.857 
-606.991 -400.86 
-152.137 -402.895 
-156.633 -404 
921.758 -401.295 
-1149.23 -403.292 
-154.549 -405.306 
-152.074 -405.263 
418.912 -407.855 
-949.095 -410.866 
-154.48 -407.395 
418.337 -408.856 
419.012 -408.855 
-888.102 -413.861 
-982.097 -414.859 
-949.661 -411.857 
-948.98 -411.862 
171.902 -416.865 
-888.668 -414.853 
-887.996 -414.856 
-982.659 -415.861 
-981.994 -415.861 
171.334 -417.867 
172.018 -417.866 
-1245.11 -422.861 
225.895 -425.862 
-1245.67 -423.862 
-1244.99 -423.864 
-1041.11 -426.858 
225.333 -426.857 
226.008 -426.859 
-1041.67 -427.847 
-1041 -427.85 
329.901 -431.856 
578.895 -431.857 
24.9054 -433.858 
329.332 -432.852 
330.006 -432.851 
578.333 -432.855 
579.002 -432.859 
24.3335 -434.866 
25.0034 -434.86 
-1586.1 -450.857 
398.567 -452.819 
-1586.67 -451.872 
-1585.99 -451.867 
-1391.09 -454.863 
400.861 -453.901 
396.368 -455.009 
507.892 -456.862 
-694.101 -457.864 
-1391.66 -455.857 
-1390.99 -455.853 
398.461 -456.31 
400.927 -456.264 
507.332 -457.857 
508.001 -457.858 
-694.663 -458.85 
-693.995 -458.852 
398.53 -458.391 
-1493.1 -464.866 
-1493.67 -465.867 
-1492.99 -465.869 
-1418.11 -471.858 
-730.103 -471.858 
-611.106 -472.856 
-1418.67 -472.859 
-1418 -472.86 
-761.441 -475.819 
-730.67 -472.855 
-729.996 -472.857 
-701.086 -476.866 
-611.663 -473.852 
-610.992 -473.857 
-759.137 -476.902 
-872.107 -479.861 
-763.635 -478 
-701.667 -477.866 
-700.988 -477.866 
-761.549 -479.304 
-759.075 -479.255 
-872.665 -480.864 
-872 -480.863 
233.899 -484.864 
-761.48 -481.393 
-1209.1 -486.851 
231.905 -486.854 
233.819 -486.775 
235.332 -486.721 
-1209.66 -487.855 
-1208.99 -487.851 
1181.9 -490.859 
233.764 -488.29 
-1091.11 -493.862 
364.899 -494.862 
1181.33 -491.854 
1182.01 -491.854 
-1091.67 -494.854 
-1091 -494.856 
364.339 -495.866 
365.01 -495.865 
-188.095 -500.868 
-198.104 -504.862 
-188.664 -501.861 
-187.991 -501.864 
-107.084 -505.856 
-198.665 -505.863 
-197.993 -505.864 
-107.655 -506.858 
-106.984 -506.857 
-499.09 -514.858 
-1162.43 -516.815 
-771.103 -516.858 
-1160.15 -517.897 
-499.663 -515.863 
-498.988 -515.862 
-1164.64 -519.005 
-927.105 -520.858 
-771.674 -517.859 
-770.995 -517.855 
-1162.55 -520.309 
-1160.08 -520.272 
-927.661 -521.856 
-926.994 -521.858 
-1162.48 -522.394 
1115.9 -529.859 
-443.107 -533.858 
1115.33 -530.852 
1116 -530.85 
-1321.11 -534.868 
296.9 -536.858 
-443.666 -534.857 
-443 -534.858 
-1321.67 -535.857 
-1320.99 -535.863 
-828.094 -539.862 
-513.089 -539.86 
296.339 -537.859 
297.008 -537.861 
-828.67 -540.859 
-828.004 -540.856 
-514.193 -541.359 
-513.093 -541.357 
740.909 -545.856 
738.902 -547.873 
740.814 -547.779 
742.328 -547.715 
-983.104 -553.863 
740.749 -549.286 
-983.659 -554.858 
-982.995 -554.867 
1333.9 -561.853 
-427.111 -563.867 
796.885 -564.865 
1333.33 -562.853 
1334.01 -562.851 
-677.086 -567.854 
-427.674 -564.864 
-426.993 -564.863 
-50.1096 -568.856 
-34.1096 -568.864 
796.328 -565.857 
797.001 -565.851 
-677.655 -568.85 
-676.989 -568.847 
-50.6741 -569.858 
-49.9953 -569.859 
-36.1009 -570.865 
-34.1905 -570.782 
-32.6692 -570.726 
-34.2444 -572.292 
865.914 -578.861 
865.342 -579.86 
866.015 -579.863 
731.906 -593.865 
-6.09829 -594.858 
-228.092 -597.862 
731.337 -594.864 
732.011 -594.863 
-6.67056 -595.853 
-5.99465 -595.852 
-1168.09 -601.86 
-228.662 -598.857 
-227.992 -598.856 
-1168.66 -602.864 
-1167.99 -602.863 
-92.0946 -609.859 
-400.099 -610.861 
-177.105 -610.852 
-92.6657 -610.866 
-91.9907 -610.862 
1005.91 -613.857 
-400.66 -611.861 
-399.993 -611.864 
-177.667 -611.852 
-177.002 -611.853 
-1121.11 -616.86 
-1615.1 -617.859 
1005.34 -614.863 
1006.01 -614.868 
79.8872 -618.857 
1103.9 -619.86 
-1121.67 -617.854 
-1121 -617.855 
-1615.68 -618.859 
-1614.99 -618.858 
-416.096 -621.858 
-328.444 -621.818 
77.9021 -620.849 
79.8114 -620.769 
81.3213 -620.714 
-326.14 -622.898 
1103.34 -620.853 
1104.01 -620.851 
-421.868 -625.633 
-418.112 -624.339 
-416.063 -623.593 
-330.635 -623.999 
-92.1016 -626.858 
79.7599 -622.293 
-328.542 -625.308 
-326.077 -625.263 
-1599.1 -628.859 
-690.102 -629.864 
-525.098 -629.86 
-424.097 -627.852 
-422.142 -627.686 
-419.228 -626.995 
-92.6634 -627.859 
-91.9983 -627.858 
-1539.1 -631.867 
-328.472 -627.392 
-1599.66 -629.859 
-1598.99 -629.862 
-690.671 -630.863 
-689.996 -630.863 
-525.664 -630.857 
-524.987 -630.855 
-422.265 -629.297 
-1539.67 -632.877 
-1538.99 -632.873 
-407.724 -637.728 
687.891 -637.851 
-577.11 -639.859 
-217.111 -639.857 
-406.647 -638.858 
-408.508 -638.859 
687.337 -638.853 
688.001 -638.852 
-577.667 -640.853 
-576.992 -640.859 
-217.669 -640.854 
-216.994 -640.858 
569.901 -656.86 
567.899 -658.867 
569.818 -658.78 
571.332 -658.721 
569.761 -660.29 
110.904 -666.854 
110.334 -667.867 
111.008 -667.865 
-1351.81 -679.708 
1095.89 -680.864 
-1379.1 -681.855 
-1350.68 -680.855 
-1352.58 -680.862 
1095.33 -681.851 
1096 -681.858 
-1379.67 -682.856 
-1379 -682.855 
-851.104 -688.862 
-288.089 -688.862 
-851.666 -689.855 
-850.997 -689.855 
-288.662 -689.863 
-287.987 -689.866 
-881.108 -695.856 
-65.0993 -695.863 
-1402.1 -696.857 
-40.0989 -696.854 
-881.67 -696.867 
-881.008 -696.862 
-67.1027 -697.86 
-65.1848 -697.772 
-63.6743 -697.713 
-1402.67 -697.86 
-1402 -697.859 
-995.107 -700.865 
-40.6604 -697.849 
-39.989 -697.854 
104.904 -700.859 
87.8963 -701.86 
-65.2433 -699.287 
-995.673 -701.867 
-994.993 -701.868 
104.333 -701.859 
105.008 -701.855 
87.3346 -702.86 
88.0002 -702.859 
127.895 -709.854 
-560.103 -710.859 
159.903 -711.859 
127.339 -710.861 
128 -710.859 
-560.667 -711.863 
-560 -711.863 
298.9 -714.777 
157.9 -713.862 
159.81 -713.773 
161.326 -713.713 
296.823 -716.852 
298.794 -716.752 
300.437 -716.682 
159.746 -715.287 
-34.4298 -721.818 
298.721 -718.403 
-1321.1 -723.86 
-32.1395 -722.894 
-36.6343 -724 
-1321.66 -724.859 
-1320.99 -724.86 
-34.5387 -725.3 
-32.0774 -725.258 
-34.47 -727.392 
-647.105 -733.863 
-647.662 -734.866 
-646.996 -734.866 
-689.095 -739.863 
-1394.1 -741.871 
-689.667 -740.865 
-688.992 -740.867 
-387.094 -743.859 
-1394.67 -742.867 
-1393.99 -742.866 
-724.092 -747.858 
-387.663 -744.863 
-386.992 -744.86 
-726.101 -749.86 
-724.176 -749.777 
-722.667 -749.721 
-724.232 -751.285 
-1325.1 -756.86 
877.907 -758.864 
-1325.67 -757.858 
-1324.99 -757.863 
-111.102 -760.862 
877.333 -759.866 
878.013 -759.864 
-113.097 -762.853 
-111.18 -762.776 
-109.672 -762.725 
-111.233 -764.29 
-797.119 -776.85 
776.9 -778.859 
-797.674 -777.855 
-797.006 -777.857 
190.907 -782.862 
398.899 -782.856 
436.909 -782.854 
776.333 -779.862 
777.009 -779.864 
-782.105 -784.857 
188.897 -784.869 
190.812 -784.779 
192.327 -784.718 
398.337 -783.848 
399.008 -783.851 
436.339 -783.851 
437.017 -783.85 
-782.669 -785.862 
-782.001 -785.862 
123.901 -788.861 
190.747 -786.291 
123.336 -789.863 
124.002 -789.864 
-919.099 -793.866 
-396.107 -794.851 
-921.102 -795.869 
-919.182 -795.784 
-917.669 -795.727 
-396.671 -795.852 
-395.997 -795.854 
-203.101 -798.862 
488.906 -799.854 
-919.238 -797.295 
-203.669 -799.867 
-202.994 -799.864 
219.9 -803.86 
488.339 -800.854 
489.016 -800.856 
-738.12 -804.863 
219.336 -804.863 
220.009 -804.861 
-740.099 -806.854 
-738.19 -806.774 
-736.672 -806.719 
-742.27 -811.159 
-738.772 -809.098 
-729.098 -814.853 
-743.669 -813.853 
-742.781 -813.726 
-729.657 -815.854 
-728.987 -815.855 
-1535.1 -821.856 
20.8905 -821.864 
-29.0943 -823.858 
-1535.66 -822.86 
-1534.99 -822.859 
18.8991 -823.85 
20.8147 -823.774 
22.3297 -823.723 
-29.6706 -824.858 
-28.9906 -824.853 
20.7635 -825.284 
1159.9 -832.855 
-700.111 -833.86 
1159.34 -833.853 
1160.01 -833.86 
-700.666 -834.853 
-699.996 -834.853 
-1155.1 -839.854 
-641.11 -839.856 
-1155.66 -840.854 
-1154.99 -840.852 
-641.67 -840.854 
-641.001 -840.849 
-577.095 -848.859 
-181.1 -848.869 
-577.662 -849.868 
-576.993 -849.868 
-181.668 -849.873 
-180.994 -849.871 
-1389.08 -854.865 
-764.097 -854.865 
-1389.66 -855.854 
-1388.98 -855.851 
-764.668 -855.864 
-763.99 -855.867 
-917.102 -862.858 
-202.094 -862.856 
-82.1061 -864.861 
-919.104 -864.853 
-917.185 -864.769 
-915.671 -864.713 
-204.102 -864.863 
-202.183 -864.77 
-200.673 -864.707 
-84.0967 -866.849 
-82.184 -866.774 
-80.6767 -866.724 
-917.242 -866.287 
-202.244 -866.287 
-82.2368 -868.293 
-1057.08 -876.862 
1152.9 -879.857 
-1057.65 -877.867 
-1056.98 -877.866 
1150.9 -881.855 
1152.82 -881.772 
1154.33 -881.716 
-639.1 -886.858 
1152.76 -883.292 
-639.667 -887.858 
-638.994 -887.859 
-8.1 -893.863 
-8.66055 -894.867 
-7.99062 -894.869 
1261.9 -901.858 
1261.33 -902.856 
1262.01 -902.859 
1229.9 -906.86 
89.9162 -908.865 
936.905 -909.87 
1229.33 -907.859 
1230.01 -907.859 
89.3421 -909.868 
90.0139 -909.866 
936.332 -910.868 
937.015 -910.867 
-37.0989 -916.86 
-37.6697 -917.87 
-36.9925 -917.87 
417.897 -923.852 
417.337 -924.849 
418.005 -924.853 
243.911 -930.859 
-367.09 -931.857 
-628.102 -932.866 
495.893 -932.86 
243.339 -931.851 
244.017 -931.851 
-367.668 -932.849 
-366.997 -932.847 
-258.094 -935.864 
-630.106 -934.855 
-628.186 -934.771 
-626.674 -934.713 
495.33 -933.869 
496.01 -933.864 
-258.659 -936.868 
-257.991 -936.866 
-628.244 -936.285 
-392.099 -940.863 
1287.9 -941.86 
-392.669 -941.871 
-392 -941.866 
165.885 -945.856 
1285.9 -943.857 
1287.85 -943.8 
1289.67 -944.025 
-1566.09 -946.858 
165.329 -946.866 
166.006 -946.866 
1288.26 -946.044 
1290.76 -947.188 
-1566.66 -947.862 
-1565.99 -947.861 
1291.66 -949.331 
-1024.1 -966.86 
483.904 -966.86 
-1024.67 -967.869 
-1023.99 -967.868 
483.371 -968.929 
484.441 -969.248 
266.906 -974.861 
482.868 -972.363 
484.701 -972.499 
486.319 -972.62 
264.901 -976.864 
266.817 -976.775 
268.33 -976.714 
484.759 -974.286 
502.902 -979.853 
266.756 -978.29 
-1341.1 -983.867 
502.335 -980.854 
503.008 -980.853 
-1343.1 -985.864 
-1341.18 -985.778 
-1339.67 -985.719 
502.264 -985.89 
496.07 -990.744 
-1341.23 -987.287 
499.726 -989.726 
502 -988.865 
-1218.09 -992.859 
475.895 -993.854 
495.336 -991.862 
496.607 -991.755 
-1218.66 -993.858 
-1217.99 -993.856 
475.337 -994.856 
476.002 -994.858 
-203.111 -1000.86 
-582.086 -1004.85 
-203.665 -1001.86 
-203.001 -1001.86 
-626.102 -1007.86 
-582.66 -1005.86 
-581.992 -1005.86 
826.903 -1009.86 
-626.667 -1008.87 
-625.997 -1008.87 
826.335 -1010.86 
827.016 -1010.86 
-326.096 -1014.86 
-326.665 -1015.86 
-325.988 -1015.86 
784.913 -1025.86 
784.334 -1026.86 
785.017 -1026.87 
344.901 -1031.86 
342.896 -1033.86 
344.819 -1033.78 
346.327 -1033.72 
-1101.09 -1036.85 
-167.103 -1036.86 
971.904 -1037.86 
344.762 -1035.28 
-1101.66 -1037.85 
-1100.99 -1037.85 
-901.098 -1040.86 
-167.666 -1037.86 
-166.988 -1037.86 
971.339 -1038.86 
972.004 -1038.86 
1176.9 -1043.86 
-938.091 -1044.86 
-901.672 -1041.85 
-900.99 -1041.85 
1176.33 -1044.86 
1177.01 -1044.86 
-938.664 -1045.86 
-937.985 -1045.86 
-712.097 -1049.86 
-321.104 -1050.87 
1148.9 -1050.86 
-712.666 -1050.85 
-711.985 -1050.86 
-321.661 -1051.87 
-320.992 -1051.86 
1146.9 -1052.86 
1148.81 -1052.77 
1150.33 -1052.71 
-795.427 -1058.82 
1148.75 -1054.29 
-793.138 -1059.89 
-797.637 -1060.99 
-795.546 -1062.3 
-793.076 -1062.26 
-795.474 -1064.39 
845.897 -1072.86 
1061.89 -1073.86 
-1459.1 -1075.86 
843.899 -1074.86 
845.816 -1074.78 
847.329 -1074.72 
860.894 -1076.87 
1061.33 -1074.86 
1062 -1074.86 
-1461.1 -1077.86 
-1459.18 -1077.77 
-1457.67 -1077.72 
845.762 -1076.29 
860.331 -1077.86 
861.011 -1077.86 
1033.9 -1082.86 
-1459.24 -1079.29 
1031.91 -1084.87 
1033.82 -1084.78 
1035.33 -1084.72 
1033.76 -1086.29 
-691.094 -1091.86 
617.905 -1093.86 
691.898 -1093.86 
-691.662 -1092.85 
-690.981 -1092.86 
-769.09 -1096.87 
-736.092 -1096.86 
-82.093 -1097.86 
617.332 -1094.87 
618.003 -1094.86 
691.331 -1094.85 
692.005 -1094.85 
-769.664 -1097.86 
-768.986 -1097.86 
-736.658 -1097.86 
-735.988 -1097.86 
-84.0996 -1099.87 
-82.1836 -1099.77 
-80.6691 -1099.71 
-82.2454 -1101.28 
-721.099 -1112.86 
-609.093 -1113.85 
-423.094 -1115.86 
-721.664 -1113.87 
-720.995 -1113.86 
1051.9 -1116.87 
-609.667 -1114.86 
-608.993 -1114.86 
-423.669 -1116.87 
-422.995 -1116.86 
1051.34 -1117.86 
1052.01 -1117.86 
1190.9 -1122.86 
785.906 -1123.86 
-781.102 -1124.85 
221.892 -1125.86 
456.909 -1125.86 
1188.9 -1124.87 
1190.81 -1124.77 
1192.33 -1124.71 
785.339 -1124.85 
786.009 -1124.85 
-781.666 -1125.86 
-780.992 -1125.86 
-394.1 -1128.86 
219.9 -1127.85 
221.812 -1127.77 
223.332 -1127.71 
456.338 -1126.86 
457.013 -1126.86 
361.91 -1130.86 
1190.75 -1126.29 
-394.663 -1129.85 
-393.991 -1129.86 
221.759 -1129.29 
361.34 -1131.86 
362.009 -1131.86 
291.89 -1136.86 
291.33 -1137.86 
292.001 -1137.86 
678.901 -1148.86 
535.9 -1149.85 
678.332 -1149.86 
679.01 -1149.86 
535.34 -1150.85 
536.006 -1150.85 
-1463.1 -1160.86 
290.898 -1163.86 
-1463.66 -1161.86 
-1463 -1161.86 
179.91 -1166.86 
290.337 -1164.87 
291.007 -1164.87 
847.904 -1168.87 
1358.91 -1168.86 
179.337 -1167.86 
180.019 -1167.86 
847.336 -1169.87 
848.006 -1169.87 
1358.33 -1169.86 
1359.01 -1169.86 
268.901 -1175.86 
268.338 -1176.86 
269.011 -1176.86 
532.895 -1179.87 
311.906 -1181.86 
532.336 -1180.87 
533.004 -1180.87 
311.336 -1182.86 
312.003 -1182.85 
88.898 -1191.86 
-239.099 -1194.85 
88.3319 -1192.86 
89.0085 -1192.86 
-239.665 -1195.86 
-239 -1195.85 
218.894 -1213.86 
218.335 -1214.86 
219.009 -1214.86 
-802.101 -1223.86 
43.8951 -1223.87 
-802.666 -1224.87 
-801.996 -1224.87 
43.3294 -1224.86 
44.0036 -1224.86 
710.648 -1229.28 
712.776 -1229.99 
708.282 -1230.73 
709.497 -1230.47 
711.398 -1231.36 
712.403 -1231.36 
713.399 -1231.36 
714.232 -1231.53 
