212.505 1206.5 
-1014.5 1191.49 
1093.5 1170.5 
-973.502 1169.5 
-360.494 1152.5 
959.502 1135.5 
202.498 1129.5 
1193.51 1128.5 
1116.5 1120.5 
531.497 1117.49 
992.498 1091.5 
-175.495 1087.5 
-960.495 1082.5 
283.493 1079.5 
-1113.5 1072.5 
614.494 1069.5 
-378.496 1062.5 
-271.496 1058.49 
-250.501 1053.5 
-405.503 1049.5 
829.495 1048.5 
317.49 1046.5 
398.508 1045.51 
-498.5 1038.5 
1251.5 1037.5 
-1475.5 1029.5 
-524.502 1024.5 
-783.498 1000.5 
488.499 998.496 
-1065.5 987.5 
724.505 986.498 
501.495 975.507 
-123.964 969.114 
1303.5 961.5 
705.501 955.501 
1444.51 927.504 
435.501 917.501 
977.495 906.509 
-650.495 893.497 
74.4971 893.501 
215.5 885.498 
-171.502 879.502 
1279.5 879.501 
-1597.5 878.5 
-1574.5 868.511 
-623.494 861.501 
-326.494 846.5 
1602.5 842.503 
-728.5 835.016 
612.493 834.502 
34.5051 832.502 
1153.5 825.501 
-453.319 812.32 
-453.9 811.137 
435.499 797.501 
-1043.5 783.496 
-878.499 781.506 
1095.5 781.502 
896.501 774.499 
-758.502 761.5 
1215.5 760.498 
857.497 758.499 
1016.5 755.5 
-554.498 746.502 
53.5012 746.501 
1583.5 737.499 
-709.498 733.505 
308.492 728.502 
-26.4989 713.505 
-458.508 708.493 
1550.5 693.501 
-152.497 688.502 
66.5039 688.493 
1359.5 681.496 
-215.5 673.502 
1368.65 672.798 
-270.5 667.503 
884.5 667.494 
-614.503 662.5 
1055.5 657.499 
-510.495 654.503 
-1115.5 651.499 
1529.5 650.504 
-959.501 638.501 
-910.5 627.499 
-260.497 621.496 
-611.502 609.501 
563.503 609.501 
-1309.51 606.496 
-686.505 601.492 
946.497 598.51 
161.495 583.499 
1051.5 581.499 
-1265.5 574.499 
-1005.5 574.504 
821.5 573.504 
-966.495 572.494 
-1240.5 570.496 
257.498 565.502 
-280.498 563.5 
-787.498 561.5 
677.506 561.503 
-1267.34 565.542 
715.497 560.496 
-1243.69 564.643 
-1077.5 559.494 
-624.496 556.5 
234.5 548.495 
442.498 547.496 
-844.5 545.496 
170.501 541.499 
287.494 541.005 
979.499 540.499 
-1172.5 534.507 
-81.494 534.495 
390.502 532.495 
515.495 527.504 
-1324.5 526.495 
-751.492 506.5 
1196.51 506.5 
-373.497 495.504 
848.502 490.494 
-667.499 487.496 
1153.96 485.122 
1600.49 486.506 
-1491.5 484.505 
932.498 483.502 
1181.5 479.496 
-1417.5 478.506 
-154.5 476.503 
688.502 471.505 
755.502 471.506 
1252.5 462.502 
-979.499 461.499 
988.5 461.498 
568.498 459.498 
14.5006 431.502 
930.502 419.501 
233.498 418.503 
1243.5 413.493 
-1176.5 405.496 
215.501 401.503 
-1569.5 396.491 
394.504 390.495 
265.498 361.496 
1077.5 356.492 
-1389.5 351.499 
157.5 350.503 
-1507.5 344.498 
421.498 343.503 
80.4994 342.499 
-385.502 337.496 
-1527.5 335.501 
139.501 331.496 
-1071.51 331.5 
-437.506 329.503 
-585.498 326.496 
971.5 320.891 
-1608.5 320.505 
-830.502 313.495 
-469.503 313.494 
162.497 312.498 
971.5 320.499 
410.506 310.5 
-965.499 305.498 
-38.496 306.504 
-981.497 298.498 
-1158.55 294.641 
-925.496 296.497 
675.51 296.501 
570.495 290.505 
-1161.32 291.399 
-779.5 285.507 
-65.507 276.502 
-1548.49 272.506 
-712.503 267.504 
4.14514 265.759 
-2.53223 263.893 
852.503 263.497 
402.505 260.498 
-742.501 255.508 
1348.5 255.501 
495.756 254.5 
-768.494 252.498 
-783.499 243.495 
-1000.5 241.498 
-329.497 229.499 
-993.943 230.122 
-651.501 219.501 
-617.501 215.502 
-397.505 203.494 
-1083.5 200.505 
-34.5045 200.498 
-324.376 194.717 
873.49 195.505 
-305.102 192.117 
27.4987 190.505 
-905.496 188.505 
-1141.5 187.508 
-324.362 194.637 
-710.496 184.504 
-115.497 184.505 
-305.813 188.123 
-929.501 176.498 
790.499 172.501 
-322.499 171.499 
-886.496 167.499 
104.507 166.499 
614.497 156.498 
949.503 156.5 
-1107.5 154.504 
-173.499 153.493 
63.4961 150.503 
166.501 143.502 
-1400.51 138.497 
1489.5 137.499 
-107.5 136.495 
-1471.5 128.497 
17.4979 123.493 
301.504 121.489 
-542.5 120.502 
-1365.5 119.5 
-1226.5 114.503 
-787.498 108.501 
215.498 107.503 
91.0665 101.304 
-940.498 98.5007 
45.5015 99.5104 
-1470.5 97.4971 
-503.501 94.5046 
91.8768 100.127 
547.498 91.5082 
-1307.5 90.4962 
-57.496 88.5013 
-833.504 84.5024 
-415.5 83.4944 
1350.5 77.4919 
-1150.5 76.5018 
-218.498 75.4913 
-603.501 72.4989 
-1319.56 68.2861 
942.502 70.4974 
21.4996 69.5028 
-686.509 68.5004 
-1299.96 61.4935 
-15.4977 61.5013 
996.497 61.4994 
-1320.03 66.896 
61.5024 60.5 
-289.508 59.4978 
1122.49 57.5 
-210.501 51.5034 
-30.4952 43.5034 
702.506 40.5007 
-780.504 35.499 
-46.494 31.511 
338.5 28.4988 
-862.499 24.501 
-1008.5 22.4905 
506.503 22.5004 
-364.501 14.5056 
1302.5 12.4996 
-1427.5 9.50488 
387.679 7.68359 
375.034 6.49268 
-53.4951 5.49805 
-795.501 2.4978 
-113.498 0.502441 
0.500732 -0.502197 
-55.4012 0.271729 
106.491 -6.4989 
894.501 -7.50366 
-961.504 -8.49817 
531.498 -10.5016 
1581.5 -10.5054 
-418.501 -20.5004 
707.499 -20.504 
-1218.5 -21.499 
204.5 -23.506 
-1476.49 -26.5006 
365.5 -29.4957 
-198.495 -28.5021 
-973.503 -31.5033 
537.503 -30.4922 
331.496 -36.5026 
1198.5 -39.5059 
-409.506 -42.5009 
-480.497 -44.499 
413.502 -43.4948 
-385.495 -46.5004 
272.507 -60.4969 
1115.49 -60.5114 
-422.493 -61.5035 
-197.497 -61.4985 
-1197.5 -68.4973 
-1602.5 -76.5034 
-88.0066 -78.5454 
-323.499 -78.504 
-1413.5 -80.5033 
1028.5 -82.499 
250.498 -85.4946 
-230.5 -88.5057 
-499.498 -94.495 
1011.5 -104.5 
176.5 -106.498 
-449.502 -112.499 
-990.5 -118.502 
1546.5 -124.495 
437.5 -135.502 
1265.5 -138.496 
-907.5 -143.493 
-1490.5 -145.499 
448.078 -146.492 
791.504 -149.5 
230.501 -151.508 
-345.499 -152.494 
-565.5 -154.499 
-857.5 -155.501 
1341.51 -157.498 
-752.5 -163.499 
5.49866 -165.503 
-386.509 -167.498 
1186.5 -167.501 
-1095.5 -168.51 
287.495 -170.502 
-1529.49 -173.505 
392.509 -180.494 
-1114.5 -188.499 
1279.51 -190.495 
903.495 -196.499 
-1561.5 -199.499 
37.5063 -198.5 
-590.505 -199.494 
284.491 -199.492 
1482.5 -199.511 
-151.502 -202.503 
802.5 -204.5 
-1348.5 -207.498 
-450.5 -209.499 
233.496 -213.501 
-1013.5 -214.508 
941.505 -214.505 
-544.503 -221.497 
1446.5 -226.501 
77.5007 -229.506 
-1418.5 -233.505 
-990.503 -241.498 
454.496 -242.495 
-1539.59 -257.031 
-1524.96 -258.413 
-1482.5 -259.501 
-1600.5 -261.499 
-1539.83 -259.128 
-1387.5 -271.501 
221.501 -274.504 
896.498 -276.501 
-529.499 -284.502 
575.492 -285.503 
680.497 -289.499 
-1348.5 -303.503 
1441.83 -306.501 
1452.64 -306.496 
-176.501 -310.503 
-1535.5 -310.5 
-846.506 -311.499 
-721.501 -323.504 
929.5 -324.504 
-81.5022 -327.501 
-1263.5 -336.501 
-689.502 -337.49 
-1019.49 -338.499 
774.497 -340.505 
-1052.5 -343.495 
-40.5049 -343.49 
466.495 -348.503 
-858.5 -357.496 
1368.5 -357.504 
-699.501 -361.504 
-1304.5 -362.498 
-234.498 -365.504 
879.497 -366.503 
-141.504 -377.484 
1421.49 -380.492 
1304.5 -397.5 
1387.4 -399.779 
661.49 -403.497 
1387.98 -400.976 
184.497 -413.495 
531.506 -413.496 
1343.49 -432.501 
-1229.49 -435.498 
1067.5 -438.497 
-1364.5 -439.501 
299.502 -445.5 
1062.6 -446.091 
624.497 -455.501 
-1319.5 -461.494 
1092.49 -468.5 
1046.5 -470.497 
604.504 -480.497 
-617.497 -483.491 
701.497 -483.499 
-1361.5 -488.499 
-1441.5 -493.499 
-1337.5 -493.499 
165.955 -496.265 
1165.5 -495.505 
-966.5 -500.499 
320.499 -502.501 
1586.5 -502.502 
-1393.5 -506.495 
-469.495 -517.501 
-967.495 -522.501 
642.493 -526.503 
-828.501 -527.495 
530.501 -529.506 
1611.5 -532.503 
-1560.51 -534.511 
-1389.5 -534.498 
1409.5 -536.505 
-977.798 -537.472 
936.5 -542.498 
1161.5 -545.503 
438.067 -547.763 
-706.505 -548.49 
442.04 -549.456 
-1001.5 -556.503 
-1596.5 -557.503 
-559.498 -559.499 
-269.507 -565.498 
789.508 -568.5 
411.498 -573.502 
-91.5083 -577.501 
-1055.5 -592.496 
-974.496 -592.508 
174.5 -595.495 
-612.495 -610.5 
-1353.5 -619.504 
1398.51 -622.5 
-344.502 -627.494 
-1172.51 -638.495 
-75.3823 -648.374 
-86.1757 -652.344 
986.505 -656.5 
-90.3469 -659.903 
1233.5 -681.492 
466.499 -687.5 
1141.5 -696.491 
1336.5 -695.498 
1562.5 -699.501 
811.496 -722.499 
-651.502 -729.507 
1161.5 -736.504 
-1494.51 -738.509 
236.503 -740.501 
-1299.5 -743.499 
-1321.5 -746.499 
-6.49194 -752.506 
-829.498 -765.502 
609.5 -765.492 
769.505 -769.507 
423.502 -772.503 
-1537.5 -775.508 
1105.5 -775.494 
40.5 -778.502 
1596.5 -797.505 
-294.5 -804.507 
-855.497 -814.506 
198.503 -815.499 
-416.507 -818.508 
-1579.5 -822.498 
950.502 -822.506 
629.5 -828.5 
786.504 -828.503 
-1578.73 -834.339 
1616.5 -850.497 
1109.51 -856.509 
-793.505 -858.495 
754.501 -873.499 
-47.4993 -886.504 
-360.5 -888.503 
-430.507 -901.505 
-900.502 -904.5 
-164.501 -904.497 
157.503 -917.5 
979.507 -917.497 
1037.49 -920.498 
407.504 -931.506 
1499.5 -947.502 
469.504 -961.507 
650.501 -976.5 
212.499 -978.502 
-1480.5 -981.498 
-1222.5 -996.496 
-702.501 -1000.5 
-1462.49 -1005.5 
520.503 -1011.5 
-126.635 -1019.2 
483.505 -1023.5 
0.493652 -1024.5 
-130.701 -1023.24 
1284.5 -1037.5 
1375.5 -1044.5 
-847.5 -1057.5 
877.503 -1063.5 
416.494 -1079.5 
370.506 -1091.5 
988.505 -1100.51 
267.496 -1100.5 
-1154.5 -1102.5 
1365.5 -1130.51 
-214.495 -1170.5 
-516.497 -1173.49 
858.502 -1186.5 
1438.5 -1206.49 
1302.5 -1210.5 
