-1238.5 1210.5 
183.497 1206.5 
-538.494 1198.5 
1448.5 1196.5 
-1201.5 1192.5 
262.496 1190.5 
863.492 1174.5 
258.506 1171.5 
-736.498 1163.5 
-358.507 1163.5 
-735.199 1161.89 
-280.495 1149.49 
852.5 1148.49 
-446.495 1131.5 
1213.5 1130.5 
-1619.5 1126.5 
-1316.5 1124.5 
324.504 1121.5 
-52.4962 1113.5 
-210.501 1110.5 
1336.21 1101.86 
-49.1528 1106 
1335.01 1099.6 
-139.496 1088.5 
-1577.5 1085.49 
580.498 1073.5 
1137.5 1068.51 
16.5023 1060.5 
-541.5 1050.5 
-197.502 1044.5 
-1026.51 1038.49 
-1270.78 1027.89 
80.4962 1028.5 
145.499 1020.5 
-1270.58 1027.55 
1205.5 1014.5 
-413.503 1012.5 
-607.5 1010.51 
-393.489 1008.49 
-1133.5 991.493 
-651.496 982.499 
-625.494 975.5 
281.496 961.497 
557.497 959.498 
132.501 944.505 
382.505 941.511 
-1499.5 938.505 
-63.5037 936.496 
-709.5 933.503 
-1572.5 930.5 
-773.5 925.499 
-212.51 905.497 
-90.5038 899.501 
150.495 884.503 
-929.499 883.501 
-1193.5 881.497 
687.49 878.494 
-251.493 870.5 
-843.495 867.501 
655.496 859.489 
-312.5 857.503 
-203.5 853.495 
-814.496 850.501 
-867.496 844.497 
-1336.5 829.496 
-103.498 828.499 
86.5028 825.503 
-718.501 822.499 
-644.496 814.499 
147.505 809.497 
1619.51 811.498 
-1457.5 799.502 
780.495 797.502 
-552.491 790.499 
1239.5 786.497 
22.4956 777.496 
-992.506 775.502 
1463.5 771.504 
-1161.5 770.496 
118.506 765.509 
43.5 765.505 
-363.496 763.504 
1270.5 761.494 
-311.501 753.49 
-1262.5 748.498 
1398.5 746.5 
-479.497 737.491 
1128.49 736.497 
-619.499 735.489 
-495.494 733.502 
663.496 732.499 
-306.501 731.497 
-1044.51 709.499 
668.498 703.503 
-620.268 697.009 
-631.159 694.604 
-99.4945 691.502 
253.499 689.495 
-631.5 675.499 
-1216.49 674.496 
-609.499 674.503 
-1031.5 658.496 
-1081.5 657.5 
679.498 653.502 
1487.5 649.501 
1159.49 643.487 
-303.501 637.502 
-832.49 613.492 
-1297.5 608.498 
732.501 577.491 
-235.505 563.499 
-205.497 563.506 
-1149.5 562.504 
-1600.5 554.499 
-679.499 542.504 
536.491 540.499 
1620.5 542.497 
-1471.5 536.496 
-934.033 489.013 
-933.61 486.934 
-458.499 467.503 
105.496 464.499 
1470.49 460.5 
-505.504 457.501 
-301.496 456.506 
995.504 449.503 
1338.5 430.499 
-517.498 416.503 
-346.508 414.493 
342.5 413.501 
1411.51 413.504 
-993.503 411.498 
-274.498 409.503 
87.5021 407.497 
-589.503 383.504 
1569.5 379.503 
1317.51 363.503 
-387.495 359.501 
-487.504 358.503 
739.5 357.507 
-716.499 352.498 
-613.497 351.501 
-1102.5 350.498 
887.505 346.495 
1281.5 328.503 
678.498 322.494 
321.499 320.496 
-1310.61 309.07 
135.499 302.499 
-907.501 301.5 
-1310.49 308.468 
381.503 282.503 
-384.498 281.499 
670.491 278.508 
706.498 277.5 
-89.4993 267.503 
-1033.5 255.491 
12.499 234.496 
-1088.5 227.499 
205.497 220.497 
-1373.5 218.502 
-986.501 206.499 
-280.501 197.501 
231.5 190.504 
462.445 186.467 
-926.504 186.497 
459.588 182.816 
-99.4993 173.502 
90.5039 165.495 
-551.502 162.913 
-558.908 161.825 
338.503 160.496 
-596.496 141.504 
342.494 134.501 
1321.5 134.502 
-218.505 128.501 
-463.502 125.506 
-168.505 102.499 
1596.51 94.5018 
958.495 91.496 
-576.509 89.4929 
21.5048 85.507 
-1620.5 87.4996 
-1448.51 83.489 
-1026.49 72.5007 
5.94202 63.9678 
-1075.5 61.5029 
9.047 63.0322 
-796.496 56.5006 
292.502 56.4983 
48.5033 55.5026 
-83.5043 48.4968 
357.503 30.5073 
-440.499 28.4965 
117.502 19.4985 
410.506 11.4993 
-177.49 2.4939 
0.494629 -0.504639 
-447.501 -2.50281 
41.5004 -12.4963 
175.501 -13.5001 
-166.871 -14.0387 
-432.496 -19.5037 
1480.5 -32.4932 
-318.498 -33.4984 
37.4971 -33.5051 
-433.307 -32.929 
995.508 -40.5007 
-47.5084 -49.5037 
593.502 -50.5061 
1272.5 -53.4927 
1103.49 -72.5013 
664.497 -79.4929 
1126.5 -90.4962 
160.5 -96.5057 
102.502 -99.4993 
-1115.51 -106.5 
266.503 -108.494 
-366.495 -112.499 
-266.496 -122.495 
1544.49 -127.495 
491.493 -131.502 
315.491 -137.49 
-253.831 -138.072 
1298.49 -156.496 
315.496 -159.5 
-294.499 -165.508 
-1292.51 -172.503 
-418.503 -181.503 
-528.495 -186.505 
-1259.5 -195.505 
1578.5 -209.499 
1292.5 -220.502 
541.505 -222.494 
563.501 -229.504 
19.5035 -237.504 
-903.99 -242.427 
148.502 -242.497 
-670.501 -244.496 
752.494 -247.498 
-904.205 -245.099 
320.503 -250.501 
1048.5 -256.499 
-388.496 -257.501 
578.498 -260.502 
135.503 -269.501 
10.5061 -274.495 
374.502 -291.5 
-240.893 -307.781 
-236.261 -308.128 
-282.344 -321.048 
511.501 -321.499 
1481.5 -329.5 
812.508 -335.501 
367.494 -348.5 
-1141.5 -359.496 
1059.5 -360.5 
1024.82 -375.181 
952.499 -376.499 
-870.502 -378.499 
65.4977 -406.503 
-1611.5 -430.497 
228.495 -430.495 
-360.495 -443.497 
-966.506 -456.499 
-1315.5 -470.497 
-924.492 -475.503 
1610.5 -476.503 
687.499 -488.498 
-221.504 -497.496 
1244.5 -499.5 
1470.5 -500.505 
-264.499 -505.501 
495.504 -507.496 
1552.5 -522.5 
806.501 -523.498 
-83.5011 -539.509 
-663.504 -546.496 
-32.4974 -557.503 
-136.497 -592.49 
-361.497 -596.506 
741.494 -597.5 
749.503 -615.501 
-946.502 -620.493 
-580.5 -622.495 
-618.499 -629.494 
-222.501 -632.498 
-122.502 -631.504 
229.497 -645.494 
530.499 -685.496 
-1591.49 -699.502 
1576.05 -716.389 
1583.82 -719.948 
-1020.5 -745.494 
41.4974 -753.498 
1523.5 -753.499 
98.4982 -758.502 
-75.5 -761.496 
331.496 -772.507 
-1121.5 -778.492 
155.501 -802.498 
-677.501 -802.497 
-591.499 -807.5 
550.498 -808.501 
-79.5012 -810.502 
-1510.5 -815.497 
-717.499 -841.501 
140.498 -846.501 
1247.51 -860.499 
-670.505 -863.494 
115.511 -863.505 
-27.5026 -884.499 
759.503 -885.503 
1269.49 -886.493 
1380.49 -903.504 
-404.498 -907.497 
466.499 -908.501 
-300.499 -955.494 
550.499 -988.503 
1420.5 -988.498 
1047.49 -998.506 
-1432.5 -1004.49 
-1098.5 -1006.5 
-273.5 -1008.51 
1021.5 -1009.5 
-89.5043 -1010.5 
343.504 -1011.49 
-1476.5 -1015.5 
925.499 -1016.5 
976.504 -1018.5 
605.5 -1024.5 
-1308.5 -1042.5 
-202.499 -1046.5 
367.495 -1046.5 
798.503 -1073.5 
-336.501 -1074.51 
423.493 -1078.49 
1455.5 -1084.5 
-1132.5 -1087.51 
-747.497 -1103.49 
-1498.51 -1113.49 
771.5 -1115.51 
321.501 -1120.5 
-676.504 -1139.5 
-1325.5 -1142.5 
129.499 -1162.5 
461.492 -1169.5 
-111.495 -1176.51 
261.503 -1188.5 
-1340.5 -1202.5 
49.4979 -1202.5 
-631.491 -1208.5 
