-352.503 1198.5 
-222.501 1194.51 
-744.495 1187.5 
1095.5 1176.5 
239.506 1173.49 
1028.5 1168.5 
-696.496 1145.51 
-1073.49 1141.5 
-964.494 1140.5 
-288.51 1140.49 
-756.498 1137.5 
-1572.5 1125.5 
-1431.5 1123.49 
-405.502 1111.5 
-227.499 1111.5 
689.499 1108.5 
-988.5 1104.51 
-211.499 1101.51 
650.499 1099.5 
-771.504 1086.51 
-742.505 1084.49 
-1396.5 1081.5 
155.502 1079.5 
744.498 1062.5 
-215.499 1055.5 
1576.5 1042.5 
-1507.49 1032.5 
-404.496 1033.5 
-192.504 1033.49 
1427.5 1027.5 
-1310.5 1007.5 
-1353.5 1002.5 
-125.501 992.496 
-1317.5 986.496 
-533.498 982.511 
480.5 966.501 
-418.495 957.5 
-391.5 956.502 
546.503 950.504 
-34.4963 941.496 
-1513.5 921.503 
-1040.5 917.49 
442.499 912.492 
-1272.51 891.504 
-789.503 887.499 
-918.502 886.503 
-764.495 884.502 
-206.503 881.493 
540.498 876.507 
1458.5 866.502 
-1490.5 860.499 
-83.4927 849.501 
-749.497 847.492 
975.508 828.493 
-446.494 827.505 
-1383.5 819.496 
-589.495 806.5 
834.505 806.494 
-1575.5 800.505 
-227.499 796.507 
-1244.5 772.494 
-599.496 762.501 
92.4991 761.501 
-138.504 760.507 
-839.494 755.506 
-183.496 753.498 
1115.51 744.5 
-1252.51 743.495 
-1198.5 735.499 
-732.5 732.499 
-116.502 726.5 
272.5 724.501 
-349.506 719.51 
1401.5 710.496 
-1526.5 690.496 
1394.51 684.495 
363.504 677.506 
261.507 674.5 
-948.507 670.499 
-724.502 660.492 
856.497 658.5 
-1268.5 643.502 
-1510.5 640.497 
-260.5 637.507 
290.493 632.498 
483.495 631.501 
701.506 623.496 
-1486.5 621.496 
770.504 607.501 
689.494 606.506 
-299.508 600.508 
769.516 589.795 
463.502 587.504 
-1326.5 585.502 
-159.506 582.502 
312.624 567.26 
271.495 567.502 
1116.5 562.501 
-816.503 562.5 
-1469.5 558.497 
312.972 566.075 
843.498 557.489 
138.499 555.5 
-235.5 554.501 
-708.5 541.501 
-1359.5 535.501 
-1065.5 522.504 
-860.505 509.506 
-1483.51 506.497 
-379.504 505.5 
473.498 482.496 
-698.501 478.497 
255.503 474.505 
-263.503 473.506 
17.5042 472.497 
182.495 472.505 
477.506 476.991 
-1326.5 468.506 
-539.498 455.497 
325.502 452.488 
1114.5 451.497 
547.502 447.502 
394.499 445.509 
-373.498 439.502 
-752.503 437.495 
679.504 433.5 
105.496 429.505 
614.51 429.501 
-537.893 422.932 
-1549.5 422.499 
-537.725 422.168 
-151.974 409.173 
825.497 403.5 
933.492 403.504 
-151.266 408.443 
-1578.5 398.501 
-1502.5 398.501 
1271.5 398.498 
-544.574 395.431 
344.496 395.5 
1239.51 374.494 
-572.502 370.492 
-1314.5 368.496 
-639.497 363.494 
678.504 362.499 
-541.501 361.503 
-1109.5 355.5 
-1071.5 354.505 
28.4962 345.508 
1391.5 336.506 
147.499 332.493 
166.501 332.488 
-854.499 327.495 
485.503 321.498 
-1069.49 314.491 
705.501 309.5 
-27.4951 299.503 
-631.501 288.495 
464.5 283.508 
-63.5032 268.501 
347.5 268.499 
-39.5028 266.494 
-389.506 259.502 
-1061.59 255.263 
-1172.5 254.5 
1276.5 252.502 
-1061.55 255.198 
-867.503 246.506 
650.5 244.489 
713.498 239.496 
-1362.5 232.503 
314.495 231.504 
-1402.5 228.505 
361.5 223.497 
1287.5 223.496 
-834.502 219.5 
-111.501 217.505 
-590.583 215.105 
-1316.5 216.501 
461.5 216.5 
258.508 209.495 
-590.559 215.042 
-476.496 204.499 
-166.494 200.499 
691.502 192.506 
593.501 188.501 
615.494 180.503 
1310.51 175.501 
-1285.5 148.496 
-1211.5 146.499 
842.503 141.498 
-299.503 140.502 
-224.505 139.499 
-197.502 128.502 
-43.4979 121.5 
-110.5 118.501 
220.497 116.5 
-242.503 115.494 
270.496 115.503 
42.4922 113.496 
-770.495 108.502 
1387.5 108.497 
-521.498 102.503 
278.5 95.4944 
-827.498 92.5033 
483.499 88.5016 
-1072.49 87.5052 
114.498 75.5033 
99.5046 69.5076 
-14.4958 54.5045 
-637.504 38.5005 
1174.5 39.5034 
-346.5 37.5033 
-12.244 18.4396 
-19.7505 16.2141 
-490.506 10.5018 
291.496 7.50586 
0.5 -0.49292 
-1503.5 -3.49951 
-20.5026 -2.5022 
-733.503 -3.50073 
-573.494 -21.5027 
-387.499 -27.5007 
395.506 -48.5063 
366.491 -52.4977 
-997.497 -67.506 
-373.502 -71.5055 
-1590.51 -78.5046 
-416.495 -78.4958 
-1556.5 -82.5039 
-531.5 -81.5049 
-196.505 -86.5011 
-1286.5 -92.5028 
724.501 -100.494 
986.499 -118.505 
1447.5 -119.498 
-1114.5 -120.497 
-51.5103 -131.502 
-954.498 -137.497 
-596.504 -149.505 
715.497 -160.501 
314.496 -163.498 
1384.5 -165.506 
-469.496 -172.504 
-1113.5 -173.504 
161.499 -174.5 
-1039.5 -178.498 
-1346.5 -180.495 
-1587.5 -181.508 
117.499 -190.5 
-1119.5 -198.498 
347.501 -206.505 
1427.5 -209.491 
276.503 -211.496 
-277.508 -214.486 
1385.5 -213.502 
981.497 -217.509 
-277.167 -215.616 
111.502 -230.5 
-842.501 -233.498 
-738.491 -233.502 
-1351.5 -239.499 
1055.5 -248.504 
-1418.51 -252.502 
-1310.5 -256.503 
783.5 -261.506 
-1191.5 -269.501 
242.501 -269.502 
45.4926 -271.5 
-1257.5 -281.508 
-1391.22 -282.698 
144.499 -283.503 
-1380.67 -288.091 
-325.501 -292.499 
25.5046 -304.502 
-935.499 -310.501 
-70.5033 -316.505 
-1598.5 -322.498 
-1334.5 -322.499 
-1400.5 -324.496 
552.502 -325.498 
-1042.49 -336.502 
872.501 -337.501 
1166.33 -339.703 
664.502 -346.503 
254.499 -346.495 
1163.61 -344.219 
-1409.49 -354.501 
-417.503 -362.503 
906.501 -365.504 
-940.503 -377.503 
1031.5 -384.499 
-241.505 -387.494 
-1256.5 -404.502 
-1221.5 -406.507 
-1066.5 -407.502 
758.495 -408.504 
1040.51 -411.503 
367.5 -418.505 
-596.001 -423.917 
556.514 -423.504 
-595.992 -424.019 
-1347.5 -442.498 
-351.504 -444.502 
-1014.5 -454.505 
-398.506 -476.505 
102.498 -484.096 
439.498 -482.507 
-306.501 -487.499 
95.7482 -486.368 
-250.501 -499.506 
697.506 -500.504 
1000.51 -500.499 
494.497 -504.498 
62.4982 -510.502 
194.497 -512.495 
-645.501 -514.503 
1078.5 -522.502 
-1409.5 -524.505 
681.188 -525.015 
688.65 -526.671 
731.497 -529.501 
1142.49 -537.501 
591.5 -551.506 
-1281.82 -553.368 
-1484.5 -557.5 
86.495 -560.507 
813.501 -561.501 
-1291.36 -562.315 
-955.499 -567.503 
1371.51 -585.501 
881.5 -590.503 
688.495 -594.494 
735.498 -603.5 
-1322.49 -605.497 
-1474.51 -605.489 
227.496 -609.502 
500.502 -610.502 
1464.5 -610.497 
-120.501 -615.501 
-333.505 -622.498 
513.126 -626.017 
734.505 -626.5 
-1073.51 -629.501 
-1239.5 -637.496 
-377.499 -636.503 
224.5 -642.505 
-705.508 -649.509 
645.499 -652.501 
241.5 -658.502 
-850.493 -661.502 
358.499 -662.493 
242.474 -674.978 
881.505 -682.494 
1003.51 -686.505 
1268.5 -689.502 
816.501 -692.495 
1065.5 -713.503 
-1054.5 -718.502 
1068.5 -738.501 
-1539.5 -751.496 
319.501 -750.502 
423.502 -752.501 
440.499 -767.497 
-875.492 -776.5 
-1447.49 -777.5 
1349.5 -789.503 
1378.49 -795.492 
1616.5 -798.496 
401.501 -801.508 
-404.502 -807.497 
-1021.5 -824.499 
274.495 -829.495 
1403.49 -831.501 
1093.5 -842.498 
163.498 -844.499 
894.497 -847.501 
748.496 -853.494 
885.504 -880.499 
1166.5 -885.497 
-559.507 -888.498 
745.502 -895.505 
-1519.5 -903.505 
-529.497 -909.499 
315.496 -908.504 
1337.5 -909.5 
28.5081 -916.499 
-197.497 -930.971 
-1064.5 -936.496 
-197.501 -934.797 
1170.5 -952.496 
476.22 -953.496 
483.708 -953.497 
435.646 -971.048 
-1404.5 -1010.5 
831.506 -1043.51 
1024.5 -1060.5 
-413.501 -1071.5 
-1326.5 -1073.5 
-155.506 -1074.49 
-1477.5 -1088.5 
1600.5 -1098.5 
368.5 -1114.5 
1362.49 -1134.5 
-241.492 -1164.51 
526.496 -1167.5 
-832.501 -1171.5 
-1009.5 -1174.5 
-1383.5 -1179.5 
480.498 -1179.51 
-199.493 -1182.49 
-567.501 -1197.5 
686.494 -1209.5 
