-1344.51 1207.5 
-847.502 1201.5 
-1328.51 1200.5 
352.51 1192.5 
-740.499 1186.49 
245.506 1185.5 
-535.502 1183.5 
-1374.5 1181.5 
-639.501 1167.51 
-256.501 1167.5 
278.502 1160.51 
-449.507 1137.5 
-798.498 1120.5 
-510.497 1119.5 
-782.501 1108.5 
-1272.49 1106.5 
-178.499 1106.5 
-687.504 1090.11 
-686.914 1088.89 
1312.5 1075.5 
513.505 1068.5 
-804.499 1066.5 
-521.502 1066.49 
-1597.5 1060.5 
782.5 1056.49 
277.495 1054.5 
610.498 1043.5 
792.694 1045.98 
-1095.94 1036.37 
-850.504 1037.5 
-263.5 1037.51 
-1095.71 1035.81 
-551.504 1013.5 
-91.4972 1009.5 
-894.499 1007.49 
1335.5 1005.51 
-1392.5 1003.5 
-552.863 994.712 
-564.169 988.732 
745.499 985.501 
306.504 974.505 
-62.499 958.496 
-96.4983 947.508 
-497.499 945.507 
1030.5 935.506 
-1031.5 934.506 
-1141.5 933.499 
-664.497 929.504 
1542.5 902.498 
484.498 900.501 
-507.497 896.499 
577.51 888.498 
-1414.5 869.5 
-1436.51 867.503 
912.5 866.501 
819.51 865.5 
-1016.67 859.5 
723.499 860.497 
90.4968 845.494 
136.501 843.498 
-226.505 832.495 
-329.497 824.499 
-614.504 818.504 
536.498 818.504 
-154.5 815.497 
-1605.5 794.503 
66.4968 794.503 
-943.502 788.504 
1433.5 765.502 
1137.5 765.505 
-881.503 761.498 
-1293.5 757.5 
-1465.5 754.508 
-657.495 754.507 
-1065.5 753.494 
291.501 733.501 
-198.502 732.502 
-378.501 725.501 
219.506 717.498 
1135.5 713.502 
-581.499 700.505 
-63.4996 679.503 
-812.492 651.489 
-140.5 650.503 
-722.492 641.498 
-455.498 638.497 
719.715 634.43 
-1177.5 631.502 
-129.496 630.502 
721.104 634.184 
948.506 623.5 
177.499 604.497 
-756.504 592.501 
-1246.5 585.497 
-413.497 579.503 
-259.496 579.502 
1588.5 575.505 
-164.503 568.502 
-777.5 565.501 
736.5 556.497 
-1202.51 554.503 
-1294.5 548.499 
-638.501 542.502 
-122.499 525.499 
-1445.5 524.497 
-900.498 523.499 
129.502 519.493 
-1294.5 516.5 
-298.495 516.493 
-528.495 514.498 
249.491 512.499 
-1490.5 499.497 
-1312.5 498.497 
1563.5 496.501 
-1403.5 490.502 
262.496 489.505 
-621.498 485.5 
-440.496 484.495 
-401.493 479.503 
-1400.53 481.77 
-490.507 476.503 
-347.495 461.504 
1583.5 453.503 
-581.498 451.493 
139.498 450.501 
-1381.5 449.495 
-632.499 445.497 
182.504 439.495 
-884.502 432.491 
-400.498 428.503 
61.502 420.509 
-305.495 418.5 
410.498 418.499 
-930.506 416.497 
326.504 414.502 
-822.504 409.498 
-732.503 407.505 
730.5 394.506 
456.501 394.495 
-1535.5 389.497 
161.496 383.496 
-606.492 374.501 
-1130.5 371.496 
-688.498 362.491 
1158.51 360.502 
-654.503 353.498 
-1524.5 332.501 
1059.5 330.5 
-344.504 325.499 
1136.5 326.504 
-184.507 323.499 
337.498 321.499 
-392.501 314.498 
-24.4958 301.498 
686.499 302.5 
-998.501 299.502 
-379.892 298.991 
376.512 298.503 
-1288.51 295.501 
-1251.61 286.386 
-574.508 285.496 
383.429 285.57 
-1252.4 285.181 
941.499 276.494 
385.493 282.004 
-159.504 270.503 
-12.5 264.504 
-633.492 262.502 
863.505 258.504 
898.497 256.5 
-1006.5 242.503 
-1182.5 233.504 
-1336.5 216.5 
943.502 213.492 
-682.496 192.501 
349.492 181.497 
1384.5 177.501 
43.4982 169.497 
1063.5 168.496 
158.493 165.497 
-83.4974 162.495 
-56.4957 147.498 
656.504 145.503 
-13.5043 144.499 
-756.501 142.494 
-708.496 133.496 
-1389.5 126.89 
941.494 129.503 
-27.5004 122.5 
-1389.5 126.5 
-1290.97 115.118 
-54.5038 109.5 
998.495 104.501 
-153.504 100.5 
796.505 102.5 
1061.5 101.499 
-1354.51 88.4996 
535.503 86.5038 
302.5 85.4994 
1467.5 80.5023 
283.492 77.5009 
-838.496 68.5018 
-364.507 64.5015 
-89.5076 64.499 
11.5035 64.5016 
558.496 63.5031 
-1142.49 61.4993 
-312.504 61.4927 
1100.5 48.5 
-707.499 38.5004 
-1229.5 36.4971 
-630.505 35.495 
241.497 35.4977 
988.499 34.4971 
-1503.5 32.5044 
-501.499 31.5028 
207.501 30.5007 
620.505 29.5031 
-210.503 28.4958 
1097.5 26.5067 
868.497 22.493 
1474.5 16.5 
1270.5 13.5022 
-660.496 8.50037 
-376.099 5.33691 
-31.5011 4.50037 
0.506592 -0.497437 
-376.118 5.26062 
54.499 -6.49658 
913.504 -6.50537 
1278.5 -6.50366 
-94.5024 -17.5049 
-353.499 -36.5021 
667.499 -37.4996 
977.505 -38.4878 
1154.51 -39.5059 
-550.499 -40.4962 
-1087.5 -47.4961 
211.496 -71.498 
-437.493 -75.4978 
1327.49 -76.5021 
-230.502 -80.5038 
-25.5015 -80.5037 
-539.504 -82.5017 
-223.433 -87.8274 
172.501 -94.5 
152.502 -98.4987 
-252.501 -103.5 
364.498 -111.5 
722.501 -111.507 
-841.491 -120.504 
253.506 -129.498 
-1512.5 -135.494 
-132.501 -138.5 
-8.50037 -140.497 
1424.5 -143.496 
-24.495 -152.496 
1067.49 -162.505 
-972.503 -165.503 
-444.502 -169.505 
658.502 -183.501 
1386.5 -194.502 
316.503 -195.498 
1416.5 -204.497 
256.501 -212.501 
538.504 -219.495 
-634.131 -221.047 
932.499 -233.501 
700.502 -236.499 
-673.501 -237.5 
-1553.51 -239.499 
-441.498 -264.503 
195.51 -264.499 
-637.5 -274.501 
-988.499 -277.5 
907.504 -280.499 
1330.5 -288.5 
-464.505 -288.5 
75.4961 -288.497 
-1044.5 -297.503 
1007.5 -297.499 
448.5 -301.502 
-381.494 -306.496 
-665.501 -308.504 
614.496 -310.501 
728.505 -310.502 
1118.5 -310.496 
122.505 -311.506 
962.501 -320.5 
1043.5 -320.497 
1095.5 -321.501 
-495.499 -323.504 
1408.5 -327.501 
-911.496 -336.495 
-673.505 -341.502 
1409.5 -354.501 
-962.496 -368.505 
-1559.5 -374.5 
-812.498 -398.497 
-278.506 -398.496 
-732.496 -417.498 
-200.493 -420.495 
-1257.5 -425.504 
354.501 -427.505 
18.5024 -437.506 
-555.501 -440.496 
-820.49 -454.499 
-304.496 -460.498 
366.503 -470.498 
-926.501 -478.502 
1233.5 -478.501 
-90.5043 -485.504 
-1031.5 -486.498 
256.503 -494.497 
-962.496 -496.5 
476.504 -506.502 
991.497 -510.5 
-1073.5 -517.509 
495.505 -522.507 
497.719 -526.042 
-427.496 -535.506 
125.503 -537.507 
624.501 -541.497 
401.498 -547.505 
745.5 -548.492 
276.503 -562.502 
655.495 -561.505 
455.499 -571.5 
-805.503 -572.503 
0.503906 -573.505 
-709.5 -595.506 
-396.502 -595.496 
76.4972 -601.495 
1362.5 -613.5 
569.505 -616.5 
795.501 -627.503 
-933.492 -628.504 
-679.497 -629.502 
-113.501 -631.496 
445.503 -631.505 
190.5 -634.498 
-401.501 -640.497 
-1388.5 -657.501 
287.496 -660.506 
-1473.5 -669.506 
272.502 -679.5 
877.504 -679.498 
-788.496 -685.502 
-79.5017 -695.498 
433.492 -697.504 
-1194.49 -707.501 
222.501 -721.504 
-272.501 -733.502 
110.503 -734.504 
-224.502 -734.494 
-964.504 -735.502 
-307.494 -736.503 
259.501 -746.503 
-164.5 -763.5 
376.506 -762.499 
786.503 -763.503 
808.49 -769.5 
-790.504 -776.494 
370.498 -787.498 
1548.5 -789.505 
1216.5 -796.502 
476.5 -799.495 
362.306 -799.878 
954.504 -805.497 
1225.9 -805.481 
444.496 -809.499 
315.501 -818.499 
-204.501 -820.497 
-331.507 -823.503 
1095.51 -826.505 
-1406.51 -827.506 
1515.5 -838.51 
-1567.5 -849.5 
-974.503 -849.499 
868.504 -850.5 
107.499 -852.495 
1144.76 -862.982 
1149.2 -863.644 
1575.5 -871.501 
344.504 -879.502 
1060.49 -880.502 
-302.505 -884.503 
545.495 -889.507 
-1231.5 -905.496 
294.507 -904.503 
1508.5 -941.495 
460.501 -943.498 
-77.5042 -945.494 
1573.5 -949.498 
-1589.5 -952.497 
1555.5 -954.5 
-1441 -955.993 
143.499 -957.497 
829.5 -958.489 
-772.499 -967.496 
-796.505 -968.49 
-500.505 -1001.5 
1184.5 -1005.5 
-632.506 -1039.5 
50.5 -1041.5 
-264.497 -1042.5 
556.501 -1045.5 
966.504 -1046.5 
1579.5 -1058.49 
1070.49 -1059.5 
1489.5 -1078.5 
-175.498 -1078.5 
1087.49 -1079.5 
-729.499 -1112.5 
-504.5 -1118.5 
1050.5 -1117.51 
603.499 -1130.5 
-873.502 -1142.5 
-332.502 -1145.5 
1148.51 -1146.5 
-778.504 -1150.51 
1285.5 -1154.5 
129.505 -1162.5 
314.503 -1178.5 
-379.499 -1183.5 
1492.5 -1184.5 
-302.502 -1189.5 
-1291.51 -1191.5 
1182.5 -1199.5 
413.495 -1201.51 
1308.5 -1203.5 
33.5033 -1204.5 
999.503 -1210.5 
180.502 -1212.5 
