1394.5 1225.33 
1395.55 1224.21 
1393.83 1223.78 
1394.91 1223.14 
-464.102 1215.15 
450.917 1214.14 
-464.67 1214.15 
-463.999 1214.15 
450.342 1213.13 
451.015 1213.14 
101.91 1206.14 
101.341 1205.14 
102.007 1205.14 
340.899 1197.14 
1103.9 1195.13 
340.337 1196.14 
341.005 1196.14 
1103.34 1194.13 
1104.01 1194.13 
905.898 1189.14 
905.335 1188.14 
906.004 1188.14 
-438.103 1179.14 
-438.663 1178.14 
-437.995 1178.14 
480.907 1173.14 
480.337 1172.14 
481.009 1172.14 
1202.92 1166.14 
1202.34 1165.13 
1203.01 1165.14 
-891.099 1160.14 
-891.656 1159.14 
-890.997 1159.14 
640.916 1154.14 
640.344 1153.13 
641.018 1153.13 
1301.89 1150.14 
1301.33 1149.14 
1302.01 1149.14 
-767.098 1140.14 
-767.661 1139.15 
-766.991 1139.15 
1491.9 1132.14 
1489.9 1130.14 
1491.82 1130.22 
1493.33 1130.28 
20.8978 1127.14 
312.9 1127.14 
1491.76 1128.71 
18.9004 1125.14 
20.8185 1125.23 
22.328 1125.28 
312.339 1126.13 
313.008 1126.14 
20.7647 1123.72 
-789.101 1113.14 
-789.668 1112.14 
-788.996 1112.14 
1361.9 1108.14 
1361.33 1107.14 
1362.01 1107.14 
496.895 1100.14 
767.901 1098.14 
-1529.11 1096.13 
494.897 1098.13 
496.81 1098.22 
498.324 1098.28 
767.334 1097.14 
768.006 1097.14 
-1529.67 1095.13 
-1529 1095.13 
425.898 1092.15 
496.753 1096.7 
425.341 1091.15 
426.004 1091.15 
607.905 1078.14 
-1277.09 1074.14 
605.901 1076.14 
607.818 1076.23 
609.329 1076.29 
-1277.67 1073.14 
-1276.99 1073.14 
607.758 1074.71 
-1144.09 1060.14 
-1144.66 1059.14 
-1143.99 1059.15 
-978.107 1022.13 
-978.671 1021.13 
-977.999 1021.13 
882.887 1015.14 
-255.101 1013.14 
790.89 1011.13 
882.328 1014.15 
883.003 1014.14 
-257.099 1011.14 
-255.188 1011.23 
-253.673 1011.29 
790.326 1010.13 
791.004 1010.13 
-255.247 1009.71 
-361.098 993.148 
-413.109 990.146 
-361.666 992.153 
-360.989 992.151 
222.9 987.139 
-413.674 989.142 
-412.998 989.143 
55.8911 984.141 
222.339 986.141 
223.011 986.139 
55.3318 983.147 
55.9963 983.151 
-122.106 975.146 
-432.092 974.136 
110.89 972.148 
-122.671 974.138 
-122.001 974.139 
-432.667 973.131 
-431.987 973.135 
110.332 971.151 
111.001 971.15 
-266.096 940.139 
-268.097 938.139 
-266.186 938.224 
-264.672 938.283 
-266.247 936.713 
1007.92 931.141 
1007.34 930.144 
1008.02 930.147 
99.8988 921.134 
-1575.1 919.143 
97.8988 919.15 
99.8136 919.226 
101.333 919.277 
-1577.1 917.145 
-1575.18 917.231 
-1573.67 917.29 
99.7557 917.709 
-1575.24 915.708 
1331.89 901.142 
409.903 900.142 
1331.34 900.132 
1332.01 900.128 
409.332 899.141 
410.004 899.143 
1138.91 894.138 
252.894 892.144 
1138.33 893.132 
1139.01 893.135 
696.899 889.139 
835.906 889.146 
252.326 891.137 
253.01 891.137 
694.899 887.146 
696.814 887.223 
698.324 887.276 
835.339 888.141 
836.005 888.138 
696.756 885.711 
1482.91 879.141 
-729.12 876.144 
1482.33 878.153 
1483 878.152 
-729.67 875.143 
-729.01 875.145 
956.898 866.141 
954.902 864.138 
956.814 864.228 
958.323 864.288 
-960.098 860.139 
956.757 862.708 
-962.103 858.141 
-960.179 858.217 
-958.674 858.269 
-972.095 852.141 
-960.233 856.71 
1103.9 852.142 
-972.665 851.138 
-971.988 851.142 
1103.34 851.145 
1104 851.143 
-195.103 846.147 
-85.1073 843.141 
-195.664 845.146 
-194.985 845.145 
-1601.1 840.14 
-85.6668 842.142 
-84.9975 842.143 
-1601.66 839.138 
-1600.99 839.137 
597.888 812.133 
597.321 811.14 
598.001 811.14 
779.9 803.139 
779.333 802.136 
780.003 802.139 
1604.9 796.145 
1604.33 795.145 
1605.01 795.144 
846.892 789.141 
873.903 789.137 
-1628.11 786.144 
846.33 788.151 
847.009 788.15 
873.336 788.135 
874.008 788.138 
-1628.66 785.143 
-1628 785.141 
-212.091 779.146 
-212.658 778.147 
-211.995 778.143 
1050.91 769.141 
1050.34 768.137 
1051.01 768.138 
-672.107 760.139 
-1284.09 757.144 
-672.668 759.132 
-672 759.133 
780.889 756.131 
-1284.66 756.152 
-1283.99 756.15 
780.327 755.139 
781.007 755.136 
-689.104 747.138 
1430.89 744.143 
-689.671 746.137 
-689.003 746.14 
1430.33 743.142 
1431 743.143 
417.897 739.135 
-391.099 735.126 
417.333 738.135 
418.008 738.138 
-391.665 734.124 
-390.989 734.123 
1137.9 731.139 
1137.34 730.14 
1138.01 730.14 
1569.9 720.14 
536.903 717.142 
1567.9 718.135 
1569.82 718.227 
1571.33 718.289 
536.339 716.15 
537.005 716.147 
1569.76 716.713 
1061.9 708.139 
1134.9 706.138 
1059.9 706.133 
1061.82 706.223 
1063.33 706.284 
1132.9 704.131 
1134.81 704.222 
1136.33 704.284 
-167.095 701.138 
1061.76 704.713 
1134.75 702.711 
-167.663 700.141 
-166.985 700.142 
-689.097 694.141 
-570.099 693.142 
1127.89 691.141 
-967.443 690.18 
-689.663 693.138 
-688.989 693.136 
-570.663 692.137 
-569.989 692.14 
-284.108 689.145 
-965.142 689.103 
1127.33 690.135 
1128 690.138 
-969.639 688.003 
-134.105 686.13 
-284.666 688.139 
-284.007 688.136 
-967.548 686.697 
-965.075 686.739 
-134.667 685.13 
-133.991 685.133 
-967.474 684.608 
999.901 676.139 
999.339 675.134 
1000.01 675.133 
753.901 665.141 
753.336 664.138 
754.004 664.141 
291.898 656.141 
291.34 655.14 
292.011 655.137 
838.896 651.136 
838.335 650.134 
839.011 650.136 
930.902 644.138 
1503.9 643.135 
813.914 641.141 
930.327 643.145 
931.008 643.145 
794.896 639.146 
1503.34 642.129 
1504.01 642.13 
813.332 640.139 
814.016 640.137 
794.334 638.15 
794.998 638.148 
670.901 631.135 
81.8911 629.138 
-756.092 627.143 
670.336 630.139 
671.013 630.138 
-714.095 625.139 
81.3294 628.14 
82 628.136 
-756.659 626.145 
-755.989 626.147 
-716.1 623.134 
-714.181 623.218 
-712.673 623.275 
-714.24 621.713 
-591.098 609.139 
377.905 609.143 
721.911 607.139 
-591.667 608.138 
-590.984 608.136 
375.9 607.133 
377.819 607.224 
379.329 607.286 
721.345 606.14 
722.012 606.138 
377.761 605.711 
1089.91 584.14 
1196.9 583.141 
1087.9 582.137 
1089.82 582.223 
1091.33 582.281 
-372.112 579.135 
1196.34 582.149 
1197.01 582.144 
1089.76 580.708 
-372.671 578.135 
-371.995 578.13 
-961.097 574.145 
-458.104 574.142 
-961.671 573.14 
-960.994 573.141 
-458.671 573.139 
-457.992 573.138 
-1281.09 568.14 
-54.0985 568.143 
839.906 568.142 
-1281.66 567.125 
-1280.99 567.131 
-54.6659 567.134 
-53.9982 567.133 
839.332 567.141 
840.005 567.148 
-197.098 549.14 
867.891 549.143 
1196.89 546.149 
-197.666 548.143 
-196.989 548.143 
867.329 548.148 
868.005 548.143 
372.891 543.137 
1196.34 545.137 
1197 545.136 
372.335 542.138 
373.001 542.138 
-1624.1 520.143 
-1624.67 519.141 
-1623.99 519.145 
330.906 514.143 
330.337 513.136 
331.005 513.138 
738.903 480.137 
1264.91 479.144 
738.334 479.14 
739.009 479.139 
1264.33 478.142 
1265.01 478.142 
-505.103 471.133 
-918.103 469.141 
-505.666 470.139 
-504.992 470.138 
-918.67 468.144 
-917.993 468.145 
474.898 463.144 
474.343 462.149 
475.007 462.145 
33.9129 452.132 
-1633.1 451.139 
33.3335 451.137 
34.0139 451.137 
-1633.66 450.13 
-1633 450.129 
833.892 444.142 
319.9 442.141 
833.334 443.143 
834.003 443.143 
319.333 441.131 
320.002 441.131 
371.907 424.143 
371.337 423.149 
372.016 423.148 
-80.0967 406.135 
-80.6648 405.137 
-79.9876 405.136 
-135.105 401.146 
-135.667 400.14 
-134.996 400.143 
465.896 393.142 
1217.9 392.142 
465.332 392.139 
466.008 392.14 
1217.34 391.153 
1218.01 391.146 
514.907 379.132 
514.342 378.135 
515.019 378.135 
-663.107 363.141 
-663.669 362.139 
-662.994 362.137 
714.897 354.139 
712.896 352.137 
714.811 352.227 
716.328 352.288 
-73.1107 347.142 
-925.101 346.137 
-154.114 346.145 
714.753 350.715 
-73.6635 346.131 
-72.997 346.132 
-925.664 345.146 
-924.99 345.145 
-154.663 345.139 
-154.001 345.132 
-1450.09 336.146 
-1466.09 335.139 
-1450.66 335.153 
-1449.99 335.147 
-1468.1 333.141 
-1466.18 333.23 
-1464.67 333.291 
-1466.25 331.717 
-1505.09 326.151 
1085.89 325.137 
-1505.66 325.154 
-1505 325.154 
1085.33 324.138 
1086.01 324.137 
341.892 316.139 
341.332 315.147 
342 315.149 
1092.89 305.141 
1092.33 304.142 
1093.01 304.144 
1216.9 299.138 
1452.9 298.144 
1216.33 298.118 
1217 298.12 
1452.34 297.13 
1453.01 297.134 
219.901 290.142 
219.338 289.142 
220.012 289.144 
675.9 276.144 
675.329 275.146 
676.013 275.147 
98.9098 266.136 
98.3354 265.131 
99.0151 265.136 
-416.099 259.138 
98.9076 260.108 
-416.666 258.135 
-415.994 258.133 
98.3385 257.15 
99.0167 257.148 
-1456.11 246.146 
-1456.67 245.14 
-1456 245.142 
-416.097 240.136 
-416.672 239.142 
-415.986 239.145 
1056.9 218.139 
-1166.11 216.144 
1056.33 217.139 
1057.01 217.139 
-1166.67 215.151 
-1166 215.147 
639.908 201.141 
500.89 199.139 
280.901 197.136 
639.332 200.139 
640.007 200.14 
500.329 198.147 
501.004 198.146 
941.901 195.147 
280.334 196.135 
281.012 196.133 
941.339 194.145 
942.007 194.147 
-721.106 188.145 
-721.672 187.149 
-721 187.145 
338.902 183.145 
338.335 182.153 
339.009 182.153 
-1034.1 177.144 
1146.9 175.136 
-1034.66 176.143 
-1033.99 176.141 
-90.0923 171.143 
1146.34 174.129 
1147.01 174.13 
-90.6674 170.131 
-89.992 170.135 
-235.105 165.142 
-1075.1 162.151 
-235.668 164.143 
-234.995 164.143 
-1075.66 161.151 
-1075 161.151 
530.891 154.139 
-143.109 150.141 
530.331 153.137 
531.008 153.135 
-143.668 149.139 
-143.003 149.138 
1631.89 119.134 
1631.33 118.137 
1632 118.133 
-279.097 103.143 
292.907 103.145 
180.89 102.137 
-279.66 102.151 
-278.994 102.149 
292.347 102.143 
293.008 102.143 
178.9 100.15 
180.813 100.229 
182.329 100.282 
180.762 98.7142 
-382.436 73.1796 
709.906 72.1429 
-380.14 72.0957 
-384.637 70.9962 
709.343 71.1358 
710.012 71.1362 
-382.542 69.6935 
-380.076 69.7402 
658.901 67.1365 
-1518.1 66.1492 
-382.476 67.6063 
658.333 66.138 
659.011 66.1361 
-1518.67 65.1429 
-1518 65.1441 
1140.9 60.1395 
1208.9 59.1394 
1140.33 59.1384 
1141.01 59.1383 
1208.33 58.136 
1209.01 58.1411 
946.9 54.1372 
946.333 53.1439 
947.009 53.1415 
-1516.1 45.1396 
-1518.1 43.14 
-1516.19 43.2294 
-1514.67 43.2895 
-1516.24 41.7131 
-241.097 29.1352 
-241.667 28.1371 
-240.988 28.1363 
-677.094 8.13658 
1202.89 8.14049 
-677.657 7.13084 
-676.991 7.13036 
1202.33 7.14354 
1203.01 7.14195 
-122.089 1.1389 
1207.17 1.29356 
-122.664 0.130601 
-121.99 0.133286 
1207.33 -0.844497 
1208.02 -0.846572 
739.91 -7.86122 
739.342 -8.85768 
740.016 -8.85731 
684.908 -12.8646 
-759.105 -16.8568 
684.336 -13.8618 
685.01 -13.8633 
1304.9 -17.8623 
-759.666 -17.8604 
-758.999 -17.8617 
1304.33 -18.8609 
1305.01 -18.8574 
994.891 -24.8646 
994.334 -25.8654 
995.006 -25.8673 
-479.095 -29.8654 
1300.92 -30.8529 
-479.659 -30.8634 
-478.986 -30.8624 
935.886 -34.854 
1300.34 -31.8572 
1301.02 -31.8596 
835.89 -36.8611 
935.328 -35.859 
935.995 -35.8593 
835.328 -37.8569 
836.004 -37.8621 
987.908 -44.86 
1564.91 -45.8624 
987.334 -45.8595 
988.015 -45.8569 
1564.33 -46.8678 
1565.01 -46.8642 
-344.109 -53.8526 
-344.668 -54.8537 
-344 -54.8496 
1101.57 -80.8191 
1103.86 -81.9028 
1099.36 -83.0062 
1101.46 -84.3087 
1103.92 -84.2638 
1101.53 -86.3923 
46.8926 -91.8645 
46.3353 -92.8541 
47.0062 -92.86 
279.899 -99.8544 
279.337 -100.843 
280.008 -100.853 
284.284 -106.891 
-276.095 -109.853 
284.328 -108.868 
285.008 -108.862 
-1108.11 -113.863 
-276.666 -110.865 
-275.987 -110.869 
966.901 -114.865 
-1108.68 -114.864 
-1108 -114.86 
966.333 -115.864 
967.007 -115.863 
-776.113 -125.86 
-776.67 -126.86 
-776 -126.862 
384.916 -137.86 
384.339 -138.855 
385.015 -138.855 
-74.1055 -151.855 
-74.6643 -152.87 
-73.9971 -152.869 
942.888 -157.865 
942.332 -158.868 
943.005 -158.867 
-1510.09 -183.859 
-313.09 -185.851 
-1490.11 -186.857 
-1510.66 -184.856 
-1509.99 -184.857 
-313.666 -186.857 
-312.99 -186.855 
-1490.67 -187.852 
-1490 -187.851 
875.905 -191.855 
873.9 -193.857 
875.819 -193.77 
877.328 -193.712 
-125.094 -198.859 
702.886 -199.859 
875.76 -195.286 
-1526.09 -202.869 
-125.668 -199.868 
-124.992 -199.862 
702.318 -200.86 
702.996 -200.866 
-1526.67 -203.87 
-1525.99 -203.869 
-308.1 -207.859 
1033.91 -210.865 
-308.673 -208.86 
-307.997 -208.859 
1033.33 -211.856 
1034.01 -211.857 
-157.098 -225.864 
-157.665 -226.854 
-156.995 -226.852 
-577.088 -231.86 
-577.662 -232.856 
-576.987 -232.858 
1006.91 -244.863 
1006.34 -245.865 
1007.01 -245.865 
1432.9 -251.866 
1432.33 -252.863 
1433 -252.86 
85.8957 -256.849 
1496.91 -256.86 
85.3409 -257.862 
86.0012 -257.859 
1496.34 -257.861 
1497.01 -257.863 
784.908 -269.863 
784.34 -270.865 
785.012 -270.863 
669.89 -274.865 
669.331 -275.87 
670.009 -275.87 
535.898 -285.858 
1334.9 -285.853 
-1205.1 -288.849 
130.903 -289.854 
535.337 -286.87 
536.002 -286.867 
1334.34 -286.858 
1335 -286.856 
-1205.67 -289.846 
-1204.99 -289.846 
-1473.11 -293.855 
130.335 -290.857 
131.012 -290.854 
-88.1023 -295.854 
300.898 -295.859 
-1473.66 -294.865 
-1473 -294.862 
-88.6619 -296.867 
-87.9922 -296.865 
300.334 -296.855 
301.004 -296.853 
1434.89 -306.857 
1434.33 -307.847 
1435 -307.85 
-231.104 -313.855 
-231.663 -314.863 
-230.996 -314.861 
-329.098 -319.864 
-264.097 -319.87 
1205.9 -320.86 
-710.097 -323.854 
-329.67 -320.867 
-328.99 -320.867 
-264.665 -320.865 
-263.986 -320.865 
1347.9 -323.864 
1203.9 -322.852 
1205.81 -322.77 
1207.32 -322.715 
-710.664 -324.852 
-709.994 -324.851 
1347.33 -324.865 
1348.01 -324.863 
1205.75 -324.291 
937.891 -331.865 
1362.91 -332.86 
433.899 -334.856 
937.338 -332.859 
938.008 -332.863 
1360.9 -334.87 
1362.82 -334.777 
1364.33 -334.714 
433.337 -335.867 
433.999 -335.863 
1362.76 -336.291 
-1206.09 -357.864 
951.9 -358.859 
1119.91 -358.862 
538.906 -360.856 
-1206.67 -358.866 
-1205.99 -358.865 
710.907 -361.857 
949.901 -360.862 
951.817 -360.775 
953.325 -360.716 
1117.9 -360.86 
1119.82 -360.774 
1121.33 -360.716 
538.336 -361.857 
539.011 -361.854 
710.335 -362.858 
711.01 -362.858 
951.761 -362.291 
970.905 -366.856 
1119.76 -362.287 
395.906 -367.86 
970.345 -367.865 
971.013 -367.867 
395.339 -368.857 
396.009 -368.858 
749.899 -375.866 
1270.9 -375.863 
-65.1055 -379.868 
749.333 -376.867 
750.003 -376.869 
1045.9 -379.859 
1270.34 -376.862 
1271.01 -376.864 
-65.6712 -380.865 
-64.9986 -380.866 
1045.33 -380.858 
1046.01 -380.857 
-1191.11 -385.861 
279.897 -386.86 
1031.91 -386.86 
892.897 -388.861 
-1191.67 -386.857 
-1191 -386.858 
277.9 -388.865 
279.808 -388.778 
281.324 -388.719 
1031.33 -387.867 
1032.01 -387.863 
-548.097 -391.86 
892.326 -389.848 
893.005 -389.85 
919.897 -393.852 
279.748 -390.287 
-548.667 -392.863 
-547.988 -392.859 
919.338 -394.842 
920.006 -394.846 
1634.25 -419.779 
-362.105 -421.858 
-1112.1 -422.856 
1634.33 -420.856 
343.899 -424.861 
-362.665 -422.861 
-361.995 -422.863 
-1112.67 -423.857 
-1111.99 -423.857 
1555.89 -426.857 
343.328 -425.862 
344.004 -425.862 
508.892 -429.87 
1555.33 -427.861 
1556 -427.863 
508.334 -430.869 
509.004 -430.866 
-1358.09 -447.861 
-1358.66 -448.867 
-1357.99 -448.864 
-861.099 -453.871 
-861.674 -454.871 
-860.999 -454.868 
-1308.1 -459.862 
-1308.66 -460.867 
-1307.99 -460.867 
449.884 -465.862 
449.332 -466.853 
450.004 -466.856 
-555.115 -470.864 
187.908 -472.857 
-555.675 -471.871 
-554.999 -471.872 
1511.9 -474.859 
187.334 -473.866 
188.012 -473.865 
1053.89 -478.858 
1511.34 -475.86 
1512.01 -475.857 
1053.33 -479.848 
1054 -479.854 
51.8899 -494.861 
51.333 -495.857 
51.9978 -495.861 
-621.093 -506.86 
-621.664 -507.859 
-620.988 -507.861 
909.897 -537.859 
907.899 -539.86 
909.816 -539.775 
911.326 -539.717 
1232.9 -543.864 
909.76 -541.289 
1232.34 -544.862 
1233 -544.865 
1025.9 -551.86 
1025.33 -552.853 
1026.01 -552.855 
679.884 -561.859 
1212.9 -561.858 
-248.096 -563.859 
679.328 -562.868 
679.991 -562.867 
1212.34 -562.848 
1213 -562.85 
-866.099 -567.862 
-248.664 -564.855 
-247.99 -564.856 
-866.662 -568.865 
-865.992 -568.86 
612.897 -594.865 
668.901 -597.859 
612.329 -595.854 
613.007 -595.855 
590.903 -600.862 
666.899 -599.861 
668.818 -599.775 
670.329 -599.717 
590.332 -601.859 
591.01 -601.856 
668.761 -601.292 
935.882 -610.857 
935.329 -611.854 
935.992 -611.858 
612.889 -616.861 
612.33 -617.86 
613.005 -617.861 
410.894 -626.863 
844.898 -628.858 
410.329 -627.849 
411.004 -627.851 
981.891 -630.859 
844.334 -629.855 
845.012 -629.856 
981.33 -631.868 
982.001 -631.865 
-1367.1 -646.863 
-1367.67 -647.869 
-1366.99 -647.865 
285.914 -650.857 
285.335 -651.868 
286.005 -651.861 
-1316.1 -658.861 
-1316.67 -659.854 
-1315.99 -659.854 
-1373.11 -664.87 
-278.089 -666.865 
345.905 -666.857 
-1373.67 -665.873 
-1372.99 -665.874 
984.915 -668.866 
-278.667 -667.857 
-277.985 -667.856 
345.341 -667.861 
346.004 -667.864 
984.345 -669.86 
985.014 -669.864 
743.901 -675.866 
-303.091 -676.866 
743.333 -676.859 
744.014 -676.862 
-303.664 -677.867 
-302.984 -677.868 
19.9098 -698.855 
19.3435 -699.865 
20.0085 -699.861 
-153.099 -711.852 
-319.098 -714.864 
-153.668 -712.861 
-152.996 -712.86 
34.9005 -716.86 
-319.663 -715.864 
-318.993 -715.867 
34.3351 -717.862 
35.0158 -717.863 
-1091.1 -784.86 
-1553.11 -785.853 
-1205.1 -786.861 
-1091.67 -785.857 
-1091 -785.854 
-1553.66 -786.854 
-1553 -786.856 
-1205.67 -787.858 
-1205 -787.859 
-1437.09 -804.852 
-1437.66 -805.846 
-1436.99 -805.852 
-734.113 -809.861 
-734.657 -810.856 
-733.994 -810.863 
855.889 -833.865 
855.335 -834.864 
856.005 -834.867 
1076.91 -838.858 
1076.34 -839.868 
1077.01 -839.867 
-600.104 -854.855 
-1342.1 -855.86 
-600.668 -855.855 
-599.995 -855.859 
-1342.67 -856.863 
-1342 -856.856 
289.887 -866.859 
-1315.1 -867.856 
289.335 -867.863 
289.999 -867.86 
-1315.67 -868.854 
-1315 -868.854 
138.891 -873.859 
138.332 -874.861 
139.011 -874.861 
-1377.1 -883.859 
-912.1 -883.864 
-1377.66 -884.864 
-1376.99 -884.863 
-912.669 -884.859 
-911.995 -884.859 
393.887 -890.856 
393.329 -891.847 
394.005 -891.849 
-735.1 -919.863 
1346.89 -921.862 
-735.667 -920.861 
-734.989 -920.862 
-570.088 -924.862 
1344.9 -923.861 
1346.81 -923.775 
1348.33 -923.716 
302.899 -927.863 
1067.91 -927.865 
1620.9 -927.86 
-570.66 -925.861 
-569.989 -925.863 
1346.76 -925.29 
302.33 -928.863 
303.01 -928.867 
1067.34 -928.857 
1068.01 -928.859 
1620.33 -928.862 
1621.01 -928.863 
-1553.1 -934.862 
1247.9 -935.856 
-1553.67 -935.859 
-1552.99 -935.859 
1247.34 -936.862 
1248.01 -936.859 
1488.9 -942.861 
1486.9 -944.849 
1488.82 -944.766 
1490.33 -944.712 
531.905 -950.854 
1488.76 -946.284 
531.339 -951.859 
532.009 -951.858 
165.894 -959.862 
165.326 -960.867 
166.001 -960.861 
1304.89 -983.862 
1304.33 -984.863 
1305 -984.862 
-744.106 -992.864 
-744.67 -993.866 
-743.996 -993.867 
-1073.11 -1001.85 
915.898 -1003.86 
-1073.67 -1002.85 
-1073.01 -1002.85 
915.332 -1004.86 
916.008 -1004.86 
261.91 -1046.86 
-157.097 -1049.85 
-1351.1 -1050.86 
261.337 -1047.86 
262.01 -1047.86 
238.905 -1051.86 
-157.661 -1050.85 
-156.99 -1050.85 
26.9118 -1053.86 
-1351.67 -1051.87 
-1351 -1051.87 
238.336 -1052.86 
239.009 -1052.86 
26.3341 -1054.87 
27.0107 -1054.86 
1481.89 -1062.87 
222.891 -1064.86 
1481.32 -1063.87 
1482.01 -1063.87 
222.333 -1065.87 
223.001 -1065.87 
-1237.11 -1079.86 
-1237.67 -1080.88 
-1236.99 -1080.88 
1361.89 -1089.87 
1361.33 -1090.86 
1362 -1090.86 
-1490.1 -1096.86 
189.899 -1098.86 
-1492.1 -1098.87 
-1490.18 -1098.79 
-1488.67 -1098.73 
189.329 -1099.86 
190.008 -1099.86 
-1490.24 -1100.29 
-569.105 -1124.87 
-405.095 -1126.86 
-569.667 -1125.86 
-568.992 -1125.86 
-405.67 -1127.86 
-404.989 -1127.86 
-38.0929 -1130.86 
1187.9 -1130.86 
-38.6642 -1131.86 
-37.9959 -1131.86 
1187.34 -1131.87 
1188 -1131.87 
846.912 -1153.86 
424.905 -1154.86 
846.337 -1154.87 
847.013 -1154.86 
424.333 -1155.86 
425.009 -1155.86 
773.891 -1160.86 
771.898 -1162.86 
773.816 -1162.78 
775.332 -1162.73 
773.766 -1164.29 
239.896 -1195.85 
-113.099 -1198.86 
239.338 -1196.86 
240.006 -1196.85 
662.891 -1201.86 
-113.673 -1199.85 
-112.995 -1199.85 
350.892 -1204.86 
662.339 -1202.87 
663.009 -1202.87 
350.336 -1205.86 
351.002 -1205.86 
453.907 -1208.86 
-1469.09 -1210.85 
-375.087 -1211.86 
453.335 -1209.86 
454.013 -1209.86 
112.9 -1213.85 
-1469.67 -1211.87 
-1468.99 -1211.87 
-375.659 -1212.86 
-374.987 -1212.86 
112.331 -1214.85 
113.002 -1214.85 
1196.91 -1220.86 
1196.33 -1221.87 
1197.01 -1221.86 
-1338.1 -1230.22 
590.895 -1230.22 
-1341.1 -1231.86 
-1340.44 -1231.53 
-1339.6 -1231.34 
-1338.6 -1231.35 
-1337.6 -1231.37 
-1336.59 -1231.37 
-1335.77 -1231.53 
587.9 -1231.86 
588.569 -1231.54 
589.399 -1231.36 
590.405 -1231.35 
591.396 -1231.37 
592.404 -1231.37 
593.234 -1231.54 
