-885.499 1210.49 
1511.5 1209.5 
-769.505 1180.51 
-820.499 1176.49 
-1392.49 1153.5 
442.497 1136.5 
1065.5 1132.49 
-370.498 1119.5 
-763.506 1116.5 
-1598.51 1102.51 
-376.505 1097.5 
1446.5 1096.5 
-986.497 1075.5 
-1348.51 1074.5 
-1411.5 1071.49 
1620.5 1048.5 
-748.496 1041.5 
-549.505 1035.5 
-1602.51 1030.5 
-1587.5 1023.5 
1042.51 1019.49 
-1473.5 1015.5 
-348.498 1013.51 
-1551.5 1010.5 
-1227.5 997.497 
1286.5 995.503 
-1533.51 988.502 
-919.504 980.496 
-463.889 972.891 
-1323.5 970.503 
-1506.5 966.5 
-159.498 963.503 
-1188.5 961.493 
-1591.5 954.5 
1438.07 951.309 
1439.11 948.865 
313.506 934.503 
746.503 933.501 
-1241.51 924.502 
-1493.51 918.501 
-1421.5 917.491 
-1238.69 915.159 
-725.501 897.494 
228.504 897.498 
-1332.5 896.505 
-1450.51 884.496 
-1037.5 882.502 
-1502.5 870.506 
1316.5 861.497 
-1382.49 856.49 
1039.49 851.498 
626.499 842.495 
-1444.81 831.396 
623.663 838.957 
-1591.5 822.504 
-1448.71 827.098 
-604.497 819.506 
-1141.5 815.496 
-1360.5 806.491 
-692.5 807.5 
-229.504 800.498 
234.506 799.496 
-752.503 797.497 
372.502 796.498 
933.506 777.495 
374.725 774.241 
634.498 773.504 
-545.5 771.498 
108.498 771.5 
377.647 769.258 
23.4935 756.5 
-1154.5 748.5 
-248.499 744.502 
1260.5 743.498 
-1386.5 734.497 
540.495 733.509 
-1130.51 726.497 
1334.51 725.496 
-1175.5 724.501 
1414.49 720.5 
-203.505 710.501 
167.497 710.495 
-1607.5 703.498 
634.496 704.497 
-866.501 703.492 
-912.5 697.503 
605.5 694.504 
970.497 685.501 
-1430.5 679.499 
10.4948 675.5 
-1070.5 657.5 
1311.5 646.487 
381.499 639.497 
-1049.51 636.493 
-559.495 627.503 
-904.502 626.506 
-332.498 626.496 
442.502 625.494 
-266.5 612.496 
-1115.5 605.499 
-190.499 606.499 
-886.501 602.495 
278.502 586.503 
-1407.5 577.498 
-912.959 571.543 
401.504 572.502 
-171.491 569.497 
-913.061 571.135 
-251.645 560.255 
-1614.5 551.501 
-382.495 550.502 
-253.516 555.472 
1361.5 543.501 
-717.497 540.504 
-1526.5 539.503 
1100.51 535.492 
-413.506 519.499 
-1601.5 510.497 
-1552.06 499.734 
524.497 500.507 
-1552.51 497.459 
1006.51 490.502 
-1550.38 484.411 
-1079.5 463.502 
-922.503 463.499 
-1230.5 458.503 
-1617.5 455.503 
1399.5 455.506 
-1171.5 448.504 
241.493 448.498 
-419.5 442.496 
-1133.5 435.503 
242.499 430.504 
561.502 429.501 
474.501 414.499 
-651.504 411.503 
-906.507 408.5 
-537.503 408.505 
767.506 396.508 
-1235.15 358.396 
-465.506 357.501 
851.493 357.497 
-1235.04 357.255 
-1522.5 347.501 
-83.4996 347.503 
-487.49 345.5 
-927.495 334.497 
418.492 328.502 
-1564.5 319.495 
-362.5 316.498 
28.4916 313.509 
-1589.5 312.501 
995.495 303.498 
-1431.5 301.503 
-257.498 295.538 
-225.509 291.503 
-842.495 286.5 
-1001.5 280.498 
-1190.5 277.494 
-408.498 241.502 
-621.503 240.505 
1112.5 238.494 
-1348.49 229.502 
-228.499 221.499 
801.499 211.502 
557.503 203.501 
1278.5 197.502 
-893.492 173.501 
-1181.51 168.491 
-987.501 160.501 
-513.504 157.502 
-486.503 140.499 
1549.5 137.493 
-894.508 136.5 
743.499 133.505 
-1486.5 132.501 
-1563.5 125.496 
673.497 107.497 
-5.50146 104.501 
-986.5 94.495 
1314.5 73.506 
33.5059 66.4983 
1004.5 61.5038 
365.503 53.5 
-436.501 49.5088 
-1320.5 46.5006 
1466.5 44.5021 
-880.506 35.4974 
337.5 19.5085 
66.4963 17.488 
-700.495 11.5021 
-967.503 5.49622 
0.498535 -0.502197 
1147.5 -1.51208 
638.505 -9.50269 
-1213.5 -11.4957 
891.5 -12.4958 
1294.51 -14.5052 
-787.501 -18.5111 
-686.507 -23.5018 
-1290.5 -36.5004 
-369.512 -57.4983 
-1533.49 -72.5 
-973.5 -74.4996 
-1040.49 -77.5017 
-857.498 -79.5007 
-568.495 -86.4889 
-408.504 -88.4922 
116.5 -97.5018 
672.495 -108.5 
439.495 -110.495 
-914.496 -113.499 
-1332.51 -114.503 
-1434.5 -115.493 
1422.5 -119.5 
-1147.5 -123.111 
701.501 -121.499 
-995.506 -128.501 
-706.5 -131.504 
874.495 -130.498 
-1147.5 -123.502 
-199.505 -151.504 
-348.501 -165.499 
-300.496 -168.49 
-1443.51 -169.497 
-800.505 -174.491 
-874.501 -176.498 
508.494 -176.5 
-390.5 -188.497 
342.492 -188.5 
-684.497 -198.498 
498.617 -200.947 
222.498 -207.496 
1484.49 -207.501 
252.506 -216.492 
-1618.5 -216.498 
548.503 -218.499 
-1105.5 -220.501 
-646.504 -244.49 
-387.494 -250.501 
-221.497 -261.498 
-971.351 -277.964 
-266.498 -280.496 
209.497 -284.505 
433.496 -288.507 
308.5 -289.499 
-1440.49 -294.507 
-1585.51 -301.494 
-976.498 -302.507 
-706.498 -303.499 
-465.5 -305.496 
-949.498 -313.5 
810.504 -333.501 
-601.496 -344.504 
-531.509 -355.497 
-1043.5 -365.492 
853.5 -366.5 
-993.505 -368.496 
-1553.5 -380.502 
828.496 -380.504 
188.501 -394.504 
1000.5 -397.498 
174.505 -406.503 
-129.502 -422.5 
167.764 -422.954 
-781.5 -433.493 
-791.825 -443.45 
-565.501 -472.496 
-1484.5 -473.496 
-1208.5 -479.503 
-12.5059 -479.506 
1340.5 -483.498 
-256.492 -497.501 
1198.5 -505.498 
-1406.5 -508.501 
26.4993 -508.495 
1322.51 -513.495 
232.5 -530.501 
674.493 -537.501 
115.494 -541.505 
-1.5 -560.501 
658.499 -571.504 
614.496 -574.501 
-812.497 -578.497 
887.499 -582.496 
72.4962 -583.498 
-773.499 -588.497 
-275.494 -604.506 
-734.493 -608.497 
-643.494 -608.497 
-235.501 -610.502 
288.496 -620.499 
-1331.5 -623.5 
-503.501 -634.501 
-315.5 -647.499 
-115.498 -649.504 
-651.502 -652.505 
-533.403 -653.738 
-968.503 -661.501 
-531.988 -658.546 
1303.5 -679.499 
-495.497 -697.51 
1228.5 -708.498 
-808.501 -713.511 
658.502 -716.5 
-432.504 -725.496 
1164.5 -728.502 
-1494.51 -732.504 
-309.5 -735.501 
-1138.5 -737.501 
-1032.49 -744.5 
-771.499 -754.49 
-831.498 -757.504 
-1475.5 -774.501 
-1065.5 -775.498 
128.497 -780.503 
-378.499 -781.503 
-495.498 -802.5 
-857.496 -804.501 
-829.492 -808.494 
-322.492 -811.5 
-1605.5 -813.5 
-308.661 -821.347 
937.495 -825.503 
875.499 -828.503 
-1417.5 -849.5 
-1462.51 -852.503 
46.5038 -862.501 
-316.504 -865.501 
561.494 -865.498 
-1431.5 -869.5 
524.495 -871.507 
-506.508 -876.495 
-296.5 -887.503 
618.507 -912.502 
-642.488 -918.494 
-234.494 -932.498 
-532.501 -949.491 
-504.508 -952.499 
-1173.5 -954.503 
-1421.51 -967.501 
1425.5 -977.5 
1284.51 -984.499 
-147.5 -987.493 
366.5 -991.493 
-1057.5 -992.497 
-924.505 -999.496 
-899.502 -1004.5 
433.499 -1011.5 
-1566.49 -1035.5 
-327.498 -1039.5 
-893.5 -1043.5 
331.502 -1044.5 
-204.496 -1080.5 
-582.489 -1081.49 
432.5 -1086.5 
-1438.5 -1094.5 
-735.498 -1096.5 
1510.5 -1099.5 
-1458.51 -1126.49 
-359.504 -1128.5 
-1012.5 -1137.49 
-1403.5 -1138.5 
-757.502 -1144.5 
1358.5 -1149.51 
880.495 -1163.51 
-905.502 -1168.5 
-270.5 -1173.5 
-318.498 -1177.5 
739.503 -1178.5 
-28.5054 -1185.5 
-499.489 -1205.5 
-250.502 -1212.5 
