714.495 1208.49 
-591.496 1202.5 
-798.494 1197.5 
1459.5 1194.5 
-1446.5 1181.5 
-1353.5 1179.5 
814.493 1177.5 
-1132.5 1176.5 
-1597.49 1168.5 
51.4969 1164.5 
-1540.5 1150.5 
-491.506 1148.5 
1502.5 1148.5 
1127.5 1121.5 
-216.496 1113.5 
-920.497 1111.5 
432.504 1102.5 
-909.109 1096.32 
-155.503 1095.5 
-346.498 1086.51 
950.497 1078.5 
983.501 1062.5 
824.505 1059.5 
-1306.49 1057.5 
1473.5 1051.5 
557.495 1044.5 
-1112.5 1038.5 
282.498 1030.5 
770.508 1030.5 
-716.502 1028.5 
-1022.5 1027.5 
-1118.29 1022 
-788.5 1020.5 
-594.5 1019.5 
-731.502 1009.5 
-646.499 1003.51 
-1356.49 984.498 
-1498.5 979.498 
-2.5 976.505 
571.504 958.496 
-1164.5 953.507 
-859.499 949.499 
-1110.51 946.503 
-1150.5 921.5 
-1063.5 919.507 
-960.497 909.503 
-1033.5 907.504 
-486.492 906.496 
-1503.5 901.5 
-1429.5 894.503 
-104.506 890.499 
176.494 889.496 
-1203.5 884.5 
-1455.5 882.488 
-408.5 878.499 
928.497 869.506 
-347.497 868.493 
-1500.51 866.504 
-507.505 866.502 
1602.51 866.496 
1174.5 865.496 
929.701 860.651 
229.51 853.51 
-635.501 852.495 
-289.494 850.497 
-476.495 836.497 
-786.495 831.498 
-124.495 824.501 
-1078.5 818.503 
-1124.5 814.504 
218.5 809.504 
-33.5072 794.502 
-1484.5 788.495 
352.499 786.502 
-717.5 769.498 
884.496 769.501 
44.5038 751.495 
582.49 749.506 
482.508 744.5 
1458.5 740.493 
-1552.5 735.5 
742.505 733.496 
-1070.49 721.487 
-1605.5 697.511 
-1441.5 681.502 
152.504 679.5 
-176.5 662.506 
-1050.49 654.497 
-233.503 651.505 
-439.5 636.503 
580.498 628.499 
434.5 623.495 
-861.502 620.506 
-1079.5 616.497 
-1192.5 606.508 
-165.502 602.496 
286.5 589.496 
-1305.5 586.503 
-1180.5 583.506 
-1338.5 574.503 
-250.5 573.504 
-579.495 566.5 
-1287.5 565.501 
698.499 564.505 
-1304.5 556.499 
-416.5 533.491 
-211.496 527.492 
-1376.5 511.5 
1007.49 495.495 
-912.498 492.503 
-1081.49 486.502 
-1011.51 479.503 
-562.502 474.502 
-1520.5 469.502 
-35.5015 467.501 
-330.504 464.495 
420.505 460.504 
21.4993 458.5 
-873.49 455.496 
-441.503 453.504 
543.493 447.503 
1554.5 445.499 
-1068.5 439.503 
-303.502 428.498 
-206.497 424.499 
-1136.5 420.498 
199.5 405.5 
1278.5 398.508 
303.5 395.5 
-644.502 390.5 
17.5013 391.5 
-515.502 390.494 
901.506 384.502 
-1030.5 375.5 
-1213.49 353.502 
117.499 342.503 
-70.5 337.502 
-332.495 330.502 
1451.5 318.503 
-1310.5 317.502 
-1498.49 307.496 
400.504 304.501 
-189.027 298.551 
-178.445 293.108 
221.499 288.5 
-133.674 287.268 
29.5004 283.497 
-280.495 283.5 
-136.014 282.475 
-1176.5 268.501 
465.498 266.491 
1520.5 266.504 
948.498 264.509 
1142.49 251.502 
7.49988 242.502 
-720.5 236.502 
-670.5 231.497 
-1561.49 228.505 
785.493 224.503 
-1408.5 222.5 
854.5 214.493 
-407.509 205.501 
-609.5 203.503 
678.499 198.498 
-678.501 194.509 
316.496 193.495 
1502.5 178.504 
-1210.5 172.504 
-323.501 168.504 
-1424.5 161.498 
-1234.5 147.499 
-75.5027 143.501 
-250.507 138.505 
-928.499 129.503 
905.502 116.512 
-772.498 105.505 
-136.499 103.5 
-80.5017 99.5032 
745.501 98.4958 
-1358.5 50.4971 
920.495 46.4937 
-1534.5 37.4991 
-533.501 34.5015 
83.4989 34.5056 
47.4967 26.4971 
-1071.51 21.5034 
-714.501 17.5017 
710.498 9.51001 
1314.51 5.50928 
806.501 3.50391 
0.495605 -0.50293 
785.494 -0.501709 
-453.497 -8.49255 
-1345.49 -16.5017 
752.49 -19.5 
-494.504 -26.4962 
-1133.51 -28.4972 
-34.504 -28.5054 
-1581.5 -31.4976 
1214.5 -32.5018 
-927.51 -33.4985 
1521.51 -34.5 
-357.505 -37.5028 
-1493.5 -42.5004 
-40.5017 -50.5004 
-1307.5 -54.4963 
868.494 -91.4967 
-1506.5 -99.4901 
-1387.5 -122.507 
-196.503 -135.497 
1108.51 -137.501 
697.497 -140.499 
927.496 -143.503 
993.498 -146.495 
500.501 -151.496 
1493.5 -156.494 
36.4969 -167.502 
952.502 -187.494 
-23.5061 -206.503 
1097.5 -211.501 
-1592.5 -216.503 
472.499 -225.506 
-1543.51 -239.5 
1220.5 -246.492 
-1332.5 -247.495 
-1525.5 -255.505 
-1416.66 -256.689 
-1409.16 -257.245 
939.5 -258.499 
1132.5 -259.499 
-1508.5 -261.509 
-624.504 -264.5 
-287.501 -264.504 
1107.5 -283.498 
-1007.5 -286.503 
-1546.5 -295.504 
-597.499 -307.499 
795.495 -307.498 
-1098.5 -317.502 
-169.496 -321.498 
-921.503 -330.5 
-592.5 -331.504 
943.497 -331.495 
-224.495 -334.506 
1503.5 -351.501 
680.502 -370.503 
-468.503 -404.501 
-1067.5 -406.497 
-1386.5 -415.496 
-1090.5 -415.506 
1067.5 -444.494 
704.5 -456.5 
-567.5 -456.502 
350.504 -462.493 
1137.5 -475.494 
1092.5 -486.503 
-493.508 -497.5 
-415.497 -502.494 
-1493.51 -519.502 
606.499 -533.494 
-184.501 -544.501 
-519.498 -550.493 
-881.5 -556.497 
-388.499 -558.499 
811.502 -559.504 
-1395.51 -576.503 
-54.4978 -586.497 
1278.49 -600.498 
-1337.5 -606.498 
-391.502 -618.502 
492.502 -618.505 
-1363.5 -620.503 
632.505 -638.496 
-386.498 -639.506 
-225.493 -647.501 
-1333.5 -649.495 
95.4919 -657.493 
-908.499 -669.501 
-616.495 -681.5 
-15.5015 -683.501 
-116.498 -688.499 
-1511.5 -692.498 
-1560.5 -705.494 
-1350.51 -715.496 
-42.4974 -716.506 
-891.502 -718.499 
918.497 -720.497 
1541.49 -725.508 
676.5 -729.498 
1537.73 -736.186 
-131.505 -741.503 
801.499 -748.501 
-450.493 -756.503 
-197.501 -758.499 
-105.506 -763.493 
629.505 -764.502 
1591.5 -772.501 
1446.5 -783.504 
6.49902 -801.497 
676.5 -803.498 
1097.51 -812.505 
-856.503 -814.498 
-635.501 -824.502 
-1501.5 -847.502 
-231.5 -863.494 
195.501 -866.493 
-140.5 -880.494 
-1300.5 -885.111 
-1081.5 -889.503 
-1300.5 -885.501 
-197.501 -897.497 
-1572.5 -898.503 
-814.506 -912.497 
-1339.5 -962.498 
-960.497 -962.496 
426.504 -967.505 
670.5 -970.499 
304.504 -972.499 
57.4974 -996.498 
414.501 -1002.5 
1092.5 -1035.5 
865.502 -1046.5 
-617.505 -1049.49 
-149.493 -1062.5 
875.501 -1071.5 
-47.5029 -1083.5 
600.51 -1100.5 
697.498 -1118.5 
215.504 -1136.5 
-780.501 -1153.51 
-1489.5 -1159.5 
-552.5 -1192.49 
-1600.5 -1197.49 
-466.497 -1201.5 
-398.501 -1203.5 
