1608.5 1206.49 
1157.51 1205.5 
-1403.49 1197.5 
1489.5 1192.51 
790.5 1191.5 
1069.5 1189.5 
110.493 1186.49 
742.507 1181.51 
1582.5 1166.5 
-495.498 1165.49 
1351.5 1158.5 
1275.5 1155.5 
1499.5 1153.5 
1574.44 1152.85 
-61.5056 1152.5 
415.504 1148.5 
-798.501 1147.5 
1576.32 1150.7 
625.497 1135.5 
944.495 1130.5 
673.495 1126.5 
-1280.5 1108.5 
1144.5 1105.51 
1167.49 1102.5 
1542.5 1094.5 
303.499 1093.5 
1033.5 1091.5 
981.507 1091.5 
565.505 1089.5 
732.501 1082.5 
392.499 1076.5 
1533.5 1075.5 
219.5 1068.89 
1162.5 1067.5 
219.5 1068.5 
-5.50134 1055.5 
-1535.51 1050.5 
-325.492 1050.49 
518.504 1045.5 
-1138.5 1040.5 
218.497 1039.49 
1171.5 1035.5 
1217.5 1034.5 
-36.4968 1027.5 
280.499 1027.5 
-587.5 1021.51 
406.5 1015.5 
1006.5 1011.5 
847.493 995.492 
1423.5 991.5 
864.498 988.5 
435.495 985.503 
-1067.5 982.509 
41.4978 978.507 
1246.51 977.499 
-65.499 972.496 
-289.505 967.498 
1432.51 959.5 
557.5 954.501 
1551.5 943.5 
-1486.5 940.494 
274.502 940.501 
976.034 940.158 
621.502 934.501 
984.196 935.047 
-412.508 931.502 
1179.5 914.497 
974.502 913.504 
-432.498 912.489 
660.498 907.503 
994.498 906.503 
1088.5 896.5 
500.503 895.495 
1105.51 882.498 
1228.5 867.5 
-1384.51 864.505 
355.495 844.501 
1438.5 838.503 
675.853 834.47 
686.714 833.67 
248.494 829.503 
656.495 824.498 
951.502 823.498 
1105.5 818.5 
1267.5 816.496 
1094.51 799.496 
1111.5 785.497 
-164.499 780.493 
459.503 776.503 
-214.505 772.504 
-747.502 762.495 
-862.502 758.496 
676.499 745.501 
-78.5006 739.497 
1127.5 729.5 
684.499 718.499 
-206.5 713.497 
-1352.5 710.503 
1597.49 706.5 
731.504 695.498 
1204.5 695.504 
1342.5 691.499 
843.5 688.5 
-938.5 674.498 
-973.503 669.499 
75.5022 661.503 
605.501 647.503 
-1164.5 643.502 
1326.5 643.503 
-270.492 633.502 
1234.5 631.502 
1106.5 620.498 
1013.5 610.507 
1062.49 610.504 
23.4954 608.499 
370.502 588.498 
-687.5 583.501 
615.505 583.499 
1201.5 580.498 
526.503 569.499 
28.5006 548.502 
-601.502 537.503 
1134.5 535.503 
-1342.5 534.493 
-1271.97 527.5 
1498.5 525.503 
1461.5 522.499 
-1553.49 518.503 
106.501 517.5 
655.493 517.495 
708.502 508.506 
1084.5 500.495 
1256.51 486.505 
1413.5 485.938 
1607.51 484.5 
1019.49 482.502 
-262.497 469.503 
1068.13 465.89 
1005.87 465.058 
1073.52 466.926 
891.502 463.502 
1415.5 462.496 
682.494 460.504 
1481.51 459.505 
781.499 458.497 
1006.43 463.435 
-1285.49 452.503 
-157.502 450.496 
-658.496 449.494 
-570.508 445.502 
1431.5 444.502 
-506.507 439.499 
1017.49 431.497 
129.499 429.497 
-301.496 411.504 
1175.5 410.496 
769.504 409.498 
-10.5038 408.498 
1194.5 390.502 
1017.5 374.499 
1077.27 366.706 
-1261.5 363.501 
1072.81 365.163 
967.5 353.501 
786.502 351.5 
1565.5 349.497 
-715.494 348.501 
-217.498 347.499 
486.498 341.501 
386.49 340.499 
803.441 336.981 
788.845 325.883 
1189.5 325.506 
343.498 314.505 
743.499 314.499 
1363.5 313.504 
197.5 306.501 
-846.498 300.499 
-33.5011 297.499 
1021.5 294.501 
-264.503 289.499 
392.504 284.498 
199.493 282.495 
108.492 279.498 
1121.5 279.505 
376.504 273.506 
-6.50122 272.504 
538.501 265.495 
-1444.5 264.504 
1360.5 263.501 
266.501 260.493 
1350.71 250.235 
1179.49 246.498 
362.505 245.499 
-1003.5 241.495 
-403.502 241.505 
-934.498 236.497 
-505.5 230.493 
915.502 227.498 
-639.5 222.494 
-50.5011 208.498 
-241.503 202.498 
89.5029 196.501 
341.501 196.498 
-378.502 186.496 
-224.504 185.504 
13.4968 184.501 
197.497 181.499 
540.499 174.509 
619.493 172.504 
-136.499 158.5 
-1404.49 153.506 
230.504 147.502 
106.505 139.5 
235.196 141.819 
-162.504 131.498 
-1244.5 127.495 
900.502 125.501 
1317.49 122.497 
49.5021 119.496 
-1437.5 116.497 
-30.501 114.5 
898.313 114.123 
917.499 108.496 
256.498 103.499 
969.495 101.493 
-208.499 86.4951 
541.5 83.493 
993.504 80.5034 
384.507 77.5013 
319.67 66.303 
-164.503 62.4993 
418.5 62.5027 
-548.505 55.5034 
322.226 61.9529 
-102.501 45.499 
551.501 45.4983 
498.498 44.4956 
-844.495 42.4994 
367.496 43.5028 
-759.506 37.4979 
80.5073 37.5045 
825.495 35.5013 
1169.5 13.4928 
495.839 7.50049 
-874.501 7.49817 
500.358 6.15479 
0.498657 -0.496582 
935.501 -15.5011 
981.497 -14.4952 
1172.5 -14.5006 
446.501 -24.5011 
-1225.5 -29.4966 
1076.5 -37.5035 
246.502 -57.4984 
655.504 -75.502 
100.492 -76.5004 
943.503 -89.4994 
-746.498 -98.4978 
863.505 -99.499 
603.505 -102.497 
1082.5 -106.488 
1136.5 -107.498 
697.498 -120.504 
1190.5 -120.496 
-193.494 -123.502 
1261.5 -128.498 
-96.5063 -129.493 
796.503 -129.491 
834.494 -130.499 
922.501 -137.501 
851.496 -144.501 
-1423.49 -151.501 
852.889 -153.605 
1542.5 -157.501 
901.497 -159.499 
362.514 -161.504 
-200.497 -162.507 
-1057.5 -166.491 
-1516.5 -171.504 
-392.499 -174.498 
1291.36 -179.928 
850.5 -179.505 
1147.5 -181.504 
783.499 -186.502 
-437.509 -190.503 
-1350.5 -199.504 
149.493 -199.5 
-1539.49 -201.505 
1234.5 -201.503 
830.496 -202.503 
-585.503 -208.5 
-1048.51 -211.502 
992.507 -215.505 
-552.5 -218.502 
1092.5 -225.504 
157.497 -231.499 
1444.5 -235.502 
915.495 -240.5 
808.494 -241.499 
72.4971 -242.494 
679.503 -248.503 
709.506 -254.499 
330.504 -255.506 
918.502 -260.498 
1420.5 -263.503 
-849.496 -264.502 
296.502 -270.502 
51.4996 -284.505 
1120.49 -286.008 
673.501 -287.507 
-377.506 -300.501 
-578.496 -302.5 
1297.5 -306.498 
637.503 -313.499 
792.508 -313.503 
1070.5 -317.499 
741.5 -320.496 
1034.5 -319.502 
906.499 -326.503 
1041.59 -326.193 
101.502 -342.502 
1131.5 -346.496 
475.505 -351.5 
1605.5 -360.497 
1377.5 -366.495 
390.495 -370.499 
664.504 -372.5 
-601.499 -379.495 
1025.51 -379.495 
427.5 -390.499 
110.5 -394.501 
-72.4961 -401.495 
-572.498 -403.5 
-3.49512 -408.499 
146.504 -410.5 
227.506 -411.503 
-1250.5 -419.497 
-1129.49 -423.498 
-133.503 -425.499 
137.782 -427.058 
-158.499 -428.49 
-819.496 -432.507 
868.495 -456.496 
-407.5 -472.501 
574.511 -476.503 
1196.5 -476.5 
-287.504 -497.497 
1535.5 -497.495 
252.496 -498.499 
1156.5 -498.504 
-320.498 -500.493 
672.5 -500.502 
-59.4984 -503.495 
-890.497 -507.5 
655.5 -510.503 
676.905 -507.153 
-634.502 -514.494 
210.488 -531.5 
1017.5 -536.499 
246.497 -545.5 
-349.5 -552.494 
-854.499 -563.507 
660.501 -570.504 
462.507 -572.495 
1408.51 -584.49 
127.504 -587.509 
1093.5 -589.5 
461.499 -602.502 
-152.496 -616.503 
480.498 -623.501 
-439.499 -625.504 
-1338.5 -627.499 
303.502 -644.501 
-277.503 -649.498 
-826.501 -657.497 
374.5 -666.499 
707.495 -669.494 
636.491 -672.497 
-734.5 -676.496 
1008.5 -678.499 
1079.5 -682.498 
-378.501 -687.498 
-820.498 -690.501 
495.501 -691.5 
575.502 -695.357 
-734.499 -693.027 
-800.504 -698.497 
-688.503 -698.509 
882.507 -699.493 
247.5 -703.498 
575.157 -696.498 
1305.49 -709.497 
1483.5 -712.496 
229.499 -714.493 
-520.501 -719.498 
97.5012 -722.491 
974.5 -725.492 
813.502 -736.505 
1394.5 -739.505 
1156.5 -740.501 
1255.5 -759.497 
1223.5 -760.501 
-1548.5 -767.503 
1490.5 -767.497 
631.501 -774.501 
-693.494 -781.501 
-972.498 -785.497 
-957.959 -784.542 
1049.5 -786.494 
596.502 -794.498 
113.499 -801.497 
-116.497 -806.504 
-720.498 -810.493 
609.495 -813.499 
1113.5 -814.502 
154.499 -819.506 
-1465.51 -820.5 
-1542.5 -824.505 
-84.4972 -824.494 
728.498 -827.504 
516.495 -833.497 
-3.49744 -841.504 
-1108.5 -843.506 
-1615.5 -844.499 
-402.497 -844.498 
-475.501 -862.5 
230.497 -863.508 
1460.5 -872.505 
-454.495 -881.494 
-534.505 -890.502 
337.505 -901.493 
-705.494 -903.493 
-985.498 -906.495 
-453.504 -928.499 
426.491 -929.499 
1176.5 -934.496 
718.501 -937.502 
-555.87 -947.842 
-563.179 -948.466 
-241.501 -963.5 
304.501 -965.494 
975.504 -966.499 
-25.4946 -967.506 
888.497 -969.504 
339.507 -978.501 
-1355.5 -983.5 
1213.5 -1004.49 
1003.51 -1018.5 
-723.503 -1027.49 
63.5038 -1030.5 
-116.493 -1033.5 
1241.5 -1034.5 
1400.5 -1037.5 
-398.499 -1037.5 
632.5 -1047.5 
1543.5 -1049.5 
108.499 -1050.5 
-1432.5 -1064.5 
-113.493 -1080.5 
-1085.5 -1080.49 
1272.5 -1086.51 
28.4984 -1087.5 
278.495 -1095.5 
576.497 -1102.5 
652.498 -1109.51 
-59.5082 -1115.5 
235.494 -1115.5 
-952.495 -1116.49 
-613.118 -1119.13 
1410.5 -1120.5 
-620.154 -1121.08 
-1094.5 -1124.5 
828.501 -1137.5 
-1380.49 -1143.5 
-429.498 -1143.5 
-544.499 -1152.11 
-1300.5 -1150.51 
-544.5 -1152.5 
449.501 -1162.5 
1250.51 -1169.5 
-423.503 -1178.5 
-1469.51 -1181.5 
293.497 -1183.5 
-1447.5 -1187.49 
-70.51 -1200.51 
-726.496 -1204.51 
1518.5 -1204.5 
-321.494 -1209.49 
