-1375.5 1207.5 
-1328.5 1209.5 
437.494 1210.5 
1083.5 1207.5 
1239.5 1207.5 
266.5 1202.5 
-309.496 1201.5 
-29.4934 1198.51 
695.506 1198.5 
-1326.39 1204.68 
1150.5 1192.5 
468.5 1170.51 
-1000.5 1160.5 
-472.499 1157.5 
443.509 1156.5 
-647.5 1154.5 
-1217.49 1151.5 
-500.507 1150.5 
-1072.5 1143.51 
-1109.5 1136.5 
-855.496 1129.5 
-394.503 1113.51 
-629.506 1111.5 
840.504 1103.5 
267.503 1098.49 
-707.496 1093.5 
-321.499 1073.51 
-1102.5 1068.5 
-1016.49 1062.5 
-1391.5 1061.5 
-145.496 1061.5 
984.497 1055.5 
261.508 1054.5 
-217.505 1044.5 
183.502 1042.5 
-780.496 1031.51 
1252.5 1031.5 
-710.497 1030.5 
1114.5 1027.5 
1518.5 1026.49 
-21.5037 1018.5 
-1494.49 1018.51 
711.499 1001.5 
-412.495 983.497 
523.501 978.503 
501.498 968.497 
1088.49 966.5 
1178.49 957.499 
-339.503 954.503 
718.502 953.499 
550.502 952.5 
-990.501 930.495 
-362.507 907.503 
393.501 901.498 
-301.501 894.508 
1592.5 895.503 
-1615.5 891.5 
-1290.49 891.497 
285.5 868.497 
-61.495 859.506 
1181.5 859.503 
1339.2 856.347 
608.494 857.502 
-845.5 854.509 
1342.88 855.947 
-673.496 852.498 
-689.501 847.501 
-710.499 841.495 
-25.6735 840.497 
1041.5 827.496 
-1310.5 825.501 
507.495 824.5 
-1564.5 822.5 
57.5 819.502 
-673.499 814.504 
1542.5 812.504 
-152.501 800.502 
59.5039 799.497 
29.5021 796.501 
642.499 795.501 
-1069.5 793.493 
-276.497 784.506 
-1136.5 783.504 
-237.501 783.5 
1541.5 770.498 
1076.5 764.507 
-1587.5 761.501 
1510.5 758.5 
-82.5046 754.501 
-634.502 752.5 
-1539.51 747.508 
-475.504 743.494 
121.51 741.504 
-875.495 738.497 
-407.501 736.505 
-325.101 729.163 
-1157.5 726.497 
-323.167 727.792 
-668.498 718.493 
-1214.5 710.499 
-420.772 697.778 
446.504 698.505 
-469.503 697.508 
-1381.49 693.5 
898.502 694.501 
703.494 693.511 
-385.5 691.494 
-420.995 695.534 
1474.5 677.497 
913.362 664.811 
-51.5076 664.501 
598.498 662.506 
912.901 663.723 
913.329 663.665 
181.497 655.503 
228.507 643.499 
736.499 639.497 
67.5059 635.496 
917.433 634.43 
-1007.5 634.496 
1414.5 629.498 
185.505 627.493 
-17.504 625.497 
-774.502 621.502 
1604.5 611.501 
934.495 603.493 
899.507 597.499 
579.499 594.5 
-487.501 591.5 
-203.51 585.496 
-850.499 584.503 
-696.498 583.501 
-783.502 582.503 
701.495 576.5 
1133.5 576.501 
1521.5 572.501 
-143.497 560.498 
837.501 559.505 
-1038.5 549.495 
-54.4963 544.502 
1409.5 538.503 
-544.5 539.507 
206.501 537.495 
1373.5 536.505 
-352.502 528.503 
-896.5 524.507 
-630.504 522.501 
-992.5 517.505 
403.492 517.506 
-139.502 509.496 
1361.5 502.489 
1285.5 500.497 
-1215.51 498.497 
-355.502 496.5 
873.497 492.509 
1064.49 480.505 
11.5049 476.508 
184.499 467.501 
-85.4948 456.498 
37.5028 442.501 
943.412 439.5 
60.5043 436.497 
-59.5049 432.499 
-349.507 431.505 
651.503 431.494 
-1304.51 419.5 
-1138.5 414.497 
-481.498 413.497 
176.492 413.505 
92.4979 391.503 
-1531.5 388.492 
1276.51 373.498 
-407.499 372.503 
-1593.49 370.497 
222.507 370.509 
457.494 369.503 
1059.5 360.504 
427.501 355.498 
669.497 353.492 
-42.4963 345.497 
98.5039 344.495 
710.503 341.509 
-514.499 337.502 
473.494 335.491 
-259.499 330.5 
-863.503 319.505 
-126.5 312.501 
1508.49 312.504 
-309.501 310.492 
-206.489 303.499 
-530.493 296.503 
264.507 291.495 
1258.49 288.497 
-661.5 285.507 
500.768 286.177 
1130.5 283.499 
-801.503 276.493 
810.495 264.505 
80.4991 254.505 
967.496 250.501 
120.494 251.505 
1292.5 250.507 
411.499 245.502 
-324.498 231.501 
763.497 227.5 
68.5011 225.503 
-855.499 225.497 
1247.49 225.496 
1056.5 218.495 
-946.506 201.496 
-514.5 185.495 
-301.327 183.507 
-292.002 183.503 
1123.5 176.504 
888.5 173.497 
-1255.51 165.5 
-909.497 165.501 
314.505 163.495 
274.497 161.502 
-844.49 149.499 
246.499 145.498 
1467.82 142.393 
418.496 138.504 
551.503 134.499 
1468.16 141.838 
360.497 116.503 
-186.494 113.499 
1228.5 110.505 
-839.496 94.5 
-198.498 87.4974 
1083.5 84.5007 
-115.498 53.5 
1444.5 42.4967 
670.501 22.4996 
-1025.5 9.49854 
0.5 -0.498047 
-1106.5 -18.5024 
1589.5 -25.4985 
735.494 -27.4993 
-81.5029 -28.4933 
974.502 -46.5052 
590.504 -61.4987 
1367.5 -63.498 
33.5006 -65.4985 
-624.499 -69.496 
-482.499 -74.4956 
248.491 -75.5018 
873.505 -79.5067 
441.506 -88.501 
674.501 -90.4878 
610.501 -108.491 
1480.5 -124.496 
614.506 -131.498 
-1082.5 -138.507 
-776.502 -140.497 
-545.506 -152.5 
235.495 -154.5 
1554.5 -154.497 
210.493 -160.502 
-129.502 -163.498 
-662.502 -164.497 
-254.499 -164.499 
1439.5 -174.503 
-982.497 -175.5 
816.502 -178.498 
424.508 -180.5 
-166.499 -181.499 
-737.503 -183.497 
1196.52 -184.52 
578.499 -214.499 
-282.499 -225.504 
440.499 -230.498 
729.495 -232.5 
477.497 -234.499 
-1485.5 -241.499 
-601.497 -241.497 
245.502 -242.504 
528.493 -242.504 
837.498 -242.499 
-44.4905 -246.499 
-286.497 -252.496 
-6.49548 -253.508 
-841.509 -255.498 
-823.499 -256.501 
393.498 -259.499 
-1352.49 -265.5 
-291.503 -274.505 
425.951 -277.939 
433.258 -279.564 
-307.503 -282.507 
-1210.5 -285.496 
1180.5 -288.501 
-111.499 -296.501 
-543.501 -297.501 
481.496 -297.502 
-338.499 -302.498 
734.493 -303.496 
1580.49 -305.506 
430.507 -315.499 
-218.501 -324.498 
798.501 -332.503 
1534.49 -333.502 
-274.493 -341.503 
433.504 -342.502 
601.496 -342.502 
572.496 -349.501 
283.502 -359.5 
-1603.5 -363.504 
-312.506 -393.497 
257.508 -394.505 
512.496 -403.498 
894.504 -421.508 
-1466.5 -425.505 
-1441.5 -429.504 
21.5007 -436.501 
1172.5 -437.497 
-190.503 -483.506 
603.41 -484.742 
1030.49 -484.509 
490.504 -486.503 
600.163 -490.45 
269.5 -497.505 
809.497 -505.502 
1577.49 -520.494 
-1432.5 -524.508 
-1239.5 -528.504 
444.499 -530.499 
588.501 -538.499 
668.5 -549.502 
315.502 -561.499 
-1376.5 -564.493 
-24.2258 -564.683 
208.497 -566.497 
467.499 -568.498 
-13.6943 -570.087 
281.498 -582.496 
859.501 -582.503 
-1012.5 -589.5 
-650.501 -593.499 
1051.5 -598.5 
-1047.5 -600.509 
-693.497 -616.498 
-1559.5 -627.496 
1429.5 -640.5 
1473.5 -655.501 
-1340.5 -669.501 
928.5 -673.499 
-1104.5 -686.497 
466.498 -703.497 
218.498 -707.502 
546.501 -709.5 
-763.493 -710.496 
-1272.51 -712.5 
163.502 -715.501 
192.506 -720.499 
-90.4923 -741.502 
-277.926 -749.916 
354.497 -763.502 
931.491 -784.501 
254.501 -812.509 
532.494 -827.501 
-1276.5 -835.505 
-301.499 -846.504 
-1398.5 -852.502 
-679.506 -872.504 
-1127.5 -894.499 
660.503 -902.503 
-1445.5 -940.498 
117.506 -942.495 
747.501 -947.497 
1553.5 -957.499 
-244.488 -966.499 
1250.5 -970.502 
628.499 -979.494 
-216.494 -993.501 
1073.5 -997.491 
-190.502 -1008.5 
-1343.5 -1009.5 
-783.498 -1038.5 
736.501 -1046.5 
124.5 -1052.5 
250.498 -1064.5 
-874.498 -1089.5 
35.4994 -1104.5 
-1236.5 -1105.5 
256.5 -1112.5 
750.5 -1132.5 
966.502 -1132.5 
799.496 -1141.5 
600.504 -1146.5 
-168.499 -1152.5 
973.5 -1177.5 
-1387.5 -1190.5 
