-925.502 1206.5 
264.499 1204.51 
-602.494 1200.5 
-1372.5 1192.51 
55.4989 1180.5 
-739.498 1169.5 
-1259.5 1164.5 
689.503 1160.5 
74.5037 1156.5 
-1357.5 1152.5 
989.498 1149.5 
-1255.49 1144.5 
-111.501 1142.5 
-1331.5 1142.5 
-1201.5 1135.5 
-848.506 1131.5 
1269.5 1122.51 
-39.5018 1114.5 
-1004.5 1102.5 
1325.5 1101.51 
226.503 1094.5 
297.502 1094.5 
82.4982 1081.5 
-172.494 1080.49 
162.502 1073.64 
1517.51 1073.5 
-192.497 1070.51 
588.501 1070.5 
-329.509 1067.5 
162.152 1072.5 
655.499 1063.5 
463.503 1055.51 
-1513.5 1050.5 
-1495.51 1051.5 
-1190.5 1041.5 
859.499 1025.5 
547.496 1023.5 
390.502 1019.5 
1021.5 1015.51 
-1215.5 1011.5 
714.505 1000.5 
933.498 992.506 
-553.499 987.499 
208.495 988.501 
-314.498 982.504 
1281.51 979.494 
771.502 978.497 
801.501 978.503 
171.497 969.508 
-520.499 967.511 
-272.503 962.493 
1011.5 960.506 
-857.506 959.504 
605.499 959.494 
181.501 949.5 
-434.496 946.495 
-935.498 943.502 
89.4994 934.503 
294.499 931.501 
1522.5 930.507 
658.497 929.494 
1287.5 929.504 
-909.504 922.495 
1393.5 922.507 
-1496.5 918.503 
-995.504 916.492 
-196.499 914.497 
-1181.5 910.494 
-902.495 874.505 
-92.5037 872.498 
956.5 862.501 
-1016.52 858.497 
-1008.93 858.497 
-6.49573 842.498 
-676.499 831.491 
270.496 825.497 
-454.504 820.497 
690.505 813.493 
-127.502 811.499 
-94.4973 798.501 
422.5 789.501 
502.498 789.5 
-1178.5 783.498 
1548.5 769.493 
-833.489 763.499 
-544.489 759.503 
-366.5 756.496 
707.503 749.508 
-1563.49 741.5 
518.496 741.5 
-321.501 736.505 
177.504 725.501 
725.504 720.502 
1208.49 717.493 
-540.501 714.498 
861.502 714.497 
-399.496 704.502 
-1407.5 702.504 
980.497 701.504 
-1561.5 698.489 
-1047.71 690.652 
-158.503 690.496 
-1054.92 688.311 
-485.503 680.503 
119.494 677.502 
740.5 674.501 
-200.493 672.504 
188.506 669.502 
-853.496 663.511 
-970.502 658.892 
-970.501 658.502 
850.506 642.502 
343.501 640.499 
1279.5 640.505 
-844.489 631.498 
-2.49438 626.503 
-1562.5 613.502 
-1150.5 613.503 
-148.5 611.499 
704.505 605.505 
-494.502 603.497 
-739.499 600.5 
-650.503 592.499 
-927.498 584.497 
-38.5076 571.496 
920.495 571.506 
-746.507 570.507 
-599.495 570.499 
-653.499 560.492 
-335.5 559.497 
-253.121 559.231 
-248.137 554.131 
-991.504 546.493 
-1334.49 541.5 
-206.505 535.496 
-680.116 533.957 
-695.712 530.578 
-670.393 530.454 
-1270.5 526.501 
613.501 523.501 
-695.541 530.172 
3.49927 513.505 
-1219.5 509.494 
360.5 507.503 
1009.5 504.495 
-694.483 502.52 
-1057.49 498.504 
385.499 487.502 
53.5048 481.497 
1467.49 480.507 
-1072.5 476.498 
-691.599 473.967 
-199.496 468.5 
-1044.5 464.498 
-49.498 459.502 
-441.497 457.505 
-244.507 456.505 
-209.174 451.957 
1489.23 439.493 
1482.4 436.953 
-305.498 434.502 
370.497 434.497 
460.505 434.499 
-527.499 433.499 
801.501 432.502 
1464.49 427.498 
-1516.5 421.503 
-1574.5 415.505 
1101.5 415.502 
-1375.5 411.497 
-218.496 411.499 
-639.499 409.502 
-1095.5 392.504 
1224.51 381.497 
-385.495 380.502 
-1494.5 372.499 
-145.505 372.5 
273.507 363.505 
-1006.5 362.5 
-649.506 361.503 
-831.5 354.498 
1608.5 341.496 
204.495 338.491 
-112.495 335.497 
-623.496 328.498 
695.501 320.504 
-725.501 312.501 
-65.5063 302.493 
1117.5 296.509 
-679.501 292.505 
192.492 292.501 
-713.502 290.5 
-621.506 288.506 
17.5051 288.504 
-762.508 287.505 
265.498 282.498 
-830.497 278.498 
-82.4982 275.5 
-866.873 254.415 
-197.494 255.5 
222.495 254.499 
476.402 251.399 
-732.494 248.505 
-58.4989 243.505 
-839.493 242.494 
474.045 248.242 
-1578.49 240.505 
602.498 218.498 
-617.505 216.501 
-58.4963 216.504 
-1231.5 211.501 
-811.505 208.503 
-399.5 205.503 
105.497 205.509 
36.4989 187.509 
-1492.5 183.495 
-1082.5 174.498 
-599.5 161.5 
-1176.5 146.513 
-757.506 145.502 
-823.499 142.502 
-476.493 142.506 
981.499 135.502 
726.505 132.504 
185.506 114.495 
-276.496 111.504 
1070.5 111.501 
-1238.05 107.906 
1463.5 109.498 
-1245.03 105.969 
-895.496 104.499 
1124.5 104.499 
-57.4996 92.4954 
-973.496 90.5048 
-795.5 80.4991 
503.495 77.5066 
-739.505 71.5027 
738.827 64.3699 
749.631 61.1937 
-846.505 57.5026 
317.506 56.494 
-700.506 48.5013 
845.497 45.4923 
134.498 42.495 
-638.505 32.4991 
-323.493 32.5007 
-100.498 12.5071 
0.500366 -0.496704 
414.503 -7.49146 
-177.499 -11.5028 
-951.498 -24.5028 
1104.5 -25.4961 
-323.504 -27.4993 
814.262 -33.14 
817.318 -33.4984 
813.53 -33.495 
470.503 -44.4993 
-1274.5 -57.507 
-196.505 -57.4985 
-742.502 -59.4974 
777.507 -63.5007 
-1529.5 -66.4946 
-814.506 -80.4978 
-528.504 -79.5033 
-83.4985 -105.498 
668.505 -112.499 
6.50354 -117.499 
566.496 -119.504 
-440.503 -123.113 
-1292.5 -129.503 
420.501 -130.499 
-440.504 -123.501 
-650.497 -134.503 
1610.5 -143.503 
176.502 -153.496 
514.501 -157.507 
-1219.5 -168.503 
241.508 -170.503 
655.498 -177.498 
166.501 -179.492 
1453.5 -184.497 
-855.505 -185.493 
-1448.5 -186.5 
-1038.5 -196.509 
364.499 -209.51 
667.507 -209.501 
392.5 -212.5 
-662.504 -221.502 
-424.499 -224.501 
1019.5 -224.496 
635.499 -225.506 
-540.497 -228.497 
-353.498 -230.496 
-1276.5 -230.497 
-688.5 -231.502 
100.508 -240.501 
-179.5 -242.496 
1579.5 -242.503 
-501.503 -244.504 
282.504 -246.513 
-684.5 -253.501 
1310.5 -260.501 
-1016.5 -263.504 
-683.975 -262.351 
-1213.5 -292.499 
367.504 -296.502 
-14.4972 -304.5 
894.51 -313.506 
-1495.5 -314.496 
1620.49 -312.498 
-10.0067 -313.843 
-340.501 -328.501 
-925.504 -335.502 
624.501 -342.502 
-186.506 -354.502 
-1362.5 -356.507 
497.504 -358.503 
-1213.5 -359.499 
683.502 -362.507 
-191.031 -362.022 
-114.507 -368.5 
-505.502 -380.5 
-1619.5 -383.499 
-1337.51 -384.503 
-393.495 -384.497 
150.503 -385.494 
85.4971 -388.504 
1305.5 -395.496 
134.503 -401.498 
259.503 -401.499 
209.499 -411.501 
-1424.5 -419.507 
-245.498 -421.498 
-201.498 -431.499 
-1452.5 -438.496 
-527.5 -442.5 
13.4962 -445.493 
-239.498 -449.499 
-471.5 -453.501 
1140.5 -453.503 
-167.497 -456.499 
-493.5 -461.492 
1452.5 -461.502 
-1187.5 -467.501 
-144.504 -469.505 
-696.501 -471.503 
-533.501 -471.505 
-81.5076 -472.504 
-290.501 -477.504 
-1593.5 -483.509 
834.5 -483.494 
348.502 -510.501 
-1239.51 -511.502 
-1564.51 -518.498 
-1149.49 -518.495 
-738.495 -527.504 
-537.501 -538.501 
-237.501 -543.498 
-198.494 -543.495 
419.501 -543.503 
323.502 -546.502 
201.501 -548.501 
-1192.51 -549.493 
1476.5 -550.491 
60.5034 -555.505 
-771.499 -555.506 
-1072.5 -556.501 
478.495 -557.498 
725.499 -557.51 
-1003.5 -560.5 
-1511.5 -575.502 
350.499 -576.497 
-603.497 -578.501 
-1596.5 -579.501 
535.503 -580.499 
-976.508 -581.495 
1026.5 -583.496 
-654.505 -607.494 
-714.5 -612.492 
-1428.6 -620.943 
114.497 -618.505 
701.498 -619.503 
1084.5 -624.496 
-766.502 -625.497 
-1562.55 -628.501 
-1428.48 -621.541 
-209.498 -631.502 
-1561.13 -628.754 
-1444.51 -633.498 
-528.509 -634.506 
-1539.5 -635.502 
-811.5 -636.499 
-1589.9 -645.049 
-1589.99 -645.927 
-1559.5 -657.505 
796.503 -658.499 
-1167.5 -660.499 
-1476.5 -664.501 
-776.504 -663.506 
1073.5 -669.504 
-1591.49 -671.496 
-696.5 -687.503 
-713.5 -691.5 
-204.504 -694.503 
1228.94 -707.502 
879.499 -710.501 
-1029.5 -724.504 
-337.501 -725.496 
-237.502 -726.498 
-437.505 -732.504 
-468.504 -740.505 
-41.5006 -745.499 
-332.5 -747.497 
-427.505 -754.503 
-444.504 -760.497 
-1247.5 -763.505 
1386.5 -768.503 
365.497 -775.498 
1509.51 -774.505 
637.501 -778.497 
577.509 -783.499 
-515.497 -795.49 
1000.51 -799.49 
-644.499 -819.507 
-1021.49 -820.502 
218.496 -830.497 
-1581.5 -834.496 
645.498 -842.508 
-266.495 -851.502 
553.497 -862.502 
-111.501 -864.5 
-204.506 -866.501 
-766.503 -873.506 
377.5 -883.493 
-1018.5 -890.496 
-1082.5 -893.495 
-871.5 -893.503 
-1431.51 -896.498 
1336.5 -898.508 
-263.503 -899.504 
-81.4971 -907.5 
-328.498 -910.504 
1519.5 -913.497 
1158.5 -916.504 
592.496 -917.5 
222.506 -926.495 
342.502 -965.503 
-412.5 -967.497 
-242.503 -968.502 
459.498 -969.508 
-668.499 -977.502 
-1584.5 -979.504 
-505.504 -991.51 
128.5 -1005.5 
782.499 -1008.5 
485.507 -1012.5 
-1368.5 -1018.5 
259.5 -1023.5 
847.499 -1027.5 
589.497 -1031.5 
-1011.5 -1033.5 
-1149.5 -1037.5 
-742.5 -1047.5 
-1607.5 -1056.5 
-1451.5 -1057.5 
-399.5 -1059.5 
-1591.5 -1064.5 
-615.505 -1074.5 
1329.5 -1088.5 
-1142.5 -1100.51 
841.495 -1104.5 
1057.5 -1117.49 
444.501 -1118.5 
1489.5 -1126.5 
-645.496 -1135.5 
1185.5 -1148.5 
737.497 -1153.51 
-452.497 -1156.5 
27.4974 -1162.5 
77.4982 -1176.5 
-480.493 -1178.5 
599.498 -1178.5 
958.498 -1180.5 
496.499 -1181.5 
611.562 -1188.54 
661.293 -1202.74 
