729.502 1199.5 
1115.5 1197.5 
-646.505 1179.49 
-163.498 1179.5 
-95.4996 1178.5 
836.5 1173.5 
933.507 1171.5 
1409.49 1164.5 
427.5 1156.5 
1303.5 1156.5 
1418.95 1155.45 
988.501 1149.49 
-227.501 1142.5 
639.5 1141.5 
1466.5 1138.5 
-208.5 1137.49 
826.5 1138.5 
926.508 1134.5 
72.5067 1129.51 
-1086.5 1121.5 
-949.5 1105.5 
896.645 1102.77 
876.737 1096.54 
904.586 1098.47 
573.498 1095.5 
876.882 1096.11 
-633.501 1078.5 
258.5 1070.5 
874.521 1065.01 
-373.499 1064.49 
-453.5 1059.5 
313.505 1059.5 
-610.502 1055.5 
1465.5 1054.5 
-744.505 1051.5 
357.507 1044.49 
505.501 1040.5 
1403.49 1037.51 
874.381 1033.97 
1448.5 1033.5 
1157.5 1027.5 
490.499 1016.51 
1321.5 1007.5 
515.498 1006.5 
1053.5 994.506 
-1217.5 987.496 
1430.5 983.502 
-1507.51 978.501 
-57.4977 967.494 
923.503 962.503 
100.502 945.5 
216.498 940.502 
1213.5 939.499 
54.5029 938.502 
1519.5 937.502 
-1181.5 933.5 
461.499 929.502 
-427.503 928.503 
-1164.5 914.503 
907.5 908.5 
542.495 900.504 
116.497 899.505 
714.499 896.5 
1557.49 893.508 
932.499 872.497 
-333.505 853.506 
1614.5 853.499 
820.496 852.5 
-971.492 840.508 
-1577.5 839.501 
-549.504 834.504 
866.502 831.502 
830.5 829.501 
929.494 828.501 
-893.5 825.502 
779.502 825.499 
1586.5 819.499 
-1430.5 817.507 
708.504 815.492 
1429.49 793.504 
670.127 789.421 
-541.497 789.502 
-318.496 786.499 
805.504 783.507 
1613.5 780.501 
695.503 776.506 
43.4933 773.503 
-1588.5 763.507 
-1449.5 759.501 
-643.502 752.502 
925.509 748.505 
1607.5 746.495 
327.493 745.499 
720.498 740.492 
1171.5 735.501 
108.496 719.508 
457.505 708.507 
2.50244 700.494 
938.495 687.501 
370.503 681.497 
-1069.5 674.506 
769.492 673.497 
701.495 671.489 
1073.5 665.5 
-1559.5 646.5 
314.272 644.836 
307.148 643.138 
627.504 633.497 
-295.505 628.5 
1306.49 625.504 
552.5 621.5 
-597.502 616.495 
724.496 606.498 
-861.496 597.506 
-1369.5 595.499 
780.506 595.499 
1584.5 595.499 
670.5 584.499 
-837.507 581.502 
818.495 569.505 
-1089.5 555.509 
881.5 549.499 
-1088.67 548.925 
1236.5 537.498 
-1328.5 515.501 
563.5 505.507 
1513.5 502.498 
-296.501 499.506 
-205.498 495.504 
68.4961 492.499 
273.505 488.5 
1410.5 478.496 
-303.502 471.503 
1227.5 469.493 
-377.506 468.496 
-516.51 466.503 
-92.5037 465.497 
-1463.5 461.496 
763.505 459.501 
689.505 442.498 
-438.509 443.505 
1378.5 427.49 
-939.502 425.501 
986.503 425.502 
254.5 422.497 
-1452.49 392.5 
-177.506 388.506 
313.5 381.5 
126.5 380.505 
849.499 375.49 
1078.51 371.892 
-291.495 364.507 
1078.51 371.502 
1514.49 362.508 
-25.5007 346.497 
-1436.5 345.51 
469.497 342.494 
639.498 340.497 
-152.501 331.502 
261.5 328.502 
-171.502 313.503 
-768.499 311.5 
-54.5045 304.502 
-1098.5 302.492 
-1559.5 297.501 
-669.498 298.505 
827.496 288.496 
800.501 280.493 
-736.495 277.501 
-163.502 277.503 
483.505 277.505 
-314.504 276.498 
83.5012 270.497 
955.504 269.5 
310.497 266.503 
1083.5 262.494 
802.499 257.498 
1163.5 249.5 
995.504 249.501 
802.504 248.646 
-1297.5 226.497 
185.505 221.499 
-12.5004 220.493 
-473.495 218.503 
1369.5 217.501 
306.5 205.498 
-690.501 200.5 
561.495 200.502 
203.5 194.502 
-1592.5 175.501 
133.498 172.51 
-938.5 160.5 
-324.495 157.503 
111.497 157.5 
1164.5 143.498 
3.49841 133.503 
1568.5 127.495 
-679.5 122.501 
-225.501 115.5 
1575.29 110.924 
974.499 109.499 
321.5 105.5 
-1281.5 104.497 
23.4973 101.499 
1342.5 95.5013 
-1400.5 92.495 
1096.5 91.5068 
-987.5 90.5026 
-99.5032 86.4955 
-75.4933 84.4943 
1331.72 83.1699 
275.503 71.5125 
1429.5 70.5026 
-22.5004 54.4974 
350.506 54.4922 
-2.50891 53.5015 
944.503 49.4994 
60.4996 47.5037 
768.499 42.5024 
-91.5004 36.502 
312.501 32.4996 
-239.507 31.5018 
1262.5 31.488 
1002.5 30.4966 
977.5 25.5 
934.5 20.5054 
1312.5 14.5028 
-100.496 10.5034 
-25.509 11.5002 
413.504 11.4988 
20.5612 8.97241 
120.95 -0.935913 
1264.5 1.50354 
0.0534668 -2.02429 
34.5151 1.78479 
473.501 -1.50415 
721.499 -5.50073 
110.58 -7.36572 
118.515 -3.26379 
0.0130615 -2.43164 
22.4972 -15.5034 
1349.5 -17.5056 
1200.5 -20.4985 
-1174.5 -23.4983 
-2.50098 -23.4996 
495.501 -23.4979 
687.497 -28.4979 
82.5022 -31.4984 
1579.5 -34.5056 
1375.49 -35.5 
-59.494 -43.505 
-1267.51 -45.5096 
922.496 -45.4982 
1453.5 -49.4988 
326.499 -68.5039 
-54.812 -76.0057 
850.503 -74.5026 
-404.506 -76.4993 
-64.3191 -79.4111 
736.495 -90.4974 
685.494 -94.4967 
795.498 -94.5004 
-35.5021 -97.5032 
641.502 -98.502 
1252.5 -98.495 
1299.5 -105.495 
-315.504 -115.5 
672.496 -129.505 
-92.4989 -136.499 
921.498 -141.502 
438.502 -145.499 
255.503 -146.502 
-1189.5 -149.497 
-41.4963 -150.503 
-0.498657 -157.5 
746.502 -164.498 
1620.5 -165.502 
730.5 -165.5 
-1091.51 -166.506 
-218.5 -179.495 
-1098.25 -183.011 
-1194.51 -192.504 
1273.5 -194.504 
-524.504 -197.495 
-127.505 -224.499 
-890.494 -230.499 
106.502 -230.496 
439.507 -231.498 
-57.504 -243.501 
-103.503 -251.493 
1004.5 -254.496 
-496.506 -255.503 
971.496 -255.503 
1269.5 -260.497 
1114.5 -265.496 
-751.504 -266.498 
-730.494 -268.494 
-114.5 -272.502 
-7.5011 -273.497 
1013.51 -277.497 
994.501 -279.499 
-100.84 -281.22 
382.503 -284.496 
1226.51 -287.499 
-767.497 -288.502 
1117.5 -289.502 
-844.499 -291.5 
-1265.5 -293.501 
437.496 -293.509 
-263.391 -298.163 
784.496 -297.499 
-1055.5 -298.509 
916.502 -299.508 
-37.0258 -304.07 
-37.0349 -304.176 
-431.498 -315.5 
-353.509 -322.496 
565.492 -323.503 
663.5 -324.505 
-1037.5 -330.5 
-25.5042 -331.225 
148.5 -340.495 
-20.2495 -335.745 
-1611.5 -345.493 
1456.5 -349.501 
-349.502 -356.507 
84.5004 -357.508 
-446.499 -373.502 
318.509 -395.503 
-267.494 -397.497 
-468.035 -401.749 
-1300.49 -403.498 
-436.5 -405.507 
1176.5 -406.499 
-457.436 -407.203 
-484.505 -410.599 
-436.5 -405.587 
432.498 -418.499 
-483.144 -416.284 
-478.297 -420.056 
-477.189 -424.58 
-474.714 -425.842 
1244.5 -435.496 
-601.504 -437.496 
746.495 -438.509 
-477.367 -442.931 
320.502 -449.501 
1099.5 -450.504 
1353.5 -455.499 
1172.5 -455.497 
-717.498 -462.505 
-67.4973 -467.5 
-420.503 -478.494 
669.5 -485.499 
1003.5 -486.504 
904.5 -487.5 
1382.49 -506.502 
-194.498 -511.504 
-939.495 -519.505 
1187.5 -527.495 
787.502 -538.496 
-1147.51 -549.5 
-91.5004 -552.495 
-239.491 -568.494 
1006.5 -576.496 
256.504 -586.488 
753.501 -586.499 
-759.501 -587.508 
-976.501 -588.505 
-1387.5 -599.5 
440.496 -606.495 
-848.5 -609.501 
-731.498 -611.494 
132.496 -616.498 
61.5028 -632.495 
-1598.5 -635.496 
-233.5 -637.497 
939.499 -652.502 
622.503 -655.499 
-1118.51 -656.504 
909.499 -665.507 
-1238.5 -669.493 
-1590.5 -676.503 
-746.495 -688.496 
-1198.49 -696.493 
562.504 -697.502 
767.498 -707.505 
-870.506 -708.501 
625.505 -739.494 
-354.506 -748.502 
-29.499 -756.5 
213.5 -762.499 
-1131.51 -767.503 
753.505 -773.499 
-797.502 -775.49 
594.494 -783.504 
-366.499 -792.498 
1472.5 -792.507 
1198.51 -808.491 
-470.5 -823.496 
212.501 -822.499 
771.503 -822.507 
1531.5 -822.503 
-1517.5 -825.503 
-1382.5 -849.502 
488.501 -851.499 
679.491 -851.498 
1012.51 -851.504 
291.498 -857.506 
1507.49 -858.503 
-775.5 -859.491 
-412.5 -859.494 
-1374.91 -858.258 
-186.496 -870.501 
935.501 -872.509 
1597.5 -883.503 
-45.6791 -888.711 
-1000.5 -888.495 
516.496 -891.502 
-46.011 -892.074 
1360.5 -906.494 
523.501 -912.495 
-486.495 -913.498 
-682.497 -917.5 
-88.4929 -919.509 
-385.502 -924.51 
-638.501 -925.493 
529.967 -920.834 
492.506 -938.498 
-1593.5 -945.492 
-335.498 -958.501 
608.885 -960.67 
-742.501 -964.502 
611.597 -962.321 
-1373.5 -972.503 
1136.51 -974.497 
678.505 -989.494 
-308.505 -994.498 
-586.495 -1007.5 
1393.5 -1031.5 
239.496 -1042.5 
-457.498 -1045.5 
-960.505 -1062.5 
-1049.5 -1076.5 
210.502 -1083.5 
-1242.5 -1106.5 
-1512.5 -1107.51 
-1280.49 -1108.5 
-207.496 -1111.51 
-489.5 -1112.5 
305.501 -1113.5 
570.503 -1119.49 
127.491 -1122.49 
-1489.49 -1130.5 
-1489.5 -1154.5 
448.493 -1163.5 
856.501 -1171.5 
954.5 -1190.5 
312.505 -1198.5 
-1276.5 -1205.5 
