453.492 1203.5 
-892.499 1202.5 
-547.493 1202.5 
-645.496 1177.5 
1055.5 1176.5 
463.477 1168.73 
1026.5 1170.5 
288.496 1170.5 
463.155 1167.24 
463.571 1167.14 
-264.501 1148.5 
126.499 1147.5 
462.96 1135.42 
-1044.5 1126.5 
-889.497 1124.5 
1484.5 1116.5 
-480.504 1113.5 
246.495 1108.5 
-589.498 1107.5 
474.506 1099.5 
440.502 1098.5 
1416.5 1097.5 
1497.5 1094.5 
-60.4965 1093.5 
980.503 1091.5 
-1512.5 1083.51 
-562.493 1075.5 
-295.499 1073.5 
-454.504 1070.5 
375.503 1067.5 
-959.504 1065.5 
-431.501 1059.5 
918.504 1051.5 
-1086.5 1043.49 
656.51 1039.49 
1188.5 1026.51 
-1434.5 1020.5 
-308.502 1014.51 
-1263.5 1007.5 
1286.5 1008.5 
1081.51 1005.5 
-401.503 1004.5 
-1108.5 998.501 
1269.5 995.498 
1532.5 992.498 
-792.506 992.501 
400.495 990.496 
-850.497 977.495 
1002.5 977.501 
-550.503 974.508 
-1502.5 969.494 
866.499 962.498 
898.503 959.499 
-264.505 960.501 
177.502 960.488 
-1617.5 956.505 
-734.492 953.493 
-398.5 951.495 
-645.5 950.491 
577.493 950.495 
782.496 939.504 
1130.5 937.495 
850.502 930.503 
458.927 926.018 
-23.499 923.502 
-55.4999 912.497 
-1570.5 907.493 
1142.15 899.271 
-872.501 890.496 
1129.85 890.822 
-11.4978 884.51 
1159.5 879.496 
-1489.5 878.5 
185.5 874.5 
1134.5 870.498 
-1093.49 868.503 
-228.497 867.504 
222.501 856.498 
-425.497 854.497 
-383.506 845.503 
-849.499 832.5 
-834.909 830.579 
10.4513 828.527 
555.5 828.502 
-441.5 825.497 
-1484.51 813.506 
753.496 812.498 
-83.5007 797.501 
1592.5 793.51 
308.499 763.504 
607.499 741.501 
-725.506 739.501 
259.496 731.5 
1392.5 732.498 
453.499 728.496 
723.499 730.499 
-232.5 727.5 
1549.5 725.501 
-191.504 724.504 
945.497 722.492 
1122.5 715.498 
-262.504 714.505 
-740.495 712.492 
1340.5 700.501 
747.497 687.504 
530.501 685.493 
-89.5028 684.503 
-149.501 669.5 
704.501 668.499 
-652.502 664.499 
42.4976 663.499 
369.501 661.496 
1339.5 652.501 
1514.5 646.493 
585.503 635.501 
1391.5 602.503 
-1230.5 596.502 
-532.505 591.504 
1266.51 588.499 
-1067.5 572.504 
-621.499 571.49 
882.05 563.389 
1543.5 561.502 
669.502 558.499 
882.276 562.83 
535.503 549.499 
1248.5 546.497 
-1412.5 536.503 
144.499 535.497 
-502.504 519.501 
1136.5 508.49 
-1277.51 496.498 
-1143.5 495.499 
-1367.5 484.5 
-282.503 483.5 
199.508 478.492 
845.5 470.497 
57.5052 459.497 
-91.5072 449.503 
-817.497 448.502 
-683.502 435.498 
418.506 434.497 
134.501 422.498 
-724.495 420.503 
-1491.5 417.508 
-1470.49 415.502 
321.5 412.498 
70.5018 411.503 
-1210.5 405.496 
-302.502 404.501 
-328.496 401.506 
956.508 392.493 
71.5006 387.504 
-852.506 386.499 
763.495 378.503 
1378.14 371.699 
1366.8 365.716 
1494.5 361.499 
-858.494 359.504 
-117.497 359.499 
-1145.5 339.491 
-598.506 339.5 
-865.51 336.498 
1330.5 333.502 
-882.5 330.497 
-559.505 328.501 
255.501 322.501 
-300.494 314.494 
-918.499 312.501 
849.497 310.5 
27.507 309.5 
-107.496 307.499 
-71.4993 299.502 
-673.5 295.501 
-23.4949 287.496 
1368.5 284.497 
-155.503 283.499 
596.484 281.073 
168.498 277.503 
906.499 277.495 
-788.495 277.508 
968.5 276.499 
596.503 280.971 
806.496 269.502 
-850.5 265.505 
-125.245 261.54 
1553.5 262.504 
266.496 259.502 
-120.762 260.204 
-74.5054 238.499 
1553.5 226.502 
-125.493 224.495 
-894.499 215.493 
1578.51 212.499 
164.499 209.504 
-125.505 198.499 
-274.5 194.501 
1582.49 194.494 
567.499 185.5 
1135.5 184.508 
35.5018 183.505 
6.49963 179.51 
219.5 177.504 
-302.505 163.5 
-544.5 142.514 
903.495 138.505 
-55.5018 133.501 
860.499 116.507 
-769.506 113.499 
295.504 85.4982 
-301.499 61.5007 
-85.5026 55.4967 
21.2301 49.2559 
539.5 50.5 
-1276.51 39.4996 
17.0288 43.0415 
-600.954 19.1439 
-1324.5 18.4983 
409.502 18.5004 
-134.498 17.5039 
208.494 14.4991 
-592.802 14.0452 
1511.49 2.50525 
-367.502 0.502686 
0.508423 -0.507446 
-262.498 -3.50159 
73.4971 -16.5004 
-297.493 -20.5044 
-116.503 -20.5007 
866.495 -50.4922 
243.497 -59.4978 
-1406.5 -71.4943 
411.498 -86.4945 
1360.5 -92.4996 
-370.502 -134.498 
1107.88 -137.978 
-424.498 -138.503 
-876.91 -143.918 
-130.506 -145.504 
-396.5 -145.496 
294.505 -145.496 
727.494 -145.494 
1108.2 -141.804 
-681.507 -147.504 
-56.4928 -155.501 
761.498 -161.5 
-243.501 -194.5 
-344.495 -234.497 
-906.502 -236.499 
-1315.5 -240.5 
282.501 -245.501 
-81.5018 -263.498 
1179.51 -268.508 
907.499 -293.502 
27.5032 -336.494 
-487.492 -347.494 
-853.494 -353.499 
1102.5 -361.506 
1150.5 -374.5 
-826.497 -379.498 
100.499 -379.498 
-800.494 -394.5 
-1434.5 -397.503 
-10.5029 -402.5 
1459.5 -410.496 
531.504 -419.494 
780.498 -420.502 
378.498 -435.501 
-1536.49 -442.505 
-489.5 -448.494 
-369.5 -463.503 
80.4988 -465.499 
1583.5 -481.499 
-580.498 -492.5 
1537.49 -493.5 
-367.502 -507.503 
1168.5 -522.498 
-786.497 -528.505 
82.5095 -540.5 
271.496 -546.499 
-52.5024 -547.495 
124.496 -548.503 
271.497 -584.497 
-1233.5 -595.506 
-1428.5 -636.503 
399.512 -635.495 
607.496 -649.503 
1126.5 -652.5 
-1040.5 -670.502 
-540.496 -673.498 
1520.51 -686.508 
1035.5 -691.498 
-830.504 -711.504 
1484.5 -730.498 
161.498 -732.504 
-856.505 -744.503 
699.496 -747.499 
1546.5 -751.501 
-199.502 -778.504 
113.5 -783.499 
58.499 -795.506 
-1447.49 -796.499 
-191.497 -798.502 
-171.498 -816.497 
-809.501 -830.5 
-1409.5 -851.494 
389.498 -852.504 
-1278.5 -854.497 
-952.498 -854.499 
-236.495 -883.497 
1118.5 -912.5 
809.494 -914.51 
-403.493 -916.496 
774.503 -925.502 
-1516.5 -934.501 
927.5 -948.495 
-593.508 -955.498 
-874.501 -972.505 
-816.5 -973.499 
1106.5 -991.506 
-630.506 -1001.5 
1528.51 -1011.5 
298.502 -1012.5 
779.503 -1013.5 
-563.498 -1019.5 
-1048.5 -1023.5 
517.502 -1031.49 
-1280.5 -1032.5 
216.506 -1032.5 
469.492 -1040.5 
596.498 -1042.49 
937.504 -1042.5 
-590.502 -1078.5 
-467.5 -1081.5 
331.507 -1084.5 
543.503 -1089.49 
-1046.5 -1091.5 
-188.504 -1098.5 
939.499 -1098.49 
-813.502 -1099.5 
-269.499 -1116.5 
1162.5 -1132.51 
-1574.5 -1134.5 
1415.5 -1135.5 
465.503 -1211.5 
