-1122.5 1184.5 
-1612.5 1175.5 
134.495 1173.51 
-1043.5 1160.5 
835.501 1158.5 
-135.501 1151.5 
-1553.5 1139.5 
576.5 1136.5 
334.503 1111.5 
858.499 1104.49 
-471.509 1087.5 
870.501 1086.5 
248.496 1078.5 
232.5 1047.5 
1527.5 1016.5 
-780.504 1015.5 
1046.5 1015.5 
-490.505 1004.51 
495.496 1004.51 
1125.5 1000.49 
366.499 996.502 
612.5 986.504 
-1018.5 980.499 
-424.497 978.502 
132.499 967.497 
1525.5 964.505 
124.5 942.5 
473.503 934.499 
586.5 930.498 
360.503 927.507 
1391.5 922.502 
307.493 856.504 
913.504 844.5 
-1146.5 842.503 
476.498 828.499 
107.5 804.496 
83.4893 787.5 
2.50647 783.5 
624.499 775.505 
1411.5 768.504 
-439.497 760.505 
-60.5004 758.495 
1108.49 758.5 
1130.5 741.499 
869.501 725.502 
869.091 718.931 
644.496 698.489 
-811.497 667.503 
-144.503 666.5 
521.495 655.496 
-552.508 654.502 
-281.496 632.502 
1471.5 595.503 
518.496 590.495 
990.505 585.499 
-1014.5 573.508 
1564.49 562.5 
-479.495 558.499 
-1491.5 554.5 
-795.504 548.499 
523.505 547.501 
-612.499 539.495 
417.495 513.501 
214.496 511.501 
-1168.51 500.495 
233.495 498.5 
-95.4949 484.5 
809.504 476.505 
-1427.49 468.504 
-1242.5 462.497 
1142.49 451.502 
1249.5 426.501 
618.496 424.501 
1170.5 412.505 
372.5 408.498 
-1048.5 401.505 
-29.4993 393.5 
-190.504 339.5 
-1294.5 333.502 
-795.504 325.492 
1202.5 324.505 
-1552.5 321.501 
934.497 318.501 
508.499 313.499 
1460.51 312.498 
609.503 309.503 
872.503 255.503 
1196.5 241.501 
-1336.5 208.5 
-562.499 191.501 
225.501 187.503 
-252.5 184.501 
678.493 175.506 
593.498 169.502 
-907.502 154.495 
-784.498 151.499 
-451.489 139.496 
-1216.5 126.498 
-59.5046 110.5 
-198.507 86.4996 
-748.501 81.4974 
43.498 69.5076 
641.502 61.5013 
-266.503 40.5029 
-210.5 36.4982 
724.502 27.5007 
629.511 22.4978 
717.608 15.786 
-1003.5 10.4969 
-303.061 -0.96582 
0.505493 -0.504639 
191.489 -12.496 
-671.504 -22.5032 
1469.49 -27.5089 
-492.504 -32.5007 
275.497 -34.5015 
-1249.49 -36.5043 
-122.49 -47.4963 
550.504 -55.5028 
12.5002 -72.5027 
900.504 -75.5009 
-510.501 -85.4996 
1571.5 -91.5065 
213.5 -94.4979 
-469.499 -97.4956 
-931.499 -103.505 
731.498 -103.503 
-1470.5 -118.501 
-533.499 -122.498 
-1159.5 -128.5 
1295.5 -128.498 
741.494 -138.5 
1032.51 -143.5 
932.502 -145.497 
503.5 -146.495 
-835.497 -149.507 
1052.51 -149.498 
142.502 -161.5 
1010.51 -161.5 
1313.51 -196.503 
148.503 -200.5 
25.4996 -203.506 
47.4957 -204.505 
-623.502 -225.505 
-1139.5 -233.499 
-648.497 -238.496 
-433.503 -266.5 
-733.502 -278.505 
1374.5 -278.499 
239.496 -279.499 
401.503 -297.504 
-798.509 -304.501 
142.498 -307.494 
1589.81 -310.498 
1468.5 -310.498 
1585.62 -311.219 
604.492 -313.5 
238.5 -314.494 
108.502 -317.496 
170.495 -319.501 
1342.5 -336.499 
794.496 -339.5 
1023.5 -347.497 
1464.5 -347.503 
1151.51 -355.502 
1310.5 -358.507 
1289.47 -363.594 
1323.48 -368.469 
1347.24 -372.583 
1289.05 -367.544 
1294.78 -377.531 
1347.18 -373.034 
1291.41 -379.599 
1297.07 -382.583 
-364.502 -392.505 
747.49 -394.503 
507.502 -395.499 
1286.81 -401.117 
44.4915 -406.5 
-622.505 -412.497 
609.505 -416.5 
1556.5 -419.505 
-1339.5 -422.506 
535.497 -430.497 
862.505 -451.492 
268.506 -455.499 
1347.5 -455.497 
954.5 -457.505 
-343.495 -462.504 
977.501 -489.496 
-5.49829 -493.503 
-594.503 -498.499 
363.502 -512.497 
577.498 -512.499 
-1264.5 -513.503 
-124.499 -517.504 
366.732 -519.759 
195.502 -533.498 
-441.498 -537.495 
821.501 -538.497 
-808.501 -544.5 
945.494 -558.507 
1620.5 -571.503 
-903.5 -582.503 
-1167.5 -600.501 
-443.505 -604.505 
1547.5 -616.495 
350.496 -617.491 
-791.498 -621.497 
877.503 -625.497 
-530.505 -633.501 
-1410.5 -644.501 
-50.5004 -646.503 
668.499 -661.496 
-1008.5 -666.511 
95.4994 -677.5 
227.496 -687.499 
-1480.5 -692.506 
1535.5 -694.509 
-1024.51 -700.501 
241.505 -712.501 
881.505 -712.498 
236.494 -731.502 
399.504 -761.498 
1357.5 -763.496 
160.502 -766.498 
-989.498 -768.498 
428.489 -772.495 
-802.497 -774.499 
-116.504 -777.494 
1206.5 -792.504 
961.5 -802.503 
1332.5 -804.498 
591.501 -813.504 
-444.505 -820.501 
891.508 -823.492 
1003.5 -826.499 
671.502 -832.499 
-1593.5 -840.497 
386.505 -843.502 
1262.5 -853.505 
-787.498 -861.499 
-1235.49 -875.497 
1167.5 -877.502 
24.5 -880.501 
-192.5 -883.497 
418.49 -908.497 
145.497 -915.495 
-297.497 -916.501 
-49.4989 -917.497 
1040.5 -928.502 
-423.507 -929.5 
1278.5 -931.501 
-1556.5 -960.5 
1532.51 -966.501 
167.503 -979.5 
-988.499 -983.504 
566.499 -984.501 
426.506 -986.491 
-567.499 -990.499 
1327.5 -989.499 
598.499 -990.495 
667.499 -991.505 
1168.5 -1021.5 
1350.5 -1039.51 
714.5 -1040.51 
-947.501 -1040.5 
-127.499 -1059.5 
-1327.5 -1061.5 
-4.49792 -1065.5 
-911.504 -1066.49 
643.494 -1072.5 
1118.49 -1072.49 
-723.495 -1073.5 
474.5 -1073.51 
-986.504 -1092.5 
845.499 -1095.5 
774.505 -1097.51 
-162.501 -1107.5 
279.497 -1116.5 
-493.502 -1137.5 
-625.494 -1145.5 
96.4971 -1156.5 
733.496 -1165.5 
-417.505 -1168.5 
-114.503 -1172.5 
1011.5 -1177.5 
1443.5 -1210.5 
-123.506 -1211.51 
