568.913 1204.14 
1292.9 1209.14 
-498.101 1197.14 
-1106.11 1188.14 
-110.095 1188.13 
1121.9 1183.14 
536.901 1148.15 
-904.104 1143.14 
-519.105 1122.15 
-1387.1 1110.14 
243.909 1106.14 
-414.101 1093.14 
-1473.1 1090.14 
339.899 1085.15 
129.9 1023.14 
-276.108 1014.14 
1036.9 1008.14 
560.904 1002.14 
-1036.1 991.146 
1399.89 990.143 
1379.9 985.137 
889.9 967.15 
845.891 966.14 
-1024.11 962.139 
1370.9 960.146 
-187.097 940.138 
426.9 920.146 
538.902 917.142 
-1390.1 914.139 
-360.11 897.139 
1454.9 892.141 
-666.094 877.139 
1230.9 858.133 
-248.094 835.145 
964.901 827.14 
534.905 817.143 
613.894 785.146 
1286.9 775.146 
-88.098 757.137 
1200.9 752.139 
-1619.1 746.142 
335.89 734.128 
1288.9 731.134 
-1316.1 730.149 
180.903 728.137 
-878.101 717.145 
-1207.1 706.141 
-1085.1 696.136 
-1005.1 696.136 
-601.098 696.145 
-925.105 693.136 
-950.102 691.143 
893.906 684.138 
-1100.1 669.138 
722.895 652.145 
-972.101 648.142 
-1439.1 631.14 
-1524.11 629.138 
-800.104 628.132 
-975.092 623.144 
-926.101 614.15 
-1269.1 612.144 
-400.091 611.139 
-1027.09 599.144 
772.911 597.134 
829.895 575.139 
28.8973 574.143 
365.901 556.139 
676.899 550.145 
-518.097 529.131 
-844.096 525.147 
860.901 524.142 
-1036.1 518.142 
-917.094 508.139 
41.9101 501.144 
-395.095 477.141 
833.901 463.143 
1410.9 462.138 
87.8919 449.133 
-1378.1 443.14 
699.899 437.14 
1539.9 410.14 
-1181.09 401.128 
-113.099 399.145 
-386.099 383.139 
187.897 377.133 
1148.91 377.135 
135.893 343.14 
1052.9 343.142 
272.905 337.135 
1014.89 334.143 
-1088.1 333.139 
-494.107 333.143 
1440.9 326.14 
-1504.1 323.142 
-114.098 290.144 
1097.9 282.138 
1586.9 278.14 
876.904 253.143 
379.899 242.138 
209.897 229.133 
73.8951 195.145 
950.898 194.139 
-638.1 192.144 
18.8945 173.145 
-140.101 164.129 
-318.101 159.146 
1224.89 153.144 
-1049.11 130.142 
1261.9 129.135 
-381.096 118.14 
-1325.1 104.136 
-952.094 83.1474 
772.898 62.1493 
-1252.1 47.1333 
977.911 31.1437 
1164.9 18.1412 
976.902 7.1411 
-1335.1 3.14037 
212.904 2.14061 
288.906 -2.865 
-1341.05 -1.42494 
-153.107 -11.8622 
-137.101 -19.8601 
-178.106 -19.8643 
1255.9 -25.865 
84.9028 -26.8572 
396.893 -32.8593 
314.178 -42.4058 
310.381 -45.5645 
173.893 -63.8698 
-1128.1 -94.866 
-1024.11 -96.8576 
679.902 -110.864 
1132.9 -114.859 
-717.102 -124.858 
-612.096 -142.862 
104.889 -145.868 
6.89585 -153.861 
1414.91 -175.858 
-230.094 -178.855 
-1161.1 -184.861 
-1083.09 -199.86 
-138.094 -199.866 
1386.9 -202.86 
-822.096 -204.865 
447.888 -221.861 
-80.0993 -242.866 
796.898 -243.868 
1526.9 -243.85 
8.89902 -247.862 
1057.89 -257.859 
-526.103 -260.851 
914.907 -260.851 
14.7754 -259.617 
28.8772 -265.511 
-1602.1 -294.854 
1088.91 -309.856 
1027.9 -322.864 
-383.093 -326.867 
-760.1 -327.857 
179.894 -342.865 
-1054.1 -345.86 
-1325.1 -348.87 
507.904 -369.86 
548.903 -377.862 
-1363.09 -387.858 
-1166.1 -390.863 
1614.9 -389.869 
-510.095 -415.859 
551.904 -420.862 
825.894 -420.855 
1032.9 -421.866 
-94.1074 -461.861 
104.898 -497.861 
1168.9 -499.865 
-708.1 -517.87 
343.899 -527.851 
1013.9 -528.855 
449.899 -541.858 
419.896 -551.87 
882.893 -556.862 
-1583.1 -560.854 
608.899 -566.851 
-1417.1 -573.865 
-244.102 -583.867 
32.8974 -584.861 
426.892 -607.863 
580.9 -633.854 
-317.065 -646.617 
868.904 -646.861 
-334.091 -651.865 
731.901 -652.867 
-913.103 -665.855 
384.893 -665.853 
536.898 -690.868 
-1385.1 -697.858 
161.906 -700.86 
484.904 -708.863 
254.889 -710.865 
1257.9 -716.862 
-482.091 -735.859 
538.906 -741.858 
-492.115 -746.049 
-1103.09 -758.853 
-47.0944 -764.861 
-1417.1 -788.86 
-810.108 -810.856 
567.893 -816.858 
-273.095 -818.854 
-99.106 -828.857 
-1374.09 -838.858 
748.904 -855.865 
-1551.1 -882.868 
1016.91 -890.858 
-75.1 -903.865 
459.901 -918.865 
580.895 -936.858 
640.901 -942.854 
602.899 -943.856 
952.897 -949.859 
-511.101 -961.865 
-202.106 -962.863 
-1035.1 -976.856 
-1084.1 -977.858 
-710.095 -980.858 
439.886 -991.85 
181.9 -993.867 
666.912 -993.851 
-973.095 -1014.86 
-1166.09 -1043.87 
10.8991 -1057.86 
592.908 -1060.87 
-1000.1 -1076.86 
333.903 -1107.85 
438.896 -1113.85 
-720.103 -1130.85 
495.889 -1162.85 
607.895 -1199.86 
