-1110.5 1207.51 
-555.502 1210.49 
-986.496 1204.49 
936.492 1200.94 
556.497 1199.49 
-93.5049 1194.49 
-299.502 1183.51 
11.493 1179.5 
-526.499 1176.5 
933.508 1174.5 
1109.5 1171.51 
-141.502 1170.5 
-398.5 1166.49 
991.496 1161.5 
-298.499 1156.49 
701.495 1153.49 
944.494 1152.5 
317.498 1145.5 
546.497 1136.5 
-958.5 1133.5 
-798.497 1131.5 
-92.506 1129.51 
715.503 1128.5 
331.951 1125.99 
494.498 1121.5 
601.26 1120.15 
-228.498 1120.5 
-111.495 1118.5 
596.811 1119 
315.502 1116.5 
1318.5 1112.5 
1404.5 1112.5 
269.502 1110.5 
-579.499 1108.5 
-778.499 1108.49 
-128.5 1088.5 
55.4993 1085.49 
-425.503 1072.5 
-510.503 1070.5 
-679.497 1062.5 
699.502 1059.5 
535.498 1049.51 
-309.498 1040.5 
-156.498 1036.5 
-710.498 1034.5 
1042.5 1034.51 
-1525.51 1031.5 
856.501 1024.5 
627.498 1019.49 
-1419.51 1012.5 
1159.5 1010.5 
-411.507 1005.5 
-1161.5 1002.5 
-278.506 997.509 
-563.501 996.498 
-1562.5 993.507 
423.506 991.494 
-474.505 990.498 
-764.499 989.506 
47.501 984.495 
-271.464 987.594 
674.503 977.494 
125.502 971.497 
843.505 971.491 
830.852 957.999 
-714.499 955.501 
-254.499 944.497 
-647.505 927.499 
1433.5 922.506 
-123.496 899.498 
-191.499 895.497 
-446.5 893.492 
1294.51 892.495 
36.4999 885.499 
393.497 885.497 
-189.188 889.892 
-90.4894 878.489 
1445.5 875.505 
389.858 874.129 
407.506 865.5 
-145.501 864.505 
-536.498 862.501 
454.504 851.499 
-1397.5 848.505 
-10.5099 848.495 
41.4968 843.503 
1524.5 840.496 
777.501 832.489 
473.501 827.503 
1454.5 824.497 
-18.8662 810.426 
-13.6317 807.4 
308.496 799.496 
-71.5072 780.503 
-279.499 769.502 
-434.501 765.5 
-755.501 750.5 
624.503 738.501 
404.5 735.501 
-648.496 732.499 
447.5 731.494 
1258.5 731.492 
-979.499 717.493 
622.499 710.497 
-764.504 708.501 
130.498 704.501 
1293.5 705.497 
-1030.5 704.499 
-1202.5 701.504 
531.495 698.504 
-1163.5 686.499 
75.5004 681.499 
1407.5 681.494 
1098.51 672.493 
-1516.5 669.498 
400.501 659.498 
325.498 657.504 
163.504 653.503 
-169.504 647.5 
257.497 634.496 
-391.499 629.499 
293.502 629.494 
525.504 628.495 
574.497 622.497 
374.496 614.503 
307.505 613.504 
620.494 604.493 
307.499 604.39 
-1192.51 596.502 
-385.512 594.5 
352.5 593.494 
-474.504 592.507 
682.5 589.504 
237.501 578.507 
301.508 579.498 
-964.505 577.503 
279.496 558.49 
1140.5 556.51 
-210.504 553.5 
-499.497 551.495 
572.503 549.502 
-247.507 541.504 
698.648 537.352 
919.498 535.5 
427.496 530.496 
131.498 527.506 
253.509 521.492 
645.5 521.499 
158.501 518.494 
-1218.5 515.502 
1335.5 515.497 
352.499 512.495 
515.496 511.493 
1143.5 509.501 
353.494 493.508 
120.501 488.5 
-1185.5 486.502 
-451.51 486.5 
-1472.5 479.511 
821.499 471.495 
82.5006 466.496 
228.502 452.506 
180.5 450.496 
531.494 451.499 
796.502 447.506 
-76.4974 443.5 
-636.501 442.504 
-162.495 432.501 
-445.502 431.499 
331.512 430.503 
-563.513 428.5 
448.512 426.494 
481.494 425.503 
-701.498 422.499 
-728.504 421.493 
683.508 417.506 
453.049 421.006 
-409.493 412.498 
-127.499 408.492 
101.498 406.503 
-1553.5 405.496 
-328.501 404.5 
1160.49 400.499 
-999.506 398.495 
-418.425 398.109 
531.5 393.493 
-1254.5 374.491 
432.502 371.5 
-904.497 361.507 
-868.498 362.501 
740.495 355.503 
932.504 344.503 
1114.51 342.502 
-1508.5 341.498 
-627.498 336.501 
1251.51 335.506 
-309.504 317.497 
1599.5 316.505 
3.50256 313.503 
-937.501 311.497 
279.501 310.499 
-354.502 287.5 
93.4965 283.497 
960.5 281.498 
76.5094 275.502 
-319.5 271.503 
96.8112 276.821 
567.498 268.499 
529.501 251.503 
-1036.5 243.506 
-1471.49 240.501 
-441.493 239.501 
-729.5 231.495 
-112.501 230.499 
849.493 226.501 
401.509 225.495 
74.5004 218.499 
1134.5 215.509 
-1364.5 213.494 
-862.496 208.501 
-1462.5 205.505 
-116.493 201.5 
-1439.5 196.505 
-1364.5 196.98 
-1312.5 187.499 
-99.5006 181.494 
-970.507 176.503 
-272.5 172.498 
460.505 172.499 
1418.49 164.501 
729.501 158.495 
-1124.5 154.502 
-205.502 147.499 
979.497 130.507 
40.4978 125.491 
106.5 124.503 
-331.502 120.506 
-1616.49 118.496 
-92.4971 116.503 
1031.51 112.493 
-479.491 111.503 
-349.498 111.497 
-17.5005 108.636 
-1315.5 104.495 
-17.8489 107.496 
373.507 98.4979 
434.503 91.4938 
259.508 87.5034 
1203.51 85.4993 
-1345.49 77.4952 
193.495 57.5013 
337.503 58.5044 
622.499 55.4958 
-699.499 45.5021 
1503.5 44.5076 
769.501 43.5067 
-469.498 36.5002 
492.498 35.5007 
24.5033 33.5031 
-668.505 26.5038 
691.499 25.5016 
-997.502 24.4974 
-430.505 17.5015 
-9.50366 17.494 
545.504 15.499 
572.505 15.4944 
-1076.5 11.5032 
1005.5 9.49866 
-587.497 6.49377 
394.509 1.50146 
0.501343 -0.496094 
765.498 -3.50269 
-1053.5 -8.49316 
-1139.5 -12.4896 
-86.5035 -13.501 
-1326.5 -15.5038 
106.504 -18.5013 
1417.5 -22.5045 
444.499 -25.4957 
-359.505 -26.4971 
1017.5 -34.5043 
1227.5 -37.4933 
1113.5 -42.5074 
-1052.5 -52.494 
-1168.51 -65.6997 
-260.506 -65.4996 
-1160.95 -66.2651 
723.51 -89.5017 
-179.498 -94.4977 
-832.512 -95.4958 
-614.504 -108.499 
85.4988 -113.5 
-296.497 -121.493 
481.491 -130.496 
-264.501 -133.5 
-1342.5 -134.5 
230.491 -148.497 
306.493 -149.495 
-995.496 -157.507 
-708.498 -164.5 
-531.504 -169.494 
1273.5 -179.505 
-489.503 -188.507 
501.498 -189.501 
323.496 -193.493 
-707.498 -207.499 
-2.49487 -205.496 
-1592.49 -209.503 
519.492 -215.498 
-568.504 -218.5 
648.502 -222.503 
-1222.1 -224.117 
970.504 -223.503 
-1229.16 -226.086 
-330.499 -234.508 
761.495 -236.499 
-655.502 -240.496 
-58.5046 -249.497 
-372.494 -250.508 
-1028.5 -253.503 
-1148.5 -257.107 
8.50134 -258.495 
537.506 -258.501 
-1148.5 -257.497 
1380.49 -267.499 
-1022.5 -284.5 
158.496 -286.506 
644.514 -289.499 
1045.5 -295.497 
-178.498 -296.502 
-1340.5 -299.502 
1509.5 -300.505 
-323.501 -310.492 
-919.496 -315.494 
-669.502 -315.495 
507.491 -323.499 
-829.495 -324.497 
-1114.5 -329.501 
-929.505 -345.501 
-779.506 -347.502 
-215.5 -350.495 
-835.502 -356.501 
716.503 -357.493 
-512.499 -360.499 
-429.157 -360.773 
-1185.5 -367.498 
-1545.5 -370.499 
-424.676 -365.863 
-861.119 -382.078 
-881.265 -386.457 
-384.504 -384.5 
-1481.5 -385.501 
-857.021 -384.763 
-881.12 -386.888 
425.507 -402.503 
-1429.5 -403.503 
-174.499 -407.5 
-882.991 -413.991 
-1261.5 -415.5 
178.502 -416.502 
807.491 -423.495 
204.493 -435.502 
-1280.5 -438.503 
-124.497 -439.5 
-883.086 -442.021 
1242.5 -448.501 
-1253.5 -449.498 
-379.502 -451.494 
-627.5 -460.496 
-228.502 -460.497 
-425.497 -462.497 
-390.501 -468.495 
-489.496 -484.501 
-716.495 -485.492 
1268.63 -488.79 
191.498 -488.496 
279.504 -488.498 
1262.26 -491.632 
613.506 -492.501 
1248.92 -500.117 
-1614.5 -503.5 
-400.495 -508.503 
-835.507 -509.486 
904.503 -510.505 
-1318.5 -524.503 
-574.497 -539.509 
1027.51 -545.498 
-327.496 -549.502 
-1228.5 -556.499 
-850.504 -558.499 
95.4974 -559.506 
-1043.5 -565.494 
26.5 -585.497 
1397.5 -585.504 
-295.499 -586.502 
1585.5 -588.501 
-826.501 -593.503 
1606.5 -596.501 
518.501 -604.501 
-935.502 -609.498 
-248.494 -621.491 
-889.501 -630.5 
933.503 -629.499 
-926.497 -632.505 
15.4954 -632.506 
-977.503 -635.499 
-828.503 -635.502 
-163.499 -636.508 
89.5006 -642.499 
-1051.5 -645.498 
-266.5 -649.501 
-1093.35 -671.581 
-386.499 -670.496 
45.4974 -671.502 
303.415 -675.604 
-950.497 -678.504 
-242.505 -683.507 
-1065.5 -684.49 
301.763 -678.527 
431.499 -709.501 
-831.498 -712.503 
-243.503 -712.507 
-1496.51 -718.5 
-1040.51 -721.5 
-73.5004 -723.499 
-600.499 -724.508 
-145.506 -743.499 
-1339.51 -758.504 
-817.499 -772.497 
-1448.5 -789.509 
-989.498 -790.5 
-687.497 -792.499 
-1062.5 -794.509 
818.497 -796.505 
562.499 -801.498 
8.49731 -822.503 
909.504 -822.498 
1298.5 -823.502 
-476.498 -825.497 
964.497 -829.5 
-1522.68 -832.575 
-1145.5 -836.504 
-1536.08 -837.287 
-245.491 -847.503 
-1233.5 -852.507 
338.5 -861.499 
-1039.49 -862.496 
-978.509 -872.501 
579.497 -873.5 
593.136 -878.333 
146.5 -884.503 
-1098.5 -888.502 
690.505 -894.503 
-938.502 -898.497 
1510.5 -900.498 
-43.5046 -901.505 
1583.51 -906.497 
-531.501 -914.498 
-873.503 -916.501 
-293.498 -935.5 
-186.501 -949.5 
249.499 -955.503 
-376.497 -963.505 
961.502 -970.498 
666.263 -981.141 
-535.504 -982.501 
669.311 -981.496 
-1226.5 -983.496 
665.532 -981.498 
310.499 -996.501 
630.505 -1014.49 
-399.494 -1015.5 
-998.498 -1022.5 
-1598.5 -1024.5 
1510.5 -1042.49 
-763.506 -1043.5 
-1081.5 -1047.5 
-278.5 -1070.5 
521.495 -1071.5 
414.497 -1079.5 
-181.498 -1083.5 
-670.499 -1095.11 
261.513 -1094.5 
1488.5 -1097.5 
-670.499 -1095.5 
-905.495 -1110.5 
1.49805 -1122.5 
362.497 -1124.5 
70.4989 -1142.49 
512.5 -1146.51 
1338.49 -1145.5 
-9.50354 -1153.5 
-1558.49 -1157.5 
-1143.5 -1172.5 
527.501 -1183.5 
204.5 -1186.5 
-1354.51 -1189.5 
235.499 -1189.51 
898.502 -1196.49 
494.498 -1202.5 
1476.51 -1209.5 
