-773.493 1210.49 
-806.503 1182.5 
-393.504 1179.5 
629.502 1179.5 
-1545.5 1173.5 
-236.499 1172.5 
465.512 1172.5 
-1275.51 1157.49 
971.491 1146.5 
-498.504 1145.5 
-654.5 1139.5 
557.507 1139.51 
785.499 1139.5 
-861.5 1136.5 
-360.504 1134.49 
-562.502 1131.5 
-353.929 1123.11 
1086.49 1119.5 
-29.499 1114.5 
351.492 1114.5 
-810.503 1100.5 
50.5 1100.5 
603.499 1094.51 
771.498 1086.5 
-336.501 1078.5 
758.505 1071.51 
-740.505 1069.5 
-533.506 1030.5 
-203.498 1030.5 
-272.504 1027.49 
1355.51 1024.5 
-270.654 1021.89 
-41.4983 1013.5 
-169.499 1008.5 
319.498 1006.51 
-1520.5 1001.51 
-625.498 999.501 
1217.5 997.498 
-225.496 994.5 
315.339 992.807 
333.502 985.503 
1365.5 977.502 
-88.5092 975.493 
-35.4993 970.498 
381.502 970.501 
399.504 945.503 
703.508 945.497 
1442.49 940.496 
-97.8782 936.426 
-92.6433 933.4 
1373.5 925.5 
232.501 920.507 
-151.5 907.496 
-362.501 898.499 
-520.501 898.493 
-851.495 887.503 
-741.501 867.5 
-1082.5 857.504 
329.497 852.502 
549.497 852.495 
372.496 847.494 
-1314.5 844.499 
-1135.51 844.497 
-860.494 844.497 
1177.5 834.505 
-1273.5 828.497 
52.4984 825.507 
547.504 823.498 
455.501 812.504 
1211.5 808.499 
-2.5 803.505 
1323.5 781.49 
1018.5 777.499 
324.503 775.501 
248.499 774.499 
86.4974 772.502 
-251.493 771.505 
-476.493 756.503 
180.496 751.498 
216.501 746.496 
449.501 741.496 
-1302.5 735.503 
497.503 734.508 
230.497 730.503 
297.509 729.5 
-471.494 721.5 
-562.503 720.497 
229.763 720.027 
543.499 715.498 
-1065.5 711.502 
274.502 709.499 
604.504 700.502 
159.501 695.497 
224.5 695.498 
-587.492 678.505 
-293.496 676.509 
201.498 673.503 
-330.503 664.51 
493.503 660.498 
1056.5 659.503 
-1328.5 651.496 
620.355 647.078 
52.4989 644.502 
349.495 643.502 
838.499 642.496 
174.504 637.508 
79.4982 635.5 
566.499 631.501 
274.499 626.496 
436.497 623.495 
-1293.5 621.5 
-1592.5 618.49 
1247.5 616.5 
1058.5 612.497 
-538.5 610.494 
274.499 607.506 
40.5017 605.505 
2.50256 583.498 
740.499 579.502 
-727.496 568.5 
100.501 566.5 
149.501 567.491 
-158.493 562.509 
451.496 562.507 
-532.501 555.496 
714.511 554.501 
-653.496 553.504 
-245.498 551.498 
-794.501 549.496 
-821.5 549.503 
252.503 544.499 
369.498 538.503 
401.496 536.496 
-495.506 535.501 
-1100.5 528.501 
-209.503 528.497 
373.418 533.115 
-413.507 526.5 
602.499 525.492 
20.5004 522.505 
-505.911 520.371 
-1364.5 507.5 
450.5 503.496 
1073.49 503.505 
-1002.5 489.498 
-965.493 489.502 
351.499 482.493 
658.501 463.496 
-717.5 460.498 
848.5 450.492 
1026.49 446.502 
-1035.5 438.501 
1161.5 437.497 
-394.496 436.501 
-77.5007 429.499 
198.499 423.498 
1499.5 414.494 
-439.5 407.505 
11.5024 398.501 
-404.495 390.498 
-4.49548 389.5 
873.5 386.5 
15.6982 390.485 
485.503 377.505 
-1587.5 371.494 
-1137.5 370.498 
446.497 361.504 
-528.496 359.502 
-822.497 354.505 
-195.499 346.5 
-1476.49 343.496 
-1577.5 336.51 
319.505 336.501 
-957.501 332.503 
763.497 333.503 
-7.50378 332.496 
-1553.5 326.496 
-1475.5 325.506 
1043.5 319.502 
-199.497 318.497 
-1421.5 315.499 
1565.5 307.496 
-1068.5 301.505 
-182.5 297.501 
-356.506 290.497 
377.501 282.499 
-1226.5 280.5 
643.496 266.497 
1318.5 264.499 
-289.5 263.506 
-41.5022 239.508 
-416.49 238.509 
23.4998 237.499 
889.498 236.499 
-176.498 231.5 
-1423.5 230.502 
-566.499 230.5 
-435.497 229.494 
-101.503 222.638 
939.498 217.498 
-101.849 221.498 
290.494 209.498 
-1453.5 203.51 
350.501 201.505 
176.504 199.505 
1107.5 189.504 
110.5 170.497 
254.502 169.507 
-790.496 165.499 
536.505 164.505 
-556.495 154.498 
680.507 151.504 
-1095.5 147.5 
-58.4983 147.515 
-758.497 146.506 
1398.49 146.501 
407.499 145.501 
-516.497 135.503 
-1176.5 134.501 
604.498 133.493 
-92.5013 131.497 
-676.5 124.503 
459.5 125.496 
486.497 124.498 
-1151.5 114.505 
912.496 115.504 
-83.5016 113.502 
309.497 112.5 
-1240.5 110.497 
-1432.5 109.492 
676.499 104.496 
-170.497 101.498 
22.4957 94.4971 
-445.497 90.5012 
359.493 84.5089 
1312.5 80.5051 
923.5 72.5009 
-1150.5 69.4996 
1128.5 67.5011 
1016.49 63.5037 
-1271.09 56.4976 
-1260.05 56.5 
-345.508 50.4944 
-925.509 23.4926 
-264.502 20.5 
633.505 19.4993 
-703.494 9.49927 
0.501221 -0.490356 
-382.5 -5.49963 
-1448.5 -11.4961 
-349.493 -18.5034 
393.499 -19.5026 
145.506 -35.501 
-1091.5 -37.5026 
220.506 -37.5078 
-798.504 -46.4982 
-619.506 -52.5029 
-576.501 -71.5004 
1169.5 -73.5078 
413.506 -77.5015 
237.499 -81.5029 
-797.502 -89.5011 
-88.4993 -91.5059 
-1323.11 -103.122 
-656.499 -101.499 
430.502 -103.498 
-1330.17 -105.089 
557.503 -111.503 
873.496 -114.498 
-416.508 -118.5 
-744.498 -123.496 
667.49 -125.506 
-1123.5 -133.503 
-1247.5 -137.109 
-458.497 -134.5 
-143.5 -135.499 
-77.4944 -144.496 
-1247.5 -137.5 
447.501 -146.5 
1270.5 -159.497 
-1118.5 -165.493 
72.4985 -172.501 
551.499 -177.497 
-1443.51 -179.503 
-263.495 -181.497 
944.503 -185.5 
1513.5 -188.501 
1393.5 -192.503 
-409.495 -194.505 
-1012.5 -197.497 
-758.499 -197.499 
-920.501 -206.503 
-1210.5 -210.501 
417.503 -211.497 
-1022.49 -226.505 
-869.5 -229.501 
-301.496 -234.496 
-926.5 -237.495 
-600.5 -243.505 
-516.114 -243.761 
621.503 -245.496 
-1283.5 -248.508 
-511.132 -248.862 
-953.74 -263.665 
-973.258 -267.46 
-1586.5 -265.501 
-470.5 -267.506 
-948.388 -266.775 
-973.112 -267.89 
1566.5 -282.505 
-1533.5 -283.504 
335.503 -287.501 
-260.501 -291.502 
-974.482 -295.484 
-1360.5 -296.499 
90.5044 -301.497 
709.504 -309.495 
-1379.5 -318.502 
116.497 -320.504 
-974.602 -324.026 
-210.5 -323.502 
-1351.49 -330.497 
-465.497 -334.494 
1132.49 -335.497 
-715.493 -343.503 
-314.502 -344.501 
-512.495 -345.494 
-477.168 -350.032 
-805.501 -367.503 
-576.498 -367.505 
102.507 -372.504 
190.501 -372.494 
1156.34 -375.581 
518.502 -377.501 
1150.25 -377.65 
1136.93 -386.124 
-926.502 -390.498 
-487.497 -391.5 
1501.5 -394.491 
803.5 -395.496 
-1417.5 -405.504 
-661.502 -421.495 
921.504 -429.497 
-414.498 -431.5 
-1324.5 -437.495 
-940.503 -440.496 
7.49854 -441.499 
-1136.5 -446.5 
-60.5032 -467.499 
-382.494 -468.491 
1278.51 -468.493 
-915.499 -474.501 
1458.51 -472.5 
1478.5 -480.504 
423.505 -486.5 
-1026.5 -490.497 
-335.493 -502.498 
-979.498 -511.495 
829.502 -511.503 
-1016.5 -513.493 
-72.5063 -513.5 
-1069.5 -516.494 
-917.505 -516.504 
-250.507 -517.496 
0.498291 -523.498 
-1143.5 -526.502 
-353.497 -530.501 
-1185.88 -552.582 
-473.503 -551.5 
-42.4993 -552.503 
211.505 -555.497 
-1041.5 -558.498 
-329.501 -564.497 
-1158.5 -565.501 
209.847 -558.81 
336.501 -589.498 
-920.497 -592.498 
-330.485 -592.499 
-1597.49 -598.496 
-1131.49 -601.5 
-161.506 -603.504 
-687.5 -604.495 
-233.501 -622.506 
-1436.5 -638.505 
-905.501 -652.507 
-1546.49 -669.498 
-1079.5 -669.499 
-774.502 -671.5 
-1153.5 -673.507 
713.501 -673.498 
463.504 -678.504 
801.506 -698.508 
-80.4991 -699.502 
1176.49 -699.501 
-563.501 -704.505 
854.5 -705.499 
-1621.5 -712.5 
-1237.5 -715.501 
-333.504 -724.493 
-1326.51 -731.497 
244.5 -737.497 
-1129.5 -741.496 
479.506 -749.496 
-1067.49 -751.508 
493.131 -753.37 
55.5026 -760.5 
-1189.49 -767.496 
587.504 -768.501 
1377.5 -773.493 
-1027.51 -776.501 
-133.504 -776.492 
1447.5 -778.502 
-618.493 -790.505 
-961.503 -794.497 
-380.501 -811.499 
-274.499 -824.498 
155.501 -828.501 
-463.504 -838.503 
848.493 -841.503 
562.263 -852.142 
565.312 -852.499 
-621.498 -857.497 
561.533 -852.5 
-1317.49 -861.504 
215.499 -868.498 
527.503 -885.496 
-485.502 -890.504 
-1086.5 -898.5 
1374.49 -908.5 
1489.5 -913.504 
-849.496 -918.5 
-1170.5 -923.506 
1545.5 -925.494 
419.495 -940.5 
-366.494 -942.504 
315.505 -948.502 
-270.5 -955.506 
1522.5 -958.496 
1351.5 -960.495 
165.499 -963.502 
-756.5 -968.108 
-756.5 -968.499 
-991.503 -984.505 
-90.499 -992.496 
264.5 -992.501 
1206.5 -1007.51 
-21.4928 -1010.5 
410.499 -1012.5 
-100.501 -1021.5 
-1231.5 -1046.5 
424.501 -1047.49 
109.502 -1052.5 
139.497 -1055.5 
783.501 -1058.5 
-1444.5 -1064.5 
392.494 -1066.5 
1336.5 -1067.51 
-1015.5 -1085.5 
-746.501 -1085.5 
-667.502 -1090.5 
-876.503 -1091.5 
1077.5 -1093.5 
-171.5 -1093.5 
23.5037 -1097.51 
-1045.5 -1098.5 
-475.498 -1100.5 
-834.505 -1109.49 
-1043.5 -1124.51 
-1043.5 -1141.88 
-1430.5 -1144.5 
1388.5 -1144.49 
114.497 -1153.5 
664.503 -1160.5 
-297.497 -1170.51 
1513.5 -1181.5 
-289.734 -1187.08 
387.501 -1200.5 
-660.505 -1206.5 
