-1506.1 1229.14 
-1505.42 1229.47 
-1504.6 1229.64 
-1503.6 1229.64 
-1502.6 1229.63 
-1501.6 1229.65 
-1500.76 1229.49 
-1505.42 1228.81 
-1504.61 1228.65 
-1503.59 1228.64 
-1502.61 1228.65 
-1501.6 1228.64 
-1504.81 1228.29 
-1503.56 1228 
-1502.01 1228.05 
-162.096 1217.14 
-27.1005 1215.14 
-162.67 1216.14 
-161.991 1216.14 
-1232.09 1211.14 
-27.6653 1214.14 
-26.9936 1214.14 
-1234.1 1209.14 
-1232.18 1209.22 
-1230.67 1209.28 
-1232.24 1207.71 
-695.109 1203.15 
-695.669 1202.14 
-694.996 1202.14 
96.8983 1192.14 
96.3338 1191.14 
97.0099 1191.14 
969.57 1188.18 
971.87 1187.1 
967.368 1185.99 
969.46 1184.69 
971.932 1184.74 
969.528 1182.61 
-625.105 1171.13 
-673.101 1167.14 
-625.665 1170.13 
-624.996 1170.13 
-673.662 1166.14 
-672.994 1166.14 
-46.0982 1159.13 
-46.6656 1158.14 
-45.9868 1158.14 
796.901 1151.14 
796.335 1150.15 
797.013 1150.15 
-155.093 1130.13 
-1318.11 1129.14 
-155.665 1129.13 
-154.986 1129.13 
-1318.66 1128.13 
-1317.99 1128.13 
441.915 1119.14 
-565.102 1115.14 
441.342 1118.14 
442.009 1118.15 
657.889 1113.14 
-567.101 1113.14 
-565.187 1113.23 
-563.675 1113.29 
657.328 1112.14 
658.006 1112.14 
-565.244 1111.71 
-1411.1 1100.14 
-1411.67 1099.14 
-1410.99 1099.14 
868.894 1093.14 
868.339 1092.15 
869.003 1092.14 
-667.11 1067.14 
-667.67 1066.14 
-666.999 1066.14 
-116.087 1056.14 
-116.663 1055.14 
-115.987 1055.14 
-1391.1 1044.14 
-307.097 1041.15 
-1391.67 1043.15 
-1390.99 1043.15 
-307.664 1040.15 
-306.996 1040.15 
-349.106 1036.14 
-349.673 1035.13 
-348.997 1035.14 
1077.9 1022.15 
1077.33 1021.15 
1078.01 1021.15 
200.901 1008.14 
200.333 1007.14 
201.004 1007.14 
847.909 1003.14 
209.912 1002.14 
1084.89 1002.14 
847.344 1002.14 
848.014 1002.14 
209.342 1001.14 
210.005 1001.14 
1084.33 1001.13 
1085 1001.13 
92.888 987.136 
-819.087 984.134 
-651.097 983.131 
92.329 986.133 
92.9944 986.136 
-819.662 983.137 
-818.987 983.137 
-651.67 982.134 
-650.99 982.133 
-229.092 977.145 
-475.105 976.145 
-229.662 976.142 
-228.984 976.143 
-475.67 975.153 
-474.994 975.15 
743.906 969.141 
-500.094 968.146 
743.339 968.142 
744.013 968.14 
-500.669 967.142 
-499.991 967.145 
-826.091 958.136 
-826.668 957.138 
-825.989 957.137 
-1257.09 924.145 
-510.1 921.144 
-1259.09 922.139 
-1257.17 922.231 
-1255.67 922.293 
696.9 920.143 
-528.101 918.139 
-512.103 919.131 
-510.189 919.222 
-508.673 919.285 
-1257.23 920.714 
-326.098 916.146 
696.333 919.142 
697.011 919.14 
-528.664 917.14 
-527.996 917.136 
-510.249 917.711 
-326.659 915.145 
-325.994 915.143 
-587.113 907.139 
-587.668 906.142 
-586.998 906.14 
-484.096 901.143 
-1573.11 897.142 
-484.667 900.141 
-483.991 900.138 
-595.099 894.142 
-1573.67 896.143 
-1572.99 896.137 
-595.66 893.145 
-594.99 893.143 
-222.108 889.144 
-1450.1 885.138 
-222.67 888.149 
-221.994 888.149 
-1450.67 884.138 
-1449.99 884.14 
394.9 853.14 
392.9 851.14 
394.816 851.225 
396.325 851.282 
394.759 849.714 
-643.105 842.142 
-645.101 840.143 
-643.186 840.23 
-641.673 840.289 
-643.241 838.711 
1267.91 827.143 
1267.34 826.146 
1268.01 826.144 
-1594.1 810.149 
-1379.1 810.142 
-1594.67 809.147 
-1594 809.148 
-1379.66 809.148 
-1379 809.144 
-365.098 801.138 
-367.1 799.128 
-365.194 799.223 
-363.673 799.289 
288.903 796.136 
-365.26 797.712 
288.339 795.137 
289.008 795.136 
-768.098 787.144 
-497.106 787.14 
-768.668 786.15 
-767.995 786.148 
-497.663 786.143 
-496.995 786.141 
836.905 776.139 
836.342 775.137 
837.01 775.141 
-998.1 769.135 
-692.1 769.143 
-998.666 768.14 
-997.993 768.144 
-694.101 767.138 
-692.188 767.227 
-690.674 767.287 
-692.247 765.71 
-502.095 744.135 
-502.669 743.134 
-501.99 743.138 
542.906 739.137 
-403.104 737.144 
752.909 736.145 
542.332 738.139 
543.006 738.139 
-403.663 736.146 
-402.992 736.145 
752.341 735.14 
753.01 735.145 
546.002 732.662 
546.334 730.13 
547.011 730.129 
-118.105 721.15 
-118.66 720.145 
-117.989 720.145 
838.901 712.14 
341.896 711.137 
-816.104 710.14 
838.339 711.147 
839.015 711.144 
-1004.1 707.139 
341.334 710.134 
342.008 710.133 
-818.098 708.146 
-816.184 708.231 
-814.675 708.288 
-800.091 706.138 
-1130.1 703.137 
-1004.67 706.146 
-1003.99 706.142 
-816.238 706.712 
-800.663 705.151 
-799.988 705.148 
-1130.66 702.137 
-1129.99 702.133 
1252.88 698.132 
280.906 697.145 
-1153.1 695.144 
1252.32 697.135 
1253 697.135 
280.337 696.143 
281.01 696.146 
-1153.67 694.147 
-1153 694.148 
-163.105 691.137 
-401.113 687.141 
-163.66 690.125 
-162.997 690.122 
-401.674 686.139 
-401.002 686.138 
783.889 681.147 
-772.104 679.148 
783.329 680.145 
783.999 680.145 
-1195.11 676.14 
-257.097 676.149 
-1325.1 675.132 
-772.662 678.159 
-771.991 678.155 
-1195.67 675.142 
-1194.99 675.142 
-257.664 675.147 
-256.995 675.146 
-1325.66 674.137 
-1324.99 674.139 
-1057.1 668.149 
-1561.1 666.143 
-1057.67 667.157 
-1057 667.154 
-1561.67 665.141 
-1561 665.141 
-58.0861 659.143 
-856.105 655.141 
-58.6554 658.135 
-57.9921 658.136 
-856.67 654.152 
-855.995 654.147 
439.908 651.142 
1159.9 651.137 
439.336 650.136 
440.009 650.136 
1159.33 650.122 
1160.01 650.126 
93.8983 636.149 
1422.92 634.132 
-100.103 632.135 
93.3281 635.144 
94.005 635.142 
1422.34 633.124 
1423.02 633.123 
-339.103 629.142 
-100.664 631.141 
-99.9948 631.141 
-339.669 628.145 
-339 628.143 
-385.094 616.131 
-385.661 615.121 
-384.991 615.128 
139.904 609.138 
-827.095 608.141 
139.341 608.138 
140.011 608.133 
-827.666 607.147 
-826.986 607.145 
-494.426 603.185 
-492.136 602.109 
-496.634 600.998 
-494.55 599.691 
-492.071 599.738 
961.916 597.148 
-381.09 595.144 
-494.48 597.604 
961.34 596.155 
962.01 596.154 
-381.662 594.141 
-380.99 594.14 
-876.088 586.144 
687.886 583.145 
-876.661 585.14 
-875.985 585.139 
-1313.11 580.143 
687.331 582.146 
687.999 582.143 
-1313.67 579.147 
-1312.99 579.147 
335.893 572.139 
335.332 571.141 
336.002 571.142 
-1623.11 552.14 
-1623.67 551.137 
-1623 551.138 
-305.102 546.144 
18.8974 546.141 
-305.666 545.148 
-304.993 545.144 
18.3337 545.13 
19.006 545.129 
822.905 514.142 
822.338 513.143 
823.006 513.144 
1237.91 507.138 
1106.9 504.139 
1237.34 506.137 
1238.01 506.137 
1106.34 503.134 
1107 503.131 
-1286.1 499.142 
-1286.66 498.135 
-1285.99 498.139 
-537.09 485.145 
-537.659 484.142 
-536.984 484.144 
-529.111 480.141 
-529.851 479.247 
-528.992 479.137 
-622.099 474.146 
-622.658 473.155 
-621.995 473.15 
409.905 466.144 
20.905 463.141 
-1057.09 462.141 
409.338 465.14 
410.012 465.141 
-619.105 461.146 
-457.097 460.138 
353.892 460.142 
20.3409 462.14 
21.0088 462.139 
-1057.66 461.145 
-1056.98 461.14 
-619.669 460.146 
-618.998 460.143 
-457.662 459.142 
-456.987 459.142 
353.328 459.146 
354.006 459.147 
255.899 448.133 
255.328 447.134 
256.009 447.137 
205.896 440.146 
949.895 439.135 
988.891 439.138 
205.338 439.153 
206.008 439.147 
949.329 438.141 
950.009 438.14 
988.327 438.148 
989.004 438.144 
-509.112 434.133 
-509.669 433.132 
-508.997 433.133 
-237.101 426.145 
-237.673 425.14 
-236.997 425.142 
-1280.11 402.141 
-1280.67 401.142 
-1280 401.143 
711.91 398.144 
428.89 397.142 
711.338 397.14 
712.01 397.141 
428.331 396.147 
429.005 396.146 
1064.89 386.145 
-822.096 383.135 
21.8926 382.138 
277.905 382.144 
1064.33 385.146 
1065.01 385.146 
-822.656 382.139 
-821.988 382.138 
19.9004 380.142 
21.8142 380.218 
23.3293 380.27 
277.339 381.139 
278.008 381.141 
-1280.1 377.133 
21.7612 378.707 
-1280.66 376.124 
-1280 376.125 
-1126.11 371.136 
-1126.67 370.14 
-1126 370.136 
-408.102 362.144 
-318.099 361.14 
-1597.11 358.143 
-408.666 361.148 
-407.992 361.15 
-318.664 360.136 
-317.985 360.136 
-1597.67 357.144 
-1596.99 357.143 
402.915 354.141 
402.339 353.137 
403.02 353.14 
-1618.1 317.146 
1071.9 317.141 
-1618.67 316.139 
-1618 316.143 
1071.34 316.149 
1072.01 316.148 
-1406.11 302.139 
1366.9 300.138 
-1406.67 301.141 
-1406 301.141 
1366.33 299.147 
1367 299.15 
424.906 295.14 
422.9 293.142 
424.817 293.228 
426.33 293.286 
-1556.09 290.138 
424.756 291.709 
522.911 287.146 
-1556.66 289.142 
-1555.99 289.146 
522.334 286.14 
523.01 286.146 
1352.9 278.146 
958.903 275.144 
-307.114 274.139 
1352.34 277.144 
1353.01 277.147 
958.33 274.14 
959.006 274.14 
-307.67 273.133 
-306.999 273.136 
1178.91 264.139 
55.8977 263.136 
-293.105 261.142 
1176.9 262.141 
1178.81 262.229 
1180.32 262.289 
55.3334 262.145 
56.0083 262.142 
-293.663 260.145 
-292.994 260.141 
-38.0889 257.146 
1178.75 260.71 
-38.6555 256.141 
-37.9874 256.143 
1297.89 252.144 
1297.33 251.145 
1298.01 251.144 
-1307.12 241.142 
-1307.68 240.142 
-1307 240.144 
-406.097 233.136 
-406.664 232.133 
-405.992 232.139 
-790.097 226.137 
-790.661 225.131 
-789.998 225.135 
-993.106 203.134 
-993.669 202.133 
-992.996 202.129 
1193.9 193.144 
1191.9 191.125 
1193.81 191.218 
1195.32 191.282 
-1242.1 187.14 
1193.75 189.711 
-1242.66 186.131 
-1241.99 186.136 
-1006.1 182.138 
-1006.66 181.131 
-1005.99 181.129 
1044.89 172.14 
1044.34 171.141 
1045.01 171.138 
441.886 167.145 
123.892 164.143 
441.337 166.135 
441.994 166.134 
177.906 162.146 
123.323 163.146 
124.004 163.148 
-365.097 158.144 
-21.1024 158.142 
177.332 161.143 
178.007 161.145 
-365.663 157.149 
-364.989 157.147 
-21.6658 157.147 
-20.9929 157.144 
9.90537 152.138 
-580.088 149.134 
9.33689 151.142 
10.0072 151.144 
-580.663 148.138 
-579.983 148.14 
327.893 141.135 
327.334 140.137 
328.003 140.136 
806.891 134.14 
804.904 132.15 
806.808 132.23 
808.321 132.283 
806.752 130.716 
-965.089 119.138 
1443.91 116.145 
-967.099 117.136 
-965.176 117.224 
-963.671 117.284 
1443.34 115.138 
1444.01 115.141 
-965.236 115.711 
76.9055 110.137 
76.3288 109.135 
77.0096 109.141 
121.889 104.138 
61.9071 103.134 
121.331 103.133 
122.001 103.134 
61.3354 102.128 
62.009 102.132 
652.898 99.1369 
652.336 98.1362 
653 98.1354 
872.902 95.135 
1482.89 94.1379 
872.338 94.14 
873.019 94.1372 
1482.33 93.1417 
1483.01 93.1427 
-1079.09 89.1354 
-1081.1 87.1332 
-1079.18 87.2174 
-1077.67 87.2743 
44.9106 85.1379 
815.903 85.1423 
-1079.24 85.7142 
44.3318 84.1409 
45.0058 84.1373 
815.335 84.1363 
816.006 84.1358 
-362.093 73.14 
-362.664 72.1413 
-361.988 72.1385 
-1060.1 67.1335 
-1060.67 66.141 
-1059.99 66.1373 
-32.1116 58.1406 
-32.6702 57.14 
-31.9994 57.1435 
-183.094 53.1404 
-185.1 51.1456 
-183.183 51.2347 
-181.672 51.295 
-183.245 49.7141 
-1118.1 44.1429 
-785.095 44.1373 
-281.098 44.14 
-761.105 43.1384 
-1120.09 42.1362 
-1118.18 42.2222 
-1116.67 42.2806 
-785.668 43.1426 
-784.984 43.1432 
-281.666 43.134 
-280.993 43.1393 
312.906 40.1373 
-761.674 42.136 
-761.003 42.136 
-1118.23 40.7064 
312.346 39.1293 
313.011 39.1305 
512.889 35.1389 
512.331 34.1373 
513.006 34.136 
715.897 31.1429 
715.336 30.1407 
716.008 30.14 
136.902 21.1377 
-720.102 19.1415 
136.329 20.1344 
137.009 20.1354 
-720.669 18.1351 
-720.001 18.1396 
-266.101 15.1371 
-266.663 14.1395 
-265.992 14.1378 
-73.1011 9.13841 
-73.6671 8.13548 
-72.997 8.13622 
958.901 -10.8593 
-702.101 -14.8611 
956.891 -12.8523 
958.811 -12.7689 
960.336 -12.7127 
-654.101 -15.8519 
156.9 -15.8666 
-702.669 -15.8506 
-701.989 -15.8489 
958.75 -14.2825 
-654.661 -16.8517 
-653.989 -16.8496 
156.335 -16.8616 
157.011 -16.8606 
95.898 -27.8552 
-1532.1 -30.8659 
95.3316 -28.8551 
96.0025 -28.8554 
-1532.66 -31.8628 
-1531.99 -31.8615 
-109.094 -34.858 
74.9073 -36.855 
-111.105 -36.862 
-109.185 -36.7787 
-107.676 -36.7222 
74.3376 -37.8534 
75.0086 -37.8574 
-109.247 -38.2872 
-167.1 -44.8582 
-167.668 -45.8642 
-166.993 -45.8638 
259.9 -53.8617 
-1078.11 -54.8583 
-166.1 -56.8529 
257.9 -55.8676 
259.814 -55.7771 
261.332 -55.7155 
-1078.66 -55.8583 
-1078 -55.8546 
-168.105 -58.8579 
-166.187 -58.7703 
-164.667 -58.7108 
259.756 -57.2854 
-166.246 -60.2879 
-1247.11 -65.8578 
-1247.67 -66.8532 
-1247 -66.8519 
-629.11 -73.8569 
-629.669 -74.8539 
-628.99 -74.8577 
-158.109 -78.8611 
-75.1039 -79.8606 
-158.663 -79.8621 
-157.998 -79.8589 
-75.6695 -80.8605 
-74.9954 -80.8643 
-822.109 -99.851 
-674.104 -101.863 
145.897 -101.852 
-822.673 -100.852 
-822 -100.853 
-674.671 -102.866 
-673.99 -102.864 
145.335 -102.855 
146 -102.857 
909.889 -106.857 
1218.89 -107.855 
909.331 -107.858 
910.003 -107.858 
1218.33 -108.847 
1219 -108.851 
685.904 -114.857 
1159.91 -117.859 
685.332 -115.853 
686.008 -115.849 
-1277.11 -121.86 
37.8984 -121.868 
1159.34 -118.853 
1160.02 -118.855 
571.922 -124.857 
-1277.67 -122.868 
-1277 -122.863 
35.9012 -123.86 
37.8161 -123.781 
39.3279 -123.727 
-465.101 -128.864 
571.348 -125.873 
572.025 -125.868 
37.7602 -125.295 
-465.665 -129.867 
-464.985 -129.863 
-1077.1 -134.868 
1043.89 -134.857 
-1077.67 -135.859 
-1076.98 -135.862 
1043.33 -135.861 
1044.01 -135.863 
511.899 -153.862 
-1082.08 -154.859 
509.901 -155.873 
511.814 -155.783 
513.327 -155.722 
1302.89 -157.866 
-1082.66 -155.862 
-1081.99 -155.86 
-82.0922 -159.862 
511.757 -157.297 
1302.34 -158.864 
1303 -158.865 
-959.1 -163.868 
-82.6664 -160.869 
-81.9938 -160.87 
-959.669 -164.861 
-958.994 -164.863 
408.902 -171.861 
406.898 -173.865 
408.816 -173.777 
410.33 -173.717 
408.757 -175.292 
686.919 -179.858 
-370.097 -180.86 
229.897 -180.861 
686.341 -180.857 
687.012 -180.853 
-370.665 -181.854 
-369.99 -181.856 
229.335 -181.856 
230.007 -181.854 
24.8982 -188.855 
24.3354 -189.859 
25.0018 -189.856 
-91.1011 -201.863 
-479.089 -203.86 
-91.6721 -202.858 
-90.9909 -202.858 
553.899 -206.852 
-481.099 -205.863 
-479.182 -205.775 
-477.67 -205.715 
553.336 -207.864 
554 -207.86 
-479.245 -207.288 
157.89 -213.865 
157.332 -214.863 
158.006 -214.864 
595.903 -229.858 
1602.92 -232.86 
595.344 -230.86 
596.012 -230.859 
1602.34 -233.853 
1603.02 -233.855 
283.903 -239.859 
-1266.12 -241.859 
409.916 -242.864 
628.897 -242.859 
283.333 -240.857 
284.004 -240.856 
-948.094 -244.861 
-1266.67 -242.867 
-1266 -242.871 
-814.112 -245.863 
409.342 -243.866 
410.013 -243.865 
628.341 -243.853 
629.005 -243.856 
-948.66 -245.862 
-947.995 -245.861 
-814.665 -246.857 
-814.002 -246.861 
-1597.12 -258.863 
1145.89 -260.862 
-1597.68 -259.865 
-1597 -259.865 
-963.092 -262.862 
1145.33 -261.862 
1146 -261.861 
-233.095 -265.862 
-965.101 -264.87 
-963.184 -264.776 
-961.671 -264.712 
-471.1 -269.857 
-233.664 -266.868 
-232.988 -266.866 
-963.247 -266.292 
1168.88 -271.859 
-471.662 -270.854 
-470.993 -270.855 
1168.33 -272.859 
1169 -272.86 
-351.095 -293.863 
-351.653 -294.871 
-350.998 -294.867 
-563.097 -301.858 
-863.098 -302.853 
-779.103 -302.859 
-563.666 -302.855 
-562.99 -302.857 
-863.668 -303.853 
-862.996 -303.853 
-779.676 -303.87 
-778.998 -303.87 
-961.104 -326.856 
-961.665 -327.857 
-960.996 -327.86 
-756.083 -348.861 
206.893 -349.863 
-756.659 -349.862 
-755.986 -349.863 
206.328 -350.86 
207.005 -350.859 
-909.086 -359.862 
324.894 -359.856 
-909.662 -360.858 
-908.984 -360.854 
324.335 -360.865 
325.002 -360.863 
673.892 -370.858 
673.328 -371.851 
674.006 -371.854 
-999.098 -384.864 
-1590.11 -387.858 
-999.664 -385.865 
-998.987 -385.867 
-1590.67 -388.849 
-1589.99 -388.854 
-555.1 -391.857 
-555.663 -392.865 
-554.994 -392.863 
-876.11 -407.867 
649.892 -408.855 
55.8952 -410.864 
-876.673 -408.855 
-875.996 -408.859 
649.335 -409.854 
650.004 -409.854 
55.3203 -411.859 
56.0019 -411.862 
-31.0808 -417.844 
-171.104 -420.856 
-31.6612 -418.857 
-30.9896 -418.854 
-171.666 -421.854 
-170.993 -421.857 
-110.11 -433.857 
-1600.1 -434.86 
1088.91 -436.862 
-110.665 -434.863 
-109.992 -434.867 
-1600.67 -435.857 
-1599.99 -435.859 
1088.34 -437.868 
1089.01 -437.867 
86.876 -453.865 
-739.097 -454.857 
86.3303 -454.864 
86.9947 -454.864 
-739.666 -455.853 
-738.997 -455.853 
1291.91 -461.867 
1291.33 -462.869 
1292.01 -462.868 
395.9 -469.867 
-255.1 -470.861 
-549.105 -473.853 
395.332 -470.866 
396.01 -470.861 
-257.099 -472.852 
-255.185 -472.775 
-253.67 -472.723 
652.913 -476.862 
-549.671 -474.849 
-548.993 -474.848 
-255.243 -474.295 
652.345 -477.862 
653.012 -477.859 
-924.105 -481.862 
507.895 -482.858 
-924.667 -482.856 
-923.996 -482.854 
505.902 -484.861 
507.808 -484.778 
509.326 -484.721 
-1150.1 -489.861 
507.75 -486.286 
-1150.67 -490.86 
-1150 -490.863 
-1188.11 -509.857 
-149.096 -509.863 
-1188.67 -510.848 
-1188 -510.85 
-149.664 -510.864 
-148.989 -510.864 
926.904 -514.862 
926.333 -515.853 
927.011 -515.854 
1051.9 -518.865 
1051.34 -519.869 
1052 -519.872 
456.908 -527.864 
-1088.11 -531.861 
456.34 -528.864 
457.014 -528.868 
-1088.67 -532.861 
-1088 -532.861 
-514.105 -535.867 
1558.9 -535.858 
-958.115 -539.855 
-514.67 -536.866 
-513.995 -536.868 
1556.9 -537.849 
1558.81 -537.767 
1560.33 -537.711 
-958.662 -540.856 
-958 -540.857 
-911.094 -543.858 
1558.76 -539.289 
-911.656 -544.865 
-910.982 -544.867 
1239.9 -559.86 
941.894 -560.862 
-643.102 -561.863 
-882.096 -562.856 
1239.33 -560.862 
1240.01 -560.858 
941.331 -561.865 
942.004 -561.865 
-643.668 -562.857 
-642.992 -562.855 
-882.666 -563.853 
-881.995 -563.854 
-506.11 -566.862 
-506.681 -567.864 
-506.002 -567.866 
-93.0836 -581.862 
-140.1 -583.861 
-93.6656 -582.858 
-92.9856 -582.854 
-140.668 -584.863 
-139.992 -584.861 
-73.1073 -587.861 
-73.6735 -588.853 
-72.9975 -588.856 
111.892 -626.857 
731.901 -626.856 
91.8956 -630.861 
111.328 -627.86 
111.999 -627.86 
731.342 -627.858 
732.011 -627.856 
1023.9 -630.858 
91.3368 -631.857 
92.0025 -631.859 
1023.34 -631.858 
1024 -631.858 
1167.89 -642.863 
1167.33 -643.851 
1168 -643.853 
510.911 -662.853 
510.34 -663.851 
511.014 -663.851 
-221.108 -667.849 
-221.663 -668.86 
-220.99 -668.859 
-188.097 -679.864 
-300.09 -683.859 
-280.095 -683.86 
-188.664 -680.863 
-187.987 -680.862 
-300.662 -684.856 
-299.987 -684.855 
-282.102 -685.862 
-280.178 -685.776 
-278.667 -685.718 
-755.097 -691.861 
-280.235 -687.292 
203.901 -693.856 
77.8873 -694.859 
-755.666 -692.864 
-754.99 -692.862 
203.341 -694.855 
204.011 -694.859 
77.3287 -695.861 
78.0006 -695.857 
1452.9 -700.858 
1452.33 -701.858 
1453 -701.857 
624.903 -705.862 
624.338 -706.858 
625.006 -706.863 
-31.0979 -722.854 
580.887 -722.865 
-31.659 -723.861 
-30.9965 -723.859 
580.327 -723.862 
580.999 -723.86 
548.907 -733.861 
889.892 -736.856 
548.344 -734.859 
549.013 -734.863 
887.903 -738.857 
889.818 -738.77 
891.328 -738.711 
889.768 -740.285 
989.908 -748.869 
-393.106 -749.86 
989.338 -749.869 
990.016 -749.87 
-845.093 -753.858 
-393.665 -750.86 
-393 -750.862 
14.896 -756.859 
-847.099 -755.863 
-845.175 -755.775 
-843.668 -755.715 
14.3279 -757.868 
15.0002 -757.864 
-845.232 -757.295 
41.8937 -776.862 
801.911 -779.861 
41.3344 -777.858 
42.0024 -777.862 
1102.9 -780.865 
1144.91 -781.858 
262.912 -782.855 
801.332 -780.855 
802.009 -780.854 
1102.34 -781.868 
1103.01 -781.866 
1144.35 -782.859 
1145.01 -782.857 
262.343 -783.851 
263.008 -783.852 
110.904 -788.859 
297.894 -788.864 
110.333 -789.862 
111.008 -789.857 
297.326 -789.86 
298.004 -789.86 
959.899 -797.856 
266.901 -799.862 
959.34 -798.856 
960.012 -798.86 
266.337 -800.85 
267.012 -800.853 
779.897 -806.854 
777.901 -808.858 
779.814 -808.77 
781.333 -808.71 
-27.1016 -812.861 
779.756 -810.283 
-27.6632 -813.86 
-26.9914 -813.861 
1261.89 -818.851 
-480.107 -822.862 
1261.33 -819.858 
1262.01 -819.861 
508.903 -825.86 
738.905 -825.861 
-480.667 -823.863 
-479.89 -824.008 
1208.9 -827.857 
508.334 -826.867 
509.012 -826.866 
738.329 -826.865 
739.011 -826.864 
-478.615 -828.439 
-477.21 -829.512 
1208.33 -828.849 
1209.01 -828.848 
-213.109 -832.857 
-477.687 -831.007 
-476.982 -830.984 
-213.669 -833.86 
-212.997 -833.859 
-480.108 -846.864 
1627.57 -847.821 
-1381.11 -848.861 
1629.86 -848.895 
-480.666 -847.85 
-479.992 -847.853 
1625.36 -850 
-1383.1 -850.86 
-1381.18 -850.78 
-1379.67 -850.725 
1627.45 -851.304 
1629.92 -851.263 
-1381.23 -852.29 
1627.52 -853.397 
-1167.1 -860.859 
-1167.67 -861.865 
-1166.99 -861.866 
65.9031 -864.866 
65.3396 -865.862 
66.0147 -865.865 
710.238 -874.807 
713.099 -874.73 
709.33 -875.859 
711.57 -875.859 
714.061 -875.861 
757.897 -879.862 
757.334 -880.862 
758.01 -880.863 
-20.0821 -888.868 
-457.098 -889.849 
10.9106 -890.858 
-20.6684 -889.871 
-19.987 -889.868 
-457.661 -890.851 
-456.99 -890.853 
10.3358 -891.845 
11.0206 -891.849 
195.904 -894.864 
-110.105 -896.861 
-603.087 -897.856 
-1416.11 -898.862 
195.338 -895.862 
196.011 -895.864 
-112.102 -898.854 
-110.185 -898.772 
-108.666 -898.718 
-603.661 -898.863 
-602.989 -898.863 
-45.096 -901.863 
-1416.67 -899.866 
-1416 -899.865 
-110.24 -900.289 
361.902 -904.86 
1093.9 -904.865 
-45.6612 -902.868 
-44.9951 -902.865 
-943.099 -907.863 
359.902 -906.856 
361.817 -906.774 
363.328 -906.718 
1030.89 -908.863 
1093.33 -905.864 
1094.01 -905.862 
-943.665 -908.862 
-942.998 -908.868 
361.759 -908.292 
458.903 -912.857 
1030.33 -909.86 
1031.01 -909.862 
458.337 -913.866 
459.013 -913.867 
-6.10781 -927.861 
-6.67129 -928.855 
-5.99612 -928.858 
106.562 -931.818 
108.861 -932.903 
104.364 -934.003 
106.453 -935.312 
108.923 -935.269 
106.521 -937.394 
-576.095 -945.857 
-576.662 -946.855 
-575.992 -946.855 
11.8968 -956.863 
365.427 -957.933 
558.885 -959.863 
11.3362 -957.86 
12.0083 -957.859 
360.9 -960.383 
363.456 -960.064 
365.753 -959.377 
558.329 -960.862 
559.003 -960.867 
360.468 -962.001 
362.151 -962.241 
275.895 -980.866 
275.327 -981.861 
276.006 -981.861 
-498.096 -986.865 
-978.106 -989.86 
-498.665 -987.862 
-497.991 -987.86 
-978.667 -990.855 
-977.743 -991.085 
-973.044 -994.713 
-972.929 -996.722 
-971.996 -996.86 
1409.9 -1006.86 
550.909 -1007.86 
1082.91 -1008.85 
1409.33 -1007.87 
1410.01 -1007.87 
323.909 -1011.86 
550.338 -1008.87 
551.011 -1008.87 
1082.34 -1009.86 
1083.01 -1009.86 
323.337 -1012.86 
324.018 -1012.86 
1145.9 -1019.86 
-107.09 -1020.86 
1145.34 -1020.86 
1146.01 -1020.86 
-107.663 -1021.87 
-106.991 -1021.86 
-330.102 -1043.86 
-332.101 -1045.86 
-330.19 -1045.77 
-328.674 -1045.72 
-330.25 -1047.29 
470.909 -1053.86 
470.336 -1054.86 
471.016 -1054.86 
-114.094 -1062.86 
-116.1 -1064.87 
-114.178 -1064.78 
-112.672 -1064.72 
-114.235 -1066.29 
870.9 -1085.86 
-380.093 -1088.86 
870.337 -1086.86 
871.002 -1086.86 
-380.669 -1089.87 
-379.99 -1089.86 
-481.093 -1095.86 
-481.661 -1096.86 
-480.986 -1096.87 
27.9067 -1106.87 
27.3321 -1107.87 
28.0123 -1107.87 
1020.9 -1112.86 
1020.34 -1113.85 
1021.01 -1113.85 
635.902 -1117.86 
-1286.12 -1118.86 
635.334 -1118.86 
636.008 -1118.86 
-1286.67 -1119.86 
-1286 -1119.86 
-347.096 -1122.86 
-1432.1 -1123.85 
-482.115 -1126.86 
-349.103 -1124.86 
-347.182 -1124.78 
-345.666 -1124.72 
593.905 -1126.85 
-1432.66 -1124.84 
-1431.99 -1124.85 
-482.668 -1127.86 
-482.002 -1127.86 
-347.24 -1126.29 
591.904 -1128.86 
593.814 -1128.77 
595.327 -1128.71 
593.753 -1130.29 
-258.109 -1136.86 
-258.669 -1137.85 
-257.996 -1137.86 
-1204.1 -1170.87 
668.89 -1173.85 
-1204.66 -1171.86 
-1203.99 -1171.86 
24.9076 -1174.86 
668.337 -1174.86 
669 -1174.85 
24.3321 -1175.86 
25.011 -1175.86 
-375.095 -1200.87 
-375.664 -1201.86 
-374.986 -1201.86 
-1115.1 -1218.86 
-1115.66 -1219.85 
-1114.99 -1219.85 
