103.499 1212.5 
235.493 1193.5 
1616.51 1171.5 
-1478.5 1134.51 
-806.499 1131.5 
7.50256 1126.5 
511.501 1114.5 
-1061.51 1109.5 
920.504 1100.51 
-1194.5 1097.5 
-1595.5 1093.5 
860.498 1051.51 
286.501 1044.51 
945.492 1012.5 
-177.493 1004.5 
444.501 994.501 
1305.5 970.5 
-193.499 955.502 
-166.502 950.501 
-487.498 941.502 
371.503 940.502 
-415.501 931.501 
-449.498 915.494 
627.499 898.508 
515.502 880.502 
-1454.5 874.5 
1397.5 871.503 
1479.5 840.493 
-78.5022 834.494 
1047.51 817.492 
-538.502 802.498 
1440.5 798.503 
854.501 796.5 
1278.5 792.509 
378.504 788.499 
-954.501 772.5 
1047.5 768.493 
-744.501 766.499 
-278.5 764.5 
-1016.5 753.502 
-709.503 748.495 
847.501 725.501 
720.497 716.504 
-904.501 715.504 
-1286.5 710.502 
1614.5 703.499 
358.502 692.501 
-687.507 679.502 
-1328.5 674.5 
-947.496 659.5 
516.499 657.498 
-1535.51 653.505 
-10.5115 643.494 
881.497 638.497 
776.498 617.505 
-1323.5 617.505 
-1222.5 607.507 
-434.504 595.493 
94.4988 582.496 
-1383.5 571.5 
65.5011 571.497 
-386.502 563.504 
-1338.84 545.363 
-1540.5 545.498 
-1339.49 542.073 
1314.49 523.5 
-168.495 510.503 
-1458.5 496.502 
-113.504 491.494 
-1132.5 490.496 
897.496 481.495 
-47.496 472.496 
-1176.5 464.501 
1269.5 463.499 
-1397.5 430.499 
-737.497 426.499 
1065.5 397.499 
794.497 388.504 
1138.49 385.501 
-1328.5 380.489 
824.497 380.502 
1358.5 373.504 
-619.498 367.505 
-1411.5 366.499 
-1227.51 365.501 
-938.5 352.501 
-1226.05 354.176 
-958.496 345.5 
504.502 316.496 
337.505 305.502 
1065.5 303.501 
-887.499 300.499 
-791.503 296.5 
639.508 295.504 
-234.504 290.503 
-1175.5 289.502 
-897.074 288.564 
1107.5 282.495 
-1488.5 245.499 
-1120.5 235.499 
-139.497 232.504 
-554.501 230.508 
-1549.51 229.5 
-851.491 219.503 
1190.51 217.5 
1228.51 215.499 
-1309.5 212.501 
723.5 206.502 
-1058.5 202.508 
1075.49 195.497 
722.41 199.232 
-1502.5 192.5 
-1354.5 188.497 
226.502 174.5 
1152.5 174.492 
-275.503 160.495 
-1098.5 140.501 
1452.51 132.495 
880.497 129.504 
-1397.5 127.5 
-153.498 126.507 
-944.495 98.4972 
-634.499 85.4961 
1152.5 81.4983 
-1102.5 79.4982 
626.499 77.4908 
830.5 73.5104 
-373.498 70.5067 
622.836 66.0865 
180.498 60.5049 
-388.492 54.5011 
-1191.5 48.5021 
-853.504 43.5073 
987.497 43.4983 
-1279.5 28.5017 
-1133.5 11.5006 
-1261.51 9.49939 
0.501099 -0.503174 
229.501 -0.503052 
-686.507 -2.49353 
-1453.5 -7.49658 
161.493 -13.5065 
768.502 -15.5061 
-1180.49 -19.5101 
129.503 -24.499 
550.497 -39.5021 
53.5035 -52.4985 
-115.501 -73.4963 
61.4996 -92.502 
-183.495 -99.5021 
495.503 -104.506 
-593.498 -116.498 
-627.506 -122.501 
-32.8887 -133.414 
1193.51 -132.501 
-1067.5 -141.502 
451.495 -160.503 
-143.503 -162.49 
476.497 -162.499 
188.493 -163.498 
1412.5 -188.498 
-534.504 -216.499 
-654.502 -238.505 
1105.5 -258.497 
1148.5 -265.504 
-659.502 -266.5 
952.506 -285.503 
637.497 -298.5 
622.504 -299.507 
-1317.5 -313.502 
-663.499 -315.498 
882.501 -338.501 
258.506 -345.492 
631.5 -351.497 
-161.501 -360.502 
947.495 -360.5 
-1362.5 -367.5 
653.494 -369.498 
-258.504 -372.503 
-833.502 -377.503 
390.495 -379.494 
-142.506 -390.494 
-636.494 -402.504 
1004.5 -402.494 
1220.5 -408.499 
1246.5 -410.5 
1365.5 -415.502 
1147.5 -430.511 
2.49304 -432.5 
-49.5024 -436.497 
1278.51 -436.506 
119.498 -438.505 
-1076.51 -444.5 
-254.499 -462.494 
1570.5 -467.5 
431.502 -480.494 
-1352.5 -496.498 
-1532.5 -531.5 
-1134.49 -534.501 
-1.50281 -540.504 
1061.5 -586.502 
590.502 -586.504 
-1083.5 -593.5 
-435.494 -595.491 
746.5 -601.502 
931.496 -606.495 
-1307.5 -608.5 
-694.498 -617.493 
-1468.5 -634.504 
1334.5 -635.499 
-764.502 -636.5 
-1290.5 -649.498 
77.5038 -664.5 
646.493 -664.508 
-559.506 -668.499 
-786.501 -679.5 
-751.504 -689.503 
1449.5 -693.502 
-155.499 -699.507 
-47.5033 -702.497 
-1594.5 -707.498 
-1179.49 -714.504 
-1033.93 -720.953 
-1042.18 -726.222 
332.502 -727.503 
-102.504 -731.498 
-1621.03 -731.293 
767.504 -735.502 
887.494 -741.5 
-1185.5 -744.505 
-1575.49 -751.498 
1522.5 -755.499 
-185.5 -756.499 
1045.51 -758.5 
-222.502 -781.5 
11.5006 -798.502 
-1505.5 -814.506 
-1275.51 -818.5 
1545.5 -829.502 
-1619.51 -830.499 
-1212.49 -866.499 
-1450.5 -869.497 
413.499 -873.501 
-1159.49 -902.501 
904.498 -914.504 
196.509 -916.505 
239.495 -928.501 
1083.5 -940.502 
-565.497 -944.5 
819.497 -954.499 
-1585.5 -955.501 
265.502 -959.502 
-1508.5 -966.498 
1273.51 -976.501 
-232.493 -978.497 
250.489 -993.506 
30.5027 -998.497 
-1382.5 -1009.5 
214.497 -1013.5 
-980.507 -1017.5 
114.494 -1026.5 
1233.5 -1030.5 
345.499 -1049.51 
-1335.5 -1056.5 
-914.498 -1067.5 
-18.4966 -1071.49 
-1346.5 -1083.5 
375.499 -1082.5 
-1126.5 -1090.5 
-568.502 -1093.5 
780.501 -1104.49 
447.5 -1111.5 
-1598.51 -1150.5 
-475.49 -1150.5 
1441.5 -1159.5 
-318.502 -1161.5 
147.492 -1173.5 
-459.499 -1174.5 
-137.502 -1178.5 
1449.5 -1187.5 
-1382.5 -1199.51 
22.4937 -1204.5 
-1106.51 -1211.49 
