208.504 1207.49 
-467.504 1204.5 
445.797 1204.45 
-1267.5 1199.5 
-37.5013 1196.5 
816.491 1194.5 
1328.49 1193.49 
268.497 1183.5 
-1522.49 1184.5 
-688.496 1173.5 
1403.51 1168.51 
381.498 1168.5 
-1150.5 1165.5 
1236.51 1162.5 
-533.497 1156.5 
-209.499 1156.5 
-4.49292 1156.5 
-1594.5 1155.5 
263.505 1149.5 
-635.496 1145.49 
927.502 1136.49 
-1120.5 1133.5 
207.503 1133.5 
1329.5 1132.51 
818.504 1129.5 
38.5034 1119.5 
1541.49 1116.5 
964.499 1113.5 
-1549.49 1109.5 
441.499 1094.5 
1495.5 1087.51 
-1499.5 1071.5 
-613.496 1072.5 
190.497 1063.5 
-953.497 1048.5 
904.495 1044.49 
565.499 1042.5 
674.502 1035.5 
-234.501 1033.5 
-816.501 1032.5 
-1398.5 1031.51 
-1134.5 1023.49 
-1169.5 1018.5 
-780.498 1015.5 
-133.503 1011.5 
-1436.51 1003.5 
-959.5 997.495 
1467.83 996.493 
1478.63 996.498 
-89.5018 992.494 
930.5 989.503 
-788.498 988.495 
442.505 975.488 
765.499 975.499 
-295.5 972.503 
-196.497 957.504 
871.505 944.498 
1377.5 942.498 
-1340.5 920.5 
-1483.5 918.503 
1426.5 916.504 
143.502 910.494 
639.5 910.496 
503.502 902.501 
1301.5 900.497 
1385.01 898.347 
-1430.5 893.509 
1385.99 895.034 
261.5 873.5 
-1468.5 865.499 
-1551.5 862.502 
1050.5 862.498 
1332.5 862.506 
-1441.5 859.501 
-688.503 854.504 
594.507 854.504 
1041.2 852.204 
-1498.5 846.498 
-1051.5 843.505 
1069.5 829.498 
570.502 828.5 
1022.5 828.495 
120.956 821.735 
669.503 823.49 
-1048.5 819.504 
-1487.5 817.508 
-533.498 814.497 
278.503 811.497 
-903.5 811.501 
-1056.05 805.816 
1137.5 800.502 
-775.5 786.503 
-1078.5 785.501 
1558.5 784.498 
603.493 779.498 
489.498 778.493 
-623.494 772.498 
395.177 762.155 
-324.498 759.494 
898.497 756.495 
398.719 760.534 
1372.5 752.509 
1574.51 751.501 
1122.51 748.504 
-1128.5 748.502 
-1044.5 746.496 
-143.499 742.497 
365.499 735.502 
745.5 733.505 
-1430.5 727.499 
-672.499 720.505 
124.498 719.496 
-1240.5 704.497 
-398.51 697.503 
1620.5 691.496 
-125.887 671.332 
-139.495 666.498 
1339.49 665.501 
-142.795 659.104 
926.497 640.502 
409.504 620.5 
1164.5 611.5 
-1547.5 610.5 
-1349.5 601.497 
-700.506 601.496 
-1370.49 599.494 
1071.5 598.497 
1261.5 595.495 
1587.5 594.499 
1479.5 586.508 
744.501 578.499 
-1581.51 574.501 
179.505 573.505 
-874.489 570.504 
-60.4977 566.501 
1082.5 558.503 
542.502 541.495 
-14.5051 540.498 
360.498 538.499 
697.493 535.5 
-1612.49 529.493 
-894.503 523.501 
-342.501 522.501 
1021.51 522.496 
-1609.18 519.875 
-461.504 510.493 
138.493 501.497 
1485.51 493.503 
554.498 481.503 
863.498 480.501 
-827.5 479.498 
705.496 479.499 
1009.5 446.51 
-403.497 444.5 
1490.5 443.498 
-100.498 440.499 
-926.495 438.499 
669.498 437.5 
-470.498 433.497 
-214.5 425.499 
95.5017 407.498 
876.505 393.505 
332.502 390.498 
929.5 389.498 
-1478.49 378.497 
388.499 362.507 
-1225.5 360.501 
1356.5 357.503 
-1455.51 356.496 
144.497 351.501 
-725.498 347.502 
557.502 345.501 
1573.5 344.501 
-177.494 320.253 
431.504 317.496 
-56.5022 313.504 
-179.766 318.235 
396.499 306.497 
-857.501 298.496 
1138.5 281.505 
1220.51 274.497 
757.502 265.504 
-1142.49 264.5 
329.497 259.496 
286.5 249.503 
190.498 243.501 
855.497 231.501 
1193.5 200.502 
-536.501 192.501 
-256.504 191.495 
-1533.5 161.499 
723.496 160.502 
-1457.49 154.503 
-1206.5 148.499 
1243.5 135.491 
1120.5 134.505 
-464.501 118.498 
1172.5 118.502 
-284.498 117.498 
-262.498 110.495 
1276.5 86.5037 
297.502 82.4977 
315.505 72.505 
-625.499 55.4982 
574.5 44.5051 
-123.503 41.5038 
1596.5 30.5052 
-533.497 26.5026 
538.491 6.50488 
-711.496 2.49792 
0.5 -0.49707 
-160.499 -13.4982 
871.498 -30.4956 
339.491 -38.495 
-894.506 -47.4973 
-432.5 -51.5026 
-661.498 -56.5007 
-111.5 -65.4967 
1141.5 -74.5057 
-872.497 -75.5017 
1608.5 -83.5077 
-200.501 -93.4958 
-1450.51 -96.5032 
1467.51 -111.505 
-883.507 -121.497 
-1019.5 -129.505 
-203.498 -129.496 
1081.5 -133.502 
1533.5 -137.496 
476.492 -141.501 
-11.4918 -146.504 
-871.501 -195.501 
-1593.5 -200.501 
-213.505 -216.506 
-1353.49 -222.499 
1275.5 -230.498 
1161.5 -233.498 
541.503 -237.5 
1480.5 -245.501 
-818.5 -246.493 
1461.51 -252.505 
-467.505 -256.502 
593.513 -267.498 
-505.177 -290.975 
-1547.5 -291.5 
479.5 -301.502 
-1567.5 -305.5 
-1249.5 -334.497 
-43.5 -341.499 
19.501 -391.501 
1116.5 -413.5 
-891.502 -423.503 
333.506 -424.498 
169.498 -436.499 
984.499 -440.502 
-254.506 -446.5 
866.492 -459.493 
414.499 -475.497 
462.5 -487.497 
200.508 -490.5 
-461.497 -515.501 
192.506 -539.507 
311.497 -555.496 
-704.503 -574.499 
-1461.5 -592.499 
826.498 -597.498 
983.507 -612.497 
961.497 -615.492 
251.499 -625.496 
-690.499 -633.499 
1462.51 -644.5 
1207.51 -648.497 
-1348.5 -663.503 
568.503 -663.504 
1432.5 -665.505 
91.494 -689.505 
1034.5 -695.502 
310.505 -704.498 
1100.51 -718.505 
-1320.51 -722.497 
-344.505 -726.495 
-627.505 -734.5 
-94.5026 -755.503 
1418.5 -765.505 
-1067.5 -771.496 
-795.495 -774.501 
-330.495 -783.502 
-904.494 -786.504 
270.501 -793.503 
1183.5 -807.5 
37.499 -817.502 
974.496 -817.498 
-1587.5 -821.497 
1266.5 -832.497 
-770.501 -835.498 
287.495 -836.507 
443.5 -840.5 
471.503 -855.499 
-234.491 -859.503 
-408.5 -933.501 
-1414.5 -951.499 
1324.5 -953.494 
-1040.5 -958.507 
-730.5 -972.509 
-1345.5 -974.5 
-954.493 -977.493 
490.501 -980.495 
1505.5 -981.498 
1217.5 -993.506 
-1345.5 -1002.49 
345.499 -1001.5 
604.505 -1021.49 
-175.505 -1025.5 
-946.501 -1031.5 
507.5 -1035.5 
-980.495 -1042.49 
-321.497 -1068.5 
1217.5 -1086.5 
785.504 -1088.49 
407.501 -1107.5 
-632.5 -1115.5 
978.509 -1129.49 
1347.5 -1137.49 
-359.492 -1150.5 
99.4955 -1178.49 
-824.5 -1190.51 
804.502 -1210.5 
