529.5 1225.35 
530.541 1224.21 
528.832 1223.79 
255.9 1221.14 
529.897 1223.15 
-1538.1 1219.14 
255.336 1220.13 
255.998 1220.13 
-1538.67 1218.14 
-1537.99 1218.14 
-205.113 1202.14 
581.902 1201.14 
-205.673 1201.13 
-205.001 1201.13 
-192.103 1198.14 
581.33 1200.15 
582.009 1200.15 
-192.668 1197.14 
-191.994 1197.13 
-796.101 1175.14 
-53.1028 1174.14 
-796.672 1174.14 
-795.992 1174.14 
-651.426 1170.19 
-53.6675 1173.14 
-52.991 1173.14 
-649.134 1169.1 
-1505.11 1167.14 
-653.632 1167.99 
-7.09707 1165.15 
-651.537 1166.69 
-649.073 1166.73 
-1505.67 1166.14 
-1505 1166.14 
-696.092 1161.14 
-7.66433 1164.15 
-6.98928 1164.15 
-651.466 1164.61 
-696.665 1160.14 
-695.991 1160.14 
-192.099 1156.14 
-0.104272 1154.15 
-192.669 1155.14 
-191.996 1155.14 
-0.666284 1153.15 
0.000952148 1153.15 
-247.105 1148.15 
-105.091 1145.14 
-247.669 1147.14 
-246.997 1147.14 
383.911 1144.14 
531.899 1142.14 
-105.655 1144.14 
-104.985 1144.14 
383.338 1143.15 
384.014 1143.15 
529.903 1140.14 
531.812 1140.23 
533.328 1140.29 
-885.105 1137.14 
531.753 1138.71 
-885.67 1136.15 
-884.994 1136.15 
-67.1189 1132.15 
-67.6691 1131.15 
-67 1131.14 
295.897 1128.14 
-529.103 1125.14 
295.333 1127.14 
296.004 1127.14 
1507.91 1123.14 
-529.666 1124.14 
-528.995 1124.14 
71.8976 1120.14 
1424.91 1120.14 
1505.9 1121.13 
1507.82 1121.23 
1509.33 1121.29 
69.8976 1118.14 
71.8105 1118.22 
73.3305 1118.28 
1422.9 1118.13 
1424.82 1118.22 
1426.33 1118.29 
1507.76 1119.71 
71.7519 1116.71 
1424.76 1116.71 
-874.101 1108.14 
-230.101 1107.14 
502.885 1106.14 
775.906 1105.14 
-876.095 1106.14 
-874.181 1106.22 
-872.67 1106.28 
-232.098 1105.14 
-230.187 1105.22 
-228.672 1105.28 
502.333 1105.13 
503.009 1105.13 
775.339 1104.13 
776.013 1104.13 
-874.235 1104.71 
-230.245 1103.71 
235.911 1097.14 
1074.9 1096.14 
235.331 1096.13 
236.006 1096.14 
1074.33 1095.14 
1075.01 1095.14 
601.894 1086.14 
92.8933 1084.14 
601.335 1085.14 
602.002 1085.14 
92.3375 1083.14 
93.01 1083.14 
104.901 1072.14 
621.884 1069.14 
919.896 1069.15 
104.339 1071.14 
105.006 1071.15 
619.902 1067.14 
621.809 1067.22 
623.321 1067.28 
919.336 1068.14 
920.004 1068.14 
621.758 1065.71 
340.9 1057.14 
-686.109 1054.14 
340.339 1056.14 
341.018 1056.14 
-1393.09 1051.13 
-686.669 1053.15 
-685.996 1053.14 
-1393.66 1050.14 
-1392.98 1050.13 
803.896 1043.15 
803.336 1042.14 
804.007 1042.14 
410.91 1038.14 
141.894 1037.14 
-658.103 1034.13 
258.91 1034.15 
408.904 1036.13 
410.816 1036.22 
412.33 1036.29 
141.333 1036.14 
142.001 1036.14 
-585.102 1032.14 
-605.109 1031.13 
-658.663 1033.14 
-657.989 1033.14 
258.336 1033.14 
259.009 1033.14 
410.752 1034.71 
1312.9 1030.13 
-585.667 1031.14 
-584.998 1031.14 
-605.673 1030.13 
-605.005 1030.13 
1312.34 1029.13 
1313.01 1029.13 
-585.108 1015.14 
-585.666 1014.14 
-584.997 1014.14 
-216.107 1004.15 
-7.11099 1003.14 
-216.67 1003.15 
-215.996 1003.15 
-7.6769 1002.15 
-6.99062 1002.14 
-295.103 997.139 
-295.666 996.152 
-294.993 996.148 
648.892 972.141 
-987.104 971.141 
648.333 971.144 
649.004 971.147 
-987.661 970.142 
-987.001 970.146 
-1573.11 966.139 
-1573.67 965.145 
-1572.99 965.143 
366.902 960.132 
1156.9 958.153 
366.33 959.135 
367.01 959.138 
1156.34 957.149 
1157 957.147 
-1521.11 949.138 
-23.1077 947.137 
-1521.67 948.136 
-1521 948.14 
-23.6695 946.141 
-22.9984 946.141 
77.8932 941.141 
245.891 938.132 
77.3272 940.127 
78.0111 940.133 
397.9 935.139 
245.323 937.138 
246.004 937.136 
397.337 934.151 
398.006 934.145 
149.901 924.133 
149.329 923.145 
150.018 923.14 
-33.1112 915.134 
-33.6681 914.128 
-32.9984 914.127 
-199.092 905.138 
-578.105 904.139 
-199.665 904.129 
-198.993 904.129 
598.881 901.137 
-578.665 903.134 
-577.991 903.132 
-49.1028 900.149 
154.906 899.139 
598.328 900.145 
598.995 900.146 
-49.6626 899.152 
-48.9936 899.151 
154.336 898.141 
155.009 898.141 
4.90049 874.136 
4.32944 873.139 
5.01316 873.138 
-826.098 856.132 
-826.665 855.117 
-825.992 855.122 
-35.1217 841.137 
690.894 840.141 
1085.89 838.142 
-35.6682 840.136 
-35.0025 840.132 
-984.097 836.145 
690.337 839.132 
691.008 839.134 
1085.32 837.14 
1086 837.142 
-984.659 835.149 
-983.987 835.146 
985.907 832.13 
-395.103 831.138 
915.906 831.143 
-136.09 829.147 
-764.1 828.141 
985.337 831.123 
986.015 831.126 
-395.671 830.149 
-394.997 830.146 
915.341 830.143 
916.015 830.145 
-136.66 828.14 
-135.987 828.138 
-764.663 827.144 
-763.995 827.146 
-666.09 822.15 
-990.112 820.145 
-666.657 821.155 
-665.994 821.154 
-990.674 819.151 
-989.995 819.152 
-436.102 814.14 
380.903 811.142 
-436.668 813.143 
-435.994 813.143 
380.336 810.136 
381.013 810.132 
-447.418 803.1 
-450.546 801.054 
-448.529 801.259 
-449.854 799.625 
-430.099 789.138 
-432.104 787.145 
-430.188 787.228 
-428.672 787.284 
-1465.09 782.146 
536.884 782.133 
-430.249 785.713 
-1465.67 781.15 
-1464.99 781.149 
536.32 781.139 
536.996 781.137 
-817.102 774.147 
235.899 774.147 
650.918 773.144 
-817.66 773.14 
-816.993 773.14 
235.337 773.136 
236.001 773.14 
-980.101 769.141 
650.344 772.138 
651.013 772.14 
-603.093 768.144 
-980.663 768.148 
-979.996 768.142 
-603.661 767.145 
-602.992 767.144 
-1620.08 761.136 
-1620.66 760.142 
-1619.99 760.136 
-698.104 746.137 
-707.11 742.149 
-698.878 744.979 
-697.994 745.129 
-645.097 742.14 
-707.666 741.143 
-706.999 741.146 
-645.669 741.144 
-644.988 741.145 
1016.91 735.137 
1016.34 734.133 
1017.01 734.138 
-403.089 730.143 
-403.668 729.14 
-403 729.144 
-1582.1 721.136 
-1582.67 720.132 
-1582 720.135 
-1151.09 715.14 
-1151.67 714.136 
-1151 714.14 
-806.107 709.14 
-1273.09 708.152 
-806.664 708.137 
-805.999 708.137 
-1273.66 707.159 
-1272.99 707.153 
1110.9 695.135 
-784.099 691.132 
1110.33 694.142 
1111.01 694.14 
-311.105 688.145 
-784.662 690.14 
-783.99 690.143 
266.906 686.143 
-633.098 685.133 
-311.669 687.143 
-310.996 687.145 
266.33 685.144 
267.009 685.143 
-633.669 684.143 
-632.992 684.145 
-406.1 681.146 
-406.665 680.132 
-405.998 680.135 
-509.111 665.142 
348.894 662.145 
-509.668 664.136 
-508.993 664.135 
-619.101 659.14 
346.902 660.148 
348.817 660.23 
350.325 660.285 
-619.583 657.816 
-618.671 657.47 
348.766 658.708 
-614.468 653.092 
-618.169 653.699 
-668.092 650.142 
-615.39 651.575 
-613.018 651.211 
-672.67 647.512 
-669.74 648.01 
-683.091 644.139 
-676.003 644.9 
-673.136 645.105 
-683.666 643.14 
-682.983 643.027 
-328.108 638.148 
-1007.1 635.134 
-625.096 635.137 
-328.674 637.14 
-328 637.142 
-276.111 633.131 
1422.9 632.144 
-1007.66 634.13 
-1006.99 634.132 
-625.671 634.137 
-624.985 634.139 
-276.665 632.127 
-275.999 632.125 
1422.33 631.144 
1423 631.141 
1382.9 624.139 
1380.9 622.129 
1382.82 622.219 
1384.33 622.28 
-989.103 619.141 
-1047.08 617.137 
1382.76 620.712 
-989.664 618.145 
-988.993 618.145 
-1047.66 616.141 
-1046.98 616.14 
-681.095 612.142 
-840.099 610.132 
-681.657 611.144 
-680.992 611.146 
-840.668 609.135 
-839.992 609.136 
660.902 603.139 
356.897 601.138 
660.328 602.143 
661.01 602.142 
-981.09 597.175 
356.331 600.135 
357.004 600.134 
-145.098 595.146 
-982.201 595.711 
-981.091 595.709 
-145.664 594.152 
-144.994 594.153 
8.89927 590.14 
6.90256 588.148 
8.81724 588.236 
10.3233 588.295 
-1370.1 583.132 
8.76072 586.713 
-1151.1 581.138 
-1372.1 581.134 
-1370.18 581.216 
-1368.68 581.272 
-1151.67 580.137 
-1150.99 580.136 
-1370.24 579.708 
-719.112 574.14 
-228.097 572.132 
-719.671 573.139 
-718.998 573.14 
-228.664 571.139 
-227.987 571.139 
-1449.11 562.141 
-1014.1 559.141 
-1449.67 561.135 
-1449 561.134 
-1014.66 558.143 
-1013.99 558.14 
-1045.1 553.147 
-1045.66 552.144 
-1044.99 552.142 
307.909 543.134 
307.336 542.145 
308.013 542.146 
1290.9 529.147 
-770.094 526.139 
1290.34 528.139 
1291.01 528.137 
-770.672 525.133 
-769.988 525.136 
595.901 517.141 
1165.91 515.139 
-594.096 513.14 
595.34 516.134 
596.002 516.138 
-209.108 512.141 
1165.34 514.145 
1166.01 514.145 
-638.097 509.144 
-594.669 512.126 
-593.993 512.129 
-209.668 511.146 
-208.999 511.139 
-1261.1 506.14 
-638.663 508.138 
-637.997 508.138 
-1263.1 504.151 
-1261.18 504.226 
-1259.67 504.277 
-1261.24 502.712 
-675.102 498.148 
-677.098 496.149 
-675.183 496.227 
-673.675 496.28 
-675.237 494.714 
467.901 480.138 
-788.431 478.182 
-786.143 477.1 
467.337 479.149 
468.013 479.142 
-790.638 475.995 
-788.544 474.695 
-786.078 474.741 
-788.471 472.608 
606.898 459.134 
-866.1 458.139 
-320.111 456.138 
-424.098 455.14 
606.334 458.137 
607.008 458.132 
-866.664 457.138 
-865.993 457.139 
-320.675 455.145 
-320.002 455.145 
-426.097 453.139 
-424.181 453.219 
-422.668 453.274 
-424.236 451.713 
555.889 447.136 
555.331 446.128 
555.996 446.129 
-272.101 440.139 
-274.105 438.135 
-272.189 438.222 
-270.673 438.282 
-272.249 436.709 
-748.093 420.137 
-748.663 419.13 
-747.993 419.13 
-261.103 415.14 
-869.096 413.144 
-261.671 414.128 
-260.999 414.133 
-869.662 412.143 
-868.992 412.142 
-54.0974 402.145 
-54.6704 401.144 
-53.9947 401.142 
-673.078 395.141 
-1242.08 394.13 
-673.659 394.137 
-672.985 394.135 
-1242.66 393.14 
-1241.98 393.14 
-1084.08 382.15 
-1084.66 381.149 
-1083.98 381.151 
152.904 369.142 
152.341 368.148 
153.016 368.146 
51.9046 348.134 
-647.098 346.138 
-231.1 344.141 
51.3336 347.131 
52.0042 347.135 
828.928 343.14 
-647.662 345.135 
-646.995 345.135 
-231.661 343.137 
-230.991 343.134 
828.345 342.137 
829.025 342.143 
-629.095 336.139 
-247.091 334.137 
-260.097 333.135 
-629.668 335.139 
-628.988 335.137 
-247.668 333.142 
-246.993 333.145 
-260.656 332.135 
-259.991 332.137 
-498.093 324.15 
1492.9 324.14 
807.897 323.146 
-498.657 323.141 
-497.987 323.145 
1492.33 323.149 
1493.01 323.145 
807.339 322.148 
808.007 322.148 
-635.094 318.143 
-635.66 317.155 
-634.983 317.151 
-777.097 308.14 
-777.661 307.132 
-776.993 307.135 
-78.0919 291.137 
-78.6613 290.135 
-77.9884 290.135 
-1097.09 284.144 
684.903 281.141 
-1097.66 283.144 
-1096.99 283.145 
-1258.09 278.141 
-918.094 278.144 
684.329 280.135 
685.008 280.138 
-1258.67 277.144 
-1257.99 277.141 
-918.662 277.145 
-917.986 277.146 
1562.89 273.14 
-223.099 269.138 
1562.33 272.141 
1563 272.14 
-733.096 267.136 
136.912 266.143 
-223.671 268.138 
-222.99 268.137 
-733.662 266.143 
-732.988 266.144 
-623.112 262.148 
136.342 265.134 
137.014 265.136 
464.894 262.14 
-623.673 261.15 
-622.999 261.149 
462.899 260.131 
464.805 260.222 
466.327 260.285 
464.744 258.707 
984.905 253.136 
-605.09 251.139 
-521.097 249.14 
-184.097 249.136 
984.341 252.14 
985.003 252.136 
361.899 248.141 
-605.664 250.136 
-604.992 250.137 
-523.098 247.123 
-521.184 247.221 
-519.672 247.287 
-184.662 248.13 
-183.991 248.132 
-503.096 244.143 
361.33 247.128 
362.007 247.132 
-521.243 245.71 
-503.662 243.143 
-502.996 243.14 
-124.097 235.138 
-124.666 234.14 
-123.986 234.137 
-681.095 230.145 
-1174.11 229.14 
-510.094 227.138 
-681.664 229.142 
-680.99 229.145 
-1174.67 228.145 
-1174 228.144 
-510.66 226.138 
-509.987 226.135 
-499.098 220.137 
-8.09548 217.138 
-499.667 219.139 
-498.999 219.142 
-10.0985 215.137 
-8.17935 215.224 
-6.66519 215.283 
438.908 210.143 
-8.23635 213.714 
720.897 208.143 
438.334 209.145 
439.011 209.145 
720.329 207.15 
721.006 207.149 
21.9005 192.135 
139.903 190.143 
21.3304 191.14 
22.0051 191.137 
-393.098 187.139 
139.333 189.136 
140.009 189.142 
-1515.09 185.136 
-988.094 184.143 
-1500.09 183.134 
-393.661 186.135 
-392.996 186.134 
409.899 183.137 
-377.1 182.133 
197.888 182.136 
-1515.65 184.13 
-1514.98 184.129 
-990.098 182.137 
-988.177 182.227 
-986.668 182.288 
-1500.67 182.129 
-1499.98 182.132 
409.33 182.14 
410.005 182.137 
-377.659 181.135 
-376.99 181.132 
197.329 181.134 
197.998 181.133 
-988.234 180.713 
-885.094 176.136 
-725.103 173.141 
-885.662 175.132 
-884.989 175.136 
-725.672 172.145 
-724.995 172.147 
-1053.1 162.138 
198.564 161.18 
-513.097 159.14 
-77.0938 159.145 
201.076 160.067 
-1055.1 160.134 
-1053.18 160.225 
-1051.67 160.286 
195.446 159.229 
197.601 159.067 
-515.103 157.151 
-513.184 157.228 
-511.674 157.28 
-77.6583 158.143 
-76.9895 158.143 
200.916 157.567 
-1053.24 158.708 
195.432 156.008 
1194.9 152.141 
-871.095 151.14 
-513.243 155.709 
197.637 154.707 
200.753 154.776 
1194.34 151.149 
1195.02 151.148 
-871.665 150.149 
-870.987 150.147 
40.8932 140.135 
-1466.1 138.138 
40.3297 139.135 
41.0062 139.133 
-1466.67 137.134 
-1465.99 137.133 
-651.443 131.182 
123.908 131.14 
-1229.09 129.138 
-649.142 130.104 
-689.087 127.14 
-653.639 129 
123.334 130.139 
124.011 130.139 
-1229.66 128.136 
-1228.98 128.136 
-651.544 127.695 
-649.077 127.736 
-689.664 126.147 
-688.99 126.146 
-651.471 125.612 
-114.119 119.142 
887.9 116.136 
-263.092 115.144 
-114.675 118.146 
-114 118.14 
887.334 115.137 
888.01 115.133 
-263.663 114.133 
-262.986 114.134 
-637.096 103.138 
467.905 102.141 
-637.667 102.144 
-636.993 102.143 
467.333 101.133 
468.011 101.134 
-1217.11 96.1383 
-1443.11 95.1449 
-478.098 94.1355 
-1217.67 95.134 
-1217 95.1348 
-523.102 92.1445 
-1443.66 94.1506 
-1443 94.1487 
-478.663 93.135 
-477.989 93.1339 
1149.91 90.1358 
-525.097 90.149 
-523.18 90.2275 
-521.67 90.2804 
1149.34 89.1339 
1150.02 89.1327 
-523.233 88.7053 
-205.082 82.1422 
-205.66 81.1431 
-204.978 81.1471 
26.8882 78.1377 
-942.098 77.1355 
-162.089 77.1357 
-634.101 75.1358 
1599.9 75.1428 
-614.102 74.1459 
26.3296 77.1371 
27.0003 77.1363 
-942.669 76.1395 
-941.989 76.14 
-162.659 76.1415 
-161.992 76.1396 
-634.672 74.1428 
-633.991 74.1377 
1599.34 74.1374 
1600.01 74.1371 
-614.666 73.1345 
-614 73.1373 
-440.103 64.1429 
308.911 63.138 
-946.112 61.1468 
-440.667 63.144 
-439.992 63.146 
308.341 62.1377 
309.014 62.141 
-946.671 60.1557 
-945.999 60.1516 
-259.105 33.1388 
-259.672 32.133 
-258.993 32.1355 
-714.1 26.141 
-1008.1 23.1456 
-714.669 25.1412 
-713.988 25.1394 
-299.114 22.1466 
-776.118 20.1433 
-1008.67 22.1391 
-1008 22.1387 
-898.097 18.1412 
-299.669 21.1455 
-299.002 21.1406 
-964.114 17.1477 
-776.663 19.1448 
-775.996 19.1382 
-956.109 15.1416 
451.897 15.1382 
-900.094 16.1318 
-898.18 16.2206 
-896.672 16.2811 
998.901 14.1404 
-964.664 16.1417 
-963.165 15.6788 
-957.545 13.508 
-955.655 13.2375 
451.332 14.1272 
452.002 14.13 
-898.236 14.7109 
-537.104 10.1388 
996.901 12.1362 
998.812 12.2275 
1000.33 12.2899 
-956.252 11.7108 
-537.659 9.1433 
-536.994 9.14501 
998.752 10.7148 
-962.095 3.14061 
-962.664 2.14671 
-961.982 2.13927 
-1213.43 -4.82118 
65.8983 -5.8528 
-1211.14 -5.90065 
-607.096 -6.8578 
-1215.63 -7.00368 
65.3299 -6.85255 
66.0074 -6.85573 
-1213.54 -8.30519 
-1211.08 -8.25856 
-607.666 -7.86598 
-606.992 -7.86134 
-881.092 -12.8595 
232.9 -13.8709 
-1213.47 -10.395 
-881.661 -13.8663 
-880.992 -13.8626 
232.334 -14.8704 
233.012 -14.8693 
-974.097 -28.861 
-974.662 -29.8632 
-973.99 -29.86 
436.906 -32.8612 
436.34 -33.8623 
437.006 -33.8596 
-1271.1 -38.86 
-1241.1 -41.8617 
-1516.1 -42.858 
-1271.67 -39.8486 
-1270.99 -39.8496 
193.898 -42.8595 
-1241.67 -42.8583 
-1241 -42.8578 
-230.114 -45.8694 
-1518.1 -44.86 
-1516.19 -44.7713 
-1514.67 -44.7107 
193.332 -43.86 
194.009 -43.8607 
-1371.1 -47.8583 
-865.094 -48.8512 
-230.682 -46.8688 
-230.003 -46.8657 
-1516.25 -46.2848 
-1371.67 -48.8518 
-1370.99 -48.8582 
-865.659 -49.8574 
-864.991 -49.8576 
-428.103 -61.8573 
-1522.1 -62.8562 
749.902 -63.861 
-430.101 -63.8596 
-428.187 -63.7738 
-426.67 -63.7155 
-1522.66 -63.8621 
-1521.99 -63.8596 
749.337 -64.858 
750.004 -64.8584 
-428.243 -65.2921 
-1233.08 -72.8646 
-1233.66 -73.8701 
-1232.99 -73.8672 
-1183.11 -81.8631 
-1183.66 -82.8621 
-1182.99 -82.8637 
-965.085 -85.8621 
-757.102 -87.8534 
-965.661 -86.8659 
-964.983 -86.8661 
-27.1103 -90.8676 
-1246.11 -91.861 
-757.664 -88.8549 
-756.994 -88.8545 
-27.6686 -91.8721 
-26.9999 -91.8687 
217.896 -94.8594 
-1246.67 -92.8609 
-1245.99 -92.8627 
-479.1 -96.86 
217.33 -95.8654 
218.007 -95.8607 
-479.67 -97.8495 
-478.989 -97.8528 
-1010.09 -101.86 
-1010.66 -102.866 
-1009.99 -102.865 
-371.11 -107.86 
-371.671 -108.863 
-370.996 -108.862 
-1219.08 -113.855 
-1219.66 -114.857 
-1218.98 -114.859 
-646.109 -118.855 
604.885 -119.854 
-646.668 -119.859 
-645.996 -119.861 
604.333 -120.859 
605 -120.861 
-1052.1 -124.863 
-821.106 -124.853 
-619.099 -124.861 
-428.112 -125.857 
-1054.1 -126.86 
-1052.18 -126.779 
-1050.67 -126.724 
-821.657 -125.858 
-820.989 -125.859 
-619.669 -125.867 
-618.987 -125.863 
-428.674 -126.864 
-428.003 -126.865 
-1052.24 -128.292 
-735.105 -133.852 
193.9 -134.865 
-735.662 -134.856 
-734.995 -134.857 
193.33 -135.882 
194.008 -135.87 
-423.092 -142.859 
-423.663 -143.87 
-422.99 -143.872 
-958.091 -148.866 
-1123.09 -149.857 
-958.665 -149.86 
-957.987 -149.861 
-1123.67 -150.86 
-1123 -150.855 
-622.093 -182.858 
-306.107 -184.856 
21.9107 -184.862 
-622.662 -183.862 
-621.992 -183.863 
-306.667 -185.853 
-306.003 -185.852 
21.337 -185.865 
22.0147 -185.859 
-1110.09 -189.859 
-1110.66 -190.863 
-1109.99 -190.861 
-1221.11 -196.859 
-1457.1 -198.856 
869.892 -198.86 
12.9062 -199.862 
252.902 -199.861 
-1221.67 -197.855 
-1221 -197.858 
-1457.67 -199.861 
-1456.99 -199.866 
869.332 -199.863 
870.006 -199.865 
12.3291 -200.855 
13.0086 -200.853 
252.323 -200.867 
253.009 -200.863 
-646.103 -206.862 
-646.669 -207.861 
-645.998 -207.859 
1058.89 -228.863 
-706.1 -229.86 
1058.33 -229.857 
1059 -229.859 
-708.1 -231.865 
-706.202 -231.752 
-703.814 -232.186 
-700.051 -235.066 
-435.095 -236.859 
-705.77 -234.105 
-702.397 -235.918 
-699.952 -235.971 
-321.096 -239.857 
-435.667 -237.864 
-434.992 -237.86 
-321.666 -240.847 
-320.993 -240.85 
-713.103 -246.881 
-685.103 -246.848 
-714.185 -248.389 
-713.102 -248.399 
-685.665 -247.857 
-684.993 -247.857 
362.909 -277.855 
362.335 -278.852 
363.017 -278.853 
552.906 -290.86 
550.901 -292.853 
552.818 -292.772 
554.332 -292.718 
-810.089 -298.859 
552.758 -294.285 
-810.668 -299.859 
-809.986 -299.861 
132.894 -302.862 
972.897 -304.858 
-861.095 -305.864 
130.906 -304.853 
132.82 -304.775 
134.332 -304.723 
972.336 -305.856 
973.007 -305.858 
-861.663 -306.865 
-860.988 -306.866 
132.771 -306.292 
-1451.12 -316.867 
-679.432 -317.817 
-677.138 -318.903 
437.909 -319.858 
-1451.67 -317.858 
-1451 -317.858 
-681.635 -320.004 
-679.541 -321.304 
-677.076 -321.261 
-291.105 -323.86 
437.339 -320.857 
438.013 -320.859 
889.9 -324.864 
-679.474 -323.39 
-291.671 -324.858 
-290.99 -324.86 
889.328 -325.866 
890.007 -325.864 
1553.9 -336.866 
1553.33 -337.857 
1554.01 -337.86 
1124.9 -349.864 
-225.112 -351.867 
697.902 -351.858 
-1003.09 -352.866 
1124.34 -350.87 
1125.01 -350.868 
-225.674 -352.86 
-225.001 -352.865 
697.34 -352.852 
698.011 -352.85 
-1003.66 -353.866 
-1002.99 -353.864 
937.905 -361.867 
937.332 -362.867 
938.007 -362.863 
898.907 -366.858 
898.344 -367.86 
899.014 -367.862 
1020.88 -371.857 
1133.91 -371.863 
-988.095 -374.862 
-1432.09 -375.863 
-1182.09 -375.86 
-269.096 -375.865 
1020.33 -372.856 
1021 -372.859 
1133.34 -372.859 
1134.01 -372.858 
553.903 -376.856 
-731.095 -377.851 
-988.663 -375.855 
-987.986 -375.857 
-1432.66 -376.864 
-1431.99 -376.866 
-1182.67 -376.862 
-1181.99 -376.855 
-269.663 -376.868 
-268.993 -376.867 
553.34 -377.859 
554.009 -377.859 
-731.668 -378.852 
-730.992 -378.849 
-257.105 -381.856 
1017.9 -384.86 
-257.666 -382.856 
-256.994 -382.86 
1015.9 -386.87 
1017.81 -386.781 
1019.33 -386.719 
1017.75 -388.291 
-1484.09 -393.853 
-273.099 -393.854 
-1484.66 -394.855 
-1483.99 -394.849 
-273.67 -394.849 
-272.996 -394.847 
-1421.11 -401.859 
-263.093 -401.861 
1105.88 -402.862 
-1421.67 -402.859 
-1420.99 -402.862 
-263.663 -402.866 
-262.995 -402.865 
1105.33 -403.86 
1106 -403.862 
-1188.1 -407.864 
-627.102 -408.862 
-528.104 -409.857 
-1188.67 -408.859 
-1187.99 -408.857 
-627.663 -409.858 
-626.993 -409.857 
-528.662 -410.853 
-527.996 -410.853 
958.896 -414.858 
-1408.11 -415.859 
-522.529 -417.271 
958.329 -415.858 
958.999 -415.853 
-1408.67 -416.853 
-1407.99 -416.854 
-419.419 -419.821 
-1384.11 -421.86 
-522.666 -418.858 
-521.994 -418.858 
-417.135 -420.902 
-421.636 -422.01 
-1384.67 -422.853 
-1384 -422.853 
-419.541 -423.308 
-417.072 -423.265 
-419.472 -425.391 
-666.095 -431.866 
-666.662 -432.861 
-665.989 -432.863 
-1059.1 -439.859 
-1059.67 -440.856 
-1058.99 -440.857 
356.899 -445.852 
490.909 -448.864 
356.337 -446.849 
357.009 -446.851 
-304.102 -451.849 
490.337 -449.869 
491.013 -449.865 
-1094.1 -455.866 
-304.665 -452.845 
-303.993 -452.846 
-1094.67 -456.871 
-1093.99 -456.869 
-627.104 -462.864 
383.895 -465.853 
-627.673 -463.865 
-626.991 -463.862 
383.334 -466.865 
384.001 -466.861 
1106.9 -476.863 
1106.33 -477.858 
1107.01 -477.855 
-965.11 -481.856 
1536.9 -482.859 
-965.67 -482.856 
-964.996 -482.858 
1536.33 -483.847 
1537.01 -483.849 
-818.112 -493.868 
-818.667 -494.86 
-817.99 -494.864 
-505.107 -498.861 
-505.667 -499.873 
-505.001 -499.871 
466.899 -505.856 
466.335 -506.858 
467.005 -506.855 
-881.101 -514.855 
-883.093 -516.859 
-881.178 -516.775 
-879.666 -516.719 
-881.23 -518.291 
-207.094 -522.857 
-207.669 -523.856 
-206.995 -523.854 
1276.9 -530.86 
-860.088 -531.865 
642.912 -533.861 
1276.34 -531.849 
1277.01 -531.855 
-860.664 -532.861 
-859.992 -532.859 
-294.106 -537.858 
642.336 -534.871 
643.011 -534.868 
-294.661 -538.849 
-293.992 -538.851 
-603.093 -545.859 
-603.667 -546.857 
-602.985 -546.857 
1355.91 -549.865 
-620.099 -551.861 
-1468.1 -552.858 
1355.43 -551.495 
1356.24 -551.705 
-1016.11 -555.86 
-620.666 -552.858 
-619.995 -552.861 
-1468.66 -553.858 
-1467.99 -553.859 
1355.69 -554.822 
1356.62 -554.98 
-1263.1 -559.864 
-1016.67 -556.852 
-1015.99 -556.855 
-1263.67 -560.872 
-1263 -560.87 
1143.9 -570.859 
-758.102 -572.857 
-552.091 -574.859 
1141.9 -572.858 
1143.82 -572.777 
1145.33 -572.721 
-760.095 -574.855 
-758.186 -574.774 
-756.675 -574.72 
-552.668 -575.858 
-551.984 -575.859 
1143.76 -574.288 
-1217.11 -580.858 
-758.243 -576.29 
-1217.67 -581.853 
-1217 -581.853 
-548.098 -589.857 
-550.096 -591.859 
-548.184 -591.771 
-546.67 -591.711 
-548.243 -593.289 
-681.098 -598.858 
149.899 -600.862 
-1043.1 -602.86 
-683.098 -600.855 
-681.186 -600.771 
-679.671 -600.714 
149.335 -601.855 
150.015 -601.858 
-290.102 -605.85 
384.904 -605.87 
-1043.66 -603.86 
-1042.99 -603.861 
-681.245 -602.291 
-398.108 -608.865 
-290.664 -606.861 
-289.996 -606.858 
-99.1135 -609.861 
384.336 -606.867 
385.006 -606.865 
-398.671 -609.87 
-397.998 -609.868 
-99.6702 -610.857 
-98.995 -610.859 
-675.093 -624.869 
76.8891 -625.855 
-565.103 -626.861 
-675.669 -625.861 
-674.986 -625.86 
74.9032 -627.856 
76.8109 -627.773 
78.3249 -627.716 
-565.667 -627.853 
-564.987 -627.855 
-852.097 -633.857 
76.7582 -629.293 
-854.096 -635.859 
-852.183 -635.772 
-850.674 -635.712 
-700.432 -637.821 
-698.135 -638.898 
-297.099 -640.866 
-852.242 -637.289 
-702.635 -640.004 
-700.549 -641.303 
-698.072 -641.255 
-297.672 -641.869 
-296.99 -641.865 
-700.482 -643.391 
317.904 -655.853 
-237.094 -659.857 
317.336 -656.86 
318.008 -656.86 
-237.66 -660.864 
-236.986 -660.865 
331.904 -668.859 
331.335 -669.863 
332.011 -669.863 
-798.09 -674.858 
-1544.1 -677.862 
-798.66 -675.857 
-797.987 -675.858 
1519.9 -679.86 
-1544.67 -678.858 
-1543.99 -678.859 
1519.33 -680.861 
1520 -680.853 
1171.9 -687.858 
1171.33 -688.854 
1172.01 -688.851 
1417.9 -692.859 
-892.098 -696.863 
1417.34 -693.862 
1418.01 -693.861 
-892.675 -697.869 
-892 -697.865 
-254.092 -701.861 
-256.097 -703.859 
-254.178 -703.777 
-252.667 -703.722 
-1085.1 -706.856 
-1275.1 -707.869 
244.897 -707.861 
-254.237 -705.292 
-1087.09 -708.853 
-1085.18 -708.765 
-1083.68 -708.706 
-1275.67 -708.874 
-1275 -708.872 
244.335 -708.86 
245.013 -708.863 
-1085.24 -710.285 
-862.086 -717.856 
-566.104 -719.861 
-862.658 -718.859 
-861.992 -718.859 
-1327.11 -723.857 
-784.106 -723.86 
-568.098 -721.858 
-566.186 -721.774 
-564.671 -721.718 
-1327.67 -724.863 
-1326.99 -724.86 
-786.102 -725.85 
-784.193 -725.774 
-782.672 -725.722 
-566.241 -723.293 
-784.252 -727.292 
1506.89 -733.854 
151.893 -735.86 
1506.34 -734.863 
1507 -734.864 
-1303.1 -739.861 
149.901 -737.851 
151.814 -737.768 
153.328 -737.712 
225.908 -739.861 
-1303.66 -740.866 
-1303 -740.86 
151.761 -739.286 
225.333 -740.866 
226.008 -740.863 
-339.095 -750.859 
665.912 -751.87 
751.909 -752.866 
-339.67 -751.859 
-338.991 -751.859 
-646.096 -755.863 
665.344 -752.871 
666.02 -752.873 
751.333 -753.859 
752.012 -753.861 
-646.667 -756.858 
-645.985 -756.858 
-117.094 -759.858 
-117.662 -760.858 
-116.986 -760.856 
-605.111 -766.857 
-605.668 -767.858 
-604.997 -767.862 
-641.09 -771.859 
-641.662 -772.857 
-640.991 -772.858 
-1504.09 -789.855 
-1504.66 -790.859 
-1503.99 -790.859 
-642.111 -798.856 
-642.673 -799.858 
-641.995 -799.857 
-333.097 -808.858 
-333.659 -809.857 
-332.99 -809.859 
-723.09 -818.861 
-851.095 -822.868 
-723.664 -819.861 
-722.99 -819.861 
-851.662 -823.863 
-850.981 -823.867 
-637.108 -831.859 
1118.9 -832.856 
-391.105 -834.858 
-639.102 -833.852 
-637.188 -833.769 
-635.669 -833.713 
1118.33 -833.847 
1119.01 -833.844 
-1624.11 -838.857 
-393.107 -836.852 
-391.191 -836.768 
-389.669 -836.712 
-637.242 -835.29 
-1626.1 -840.855 
-1624.19 -840.771 
-1622.67 -840.714 
-391.249 -838.282 
-1624.25 -842.286 
530.9 -858.857 
530.34 -859.849 
531.013 -859.854 
-148.098 -872.862 
-1179.1 -875.857 
-148.668 -873.861 
-147.987 -873.862 
-1179.67 -876.861 
-1178.99 -876.86 
1199.88 -883.859 
-700.1 -885.862 
70.8919 -886.858 
1199.33 -884.853 
1199.99 -884.855 
-702.098 -887.862 
-700.183 -887.782 
-698.668 -887.727 
68.9024 -888.859 
70.8095 -888.771 
72.331 -888.711 
-700.24 -889.291 
1358.89 -893.852 
70.754 -890.285 
1358.34 -894.849 
1358.99 -894.855 
409.908 -910.859 
-1137.09 -911.862 
-870.112 -912.86 
-82.7567 -914.701 
409.341 -911.868 
410.006 -911.864 
-1137.67 -912.871 
-1136.99 -912.869 
-870.669 -913.849 
-869.994 -913.854 
-309.108 -916.866 
-179.104 -916.864 
-424.087 -917.865 
-81.6438 -915.853 
-83.5285 -915.849 
-309.663 -917.859 
-308.991 -917.866 
-179.663 -917.867 
-178.991 -917.865 
-424.663 -918.866 
-423.99 -918.864 
-713.105 -922.848 
-1221.09 -923.86 
-713.659 -923.862 
-713.001 -923.86 
-1221.66 -924.849 
-1220.98 -924.849 
-1302.1 -928.864 
-1302.67 -929.847 
-1301.99 -929.856 
1360.9 -942.86 
662.905 -946.862 
1358.9 -944.853 
1360.82 -944.771 
1362.33 -944.716 
662.339 -947.862 
663.012 -947.862 
1360.77 -946.287 
-1614.11 -953.861 
-1616.1 -955.859 
-1614.19 -955.777 
-1612.67 -955.721 
-1614.24 -957.295 
-362.113 -973.863 
-603.092 -975.785 
-362.664 -974.87 
-361.999 -974.874 
-605.179 -977.864 
-603.201 -977.755 
-601.551 -977.678 
-603.278 -979.4 
-835.104 -988.857 
-835.663 -989.851 
-834.994 -989.849 
-312.434 -994.818 
-310.137 -995.897 
-1089.1 -998.855 
-314.637 -996.999 
535.907 -999.861 
-312.545 -998.308 
-310.075 -998.261 
-1089.67 -999.86 
-1089 -999.861 
-259.096 -1002.86 
-36.0973 -1002.86 
535.338 -1000.86 
536.012 -1000.86 
-312.48 -1000.39 
-259.662 -1003.85 
-258.995 -1003.85 
-36.6653 -1003.85 
-35.9849 -1003.86 
907.901 -1008.86 
905.898 -1010.86 
907.818 -1010.78 
909.329 -1010.72 
1136.9 -1015.86 
907.762 -1012.29 
1136.33 -1016.86 
1137 -1016.86 
-68.1083 -1024.87 
-874.095 -1026.86 
-1038.1 -1028.86 
-68.6702 -1025.86 
-67.995 -1025.87 
-876.104 -1028.86 
-874.183 -1028.78 
-872.67 -1028.72 
-1040.1 -1030.86 
-1038.19 -1030.77 
-1036.66 -1030.72 
1422.89 -1032.85 
-874.244 -1030.29 
-1243.1 -1035.87 
-1038.25 -1032.29 
1420.9 -1034.86 
1422.81 -1034.78 
1424.33 -1034.72 
-1243.66 -1036.87 
-1242.99 -1036.87 
1422.76 -1036.29 
-1128.1 -1053.86 
-1128.66 -1054.86 
-1127.99 -1054.86 
-185.101 -1079.86 
-185.669 -1080.86 
-184.994 -1080.86 
-1076.1 -1094.86 
-1076.66 -1095.87 
-1076 -1095.87 
-643.11 -1103.86 
-1031.1 -1106.86 
683.908 -1106.87 
-643.673 -1104.85 
-642.999 -1104.85 
-1031.66 -1107.85 
-1031 -1107.85 
683.334 -1107.87 
684.009 -1107.87 
-282.102 -1112.85 
-1059.1 -1114.86 
-282.664 -1113.86 
-281.992 -1113.86 
-1059.66 -1115.86 
-1059 -1115.87 
-1216.11 -1120.86 
-1216.67 -1121.85 
-1216 -1121.85 
-911.1 -1127.86 
-913.097 -1129.86 
-911.183 -1129.78 
-909.672 -1129.73 
-911.239 -1131.29 
-1072.09 -1142.85 
-633.092 -1143.86 
-1072.66 -1143.86 
-1071.99 -1143.86 
-633.661 -1144.86 
-632.991 -1144.86 
75.9004 -1152.86 
73.9024 -1154.86 
75.8098 -1154.77 
77.3271 -1154.71 
75.7481 -1156.29 
484.902 -1162.86 
484.336 -1163.86 
485 -1163.86 
-781.105 -1169.86 
-1213.09 -1173.86 
-781.666 -1170.85 
-780.991 -1170.85 
-1213.66 -1174.86 
-1212.99 -1174.85 
-1007.11 -1177.87 
-236.088 -1178.86 
-1007.67 -1178.87 
-1006.99 -1178.86 
-236.662 -1179.87 
-235.985 -1179.87 
87.8991 -1182.86 
326.886 -1183.85 
1065.9 -1183.86 
85.9038 -1184.85 
87.8153 -1184.77 
89.3304 -1184.71 
326.332 -1184.84 
327.004 -1184.85 
1065.33 -1184.86 
1066 -1184.86 
254.903 -1189.86 
87.7579 -1186.29 
254.335 -1190.86 
255.008 -1190.86 
-137.108 -1195.86 
-137.668 -1196.85 
-136.678 -1197.14 
-131.857 -1200.93 
-636.094 -1204.86 
-131.858 -1202.74 
-130.994 -1202.86 
-636.655 -1205.86 
-635.99 -1205.87 
-1131.1 -1211.86 
1206.88 -1213.85 
-1133.1 -1213.86 
-1131.19 -1213.78 
-1129.67 -1213.72 
1206.33 -1214.86 
1207.01 -1214.86 
-1131.25 -1215.29 
916.909 -1222.86 
916.34 -1223.86 
917.008 -1223.86 
515.903 -1229.22 
513.706 -1230.45 
514.748 -1230.39 
516.407 -1230.36 
517.573 -1230.43 
