-982.497 1202.5 
1355.5 1200.5 
885.499 1199.51 
-676.499 1190.5 
336.504 1189.5 
963.497 1184.5 
206.493 1181.5 
454.5 1170.5 
-1234.51 1166.5 
-607.501 1162.5 
-31.5007 1151.5 
1352.5 1146.5 
-39.4989 1125.5 
314.498 1116.5 
427.503 1112.5 
200.506 1109.5 
1222.5 1104.5 
148.491 1035.51 
754.499 1024.49 
-1364.49 1018.5 
319.495 1006.5 
-53.5018 981.499 
-77.4961 963.498 
-160.5 958.505 
467.498 952.5 
1241.5 947.503 
945.5 937.496 
-615.494 933.499 
-223.5 932.501 
967.499 919.497 
710.501 902.494 
710.5 895.953 
488.5 873.498 
-308.499 836.504 
-1000.5 833.5 
366.5 828.504 
-729.501 821.5 
-447.498 800.504 
1580.5 795.498 
1297.5 773.5 
1468.5 765.499 
1564.5 763.498 
363.507 762.504 
829.495 760.5 
1386.5 741.508 
-1211.5 733.5 
-650.51 721.497 
369.507 718.5 
-979.507 709.498 
-788.508 701.499 
263.5 683.499 
60.4961 679.494 
79.4979 665.503 
-1371.5 655.497 
-253.499 649.497 
653.49 649.499 
1548.5 635.502 
978.501 627.504 
-1448.5 614.492 
1081.5 602.5 
464.503 594.501 
1004.5 588.503 
219.503 576.501 
-184.501 556.505 
-1239.5 553.501 
1493.5 536.501 
1035.5 501.496 
-346.504 499.498 
775.496 491.501 
1283.5 491.495 
356.495 481.492 
-1496.5 479.505 
456.494 478.494 
-970.504 477.504 
715.502 428.499 
1029.5 417.504 
1448.5 401.501 
76.5011 350.491 
-1534.49 348.503 
525.496 345.498 
-723.501 343.499 
-405.496 340.497 
442.508 338.501 
1561.5 337.498 
-1080.49 298.495 
-952.501 298.501 
-608.495 291.504 
-208.504 268.503 
-1403.5 265.505 
1519.5 243.502 
-348.505 241.499 
490.498 230.503 
-103.507 228.503 
-911.5 227.51 
571.503 198.5 
-415.505 193.498 
-358.504 191.505 
478.496 191.51 
565.781 187.306 
-145.494 157.505 
1289.5 157.496 
-452.051 151.036 
-1173.5 149.505 
46.5051 148.502 
129.508 128.489 
-827.497 122.507 
-643.509 116.502 
402.497 112.499 
-267.501 107.505 
743.503 100.503 
-1429.5 96.5032 
1385.5 96.4918 
-131.503 85.5023 
579.495 68.4963 
69.5057 67.494 
-660.499 61.5011 
1122.49 55.5 
-618.504 50.4966 
-1093.5 35.4922 
589.504 35.4967 
870.496 35.5013 
774.504 31.5112 
890.508 30.5018 
-683.503 23.9894 
356.496 21.5004 
849.499 17.5039 
-1331.51 4.50195 
1486.5 2.5 
0.5 -0.505127 
-992.502 -9.4906 
1139.51 -10.5015 
6.49854 -39.5038 
-116.498 -45.4951 
-93.4994 -45.5 
1590.5 -70.496 
-771.502 -81.5006 
1197.49 -88.5007 
-796.496 -95.5011 
-1305.5 -102.494 
1614.49 -107.502 
1399.81 -114.49 
98.5049 -115.508 
1285.5 -116.499 
1395.62 -115.21 
-576.493 -118.505 
1593.49 -127.495 
257.504 -129.503 
-882.503 -138.5 
456.497 -140.492 
1608.5 -141.504 
1166.5 -144.498 
2.49817 -145.506 
98.5015 -150.495 
1281.49 -152.503 
-31.5032 -156.502 
30.5004 -156.494 
642.5 -161.504 
862.5 -163.495 
-948.503 -165.501 
1135.5 -167.497 
984.493 -168.496 
1115.47 -172.594 
1146.58 -175.661 
1170.24 -179.565 
1115.13 -177.199 
1120.59 -185.063 
1170.19 -180.017 
1117.43 -187.794 
1122.48 -190.14 
1113.86 -207.75 
596.504 -215.501 
1367.5 -220.499 
362.497 -223.504 
462.503 -240.492 
-502.511 -242.504 
-93.5033 -246.497 
390.51 -256.502 
1170.5 -259.502 
707.494 -268.498 
-763.504 -269.494 
795.499 -271.497 
129.503 -287.503 
-1504.5 -299.503 
818.495 -301.502 
-479.501 -311.496 
-140.504 -332.5 
432.501 -334.5 
224.505 -340.498 
227.726 -347.747 
668.502 -353.497 
-732.503 -354.496 
1597.5 -357.507 
-258.499 -359.507 
1425.5 -363.494 
59.4967 -365.5 
787.501 -369.504 
-1421.5 -388.501 
-575.495 -388.497 
-949.5 -406.497 
1356.5 -408.5 
722.499 -435.501 
1542.5 -441.501 
212.502 -443.499 
-1044.5 -447.501 
-575.504 -454.502 
-1316.5 -473.501 
521.502 -476.506 
-928.506 -482.5 
1345.5 -482.503 
-181.5 -484.494 
-662.495 -485.499 
-37.5 -510.499 
93.4967 -515.502 
726.505 -518.501 
-1566.5 -524.497 
-1148.49 -533.494 
106.499 -539.501 
1177.5 -553.5 
103.497 -558.498 
-1164.5 -568.492 
262.494 -581.493 
1035.5 -585.495 
290.502 -591.5 
1154.5 -592.496 
28.4974 -594.498 
803.493 -602.507 
-244.497 -614.505 
843.504 -624.495 
448.508 -625.501 
736.499 -625.508 
-933.503 -633.496 
-1125.51 -634.499 
525.506 -641.503 
1088.51 -641.501 
250.502 -661.5 
-570.495 -666.502 
997.505 -667.493 
1562.5 -683.499 
-103.498 -708.506 
1102.5 -714.497 
-915.495 -719.496 
877.501 -719.505 
-317.503 -720.501 
282.491 -722.501 
17.501 -738.497 
1339.5 -738.497 
-175.501 -747.496 
-1373.49 -748.502 
-420.499 -754.5 
1148.5 -767.5 
-545.495 -771.496 
426.499 -789.496 
522.498 -793.494 
457.502 -794.499 
291.494 -796.501 
39.4929 -799.497 
998.493 -803.502 
1169.5 -813.502 
1505.79 -815.706 
1504.47 -819.065 
1443.5 -829.496 
-687.503 -837.498 
568.495 -838.498 
-1114.5 -846.504 
951.5 -852.499 
501.499 -870.495 
338.497 -877.492 
693.508 -885.493 
-248.51 -887.504 
-127.501 -888.5 
625.503 -889.5 
-1070.49 -900.495 
-842.507 -923.492 
-1032.5 -924.509 
150.492 -926.496 
-282.498 -934.495 
-1459.51 -936.492 
-1108.5 -952.497 
586.501 -955.497 
851.502 -955.502 
-26.4956 -971.498 
1254.49 -970.5 
-609.503 -976.49 
-741.5 -989.504 
-233.501 -995.5 
-532.498 -1003.5 
-241.5 -1032.49 
1109.5 -1037.5 
617.493 -1039.5 
58.4929 -1075.5 
-251.504 -1093.5 
-1121.5 -1094.5 
341.497 -1099.5 
-545.496 -1108.5 
701.5 -1112.5 
1295.5 -1131.51 
946.498 -1136.5 
660.507 -1142.5 
-355.494 -1161.5 
-616.506 -1167.51 
575.498 -1171.5 
-403.501 -1174.51 
-1207.5 -1188.5 
-748.507 -1207.5 
-844.5 -1212.5 
