1085.49 1205.51 
-810.505 1183.51 
-478.756 1166.44 
-477.802 1166.15 
-386.495 1157.5 
-1448.5 1151.51 
1417.5 1127.5 
-944.499 1122.5 
397.512 1094.5 
327.503 1093.5 
-1036.5 1076.5 
-1010.51 1070.5 
-922.509 1062.5 
-1297.49 1054.5 
1220.5 1050.49 
-391.499 1047.49 
-705.509 1042.5 
-970.501 1031.51 
-1227.5 1002.49 
-1474.5 998.501 
238.497 988.505 
-205.502 987.504 
1457.5 971.501 
-1231.5 969.498 
51.5034 965.497 
427.502 962.506 
597.5 962.497 
402.494 955.493 
-1124.51 953.502 
251.503 937.496 
-1094.5 921.497 
991.496 921.504 
-962.501 919.498 
-874.512 901.486 
-552.499 899.505 
-457.503 874.496 
-1276.49 857.502 
-609.494 851.501 
-446.491 843.505 
585.5 842.501 
-1401.5 834.499 
-1385.5 831.501 
-222.505 828.504 
-1385.5 825.134 
1216.49 818.5 
324.498 793.495 
1344.5 775.489 
138.501 764.507 
38.5026 754.51 
-1018.5 736.501 
70.4972 732.494 
-712.496 729.498 
-1514.5 726.508 
-912.496 725.507 
-440.501 723.498 
-1497.5 720.499 
-813.498 710.505 
-1544.5 700.494 
-627.497 689.5 
1035.5 688.498 
-686.501 670.496 
-363.495 669.498 
-969.496 663.497 
297.504 656.499 
549.492 654.501 
-953.5 652.511 
561.158 645.881 
-859.196 637.991 
390.505 637.497 
75.4972 636.503 
-1443.5 633.511 
-858.907 637.387 
1063.5 626.498 
-695.507 621.505 
-974.505 612.495 
-443.497 603.498 
1543.5 600.497 
1472.5 596.504 
520.499 589.502 
-1020.5 583.5 
-275.5 582.5 
-1266.31 573.355 
-724.511 571.492 
108.505 565.496 
-1266.26 573.263 
-1064.5 554.507 
-724.854 554.134 
790.496 553.49 
-736.176 547.737 
1263.5 540.5 
-245.506 536.503 
-1567.49 532.495 
-278.499 525.498 
-669.502 509.496 
281.496 502.496 
1537.5 496.502 
370.493 495.507 
-835.502 488.503 
686.503 486.501 
600.493 482.508 
-1201.5 480.501 
-1313.5 475.497 
509.498 474.505 
-678.502 463.505 
-47.4974 437.5 
-92.4926 437.507 
336.501 429.504 
1178.5 413.496 
-400.505 413.494 
-1187.48 409.481 
-1593.5 403.492 
-501.503 401.501 
905.501 402.499 
-329.496 400.5 
-1615.5 400.507 
-112.498 389.507 
-783.5 385.502 
908.493 353.503 
-1114.5 343.504 
107.5 340.499 
-825.5 322.501 
38.4996 322.5 
-1051.5 320.5 
-369.498 319.493 
-1237.5 305.499 
-546.494 305.499 
-1471.5 299.498 
-234.496 275.5 
-748.504 273.502 
524.713 263.965 
741.501 262.496 
526.094 263.844 
-309.505 244.498 
1343.51 243.492 
-297.507 225.505 
-621.508 218.503 
-981.493 216.503 
4.49939 213.502 
-889.5 210.498 
546.504 191.504 
-1353.5 181.505 
-424.494 171.501 
1329.5 169.499 
-329.502 164.509 
-577.504 163.498 
-923.501 161.502 
1484.5 151.504 
-1425.5 133.502 
-945.506 133.507 
-37.5007 130.494 
1352.5 130.501 
79.5011 128.503 
-286.508 124.495 
-803.5 117.501 
-461.499 108.495 
94.5004 106.503 
-1380.5 104.5 
-691.493 95.5007 
-1477.5 93.4974 
-1070.5 87.5012 
-603.505 69.4958 
-563.503 66.5007 
-24.5022 63.4949 
-1477.5 62.5005 
-785.506 62.5049 
-653.501 59.505 
18.4985 54.5022 
-508.506 51.5078 
242.498 44.4934 
-1496.5 43.4948 
1445.51 38.4957 
161.502 37.4962 
553.504 36.5012 
-744.502 31.5077 
-1591.51 30.498 
-99.499 30.4939 
288.499 23.5028 
-796.499 22.5043 
965.505 22.5011 
-1588.82 23.2649 
-561.501 16.4984 
-464.492 11.4962 
0.503418 -0.503784 
-1053.5 -2.50183 
-1569.5 -9.5 
874.502 -9.4978 
948.491 -10.4971 
-897.511 -19.4943 
-1100.5 -20.4978 
-990.498 -22.4974 
-768.497 -46.5016 
177.493 -52.4951 
519.499 -54.4943 
-852.506 -62.4989 
766.505 -68.5016 
-817.499 -70.4963 
217.499 -73.5115 
-1308.5 -75.5006 
-341.503 -76.511 
-501.497 -82.5029 
225.269 -86.1542 
-179.5 -90.5044 
693.503 -89.4961 
727.505 -89.4996 
-549.499 -96.5038 
-535.493 -111.498 
-165.502 -126.5 
-313.507 -128.501 
774.503 -129.492 
-734.499 -133.503 
-1172.5 -141.498 
1198.5 -142.501 
-794.504 -160.503 
-1475.5 -161.496 
-1436.96 -168.607 
894.498 -167.505 
1555.5 -172.495 
-1438.43 -170.151 
198.499 -190.497 
-1180.5 -199.499 
502.504 -210.5 
780.505 -211.503 
10.5035 -216.502 
-105.501 -218.503 
-1365.5 -218.496 
-232.498 -232.497 
899.5 -232.506 
1288.5 -232.498 
-843.499 -233.503 
837.505 -233.509 
-1528.63 -244.499 
642.502 -245.499 
-204.499 -246.504 
-160.498 -247.501 
-174.499 -269.505 
388.492 -275.506 
941.505 -282.502 
-200.501 -284.495 
157.502 -288.5 
-920.5 -289.502 
1303.5 -294.496 
-869.504 -295.495 
-300.504 -298.498 
139.494 -298.495 
412.498 -297.493 
835.502 -302.504 
941.501 -305.5 
1109.49 -308.503 
719.497 -321.492 
-132.502 -326.505 
476.503 -328.502 
1118.5 -328.491 
-233.5 -331.502 
-1587.5 -341.109 
100.496 -342.496 
-1482.02 -346.926 
-513.507 -346.498 
-460.504 -347.495 
766.515 -347.496 
-1587.5 -341.5 
66.5059 -349.493 
1003.5 -367.508 
-1005.5 -369.497 
-355.489 -374.495 
831.505 -376.509 
-1550.5 -378.499 
-654.496 -388.499 
-172.499 -389.497 
-788.501 -391.5 
-140.505 -392.507 
528.504 -392.501 
-868.501 -393.501 
-1325.49 -394.501 
1173.49 -394.494 
-85.5048 -396.503 
-524.431 -407.685 
-236.498 -415.504 
-524.458 -407.76 
-819.499 -421.497 
-1418.5 -425.5 
-500.499 -450.503 
76.5006 -452.497 
1274.5 -456.502 
588.496 -464.503 
-703.494 -465.503 
-162.501 -475.497 
38.4923 -478.501 
18.5021 -484.502 
233.504 -485.499 
-372.496 -488.506 
931.503 -495.5 
-585.505 -496.498 
-363.574 -496.944 
-1268.5 -505.505 
-691.505 -508.503 
1244.5 -509.5 
122.501 -510.51 
-393.496 -513.496 
1481.5 -513.505 
1273.5 -517.5 
1576.5 -525.498 
-142.512 -536.494 
531.49 -541.498 
-268.496 -542.507 
-157.495 -551.5 
-1007.5 -567.505 
190.502 -574.503 
806.5 -576.502 
414.496 -585.5 
577.492 -593.496 
-590.509 -593.497 
131.507 -595.497 
1200.5 -608.501 
-1146.5 -623.492 
786.502 -625.5 
886.508 -637.501 
997.503 -643.507 
1281.49 -643.5 
71.4933 -653.499 
975.502 -656.501 
924.501 -658.5 
-787.594 -660.588 
845.506 -663.499 
611.497 -668.511 
1285.5 -670.5 
498.495 -675.496 
330.503 -676.499 
-829.495 -680.501 
-48.4979 -686.5 
-585.497 -694.506 
0.505981 -707.496 
-790.505 -717.496 
-608.498 -721.496 
-520.499 -735.491 
-1164.49 -744.503 
1524.5 -749.501 
-819.499 -755.503 
-639.503 -760.499 
-1224.49 -769.506 
-827.495 -792.487 
-1081.5 -802.499 
1128.5 -809.5 
244.503 -814.499 
-410.507 -826.496 
-1136.5 -841.498 
-327.497 -845.506 
-100.497 -848.497 
260.501 -858.498 
892.504 -859.51 
-975.497 -863.494 
-889.503 -878.501 
1536.51 -878.501 
374.501 -890.499 
-700.501 -891.497 
148.5 -892.503 
-435.494 -894.506 
394.49 -905.499 
-210.499 -906.505 
527.496 -916.502 
649.496 -916.495 
398.224 -910.362 
-1457.5 -924.504 
-983.493 -924.502 
560.503 -936.501 
300.497 -938.501 
1271.5 -942.495 
16.4946 -947.501 
-1098.49 -958.495 
357.501 -960.503 
174.501 -963.5 
-1212.5 -975.496 
-1136.5 -981.499 
-562.504 -984.503 
-110.503 -995.503 
707.495 -996.491 
477.497 -1001.5 
-1257.49 -1012.5 
-30.5034 -1020.5 
352.497 -1025.49 
795.506 -1046.51 
89.4969 -1047.5 
-527.498 -1048.5 
-967.492 -1053.51 
-227.508 -1066.49 
191.498 -1069.5 
-862.497 -1072.5 
177.507 -1091.5 
-531.499 -1098.51 
344.5 -1099.5 
-830.495 -1107.5 
1476.51 -1115.5 
-1105.5 -1125.5 
-189.496 -1134.49 
128.503 -1139.5 
712.502 -1144.5 
1149.5 -1147.5 
734.503 -1148.5 
1158.9 -1156.48 
12.4977 -1163.5 
168.502 -1165.5 
1450.5 -1169.49 
291.497 -1173.5 
886.496 -1176.5 
-947.503 -1177.5 
-341.495 -1188.5 
1030.51 -1188.5 
-1608.5 -1193.5 
-391.501 -1191.5 
-428.507 -1197.5 
286.494 -1201.5 
1514.5 -1201.49 
397.501 -1206.5 
