992.504 1206.5 
805.207 1196.56 
-202.502 1193.5 
806.676 1196.31 
-1197.5 1172.51 
532.501 1165.49 
1522.5 1164.49 
-1349.5 1158.5 
444.503 1146.5 
554.5 1144.5 
-346.94 1134.71 
1546.5 1135.5 
-339.539 1131.97 
1140.49 1128.5 
1076.5 1119.5 
907.502 1120.5 
1234.5 1113.5 
-322.496 1111.49 
-141.504 1110.5 
1558.5 1108.5 
1573.51 1095.5 
1018.5 1093.49 
-1517.5 1091.5 
1517.5 1080.5 
-501.501 1066.5 
-581.496 1061.51 
599.503 1058.5 
1109.5 1044.5 
622.495 1038.5 
-597.496 1035.5 
-191.495 1029.49 
1237.51 1016.5 
1495.5 1012.5 
814.501 1004.5 
-1052.51 997.499 
-551.488 977.501 
447.494 974.502 
973.506 969.508 
792.498 967.5 
312.494 961.5 
1186.5 957.497 
111.501 948.503 
-501.504 939.5 
386.498 932.494 
-501.502 927.246 
1542.5 918.501 
876.965 914.501 
961.509 911.5 
1221.5 906.502 
-1089.49 904.501 
54.4982 889.501 
210.496 875.503 
1541.5 873.497 
1551.69 862.979 
-877.492 856.503 
259.506 835.499 
54.5013 818.505 
1150.5 813.505 
737.497 807.501 
-783.497 805.5 
1356.5 803.497 
-184.49 798.497 
-1378.5 797.5 
979.5 791.497 
-538.508 788.497 
1227.49 777.501 
-105.496 766.501 
1152.49 762.496 
1537.5 756.495 
-1277.49 750.495 
1235.5 739.503 
-57.5035 725.506 
-1583.5 710.502 
-1160.5 699.504 
117.495 695.496 
-813.502 692.505 
1602.31 683.766 
-99.4993 682.501 
1609.8 681.539 
1273.5 677.5 
276.502 674.498 
417.509 658.499 
-1051.5 655.505 
-1527.5 648.504 
1028.5 642.502 
1474.5 631.495 
722.499 631.495 
-1116.51 629.502 
1184.5 615.491 
651.498 598.499 
1326.5 598.503 
-1178.51 591.5 
-196.498 587.508 
-705.508 573.499 
190.499 572.497 
841.497 568.498 
646.501 560.493 
331.496 558.506 
-304.498 552.503 
-1006.5 544.501 
1305.5 527.504 
1319.17 524.591 
-23.4958 516.5 
780.498 509.502 
1324.51 505.498 
1307.5 504.503 
-652.501 487.502 
580.495 484.506 
598.499 479.507 
-894.503 470.496 
1375.49 464.497 
1285.5 458.501 
1589.51 451.497 
-1032.09 427.399 
-194.5 426.499 
-1030.19 426.964 
257.497 406.505 
557.497 404.498 
1451.5 396.5 
186.501 371.505 
-530.504 337.496 
-938.501 332.498 
1462.5 332.492 
-398.496 328.506 
-443.746 303.123 
-199.503 297.498 
-443.515 302.531 
-124.503 287.499 
1579.5 285.503 
-330.498 282.497 
-1085.5 282.498 
-745.502 280.501 
522.498 279.5 
613.505 278.505 
647.499 272.495 
-1127.51 264.5 
-313.495 245.498 
926.503 240.502 
-909.504 238.501 
356.498 228.495 
523.5 217.501 
1098.5 194.505 
-1187.5 176.504 
1095.5 175.504 
1444.49 153.5 
-117.498 150.506 
-1233.49 147.499 
494.499 126.498 
622.499 122.497 
-1337.5 117.513 
711.499 115.5 
1560.5 115.504 
1192.5 105.505 
851.493 88.4966 
1518.51 85.4993 
-759.495 80.5024 
-1096.5 72.4955 
-649.497 65.4977 
-58.4995 65.4958 
-366.505 65.5035 
-294.496 64.5029 
938.505 51.51 
528.498 49.5001 
377.499 45.5046 
-1446.5 30.5038 
-360.505 19.499 
1479.5 9.49866 
931.499 2.49854 
137.494 1.50525 
1565.5 1.50293 
0.502197 -0.50293 
1426.5 -4.50146 
-143.496 -16.5043 
202.497 -17.4982 
1131.5 -19.4948 
-208.478 -26.5547 
-1117.5 -26.5062 
173.5 -36.5018 
979.494 -37.4974 
100.496 -44.4974 
225.497 -50.5052 
-530.503 -52.4949 
-876.499 -57.1095 
101.646 -50.0322 
26.5033 -62.4971 
-876.5 -57.4994 
1392.51 -69.4978 
952.494 -81.5011 
1212.5 -87.4941 
14.4956 -98.5023 
165.497 -98.5056 
-891.497 -109.5 
29.5034 -113.498 
-1390.5 -114.501 
1369.5 -126.503 
548.497 -127.501 
-313.499 -143.505 
741.494 -144.497 
287.502 -153.501 
1227.5 -156.507 
1541.5 -174.494 
1132.5 -180.497 
1599.5 -180.5 
1462.5 -186.501 
909.504 -187.504 
122.498 -194.496 
746.506 -196.504 
1273.5 -201.505 
1319.5 -214.496 
-939.496 -226.505 
-1567.5 -229.503 
441.498 -232.498 
1064.5 -238.111 
-640.501 -239.496 
1064.5 -238.501 
1142.5 -246.497 
-920.502 -249.49 
1077.5 -262.494 
1437.51 -264.504 
-281.497 -267.495 
768.499 -285.492 
1181.5 -323.501 
859.507 -342.492 
-524.501 -349.501 
-899.499 -369.507 
-991.5 -371.502 
1316.5 -374.502 
-1475.5 -377.502 
-1436.5 -380.502 
842.504 -379.5 
256.498 -386.498 
936.501 -389.499 
-1154.5 -392.5 
1465.5 -391.497 
-971.497 -416.501 
-749.495 -436.502 
1213.5 -435.498 
839.5 -438.498 
-578.496 -438.508 
388.499 -444.498 
-710.491 -473.502 
572.501 -475.496 
-1403.5 -481.506 
160.496 -503.502 
-567.504 -532.499 
635.503 -532.505 
-994.494 -572.501 
145.503 -572.502 
355.508 -600.498 
538.5 -611.498 
-1051.5 -612.498 
1486.5 -616.5 
-187.503 -622.496 
527.499 -636.502 
-741.498 -648.496 
-1363.5 -652.503 
828.496 -652.501 
931.499 -657.493 
1126.5 -669.491 
784.502 -680.504 
-1022.49 -720.501 
-1461.5 -725.501 
818.505 -734.497 
-325.501 -740.503 
1100.5 -744.498 
-454.501 -760.506 
-219.499 -772.5 
-96.4937 -781.496 
1138.49 -805.501 
-1147.51 -805.503 
1239.5 -805.509 
-984.498 -806.499 
-28.5015 -807.492 
791.495 -839.498 
-1110.5 -849.501 
1315.5 -890.497 
299.502 -894.49 
-398.498 -906.508 
-715.503 -926.5 
200.498 -939.503 
-989.496 -947.501 
1173.51 -972.498 
-344.502 -986.505 
994.501 -986.494 
1472.51 -1002.5 
874.509 -1007.5 
-1544.5 -1012.51 
-252.501 -1020.5 
1585.5 -1026.5 
1490.5 -1028.51 
159.488 -1048.5 
413.497 -1049.5 
-1496.5 -1058.5 
-1446.5 -1058.5 
511.496 -1065.5 
130.499 -1066.5 
1385.5 -1072.5 
863.5 -1087.49 
-759.503 -1092.5 
-578.501 -1105.5 
1213.5 -1110.5 
983.503 -1126.5 
1259.5 -1128.5 
643.5 -1135.51 
577.503 -1152.5 
1559.5 -1153.5 
-196.505 -1156.5 
-26.506 -1158.5 
-770.496 -1178.5 
490.502 -1181.49 
1419.49 -1181.5 
-651.498 -1201.5 
