-28.1 1229.64 
-27.5984 1229.64 
-26.5976 1229.64 
-25.5991 1229.64 
-24.6049 1229.64 
-23.6009 1229.64 
-22.5958 1229.64 
-21.6066 1229.64 
-20.5902 1229.64 
-28.1 1228.64 
-27.5951 1228.63 
-26.6033 1228.64 
-25.5991 1228.65 
-24.6024 1228.64 
-23.5991 1228.63 
-22.6033 1228.64 
-21.5958 1228.64 
-20.6 1228.64 
-28.3003 1227.54 
-27.2523 1227.6 
-25.6043 1227.64 
-23.6049 1227.64 
-21.5967 1227.64 
-20.4261 1227.58 
933.513 1226.34 
934.751 1225.85 
-27.1562 1225.87 
-25.5312 1225.71 
-22.6737 1225.71 
932.83 1224.78 
934.009 1224.26 
-24.4823 1224.61 
141.9 1220.14 
933.901 1223.58 
141.329 1219.15 
142.013 1219.15 
370.901 1186.14 
370.342 1185.14 
371.011 1185.14 
139.902 1180.14 
-1172.1 1176.14 
139.331 1179.14 
140.014 1179.14 
1307.9 1176.14 
-1172.67 1175.13 
-1171.99 1175.13 
1307.33 1175.15 
1308.01 1175.15 
-606.104 1166.15 
800.895 1165.14 
-606.665 1165.15 
-605.993 1165.14 
-1397.1 1161.14 
800.331 1164.13 
801.007 1164.12 
-1397.66 1160.15 
-1396.99 1160.14 
1160.9 1137.14 
1160.34 1136.15 
1161.01 1136.14 
196.897 1128.13 
196.326 1127.14 
197.005 1127.14 
1445.54 1120.25 
1447.98 1119.22 
1443.26 1118.1 
-854.087 1115.14 
1445.38 1116.62 
1448.07 1116.67 
-636.094 1112.14 
-854.658 1114.13 
-853.987 1114.14 
1445.48 1114.51 
-636.663 1111.13 
-635.987 1111.14 
-203.102 1108.13 
-521.094 1106.14 
414.885 1106.13 
-203.662 1107.13 
-202.995 1107.13 
-521.661 1105.15 
-520.987 1105.15 
414.324 1105.14 
415.001 1105.14 
1128.89 1077.14 
1126.9 1075.15 
1128.81 1075.23 
1130.32 1075.29 
1128.76 1073.71 
668.902 1056.14 
666.902 1054.14 
668.812 1054.23 
670.325 1054.29 
668.751 1052.71 
-237.1 1045.14 
-958.114 1043.13 
-237.666 1044.14 
-236.992 1044.15 
-958.671 1042.13 
-957.997 1042.13 
1566.9 1031.14 
1196.9 1028.14 
1566.33 1030.14 
1567.01 1030.14 
1196.34 1027.15 
1197.01 1027.15 
1192.9 986.141 
1192.34 985.136 
1193 985.138 
28.884 958.14 
28.3282 957.154 
29.0055 957.152 
782.889 941.15 
782.339 940.141 
782.997 940.143 
866.889 936.134 
274.899 934.139 
540.904 932.137 
866.331 935.14 
867.01 935.138 
274.334 933.14 
275.004 933.141 
-687.093 929.137 
540.337 931.141 
541.012 931.141 
-1175.1 926.147 
-687.666 928.155 
-686.988 928.152 
1190.9 923.136 
-1175.67 925.14 
-1174.99 925.14 
1190.35 922.129 
1191.01 922.13 
328.893 896.14 
654.902 896.14 
328.33 895.137 
329.003 895.141 
654.336 895.139 
655.009 895.139 
-259.095 890.142 
-259.662 889.145 
-258.988 889.147 
368.906 885.14 
368.334 884.145 
369.01 884.145 
311.903 843.142 
1587.89 841.141 
311.336 842.144 
312.006 842.143 
1587.33 840.142 
1588 840.14 
-933.104 834.145 
-396.102 834.143 
876.916 833.14 
-935.1 832.138 
-933.188 832.225 
-931.674 832.285 
-396.668 833.145 
-395.991 833.14 
876.341 832.14 
877.016 832.141 
1085.9 829.136 
-933.244 830.715 
1085.33 828.146 
1086.01 828.144 
-862.103 823.141 
-864.102 821.147 
-862.187 821.228 
-860.67 821.282 
-862.245 819.711 
-184.114 806.14 
1036.9 805.146 
-184.67 805.136 
-184.002 805.136 
1036.33 804.148 
1037.01 804.146 
-616.104 799.136 
-618.1 797.131 
-616.188 797.214 
-614.669 797.271 
-616.244 795.704 
-340.102 786.138 
-298.093 784.146 
-340.67 785.131 
-339.99 785.128 
24.9035 782.135 
-298.663 783.145 
-297.988 783.148 
24.3313 781.131 
25.009 781.13 
817.89 764.134 
1328.91 761.134 
817.33 763.147 
818.007 763.145 
1328.34 760.129 
1329.02 760.13 
1131.9 754.135 
1131.33 753.132 
1132.01 753.135 
341.9 721.148 
341.336 720.144 
342.008 720.144 
1432.9 711.139 
1432.34 710.135 
1433.01 710.134 
699.91 701.143 
699.337 700.14 
700.011 700.141 
1226.9 693.142 
1224.9 691.14 
1226.81 691.229 
1228.33 691.289 
1226.75 689.714 
612.894 678.135 
945.901 676.139 
612.332 677.138 
613.002 677.141 
943.898 674.138 
945.818 674.222 
947.331 674.28 
945.763 672.717 
540.889 645.151 
540.334 644.147 
540.992 644.146 
1595.92 634.139 
297.912 630.136 
1595.33 633.137 
1596.01 633.14 
450.904 627.13 
297.336 629.14 
298.018 629.139 
427.904 625.14 
-1444.1 624.142 
450.341 626.131 
451.009 626.133 
427.332 624.154 
428.009 624.157 
-1444.67 623.144 
-1444 623.147 
1382.88 610.145 
1382.32 609.141 
1383 609.14 
1301.9 598.135 
1299.9 596.133 
1301.82 596.22 
1303.33 596.279 
721.909 590.139 
1301.77 594.7 
721.332 589.138 
722.006 589.141 
-738.102 578.139 
-738.661 577.137 
-737.988 577.136 
255.912 568.138 
-936.107 564.137 
255.339 567.133 
256.014 567.138 
-936.662 563.139 
-936 563.14 
-33.1016 559.145 
-694.095 557.143 
-33.6618 558.15 
-32.9994 558.148 
746.901 555.139 
-696.095 555.134 
-694.184 555.228 
-692.673 555.292 
746.334 554.143 
747.005 554.143 
-694.245 553.711 
-1330.1 548.137 
1381.9 546.136 
-1330.66 547.126 
-1330 547.129 
1381.34 545.13 
1382 545.129 
21.9055 540.141 
757.909 537.139 
21.3333 539.134 
22.0132 539.138 
-141.087 535.142 
757.337 536.136 
758.012 536.136 
-141.667 534.14 
-140.988 534.14 
442.902 491.136 
442.337 490.133 
443.01 490.135 
-1549.09 477.149 
-1549.66 476.148 
-1548.99 476.146 
735.901 468.139 
735.328 467.145 
736.007 467.144 
-1557.09 450.138 
-1557.66 449.134 
-1556.99 449.136 
135.902 444.141 
-928.106 443.141 
539.915 442.146 
133.905 442.14 
135.822 442.225 
137.326 442.283 
-928.668 442.143 
-927.993 442.143 
539.343 441.143 
540.015 441.144 
135.767 440.714 
-378.102 435.143 
-378.666 434.133 
-377.993 434.134 
842.889 428.14 
1503.9 427.149 
782.9 426.144 
842.331 427.138 
843.001 427.138 
1503.34 426.149 
1504 426.152 
782.334 425.149 
783.013 425.146 
-1145.12 420.139 
-1164.1 416.143 
-1145.68 419.142 
-1145 419.142 
182.9 415.142 
-1166.1 414.127 
-1164.19 414.22 
-1162.67 414.284 
180.897 413.149 
182.817 413.228 
184.332 413.281 
-1164.25 412.709 
182.761 411.709 
-357.103 405.136 
-357.67 404.139 
-357.002 404.138 
49.9045 395.137 
165.909 395.134 
49.3362 394.132 
50.008 394.13 
165.342 394.135 
166.014 394.137 
-44.1048 387.144 
-25.1096 384.144 
-44.6603 386.145 
-43.9856 386.141 
-25.6746 383.144 
-25.0027 383.147 
1417.89 377.144 
-694.103 373.136 
1417.33 376.136 
1418.01 376.135 
-694.672 372.14 
-693.992 372.141 
-971.091 368.138 
-971.662 367.135 
-970.999 367.138 
280.907 362.138 
280.334 361.13 
281.015 361.134 
-1117.1 355.14 
301.907 353.139 
-1117.66 354.141 
-1117 354.142 
301.332 352.14 
302.014 352.141 
-391.099 346.151 
-391.661 345.154 
-390.997 345.153 
224.897 318.139 
222.9 316.134 
224.811 316.223 
226.328 316.284 
224.752 314.708 
-1635.09 303.141 
-1636.16 301.958 
-1635.1 302.141 
1060.89 296.146 
686.9 295.143 
1087.91 294.141 
1060.33 295.146 
1061 295.141 
-1438.12 291.128 
686.337 294.137 
687.012 294.135 
1087.34 293.134 
1088.01 293.138 
-1438.67 290.134 
-1438 290.131 
-1012.09 286.137 
756.906 286.145 
-249.109 285.134 
-1012.66 285.136 
-1011.99 285.138 
756.333 285.141 
757.015 285.146 
-249.669 284.144 
-248.996 284.139 
-39.0954 277.134 
-39.6657 276.141 
-38.9831 276.141 
-134.111 269.14 
-1239.09 266.141 
-136.098 267.149 
-134.187 267.233 
-132.668 267.29 
-1239.66 265.143 
-1238.99 265.142 
-134.239 265.714 
-193.105 258.137 
-115.098 257.143 
816.9 257.142 
-193.662 257.128 
-193 257.131 
715.917 254.138 
-115.662 256.15 
-114.991 256.149 
814.899 255.142 
816.817 255.221 
818.331 255.274 
715.34 253.13 
716.007 253.132 
816.761 253.708 
816.908 241.149 
816.335 240.138 
817.013 240.139 
-390.104 230.147 
-390.664 229.145 
-390.002 229.144 
901.907 222.136 
497.896 220.145 
1580.9 219.134 
901.333 221.129 
902.016 221.133 
497.329 219.15 
498.007 219.152 
1580.33 218.14 
1581.01 218.144 
794.91 211.137 
-218.114 208.143 
-334.112 207.144 
794.341 210.136 
795.008 210.136 
1332.9 206.138 
-218.673 207.138 
-217.997 207.136 
-334.661 206.143 
-333.996 206.143 
1332.34 205.136 
1333.01 205.133 
-1313.09 194.139 
-803.095 193.137 
-1315.09 192.127 
-1313.18 192.209 
-1311.67 192.266 
-804.277 191.559 
-802.99 192.136 
-390.102 187.134 
-1313.24 190.706 
-808.713 186.754 
-807.049 187.227 
-390.664 186.135 
-389.988 186.134 
-808.104 185.577 
1301.9 181.139 
1301.33 180.143 
1302.01 180.146 
-1109.1 173.146 
-162.104 173.147 
-726.096 172.15 
-261.102 172.148 
350.9 172.138 
-1109.66 172.14 
-1108.99 172.136 
-162.666 172.155 
-161.992 172.154 
-726.662 171.152 
-725.992 171.15 
-261.658 171.145 
-260.992 171.14 
350.337 171.149 
351.007 171.148 
1201.9 162.136 
34.8967 161.135 
-405.095 159.141 
1201.34 161.136 
1202.01 161.134 
34.3251 160.135 
35.0083 160.135 
-405.67 158.14 
-404.993 158.143 
896.894 149.139 
175.904 145.144 
894.9 147.144 
896.815 147.225 
898.333 147.28 
175.339 144.144 
176.015 144.142 
896.762 145.714 
1120.9 137.143 
-103.095 136.141 
1315.9 135.14 
1120.34 136.147 
1121.01 136.147 
-103.664 135.145 
-102.989 135.141 
1315.33 134.14 
1316 134.139 
177.91 122.141 
177.334 121.141 
178.011 121.145 
979.902 112.138 
-1064.1 109.14 
977.902 110.128 
979.815 110.221 
981.323 110.285 
-1064.66 108.141 
-1063.99 108.138 
979.756 108.711 
-1523.08 103.145 
-582.1 103.14 
-1523.66 102.14 
-1522.99 102.142 
-584.106 101.15 
-582.188 101.236 
-580.677 101.294 
-1168.1 97.1483 
-154.112 97.1446 
-582.248 99.7107 
-1168.67 96.1476 
-1168 96.144 
-154.664 96.1427 
-153.99 96.14 
159.902 81.138 
1399.91 79.1406 
159.332 80.1477 
160.013 80.1426 
1399.34 78.1382 
1400.01 78.1382 
1041.9 72.1354 
1270.9 72.1358 
-196.109 70.1371 
1041.33 71.1416 
1042.01 71.139 
1268.9 70.1424 
1270.81 70.2273 
1272.33 70.2849 
-196.664 69.1305 
-195.996 69.1324 
1056.9 66.144 
1270.75 68.7139 
1056.33 65.1365 
1057.01 65.1404 
128.895 60.1434 
128.334 59.136 
129.006 59.1396 
617.894 45.1405 
-294.112 41.1366 
617.335 44.1349 
618.001 44.1348 
604.907 40.1332 
-294.669 40.1318 
-294.001 40.1301 
604.332 39.1324 
605.009 39.1349 
1520.89 33.1496 
1520.33 32.1494 
1521 32.1454 
-517.107 28.1376 
-517.665 27.1415 
-516.995 27.1378 
48.8989 24.1368 
-1533.1 22.1372 
48.3298 23.1424 
49.0115 23.1407 
-1533.68 21.1341 
-1532.99 21.1349 
133.899 15.136 
133.323 14.1428 
134.004 14.1423 
1079.89 10.1361 
1079.33 9.13829 
1080 9.13854 
-1576.1 2.14 
-1576.67 1.13548 
-1576 1.13854 
1085.9 -5.86208 
1083.9 -7.86732 
1085.81 -7.78029 
1087.33 -7.72035 
1135.9 -9.84657 
1085.75 -9.29286 
1135.34 -10.843 
1136 -10.8454 
80.888 -14.8579 
80.3285 -15.8563 
81.0005 -15.8583 
-1428.1 -23.8572 
-1428.67 -24.86 
-1427.99 -24.8589 
-1333.1 -30.8541 
303.918 -33.8589 
1070.9 -33.859 
1149.89 -33.86 
-1333.67 -31.8474 
-1333 -31.8493 
642.907 -34.8678 
908.887 -35.8583 
952.908 -35.8583 
303.344 -34.8569 
304.02 -34.8574 
1070.33 -34.8628 
1071.01 -34.8594 
1149.33 -34.8545 
1150 -34.8585 
642.336 -35.8712 
643.009 -35.8684 
908.333 -36.8523 
909.006 -36.8582 
952.333 -36.8555 
953.009 -36.8504 
638.155 -42.39 
637.328 -43.8646 
638.008 -43.8616 
-387.098 -59.8589 
764.566 -59.8181 
766.864 -60.8997 
-387.672 -60.86 
-386.987 -60.8585 
762.363 -62.0014 
764.456 -63.3004 
766.925 -63.2567 
595.894 -67.8657 
764.525 -65.3914 
595.338 -68.8663 
596.003 -68.8678 
1505.9 -74.8618 
1503.9 -76.8551 
1505.82 -76.7754 
1507.33 -76.7213 
1505.76 -78.2888 
1462.89 -90.8583 
1462.33 -91.8551 
1463 -91.8512 
-132.095 -104.86 
-132.664 -105.855 
-131.989 -105.852 
1569.9 -109.864 
1569.34 -110.872 
1570.01 -110.87 
629.897 -115.855 
629.337 -116.866 
630.006 -116.863 
-219.105 -122.857 
1548.9 -123.859 
-219.665 -123.85 
-218.997 -123.853 
1548.34 -124.858 
1549 -124.856 
919.894 -134.852 
-702.095 -136.859 
1571.89 -137.854 
-297.098 -138.865 
919.335 -135.857 
920.001 -135.855 
-702.666 -137.857 
-701.986 -137.86 
869.904 -141.866 
1571.33 -138.853 
1572 -138.855 
-297.662 -139.857 
-296.991 -139.86 
869.337 -142.856 
870.01 -142.86 
-1105.12 -147.857 
-1105.67 -148.86 
-1105.01 -148.86 
1237.91 -151.858 
1237.34 -152.863 
1238.01 -152.861 
991.895 -163.865 
799.894 -166.863 
989.899 -165.871 
991.813 -165.78 
993.327 -165.718 
-746.1 -168.855 
799.333 -167.869 
800.002 -167.867 
991.758 -167.286 
-746.668 -169.853 
-745.996 -169.856 
-30.0944 -172.855 
778.9 -173.862 
538.901 -174.857 
-32.1 -174.869 
-30.1824 -174.776 
-28.6684 -174.713 
44.9 -177.856 
778.33 -174.869 
779.005 -174.867 
-353.098 -178.864 
538.339 -175.856 
539.008 -175.859 
-30.2421 -176.29 
44.3441 -178.853 
45.0129 -178.857 
-353.667 -179.863 
-352.987 -179.865 
-93.1005 -188.857 
1118.9 -188.862 
-383.108 -190.856 
1252.9 -191.863 
-93.6613 -189.86 
-92.9887 -189.864 
410.899 -192.856 
1118.33 -189.87 
1119.01 -189.867 
-383.662 -191.85 
-382.993 -191.855 
1252.33 -192.856 
1253 -192.858 
410.331 -193.847 
411.011 -193.852 
821.905 -210.865 
821.347 -211.858 
822.016 -211.86 
-1127.09 -220.866 
-1127.66 -221.871 
-1126.99 -221.867 
340.908 -241.864 
-625.106 -244.863 
-1296.11 -245.86 
340.33 -242.864 
341.014 -242.859 
-781.095 -246.858 
-648.107 -248.867 
-632.1 -248.867 
-626.764 -246.595 
-624.999 -245.865 
-1298.1 -247.863 
-1296.19 -247.775 
-1294.67 -247.715 
-781.657 -247.862 
-780.994 -247.859 
-648.668 -249.865 
-647.996 -249.869 
-632.67 -249.872 
-631.664 -249.701 
-1296.25 -249.287 
256.899 -254.867 
741.893 -254.854 
256.334 -255.87 
257.012 -255.871 
741.33 -255.866 
742.002 -255.861 
551.9 -263.862 
551.334 -264.867 
552.006 -264.863 
-883.108 -275.865 
-688.111 -275.863 
4.89219 -276.857 
-912.099 -278.857 
1202.9 -278.861 
-883.667 -276.867 
-882.994 -276.867 
-688.666 -276.858 
-687.995 -276.86 
4.33359 -277.864 
4.99705 -277.866 
-912.662 -279.871 
-911.993 -279.867 
1202.34 -279.867 
1203.01 -279.864 
465.889 -284.861 
884.888 -287.868 
465.339 -285.866 
465.996 -285.868 
-1323.11 -289.86 
884.32 -288.853 
885.001 -288.856 
-1323.67 -290.861 
-1323 -290.864 
1112.89 -297.86 
454.892 -300.865 
1112.32 -298.858 
1113 -298.854 
454.334 -301.858 
455.003 -301.86 
-1037.11 -308.86 
-104.092 -308.859 
-1037.67 -309.861 
-1037 -309.861 
-104.658 -309.865 
-103.993 -309.865 
1471.9 -319.858 
-550.108 -320.859 
1471.34 -320.873 
1472.01 -320.868 
-550.667 -321.862 
-549.995 -321.866 
-1286.1 -334.859 
1381.9 -336.865 
631.898 -337.856 
-1286.66 -335.871 
-1285.99 -335.868 
238.899 -338.86 
1381.34 -337.868 
1382.01 -337.872 
631.337 -338.855 
632 -338.858 
238.333 -339.859 
239 -339.857 
1555.9 -348.863 
1555.33 -349.868 
1556.01 -349.865 
211.903 -357.866 
211.338 -358.871 
212.008 -358.867 
-874.104 -372.859 
-874.67 -373.856 
-873.995 -373.858 
918.902 -381.859 
918.334 -382.857 
919.009 -382.858 
1311.91 -386.858 
-979.1 -389.856 
1311.34 -387.86 
1312.01 -387.859 
-1526.11 -392.865 
-979.666 -390.863 
-979.004 -390.859 
-1526.67 -393.859 
-1526 -393.858 
-1596.1 -399.857 
-1596.67 -400.849 
-1595.99 -400.85 
-481.107 -404.861 
-906.092 -407.86 
-481.668 -405.855 
-480.99 -405.859 
-908.102 -409.853 
-906.183 -409.767 
-904.671 -409.708 
-830.1 -414.86 
-906.245 -411.285 
-832.104 -416.87 
-830.188 -416.782 
-828.675 -416.721 
-830.247 -418.291 
-481.097 -423.857 
-64.0874 -423.859 
-271.1 -424.858 
958.898 -424.854 
-483.102 -425.857 
-481.181 -425.771 
-479.67 -425.713 
-64.664 -424.866 
-63.9906 -424.863 
-273.099 -426.87 
-271.186 -426.781 
-269.671 -426.719 
958.327 -425.86 
958.997 -425.854 
-1535.09 -431.862 
-481.238 -427.288 
-271.245 -428.293 
-1535.66 -432.86 
-1534.98 -432.861 
258.9 -435.858 
256.896 -437.857 
258.811 -437.772 
260.33 -437.714 
258.751 -439.287 
1438.9 -446.871 
1438.33 -447.867 
1439.01 -447.869 
868.898 -453.857 
868.331 -454.86 
869.005 -454.862 
1502.9 -459.862 
1502.33 -460.85 
1503.01 -460.851 
162.898 -464.858 
150.894 -465.856 
162.327 -465.85 
163.003 -465.855 
148.902 -467.853 
150.815 -467.772 
152.327 -467.718 
1603.89 -471.868 
150.761 -469.287 
1603.33 -472.869 
1604.01 -472.871 
129.901 -477.87 
-460.104 -481.856 
129.33 -478.863 
130.005 -478.861 
-460.666 -482.863 
-460.001 -482.859 
905.904 -494.852 
-915.095 -497.858 
905.342 -495.852 
906.006 -495.854 
-915.665 -498.856 
-914.989 -498.858 
-212.094 -503.861 
-212.655 -504.862 
-211.989 -504.865 
-620.102 -508.857 
-1241.09 -512.859 
-620.659 -509.851 
-619.993 -509.853 
-1241.67 -513.855 
-1240.99 -513.851 
-470.109 -516.864 
-470.669 -517.869 
-469.996 -517.868 
179.895 -521.86 
177.897 -523.864 
179.808 -523.775 
181.325 -523.714 
179.749 -525.286 
-299.108 -536.859 
-299.669 -537.856 
-298.998 -537.855 
-1433.1 -546.86 
-1435.1 -548.853 
-1433.19 -548.778 
-1431.67 -548.728 
-372.097 -553.853 
-1433.24 -550.282 
230.9 -554.862 
1620.91 -556.856 
-372.668 -554.864 
-371.996 -554.855 
230.339 -555.855 
231.009 -555.852 
14.9044 -560.869 
1618.9 -558.861 
1620.82 -558.773 
1622.34 -558.713 
489.896 -562.867 
139.905 -563.856 
14.3357 -561.864 
15.0158 -561.868 
1620.76 -560.291 
57.9114 -565.854 
489.331 -563.864 
490.008 -563.867 
-220.096 -567.863 
139.334 -564.854 
139.999 -564.854 
57.3402 -566.853 
58.0132 -566.856 
-220.666 -568.859 
-219.996 -568.861 
801.897 -589.86 
389.886 -591.856 
285.909 -592.857 
801.331 -590.861 
802.013 -590.858 
389.333 -592.869 
390.005 -592.865 
285.333 -593.854 
286.01 -593.854 
1508.92 -596.86 
714.907 -600.857 
1508.34 -597.862 
1509.02 -597.861 
-1228.09 -601.857 
-366.1 -601.864 
-1254.1 -603.863 
714.339 -601.856 
715.011 -601.858 
-1228.66 -602.862 
-1227.99 -602.857 
-366.664 -602.859 
-365.992 -602.857 
-1256.1 -605.865 
-1254.19 -605.782 
-1252.67 -605.726 
628.903 -610.861 
-1254.24 -607.295 
626.899 -612.858 
628.818 -612.777 
630.33 -612.722 
-1493.1 -615.861 
1285.91 -616.864 
628.759 -614.285 
-1493.66 -616.865 
-1492.99 -616.864 
-678.1 -619.858 
1285.34 -617.861 
1286.01 -617.866 
-370.086 -622.857 
-680.108 -621.853 
-678.192 -621.763 
-676.669 -621.702 
388.901 -625.86 
-370.666 -623.867 
-369.986 -623.864 
-678.255 -623.286 
-1371.1 -628.859 
388.335 -626.865 
389.005 -626.864 
-1371.67 -629.857 
-1370.99 -629.857 
-841.094 -632.862 
-843.09 -634.861 
-841.182 -634.77 
-839.671 -634.709 
-798.101 -636.852 
-1117.1 -639.857 
-841.241 -636.288 
-798.666 -637.855 
-797.995 -637.856 
-1117.66 -640.857 
-1116.99 -640.859 
-197.095 -647.857 
-197.665 -648.859 
-196.992 -648.857 
910.894 -658.859 
510.897 -661.859 
910.331 -659.846 
911.006 -659.85 
-1183.09 -663.858 
510.334 -662.863 
511.005 -662.863 
-1183.66 -664.856 
-1182.98 -664.859 
324.908 -670.864 
324.339 -671.869 
325.018 -671.866 
39.9012 -680.861 
-501.11 -681.855 
39.3282 -681.854 
40.0096 -681.86 
-501.669 -682.855 
-500.997 -682.857 
109.907 -685.858 
344.9 -685.865 
-679.106 -687.853 
107.901 -687.86 
109.823 -687.777 
111.329 -687.721 
344.337 -686.863 
345.008 -686.861 
-679.669 -688.859 
-678.993 -688.857 
109.766 -689.29 
-590.1 -695.859 
-590.661 -696.87 
-589.995 -696.866 
355.902 -700.861 
355.325 -701.856 
356.013 -701.857 
-665.1 -711.856 
890.897 -711.85 
-665.663 -712.853 
-665 -712.858 
202.904 -715.854 
890.33 -712.849 
891.004 -712.851 
202.336 -716.848 
203.009 -716.849 
-1546.1 -727.861 
-703.099 -729.858 
-1548.1 -729.858 
-1546.18 -729.774 
-1544.68 -729.718 
1333.9 -732.864 
-703.668 -730.858 
-702.993 -730.855 
-532.1 -733.852 
-1546.24 -731.29 
1333.34 -733.859 
1334.01 -733.86 
-532.661 -734.859 
-531.995 -734.856 
-181.075 -737.855 
214.9 -737.861 
-181.653 -738.859 
-180.981 -738.855 
214.334 -738.855 
215.005 -738.855 
1329.9 -742.861 
-665.104 -743.85 
417.913 -745.856 
1329.33 -743.859 
1330.02 -743.86 
-665.661 -744.859 
-664.994 -744.86 
354.914 -749.861 
417.34 -746.856 
418.011 -746.858 
-731.102 -751.864 
354.335 -750.866 
355.016 -750.864 
-731.672 -752.869 
-730.992 -752.868 
-1248.1 -759.865 
-1248.67 -760.867 
-1247.99 -760.868 
-551.103 -764.857 
-551.664 -765.854 
-550.999 -765.853 
-222.115 -774.863 
270.894 -775.859 
-222.67 -775.864 
-222.004 -775.868 
270.335 -776.858 
271.004 -776.86 
-877.094 -785.857 
-944.112 -789.86 
-877.67 -786.858 
-876.987 -786.856 
-466.09 -792.864 
-944.672 -790.858 
-943.997 -790.86 
-466.666 -793.869 
-465.986 -793.87 
-637.102 -798.864 
-400.104 -799.861 
144.902 -799.858 
234.892 -801.854 
-637.667 -799.865 
-636.99 -799.867 
-400.666 -800.863 
-399.993 -800.863 
144.337 -800.859 
145.008 -800.862 
424.905 -803.865 
723.906 -803.858 
234.33 -802.849 
235.004 -802.85 
424.338 -804.875 
425.006 -804.873 
723.339 -804.867 
724.009 -804.862 
-395.091 -820.86 
-1470.1 -824.865 
-395.656 -821.864 
-394.986 -821.865 
30.8989 -824.859 
-1470.66 -825.855 
-1469.99 -825.861 
-1204.09 -828.863 
30.3336 -825.87 
31.0036 -825.866 
-1204.67 -829.875 
-1204 -829.872 
-559.102 -838.86 
-559.667 -839.854 
-558.993 -839.857 
-703.435 -848.818 
-701.135 -849.9 
-705.632 -850.999 
-703.541 -852.307 
-701.073 -852.266 
1122.91 -854.849 
740.903 -857.855 
1013.91 -857.86 
-703.471 -854.391 
1122.34 -855.851 
1123 -855.848 
740.34 -858.853 
741.01 -858.856 
1013.33 -858.865 
1014.01 -858.865 
-1105.11 -877.858 
-1105.67 -878.86 
-1105 -878.859 
673.91 -889.859 
-104.109 -893.857 
673.341 -890.867 
674.015 -890.868 
-104.668 -894.859 
-104.002 -894.861 
72.8955 -899.861 
72.3286 -900.85 
73.0072 -900.852 
-1174.1 -904.865 
-1174.67 -905.871 
-1174 -905.864 
208.897 -917.863 
206.902 -919.858 
208.816 -919.776 
210.327 -919.721 
1041.89 -923.858 
208.761 -921.287 
-1336.09 -926.859 
-456.1 -926.863 
1041.33 -924.85 
1042 -924.852 
-1336.66 -927.857 
-1335.99 -927.857 
-456.666 -927.867 
-455.992 -927.864 
888.891 -932.867 
888.33 -933.867 
889.003 -933.864 
-659.101 -939.86 
-659.669 -940.867 
-658.99 -940.862 
-1424.11 -947.852 
-1424.67 -948.854 
-1424 -948.855 
-1223.11 -956.862 
-1030.43 -957.815 
-1028.14 -958.896 
-1223.66 -957.865 
-1223 -957.865 
-1032.63 -960.002 
-1030.54 -961.311 
-1028.08 -961.265 
17.9121 -964.872 
771.909 -965.861 
315.908 -966.861 
-1030.47 -963.395 
1208.9 -967.858 
17.3415 -965.871 
18.0168 -965.869 
771.337 -966.865 
772.01 -966.864 
315.338 -967.867 
316.005 -967.867 
1206.9 -969.851 
1208.82 -969.769 
1210.33 -969.714 
424.896 -972.869 
1208.76 -971.288 
424.338 -973.868 
425.013 -973.864 
-1169.1 -977.855 
-1169.66 -978.859 
-1169 -978.855 
1517.91 -991.859 
1517.33 -992.859 
1518.01 -992.856 
-1251.1 -998.856 
-542.096 -1000.85 
-1251.67 -999.863 
-1251 -999.859 
-542.66 -1001.85 
-541.993 -1001.85 
-559.101 -1007.86 
-1020.09 -1009.86 
-559.669 -1008.86 
-558.99 -1008.86 
-1020.67 -1010.86 
-1019.99 -1010.86 
-1045.09 -1017.86 
-1045.67 -1018.85 
-1044.98 -1018.85 
-102.103 -1023.85 
-102.666 -1024.85 
-101.996 -1024.85 
788.898 -1028.86 
665.893 -1032.85 
788.339 -1029.86 
789.009 -1029.86 
-742.103 -1036.86 
665.341 -1033.85 
666.006 -1033.86 
-546.105 -1039.87 
-742.678 -1037.86 
-741.999 -1037.85 
997.89 -1042.87 
-546.673 -1040.87 
-545.988 -1040.87 
997.33 -1043.86 
998.012 -1043.86 
-1271.1 -1057.86 
716.9 -1057.86 
-1271.67 -1058.87 
-1270.99 -1058.86 
716.339 -1058.86 
717.008 -1058.86 
-1569.11 -1062.86 
605.907 -1063.86 
-1569.67 -1063.85 
-1569 -1063.86 
603.902 -1065.87 
605.815 -1065.78 
607.33 -1065.72 
605.752 -1067.29 
-1334.09 -1083.86 
-1334.66 -1084.85 
-1333.98 -1084.86 
-771.101 -1091.86 
-771.66 -1092.85 
-770.981 -1092.86 
102.889 -1096.85 
470.892 -1097.85 
100.897 -1098.86 
102.807 -1098.77 
104.325 -1098.71 
470.335 -1098.84 
471.01 -1098.85 
102.752 -1100.29 
28.8928 -1106.86 
28.3357 -1107.87 
29.0001 -1107.87 
-209.115 -1114.86 
-209.666 -1115.86 
-209.003 -1115.86 
-662.097 -1121.86 
-664.1 -1123.86 
-662.185 -1123.78 
-660.675 -1123.72 
-718.095 -1127.86 
-662.245 -1125.29 
-720.097 -1129.86 
-718.122 -1129.83 
-716.301 -1130.08 
-717.645 -1132.2 
-715.603 -1132.93 
1116.89 -1152.86 
1115.63 -1154.35 
1117 -1153.85 
1109.89 -1157.86 
1109.34 -1158.86 
1110.18 -1158.75 
-1299.1 -1172.85 
-1299.67 -1173.86 
-1299 -1173.86 
614.892 -1178.86 
614.339 -1179.87 
614.994 -1179.87 
-265.091 -1190.86 
339.899 -1193.86 
-265.666 -1191.85 
-264.984 -1191.86 
-1432.11 -1197.86 
339.332 -1194.86 
340.002 -1194.86 
-1434.1 -1199.87 
-1432.19 -1199.78 
-1430.67 -1199.72 
-1359.11 -1204.86 
-1432.24 -1201.3 
-1359.67 -1205.86 
-1358.99 -1205.85 
135.9 -1212.86 
133.891 -1214.86 
135.812 -1214.78 
137.335 -1214.72 
135.752 -1216.29 
-663.504 -1231.66 
-661.581 -1231.86 
