-1052.49 1212.49 
1110.5 1199.5 
346.501 1192.51 
505.499 1186.5 
-495.503 1182.5 
520.495 1177.5 
-1388.49 1171.51 
-1059.5 1155.5 
-1277.51 1152.5 
-78.5072 1150.5 
-969.5 1143.49 
1139.5 1138.51 
-1404.5 1137.5 
1256.5 1136.5 
-1555.5 1111.5 
-1016.5 1109.5 
-723.502 1104.5 
711.502 1097.52 
-1366.49 1096.49 
-725.181 1100.75 
-583.501 1065.5 
-1361.49 1061.49 
-1150.5 1049.5 
-1233.5 1026.49 
-197.505 978.497 
-447.5 970.5 
1326.5 961.499 
229.499 958.5 
-113.501 953.498 
-64.4952 947.5 
-1037.5 939.501 
863.5 938.498 
1408.5 919.499 
-1333.5 906.492 
-673.508 904.497 
-429.5 896.502 
-415.868 892.636 
392.498 890.498 
449.504 886.497 
-322.502 879.497 
-876.504 875.501 
-1086.5 853.497 
-76.5007 814.496 
-1370.5 808.499 
-760.504 806.505 
1182.5 800.5 
-1241.5 797.503 
-345.606 794.952 
-342.891 794.698 
735.5 791.507 
-346.311 794.526 
-1464.5 775.501 
-694.5 768.496 
372.492 767.498 
464.495 766.502 
-379.5 762.502 
506.497 757.501 
594.499 749.504 
483.501 728.502 
347.495 720.501 
-1479.51 719.505 
-483.501 705.51 
-586.497 693.505 
1145.5 681.509 
1274.5 681.5 
223.504 674.497 
-737.5 672.493 
-1324.5 668.506 
-1211.5 660.501 
-635.5 648.498 
-490.499 636.499 
-1005.5 632.504 
322.495 628.503 
-929.498 617.494 
1014.5 614.506 
-143.494 612.497 
-475.498 604.502 
-1012.5 602.505 
107.505 595.504 
1469.5 593.502 
-505.504 586.499 
-787.501 583.502 
-757.495 582.506 
1007.51 569.5 
354.501 567.507 
1403.5 548.493 
446.505 543.5 
-872.502 537.5 
1050.5 531.502 
-1078.49 529.492 
-252.493 516.499 
1174.5 513.505 
-1416.5 503.5 
728.499 501.502 
-774.492 491.501 
1564.5 474.5 
106.499 470.494 
-506.502 466.498 
577.508 461.497 
-447.497 451.501 
-1202.5 448.506 
607.501 447.501 
1038.5 448.502 
466.515 441.502 
-632.497 439.499 
-1193.32 435.88 
1250.5 424.505 
224.494 422.503 
419.499 415.503 
1230.49 405.501 
-29.5128 403.507 
-1604.49 388.496 
-999.501 377.502 
-1402.5 375.496 
-876.497 371.491 
-1310.5 368.501 
-1071.49 367.507 
1548.5 364.5 
-1408.25 361.973 
-1013.5 359.502 
-929.5 356.492 
1392.5 355.501 
-296.504 347.502 
244.503 346.495 
-1144.5 299.499 
-1460.5 294.489 
1174.5 293.501 
-1404.5 289.504 
798.509 281.505 
578.504 278.503 
-121.495 274.502 
-768.499 270.494 
-391.504 266.495 
-1357.5 265.502 
579.589 271.168 
-1447.5 264.499 
-1250.49 258.498 
-1326.5 254.501 
-691.499 246.498 
-69.5004 243.506 
-630.503 238.506 
-789.499 231.502 
-1505.5 226.501 
-572.497 223.5 
-918.508 214.503 
-409.504 205.499 
-758.498 204.506 
-77.4939 202.506 
-1073.5 189.497 
548.51 186.496 
51.4996 185.5 
-320.497 180.504 
1065.51 179.5 
-1377.49 167.497 
-1425.5 162.497 
270.499 159.503 
177.499 150.496 
420.493 149.499 
-242.508 142.498 
-1003.5 133.509 
1476.5 107.502 
-134.503 79.5 
-1372.51 73.4996 
-456.501 50.5018 
278.502 47.5031 
-513.499 37.5006 
140.495 37.4967 
-720.498 15.4969 
-1354.5 8.49707 
0.501709 -0.501709 
-444.499 -6.50269 
394.498 -8.49573 
-1156.5 -17.5065 
-1387.51 -30.5 
-528.499 -37.4993 
-1509.5 -45.5062 
-863.502 -58.4996 
689.497 -60.4977 
-1497.5 -68.5067 
-487.5 -81.496 
-696.5 -84.5004 
1191.5 -84.5045 
-1614.5 -91.496 
138.496 -118.502 
257.501 -125.505 
-310.51 -132.501 
-252.503 -138.505 
949.495 -139.502 
-1214.5 -147.499 
-607.506 -148.499 
-847.494 -149.494 
1355.5 -153.494 
-1396.5 -162.506 
-1321.5 -165.497 
-722.501 -164.498 
602.494 -169.495 
-73.4996 -181.497 
-579.506 -182.497 
-480.502 -182.493 
-1174.5 -183.496 
28.4935 -187.5 
-253.494 -204.502 
1117.5 -207.502 
-1383.49 -209.513 
-797.492 -231.501 
-1459.5 -233.495 
-933.498 -238.495 
-152.502 -248.492 
1187.51 -252.501 
1541.5 -255.497 
-340.505 -262.502 
1529.14 -270.885 
129.502 -270.5 
-1346.5 -273.497 
1528.66 -271.603 
-608.496 -282.507 
659.49 -283.499 
843.5 -285.502 
-45.5012 -295.495 
196.502 -305.497 
-1547.51 -306.498 
-459.023 -307.447 
-237.5 -311.503 
-448.436 -312.891 
-403.63 -315.744 
-405.498 -320.51 
-553.498 -327.503 
508.5 -329.496 
576.499 -335.492 
1183.5 -337.497 
-257.5 -353.498 
409.492 -361.499 
1505.5 -373.505 
54.4944 -386.503 
-1512.5 -394.512 
-1016.49 -400.496 
-963.511 -403.506 
-684.502 -415.494 
-897.5 -428.501 
635.505 -430.494 
-971.502 -442.504 
-596.5 -449.497 
483.499 -457.498 
-338.507 -459.504 
-518.505 -475.508 
-1555.51 -499.496 
657.501 -499.502 
-342.497 -505.5 
-399.499 -505.495 
1035.5 -516.5 
-1583.5 -526.501 
-1244.5 -527.504 
-1075.5 -542.498 
1232.51 -544.507 
458.5 -549.5 
551.5 -549.498 
531.5 -555.503 
946.498 -560.501 
-171.507 -562.493 
-207.5 -573.499 
502.501 -576.505 
1449.5 -581.498 
-817.492 -602.5 
-254.493 -604.496 
-1013.5 -633.498 
-289.503 -636.503 
622.503 -642.499 
-731.497 -643.495 
-1408.5 -654.499 
-294.5 -660.506 
-775.5 -665.498 
-629.498 -668.5 
1226.5 -668.504 
859.498 -674.503 
749.497 -691.507 
686.504 -692.499 
-1249.5 -704.499 
460.505 -705.492 
-1480.5 -713.506 
263.496 -730.499 
715.506 -735.502 
858.508 -751.497 
-456.496 -762.498 
981.498 -779.503 
-209.495 -780.498 
898.507 -798.507 
242.5 -810.493 
710.501 -811.496 
1616.5 -812.496 
877.504 -825.496 
-270.508 -827.495 
1494.51 -851.495 
1478.5 -857.497 
1517.5 -863.498 
1266.5 -867.497 
574.502 -874.498 
723.501 -888.504 
-550.501 -911.508 
-919.494 -939.5 
466.497 -951.496 
-421.498 -965.498 
1599.5 -965.503 
-888.507 -984.494 
-480.497 -984.491 
-1351.51 -996.498 
860.504 -1000.5 
-883.498 -1012.5 
932.505 -1027.5 
1500.51 -1034.5 
-1457.5 -1039.5 
-1254.5 -1039.5 
499.496 -1043.5 
889.5 -1042.51 
135.502 -1079.5 
-745.501 -1085.5 
406.496 -1136.5 
-1425.5 -1141.5 
618.505 -1146.5 
1089.49 -1151.5 
-857.501 -1153.5 
-1453.5 -1154.5 
1494.51 -1171.5 
-687.499 -1193.51 
-773.497 -1195.5 
