1344.5 1207.49 
-573.497 1202.51 
507.502 1199.51 
313.497 1194.51 
-810.503 1180.5 
-41.4956 1181.5 
524.506 1168.5 
-657.499 1166.5 
-1370.49 1162.14 
662.494 1159.5 
-1380.52 1159.3 
1008.5 1156.5 
-396.494 1147.51 
781.5 1142.51 
-749.5 1141.51 
-101.501 1129.5 
-440.501 1128.5 
-1152.5 1127.51 
-1283.5 1123.89 
-29.4921 1119.5 
539.5 1117.5 
-1283.5 1123.5 
1436.5 1105.51 
-1140.5 1090.5 
131.508 1086.5 
649.495 1081.5 
-229.506 1075.5 
-1481.5 1074.5 
1074.5 1073.5 
1562.5 1067.5 
-383.504 1059.5 
-1022.5 1055.5 
-754.499 1055.5 
-924.497 1045.5 
500.503 1043.5 
-1229.5 1039.5 
-1028.5 1021.5 
-867.491 1019.5 
-266.493 1014.5 
-925.5 1009.51 
-581.496 1004.5 
-493.506 1004.51 
716.495 1004.5 
-1296.5 996.5 
-485.836 996.471 
-950.324 980.755 
-970.139 976.41 
-1608.51 977.508 
-443.5 976.498 
-942.396 976.461 
-969.696 975.495 
-1548.5 957.495 
407.499 956.496 
-220.501 951.495 
-966.484 945.013 
-1366.5 943.494 
148.509 940.502 
802.498 932.497 
175.503 919.496 
-1380.5 918.498 
-167.494 915.504 
-961.614 913.975 
-1349.5 906.508 
1247.49 904.501 
-432.487 903.5 
-690.493 893.502 
-275.498 893.507 
-480.5 891.497 
-443.498 885.501 
-780.504 867.491 
-544.5 867.489 
1266.23 861.488 
159.502 862.498 
250.5 862.502 
1259.39 858.953 
593.504 858.499 
1241.5 849.503 
-451.503 842.501 
-901.497 841.502 
889.496 838.491 
-1399.5 826.502 
-627.5 809.501 
1008.5 802.5 
-372.498 799.501 
-1298.49 792.497 
-908.502 789.501 
60.4915 788.505 
-1106.5 782.5 
-9.50281 761.504 
1372.5 761.497 
-337.503 760.493 
1560.5 757.496 
-878.503 753.502 
1578.5 748.505 
486.504 742.501 
-987.496 736.5 
-288.5 724.502 
-937.501 715.497 
899.504 716.498 
-974.503 713.494 
-21.494 713.51 
-1026.5 710.504 
-874.499 710.502 
-201.499 709.496 
52.5 703.502 
-1098.5 700.499 
-304.496 695.497 
-1136.35 673.96 
-424.496 674.502 
8.50427 673.498 
266.503 670.497 
-991.497 667.499 
-279.496 662.499 
-1106.5 660.494 
264.512 667.183 
390.501 635.501 
-866.495 633.496 
-279.496 633.511 
-1533.5 627.5 
-1074.51 624.501 
-109.505 622.495 
-634.5 621.502 
-180.497 603.5 
-1365.51 588.514 
-843.506 574.495 
-1466.5 557.501 
-1011.51 557.499 
-712.5 555.5 
-1082.49 553.506 
761.503 552.508 
512.497 547.503 
-27.4982 527.506 
847.495 527.492 
1221.5 526.501 
-501.499 523.499 
898.496 520.494 
-1529.3 516.162 
-1156.5 512.491 
-1539.43 512.55 
-275.5 503.503 
-1239.5 497.498 
291.502 490.491 
-1047.5 488.505 
-987.502 478.494 
522.836 478.364 
533.623 475.192 
105.495 468.499 
-1101.51 463.508 
626.502 460.497 
-944.505 454.508 
1407.5 454.501 
-78.5068 453.501 
1475.5 449.504 
-548.505 440.504 
-877.501 437.501 
-317.498 420.504 
-213.499 408.493 
201.499 403.499 
-395.497 395.501 
874.499 390.494 
594.26 380.856 
597.308 380.496 
-545.508 378.496 
-1207.49 376.499 
593.531 380.497 
257.491 366.503 
558.502 350.508 
-413.497 348.506 
-982.501 341.491 
-1554.51 338.499 
1375.5 327.497 
-756.496 322.498 
1486.51 322.502 
-1057.5 318.501 
1537.5 311.5 
450.498 300.5 
-297.504 299.498 
350.504 293.503 
-205.496 288.498 
1508.5 281.492 
-663.498 277.891 
207.505 279.496 
1343.5 279.495 
-663.498 277.5 
-881.499 264.498 
-1566.5 262.505 
-34.5032 255.497 
300.5 254.497 
29.4978 238.498 
1195.5 238.501 
437.496 235.496 
-44.5028 228.504 
-1483.5 222.497 
-1093.5 210.503 
448.503 204.494 
152.511 200.506 
180.499 198.501 
-1286.5 195.503 
785.502 194.493 
417.499 188.509 
1307.5 184.504 
-889.501 175.496 
-641.494 175.498 
-568.505 170.504 
-761.497 170.499 
-109.498 166.504 
-915.5 164.495 
1057.5 162.503 
71.5084 162.499 
-390.504 161.501 
-1540.5 157.5 
-720.503 154.502 
-909.503 142.501 
-1258.51 127.503 
-908.443 133.634 
1341.5 117.498 
154.499 114.498 
663.496 106.505 
-223.501 101.499 
-1466.5 94.4957 
-218.363 92.1534 
1451.51 85.4948 
404.495 73.4933 
-551.49 72.4958 
281.495 56.5076 
-1157.5 55.4962 
461.501 55.5 
-395.505 49.4951 
-322.5 36.5011 
-400.532 40.4142 
1046.5 33.5011 
-1460.5 26.4955 
-58.5067 24.4983 
-1620.5 26.5063 
-122.496 19.4963 
-718.498 18.4982 
-604.5 15.5032 
49.5012 10.4982 
-73.4963 8.49548 
0.5 -0.50769 
-1590.5 -1.49902 
1609.5 -14.4933 
-451.497 -18.4978 
890.498 -24.4968 
1178.5 -25.5004 
-408.501 -26.5011 
1469.5 -26.4944 
-193.5 -36.5087 
-737.501 -44.5013 
-445.502 -45.5015 
1410.5 -50.5011 
-372.499 -51.5029 
-679.502 -54.4983 
602.5 -57.4985 
-702.502 -62.4976 
-349.509 -63.5089 
-286.5 -65.4967 
-742.501 -73.4894 
-496.502 -74.5002 
-909.495 -76.4979 
-1422.5 -82.5029 
135.499 -93.496 
1195.5 -107.505 
204.502 -123.501 
-1474.51 -128.502 
112.505 -128.502 
497.498 -130.495 
-949.506 -132.504 
-6.49512 -132.496 
-1378.49 -133.498 
261.495 -135.499 
-401.497 -136.501 
-440.505 -137.497 
-743.496 -139.494 
-144.5 -142.499 
779.507 -148.495 
315.503 -155.501 
137.506 -156.496 
-981.508 -161.499 
-1420.51 -164.506 
-1294.5 -169.507 
-1222.5 -171.497 
-808.496 -179.502 
832.504 -185.496 
473.507 -189.5 
-1192.5 -191.499 
-91.5042 -201.499 
-859.496 -209.502 
-919.495 -215.506 
1600.5 -218.493 
-409.505 -221.504 
562.498 -223.5 
820.499 -227.502 
-972.495 -229.492 
-729.504 -232.5 
1602.64 -229.666 
-1018.5 -241.497 
961.496 -259.501 
-980.495 -267.494 
638.498 -270.495 
-1385.5 -274.495 
-403.507 -281.506 
-897.507 -288.497 
-914.509 -292.5 
1102.5 -311.505 
1213.5 -313.508 
-435.503 -314.494 
-534.498 -315.5 
1556.5 -318.505 
-634.498 -324.499 
-241.503 -326.497 
-1236.5 -333.495 
-664.505 -333.507 
-528.499 -336.498 
410.505 -339.497 
151.504 -343.498 
1393.5 -343.5 
-622.493 -345.504 
353.503 -345.502 
748.503 -348.497 
-639.499 -351.496 
-1460.5 -377.503 
-709.501 -386.499 
11.4973 -398.502 
417.499 -398.506 
-837.501 -413.502 
329.502 -419.506 
-1221.51 -425.504 
1050.5 -429.492 
-459.494 -432.508 
1213.5 -438.505 
-307.497 -440.501 
-398.497 -444.506 
163.5 -444.489 
888.498 -450.504 
-957.501 -468.507 
365.499 -468.5 
-455.499 -478.503 
-277.498 -479.504 
15.5026 -488.497 
-519.5 -490.493 
-1062.5 -491.497 
-1212.5 -493.496 
-1278.51 -497.497 
1351.5 -516.499 
129.495 -520.497 
240.503 -520.5 
-432.494 -541.503 
541.491 -545.499 
-599.498 -546.506 
264.498 -558.493 
600.503 -560.503 
-73.4963 -563.503 
-853.499 -563.496 
-690.5 -571.496 
361.501 -572.503 
51.5039 -576.495 
1035.5 -599.499 
-1563.5 -626.5 
1175.5 -627.495 
-1195.5 -628.5 
592.499 -629.493 
-924.5 -631.497 
-583.5 -631.509 
789.503 -634.497 
-1335.5 -636.498 
-795.496 -652.501 
225.499 -655.5 
903.509 -657.491 
496.499 -676.504 
697.502 -693.505 
-1323.51 -695.495 
368.928 -703.804 
-167.498 -709.5 
-822.496 -710.499 
273.505 -710.505 
380.554 -711.722 
-120.499 -720.496 
-631.503 -721.499 
426.294 -722.73 
423.38 -727.601 
1606.49 -739.498 
-657.503 -743.502 
599.499 -746.501 
-64.5 -756.5 
-132.505 -757.506 
810.502 -763.502 
1012.5 -767.498 
137.501 -778.494 
574.495 -788.492 
-381.501 -796.506 
-945.498 -819.496 
1088.5 -819.504 
-1153.5 -827.505 
-788.497 -827.497 
218.502 -828.499 
-237.499 -839.502 
-1377.5 -869.507 
291.5 -869.5 
916.506 -882.503 
-1002.5 -883.499 
477.506 -886.496 
-534.496 -891.494 
-791.499 -896.503 
-927.503 -904.501 
1474.5 -910.499 
409.497 -923.502 
1345.5 -926.499 
1562.49 -932.51 
469.5 -935.499 
-601.501 -934.503 
-765.5 -939.497 
-194.5 -940.497 
-11.4985 -945.5 
-1531.49 -949.505 
-953.504 -961.5 
-409.502 -967.497 
-853.506 -1000.5 
64.5007 -1003.5 
20.5054 -1018.51 
645.499 -1032.5 
606.495 -1036.5 
160.496 -1049.49 
1432.5 -1057.5 
551.503 -1060.5 
-1056.5 -1071.5 
-1399.5 -1084.5 
511.507 -1087.5 
-1019.5 -1102.5 
502.497 -1112.5 
-1007.5 -1121.49 
-996.303 -1129 
-908.866 -1139.31 
-831.492 -1140.51 
-905.771 -1139.77 
-1389.5 -1151.5 
-1284.5 -1156.5 
-1037.5 -1161.5 
1394.5 -1162.5 
1516.49 -1186.5 
1489.5 -1187.5 
323.51 -1188.5 
1449.5 -1206.5 
