-1190.1 1182.14 
-1469.1 1175.14 
-315.1 1169.14 
1027.89 1159.15 
-432.108 1158.13 
-1298.1 1157.14 
-922.094 1157.14 
599.908 1155.15 
1416.91 1143.15 
-555.105 1117.14 
-634.113 1116.14 
423.899 1107.14 
1107.9 1105.14 
1148.89 1077.14 
459.903 1070.14 
-999.092 1068.15 
2.90574 1059.15 
160.894 1058.15 
1124.9 1048.15 
211.908 1037.14 
375.901 1031.13 
-396.101 993.143 
911.903 980.134 
51.8983 970.143 
1333.9 945.136 
1386.91 939.154 
440.904 923.139 
466.897 909.144 
1009.9 864.133 
37.8934 862.14 
1332.89 859.138 
-694.101 806.146 
1450.9 806.146 
-1465.1 803.132 
188.909 801.145 
700.906 789.14 
467.918 778.142 
-912.104 746.138 
944.916 741.145 
-677.089 732.137 
1271.91 728.14 
473.903 723.19 
473.903 723.137 
-1099.09 710.138 
717.897 689.146 
-1438.1 685.128 
-155.096 683.146 
-1098.1 680.137 
863.912 672.138 
-1376.09 645.136 
833.894 628.142 
1563.9 615.139 
-1406.1 598.141 
1510.9 588.143 
162.899 579.141 
-870.108 578.129 
-716.1 577.136 
-73.1016 578.138 
-1155.1 560.141 
-1512.1 558.143 
419.896 548.137 
-1065.11 531.146 
811.901 524.143 
315.899 517.144 
781.902 491.149 
611.905 462.144 
-502.095 448.136 
34.8926 444.146 
-122.629 424.668 
1609.9 419.143 
-380.099 409.149 
59.9078 403.136 
-359.096 401.141 
1354.91 397.146 
-178.092 389.145 
670.891 387.139 
-1309.1 382.146 
-7.09426 375.143 
-355.101 362.141 
482.897 359.145 
-822.103 351.144 
-640.097 340.14 
784.94 339.43 
-500.09 339.139 
1280.89 336.151 
-423.172 324.478 
-1283.11 322.132 
-304.098 315.136 
-418.907 318.579 
1346.9 303.136 
-1380.1 292.133 
-1281.09 280.133 
-222.105 278.135 
-481.098 277.13 
-536.104 269.135 
-1164.09 264.128 
-431.095 257.14 
967.898 251.138 
-501.095 248.138 
680.896 246.139 
803.908 225.144 
-133.119 224.143 
312.909 221.139 
221.922 217.622 
82.914 217.148 
-877.099 206.141 
926.9 194.134 
112.897 189.131 
-1100.1 187.131 
191.898 176.145 
1103.89 151.148 
1589.9 151.138 
1202.9 150.141 
987.898 149.13 
879.898 145.138 
-1070.1 141.144 
475.903 135.147 
-1589.09 123.147 
-0.109277 123.136 
-636.097 116.14 
-1253.1 110.138 
-1455.1 109.148 
-71.0926 101.131 
-1430.1 91.1933 
-1430.1 91.1382 
552.897 80.1427 
-1512.1 66.1274 
-776.097 49.1385 
688.886 19.1494 
-1469.1 8.13731 
46.8918 5.13927 
-1244.1 -7.85854 
-710.097 -7.855 
-1618.11 -33.8604 
-537.102 -43.8606 
1408.9 -46.8596 
994.907 -54.8567 
-1549.09 -55.8624 
-832.105 -57.866 
-1248.11 -60.8541 
193.896 -60.8618 
1557.9 -68.8562 
-1182.09 -77.8643 
-919.101 -87.8584 
702.902 -89.8572 
799.887 -96.8611 
-696.1 -101.86 
-320.1 -101.87 
-1500.1 -114.858 
-1065.1 -122.854 
-1165.1 -125.857 
111.906 -135.868 
-1386.1 -142.858 
-70.1002 -144.863 
993.906 -147.853 
-668.097 -157.858 
-369.107 -161.862 
1290.89 -167.863 
485.899 -172.847 
-753.101 -195.855 
-788.089 -204.855 
1170.91 -237.86 
1566.89 -246.852 
62.8962 -258.854 
-240.101 -280.853 
-1384.1 -284.853 
-646.096 -284.862 
-1065.1 -293.858 
502.896 -303.861 
-1256.1 -306.854 
41.9035 -312.862 
504.336 -307.376 
181.899 -322.859 
-1250.3 -324.391 
-374.098 -326.866 
563.9 -327.854 
99.9017 -328.856 
1049.89 -335.866 
1430.91 -343.855 
-125.095 -357.862 
622.9 -358.85 
-632.102 -365.859 
-651.101 -368.866 
618.895 -386.876 
970.911 -389.863 
-275.107 -404.858 
551.9 -422.862 
-1604.09 -436.851 
-21.1011 -437.862 
-409.095 -449.857 
1173.9 -449.857 
-659.102 -458.86 
-806.097 -470.863 
1460.9 -483.856 
-647.093 -494.849 
6.88962 -497.866 
273.898 -515.856 
415.889 -531.858 
-196.1 -536.858 
442.941 -541.218 
435.233 -541.814 
1227.89 -543.857 
-835.1 -548.862 
753.902 -548.863 
-136.1 -549.858 
-698.095 -553.861 
839.91 -552.853 
598.897 -556.85 
1589.89 -564.861 
-20.1066 -570.859 
554.9 -602.863 
259.912 -603.863 
-1532.1 -606.862 
624.897 -619.857 
1222.9 -621.866 
809.903 -637.864 
-1302.1 -641.853 
342.905 -647.859 
-1490.1 -657.867 
-192.093 -664.859 
-269.096 -669.864 
1063.9 -676.86 
-1384.09 -685.87 
-1301.1 -690.861 
-975.107 -691.852 
-1316.09 -699.863 
-1287.57 -710.019 
-635.101 -710.857 
-1303.69 -712.017 
550.904 -720.868 
1334.9 -721.855 
1495.9 -727.865 
-306.107 -729.859 
-1133.11 -735.869 
865.904 -735.861 
1465.9 -747.849 
383.898 -752.868 
-1594.1 -767.854 
300.903 -770.856 
-1274.1 -780.863 
-863.104 -798.854 
-1186.1 -825.861 
657.898 -831.859 
675.901 -840.854 
-1035.09 -847.856 
267.91 -854.859 
-436.096 -856.859 
-716.101 -859.341 
-408.104 -863.863 
-1123.11 -863.861 
-618.117 -867.853 
-1397.1 -873.861 
-235.097 -871.859 
-1011.09 -889.858 
-1098.1 -891.855 
-794.104 -892.852 
3.90598 -900.862 
-621.101 -908.857 
-333.101 -915.853 
-305.099 -924.853 
1538.89 -943.851 
-780.092 -945.855 
1126.9 -951.866 
1466.91 -956.856 
-1205.09 -968.857 
-1492.29 -974.037 
-1503.75 -974.822 
1491.9 -982.406 
1351.9 -983.856 
1491.9 -983.699 
-1034.09 -997.875 
-228.095 -997.858 
1150.9 -1002.86 
-1396.1 -1007.86 
-215.821 -1013.92 
-979.107 -1025.86 
-137.107 -1038.86 
-656.095 -1042.86 
-532.908 -1062.81 
-870.098 -1065.87 
-766.096 -1067.86 
-1594.1 -1075.85 
-999.102 -1096.86 
-1363.11 -1101.86 
-1345.1 -1107.86 
-1538.1 -1109.86 
-807.097 -1113.86 
1567.91 -1112.86 
-411.092 -1122.85 
-1605.1 -1130.86 
-1435.09 -1136.86 
1396.9 -1138.86 
-613.087 -1142.85 
-1324.11 -1146.86 
-861.092 -1147.85 
-695.097 -1148.86 
-1444.1 -1157.87 
-170.961 -1166.79 
-953.107 -1174.86 
-1237.09 -1203.86 
-267.098 -1206.86 
