-500.503 1192.5 
745.502 1189.5 
-1396.5 1181.5 
12.4984 1176.5 
1374.51 1168.49 
-585.506 1159.5 
25.5055 1159.5 
-599.506 1127.5 
837.497 1108.5 
192.506 1088.5 
-1408.5 1087.51 
605.502 1086.5 
-327.496 1081.49 
-456.507 1073.5 
263.505 1073.5 
-210.499 1062.5 
-1326.5 1058.5 
-697.508 1044.5 
607.506 1037.5 
844.502 1035.5 
1263.5 1021.5 
-703.501 1018.49 
-342.496 1010.5 
-231.502 1006.5 
-455.501 1003.5 
498.497 999.504 
1619.5 988.509 
1334.5 959.497 
1200.5 938.495 
-502.497 930.505 
85.5018 923.496 
-329.499 902.497 
-706.501 874.5 
1585.5 869.503 
1570.5 865.502 
847.504 863.496 
-730.504 856.5 
527.502 856.501 
-179.502 852.49 
-817.503 850.5 
267.502 843.504 
289.501 826.5 
-883.499 822.502 
-1318.5 817.502 
55.4976 807.5 
55.9093 800.93 
-153.497 775.501 
-268.502 730.495 
-967.499 723.497 
827.502 723.5 
927.502 716.501 
1245.5 700.497 
590.492 698.504 
-1441.5 696.492 
816.499 695.502 
735.501 694.499 
1500.5 686.503 
-1118.5 682.501 
1051.5 678.495 
177.502 675.501 
668.505 671.495 
-265.5 665.504 
-256.509 622.498 
1464.5 610.497 
943.504 598.502 
-1342.5 593.495 
-357.5 584.5 
814.507 579.499 
-564.497 574.503 
1296.5 570.492 
-1501.5 566.497 
22.5049 564.495 
-542.493 561.497 
1532.51 559.505 
323.499 554.5 
1110.49 543.503 
962.5 536.494 
416.493 534.501 
-892.492 532.505 
349.504 518.499 
938.501 517.499 
-153.495 504.499 
1456.51 502.504 
1069.49 499.498 
776.505 489.494 
942.496 478.5 
-393.505 476.504 
1226.5 451.502 
-811.491 439.506 
602.502 439.509 
384.498 438.505 
1507.5 427.5 
149.494 418.504 
1105.5 404.492 
-151.508 391.498 
-249.504 389.505 
1342.49 387.499 
-982.495 372.497 
749.495 364.499 
386.503 360.496 
1491.5 358.507 
98.4954 355.504 
1360.5 355.504 
1270.5 337.497 
1241.5 323.5 
849.5 311.5 
1109.5 308.498 
1128.5 270.502 
985.497 268.496 
-74.4932 264.506 
1012.5 263.5 
-153.505 253.505 
-521.504 243.501 
1492.5 242.496 
822.504 225.503 
1067.5 225.5 
1090.51 221.497 
986.499 213.505 
1428.5 209.495 
1162.5 208.495 
-1034.5 203.504 
972.5 188.506 
-1397.5 185.504 
1519.5 181.497 
1057.5 179.504 
1109.55 171.976 
1084.61 161.954 
1467.5 161.509 
1127.5 160.496 
1084.53 161.561 
-98.507 151.5 
1225.89 149.16 
1107.5 144.5 
-813.499 141.502 
1210.5 140.494 
1225.82 147.845 
1078.5 139.496 
-1259.5 138.506 
635.496 132.506 
1010.5 125.501 
-17.5052 124.498 
1592.5 123.495 
1176.5 119.502 
-106.489 112.501 
-21.7366 115.629 
-698.498 108.5 
-964.501 103.503 
1014.09 90.3887 
999.501 87.4972 
722.503 83.4993 
1028.5 64.5026 
-971.497 51.4956 
-1034.49 49.4963 
-1612.49 45.499 
1466.49 45.4965 
151.502 42.4971 
-535.494 38.4971 
-737.5 32.5049 
959.487 31.5056 
-174.502 29.4993 
499.495 27.4973 
-448.504 24.5067 
1014.5 9.5022 
815.502 3.49854 
-1071.57 1.02966 
0.495239 -0.49231 
1059.5 -3.50391 
274.502 -10.4983 
293.491 -13.5092 
186.499 -21.4937 
-864.493 -28.5031 
256.505 -28.5043 
1364.5 -29.4935 
12.5072 -32.5012 
519.5 -33.4974 
-716.497 -40.5039 
-504.498 -42.5044 
-1287.5 -52.4996 
907.505 -55.4969 
1596.5 -58.5079 
-1503.5 -61.5011 
-211.502 -64.5033 
982.502 -85.5011 
930.502 -86.4939 
1171.5 -97.4993 
576.507 -102.501 
915.505 -106.507 
752.052 -110.171 
-1302.5 -112.498 
-570.493 -117.505 
926.706 -116.513 
-1252.5 -119.495 
655.505 -120.504 
1033.49 -125.504 
995.96 -151.654 
-561.504 -155.501 
-1325.5 -155.023 
1580.5 -154.491 
654.492 -155.501 
553.501 -157.5 
-665.495 -172.499 
-689.502 -173.496 
529.725 -180.643 
1003.5 -181.501 
512.321 -188.022 
560.503 -189.502 
538.932 -187.187 
1010.33 -187.921 
395.497 -195.508 
512.722 -193.083 
560.503 -189.582 
516.438 -197.107 
283.496 -200.505 
1498.49 -203.5 
733.507 -209.503 
518.885 -203.056 
520.524 -203.975 
-100.5 -215.5 
78.5023 -219.498 
1203.5 -221.5 
515.326 -218.59 
-297.499 -223.495 
1566.5 -223.501 
-460.506 -224.505 
1126.49 -228.506 
-457.503 -260.49 
567.5 -263.497 
-556.502 -264.505 
-526.501 -273.502 
40.5007 -276.499 
-1421.5 -278.495 
-591.498 -279.502 
-1450.5 -295.501 
-1191.5 -296.505 
-185.499 -307.5 
231.504 -311.499 
-86.4996 -314.501 
1399.49 -313.501 
938.501 -315.502 
149.501 -316.496 
795.504 -336.503 
-155.501 -337.508 
255.499 -338.502 
-1549.5 -352.499 
1537.5 -361.505 
1391.5 -372.501 
-649.496 -378.501 
740.503 -385.504 
-414.495 -396.493 
900.496 -397.506 
119.494 -403.5 
232.497 -406.498 
-107.499 -410.501 
-1097.5 -420.494 
-313.495 -439.501 
-310.085 -445.407 
737.496 -455.509 
-692.499 -472.497 
177.495 -477.504 
-1397.5 -481.502 
-479.503 -484.496 
-1065.5 -492.507 
1291.5 -505.501 
1056.49 -510.499 
1140.51 -510.502 
-817.498 -515.505 
598.491 -539.494 
-9.49805 -541.496 
-316.495 -544.495 
188.496 -558.503 
1513.5 -568.501 
-1353.5 -570.496 
581.501 -579.5 
475.501 -586.5 
-1169.5 -586.503 
937.5 -617.496 
266.511 -630.498 
-432.505 -632.502 
527.494 -633.505 
-724.502 -636.496 
-568.5 -644.499 
305.509 -646.501 
-416.502 -655.496 
-1608.5 -657.496 
-1163.49 -658.495 
206.498 -661.5 
449.497 -668.502 
-419.491 -675.5 
-255.506 -678.501 
1210.5 -680.503 
-226.498 -683.502 
753.498 -694.499 
-67.4963 -697.501 
546.499 -701.504 
7.50037 -703.501 
-1261.5 -704.5 
-493.498 -722.498 
344.506 -734.501 
-1578.5 -739.498 
1200.5 -741.498 
900.66 -746.29 
591.501 -745.495 
899.981 -748.55 
-260.504 -760.491 
850.497 -765.503 
-781.504 -781.504 
613.497 -786.499 
1287.5 -798.503 
461.502 -798.499 
-223.505 -817.496 
1529.5 -845.494 
423.502 -852.497 
18.5081 -854.504 
-621.507 -859.503 
-75.5095 -864.498 
-45.4954 -865.5 
-493.502 -872.497 
-1140.5 -886.502 
-208.494 -891.503 
66.5005 -892.502 
1557.51 -895.505 
-852.5 -904.496 
-1572.5 -908.497 
-695.502 -910.491 
187.504 -920.491 
1562.5 -920.495 
701.497 -922.496 
-464.497 -931.502 
3.49976 -934.5 
124.503 -934.499 
1572.29 -934.877 
1519.5 -939.499 
-964.494 -957.51 
-155.504 -966.499 
340.509 -966.5 
1196.5 -975.5 
-1104.5 -996.503 
-1542.49 -1000.5 
93.4962 -1005.5 
580.498 -1007.5 
1156.49 -1008.5 
1056.5 -1024.49 
-339.496 -1044.49 
-632.507 -1051.5 
1261.5 -1066.5 
750.502 -1069.5 
-763.5 -1070.5 
129.495 -1084.5 
-1262.5 -1092.5 
-519.496 -1121.51 
-796.502 -1125.5 
443.506 -1127.49 
215.498 -1142.49 
1583.5 -1154.49 
1255.5 -1155.5 
1425.5 -1162.5 
972.498 -1174.5 
179.501 -1179.5 
-737.494 -1181.5 
-133.505 -1190.5 
825.499 -1200.5 
474.499 -1211.5 
