-1013.5 1212.5 
-964.49 1212.5 
-603.509 1205.5 
-1327.49 1193.5 
-1135.5 1184.5 
-219.504 1167.49 
-1339.5 1165.5 
-546.501 1153.5 
-517.497 1147.5 
-967.498 1144.5 
1061.5 1138.5 
-1166.5 1137.49 
-952.912 1136.8 
-830.499 1130.5 
-1045.5 1121.5 
1055.51 1115.5 
-512.038 1102.55 
1060.49 1094.5 
-511.937 1102.14 
-1393.5 1085.5 
-788.503 1068.5 
-1478.5 1066.5 
-758.502 1067.51 
95.495 1067.49 
64.4996 1060.5 
-996.504 1057.5 
-672.506 1056.5 
-1420.5 1056.51 
-645.499 1054.5 
-1157.51 1050.5 
1197.5 1051.5 
-75.5011 1048.5 
533.494 1041.5 
-783.506 1034.49 
-1283.5 1030.49 
198.499 1029.5 
1314.5 1016.5 
-1058.5 1011.51 
-440.499 1009.5 
-1192.5 993.5 
-994.499 992.507 
-1138.5 991.503 
326.494 990.494 
-1168.5 989.501 
-662.498 983.502 
-1222.22 978.704 
-391.499 976.493 
-1233.14 974.685 
-946.503 969.502 
-1051.5 967.493 
-1097.5 963.499 
460.504 949.496 
1086.5 948.502 
-1323.03 940.972 
315.5 935.499 
-1009.5 932.501 
589.496 930.503 
-1173.5 925.5 
-263.503 925.505 
-1067.5 921.496 
-1008.54 927.198 
418.498 916.504 
978.501 908.496 
-353.506 903.5 
922.501 903.502 
-909.504 897.499 
-539.501 898.502 
-1490.5 894.503 
563.502 881.503 
1071.49 879.498 
398.508 867.503 
777.502 864.503 
985.5 842.503 
-553.505 841.498 
-895.489 827.54 
-1079.5 828.499 
-1607.5 824.501 
-586.498 825.506 
190.495 822.504 
442.496 818.504 
-364.504 811.501 
25.5018 808.503 
-219.5 803.5 
-628.506 794.497 
59.5026 790.493 
-1300.5 786.502 
-195.495 773.498 
-811.495 768.5 
1253.5 754.497 
-1004.51 733.498 
-1296.51 731.493 
-273.494 730.505 
-1520.49 726.499 
-17.4943 726.499 
415.501 720.501 
-561.772 717.28 
714.493 711.51 
-561.721 717.19 
-118.5 706.496 
116.499 693.497 
-1092.5 691.501 
937.502 688.497 
-480.502 687.501 
-228.501 681.496 
-1490.51 678.499 
-1281.5 672.503 
-849.497 666.498 
176.5 657.505 
-973.494 650.501 
-1010.5 648.507 
235.498 647.508 
396.497 637.498 
805.497 636.499 
-25.5007 635.495 
-156.495 628.499 
1224.5 628.503 
-836.552 623.16 
-904.498 622.503 
-835.969 621.957 
767.509 614.5 
-401.5 613.495 
-1078.5 612.494 
-824.334 613.418 
-870.501 602.5 
334.501 600.497 
76.5088 600.501 
-42.4941 573.498 
-107.501 565.507 
228.507 564.504 
-1123.49 560.499 
-637.5 557.499 
-542.502 556.495 
-1041.5 552.5 
-841.496 554.497 
759.502 554.506 
26.5022 552.502 
-719.502 535.506 
-1066.49 532.49 
444.499 527.499 
-150.502 523.505 
-1181.5 521.501 
-88.5023 513.492 
-723.499 492.494 
820.501 490.499 
-732.5 474.498 
-889.506 467.602 
-959.498 466.499 
-304.498 466.499 
-888.493 447.5 
-406.5 445.498 
595.505 444.495 
-1323.5 439.501 
-190.504 427.888 
873.5 426.504 
855.51 425.494 
24.5781 421.585 
256.509 422.499 
710.506 421.502 
-190.504 427.496 
586.924 410.144 
789.494 412.502 
-559.498 410.503 
62.4996 409.501 
255.779 411.207 
1562.5 405.499 
-335.492 405.498 
588.851 408.768 
640.493 402.501 
1117.5 401.503 
36.4962 400.492 
893.499 388.502 
1005.5 389.493 
-1405.61 386.242 
-101.501 384.498 
924.503 383.501 
469.504 379.497 
-952.504 373.503 
-596.506 363.494 
1583.51 354.505 
66.5015 345.499 
490.503 342.493 
-310.508 329.499 
-1239.5 327.501 
705.499 326.507 
1346.5 325.504 
400.497 325.504 
30.5004 318.505 
358.496 317.496 
323.492 302.503 
-1475.51 300.501 
1120.5 296.492 
-1020.5 284.496 
-371.495 273.497 
-1264.51 267.501 
741.5 267.497 
-884.497 256.497 
988.504 253.502 
-455.5 249.505 
-342.497 233.499 
-624.494 214.5 
788.502 213.507 
409.506 210.496 
461.495 203.499 
764.506 200.499 
-1012.5 190.502 
1116.5 190.502 
-804.5 184.51 
1157.5 173.5 
1013.5 171.498 
1525.5 170.496 
-653.497 167.5 
419.49 168.506 
657.506 160.5 
1077.5 159.502 
263.505 159.506 
-264.508 153.496 
-7.50134 153.505 
-1192.5 150.5 
-1234.5 148.501 
-1191.33 147.569 
-1527.5 138.507 
450.502 134.497 
428.5 122.499 
-414.505 114.501 
-898.499 112.49 
-575.502 110.505 
-440.499 108.499 
-1098.5 103.5 
-965.497 97.4991 
-1000.5 91.4974 
-768.503 87.495 
801.502 81.4948 
-344.504 77.493 
-561.496 74.5028 
268.502 71.4933 
-634.496 58.4967 
-278.501 44.4967 
940.494 41.4904 
-114.495 35.4972 
-1002.5 33.5006 
264.493 33.4974 
1572.5 32.5077 
-923.493 28.5004 
-1270.5 23.5018 
192.505 22.5055 
1195.5 22.4973 
1447.5 21.5004 
-182.493 19.4974 
1066.5 17.5085 
-706.497 4.49866 
-642.505 3.50171 
0.5 -0.505127 
689.5 -8.50476 
-1372.51 -13.4923 
514.497 -30.4991 
-366.503 -34.4974 
1049.5 -36.4993 
494.495 -40.4965 
1136.5 -43.5057 
700.511 -50.5013 
541.502 -53.5076 
-298.503 -59.5018 
-913.498 -87.4974 
1541.5 -95.4988 
396.5 -100.509 
-322.501 -102.497 
-264.498 -113.502 
-1200.5 -125.497 
-1507.5 -128.498 
1306.2 -132.651 
295.49 -131.503 
1154.5 -132.504 
1309.89 -133.044 
604.504 -139.497 
-36.4976 -143.497 
-783.505 -154.505 
-620.497 -155.495 
-1.50598 -159.504 
-635.509 -159.497 
1024.5 -162.488 
-656.503 -165.505 
509.51 -170.496 
1509.5 -171.501 
77.4968 -178.5 
-1228.5 -185.498 
-622.503 -189.5 
-1471.5 -190.503 
642.504 -195.499 
80.5016 -196.497 
-123.495 -198.5 
51.5 -200.5 
1517.5 -210.505 
-1003.5 -212.499 
-242.496 -213.497 
-205.498 -214.502 
1065.5 -220.505 
1489.5 -221.499 
-1068.5 -222.504 
-56.4989 -239.498 
-589.496 -246.497 
-1503.5 -247.498 
-1610.51 -249.496 
141.492 -250.502 
-436.5 -253.494 
-1460.51 -259.493 
-370.498 -259.505 
-822.5 -262.504 
-291.091 -265.846 
-289.171 -267.214 
-1095.5 -276.489 
-624.495 -279.501 
901.502 -287.491 
459.493 -288.497 
710.498 -290.506 
-1153.5 -291.506 
-385.044 -296.233 
-432.5 -296.495 
1470.5 -299.504 
-351.496 -301.495 
-385.494 -298.48 
-1317.5 -309.505 
920.055 -316.194 
610.5 -321.508 
919.648 -317.278 
920.092 -317.336 
-26.4948 -325.505 
201.5 -332.494 
248.508 -342.498 
748.5 -342.499 
927.959 -345.575 
1420.51 -345.492 
90.4969 -351.497 
206.504 -358.504 
1611.5 -361.501 
-961.5 -361.495 
7.50342 -362.498 
-735.5 -372.499 
948.509 -375.503 
914.504 -381.508 
597.508 -387.5 
-455.495 -398.5 
1150.5 -399.499 
1537.5 -400.498 
-176.5 -402.504 
720.496 -403.491 
-662.499 -409.498 
-813.505 -409.499 
-748.499 -410.505 
857.493 -419.501 
-117.494 -426.501 
1432.5 -434.5 
1396.5 -437.503 
-28.4944 -441.502 
-1002.5 -445.498 
231.501 -446.499 
-515.496 -450.505 
-325.499 -460.503 
428.508 -464.499 
-864.496 -468.495 
-601.499 -468.505 
1391.5 -471.509 
1314.5 -473.509 
-960.502 -476.5 
-113.5 -477.501 
902.5 -485.503 
-328.5 -491.499 
1095.5 -495.504 
-1185.5 -497.505 
37.5033 -508.495 
211.504 -516.495 
-59.4987 -529.494 
978.925 -537.5 
64.4926 -542.503 
86.4993 -548.501 
684.504 -548.505 
-33.5045 -553.497 
-325.494 -556.498 
205.494 -571.498 
-458.498 -576.501 
-1285.5 -577.502 
-1119.5 -580.5 
120.496 -593.5 
1328.5 -603.503 
-1518.5 -610.503 
253.5 -614.501 
492.508 -614.5 
-386.504 -618.503 
1108.5 -618.507 
462.495 -628.502 
-1584.5 -629.503 
710.497 -629.503 
753.509 -641.497 
-16.4922 -642.501 
128.504 -642.499 
511.498 -649.499 
-496.493 -654.496 
-237.5 -660.508 
1578.5 -664.495 
-853.502 -676.496 
-102.506 -678.499 
-288.503 -682.498 
-183.502 -688.503 
1325.5 -691.504 
300.495 -697.506 
-516.49 -698.509 
1193.5 -698.501 
543.759 -700.823 
-649.504 -710.499 
865.498 -720.498 
-794.505 -721.494 
1029.5 -734.496 
1367.5 -732.503 
111.508 -737.504 
152.496 -740.503 
454.507 -744.501 
1326.49 -759.499 
821.501 -761.495 
-306.497 -765.505 
99.495 -768.505 
1127.5 -768.502 
-855.498 -775.497 
-952.507 -802.504 
1204.5 -813.496 
-506.495 -816.497 
-284.323 -817.503 
-275.01 -817.5 
958.508 -818.501 
357.498 -834.5 
315.498 -836.499 
-917.499 -841.503 
-1276.5 -843.507 
1572.99 -847.391 
287.496 -854.499 
1575.44 -849.439 
-851.494 -858.503 
468.506 -860.506 
609.502 -863.505 
408.498 -884.5 
1327.5 -885.499 
-165.496 -892.501 
1178.5 -915.5 
-852.498 -918.496 
-178.504 -921.499 
-92.5059 -958.498 
1571.49 -959.497 
746.501 -988.495 
-1059.5 -1015.5 
31.5004 -1019.5 
821.493 -1044.51 
-1149.5 -1048.51 
-55.4974 -1052.49 
1082.5 -1064.5 
1511.49 -1081.5 
669.503 -1085.5 
68.4954 -1093.5 
-639.513 -1103.49 
300.498 -1104.49 
977.495 -1104.5 
-487.499 -1108.49 
509.501 -1117.5 
763.498 -1118.5 
695.496 -1139.5 
701.497 -1167.5 
-1142.5 -1187.5 
-811.503 -1188.5 
290.503 -1197.5 
-561.493 -1200.51 
263.501 -1203.5 
-109.502 -1210.5 
-244.507 -1212.5 
1615.5 -1212.5 
