-28.4984 1206.49 
1398.5 1207.5 
-1004.5 1200.5 
116.501 1200.5 
370.5 1192.51 
674.499 1187.5 
750.493 1180.5 
1529.5 1173.5 
325.501 1172.5 
27.4993 1171.5 
-527.38 1164.68 
-863.501 1165.49 
-534.923 1161.51 
-1001.5 1157.5 
924.505 1153.5 
-340.503 1141.5 
-1275.5 1136.5 
-453.501 1132.89 
-1194.5 1130.49 
536.497 1126.5 
-453.501 1132.5 
1346.5 1123.5 
-331.504 1106.5 
378.506 1104.5 
-1348.5 1099.5 
-1324.5 1093.5 
1606.5 1089.5 
17.5004 1086.5 
-623.499 1079.49 
-229.498 1077.5 
-998.508 1070.5 
-140.5 1070.5 
494.502 1062.5 
-411.501 1055.5 
-89.4989 1047.5 
-235.506 1044.49 
265.507 1044.5 
179.497 1042.5 
-143.501 1036.49 
271.669 1037.97 
1229.5 1024.5 
-1519.5 1021.51 
313.5 1019.5 
-1620.5 1020.5 
-472.503 1013.49 
-168.655 1006.93 
-185.689 1003.4 
-790.496 1001.5 
-162.391 1004.22 
537.502 999.496 
933.5 999.504 
-185.321 1002.49 
-732.5 987.5 
961.502 978.509 
-184.985 973.522 
-684.493 970.502 
590.5 964.498 
-534.5 962.5 
319.499 945.494 
-182.092 943.974 
-547.5 939.501 
477.502 938.505 
271.492 932.497 
67.5015 929.496 
-521.504 928.503 
307.496 927.509 
1443.5 921.5 
1042.5 919.498 
939.505 917.501 
206.5 907.504 
-1130.5 904.502 
-18.5056 902.493 
297.504 883.503 
-949.504 877.492 
-131.503 875.499 
-1574.49 872.495 
-1000.5 871.508 
-823.496 869.495 
-567.501 853.496 
123.505 848.497 
372.505 841.5 
825.496 836.499 
-928.498 829.492 
-140.503 825.505 
-484.503 823.495 
-318.499 816.5 
747.505 807.505 
405.499 802.497 
-115.502 791.502 
1305.5 792.5 
-1448.49 787.499 
-215.502 773.501 
453.49 766.499 
731.498 757.496 
-171.505 753.495 
-204.502 751.502 
540.494 751.496 
-114.506 749.502 
-251.493 748.499 
810.503 747.504 
-316.499 738.503 
434.504 737.501 
312.503 716.505 
761.497 716.495 
-350.876 713.417 
1045.5 713.503 
-1423.5 713.498 
-222.499 707.501 
458.508 703.508 
1042.28 709.408 
-324.501 701.501 
-996.497 699.5 
1185.49 676.493 
-110.5 675.505 
456.505 674.501 
-688.498 670.508 
-298.496 666.498 
105.506 663.495 
631.502 662.501 
-919.504 643.495 
555.498 643.498 
-551.5 634.5 
-1036.51 622.506 
-93.4974 618.504 
-637.502 606.498 
-246.501 602.5 
-309.497 600.498 
27.5035 598.5 
1321.5 579.497 
-692.728 568.832 
-699.852 567.127 
227.505 565.503 
711.496 563.503 
-377.492 562.508 
-449.499 549.506 
451.501 542.497 
-1378.51 541.501 
-282.499 538.5 
-229.506 528.495 
1060.5 520.502 
-331.503 515.506 
-192.499 504.497 
1328.5 503.506 
851.502 500.501 
1343.5 498.501 
-132.504 487.501 
652.499 487.507 
177.504 484.498 
1451.5 481.504 
404.504 459.501 
508.499 444.498 
324.502 436.505 
-427.497 435.49 
953.502 429.499 
175.499 422.496 
-719.498 409.495 
-941.506 405.5 
-232.505 398.499 
-1368.5 398.492 
-1256.49 398.507 
1407.01 394.871 
1410.52 394.503 
303.498 389.497 
1013.51 389.507 
1406.5 394.502 
-300.5 378.502 
-27.5017 373.506 
-1121.5 370.5 
-1373.5 368.498 
1360.5 362.497 
-1464.5 361.491 
-733.501 341.501 
416.494 337.499 
-1538.49 330.497 
57.5002 327.89 
509.499 322.506 
-145.509 321.495 
57.5006 327.499 
1230.5 311.506 
1114.5 307.496 
-668.498 302.495 
951.504 298.497 
-867.495 291.504 
-1212.51 283.504 
685.5 282.503 
-338.497 277.497 
-505.499 271.498 
1053.49 267.503 
753.502 262.503 
674.493 255.505 
-1347.5 250.503 
-1032.5 247.499 
-717.504 245.501 
1209.5 242.501 
-157.498 237.497 
-182.498 228.504 
-40.4993 226.496 
71.4915 226.503 
-1178.5 224.503 
141.503 219.503 
884.499 217.51 
914.502 213.498 
-3.50146 210.502 
-178.498 206.499 
1219.5 207.507 
-485.491 206.503 
-1198.51 203.497 
-1061.51 201.5 
314.509 201.5 
601.5 194.501 
-178.068 199.639 
1182.51 192.497 
-660.506 185.496 
793.496 182.492 
-903.499 174.499 
-1185.5 165.503 
-1367.5 153.501 
-401.504 136.502 
479.501 133.505 
-787.504 131.501 
881.503 127.496 
-658.505 123.499 
151.494 122.496 
483.998 124.149 
-1005.5 115.497 
-766.5 104.496 
302.497 90.5045 
1468.5 89.4913 
-9.50317 77.4988 
297.986 83.0034 
-839.507 76.5037 
-1561.5 74.5032 
374.5 74.5018 
98.4978 69.4954 
1159.5 69.4977 
-862.497 59.4987 
1017.5 58.5035 
645.499 45.499 
1223.5 46.5004 
578.5 45.4952 
628.501 30.4994 
242.503 27.5 
-979.502 24.5055 
758.494 24.5063 
-633.5 22.5022 
-1367.5 20.4978 
-31.4996 18.498 
706.5 16.4963 
285.495 15.4985 
22.4962 5.50659 
247.497 0.494995 
0.500732 -0.50354 
-190.51 -1.49646 
501.506 -7.50586 
-953.502 -8.48938 
-36.5004 -9.50708 
318.498 -10.5071 
-677.503 -15.5092 
-1243.5 -16.5018 
341.508 -24.4933 
-599.5 -25.5011 
196.502 -25.4968 
403.499 -30.5018 
-1064.5 -34.4918 
-1092.5 -35.4983 
-635.51 -51.4996 
-229.501 -51.4978 
-908.492 -60.504 
-1001.5 -61.495 
-978.492 -61.504 
-530.498 -64.4976 
-469.499 -70.501 
-42.5011 -72.4978 
-259.505 -77.5013 
1381.5 -87.4993 
-1078.5 -88.4963 
845.497 -88.5029 
-445.501 -91.4923 
246.504 -91.5032 
284.499 -93.5046 
-836.601 -104.944 
-948.452 -105.52 
-104.501 -106.5 
-1000.5 -107.497 
-1251.5 -109.501 
-929.496 -113.501 
-838.123 -106.975 
-1086.5 -116.504 
-847.928 -113.475 
-969.904 -119.05 
543.505 -118.503 
689.494 -118.494 
817.51 -123.494 
919.499 -125.507 
-969.992 -119.93 
-152.5 -130.503 
-944.5 -131.498 
-207.5 -132.5 
-875.497 -141.501 
-970.494 -142.5 
-255.509 -142.504 
981.5 -143.504 
-296.502 -149.499 
-611.508 -153.505 
843.507 -155.498 
1252.5 -157.502 
-34.4993 -162.501 
1040.5 -169.497 
-1033.5 -169.498 
-264.505 -176.495 
271.489 -177.499 
595.503 -182.506 
1589.49 -201.505 
-1022.94 -203.335 
-191.503 -202.5 
-206.498 -205.497 
-1035.5 -209.503 
-490.496 -218.501 
1219.5 -219.497 
-1001.51 -225.497 
273.503 -237.494 
-678.493 -240.512 
-1443.5 -249.506 
144.503 -258.501 
49.4974 -259.489 
20.5018 -264.504 
1320.5 -264.492 
240.499 -266.499 
-1062.5 -273.493 
-1328.5 -279.498 
58.5031 -280.501 
149.501 -280.495 
-1003.5 -282.503 
-955.503 -284.501 
42.5009 -284.505 
432.494 -296.499 
-482.503 -304.496 
-24.4985 -312.496 
1408.5 -322.5 
-144.497 -326.495 
-1205.5 -337.503 
-830.498 -346.499 
845.5 -351.501 
-533.496 -365.501 
-478.5 -367.492 
-255.501 -367.501 
-1094.51 -373.507 
1069.5 -373.514 
1135.5 -373.495 
-348.501 -379.501 
210.494 -380.5 
-1011.49 -383.499 
690.503 -393.499 
269.495 -398.504 
-1063.5 -398.492 
-1584.51 -402.504 
359.5 -403.497 
-952.49 -408.504 
1535.5 -420.498 
-1074.49 -422.499 
211.503 -425.505 
148.499 -430.5 
-1057.5 -430.504 
1138.5 -436.501 
-982.504 -445.068 
387.504 -445.506 
1037.5 -449.501 
-982.504 -445.174 
-774.504 -455.494 
850.496 -456.498 
-1542.5 -464.499 
-166.496 -467.503 
-1246.88 -474.184 
-968.215 -472.704 
68.4978 -477.501 
-957.586 -478.152 
-1247.07 -474.33 
-841.499 -482.496 
-588.497 -486.501 
688.502 -486.499 
229.499 -490.496 
-17.5 -491.499 
-470.495 -492.507 
1074.51 -505.497 
-1354.5 -515.5 
-1453.49 -521.498 
-234.499 -523.499 
809.494 -532.502 
-582.499 -541.502 
930.498 -545.503 
590.493 -552.501 
-1347.5 -552.498 
-119.504 -557.496 
79.5004 -561.492 
720.5 -580.496 
-1242.5 -584.494 
954.503 -588.494 
-1466.5 -589.499 
-146.495 -609.503 
1271.49 -609.494 
1062.5 -615.498 
-1450.24 -622.567 
-1491.5 -624.501 
-1001.51 -624.5 
-1473.51 -629.499 
-1450.19 -623.019 
1340.5 -633.504 
-1510.5 -637.496 
27.5062 -642.5 
-1510 -641.707 
-1497.06 -650.222 
-1504.1 -651.61 
-1496.1 -653.36 
2.49927 -660.5 
-1500.5 -677.507 
-445.496 -680.502 
904.506 -684.506 
483.504 -688.501 
-635.497 -692.506 
-1144.51 -695.495 
-263.5 -698.496 
-1422.51 -702.498 
531.496 -705.494 
1325.5 -707.505 
-1019.51 -719.501 
-122.504 -724.504 
1563.5 -740.5 
515.499 -741.492 
1209.49 -744.499 
-764.499 -746.508 
263.5 -746.499 
587.502 -748.497 
953.497 -748.502 
-317.495 -749.498 
1060.51 -754.496 
1074.32 -766.317 
-1191.5 -766.496 
-840.489 -776.504 
-252.505 -779.501 
1124.27 -782.732 
-129.504 -789.508 
1446.5 -791.5 
1120.33 -788.096 
799.503 -799.501 
404.501 -808.505 
109.498 -818.508 
-278.497 -828.5 
1325.5 -834.5 
-108.497 -833.5 
-1177.49 -841.499 
43.5035 -851.497 
884.504 -862.499 
1291.5 -875.502 
-191.498 -879.503 
-664.508 -882.502 
1578.49 -886.503 
226.509 -910.497 
441.503 -915.497 
-374.502 -916.501 
962.503 -917.497 
-930.504 -926.502 
-659.496 -943.507 
629.5 -948.502 
-344.493 -950.499 
-572.506 -963.5 
1171.5 -965.497 
-334.494 -970.498 
-327.252 -976.743 
-1313.5 -991.503 
1090.51 -992.504 
-247.582 -1001.36 
-362.507 -1002.5 
-245.401 -1002.05 
1158.5 -1015.5 
-179.496 -1014.5 
706.496 -1019.5 
658.5 -1027.5 
-1323.5 -1043.5 
-934.532 -1069.74 
-935.008 -1074.57 
805.499 -1082.5 
-1099.5 -1085.5 
-1450.49 -1103.5 
-980.5 -1114.5 
-1374.51 -1130.5 
1310.51 -1147.5 
89.5038 -1149.5 
1357.5 -1150.49 
0.50708 -1152.5 
1244.5 -1163.5 
-609.504 -1165.5 
-270.499 -1165.5 
1195.5 -1185.5 
-1333.5 -1195.51 
1183.51 -1209.5 
-1462.5 -1210.51 
