-1089.5 1202.5 
-1280.49 1166.49 
1151.5 1166.51 
1373.49 1166.49 
306.502 1161.5 
19.5056 1160.5 
-15.5007 1150.5 
127.502 1126.5 
1230.5 1125.49 
-1501.5 1121.5 
1072.51 1094.5 
283.495 1083.51 
-1533.5 1069.5 
641.496 1066.5 
-489.495 1061.5 
-17.5011 1061.5 
-1445.5 1049.5 
-269.5 1043.5 
-572.502 1040.5 
124.497 1035.51 
-317.498 1034.5 
-193.508 1033.5 
711.499 1030.5 
1615.5 995.5 
-454.497 989.499 
-246.499 986.497 
-1460.5 985.497 
-1315.5 984.498 
1317.51 984.506 
120.501 982.5 
-996.496 969.498 
754.493 963.503 
522.506 954.496 
310.499 953.505 
1505.5 953.502 
-1082.5 949.505 
688.502 941.505 
811.498 929.501 
816.12 923.909 
959.503 913.493 
801.496 882.503 
247.499 878.501 
-323.505 871.503 
677.501 863.494 
460.502 855.502 
1470.5 854.949 
-836.503 849.504 
-972.495 842.497 
-669.498 822.499 
-232.502 818.494 
-421.501 801.504 
954.496 800.491 
-1487.49 796.499 
-1040.5 786.498 
1293.5 785.498 
579.502 773.499 
430.503 764.497 
1038.51 756.496 
-715.505 748.493 
-1048.5 733.498 
-521.498 725.495 
1155.5 725.499 
-197.499 716.505 
1431.5 716.504 
911.495 703.495 
240.495 700.495 
-1010.5 684.505 
993.5 658.499 
-249.502 648.505 
209.505 637.508 
-713.493 636.495 
747.5 631.491 
1582.5 614.5 
-105.502 610.5 
337.502 599.504 
1133.5 593.503 
743.504 589.501 
-149.495 570.498 
-716.5 566.497 
70.4983 551.504 
143.497 537.504 
-1125.5 534.492 
-1144.49 504.496 
-402.498 499.499 
-301.493 457.5 
335.502 451.498 
1557.5 453.501 
925.502 452.501 
-12.499 446.497 
-197.496 418.51 
-32.4941 403.504 
-1031.5 392.506 
-38.5 380.499 
-480.506 370.506 
95.505 366.499 
-167.5 337.503 
-950.504 333.504 
-821.495 329.505 
1411.5 325.502 
1407.32 316.737 
1501.5 302.497 
-241.508 296.502 
-899.504 286.494 
410.502 284.503 
207.497 273.494 
312.499 269.501 
-955.506 266.504 
-824.501 265.503 
1404.5 247.497 
-1223.5 237.499 
621.494 234.504 
-635.502 231.496 
-1017.49 229.503 
133.505 225.5 
-1074.51 218.496 
-674.498 209.504 
465.49 197.495 
1002.5 194.498 
157.502 189.492 
-960.501 172.502 
-123.495 171.503 
-752.497 165.504 
892.504 159.504 
832.495 150.488 
1504.5 136.498 
-903.499 133.501 
-578.497 131.503 
304.501 129.505 
1360.5 129.498 
1046.5 124.499 
480.491 121.499 
-502.505 119.5 
-986.5 107.49 
1200.49 107.498 
1323.5 94.4943 
228.494 92.4996 
711.504 66.4977 
-399.496 62.5004 
471.498 58.5065 
-125.502 51.4979 
-982.498 46.4998 
330.498 45.4965 
1214.5 44.5029 
-1447.51 42.4982 
-818.502 34.5007 
631.496 34.4984 
705.503 28.4991 
-1375.5 25.4989 
-399.499 14.4974 
0.494995 -0.498535 
617.502 -1.49426 
-853.5 -2.50562 
1161.5 -11.4955 
-386.499 -18.5004 
-57.5004 -27.4961 
493.501 -27.5018 
878.501 -36.5016 
667.495 -36.5006 
549.501 -38.5032 
836.494 -41.4962 
-1272.5 -42.4922 
195.504 -43.5054 
1240.5 -69.5031 
-712.509 -77.5081 
-601.503 -99.4985 
850.506 -109.5 
339.505 -113.501 
1558.5 -115.497 
158.502 -116.507 
404.493 -118.501 
-155.503 -125.499 
1516.51 -125.504 
1567.93 -123.768 
396.049 -126.51 
95.5037 -131.503 
1261.5 -137.498 
975.497 -142.498 
1009.5 -147.5 
935.495 -149.499 
808.505 -161.497 
-41.4962 -163.493 
149.498 -165.505 
1169.5 -167.499 
460.5 -184.497 
262.503 -196.502 
531.494 -211.504 
1571.49 -218.503 
669.496 -227.499 
-260.5 -237.497 
1402.49 -250.498 
-840.502 -256.501 
-918.497 -280.5 
-743.5 -283.507 
428.505 -284.5 
-1374.5 -293.5 
-1354.5 -302.508 
270.5 -307.496 
-1442.5 -316.502 
-1011.5 -318.5 
132.501 -322.498 
1114.5 -322.497 
1290.5 -334.5 
1310.5 -342.504 
653.502 -357.5 
-837.495 -361.507 
-1343.51 -364.501 
465.506 -364.504 
-520.503 -367.5 
544.505 -368.506 
-160.495 -372.503 
803.497 -383.502 
1203.5 -406.492 
1601.5 -408.504 
-1387.5 -410.501 
549.504 -415.495 
-59.4982 -423.5 
-682.499 -423.498 
315.504 -425.496 
796.499 -432.5 
256.495 -439.507 
853.499 -440.496 
639.501 -445.497 
-455.501 -446.497 
-1072.5 -455.497 
-253.502 -464.501 
-133.497 -463.501 
1353.5 -479.501 
926.501 -490.494 
688.501 -494.506 
-1234.5 -495.505 
148.5 -500.501 
-1160.5 -502.493 
618.495 -526.497 
-1116.5 -528.501 
114.495 -529.505 
-1560.5 -550.502 
-44.4983 -552.494 
-992.501 -557.499 
-222.501 -582.496 
-440.985 -586.891 
1043.5 -586.505 
-1127.5 -588.501 
1092.5 -588.499 
-858.494 -590.5 
1573.51 -594.5 
-440.994 -586.991 
-667.498 -596.505 
675.499 -596.506 
-520.504 -602.503 
-20.4944 -612.495 
208.504 -612.516 
1107.5 -635.508 
1389.5 -637.499 
1298.5 -638.493 
1233.5 -644.5 
947.498 -648.492 
1105.89 -642.744 
1214.5 -669.501 
-1107.5 -669.498 
20.5017 -669.496 
1189.5 -674.499 
1102.5 -678.5 
1320.5 -687.506 
924.503 -695.492 
-1177.5 -708.503 
89.4969 -714.497 
526.5 -721.493 
-1041.5 -729.504 
174.497 -734.497 
-757.499 -735.501 
-538.501 -736.493 
115.504 -739.5 
621.497 -741.505 
-567.5 -744.497 
746.501 -745.494 
641.497 -747.493 
-624.5 -761.507 
497.497 -767.502 
-397.504 -768.497 
-669.506 -770.507 
-876.506 -813.499 
121.5 -817.499 
-221.501 -830.5 
-694.504 -844.503 
1090.5 -850.5 
-1304.49 -853.495 
660.498 -873.501 
152.495 -879.504 
1115.66 -879.906 
1277.5 -880.501 
1111.01 -880.306 
1003.54 -887.459 
1607.5 -892.497 
-1032.5 -895.503 
-442.499 -895.505 
457.502 -907.499 
35.4987 -918.503 
908.499 -928.105 
770.501 -935.501 
908.499 -928.496 
-900.496 -951.505 
258.503 -952.494 
1145.5 -965.499 
1507.5 -970.501 
913.507 -979.503 
1568.5 -987.5 
981.017 -995.93 
-349.5 -1000.5 
-862.494 -1016.5 
-1431.51 -1019.5 
-1031.49 -1020.5 
-295.505 -1024.5 
1361.5 -1028.5 
-508.497 -1050.51 
-1440.51 -1056.5 
666.498 -1060.51 
-925.755 -1063.94 
-923.557 -1064.11 
1316.49 -1073.5 
-1294.51 -1090.5 
-695.502 -1093.5 
-665.495 -1093.49 
984.506 -1101.5 
578.496 -1116.5 
-670.499 -1126.5 
1075.5 -1138.5 
-1252.5 -1143.5 
-523.498 -1198.5 
-306.501 -1201.5 
-147.501 -1208.5 
