1125.5 1210.5 
92.4991 1200.5 
68.4994 1194.5 
-1174.5 1193.5 
-521.501 1192.5 
1477.5 1192.51 
536.504 1190.5 
275.507 1188.51 
1384.5 1170.5 
114.501 1169.5 
1290.5 1166.49 
-484.675 1164.5 
-1218.5 1162.5 
-762.499 1154.51 
-990.503 1150.5 
-625.506 1146.5 
-46.5031 1146.5 
-720.5 1145.5 
276.506 1138.51 
651.503 1137.5 
1199.5 1133.51 
-158.493 1132.5 
-914.506 1128.5 
-399.496 1125.5 
773.495 1117.5 
1424.5 1112.5 
-825.23 1106.49 
-431.504 1106.5 
-399.496 1103.5 
-988.504 1098.5 
-820.57 1101.95 
-932.836 1089.35 
-554.5 1083.5 
619.503 1082.5 
-933.49 1086.05 
-1353.5 1074.5 
-894.493 1074.5 
1002.5 1065.5 
159.5 1059.5 
698.497 1057.5 
1116.5 1053.5 
-1447.49 1047.5 
56.504 1044.5 
-1367.5 1031.5 
-341.511 1029.5 
1610.5 1029.5 
-1263.49 1015.49 
184.503 990.505 
-1508.5 989.497 
-1019.5 984.497 
-532.502 980.499 
1214.5 966.498 
1457.51 964.499 
688.498 961.506 
1191.5 958.502 
559.5 953.499 
-1090.51 937.497 
-1192.5 934.497 
825.335 932.182 
-500.504 932.492 
-409.5 928.499 
-289.501 928.499 
1045.5 928.497 
828.619 931.4 
-18.501 925.504 
-704.499 924.495 
1487.5 916.498 
-243.499 908.498 
1424.5 907.499 
-288.5 898.492 
-874.503 889.499 
-642.501 886.501 
581.499 886.497 
228.499 877.501 
125.503 863.506 
1357.5 861.5 
992.503 857.502 
-880.502 855.501 
-548.509 853.493 
411.496 846.5 
-643.496 830.504 
253.502 817.502 
420.723 813.877 
985.499 817.497 
958.498 811.496 
420.742 812.949 
-277.507 801.5 
98.5021 797.493 
-1030.5 787.501 
420.969 783.903 
-880.499 784.497 
-486.499 770.505 
-591.501 765.495 
213.498 760.5 
1396.49 758.494 
-1487.49 750.502 
432.509 750.502 
399.502 749.494 
-82.4987 748.499 
1332.5 741.499 
916.5 739.502 
1410.5 738.501 
-566.5 736.497 
-308.5 732.499 
-462.503 730.498 
-951.498 729.5 
337.499 722.501 
-439.495 720.504 
-1075.5 710.498 
859.501 703.498 
608.506 694.503 
-1415.5 691.503 
-1249.5 677.502 
1117.5 678.498 
-322.498 677.505 
-1098.5 668.502 
-411.496 668.499 
-791.492 660.511 
1016.5 659.501 
1212.5 660.506 
362.501 650.508 
1196.51 648.492 
-848.498 646.501 
1448.5 643.504 
-1485.5 644.499 
-557.499 642.507 
941.501 633.512 
-1597.5 632.5 
-280.493 626.499 
-736.497 623.508 
147.498 623.503 
811.496 621.503 
-650.497 620.499 
842.5 618.504 
-409.494 619.499 
1596.5 614.505 
533.506 611.501 
731.496 599.503 
1559.5 599.496 
1066.5 595.506 
-46.499 590.501 
419.923 589.012 
797.5 590.505 
-1555.5 585.501 
-78.5038 580.501 
-873.506 564.497 
1078.28 558.746 
-1478.5 557.493 
-35.4937 553.501 
1069.25 552.922 
-1090.5 545.497 
155.507 543.505 
1096.51 541.507 
-246.504 539.505 
1072.5 532.508 
-438.499 528.496 
191.501 526.501 
-398.502 519.511 
-853.501 510.502 
-838.905 508.569 
-14.6027 500.865 
-454.501 500.5 
-1476.5 496.496 
514.505 496.502 
706.502 480.497 
-106.505 472.498 
1517.5 456.5 
275.505 437.5 
-734.503 420.502 
1569.5 418.493 
566.503 413.496 
227.5 407.497 
-252.498 406.501 
417.501 403.496 
-212.495 402.492 
679.495 402.503 
1328.5 400.506 
-750.508 394.497 
895.509 394.5 
-282.495 393.501 
1479.5 392.495 
1066.5 386.494 
1279.5 370.504 
-112.496 364.507 
704.5 362.508 
493.503 361.503 
-171.495 349.501 
-666.513 348.503 
662.488 344.495 
16.5007 343.506 
336.497 339.497 
1280.5 325.498 
1450.5 318.502 
547.503 313.491 
-1239.5 286.495 
-549.501 277.496 
1333.5 277.495 
1212.51 264.499 
-1079.51 262.494 
-638.507 258.503 
838.825 242.512 
630.499 238.495 
1483.5 237.499 
839.274 241.39 
500.503 230.501 
-1423.5 229.498 
1197.5 223.503 
115.495 219.5 
-522.501 207.503 
-1291.51 189.503 
1089.49 188.5 
-1157.5 187.5 
-1381.51 178.496 
-304.508 171.5 
170.513 163.493 
805.508 152.494 
29.502 146.498 
-836.503 140.503 
-116.503 137.502 
-703.497 126.506 
386.501 119.503 
-1509.5 113.504 
-744.504 111.5 
-1488.51 110.498 
105.5 109.493 
-1229.5 99.5018 
290.501 98.4987 
43.5004 98.5024 
-326.501 94.499 
-351.51 91.4994 
-873.499 79.5015 
917.492 76.5029 
43.4979 75.5057 
727.499 63.4987 
1331.39 53.2426 
-880.502 52.5067 
-143.496 48.4922 
1323.11 48.6451 
1446.5 42.4974 
-1168.5 34.4954 
-622.509 31.4938 
-888.501 30.5018 
-905.5 23.4967 
-583.499 21.506 
1287.51 15.4988 
226.498 10.5034 
-942.502 6.50073 
-326.496 5.49854 
0.49585 -0.509033 
-133.499 -2.50281 
814.501 -3.50134 
-98.5001 -10.5023 
-698.5 -11.499 
-50.5006 -22.5026 
-182.498 -25.5018 
-814.492 -29.5031 
565.016 -31.5194 
140.502 -32.504 
1327.5 -31.4972 
871.502 -36.4921 
933.504 -38.5066 
-876.497 -40.4982 
773.499 -44.5054 
-152.255 -47.4648 
-147.773 -48.7943 
238.502 -51.4994 
1510.5 -54.4901 
-101.498 -70.4967 
-152.501 -84.4969 
-922.516 -89.5022 
1512.5 -90.4991 
136.501 -100.496 
1538.5 -103.504 
-152.49 -110.498 
-301.503 -113.497 
1543.5 -121.496 
7.49573 -125.498 
538.495 -126.497 
-20.4952 -129.497 
1101.5 -129.497 
191.502 -133.507 
-330.496 -144.492 
-573.5 -164.502 
873.498 -174.495 
-83.4982 -176.5 
-800.504 -193.501 
831.499 -196.499 
267.5 -224.498 
-331.503 -246.495 
-114.499 -253.503 
-7.58899 -260.748 
512.5 -261.498 
-1317.49 -265.5 
-10.8472 -266.466 
1618.5 -279.496 
-1367.49 -286.505 
-633.973 -287.839 
-163.502 -292.507 
382.503 -293.5 
-625.794 -292.965 
181.497 -296.506 
-399.501 -308.498 
-28.4955 -310.331 
-292.498 -312.498 
1483.5 -313.507 
45.499 -327.497 
-328.493 -329.503 
-145.498 -330.502 
842.497 -364.493 
217.501 -371.503 
-1456.49 -378.496 
386.497 -399.5 
1338.5 -408.499 
-404.498 -446.501 
-459.502 -450.493 
-920.223 -454.007 
1087.89 -454.97 
-431.496 -457.501 
-161.5 -458.503 
-721.504 -458.5 
268.499 -460.496 
705.492 -461.494 
1088.2 -458.798 
-86.4969 -469.499 
739.5 -477.495 
-276.498 -508.497 
-379.502 -549.497 
-954.499 -549.506 
-1374.5 -552.501 
257.505 -562.503 
-113.495 -579.501 
1165.5 -589.496 
892.501 -614.499 
-2.49646 -656.498 
-529.499 -666.496 
-905.502 -671.499 
1091.49 -684.494 
1141.5 -698.502 
-878.502 -699.498 
72.5031 -701.502 
-1506.5 -716.492 
-852.491 -715.497 
-41.5007 -725.507 
1455.5 -736.505 
512.499 -744.505 
766.502 -745.498 
357.501 -760.497 
-1616.51 -764.498 
-533.503 -772.497 
-410.504 -788.502 
51.4974 -791.497 
1586.51 -811.498 
-629.5 -818.499 
1540.5 -823.497 
-410.499 -834.502 
1166.5 -853.493 
-843.501 -856.505 
53.5085 -870.508 
247.497 -877.496 
-85.4956 -878.493 
96.4979 -879.509 
248.497 -918.5 
-1311.5 -927.506 
-1517.51 -971.501 
381.503 -972.496 
595.5 -988.498 
1128.49 -991.498 
-1114.51 -1007.51 
-593.501 -1011.5 
1534.5 -1028.5 
1037.5 -1033.5 
-897.498 -1052.5 
135.502 -1076.5 
1500.5 -1075.5 
-925.497 -1088.51 
692.502 -1093.5 
1565.5 -1097.51 
-239.495 -1125.5 
85.4952 -1131.5 
-1549.5 -1143.51 
28.5013 -1144.51 
-231.499 -1147.5 
-211.502 -1166.5 
-880.498 -1182.49 
-1512.5 -1203.5 
373.495 -1206.5 
-1031.5 -1207.49 
-1375.5 -1208.5 
