-41.4989 1208.49 
-493.5 1202.5 
-59.4969 1198.5 
-36.2072 1196.75 
884.498 1187.51 
-1293.5 1184.51 
468.494 1180.51 
-626.497 1167.5 
-946.507 1163.5 
426.499 1161.49 
-265.502 1149.51 
-1092.5 1138.5 
289.503 1134.5 
-62.4958 1131.5 
762.506 1127.49 
-1597.49 1122.5 
-268.504 1116.5 
1058.5 1109.5 
-1209.5 1103.51 
-250.5 1092.5 
1605.51 1092.5 
-437.506 1085.5 
-1379.5 1080.5 
348.5 1072.5 
-363.5 1054.5 
630.503 1051.5 
1340.5 1045.49 
-499.5 1026.5 
-98.4963 1025.5 
-1585.5 1024.49 
-28.4991 1022.5 
-659.502 1018.5 
-241.5 1017.5 
-518.504 1016.5 
886.503 1015.5 
-161.502 1006.64 
-161.85 1005.5 
937.498 994.496 
-1614.5 993.504 
253.496 989.498 
317.499 980.505 
133.497 978.498 
1109.51 961.503 
-894.496 946.502 
63.4994 946.504 
214.494 945.5 
510.502 937.498 
-644.501 933.505 
-1219.51 927.501 
-858.495 924.502 
661.498 922.505 
-115.498 921.49 
374.494 917.505 
-1303.5 913.496 
1405.5 912.502 
-600.505 911.497 
-151.497 904.501 
580.507 903.506 
-769.502 900.498 
428.502 894.491 
456.497 893.5 
-1275.5 891.493 
-1575.49 887.496 
-1369.51 887.492 
-141.507 884.5 
271.5 881.499 
899.494 881.502 
-233.499 871.496 
653.496 870.502 
-29.4984 863.502 
-522.504 860.499 
321.496 850.5 
-1268.5 841.5 
1308.5 841.489 
906.501 834.498 
1116.5 828.503 
-1395.5 827.507 
-1381.8 827.505 
1001.5 824.504 
-415.5 816.496 
-1024.51 790.497 
-329.503 783.487 
603.499 778.505 
-789.498 773.501 
-53.4955 759.498 
-451.496 755.503 
-1572.51 753.506 
-417.501 742.505 
353.499 737.501 
-1192.5 724.507 
96.5033 721.498 
174.502 719.497 
-884.507 713.496 
-696.501 706.505 
-650.5 685.5 
1142.5 677.499 
371.497 675.498 
190.5 672.5 
-879.499 667.499 
-144.502 663.497 
-1425.49 655.137 
-731.497 654.504 
-1435.51 652.311 
388.493 647.508 
516.507 639.504 
-482.508 635.501 
837.491 634.507 
-821.509 631.496 
628.5 623.499 
-1342.5 618.891 
-1214.5 621.5 
-524.494 618.502 
-200.501 616.494 
-1342.5 618.502 
-132.503 607.502 
403.499 602.499 
-1204.5 588.502 
1233.51 587.501 
20.4972 576.499 
-1541.5 574.502 
507.497 570.494 
-323.501 568.499 
902.493 561.501 
1471.5 556.491 
-471.503 555.496 
-1091.5 554.496 
-830.497 553.492 
1352.5 552.498 
-996.507 545.501 
-1295.5 541.496 
369.499 536.504 
-1099.51 523.499 
-941.496 521.506 
-359.497 513.504 
-998.504 512.494 
-664.504 505.499 
-578.111 505.227 
-1365.5 502.502 
573.505 500.489 
-573.138 500.137 
-1025.86 485.498 
-1043.6 481.541 
-530.499 480.498 
-1017.41 481.464 
-1043.43 481.11 
-1618.5 466.495 
1510.49 461.498 
284.506 458.497 
-316.498 455.501 
-1438.5 452.497 
-1042.99 453.008 
38.4993 445.494 
657.497 435.503 
-1454.5 430.494 
63.5004 425.497 
-1039.61 423.974 
-265.503 422.504 
-1424.5 417.5 
-522.506 412.503 
1075.5 408.496 
-774.497 403.5 
-369.499 402.501 
-569.503 401.498 
-533.494 395.504 
-864.503 379.497 
-632.495 379.499 
49.5062 373.495 
136.5 372.501 
1094.34 368.422 
463.502 367.501 
1088.23 366.365 
1073.5 358.504 
-984.498 356.498 
-541.501 355.503 
744.502 349.497 
1430.5 349.492 
-1480.5 342.499 
-715.497 325.503 
-466.499 315.5 
857.504 315.501 
-1382.5 310.501 
-993.497 307.501 
-45.4937 304.502 
-1190.5 300.499 
-113.498 279.499 
-432.499 278.501 
1202.5 276.5 
-966.5 273.501 
1377.5 273.503 
1395.5 265.499 
364.501 260.503 
-1075.51 257.497 
-384.5 244.508 
-1026.5 236.504 
760.502 235.501 
-1063.5 234.497 
-124.503 233.5 
-1115.5 231.496 
-964.501 231.502 
-300.507 230.497 
-52.4983 224.496 
-1188.5 222.499 
-401.503 217.503 
-1228.34 196.957 
-519.5 197.498 
-95.5043 196.5 
154.419 193.399 
-1083.5 190.5 
1620.5 189.498 
-377.503 185.502 
-1199.51 184.5 
152.768 190.481 
276.494 160.51 
-959.503 157.508 
-377.493 157.502 
-1168.5 148.5 
-211.499 147.501 
-728.498 146.498 
-280.497 129.496 
-1466.51 113.501 
-940.507 100.495 
-1572.5 83.5031 
-1109.5 83.4915 
-809.502 82.5012 
636.499 81.4984 
-1181.5 80.5051 
396.501 76.4977 
720.5 57.5048 
1078.5 57.5007 
-130.498 56.4933 
-600.501 51.4938 
769.502 51.5009 
-1260.51 40.5013 
-375.503 32.4926 
-1345.5 25.4963 
182.504 21.507 
-1151.5 16.4969 
408.85 10.3682 
-1089.49 7.49561 
419.619 7.19824 
0.495483 -0.506348 
510.498 -6.49817 
-1206.49 -7.50513 
1260.5 -10.5002 
1325.5 -15.5077 
-180.505 -15.4978 
-1048.5 -16.4923 
-649.495 -29.4939 
-981.496 -32.5048 
-418.502 -48.5044 
-315.503 -59.4978 
96.4985 -63.5074 
-497.496 -73.5 
753.502 -73.5039 
482.262 -84.1432 
485.31 -84.5045 
-648.503 -90.4932 
481.534 -84.5016 
-1321.51 -95.4922 
152.49 -98.4978 
447.504 -113.492 
-516.494 -120.503 
-1093.51 -128.502 
1240.5 -132.503 
1347.51 -136.501 
-863.499 -146.508 
1397.5 -147.497 
-1171.49 -152.5 
1503.5 -159.505 
344.495 -163.501 
-400.5 -167.502 
245.501 -171.501 
1372.5 -177.497 
-308.501 -178.503 
1213.5 -179.505 
104.493 -184.498 
-770.497 -191.112 
-770.497 -191.504 
-994.502 -206.5 
-137.5 -210.494 
196.491 -210.496 
1074.5 -220.5 
332.496 -227.501 
-72.4993 -227.496 
-146.507 -237.494 
344.499 -258.501 
-1216.49 -262.506 
50.4916 -263.507 
77.4948 -266.504 
677.503 -266.499 
1187.5 -273.504 
314.495 -274.5 
-1417.5 -278.5 
-753.5 -294.5 
-1007.5 -295.501 
946.498 -296.498 
-678.499 -298.501 
-875.495 -300.505 
-212.504 -300.5 
-30.5026 -302.504 
-1035.51 -307.509 
-497.502 -307.491 
-834.499 -316.497 
-1030.5 -329.502 
1226.5 -339.493 
-1029.24 -340.543 
-1394.5 -348.501 
53.4987 -350.502 
561.502 -355.492 
-328.51 -367.495 
1335.5 -370.499 
-323.372 -376.832 
-1615.5 -384.498 
304.497 -390.499 
-664.49 -399.497 
361.499 -408.5 
181.505 -409.508 
-1293.49 -421.499 
-504.5 -421.499 
943.502 -425.496 
-430.492 -434.492 
-511.401 -433.232 
-161.499 -445.498 
-226.493 -449.499 
-1614.5 -455.497 
-838.501 -457.499 
-720.504 -458.503 
-52.4945 -458.504 
-176.492 -461.501 
-101.495 -469.501 
1498.5 -469.496 
1363.5 -482.502 
1077.5 -484.502 
793.495 -485.503 
1537.5 -486.501 
-564.498 -492.508 
-519.504 -500.498 
1307.5 -507.507 
-299.505 -508.505 
-558.497 -520.499 
-861.497 -522.501 
507.492 -523.505 
-484.5 -525.496 
-801.498 -532.495 
-460.495 -538.503 
-395.501 -539.5 
-825.505 -540.497 
-611.499 -551.495 
-867.505 -553.5 
-1042.5 -557.492 
36.5055 -564.492 
1100.5 -568.503 
-1585.5 -570.507 
107.495 -594.495 
404.506 -599.504 
12.4993 -601.503 
-108.5 -607.491 
165.5 -607.497 
688.503 -614.5 
-515.499 -615.497 
-1088.5 -617.501 
-556.503 -617.505 
-250.501 -619.503 
-872.5 -622.496 
-1542.49 -623.501 
221.502 -627.496 
39.5056 -631.503 
-1123.5 -648.504 
744.491 -653.508 
-1591.5 -657.502 
-1456.5 -661.499 
382.495 -661.495 
-1379.49 -662.494 
-942.503 -666.499 
1510.5 -678.497 
-195.504 -680.505 
-1350.49 -683.501 
1514.07 -689.661 
473.501 -696.502 
734.504 -696.499 
-997.502 -698.492 
-1061.5 -706.503 
-526.497 -706.506 
-1118.51 -722.504 
-862.498 -722.494 
878.496 -728.5 
-1168.51 -735.503 
552.501 -744.493 
-1129.5 -762.501 
-521.504 -770.493 
-1563.49 -775.501 
1023.5 -781.505 
1134.5 -782.501 
1477.5 -782.501 
-1043.5 -784.507 
-1060.5 -789.498 
-555.505 -805.507 
-659.498 -808.499 
1318.5 -811.503 
-353.5 -816.503 
-765.494 -820.499 
322.501 -821.507 
667.498 -826.504 
56.5076 -829.504 
264.501 -828.507 
-797.498 -829.502 
-653.503 -831.502 
-1408.5 -838.502 
-754.502 -842.505 
-771.499 -849.5 
331.509 -883.499 
-847.505 -889.496 
-89.5013 -890.502 
241.503 -908.499 
979.496 -907.492 
1145.5 -914.496 
-985.499 -920.5 
816.505 -933.5 
-584.503 -935.506 
69.4978 -937.503 
-1399.5 -940.493 
-423.502 -941.501 
-519.504 -947.498 
280.5 -960.502 
-1118.5 -983.504 
-392.504 -983.497 
-581.499 -985.502 
-84.4913 -988.496 
1291.5 -996.505 
-649.502 -999.503 
-1233.5 -1010.5 
-1396.5 -1015.49 
151.504 -1019.5 
-1467.49 -1021.51 
35.5033 -1021.5 
464.501 -1042.5 
-559.496 -1055.5 
527.504 -1057.49 
177.5 -1061.49 
-737.497 -1063.51 
-177.498 -1073.5 
279.499 -1075.5 
-46.5087 -1084.5 
-1011.49 -1087.5 
977.499 -1092.51 
-836.499 -1093.5 
1123.51 -1120.51 
521.499 -1134.5 
726.496 -1134.5 
-723.5 -1158.5 
845.498 -1158.5 
-1092.5 -1165.49 
-1389.5 -1167.51 
138.502 -1169.5 
-1543.5 -1180.5 
-953.503 -1187.5 
423.499 -1188.49 
633.501 -1202.5 
