-1388.1 1206.13 
-946.109 1197.14 
-80.106 1196.14 
-1043.11 1195.14 
-554.105 1183.14 
-606.109 1169.14 
305.899 1168.14 
1.90952 1163.15 
297.893 1148.14 
-1457.11 1138.14 
-95.0917 1129.15 
-227.104 1126.14 
-39.0968 1111.14 
-1195.1 1110.15 
-1500.1 1108.13 
-1089.11 1108.14 
-629.093 1101.13 
-1166.1 1100.15 
624.898 1099.15 
-1297.1 1064.13 
-1096.09 1057.15 
-822.103 1050.13 
-553.089 1016.15 
-1361.1 1015.14 
-1170.1 991.147 
920.896 986.142 
965.889 986.143 
-703.103 981.135 
-906.107 977.142 
-179.096 970.136 
-334.101 961.135 
485.902 942.145 
-1024.1 938.142 
1424.9 934.13 
-32.0911 934.137 
1411.89 911.142 
1016.91 896.128 
291.897 894.143 
-1239.1 882.136 
733.896 859.138 
-1594.11 855.132 
-1143.1 853.144 
122.902 839.141 
-141.099 824.138 
1532.9 819.143 
-734.098 818.134 
204.89 812.131 
-115.094 798.138 
-1491.09 790.13 
-577.107 769.138 
-0.105005 767.14 
1250.89 762.13 
-1132.09 761.141 
667.908 745.141 
312.9 731.145 
-1489.11 728.143 
-1286.1 725.138 
-968.103 724.138 
-99.104 708.139 
-239.101 695.143 
-436.096 689.131 
80.8978 686.143 
1197.04 679.549 
1207.79 677.424 
416.893 675.142 
-572.093 671.138 
1245.89 671.132 
-1015.11 665.146 
-863.103 664.15 
259.907 662.13 
452.9 658.14 
-137.102 653.132 
-792.092 647.133 
-461.099 646.153 
655.906 634.139 
-1176.09 629.134 
365.907 621.146 
-413.101 617.138 
-863.097 593.138 
-692.104 577.138 
343.897 574.146 
-1612.11 568.14 
322.899 568.139 
-245.097 564.141 
-1586.11 556.132 
-103.093 548.128 
-842.105 547.134 
609.898 533.14 
929.9 533.14 
-734.111 526.143 
1279.9 518.143 
-823.105 514.136 
-137.1 489.137 
-1184.11 488.14 
-420.1 482.141 
-36.099 471.142 
32.9078 465.14 
1234.9 464.137 
10.8984 458.132 
326.908 452.139 
-514.097 441.138 
1298.9 437.141 
-1535.09 432.15 
-1089.1 402.144 
-1166.1 399.142 
1478.9 397.14 
538.708 394.409 
529.069 393.171 
-869.093 386.125 
840.904 375.131 
1446.9 372.141 
-914.098 371.144 
-435.093 342.137 
1339.91 341.133 
-1534.1 317.143 
-956.093 316.14 
-1540 302.465 
-30.1018 297.144 
-1501.11 289.147 
-346.099 289.145 
1542.89 273.144 
-301.105 264.149 
-20.0961 262.143 
476.904 259.139 
-1206.09 257.142 
1098.9 250.151 
286.908 245.142 
258.888 231.145 
1051.9 217.136 
-442.101 195.144 
-276.109 184.135 
594.893 183.143 
352.892 181.144 
-1218.1 178.146 
-432.1 176.127 
-1181.1 168.142 
993.904 167.143 
-1130.1 155.135 
-985.108 154.138 
-1516.09 152.142 
693.905 136.14 
-757.096 130.141 
-1317.1 128.143 
48.8943 120.142 
-1551.09 107.144 
-588.098 100.137 
-1422.11 89.1318 
-774.094 89.1367 
1321.89 85.1394 
103.902 79.1428 
1148.91 79.1463 
-664.099 61.1294 
876.899 52.1355 
174.898 40.126 
537.905 20.1498 
-1024.1 1.13927 
-1107.1 0.146226 
-754.096 -4.8484 
-4.09866 -4.85902 
-1357.11 -5.86354 
-1060.09 -7.85658 
-136.099 -11.8646 
-925.098 -14.8729 
588.902 -14.8574 
-461.096 -17.8634 
-1161.47 -23.4082 
-1505.1 -30.8632 
-1397.1 -38.8579 
-1125.1 -50.8544 
-555.099 -60.8556 
459.9 -65.8468 
-852.095 -72.8587 
599.9 -76.8611 
-654.096 -83.8674 
-906.103 -92.8527 
249.726 -110.748 
-115.106 -111.858 
1523.34 -117.469 
249.487 -112.511 
1516.27 -119 
1436.9 -140.861 
743.9 -141.86 
196.914 -142.855 
-784.106 -149.861 
-1433.1 -154.856 
-1386.1 -168.856 
-754.106 -169.857 
818.901 -169.86 
-332.103 -189.857 
1409.9 -197.863 
282.9 -201.859 
-918.099 -206.856 
609.905 -227.856 
-1392.1 -227.868 
-734.092 -230.856 
1373.9 -231.864 
-866.093 -232.856 
-691.105 -248.86 
-492.103 -251.873 
-1156.1 -259.859 
375.892 -261.864 
1475.9 -275.854 
-1496.1 -281.857 
1339.9 -290.857 
-1578.1 -291.866 
-936.108 -300.866 
-230.603 -317.868 
1011.9 -320.861 
91.8915 -322.86 
-1477.1 -330.855 
1468.91 -333.861 
-894.102 -335.866 
-1048.11 -346.869 
-331.1 -351.859 
-1351.09 -361.859 
133.894 -366.852 
442.903 -394.871 
994.902 -400.859 
-63.1026 -403.86 
480.367 -413.38 
-462.1 -418.854 
221.903 -416.85 
-188.106 -421.862 
778.902 -423.862 
-694.101 -436.86 
406.898 -447.855 
559.033 -450.24 
1235.9 -448.871 
-265.098 -453.866 
553.467 -453.62 
1343.89 -456.854 
-424.097 -473.859 
1139.9 -478.86 
1223.91 -477.865 
1525.9 -483.857 
571.896 -482.859 
-1106.1 -505.859 
126.895 -518.361 
1338.9 -550.86 
522.914 -563.864 
701.902 -569.862 
1153.9 -588.863 
-1443.1 -608.856 
-1184.11 -611.861 
-374.1 -611.864 
-166.109 -616.869 
1111.89 -628.867 
-1509.1 -637.86 
-304.096 -653.856 
921.9 -657.857 
565.893 -660.858 
-1117.11 -666.864 
-619.092 -682.856 
401.897 -690.871 
80.8974 -711.867 
-444.101 -726.859 
-1336.1 -747.856 
863.905 -748.862 
-730.093 -751.863 
1351.9 -752.858 
-1162.67 -760.906 
-284.099 -767.86 
883.895 -772.86 
-834.107 -779.857 
-1511.1 -792.859 
-1106.1 -792.862 
668.897 -822.867 
373.901 -826.854 
86.9033 -831.857 
1039.9 -831.866 
-1352.26 -835.273 
-1349.86 -835.446 
-1125.1 -841.805 
-28.1078 -845.854 
1496.9 -847.869 
586.914 -848.871 
-1125.1 -841.861 
-1237.96 -856.861 
225.897 -864.863 
-1343.1 -869.866 
-986.108 -869.856 
117.89 -889.859 
372.895 -889.859 
1171.89 -903.857 
318.901 -945.857 
1192.9 -944.854 
-904.094 -958.852 
765.897 -965.86 
-690.102 -977.853 
-479.106 -983.86 
-1574.1 -1020.86 
-1544.1 -1021.86 
-1452.1 -1041.86 
-1609.1 -1041.86 
450.892 -1047.85 
77.9004 -1054.86 
-1050.1 -1066.86 
-1258.1 -1070.86 
-1471.09 -1072.86 
-270.099 -1074.85 
442.898 -1079.86 
287.908 -1081.86 
-397.097 -1084.85 
-1480.44 -1082.52 
470.905 -1086.85 
125.896 -1091.86 
-940.088 -1092.85 
-923.102 -1104.86 
-785.096 -1110.86 
-1308.1 -1115.86 
1199.89 -1139.86 
-1495.1 -1141.86 
-833.092 -1151.87 
-1444.1 -1157.86 
-384.103 -1157.86 
690.04 -1173.61 
1003.91 -1174.86 
692.418 -1174.31 
1509.89 -1181.87 
627.901 -1205.87 
