-208.1 1229.14 
-210.1 1228.14 
-209.605 1228.14 
-208.424 1228.47 
-207.774 1228.47 
-206.595 1228.14 
-209.822 1226.99 
-208.554 1227.29 
-207.012 1227.23 
-209.157 1225.97 
-207.982 1226.04 
-1002.11 1215.14 
-117.093 1212.14 
-1002.67 1214.14 
-1002 1214.14 
761.905 1211.14 
-117.665 1211.14 
-116.99 1211.15 
761.338 1210.13 
762.009 1210.14 
-569.106 1195.14 
310.902 1195.14 
-569.666 1194.14 
-568.999 1194.14 
-419.104 1191.14 
310.337 1194.15 
311.014 1194.15 
-419.666 1190.14 
-418.998 1190.13 
376.902 1183.14 
376.336 1182.13 
377.008 1182.13 
488.905 1179.14 
645.903 1176.14 
488.331 1178.14 
489.007 1178.14 
645.336 1175.14 
646.014 1175.14 
986.906 1159.14 
-84.0934 1157.15 
986.335 1158.13 
987.015 1158.13 
-84.6636 1156.15 
-83.986 1156.15 
387.572 1131.18 
991.892 1130.15 
389.863 1130.1 
-1070.11 1127.14 
385.365 1128.99 
508.893 1126.14 
991.33 1129.14 
992.002 1129.14 
387.457 1127.69 
389.927 1127.74 
-1070.66 1126.14 
-1070 1126.14 
508.329 1125.14 
509.005 1125.14 
387.524 1125.61 
-99.0972 1115.14 
-1197.09 1112.14 
-490.096 1111.15 
-101.096 1113.14 
-99.1818 1113.23 
-97.6662 1113.28 
19.8988 1110.14 
-1197.66 1111.13 
-1196.99 1111.13 
-490.669 1110.14 
-489.992 1110.14 
-99.2394 1111.7 
19.3314 1109.14 
20.0091 1109.14 
-1491.1 1103.14 
-1493.1 1101.14 
-1491.18 1101.23 
-1489.67 1101.29 
-1491.24 1099.71 
842.914 1095.14 
842.341 1094.14 
843.014 1094.14 
-1201.1 1089.14 
-1201.66 1088.15 
-1200.99 1088.14 
369.899 1076.15 
369.332 1075.14 
370 1075.14 
244.905 1067.14 
244.336 1066.14 
245.01 1066.14 
-931.098 1046.14 
-931.663 1045.14 
-930.985 1045.14 
-1499.1 1040.14 
-1528.09 1039.14 
-1499.67 1039.13 
-1499 1039.14 
-1528.66 1038.14 
-1527.99 1038.14 
-700.107 1033.14 
-702.106 1031.14 
-700.196 1031.23 
-698.672 1031.29 
-700.256 1029.71 
-1372.09 1023.15 
-1035.1 1023.14 
908.904 1022.14 
-1372.66 1022.13 
-1372 1022.14 
-1035.67 1022.14 
-1034.99 1022.14 
908.337 1021.14 
909.023 1021.14 
251.9 1012.14 
251.332 1011.13 
252.005 1011.13 
-166.086 994.14 
-166.66 993.137 
-165.994 993.135 
358.906 960.145 
358.347 959.143 
359.012 959.14 
62.9081 953.142 
-1354.1 949.138 
60.9016 951.144 
62.8115 951.228 
64.3301 951.285 
-1354.67 948.158 
-1353.99 948.154 
62.7457 949.717 
-1048.1 940.139 
-1048.66 939.15 
-1047.99 939.148 
848.25 909.299 
849.353 908.138 
847.463 908.134 
-1311.1 899.14 
-1371.1 897.135 
-945.102 897.138 
758.902 896.141 
-1311.66 898.138 
-1311 898.138 
-1371.67 896.132 
-1370.99 896.129 
-947.096 895.146 
-945.187 895.232 
-943.673 895.291 
756.905 894.152 
758.818 894.227 
760.333 894.278 
-945.245 893.715 
758.761 892.714 
-828.09 876.144 
-408.115 876.137 
832.901 875.143 
-828.666 875.148 
-827.987 875.148 
-408.664 875.138 
-408.001 875.14 
830.895 873.143 
832.816 873.227 
834.332 873.284 
-1087.1 870.143 
832.758 871.708 
-1087.67 869.148 
-1087 869.149 
-1156.09 864.14 
-1156.66 863.147 
-1155.99 863.149 
-878.109 857.143 
-878.664 856.139 
-878.006 856.139 
-105.088 852.142 
-951.099 851.143 
-778.107 851.145 
-960.101 850.15 
-105.664 851.141 
-104.987 851.142 
-951.879 850.101 
-950.995 850.142 
-780.101 849.151 
-778.188 849.232 
-776.675 849.288 
-960.66 849.141 
-959.995 849.141 
-778.243 847.715 
-22.0957 842.144 
1123.91 839.141 
-22.6653 841.137 
-21.9945 841.139 
1123.34 838.147 
1124.02 838.148 
1133.9 832.142 
1133.33 831.136 
1134 831.137 
-60.11 809.141 
-60.6686 808.147 
-59.9953 808.145 
-1107.1 796.143 
-1566.1 794.151 
-1107.67 795.143 
-1107 795.14 
-1566.67 793.156 
-1565.99 793.158 
-1396.11 783.143 
-144.099 782.138 
-1396.67 782.138 
-1396 782.142 
-146.1 780.149 
-144.184 780.224 
-142.677 780.275 
-144.243 778.709 
-345.111 771.139 
-846.092 768.139 
-345.668 770.138 
-344.997 770.134 
-846.66 767.131 
-845.995 767.136 
-1313.1 762.138 
-1313.66 761.146 
-1313 761.142 
1159.9 752.136 
1159.34 751.127 
1160.01 751.128 
1112.91 741.139 
1112.33 740.144 
1113.01 740.145 
-1269.11 729.141 
-113.109 726.144 
-1269.67 728.146 
-1268.99 728.145 
-113.666 725.145 
-112.996 725.145 
454.901 707.142 
842.908 704.144 
454.337 706.146 
455.011 706.14 
-1080.11 702.143 
842.338 703.136 
843.012 703.139 
-1080.67 701.14 
-1080 701.14 
-1094.09 695.141 
-1094.66 694.144 
-1093.99 694.143 
-961.086 686.143 
563.911 685.136 
-961.66 685.131 
-960.987 685.132 
563.345 684.145 
564.016 684.139 
-919.103 656.147 
512.901 655.143 
-919.664 655.14 
-918.995 655.145 
512.333 654.141 
513.012 654.139 
-1451.11 644.144 
-11.1057 643.138 
-1451.67 643.131 
-1451 643.135 
-11.6663 642.139 
-10.9845 642.137 
-629.083 635.139 
452.887 633.141 
-1133.11 632.143 
3.89841 632.14 
-629.661 634.135 
-628.987 634.137 
452.336 632.142 
453.004 632.139 
-1133.67 631.137 
-1133 631.137 
3.33579 631.14 
4.0051 631.136 
-1464.1 621.137 
-1464.66 620.136 
-1463.99 620.136 
12.8923 614.142 
322.908 612.138 
12.3332 613.142 
13.0042 613.139 
320.898 610.132 
322.817 610.215 
324.334 610.272 
-129.1 605.139 
322.755 608.703 
-129.667 604.132 
-128.992 604.134 
768.898 594.146 
768.332 593.153 
769.004 593.152 
-587.091 588.142 
-587.661 587.146 
-586.987 587.147 
-227.107 572.143 
-1390.1 569.141 
-227.674 571.14 
-227.001 571.14 
113.896 567.141 
-1165.11 566.135 
-1390.66 568.123 
-1390 568.129 
111.9 565.145 
113.815 565.23 
115.324 565.288 
-1165.66 565.131 
-1164.99 565.133 
113.76 563.713 
-684.097 548.144 
-684.663 547.151 
-683.989 547.149 
-1461.1 537.14 
-1463.1 535.139 
-1461.19 535.221 
-1459.67 535.276 
185.919 533.135 
-1461.24 533.71 
185.338 532.137 
186.016 532.136 
-616.097 528.147 
-616.665 527.135 
-615.99 527.134 
1156.89 517.142 
-1253.1 514.135 
1156.33 516.137 
1157 516.138 
-1253.67 513.133 
-1253 513.134 
169.903 504.14 
-1406.1 503.137 
169.343 503.13 
170.012 503.132 
-1408.1 501.157 
-1406.18 501.232 
-1404.68 501.282 
-1319.1 498.141 
-1172.09 498.142 
-1406.24 499.711 
-1321.1 496.143 
-1319.19 496.223 
-1317.67 496.278 
-1172.66 497.142 
-1171.99 497.142 
-1319.24 494.712 
1238.9 481.14 
1238.34 480.14 
1239 480.137 
84.9044 468.138 
84.3354 467.141 
85.0134 467.142 
-985.103 456.133 
-985.662 455.135 
-984.991 455.131 
-969.098 441.138 
-969.667 440.138 
-968.988 440.138 
173.893 409.141 
-505.1 408.143 
173.334 408.138 
174.004 408.141 
-505.663 407.132 
-504.991 407.137 
1221.89 388.139 
-1546.11 386.133 
1221.34 387.137 
1222.01 387.138 
-1546.67 385.134 
-1546 385.13 
-1018.1 382.14 
-1020.1 380.133 
-1018.18 380.224 
-1016.67 380.286 
-999.092 377.144 
-1018.24 378.705 
-999.667 376.146 
-998.99 376.146 
-506.114 372.145 
-506.672 371.144 
-506.007 371.143 
376.895 360.142 
-1230.1 358.144 
376.33 359.139 
377 359.139 
-1232.1 356.142 
-1230.19 356.228 
-1228.67 356.286 
-1230.26 354.714 
55.9006 347.149 
817.902 345.136 
1133.9 345.142 
55.3415 346.154 
56.0046 346.149 
817.339 344.144 
818.014 344.145 
836.884 341.133 
1133.34 344.142 
1134.01 344.139 
836.325 340.133 
836.995 340.133 
-558.113 331.142 
-558.667 330.14 
-557.998 330.14 
403.908 325.14 
401.896 323.137 
403.816 323.221 
405.329 323.278 
403.754 321.709 
-1065.11 315.137 
-1065.67 314.139 
-1064.99 314.14 
223.892 295.135 
223.332 294.132 
224.001 294.136 
-962.103 288.143 
-812.093 287.137 
-962.664 287.14 
-961.996 287.137 
-812.667 286.131 
-811.989 286.132 
964.902 267.138 
121.908 266.146 
964.332 266.149 
965.007 266.15 
121.464 264.538 
122.179 264.411 
122.18 260.61 
122.85 260.246 
122.899 258.576 
-1248.1 252.136 
1202.91 252.144 
-251.09 250.146 
-1248.66 251.126 
-1247.99 251.126 
1202.34 251.147 
1203 251.147 
143.884 247.139 
-251.661 249.143 
-250.986 249.143 
-389.098 245.141 
143.324 246.136 
143.998 246.131 
-389.668 244.15 
-388.986 244.147 
1307.91 231.138 
1307.33 230.137 
1308.01 230.14 
93.9007 221.135 
91.895 219.141 
93.8105 219.218 
95.3242 219.271 
93.7495 217.711 
-258.104 209.142 
-258.671 208.148 
-257.996 208.148 
658.897 199.136 
658.333 198.131 
659.008 198.134 
-230.102 185.137 
-230.665 184.145 
-229.992 184.146 
-818.099 159.135 
-818.667 158.135 
-817.992 158.134 
983.896 152.142 
909.904 150.14 
981.896 150.145 
983.81 150.226 
985.327 150.28 
909.335 149.137 
910.009 149.137 
983.752 148.712 
1312.89 136.139 
1312.34 135.141 
1313 135.14 
726.905 124.136 
1124.91 121.146 
724.898 122.137 
726.819 122.222 
728.333 122.28 
1111.89 117.137 
1124.34 120.135 
1125.01 120.139 
726.76 120.707 
1147.89 116.143 
1111.34 116.13 
1112.01 116.129 
1147.33 115.133 
1148 115.134 
494.887 101.148 
494.33 100.147 
494.997 100.149 
948.895 96.1395 
948.332 95.1461 
949.011 95.146 
268.91 82.1373 
-527.1 80.149 
268.338 81.1391 
269.017 81.1421 
166.892 77.1378 
-527.662 79.1543 
-526.994 79.154 
-1223.09 75.1416 
166.331 76.1467 
167.005 76.1483 
-1223.66 74.146 
-1222.98 74.1441 
-1106.09 63.1362 
-1108.1 61.13 
-1106.18 61.2195 
-1104.67 61.2804 
-1106.24 59.7032 
147.903 55.1411 
795.896 52.1383 
145.901 53.142 
147.82 53.2246 
149.331 53.2804 
795.338 51.1391 
796.003 51.14 
147.764 51.7129 
-924.098 46.1448 
-924.662 45.1382 
-923.997 45.1416 
713.902 37.14 
713.337 36.1368 
714.004 36.1373 
-535.097 26.1389 
-535.667 25.1368 
-534.992 25.14 
370.918 19.1421 
370.341 18.1355 
371.014 18.138 
-73.0891 12.1446 
-313.435 10.1833 
-311.139 9.10033 
-73.6598 11.1396 
-72.9895 11.1456 
-119.089 7.13255 
-315.635 7.99876 
-313.54 6.69115 
-311.074 6.73534 
-119.658 6.12718 
-118.989 6.13011 
-313.468 4.60667 
-112.085 -17.8676 
-112.659 -18.8722 
-111.98 -18.8744 
1023.9 -26.86 
1023.34 -27.8703 
1024 -27.8629 
-1326.09 -31.8695 
-1326.67 -32.8712 
-1325.99 -32.8665 
376.91 -50.8568 
376.337 -51.8495 
377.012 -51.8517 
-1469.1 -55.8562 
-1469.66 -56.8604 
-1468.99 -56.8612 
-1304.09 -61.8545 
-1504.1 -63.8703 
-1304.66 -62.8561 
-1303.99 -62.8549 
-1504.67 -64.8688 
-1504 -64.8683 
961.896 -75.86 
961.334 -76.8473 
962.009 -76.8507 
-1563.12 -81.86 
-1563.68 -82.8568 
-1563 -82.8593 
97.9149 -96.8577 
97.3464 -97.8523 
98.0123 -97.856 
962.904 -105.862 
962.332 -106.858 
963.007 -106.861 
433.891 -123.857 
1030.9 -124.861 
1093.9 -125.866 
433.338 -124.854 
434 -124.855 
1030.34 -125.863 
1031.01 -125.866 
1093.33 -126.859 
1094.01 -126.861 
1102.89 -135.864 
-171.095 -136.86 
1100.9 -137.862 
1102.81 -137.784 
1104.32 -137.73 
-173.099 -138.866 
-171.182 -138.773 
-169.673 -138.709 
201.9 -142.859 
619.896 -142.851 
1102.76 -139.292 
-171.242 -140.287 
199.903 -144.854 
201.819 -144.77 
203.325 -144.714 
619.329 -143.859 
619.998 -143.861 
201.763 -146.293 
-1390.11 -164.86 
-1390.66 -165.86 
-1389.99 -165.858 
-1029.09 -184.862 
-1029.66 -185.859 
-1028.99 -185.86 
-490.081 -190.855 
-1006.1 -191.862 
-490.656 -191.863 
-489.989 -191.857 
-1006.67 -192.852 
-1005.99 -192.856 
557.896 -206.855 
557.337 -207.86 
558.003 -207.858 
-725.099 -223.86 
-727.103 -225.854 
-725.184 -225.771 
-723.67 -225.716 
-725.242 -227.286 
-871.093 -243.85 
-871.664 -244.845 
-870.988 -244.846 
-483.096 -247.856 
-483.663 -248.853 
-482.993 -248.85 
241.904 -259.857 
241.333 -260.849 
242.012 -260.853 
1150.9 -271.858 
-304.094 -274.857 
1150.33 -272.857 
1151.01 -272.859 
-304.662 -275.859 
-303.993 -275.861 
-471.097 -315.862 
467.901 -317.861 
-471.655 -316.865 
-470.995 -316.863 
467.344 -318.864 
468.006 -318.864 
-739.113 -338.863 
-739.666 -339.864 
-738.997 -339.862 
1529.9 -342.852 
1529.33 -343.858 
1530 -343.858 
149.882 -363.865 
149.319 -364.866 
150 -364.866 
-334.098 -373.862 
-850.086 -374.862 
-334.668 -374.867 
-333.997 -374.863 
638.905 -377.862 
-850.667 -375.863 
-849.988 -375.859 
638.34 -378.863 
639.006 -378.865 
933.889 -392.858 
-312.088 -395.856 
933.332 -393.848 
934 -393.855 
376.902 -398.866 
-312.657 -396.845 
-311.99 -396.852 
833.904 -399.86 
376.336 -399.865 
377.009 -399.865 
833.341 -400.871 
834.01 -400.867 
-1100.1 -454.858 
-1100.66 -455.86 
-1099.99 -455.862 
653.889 -468.858 
653.335 -469.855 
654.006 -469.857 
104.895 -480.859 
104.337 -481.855 
104.999 -481.863 
970.897 -504.862 
-1040.1 -508.872 
970.332 -505.869 
971.001 -505.869 
-1040.66 -509.858 
-1039.99 -509.867 
-1441.1 -518.86 
177.907 -518.861 
-1441.66 -519.853 
-1440.99 -519.856 
175.906 -520.87 
177.818 -520.774 
179.333 -520.709 
296.905 -523.854 
-1150.1 -526.866 
177.757 -522.287 
296.334 -524.854 
297.013 -524.856 
-1150.67 -527.861 
-1149.99 -527.861 
1131.9 -553.858 
-15.1029 -554.859 
1131.34 -554.86 
1132 -554.858 
-15.664 -555.854 
-14.9914 -555.859 
-1546.11 -571.857 
-1546.67 -572.865 
-1546 -572.859 
-103.107 -580.865 
-103.665 -581.86 
-102.999 -581.862 
-910.097 -585.855 
-910.666 -586.859 
-909.986 -586.861 
1233.9 -605.852 
1233.35 -606.857 
1234.01 -606.856 
-1381.1 -611.852 
-1381.66 -612.855 
-1380.99 -612.852 
-1071.1 -619.862 
1599.9 -619.863 
-1063.09 -621.862 
-1071.66 -620.862 
-1070.81 -620.933 
1597.9 -621.866 
1599.81 -621.776 
1601.33 -621.714 
-1064.54 -622.592 
-1062.98 -622.862 
1599.75 -623.288 
117.899 -632.855 
117.335 -633.854 
118.011 -633.854 
-1407.11 -647.859 
-1407.67 -648.851 
-1406.99 -648.855 
799.901 -658.858 
799.334 -659.863 
800.003 -659.86 
-941.099 -663.862 
-941.664 -664.866 
-940.994 -664.865 
694.894 -671.858 
1567.9 -671.861 
694.335 -672.871 
695.003 -672.869 
1567.33 -672.859 
1568 -672.854 
1576.9 -676.863 
1576.34 -677.863 
1577.01 -677.863 
587.895 -683.857 
587.331 -684.855 
588.002 -684.857 
1454.89 -687.865 
497.906 -690.862 
1454.33 -688.867 
1455 -688.868 
-979.111 -693.866 
497.334 -691.861 
498.006 -691.861 
-979.672 -694.86 
-978.996 -694.859 
761.896 -712.862 
-631.101 -713.856 
761.335 -713.847 
762.012 -713.853 
-631.665 -714.863 
-630.993 -714.861 
179.9 -721.856 
-876.099 -723.864 
179.333 -722.854 
180.002 -722.851 
-876.667 -724.868 
-875.995 -724.864 
-765.104 -728.863 
-765.668 -729.864 
-764.995 -729.865 
892.906 -734.863 
890.902 -736.867 
892.821 -736.773 
894.328 -736.71 
-64.106 -739.855 
892.763 -738.287 
-64.6659 -740.867 
-63.9972 -740.864 
1026.89 -748.854 
-850.108 -749.865 
-456.1 -751.866 
1026.34 -749.859 
1027.01 -749.861 
-850.676 -750.86 
-849.999 -750.868 
-456.66 -752.872 
-455.993 -752.869 
-1418.11 -770.858 
-1418.67 -771.852 
-1417.99 -771.856 
732.904 -774.86 
732.328 -775.856 
733.011 -775.852 
-805.103 -809.856 
-805.663 -810.861 
-804.996 -810.862 
-1388.1 -822.855 
-1388.67 -823.862 
-1387.99 -823.863 
395.891 -849.858 
393.9 -851.855 
395.811 -851.775 
397.334 -851.721 
939.892 -856.861 
395.757 -853.29 
931.897 -857.859 
-996.105 -858.858 
937.896 -858.278 
940.008 -857.861 
930.808 -859.361 
931.901 -859.361 
1280.9 -861.856 
-996.663 -859.858 
-995.992 -859.863 
1280.34 -862.856 
1281.01 -862.855 
457.902 -879.856 
-1520.1 -882.852 
457.338 -880.872 
458.008 -880.864 
-1520.67 -883.856 
-1520 -883.855 
73.899 -893.855 
73.3303 -894.855 
74.0051 -894.853 
-370.431 -900.82 
-368.143 -901.899 
-372.641 -903.002 
1068.9 -904.859 
-370.542 -904.3 
-368.078 -904.262 
1068.33 -905.861 
1069.01 -905.862 
-370.469 -906.391 
402.898 -943.86 
402.336 -944.854 
403.007 -944.853 
-1339.11 -948.859 
-1339.66 -949.853 
-1338.99 -949.858 
196.893 -972.864 
196.329 -973.864 
197.002 -973.866 
1152.9 -987.859 
1152.33 -988.852 
1153 -988.854 
16.8973 -994.857 
14.8961 -996.859 
16.8115 -996.774 
18.3247 -996.716 
16.7538 -998.285 
136.908 -1002.86 
134.895 -1004.85 
136.814 -1004.77 
138.327 -1004.71 
136.75 -1006.28 
969.904 -1024.87 
969.332 -1025.85 
970.008 -1025.86 
-1165.11 -1037.86 
-1165.67 -1038.85 
-1164.99 -1038.85 
-328.102 -1042.85 
-1636.11 -1044.86 
1532.91 -1045.86 
-328.666 -1043.86 
-327.993 -1043.86 
-1637.17 -1046.03 
-1636.11 -1045.85 
1530.91 -1047.87 
1532.82 -1047.78 
1534.33 -1047.72 
1532.76 -1049.29 
943.901 -1062.86 
943.337 -1063.86 
944.009 -1063.85 
79.8983 -1080.85 
79.3334 -1081.85 
80.0083 -1081.85 
1406.89 -1085.86 
1406.33 -1086.86 
1407 -1086.86 
-869.1 -1123.86 
-871.103 -1125.86 
-869.187 -1125.78 
-867.669 -1125.72 
-869.246 -1127.29 
-789.097 -1134.86 
297.897 -1134.86 
-174.433 -1135.82 
-172.141 -1136.9 
-789.663 -1135.85 
-788.99 -1135.85 
297.335 -1135.86 
298.003 -1135.86 
-176.642 -1138 
-174.541 -1139.31 
-172.074 -1139.26 
-174.477 -1141.39 
-859.099 -1150.86 
-696.101 -1150.86 
-859.658 -1151.86 
-858.988 -1151.86 
-696.668 -1151.86 
-695.995 -1151.86 
-542.11 -1155.86 
-542.669 -1156.85 
-541.997 -1156.85 
-559.096 -1160.86 
258.899 -1160.86 
-559.66 -1161.85 
-558.988 -1161.85 
258.342 -1161.86 
259.007 -1161.86 
-167.098 -1170.85 
-373.102 -1173.86 
-167.669 -1171.86 
-166.989 -1171.86 
-375.103 -1175.86 
-373.185 -1175.78 
-371.669 -1175.72 
-386.101 -1179.86 
942.916 -1180.86 
-373.241 -1177.29 
-46.0906 -1181.86 
-388.099 -1181.86 
-386.188 -1181.77 
-384.676 -1181.71 
942.341 -1181.86 
943.014 -1181.86 
-46.6663 -1182.87 
-45.9955 -1182.87 
-386.247 -1183.28 
-1140.1 -1196.86 
-1140.66 -1197.86 
-1139.99 -1197.86 
918.898 -1229.22 
916.701 -1230.46 
917.741 -1230.4 
919.4 -1230.36 
920.571 -1230.4 
