-992.492 1207.5 
352.504 1196.51 
3.49915 1194.5 
-1242.51 1187.5 
-1148.5 1180.49 
522.502 1179.51 
-415.497 1178.5 
965.491 1162.51 
-269.502 1148.5 
497.503 1131.5 
1395.5 1131.5 
49.495 1110.5 
-1467.5 1101.5 
-69.504 1101.5 
978.503 1101.5 
938.505 1097.5 
-789.498 1076.5 
368.5 1074.51 
99.5012 1072.5 
-1224.5 1056.5 
-949.5 1053.51 
1399.51 1036.5 
-719.495 1031.49 
-776.501 1020.5 
653.502 1018.5 
307.503 1018.49 
-200.501 1005.5 
762.502 1004.5 
-1056.5 1002.5 
-633.5 1003.5 
-1142.5 977.498 
-272.507 976.513 
832.504 971.504 
-1391.5 970.499 
-455.492 959.505 
-924.498 952.502 
-1029.49 951.496 
-322.506 951.501 
131.503 948.501 
365.504 947.499 
-498.5 945.498 
1107.5 945.508 
-242.502 937.496 
1157.5 932.505 
573.503 927.498 
-331.499 921.496 
213.497 920.498 
-428.502 919.502 
-856.498 917.506 
1581.5 911.493 
-350.491 908.505 
-427.908 910.759 
-1545.5 898.506 
1063.5 897.502 
759.503 893.5 
167.502 878.5 
-420.498 876.499 
-910.506 859.491 
139.501 857.495 
469.505 856.494 
-1274.5 853.499 
-561.503 853.501 
15.5034 843.501 
-1333.51 813.503 
-826.493 808.496 
883.503 807.5 
1611.5 807.501 
264.498 803.494 
-565.508 799.5 
792.503 795.499 
493.497 787.498 
1205.5 777.501 
1292.5 776.497 
797.497 772.507 
5.5 752.497 
647.494 751.501 
-227.501 750.496 
361.498 749.5 
-40.5042 747.499 
263.5 743.504 
741.5 717.504 
55.5011 715.503 
-381.5 714.5 
241.505 706.499 
-1420.5 703.5 
386.501 702.501 
291.5 700.498 
-353.683 697.28 
436.501 699.503 
588.505 697.51 
137.502 693.505 
-705.5 689.497 
-353.744 697.187 
474.501 684.503 
1118.5 667.496 
770.503 662.502 
-1442.5 657.505 
-440.505 652.502 
522.498 653.498 
-132.503 652.498 
-800.501 648.509 
-820.501 646.507 
165.493 639.495 
-307.494 633.501 
459.498 633.497 
245.503 630.502 
-918.499 629.501 
193.499 622.5 
-1293.5 610.496 
-153.505 600.5 
550.497 599.494 
1036.5 591.503 
-505.501 582.89 
-927.504 574.496 
-505.501 582.499 
-1613.5 564.501 
-427.501 550.069 
1165.51 551.495 
-486.499 540.501 
-736.504 539.502 
250.507 536.497 
188.506 528.501 
-619.5 525.501 
1172.5 523.5 
432.505 518.492 
483.502 516.498 
1023.5 516.5 
-1548.5 511.501 
929.498 505.502 
440.507 498.5 
1066.5 492.504 
-1266.5 474.506 
123.494 474.499 
641.487 473.499 
-1467.5 471.502 
-316.501 465.5 
-396.495 464.505 
-1366.5 456.5 
41.4969 444.495 
-1326.5 443.499 
1024.5 440.495 
-907.5 429.503 
1217.51 426.501 
83.5017 424.499 
650.499 413.496 
799.498 407.502 
1313.5 406.493 
-52.4929 396.504 
-666.496 378.503 
-1279.5 370.494 
1356.5 367.493 
799.499 366.501 
-298.503 352.502 
56.5062 334.504 
-1217.5 326.5 
1195.5 325.504 
126.502 311.499 
-1077.5 306.493 
-721.492 297.502 
91.4943 293.494 
1231.5 289.505 
693.501 283.503 
1235.01 272.889 
244.497 272.499 
385.502 266.496 
1236 270.004 
716.504 260.492 
826.499 255.5 
434.5 248.508 
760.495 245.495 
603.505 242.496 
-1317.5 238.502 
738.501 227.499 
706.497 222.507 
-105.498 221.502 
179.502 217.501 
947.502 216.498 
-230.505 214.497 
356.583 212.586 
1591.5 199.498 
524.499 188.501 
656.5 187.498 
-756.501 182.49 
1159.5 176.497 
177.504 174.506 
365.493 165.5 
759.493 158.503 
274.503 151.503 
-272.5 117.503 
-324.507 115.499 
696.501 111.501 
625.5 108.498 
-922.504 101.492 
727.496 97.5012 
1074.5 91.4994 
1051.5 88.5021 
471.5 87.5018 
780.499 74.499 
476.431 76.4476 
52.3994 70.9492 
443.501 71.4979 
12.4982 66.4926 
240.499 65.4983 
953.502 65.4955 
-530.497 59.5045 
992.5 59.5 
-221.507 43.499 
1496.5 40.4961 
-273.497 28.4994 
675.5 26.5004 
-1080.5 25.4989 
34.5042 22.5042 
1334.5 18.5072 
550.513 1.49634 
0.500854 -0.499023 
-1616.5 -13.4958 
1351.49 -12.4977 
215.496 -25.4993 
-894.505 -27.499 
-15.4982 -28.5004 
673.501 -37.5013 
924.504 -38.4946 
-152.496 -40.4967 
188.5 -41.4988 
-981.502 -45.5033 
653.494 -45.4911 
852.506 -47.5024 
874.492 -49.5015 
-361.5 -56.5018 
150.496 -64.4974 
1410.51 -69.4983 
-402.505 -72.4943 
-270.5 -79.4927 
-88.4924 -80.498 
260.499 -83.5028 
-305.492 -85.5018 
-173.502 -88.5027 
-756.499 -92.4971 
-1358.5 -96.4994 
-688.493 -105.501 
949.497 -110.5 
1074.5 -129.501 
62.4971 -154.498 
1440.49 -154.499 
-1067.49 -168.495 
-1527.5 -169.506 
-1453.5 -190.502 
924.502 -194.494 
993.5 -197.5 
-192.497 -198.496 
330.504 -201.499 
-546.507 -203.496 
711.5 -209.504 
-314.505 -210.498 
-866.495 -217.502 
842.493 -224.503 
-740.499 -244.504 
398.502 -246.502 
752.495 -247.501 
-114.502 -248.499 
288.501 -251.504 
1476.51 -251.494 
-1610.5 -270.508 
-1356.51 -278.498 
153.508 -281.499 
-97.5023 -288.502 
-367.502 -294.503 
-905.496 -296.501 
1227.5 -297.501 
1375.5 -302.497 
-206.498 -304.502 
607.494 -334.505 
-795.002 -342.001 
485.5 -343.5 
164.503 -346.495 
1099.51 -348.506 
-622.496 -361.499 
1403.5 -372.498 
-231.503 -384.502 
147.508 -386.507 
-403.501 -390.497 
-995.492 -402.491 
1279.5 -417.499 
955.507 -439.508 
548.5 -457.5 
1408.5 -458.499 
-1248 -462.997 
683.502 -466.502 
830.495 -471.499 
419.502 -473.507 
954.506 -486.493 
206.499 -504.505 
614.508 -510.5 
240.51 -513.501 
283.496 -530.503 
432.505 -544.5 
830.502 -544.501 
-285.497 -550.509 
-264.505 -557.504 
1059.5 -562.502 
964.505 -574.504 
159.504 -575.501 
332.502 -577.501 
-733.505 -582.502 
718.5 -582.501 
1074.5 -585.499 
-1137.5 -585.499 
-1066.5 -585.489 
1076.03 -591.041 
278.492 -616.501 
1014.5 -617.5 
-1255.5 -618.495 
-642.488 -639.505 
169.503 -641.496 
808.494 -642.499 
606.498 -648.498 
1208.49 -652.502 
787.504 -655.503 
-164.494 -666.495 
983.504 -672.504 
-391.503 -674.505 
723.496 -676.502 
-39.5015 -677.494 
1235.51 -683.497 
-264.494 -696.501 
1121.5 -705.502 
1340.5 -705.504 
-315.505 -713.505 
753.5 -714.495 
948.493 -733.496 
-1454.5 -749.5 
-742.497 -750.504 
568.502 -757.498 
867.505 -773.51 
361.493 -776.496 
-74.5022 -778.5 
159.499 -795.504 
853.496 -795.5 
787.496 -804.499 
838.5 -805.504 
1368.51 -805.495 
-1019.5 -811.508 
-1447.5 -824.505 
-1497.6 -837.729 
-1141.5 -838.497 
922.498 -844.5 
959.499 -847.508 
-1498.98 -842.455 
231.502 -860.489 
70.4985 -863.496 
570.499 -869.502 
-1276.5 -872.497 
-1604.5 -872.501 
796.502 -872.495 
-1042.43 -877.586 
737.509 -876.501 
17.4996 -880.505 
-1041.03 -880.14 
-1609.51 -886.224 
-690.499 -889.5 
1442.49 -890.502 
-767.502 -904.504 
455.503 -911.506 
84.4962 -913.5 
-856.497 -935.498 
1309.5 -937.504 
-527.496 -939.505 
1331.5 -951.494 
-492.498 -957.499 
1003.5 -961.503 
-134.503 -977.496 
895.499 -978.501 
-267.507 -1011.5 
1485.51 -1048.5 
495.503 -1051.5 
391.494 -1052.49 
1370.5 -1056.51 
-43.5084 -1078.5 
-356.495 -1083.5 
-248.503 -1084.5 
-1195.5 -1106.49 
-1474.49 -1113.5 
963.493 -1114.5 
-402.5 -1114.5 
529.5 -1117.5 
-145.495 -1133.5 
-413.497 -1138.5 
671.496 -1139.5 
1287.5 -1145.5 
-778.502 -1159.5 
509.498 -1169.5 
214.498 -1193.51 
-791.498 -1196.51 
764.504 -1202.51 
-899.487 -1205.5 
-131.496 -1207.5 
