-18.5032 1206.5 
669.497 1181.5 
-102.498 1177.5 
434.503 1165.5 
-286.5 1161.5 
-813.509 1137.5 
-361.495 1134.49 
-1347.5 1133.5 
-851.493 1131.5 
-94.4917 1129.49 
369.505 1093.5 
-197.86 1087.19 
-197.905 1087.1 
-317.502 1058.5 
38.5018 1041.49 
317.5 1031.5 
342.504 1027.5 
1085.5 1026.5 
-740.499 1016.5 
1587.5 1016.5 
-871.505 998.505 
-873.513 966.497 
1292.5 954.503 
-1596.5 944.504 
-873.5 910.502 
970.499 892.503 
1012.51 883.502 
812.503 871.493 
477.502 870.498 
492.497 870.5 
-1051.5 849.497 
-336.495 839.504 
100.505 836.503 
-438.501 830.5 
734.495 817.501 
-837.498 814.496 
479.495 814.5 
-316.492 806.502 
233.503 794.501 
499.498 794.5 
794.494 791.504 
-1305.51 787.497 
-166.491 755.499 
-220.499 753.504 
843.495 746.502 
-1597.5 743.497 
-46.4996 744.496 
-431.498 734.506 
1053.5 731.5 
1078.5 728.497 
1191.5 718.497 
978.502 711.5 
1103.51 700.5 
-1353.5 693.489 
266.502 688.501 
1375.49 658.497 
-172.501 643.499 
-1290.5 629.501 
-1526.5 622.499 
-614.501 603.494 
-879.5 591.502 
-1499.5 579.501 
411.501 575.504 
-950.508 574.505 
866.499 560.493 
562.495 556.502 
739.503 544.503 
-736.501 535.494 
-968.505 531.494 
-931.5 520.493 
-96.5 517.498 
-1372.5 510.502 
1114.5 504.504 
-1220.24 498.765 
457.506 498.503 
-1225.97 494.866 
-328.5 491.505 
-221.501 484.501 
-1373.5 480.495 
-275.499 457.501 
149.496 448.498 
1209.5 446.511 
-358.499 436.509 
564.496 426.494 
677.501 418.504 
-394.499 414.5 
-1454.51 410.501 
822.501 397.494 
-164.498 390.505 
1261.5 386.498 
1603.49 367.5 
-1380.5 362.5 
1500.5 331.501 
-1321.49 327.497 
1265.5 318.504 
216.494 309.495 
1461.5 294.497 
7.49927 276.498 
-725.496 271.496 
48.4972 264.502 
668.502 259.496 
71.5048 236.501 
-1528.5 233.5 
-401.496 232.496 
827.499 232.5 
585.498 226.498 
-1126.51 215.499 
-151.501 207.504 
55.5049 206.497 
992.5 197.501 
21.5044 190.497 
-1473.5 188.493 
-73.495 180.505 
-1055.49 169.5 
-1480.5 164.502 
140.499 155.504 
-1261.5 153.503 
946.5 151.507 
-199.501 144.503 
-719.496 137.5 
166.5 126.5 
229.504 99.4972 
531.502 98.5056 
-628.495 86.4951 
-479.5 73.4971 
-611.501 65.5042 
-1495.5 63.494 
-310.499 55.4982 
-48.5054 53.4966 
-1225.51 47.5059 
1105.49 39.4965 
-1201.5 35.5081 
-163.5 29.496 
1503.5 24.5004 
-184.5 19.4969 
1106.5 16.4982 
-1438.5 7.5011 
-1192.5 0.504395 
0.499878 -0.498779 
203.508 -5.50452 
-1002.5 -17.4952 
-478.505 -23.4978 
283.497 -29.4998 
-280.503 -35.4993 
-1282.5 -51.4916 
-1460.5 -52.5035 
1464.5 -66.4969 
-716.504 -75.5007 
-496.498 -79.5006 
-73.5 -79.4983 
1026.5 -81.4989 
250.501 -95.4967 
1054.5 -103.502 
-270.499 -109.51 
240.836 -112.023 
-959.495 -115.499 
515.502 -127.5 
223.495 -129.501 
734.496 -131.507 
360.494 -149.506 
643.503 -171.5 
-728.5 -174.502 
-831.503 -175.495 
-763.154 -183.834 
23.5027 -188.499 
-366.502 -199.499 
1118.5 -199.495 
572.499 -236.499 
-1344.5 -244.495 
-1124.5 -250.501 
285.495 -256.501 
-146.507 -259.5 
824.501 -267.501 
1497.5 -274.506 
1484.5 -298.507 
-1007.51 -299.499 
1455.51 -306.501 
-593.495 -323.503 
36.5028 -337.501 
-297.497 -338.497 
-408.505 -346.502 
-1091.49 -366.501 
271.502 -366.502 
-349.5 -372.5 
1481.5 -379.498 
-1087.51 -384.496 
1308.5 -392.507 
1132.5 -408.504 
704.5 -416.497 
662.49 -419.5 
186.504 -428.502 
-1345.5 -434.499 
1458.5 -474.499 
497.499 -487.501 
-1609.5 -511.499 
1544.5 -521.504 
-216.502 -528.503 
-367.118 -539.677 
114.501 -540.502 
674.5 -540.494 
-364.414 -541.322 
1185.49 -544.503 
-1350.5 -565.498 
766.507 -565.498 
-416.499 -566.499 
-11.5074 -591.512 
949.497 -592.5 
-46.5128 -593.506 
391.49 -601.505 
1500.5 -615.496 
160.502 -618.502 
39.4926 -640.502 
-663.499 -648.5 
-1136.5 -654.493 
-1473.51 -665.498 
-649.495 -672.494 
-560.492 -690.503 
510.499 -708.506 
913.505 -733.493 
749.5 -745.498 
-1393.5 -752.495 
-543.501 -765.504 
-872.501 -770.5 
533.503 -772.499 
-899.5 -780.505 
-995.503 -786.507 
-945.501 -788.5 
-1337.51 -790.505 
547.498 -803.504 
939.497 -812.497 
850.501 -817.504 
-1137.5 -840.501 
-1567.5 -846.501 
-534.506 -849.498 
490.505 -852.494 
1291.5 -872.508 
1225.5 -878.499 
-1174.5 -882.506 
252.493 -888.5 
809.5 -893.501 
220.496 -938.493 
1442.51 -941.504 
-1541.5 -942.503 
318.494 -962.504 
1326.5 -992.501 
-1561.5 -1002.5 
1588.5 -1014.5 
-1610.5 -1015.5 
1381.5 -1041.51 
-290.498 -1051.5 
842.505 -1061.51 
888.497 -1065.5 
860.508 -1079.51 
563.505 -1094.51 
-77.5038 -1102.5 
-221.497 -1117.5 
-765.5 -1119.49 
260.503 -1125.49 
212.499 -1130.5 
764.502 -1139.5 
-210.501 -1142.51 
-1409.5 -1147.5 
-439.497 -1149.5 
627.505 -1160.5 
495.496 -1187.5 
12.498 -1188.5 
-1169.5 -1197.5 
