-962.497 1209.5 
907.504 1204.49 
187.506 1194.49 
-954.501 1181.5 
-572.499 1163.51 
1200.51 1157.5 
-602.492 1152.5 
42.5 1145.5 
788.495 1126.5 
1402.5 1119.5 
-257.498 1089.5 
10.502 1062.49 
464.494 1046.5 
1191.51 1032.5 
-427.5 1014.51 
1403.5 1014.5 
-1585.5 1011.5 
899.494 1009.5 
160.498 1005.5 
-418.491 962.502 
-936.499 955.501 
-1196.5 951.496 
-843.499 931.497 
969.497 931.495 
-732.499 872.5 
-84.4967 864.5 
-1566.5 854.502 
-1458.5 839.498 
1406.49 813.505 
928.503 811.504 
-1599.5 800.5 
1615.5 786.507 
335.501 772.495 
804.504 742.506 
-1198.51 735.495 
1243.5 710.497 
-87.5006 685.494 
-1525.5 661.5 
78.4971 652.494 
-673.501 644.503 
-1518.5 629.499 
-268.505 627.498 
-367.502 610.496 
980.494 578.505 
-1472.5 571.49 
-1352.49 567.503 
158.503 544.498 
675.499 543.502 
690.5 537.498 
-658.496 536.498 
-950.498 524.499 
-121.504 507.494 
-339.499 468.513 
2.51233 435.504 
-59.4996 423.498 
322.495 416.495 
-1242.49 409.497 
-202.501 408.505 
924.499 407.5 
-78.5004 406.501 
1547.5 386.503 
-1156.5 375.497 
48.4996 365.498 
125.5 355.49 
687.501 337.505 
-278.497 327.501 
1154.5 324.499 
433.493 324.5 
-870.497 270.497 
-1344.5 254.493 
553.501 217.501 
1537.5 217.501 
-32.4962 213.498 
-273.498 208.502 
-330.502 203.495 
1465.5 203.497 
260.498 187.5 
440.5 180.505 
-586.494 161.495 
956.485 155.501 
-1224.51 150.498 
-221.5 149.498 
-1352.5 137.501 
-115.498 116.502 
171.5 112.498 
1002.49 110.506 
251.495 105.497 
283.504 105.49 
367.497 94.5049 
-1026.5 91.4972 
-580.502 79.5095 
489.495 77.5017 
-701.502 68.4952 
-1475.5 57.5062 
-606.504 46.4989 
-1073.49 43.5059 
-669.506 22.5059 
1005.5 15.4967 
-1471.5 10.4976 
0.500977 -0.50415 
586.497 0.497437 
-918.503 -1.49512 
-405.502 -6.50464 
1431.5 -8.50195 
944.5 -16.5022 
-1281.5 -19.5027 
-1415.5 -20.498 
1318.5 -31.4996 
12.4982 -43.4889 
1214.5 -72.5024 
-1185.5 -92.4994 
-906.5 -99.4991 
1613.51 -100.497 
-1407.49 -104.504 
1388.5 -106.501 
1008.5 -107.5 
-1199.5 -113.497 
1358.5 -115.507 
-1037.5 -132.498 
-92.5057 -132.502 
-795.5 -179.504 
-434.504 -182.507 
285.497 -182.494 
-604.499 -187.501 
289.618 -194.042 
1022.5 -218.498 
608.499 -226.497 
-1226.5 -231.503 
-110.505 -233.502 
66.4985 -232.498 
1416.5 -235.497 
366.495 -250.501 
1583.5 -261.509 
290.49 -276.505 
19.4962 -282.495 
123.497 -299.493 
-904.501 -340.503 
984.502 -340.506 
859.495 -354.5 
-1309.5 -368.5 
658.499 -372.497 
74.5039 -376.501 
1173.49 -390.507 
1142.5 -401.497 
-428.507 -410.501 
832.505 -416.503 
1293.49 -427.499 
-742.501 -462.502 
-243.499 -465.501 
272.495 -469.501 
-110.503 -479.499 
-739.555 -480.238 
550.496 -500.5 
189.49 -522.502 
759.497 -537.498 
457.498 -540.499 
873.502 -558.51 
1052.5 -591.497 
-1114.51 -595.497 
-97.4994 -606.5 
-944.501 -612.502 
1225.5 -612.494 
-456.498 -626.488 
816.5 -633.494 
-763.509 -650.502 
-769.319 -667.417 
592.497 -676.495 
-769.741 -668.539 
-167.505 -685.495 
1218.5 -691.5 
-315.503 -696.497 
746.501 -701.5 
658.498 -726.497 
764.502 -728.502 
-1350.5 -732.504 
-1155.5 -742.503 
-1074.5 -762.505 
-763.491 -769.492 
536.495 -771.507 
660.502 -782.504 
-455.49 -786.5 
735.504 -795.496 
680.497 -798.501 
1472.5 -810.502 
632.493 -820.501 
710.502 -840.494 
521.501 -843.498 
135.508 -845.504 
-1055.5 -848.502 
701.505 -863.503 
705.503 -917.501 
976.495 -921.508 
1006.5 -926.496 
-1431.5 -934.502 
594.497 -939.497 
1205.5 -970.503 
-757.5 -981.502 
1266.5 -997.499 
-416.493 -1015.51 
-955.495 -1033.5 
-62.5001 -1043.5 
190.503 -1058.5 
-1156.5 -1094.51 
-493.494 -1094.49 
-569.496 -1125.5 
-58.4995 -1128.5 
1100.5 -1131.5 
382.494 -1150.49 
-929.497 -1159.51 
-303.503 -1162.5 
573.505 -1166.5 
-1239.49 -1184.5 
-311.489 -1192.5 
183.5 -1195.5 
-329.507 -1204.5 
768.499 -1207.5 
