-457.499 1209.5 
198.496 1194.5 
754.5 1193.5 
-1466.5 1187.5 
-1099.51 1184.5 
-89.5049 1179.5 
996.5 1180.5 
-1167.5 1179.49 
744.498 1172.5 
676.502 1171.5 
-294.504 1162.49 
-522.499 1153.49 
879.501 1152.5 
320.504 1149.5 
17.5006 1135.5 
88.4952 1108.5 
863.496 1101.5 
1557.5 1098.49 
1356.5 1089.51 
551.505 1056.49 
-837.5 1047.5 
-810.5 1046.5 
805.503 1030.5 
339.498 1029.49 
-1240.49 1017.49 
-1156.51 1012.5 
174.503 1006.5 
-359.503 1004.5 
494.5 995.499 
1474.5 989.497 
-1082.5 983.499 
719.513 975.499 
-565.501 972.498 
-1193.5 971.496 
-1078.5 969.255 
-981.498 952.497 
162.494 950.502 
392.493 950.495 
-588.495 944.49 
247.504 936.501 
-1094.5 930.498 
-674.497 915.5 
1107.5 910.501 
-1444.5 909.496 
-566.499 899.5 
-744.506 881.5 
-43.5011 875.498 
-968.498 869.501 
322.497 860.495 
-485.5 851.5 
-875.497 839.5 
472.496 838.497 
-1617.49 832.507 
-594.499 830.5 
-378.499 819.504 
917.5 818.495 
772.5 811.511 
1257.51 806.499 
-806.494 805.507 
-790.502 801.504 
425.501 792.488 
214.5 769.504 
1170.5 767.497 
299.5 760.498 
234.5 759.499 
254.497 758.499 
716.497 750.502 
-756.502 745.499 
20.5018 744.504 
-699.508 732.497 
-748.74 731.479 
-1247.66 719.832 
1428.5 720.496 
-372.502 715.502 
-1259.13 713.762 
111.502 712.5 
-682.502 710.495 
-755.5 699.503 
-405.504 695.505 
-318.493 691.5 
-868.508 680.508 
-332.497 675.507 
-912.495 674.498 
-312.493 666.505 
82.5043 661.501 
729.496 657.497 
230.507 647.505 
579.507 638.502 
484.501 637.5 
-1195.9 633.142 
-1053.49 625.504 
390.497 625.507 
-1196.59 629.593 
-581.504 607.498 
742.504 598.495 
-1238.5 590.491 
1007.5 590.5 
1319.5 581.497 
-1605.51 575.507 
-878.504 574.504 
-561.5 570.497 
197.502 568.503 
-160.499 567.501 
1120.49 562.501 
-926.499 557.504 
-802.496 555.501 
-86.5032 553.496 
-679.507 552.499 
776.495 550.496 
-1185.51 544.503 
-991.493 520.5 
1163.5 513.506 
-1010.5 509.496 
521.509 504.501 
-51.4996 503.505 
1224.5 499.505 
1349.5 498.499 
1103.49 495.497 
1159.5 488.502 
1254.5 488.506 
-362.511 487.504 
774.499 481.493 
-588.498 479.492 
-958.506 478.5 
-294.501 475.503 
-1271.49 462.495 
-430.499 457.501 
-664.501 446.502 
1377.5 435.509 
1050.5 428.493 
-1028.5 418.502 
-1417.5 415.498 
-878.501 412.505 
745.497 402.5 
-478.498 399.502 
176.498 389.507 
-241.5 376.504 
-1231.5 368.504 
-368.508 368.499 
-317.5 368.507 
175.502 366.492 
1263.5 362.506 
-1486.49 344.498 
1134.5 338.496 
1360.5 334.498 
-824.495 327.502 
-1322.5 326.496 
1291.49 325.504 
-1587.51 309.495 
-92.5 309.503 
-1123.5 308.502 
-217.498 307.498 
-1331.5 306.495 
862.503 298.501 
-778.495 294.497 
312.504 264.504 
-293.501 252.507 
-856.498 246.508 
23.4978 237.503 
-812.5 216.495 
-1581.5 210.489 
1369.5 191.506 
-461.502 190.494 
-1610.5 182.497 
435.502 160.499 
745.501 153.5 
375.501 151.49 
400.498 143.498 
-167.5 137.502 
-1523.5 109.5 
-890.494 101.505 
-405.565 101.28 
289.491 95.4985 
910.498 93.4952 
-406.477 96.5996 
725.5 84.5056 
-155.498 83.4973 
37.5055 77.4897 
-972.499 67.4979 
-773.507 64.5021 
860.498 46.5049 
1509.5 46.4988 
-1215.51 44.5084 
-1056.5 34.4973 
-780.501 10.4989 
0.504272 -0.49292 
-1592.5 -7.50574 
-1319.5 -14.5037 
-1519.5 -25.498 
795.507 -32.4943 
-1440.5 -47.4918 
-1166.5 -48.5011 
-1310.5 -49.5011 
-552.497 -54.4978 
-233.497 -66.4957 
119.494 -80.4954 
1541.51 -80.4946 
285.507 -83.5092 
-643.503 -85.5103 
966.498 -91.4954 
148.5 -96.5084 
-33.5018 -97.4993 
8.5011 -98.5093 
-102.506 -99.4974 
1467.51 -103.503 
1151.49 -105.497 
-1370.51 -115.498 
-916.506 -119.504 
-1342.5 -124.499 
-465.503 -126.497 
1611.5 -128.5 
-607.505 -134.498 
-1326.5 -135.504 
197.495 -138.495 
1311.5 -151.501 
-1243.5 -159.499 
-888.497 -163.503 
458.499 -169.505 
-1312.51 -184.507 
529.5 -185.496 
-737.502 -186.504 
1547.5 -199.5 
-1500.5 -202.503 
109.499 -209.504 
-1220.5 -213.507 
-944.501 -213.504 
-1478.5 -220.498 
404.501 -224.497 
99.5 -229.501 
-1400.5 -238.5 
1376.5 -242.51 
-623.498 -247.497 
-166.502 -248.504 
-836.505 -250.496 
23.4965 -263.5 
1037.5 -275.504 
-1434.5 -277.498 
1500.5 -294.497 
746.499 -295.502 
-807.497 -299.507 
-510.227 -304.847 
-1543.5 -308.501 
-510.458 -305.436 
-919.503 -344.497 
1121.5 -345.501 
-93.4982 -347.492 
-866.49 -349.502 
38.4982 -350.499 
1246.5 -354.497 
-303.499 -358.502 
327.499 -364.498 
-1175.49 -373.492 
-248.504 -377.503 
673.501 -377.504 
483.503 -379.505 
1258.49 -379.495 
1299.49 -381.498 
-970.498 -392.504 
-1429.5 -402.502 
-1293.5 -407.498 
-113.5 -429.503 
-1598.5 -437.496 
-187.5 -449.499 
1452.5 -452.499 
125.498 -456.497 
-13.499 -471.498 
-1095.5 -470.497 
1296.51 -476.497 
-434.501 -485.507 
-936.502 -489.501 
-589.504 -498.502 
1126.5 -510.496 
-468.5 -536.502 
-370.505 -538.506 
1170.5 -541.499 
1156.5 -551.501 
838.504 -560.498 
1368.5 -562.497 
-422.506 -569.501 
408.498 -573.495 
1498.5 -590.499 
-1206.5 -607.501 
-750.5 -608.495 
250.493 -613.504 
-1497.5 -617.499 
-98.5033 -626.499 
874.495 -637.494 
-109.983 -640.807 
327.504 -647.497 
-600.499 -649.502 
1003.5 -654.498 
-1582.49 -658.503 
868.495 -669.505 
1397.5 -693.502 
1033.5 -696.496 
-1073.51 -707.499 
-1423.5 -711.499 
826.504 -721.503 
-475.501 -729.495 
-1359.49 -754.498 
168.495 -783.503 
-1465.5 -784.502 
648.507 -795.501 
-618.499 -797.502 
-1117.5 -804.496 
-603.5 -831.498 
-970.493 -833.503 
-1471.51 -839.498 
-1293.51 -860.503 
-1016.49 -868.504 
-359.5 -868.496 
-182.503 -869.506 
-1471.5 -881.493 
9.49927 -885.502 
1025.51 -886.496 
-767.498 -893.505 
-502.499 -899.494 
-1368.5 -900.505 
-981.496 -915.507 
-288.501 -921.504 
-621.503 -926.506 
1235.5 -944.505 
1199.5 -968.501 
-682.501 -969.503 
412.502 -976.505 
974.495 -980.491 
452.501 -990.505 
1010.5 -990.494 
986.071 -992.742 
-1605.51 -1006.51 
-450.503 -1008.5 
-831.503 -1027.5 
1265.5 -1034.49 
-208.496 -1037.5 
221.498 -1042.5 
-1055.5 -1057.5 
1159.5 -1062.49 
-1179.49 -1070.5 
-690.506 -1093.5 
-280.507 -1092.5 
486.497 -1092.5 
-123.5 -1129.5 
136.5 -1136.51 
-751.501 -1147.5 
-92.5056 -1159.5 
-189.5 -1171.5 
854.499 -1178.5 
842.502 -1197.5 
-653.502 -1202.49 
