-764.501 1209.5 
-173.506 1206.5 
-1229.5 1202.5 
505.493 1197.5 
-1508.5 1195.5 
868.497 1180.5 
251.502 1177.5 
429.496 1175.5 
-921.504 1172.5 
-1505.5 1167.5 
394.497 1159.49 
-660.5 1153.5 
-1003.5 1130.5 
1608.51 1125.5 
311.499 1119.5 
-480.499 1114.51 
-1086.49 1100.5 
802.507 1097.5 
-937.499 1093.5 
129.495 1081.5 
-1064.5 1080.51 
321.496 1074.5 
-1518.5 1056.5 
-977.5 1054.5 
-1248.51 1046.5 
58.5074 1045.5 
751.499 1027.5 
778.505 1027.5 
221.391 1020.21 
221.105 1019.63 
461.499 1003.5 
-367.504 994.493 
-401.505 985.498 
105.499 977.501 
1484.5 967.502 
1533.5 963.501 
-1442.5 947.508 
-1404.5 938.5 
-840.497 930.504 
1304.49 924.506 
-294.5 888.506 
950.496 885.503 
932.501 882.501 
1220.5 858.497 
-413.503 856.502 
-1549.49 846.498 
1290.49 838.498 
-414.506 826.505 
939.504 826.501 
-1616.5 811.507 
1592.5 806.504 
962.502 807.501 
537.498 805.5 
1348.49 797.499 
-1521.5 783.506 
677.496 778.502 
1506.5 776.498 
-411.501 774.507 
98.4968 761.508 
0.500977 741.501 
-1043.5 734.501 
120.506 731.504 
-569.501 699.491 
391.499 697.503 
270.5 696.507 
217.505 688.5 
-373.497 686.5 
-1073.5 677.496 
719.492 673.494 
11.4989 649.506 
-789.5 617.496 
1388.5 602.503 
271.495 584.505 
881.498 573.501 
1244.5 573.495 
-1310.5 570.501 
1046.5 567.503 
-1036.49 551.501 
-1567.5 540.497 
-827.505 526.502 
-1191.5 507.5 
-156.487 505.498 
936.503 497.501 
-769.503 473.499 
-401.499 471.505 
-1338.5 467.501 
354.501 466.502 
-465.497 449.498 
-971.502 448.506 
-1497.5 446.496 
1184.5 434.498 
1058.49 433.502 
-267.499 429.498 
1349.5 425.507 
231.501 422.492 
124.499 420.502 
611.496 418.499 
-1111.49 415.494 
-947.5 410.499 
-480.5 407.506 
-1438.5 405.501 
-445.498 399.498 
178.5 392.498 
98.5093 364.499 
-703.454 356.516 
-835.501 356.509 
-708.162 352.877 
-1206.5 343.495 
64.5017 339.503 
293.499 334.499 
-835.502 329.497 
-1341.5 325.503 
-1231.29 324.186 
-1226.33 321.807 
-1180.49 305.5 
-1467.49 294.504 
689.508 282.5 
-1456.5 273.507 
1184.5 266.493 
-902.498 258.508 
-1246.49 254.497 
-1105.5 252.499 
1367.5 250.502 
-1199.5 233.502 
475.494 233.5 
517.507 224.502 
1094.5 225.507 
1561.5 225.495 
-836.496 219.499 
-1208.5 211.501 
-1313.5 210.504 
-1045.5 207.499 
542.499 197.494 
-784.5 190.497 
-243.499 177.51 
1511.5 173.498 
-1605.5 171.502 
527.501 166.497 
67.5015 160.5 
316.491 152.495 
-1590.49 150.499 
493.506 147.5 
397.504 131.504 
-1143.51 128.499 
-1075.5 121.498 
619.5 119.495 
-607.494 98.4965 
648.5 91.5015 
-958.502 90.4978 
272.499 86.5054 
1043.5 86.5071 
717.504 68.4966 
-542.504 58.5048 
-909.501 53.4996 
-231.504 48.4945 
-723.497 32.4982 
-913.501 30.5005 
430.499 4.50366 
-142.497 3.50623 
0.50061 -0.494995 
-1265.5 -6.50806 
166.508 -8.49634 
-125.493 -15.5038 
314.5 -25.5 
-1113.5 -31.4993 
294.504 -37.5057 
695.504 -41.5001 
-1607.5 -44.491 
-1282.5 -44.494 
-1593.86 -46.4388 
483.5 -47.4999 
-1132.5 -58.4967 
782.5 -60.4963 
-923.5 -63.5039 
-687.501 -65.5027 
-666.502 -75.5059 
6.4978 -95.4905 
201.497 -97.4978 
-656.501 -107.499 
-871.499 -113.504 
-484.496 -115.5 
412.504 -131.497 
752.502 -131.506 
1287.5 -144.499 
742.497 -149.501 
-7.49963 -151.493 
1041.51 -151.495 
-217.496 -158.498 
-733.487 -160.503 
725.502 -168.496 
-888.5 -170.497 
215.494 -170.499 
873.502 -181.508 
1187.5 -191.497 
-1238.5 -195.499 
-441.502 -207.5 
518.498 -237.501 
-1054.49 -239.493 
-223.502 -254.497 
-320.5 -259.502 
-1611.5 -261.5 
-256.178 -265.18 
1112.5 -264.504 
125.506 -265.493 
1400.49 -286.499 
799.498 -296.501 
348.501 -316.495 
-1442.51 -323.5 
-584.506 -342.495 
-779.497 -344.498 
-1382.5 -347.5 
-1519.5 -376.501 
-476.5 -385.503 
541.502 -389.5 
-88.5076 -395.506 
201.492 -401.503 
92.505 -412.498 
790.49 -412.5 
-1507.5 -421.499 
151.493 -436.491 
1273.5 -450.497 
-549.501 -451.498 
1225.49 -455.498 
-1088.49 -463.505 
-544.501 -469.497 
704.498 -477.505 
-772.494 -523.503 
1046.5 -532.506 
-1325.49 -565.495 
-1470.5 -567.501 
-1258.5 -574.5 
1248.5 -584.504 
293.494 -590.496 
635.499 -595.501 
-996.495 -600.504 
143.877 -603.667 
146.6 -605.323 
1355.5 -609.505 
-1483.5 -620.502 
-1199.5 -622.5 
96.5027 -632.504 
1570.51 -635.494 
-771.503 -645.493 
506.496 -650.493 
470.495 -653.5 
936.511 -655.498 
-1224.5 -668.5 
689.499 -676.504 
-1256.49 -686.503 
562.5 -700.504 
-1432.49 -703.499 
-139.505 -717.506 
-576.494 -727.507 
-124.499 -741.506 
-874.502 -742.492 
-37.4994 -757.498 
1075.5 -766.503 
1538.49 -790.496 
1348.5 -804.505 
-800.5 -823.498 
-17.5056 -832.503 
1104.51 -834.511 
-330.501 -837.5 
-1530.49 -838.498 
-1022.5 -844.503 
-354.498 -847.499 
-442.502 -854.507 
-396.508 -855.504 
-749.509 -859.499 
1122.5 -867.502 
1574.5 -876.499 
-1001.5 -879.503 
1471.5 -882.5 
-568.499 -906.495 
-947.502 -912.511 
-3.50269 -915.503 
1062.5 -919.504 
-600.499 -946.496 
-1063.5 -954.499 
804.498 -957.498 
1428.5 -965.5 
-1289.5 -1000.5 
-921.506 -1002.51 
773.501 -1010.49 
-1587.5 -1021.51 
-1141.5 -1025.5 
880.502 -1035.48 
-1392.5 -1045.49 
-935.488 -1057.5 
-977.503 -1069.5 
248.5 -1120.5 
-1423.5 -1147.51 
1479.5 -1149.5 
1534.5 -1154.5 
1502.5 -1169.5 
-1117.5 -1174.5 
468.505 -1176.5 
1160.5 -1179.51 
-212.492 -1181.5 
322.504 -1189.5 
-797.502 -1196.5 
827.499 -1207.51 
776.502 -1211.5 
