-1612.1 1229.63 
-1611.6 1229.63 
-1610.6 1229.64 
-1609.61 1229.64 
-1608.59 1229.64 
-1613.1 1228.14 
-1612.44 1228.48 
-1611.6 1228.64 
-1610.6 1228.64 
-1609.6 1228.64 
-1608.6 1228.64 
-1607.77 1228.46 
-1611.77 1227.69 
-1610.6 1227.63 
-1608.95 1227.67 
-1610.28 1227.08 
133.906 1208.13 
133.332 1207.12 
134.005 1207.12 
513.905 1198.13 
513.339 1197.13 
514.008 1197.14 
-271.096 1190.14 
-271.667 1189.15 
-270.995 1189.15 
-256.108 1172.14 
-203.1 1172.14 
-863.092 1170.14 
-256.671 1171.14 
-255.998 1171.15 
-203.666 1171.13 
-202.987 1171.13 
880.906 1167.15 
-863.665 1169.13 
-862.986 1169.14 
880.337 1166.14 
881.01 1166.15 
-130.105 1148.14 
318.909 1146.12 
-132.095 1146.13 
-130.184 1146.22 
-128.667 1146.28 
317.811 1144.6 
318.9 1144.61 
-130.236 1144.71 
-377.095 1126.14 
-377.669 1125.14 
-376.989 1125.14 
534.914 1107.13 
534.342 1106.13 
535.018 1106.14 
-130.104 1102.15 
-130.669 1101.14 
-130.001 1101.14 
-1485.1 1091.13 
652.887 1090.14 
-1485.66 1090.14 
-1484.99 1090.14 
652.331 1089.15 
653.005 1089.14 
-621.1 1084.14 
-621.661 1083.14 
-620.992 1083.14 
-856.103 1073.14 
-856.668 1072.14 
-855.996 1072.14 
-591.097 1062.13 
-591.67 1061.13 
-590.995 1061.13 
1001.9 1001.14 
1001.33 1000.14 
1002.01 1000.14 
1128.9 996.137 
1128.34 995.135 
1129 995.137 
-1279.11 964.138 
-615.088 961.145 
-1279.67 963.138 
-1279 963.138 
-615.66 960.143 
-614.993 960.145 
-1023.09 950.135 
-1023.66 949.147 
-1022.99 949.149 
36.8969 937.139 
36.3331 936.131 
37.0001 936.136 
157.885 930.141 
157.331 929.142 
158.002 929.136 
-952.109 914.141 
-962.099 912.139 
-952.986 912.962 
-951.999 913.14 
-964.099 910.141 
-962.182 910.225 
-962.239 908.713 
-330.095 897.139 
-62.1005 895.141 
-1293.11 894.133 
-332.104 895.147 
-330.179 895.228 
-328.668 895.282 
-170.44 891.18 
-62.6687 894.148 
-61.9931 894.146 
-1293.67 893.141 
-1292.99 893.138 
-330.237 893.71 
-168.137 890.096 
-172.641 889 
-170.546 887.693 
-168.076 887.738 
-321.1 884.141 
-170.477 885.606 
-321.666 883.147 
-320.991 883.147 
-476.084 878.142 
-476.655 877.137 
-475.992 877.141 
-1024.12 830.139 
-1024.67 829.134 
-1024 829.134 
325.896 823.14 
325.331 822.137 
326.005 822.14 
-1454.25 818.141 
-1456.09 816.3 
-1454.59 816.643 
339.898 785.139 
339.33 784.14 
340.009 784.139 
1565.9 778.139 
-1280.11 775.145 
1565.34 777.138 
1566.01 777.135 
-1280.67 774.147 
-1279.99 774.145 
1317.89 762.14 
1317.33 761.146 
1318 761.142 
611.899 751.137 
611.335 750.137 
612.006 750.139 
926.899 745.144 
926.333 744.148 
927.009 744.146 
-484.109 729.143 
-784.097 728.138 
-484.671 728.141 
-483.997 728.138 
-784.664 727.134 
-783.989 727.136 
-1022.1 706.138 
-1024.1 704.138 
-1022.18 704.226 
-1020.67 704.287 
285.905 701.145 
-662.092 699.145 
-1022.24 702.708 
285.334 700.139 
286.003 700.142 
-662.66 698.149 
-661.992 698.146 
878.893 671.149 
878.331 670.148 
878.995 670.146 
777.891 659.138 
847.915 657.139 
777.333 658.133 
778.004 658.132 
847.337 656.137 
848.012 656.143 
1293.89 652.145 
1293.33 651.148 
1294.01 651.148 
-665.109 634.138 
-665.667 633.14 
-664.998 633.138 
-477.11 617.144 
1601.9 617.133 
-477.668 616.14 
-476.991 616.138 
1601.33 616.14 
1602.01 616.141 
-203.095 606.144 
-36.1109 605.134 
-203.66 605.143 
-202.989 605.141 
-36.6724 604.133 
-35.9964 604.132 
-716.092 593.136 
-716.662 592.131 
-715.991 592.13 
-1181.11 577.133 
-1181.67 576.137 
-1181 576.138 
-1105.11 571.139 
-1105.67 570.148 
-1104.99 570.147 
936.905 564.14 
936.338 563.148 
937.009 563.147 
1135.9 553.137 
1135.33 552.141 
1136.01 552.14 
1352.91 549.138 
1352.34 548.142 
1353.01 548.14 
-1103.1 529.142 
1334.9 526.142 
-1103.67 528.149 
-1102.99 528.142 
-1094.1 525.136 
1334.33 525.131 
1335 525.137 
-1094.67 524.128 
-1093.99 524.128 
917.895 520.146 
917.335 519.143 
918 519.145 
1537.9 513.138 
1537.33 512.14 
1538 512.146 
-847.089 508.145 
1114.91 508.146 
-849.102 506.143 
-847.184 506.228 
-845.674 506.285 
1114.34 507.139 
1115.01 507.139 
1131.91 503.147 
-847.249 504.709 
1131.33 502.138 
1132.01 502.143 
1354.9 494.143 
1354.33 493.134 
1355.01 493.136 
177.91 461.14 
177.344 460.136 
178.009 460.136 
257.885 455.142 
257.329 454.149 
258.001 454.148 
-1421.1 450.142 
179.901 450.142 
-1421.66 449.14 
-1420.99 449.136 
177.902 448.132 
179.815 448.225 
181.334 448.289 
1260.9 444.142 
179.756 446.71 
-1091.1 440.139 
1260.33 443.141 
1261.01 443.14 
-1091.67 439.137 
-1090.99 439.138 
-1078.09 434.138 
-694.087 434.139 
-1078.67 433.145 
-1077.99 433.142 
-694.658 433.137 
-693.993 433.14 
754.899 428.139 
754.335 427.14 
755.007 427.141 
-459.087 419.144 
187.9 418.144 
651.909 417.135 
-459.661 418.136 
-458.981 418.142 
187.329 417.142 
188.009 417.142 
651.339 416.139 
652.017 416.138 
-1214.09 409.14 
-1105.09 408.135 
-1214.67 408.151 
-1213.99 408.147 
-1105.67 407.129 
-1104.99 407.131 
438.892 403.135 
-1576.1 402.138 
418.897 401.139 
647.91 401.136 
436.899 401.145 
438.817 401.218 
440.323 401.267 
-1576.67 401.137 
-1576 401.135 
418.333 400.143 
419.014 400.141 
647.33 400.13 
648.012 400.133 
438.766 399.713 
1547.91 392.136 
1545.91 390.136 
1547.82 390.229 
1549.33 390.293 
663.905 387.139 
1547.76 388.712 
663.34 386.137 
664.004 386.133 
-309.102 381.135 
-311.093 379.142 
-309.181 379.223 
-307.67 379.277 
-309.235 377.71 
-1640.51 369.337 
-1639.46 368.208 
-1642.1 368.638 
-1642.44 367.479 
-1642.44 366.803 
-1641.59 366.633 
-1640.6 366.638 
-1639.51 367.005 
-243.106 359.139 
-679.09 358.149 
-243.668 358.14 
-242.996 358.137 
-679.665 357.148 
-678.987 357.152 
1217.91 349.138 
1217.33 348.14 
1218.01 348.142 
1365.9 344.137 
1365.33 343.135 
1366 343.137 
-196.095 338.142 
-196.666 337.131 
-195.988 337.136 
23.8833 333.137 
23.3196 332.132 
23.9864 332.135 
82.9006 324.148 
-1276.1 320.132 
82.3347 323.15 
83.0117 323.15 
-1276.67 319.132 
-1275.99 319.134 
385.885 276.14 
26.9155 274.143 
385.331 275.146 
386.009 275.146 
783.893 271.14 
26.3385 273.145 
27.0105 273.146 
783.335 270.142 
784.008 270.138 
1115.91 267.138 
-924.087 263.142 
1113.9 265.131 
1115.82 265.218 
1117.33 265.278 
-924.663 262.141 
-923.99 262.142 
821.916 259.134 
1115.76 263.71 
690.893 256.138 
821.329 258.136 
822.019 258.135 
-1103.1 252.135 
690.337 255.144 
691.006 255.141 
-1103.67 251.134 
-1103 251.134 
1258.91 245.139 
1258.34 244.131 
1259.02 244.133 
-313.102 220.145 
-313.668 219.155 
-312.995 219.152 
-1440.09 201.141 
-31.0982 201.135 
766.897 200.136 
-1440.66 200.142 
-1439.99 200.144 
-31.6608 200.14 
-30.997 200.139 
766.337 199.137 
767.006 199.135 
485.889 161.136 
485.33 160.132 
486 160.134 
-1358.1 147.141 
-1358.67 146.142 
-1358 146.143 
30.9 140.141 
30.3235 139.156 
31.0033 139.155 
-707.101 130.141 
59.9042 129.145 
-707.664 129.14 
-706.995 129.139 
59.3326 128.146 
60.008 128.144 
-784.106 104.14 
-784.667 103.142 
-783.993 103.142 
-236.1 97.1389 
-236.661 96.1476 
-235.985 96.1421 
601.566 47.1792 
603.868 46.1002 
599.366 45.0023 
601.456 43.6979 
603.926 43.7389 
454.886 37.1406 
601.531 41.6112 
454.33 36.1463 
454.999 36.1472 
-1047.11 32.1406 
-1163.11 30.1383 
-9.08535 30.14 
1087.91 29.1391 
-1047.68 31.1463 
-1047 31.1481 
1385.9 28.1416 
-1163.67 29.1387 
-1162.99 29.1407 
-9.66689 29.1387 
-8.98745 29.1389 
1085.9 27.1409 
1087.82 27.2209 
1089.33 27.2751 
1385.34 27.1473 
1386.01 27.1478 
1087.75 25.7139 
1344.9 5.13585 
435.897 3.1378 
-1172.1 2.13744 
1344.32 4.13524 
1345.01 4.13304 
435.336 2.14562 
436.004 2.14146 
-1172.66 1.14317 
-1171.99 1.14159 
-1425.11 -6.86464 
-1425.67 -7.86635 
-1425 -7.86415 
50.9006 -26.8617 
50.332 -27.853 
51.0129 -27.8565 
-773.098 -38.8591 
1550.91 -39.8668 
-775.102 -40.8555 
-773.189 -40.7727 
-771.675 -40.7164 
1550.34 -40.8622 
1551.01 -40.8662 
-773.251 -42.2821 
1158.9 -50.854 
1158.34 -51.8723 
1159.01 -51.869 
693.893 -61.86 
1078.9 -63.8654 
693.33 -62.8605 
694.003 -62.8582 
1078.33 -64.8544 
1079.01 -64.8577 
-461.104 -84.86 
-363.091 -84.8605 
77.8978 -85.8627 
-461.671 -85.8583 
-460.998 -85.8607 
-363.67 -85.8587 
-362.987 -85.8604 
-523.098 -89.8634 
77.3349 -86.8629 
78.0063 -86.8617 
-913.095 -92.8582 
-700.099 -93.8639 
-523.66 -90.8652 
-522.993 -90.8665 
-419.085 -93.8634 
-913.66 -93.866 
-912.988 -93.8627 
-700.67 -94.8654 
-699.985 -94.8638 
-419.661 -94.8627 
-418.984 -94.8648 
-729.097 -98.8579 
1071.89 -99.8657 
1464.9 -100.855 
-729.66 -99.8655 
-728.997 -99.8613 
-858.104 -103.858 
1071.33 -100.868 
1071.99 -100.87 
1464.34 -101.861 
1465.01 -101.86 
-858.673 -104.864 
-857.991 -104.862 
127.899 -121.862 
-315.104 -125.859 
-138.082 -125.855 
127.327 -122.866 
128.007 -122.865 
-317.098 -127.85 
-315.105 -127.847 
-312.554 -128.436 
-138.662 -126.849 
-137.985 -126.852 
-307.778 -131.174 
-314.64 -130.037 
-310.8 -132.964 
-307.606 -133.366 
-305.509 -133.438 
-310.125 -135.877 
-307.669 -135.961 
-1128.11 -141.865 
-1128.67 -142.857 
-1128 -142.855 
822.891 -151.857 
-102.435 -155.817 
822.328 -152.853 
823.003 -152.857 
762.913 -156.858 
-100.144 -156.895 
-104.635 -158.001 
762.335 -157.868 
763.006 -157.864 
-102.549 -159.304 
-100.077 -159.257 
-102.482 -161.39 
155.891 -165.862 
91.8982 -167.858 
-653.121 -169.861 
153.898 -167.856 
155.815 -167.777 
157.324 -167.723 
91.3341 -168.853 
92.0068 -168.852 
-450.098 -172.863 
-653.668 -170.857 
-652.997 -170.865 
155.764 -169.287 
-450.668 -173.854 
-449.996 -173.857 
1600.91 -186.861 
1600.34 -187.865 
1601.01 -187.865 
-499.107 -194.858 
716.903 -194.86 
-499.668 -195.861 
-498.999 -195.861 
716.339 -195.865 
717.008 -195.862 
866.891 -198.87 
866.333 -199.874 
867.002 -199.869 
279.904 -203.865 
279.336 -204.864 
280.009 -204.868 
-731.095 -211.858 
644.568 -211.823 
65.9046 -213.868 
646.863 -212.905 
1184.9 -213.87 
-731.663 -212.851 
-730.983 -212.852 
642.369 -214 
65.3285 -214.87 
66.0013 -214.867 
644.459 -215.306 
646.925 -215.264 
1184.33 -214.866 
1185.01 -214.863 
644.527 -217.396 
-144.102 -237.862 
-144.667 -238.861 
-143.993 -238.861 
480.906 -248.856 
480.337 -249.858 
481.005 -249.857 
1091.9 -252.858 
336.903 -255.859 
1091.34 -253.854 
1092.01 -253.853 
336.334 -256.863 
337.005 -256.86 
1369.89 -260.86 
1369.33 -261.853 
1370 -261.856 
-1112.11 -270.858 
1394.91 -271.862 
-1112.66 -271.852 
-1111.99 -271.849 
1392.9 -273.86 
1394.81 -273.775 
1396.33 -273.716 
1394.75 -275.285 
-1453.1 -290.856 
-1455.1 -292.856 
-1453.19 -292.776 
-1451.67 -292.723 
715.91 -294.861 
-1453.24 -294.286 
-589.42 -298.817 
715.341 -295.866 
716.011 -295.867 
417.91 -299.863 
-587.138 -299.898 
-591.633 -301.009 
417.334 -300.852 
418.015 -300.854 
-589.542 -302.304 
-587.073 -302.253 
-1134.1 -305.862 
-589.479 -304.39 
-1134.67 -306.861 
-1133.99 -306.865 
-887.104 -315.86 
-889.098 -317.853 
-887.184 -317.772 
-885.669 -317.718 
-887.238 -319.288 
831.897 -323.867 
831.339 -324.855 
832.008 -324.858 
282.899 -343.862 
111.887 -345.857 
280.901 -345.857 
282.818 -345.775 
284.332 -345.719 
111.328 -346.854 
111.997 -346.855 
282.763 -347.286 
-1481.11 -354.862 
-1481.67 -355.856 
-1480.99 -355.86 
-502.101 -359.859 
-502.665 -360.865 
-501.996 -360.858 
-371.1 -381.865 
-371.664 -382.859 
-370.989 -382.86 
-1296.11 -406.862 
-1296.67 -407.87 
-1296 -407.866 
50.8954 -414.864 
50.3265 -415.861 
51.0084 -415.858 
1244.9 -433.856 
1244.33 -434.85 
1245.01 -434.854 
-888.109 -452.855 
-888.665 -453.852 
-888 -453.852 
-1449.09 -487.853 
-1449.66 -488.848 
-1448.99 -488.852 
-1484.1 -501.859 
393.892 -502.861 
-1484.67 -502.854 
-1483.99 -502.852 
393.332 -503.869 
394.006 -503.865 
-505.114 -522.867 
-505.673 -523.86 
-505 -523.865 
58.8994 -544.865 
58.3386 -545.86 
59.0106 -545.86 
-237.099 -559.867 
564.895 -561.862 
-237.665 -560.867 
-236.988 -560.868 
564.325 -562.859 
565.007 -562.857 
1604.91 -568.859 
-1276.09 -570.86 
1604.34 -569.85 
1605.01 -569.855 
-1278.1 -572.865 
-1276.18 -572.778 
-1274.67 -572.719 
-1276.24 -574.292 
1395.9 -611.86 
1395.34 -612.863 
1396 -612.857 
-1148.1 -619.854 
-356.102 -622.859 
-1148.66 -620.848 
-1147.99 -620.847 
-356.669 -623.862 
-355.989 -623.863 
323.906 -638.862 
321.899 -640.857 
323.821 -640.774 
325.332 -640.719 
323.762 -642.288 
-184.104 -667.861 
-184.668 -668.86 
-183.992 -668.859 
-785.096 -675.854 
-785.669 -676.851 
-784.991 -676.851 
872.907 -709.863 
872.343 -710.87 
873.008 -710.867 
726.914 -758.858 
726.333 -759.859 
727.011 -759.857 
-1245.1 -784.86 
-1245.67 -785.858 
-1244.99 -785.856 
-859.094 -794.868 
-859.665 -795.866 
-858.23 -796.482 
-854.639 -799.528 
-854.901 -800.894 
-853.997 -800.969 
-521.12 -804.862 
-521.667 -805.856 
-521 -805.861 
-545.099 -811.859 
-545.662 -812.863 
-544.999 -812.859 
645.908 -815.86 
643.904 -817.87 
645.812 -817.779 
647.328 -817.715 
-578.119 -822.866 
645.746 -819.292 
-578.673 -823.859 
-578.004 -823.862 
-519.088 -845.866 
1174.9 -847.859 
-519.659 -846.866 
-518.984 -846.866 
1172.9 -849.868 
1174.82 -849.781 
1176.33 -849.721 
1174.76 -851.291 
-34.1101 -857.863 
383.901 -857.861 
-34.6686 -858.861 
-34.0027 -858.862 
383.339 -858.861 
384.007 -858.863 
164.912 -865.853 
164.343 -866.846 
165.019 -866.849 
526.9 -871.857 
526.336 -872.857 
527.009 -872.857 
803.886 -879.859 
803.328 -880.859 
803.997 -880.862 
455.906 -885.855 
652.909 -885.86 
455.344 -886.852 
456.01 -886.852 
652.339 -886.867 
653.006 -886.865 
-138.096 -896.863 
-1506.1 -898.869 
-140.096 -898.875 
-138.18 -898.784 
-136.665 -898.723 
-1506.67 -899.871 
-1505.99 -899.866 
-138.237 -900.296 
1418.9 -910.867 
-781.082 -914.859 
1418.33 -911.868 
1419 -911.869 
-781.662 -915.862 
-780.98 -915.86 
1144.89 -935.86 
1088.9 -938.864 
1142.9 -937.858 
1144.81 -937.78 
1146.33 -937.727 
-518.096 -941.856 
1630.89 -941.864 
1088.34 -939.862 
1089 -939.863 
1144.76 -939.288 
-518.661 -942.856 
-518 -942.856 
1630.33 -942.863 
1631 -942.864 
-829.096 -948.859 
1150.9 -951.861 
-829.668 -949.862 
-828.991 -949.86 
1150.34 -952.863 
1151.01 -952.866 
-1587.11 -957.858 
-1589.1 -959.852 
-1587.18 -959.779 
-1585.67 -959.729 
-1587.24 -961.286 
-1009.1 -968.865 
18.9052 -968.859 
-1009.67 -969.858 
-1009 -969.858 
18.338 -969.857 
19.0044 -969.858 
-1022.1 -976.858 
-269.1 -977.856 
-1022.66 -977.855 
-1021.99 -977.857 
-269.668 -978.861 
-268.992 -978.859 
-916.098 -991.863 
-389.101 -994.857 
-916.665 -992.858 
-915.984 -992.859 
-391.103 -996.851 
-389.188 -996.768 
-387.674 -996.712 
-389.247 -998.287 
1044.9 -1013.86 
1044.33 -1014.87 
1045.01 -1014.87 
770.907 -1034.86 
-90.1105 -1036.87 
770.336 -1035.84 
771.02 -1035.85 
-90.6725 -1037.87 
-90.0012 -1037.87 
-345.092 -1055.86 
-345.662 -1056.87 
-344.991 -1056.87 
-676.113 -1084.85 
-676.677 -1085.85 
-676 -1085.86 
472.902 -1094.87 
1100.9 -1095.86 
-529.104 -1097.86 
472.333 -1095.87 
473.005 -1095.88 
1100.33 -1096.87 
1101.01 -1096.86 
-529.665 -1098.86 
-528.991 -1098.86 
764.895 -1104.85 
764.334 -1105.85 
765.006 -1105.85 
-693.111 -1141.85 
-693.665 -1142.86 
-693.003 -1142.86 
577.908 -1163.85 
-1088.1 -1165.86 
1013.89 -1165.86 
577.336 -1164.86 
578.007 -1164.85 
-1088.67 -1166.87 
-1087.99 -1166.87 
1013.33 -1166.86 
1014.01 -1166.86 
1160.89 -1225.86 
1159.84 -1227.03 
1161 -1226.97 
