-995.498 1208.5 
-129.501 1208.5 
-1034.5 1205.51 
394.508 1191.49 
-849.176 1182.18 
-390.5 1184.51 
118.498 1184.49 
-921.498 1179.5 
-848.473 1180.97 
-834.326 1170.85 
-1102.5 1162.5 
-883.503 1157.5 
849.507 1152.5 
-7.49341 1149.51 
280.5 1147.5 
-76.5032 1138.5 
65.5028 1128.5 
-535.499 1115.5 
-635.502 1113.5 
510.496 1111.5 
-849.498 1105.51 
-1143.5 1103.5 
-1057.5 1096.5 
-121.5 1089.51 
-719.499 1087.5 
911.496 1082.5 
-54.4966 1081.51 
-1081.5 1073.5 
-1199.51 1058.5 
-720.498 1039.5 
670.503 1024.5 
-280.499 1022.5 
-728.497 1018.5 
966.5 1011.5 
946.494 1009.5 
-890.507 1006.5 
-963.506 1003.51 
791.493 1001.5 
-386.502 996.495 
875.507 993.503 
1224.5 990.503 
310.495 989.506 
659.743 985.412 
-159.498 982.888 
-888.495 984.492 
66.5715 982.109 
662.471 983.767 
717.49 978.504 
-159.498 982.496 
1104.5 974.502 
309.673 975.866 
984.501 969.495 
106.494 969.505 
-1336.5 964.504 
1017.51 965.499 
79.5038 959.497 
-310.499 954.501 
-543.496 953.498 
535.496 947.5 
-64.4996 937.498 
1463.5 913.496 
556.499 908.503 
-1414.61 904.233 
-947.504 902.507 
-579.505 900.501 
111.499 899.503 
782.498 896.499 
461.508 887.503 
418.496 876.496 
1221.51 875.503 
-281.495 871.502 
75.5007 869.499 
381.504 859.497 
-1237.5 845.505 
818.511 832.502 
1078.5 824.504 
-1474.5 809.498 
-341.5 809.494 
-1008.5 804.503 
-1256.5 780.502 
-426.5 781.502 
-867.496 778.506 
866.499 776.499 
-309.499 767.504 
470.501 762.503 
840.501 760.5 
1210.5 759.507 
524.5 756.502 
1251.49 742.498 
-597.501 739.499 
1100.5 736.504 
1166.5 725.499 
480.503 717.498 
727.493 715.497 
-992.504 705.5 
318.5 704.498 
-779.505 703.501 
-624.502 689.503 
38.494 690.502 
-225.504 684.502 
512.501 682.498 
488.5 669.5 
-1169.5 658.498 
-1212.5 655.503 
-1168.1 655.58 
-377.494 639.502 
-1506.5 637.506 
874.504 634.494 
-403.498 633.496 
-541.5 631.502 
-869.508 625.505 
-1070.51 611.506 
323.494 611.493 
-936.504 608.499 
-735.497 602.493 
-304.502 602.488 
-970.496 601.496 
-1599.51 599.496 
1017.5 595.503 
-524.504 594.504 
1543.5 586.496 
1281.5 582.501 
-597.499 575.5 
1146.5 573.499 
319.493 571.506 
-235.496 569.497 
-68.5038 564.5 
245.505 557.494 
-136.498 546.5 
-967.501 540.504 
-887.494 537.5 
755.498 537.503 
49.496 529.498 
-1234.5 524.498 
-602.494 519.502 
-667.506 517.499 
1126.49 516.501 
575.501 510.499 
1215.5 511.504 
554.495 500.498 
766.499 493.496 
602.503 487.504 
-321.498 485.499 
-1332.5 483.501 
-251.499 461.507 
453.497 435.492 
1384.2 422.43 
1387.89 422.231 
1227.5 420.503 
-867.498 419.504 
-273.494 417.504 
-215.496 407.5 
350.498 401.502 
664.501 400.506 
1591.5 387.489 
1092.5 385.501 
15.5035 382.496 
-1149.51 374.494 
51.5037 365.335 
567.502 366.507 
-1451.5 364.497 
-569.499 357.507 
-732.503 354.5 
-584.503 352.497 
130.501 348.501 
1595.5 347.493 
-604.502 345.499 
702.501 343.499 
1565.5 335.501 
133.505 330.501 
1132.49 328.503 
104.502 326.501 
-71.5061 324.501 
-569.51 322.501 
-1170.5 313.498 
-189.498 306.505 
-152.496 306.493 
-1408.5 303.494 
-945.501 291.501 
-2.49768 283.497 
-1009.5 279.5 
195.5 277.505 
-533.496 265.499 
-380.493 262.497 
-1593.49 258.503 
-315.496 257.501 
1539.5 256.504 
961.507 256.501 
-236.11 253.17 
768.495 249.5 
-1433.5 246.499 
-234.19 251.806 
-763.502 245.496 
515.497 245.5 
-1537.5 241.501 
-1390.51 235.503 
-566.49 232.5 
979.273 227.946 
-1030.5 226.501 
-328.262 220.214 
978.649 227.174 
-375.505 219.5 
-294.503 216.504 
666.501 216.5 
-328.495 219.018 
-1086.5 210.498 
1484.51 208.5 
984.965 198.9 
29.5006 199.499 
804.504 198.5 
256.498 197.49 
-1244.5 189.497 
303.495 187.501 
146.498 175.501 
262.506 171.507 
1004.5 169.497 
63.5004 163.501 
970.499 162.488 
1599.5 156.498 
651.506 150.504 
1206.5 149.492 
-892.498 144.5 
-669.498 138.497 
775.491 137.498 
910.504 124.5 
1489.5 120.501 
-117.498 120.498 
-392.499 118.497 
1452.5 117.495 
-595.495 104.501 
-679.499 101.502 
-743.505 101.503 
-58.501 97.5015 
286.496 85.5001 
29.4985 85.4918 
1444.5 83.4989 
1367.5 79.4963 
482.503 71.498 
-448.504 67.5054 
-924.497 63.5004 
-262.502 61.4978 
953.498 59.5045 
1145.51 54.504 
-53.4983 48.5029 
-532.501 47.4977 
-788.492 43.4954 
-881.504 33.4952 
-264.503 31.4939 
95.5056 21.5033 
266.5 16.5022 
1027.41 10.501 
-1096.5 9.50537 
0.499023 -0.50061 
734.498 -5.50708 
122.495 -10.4939 
144.504 -16.4969 
26.5 -23.5052 
-258.508 -31.4971 
261.498 -36.5 
1372.5 -46.5004 
-387.501 -53.5002 
178.501 -59.4996 
1152.5 -64.4989 
-1025.5 -68.5013 
-1185.5 -68.5032 
543.505 -71.4996 
308.5 -76.4966 
757.494 -82.5017 
513.499 -86.4999 
-314.506 -91.4937 
799.502 -92.504 
1616.5 -100.501 
-1404.5 -104.496 
186.498 -105.496 
561.503 -105.499 
45.5026 -107.503 
-1465.5 -123.502 
-420.501 -127.5 
-168.501 -128.5 
1362.5 -131.502 
1231.5 -139.497 
-37.5071 -143.498 
-218.494 -149.501 
591.76 -152.822 
-115.505 -153.492 
-762.502 -154.503 
354.498 -154.498 
906.5 -166.503 
-436.495 -168.502 
1401.5 -169.499 
1068.5 -177.502 
-564.5 -183.495 
-701.501 -195.5 
171.501 -195.506 
1358.5 -195.502 
504.503 -196.501 
210.499 -197.496 
862.5 -205.505 
1162.5 -207.502 
159.501 -224.505 
-232.494 -228.5 
-756.498 -246.496 
1235.5 -248.496 
994.496 -256.502 
1595.22 -274.617 
-846.5 -273.495 
-209.323 -275.497 
-200.025 -275.502 
-421.511 -278.494 
409.502 -281.5 
369.502 -283.497 
1595.62 -275.181 
341.506 -301.505 
516.495 -303.503 
652.495 -304.501 
-811.499 -308.505 
1350.51 -313.498 
-1149.5 -315.501 
-747.492 -322.501 
458.503 -327.498 
-92.4983 -343.503 
1203.49 -343.504 
-104.497 -369.493 
-1617.5 -371.504 
-743.503 -377.501 
1583.5 -378.502 
-21.4993 -402.504 
781.505 -416.507 
-1576.5 -426.504 
97.5012 -455.499 
852.502 -466.504 
-930.501 -467.495 
1101.49 -481.506 
15.5015 -486.513 
1515.5 -490.495 
-1012.5 -498.491 
704.5 -506.507 
999.5 -518.501 
133.498 -521.499 
353.495 -527.497 
793.502 -534.502 
552.495 -536.503 
-532.499 -539.495 
-389.506 -542.503 
728.494 -554.499 
733.494 -579.497 
1604.51 -606.496 
344.496 -610.499 
318.499 -616.502 
-686.504 -617.504 
1348.98 -621.931 
-993.492 -620.502 
948.497 -624.503 
-453.501 -624.498 
-31.5048 -627.495 
-157.5 -630.503 
1349.03 -622.028 
540.501 -633.493 
-571.504 -638.498 
-68.4993 -647.5 
-893.497 -657.503 
-648.503 -660.498 
702.5 -667.498 
862.5 -683.493 
559.5 -687.507 
598.498 -690.499 
975.503 -691.499 
-186.504 -696.494 
652.5 -697.489 
358.502 -703.506 
58.5026 -713.5 
512.5 -718.494 
-511.504 -719.496 
98.5089 -720.498 
-189.497 -724.498 
1343.49 -734.494 
-1399.5 -736.503 
545.785 -737.581 
-754.495 -738.494 
-736.494 -738.5 
556.335 -739.904 
-195.503 -747.504 
-210.508 -756.498 
-1268.5 -758.499 
606.509 -757.497 
872.502 -759.504 
-9.50122 -767.499 
-1127.5 -777.497 
-452.505 -776.512 
-243.505 -778.499 
554.501 -778.492 
941.503 -788.95 
-119.499 -799.499 
735.498 -803.493 
559.499 -807.499 
705.5 -811.499 
-176.495 -818.496 
402.499 -828.498 
-1526.5 -865.499 
377.502 -865.501 
645.5 -871.5 
-215.495 -875.497 
1051.5 -884.492 
1350.5 -896.497 
132.496 -915.497 
-1392.5 -929.499 
-1367.5 -933.5 
1203.5 -950.504 
748.316 -957.751 
628.509 -962.503 
745.268 -964.601 
-87.5022 -970.496 
394.498 -978.507 
968.503 -978.495 
581.501 -1011.5 
734.506 -1018.5 
821.501 -1028.5 
-1364.5 -1035.5 
-1168.5 -1037.51 
446.501 -1048.5 
608.499 -1053.49 
333.502 -1055.5 
87.5015 -1056.51 
1028.5 -1062.5 
101.052 -1064.17 
411.501 -1071.5 
-1310.5 -1078.5 
1237.5 -1078.5 
-565.495 -1098.5 
-939.497 -1100.5 
-975.496 -1112.5 
-610.498 -1125.5 
-1500.5 -1148.5 
1111.49 -1163.5 
-1279.5 -1192.5 
616.502 -1204.49 
-1037.5 -1207.5 
702.509 -1210.5 
350.499 -1212.49 
