-722.5 1209.5 
1218.5 1211.5 
811.498 1202.5 
1183.5 1194.5 
-1043.5 1189.5 
-627.497 1186.5 
-1572.51 1181.5 
-1338.5 1177.5 
816.499 1176.5 
-517.502 1175.5 
1596.5 1175.5 
-345.495 1165.5 
22.5024 1153.5 
155.505 1132.5 
-1544.5 1120.5 
-1309.5 1100.5 
1370.51 1067.5 
-1285.5 1065.5 
-1129.5 1041.5 
-485.499 1019.5 
-1000.5 1012.5 
-1261.5 1011.5 
1374.5 1010.5 
-777.502 1003.5 
162.497 999.502 
-1133.5 963.505 
26.5022 958.505 
114.497 956.504 
250.506 952.501 
808.492 953.498 
17.9974 950.434 
898.497 937.499 
-1295.5 936.506 
565.495 928.495 
-398.502 921.504 
-706.501 919.497 
1006.5 886.496 
-1050.5 879.494 
-294.502 879.504 
-196.498 874.5 
61.4967 869.501 
-1394.51 851.504 
113.502 830.505 
250.496 816.49 
334.502 808.505 
-951.49 801.495 
-161.502 784.503 
219.5 766.49 
-1577.5 759.502 
-531.491 752.5 
-1164.5 736.494 
541.496 724.49 
-511.881 712.193 
-516.509 710.491 
-852.492 705.496 
-530.087 702.833 
-221.499 683.501 
-733.495 666.499 
1041.5 652.5 
263.497 647.504 
1517.5 645.502 
1390.5 623.514 
-409.493 619.499 
266.505 619.502 
-1271.5 618.497 
-261.493 613.498 
-246.5 605.495 
-826.493 585.499 
296.499 568.496 
393.508 566.497 
-1529.5 543.506 
1044.5 540.504 
-67.5039 534.506 
-1531.94 539.701 
745.504 527.496 
-1369.5 505.496 
1404.5 465.504 
-943.494 422.497 
469.505 420.498 
-1214.5 412.505 
-508.497 408.496 
-854.506 400.499 
80.5035 397.505 
-803.511 395.503 
1571.5 395.501 
540.499 387.503 
-345.508 348.496 
-291.497 345.503 
-1471.5 344.51 
-1193.5 340.497 
-1177.51 336.495 
-1074.5 325.497 
1462.5 306.502 
368.497 282.496 
794.509 275.505 
-809.503 267.497 
-19.4973 264.494 
-1098.74 241.94 
-1574.51 242.503 
-1095.69 241.696 
-356.498 234.501 
-268.504 235.501 
-1099.47 241.502 
-227.498 228.497 
-144.503 223.499 
-1135.5 208.497 
-1496.5 204.495 
-246.495 200.499 
-377.49 189.505 
458.495 181.502 
350.5 177.504 
1452.5 172.502 
1381.5 171.503 
-1251.5 146.499 
1077.49 146.499 
-496.493 142.505 
-1369.51 130.5 
244.498 114.497 
627.501 111.505 
-1548.5 102.497 
-394.499 101.499 
1510.49 101.499 
-1426.5 82.4967 
-1257.5 76.5046 
243.502 73.5017 
579.502 70.5011 
-872.506 66.4985 
-608.499 60.4974 
943.495 60.4945 
1073.5 60.5071 
-359.495 44.4993 
-1240.5 43.5037 
284.499 41.5006 
393.501 29.4965 
1041.5 28.5015 
-268.495 25.5055 
-1274.5 23.502 
718.503 12.5015 
971.492 10.5004 
-1609.5 6.49231 
-1572.5 6.49365 
0.50354 -0.49585 
282.51 -34.5 
-987.503 -35.4921 
-136.494 -46.4985 
466.501 -46.4994 
1261.5 -50.4946 
-107.498 -56.501 
-602.496 -62.5018 
452.508 -63.5022 
-241.5 -70.4993 
718.498 -84.5016 
-1593.5 -92.495 
-284.5 -98.5015 
593.496 -100.499 
-1273.5 -102.505 
-478.499 -102.5 
-1204.5 -114.504 
-740.501 -137.5 
-1421.51 -139.503 
417.506 -168.494 
-454.502 -176.495 
817.503 -177.51 
85.5045 -203.505 
-1031.5 -212.497 
1014.5 -214.498 
-120.498 -221.496 
-118.327 -228.827 
1205.5 -236.496 
-834.505 -276.501 
335.495 -282.505 
-776.499 -305.5 
-1137.5 -306.506 
-141.501 -313.499 
693.498 -318.505 
-1588.5 -335.5 
-783.495 -348.489 
1602.5 -353.502 
-643.501 -354.499 
-1492.5 -355.502 
-1418.49 -357.501 
-263.498 -360.501 
-414.499 -363.498 
-1348.5 -369.499 
-1156.51 -374.5 
-510.502 -379.5 
-1614.49 -380.501 
-1052.5 -393.505 
-1576.51 -408.509 
-963.5 -426.5 
837.504 -468.504 
-398.499 -477.506 
1183.5 -481.511 
-839.505 -483.499 
838.942 -487.503 
-541.502 -501.503 
476.501 -521.502 
-276.503 -522.5 
16.5033 -546.5 
-1208.5 -549.504 
-688.501 -555.501 
-1275.5 -569.502 
626.5 -572.5 
1396.5 -584.496 
266.5 -598.501 
-1192.5 -611.495 
-1529.5 -619.496 
1566.5 -635.503 
425.504 -648.498 
795.504 -650.501 
-1293.5 -657.498 
-407.499 -659.5 
787.941 -665.78 
-533.499 -666.503 
-57.4996 -666.5 
786.965 -667.582 
493.499 -685.499 
-1242.49 -701.495 
1123.51 -703.507 
-1499.5 -732.496 
-964.498 -735.503 
-1031.51 -736.494 
-647.501 -753.496 
184.5 -757.506 
-760.498 -760.505 
500.509 -769.506 
781.499 -768.497 
9.51013 -777.493 
1566.5 -783.505 
-1388.5 -795.506 
-963.502 -810.495 
-1232.51 -816.499 
1278.5 -818.504 
-1532.5 -830.502 
-1353.5 -831.505 
-532.498 -831.495 
-67.5022 -842.507 
-845.507 -845.502 
-134.494 -845.497 
1462.51 -852.502 
-459.501 -860.499 
1104.5 -872.499 
-723.503 -884.501 
-1062.5 -888.502 
-233.497 -891.498 
-940.499 -929.501 
0.49292 -934.5 
-1388.5 -952.5 
-1206.5 -958.501 
-1136.5 -959.507 
-1189.5 -964.489 
389.497 -969.502 
570.494 -969.5 
-606.499 -970.503 
-1139.3 -967.034 
763.506 -978.505 
-962.502 -981.494 
-149.498 -985.498 
-1319.5 -998.5 
28.4987 -1004.49 
311.499 -1027.49 
-71.4896 -1074.51 
-91.4882 -1084.5 
-166.503 -1089.5 
580.497 -1097.5 
-119.505 -1111.5 
-1055.5 -1118.49 
1119.5 -1125.5 
-1483.49 -1126.5 
-1371.5 -1151.5 
243.502 -1160.49 
8.50366 -1164.5 
-1274.5 -1169.5 
-1057.5 -1173.5 
1023.5 -1180.5 
-1127.5 -1183.5 
937.496 -1185.51 
138.503 -1196.5 
76.5033 -1208.51 
-853.503 -1210.49 
