-506.5 1208.49 
-568.503 1200.5 
524.502 1182.5 
1076.5 1171.49 
943.503 1161.5 
45.4968 1143.5 
777.5 1141.5 
1524.5 1138.5 
-742.499 1138.51 
1119.5 1138.5 
-501.503 1127.5 
853.497 1128.5 
1130.69 1128.5 
968.501 1096.5 
382.498 1095.5 
1539.49 1093.5 
1155.5 1090.5 
1318.51 1091.5 
561.5 1088.5 
1363.49 1081.5 
1470.49 1078.5 
583.496 1072.5 
-72.5029 1061.49 
684.502 1061.5 
1237.5 1061.51 
-1216.5 1059.5 
277.501 1059.5 
903.495 1059.5 
1240.67 1056.53 
1298.5 1044.51 
-461.506 1040.5 
416.494 1038.5 
810.503 1035.5 
1463.5 1032.5 
1479.5 1029.5 
658.502 1024.51 
143.503 1021.5 
1404.5 980.502 
-142.5 975.5 
-1404.5 971.504 
-1374.5 971.492 
948.505 970.495 
-207.501 967.503 
613.495 963.497 
665.504 946.495 
735.505 939.499 
1614.5 921.5 
858.497 909.49 
-594.501 906.506 
1154.49 895.498 
-1451.5 876.505 
260.5 860.502 
981.504 843.5 
-1238.5 808.5 
-955.5 807.494 
-397.5 806.504 
-537.497 804.495 
57.4993 801.501 
1304.5 799.502 
-23.4976 791.501 
-1088.5 783.494 
-884.496 783.505 
-556.497 763.507 
-45.5 750.499 
761.493 746.501 
654.504 734.502 
1049.51 713.506 
652.501 691.494 
-793.496 689.513 
1270.51 685.497 
1061.5 679.504 
92.5018 665.504 
1229.5 661.5 
-349.497 657.497 
964.498 652.493 
452.487 646.499 
-1131.5 638.498 
409.497 621.498 
943.5 603.494 
1455.5 602.495 
264.505 580.497 
298.496 575.501 
-1168.5 569.496 
1349.49 565.502 
-1163.59 558.488 
-178.494 551.506 
1397.51 549.5 
1005.5 548.503 
-1105.49 545.499 
-889.5 537.493 
484.503 518.504 
-489.5 515.501 
-162.505 510.502 
-869.497 509.501 
1020.5 494.499 
1156.51 494.504 
285.499 487.496 
23.4983 486.494 
-559.497 485.499 
1062.51 482.503 
-420.5 480.498 
1584.5 476.501 
1054.5 463.502 
893.493 462.503 
816.5 460.507 
-911.499 457.503 
-570.494 454.501 
-1271.51 433.498 
753.5 426.5 
727.496 420.5 
-901.5 417.502 
274.505 409.499 
1192.49 404.495 
-729.504 390.502 
305.502 389.5 
1145.5 363.497 
841.499 356.495 
1446.5 354.5 
1187.5 353.503 
476.5 343.503 
601.503 333.498 
78.5011 331.508 
567.499 326.493 
1446.49 321.503 
-1371.49 319.501 
-193.5 304.505 
1471.5 302.505 
-296.502 294.501 
1054.5 294.501 
262.497 276.49 
544.504 272.494 
1259.5 257.503 
-926.505 257.503 
26.4994 254.503 
1345.51 242.504 
1591.5 236.639 
753.501 232.497 
1492.5 230.504 
1591.15 235.501 
68.4996 206.5 
464.498 191.495 
1198.5 189.508 
628.502 186.501 
-714.507 182.508 
1178.5 176.496 
-1587.5 169.495 
1032.5 154.497 
532.498 139.5 
1619.49 133.498 
107.502 124.502 
193.501 116.502 
-1451.51 112.503 
-329.498 105.499 
195.159 102.871 
238.498 99.5004 
399.499 96.5017 
118.496 95.5004 
137.499 90.4996 
1522.5 85.4923 
1054.5 77.5051 
-1419.5 71.5061 
1101.5 63.4918 
810.498 51.4958 
844.501 37.4993 
932.503 28.4922 
1189.5 27.494 
246.5 25.5111 
9.73047 1.41833 
0.659424 -0.453979 
1313.5 -0.497437 
225.503 -2.49707 
527.496 -8.50061 
1418.5 -20.5017 
-466.501 -26.5001 
-1501.5 -26.4971 
459.503 -30.505 
482.502 -46.5 
-815.495 -46.4996 
-104.501 -58.5055 
407.509 -59.4991 
-393.5 -63.4968 
1279.49 -66.5061 
-451.495 -71.504 
1319.5 -75.5 
252.504 -82.4994 
-612.499 -87.4994 
489.498 -87.5031 
-502.501 -92.4941 
920.497 -92.4989 
8.49841 -103.506 
698.498 -105.507 
395.141 -111.838 
387.835 -112.454 
-840.496 -114.505 
-741.5 -124.494 
1018.5 -146.502 
-1192.5 -156.498 
-1510.5 -158.506 
831.5 -160.503 
1068.5 -161.501 
-649.497 -164.503 
553.502 -181.5 
1601.5 -181.499 
-279.497 -188.494 
253.495 -191.502 
1257.51 -193.5 
-655.5 -198.504 
838.499 -202.499 
986.495 -201.499 
-1276.5 -206.502 
-784.497 -208.506 
1211.5 -215.496 
-1010.5 -228.496 
897.5 -231.493 
-1609.5 -238.494 
-1588.49 -241.502 
1454.5 -246.503 
-47.4941 -253.498 
-324.5 -256.498 
362.964 -263.541 
358.142 -265.088 
-1217.5 -275.499 
-1195.5 -275.506 
537.503 -275.501 
1278.5 -275.5 
68.5007 -276.503 
-1174.5 -281.5 
431.502 -287.108 
-47.4976 -288.5 
431.503 -287.499 
546.499 -304.498 
893.503 -308.506 
1416.5 -310.502 
-722.501 -313.501 
-271.501 -316.498 
-207.508 -317.492 
646.5 -327.502 
734.496 -329.502 
1161.5 -337.5 
275.496 -339.497 
1068.5 -343.505 
-332.505 -347.496 
1172.86 -345.986 
786.502 -348.503 
-314.497 -352.5 
470.501 -353.497 
640.489 -356.499 
1218.5 -360.501 
-51.5046 -360.502 
-1150.5 -361.505 
732.501 -361.507 
1478.49 -370.5 
-1022.49 -376.503 
709.741 -389.156 
692.341 -393.253 
413.505 -392.499 
715.603 -391.163 
692.508 -393.672 
-722.496 -402.493 
1548.5 -404.496 
122.499 -412.5 
-474.5 -416.502 
-551.498 -419.505 
694.526 -420.479 
-703.492 -423.504 
174.501 -423.502 
-832.501 -426.503 
1235.5 -431.49 
1419.5 -434.497 
216.506 -436.503 
354.504 -440.505 
1182.5 -446.5 
698.388 -448.03 
1224.5 -450.505 
959.5 -454.499 
342.506 -461.497 
366.503 -471.498 
1114.5 -473.501 
-1307.5 -482.494 
870.494 -483.5 
-1599.5 -490.506 
1218.5 -495.5 
-176.503 -505.506 
753.499 -512.496 
-24.494 -525.503 
86.4987 -530.497 
-69.4996 -532.498 
-1283.5 -533.495 
1028.5 -534.5 
1312.5 -536.499 
-537.495 -539.497 
321.504 -541.504 
-1270.5 -551.504 
746.505 -561.497 
-9.49963 -568.493 
401.505 -568.499 
565.506 -572.493 
1357.5 -576.495 
775.496 -595.498 
-451.497 -611.496 
671.496 -613.499 
1421.5 -614.501 
-1091.5 -622.503 
-667.501 -629.502 
1531.5 -629.5 
718.496 -633.497 
683.503 -635.504 
778.498 -637.497 
-1015.5 -638.503 
635.5 -639.506 
-1565.5 -645.498 
1403.49 -646.503 
568.5 -649.496 
1261.5 -670.497 
-664.497 -673.504 
534.116 -674.582 
-440.501 -676.5 
666.5 -680.502 
1439.5 -683.506 
560.495 -686.493 
-79.5016 -689.501 
-1601.5 -704.504 
-771.503 -710.501 
787.507 -713.501 
1442.5 -716.504 
201.502 -717.503 
588.491 -722.502 
1028.5 -727.502 
-14.5029 -743.5 
1574.51 -751.5 
332.5 -754.501 
-121.501 -762.497 
809.505 -774.499 
248.496 -781.496 
645.498 -788.489 
-1225.5 -790.498 
578.494 -791.496 
945.495 -796.501 
193.277 -819.168 
186.143 -820.874 
509.507 -829.496 
-427.501 -836.507 
1182.5 -836.493 
434.495 -842.5 
-742.495 -850.504 
608.498 -857.499 
1462.5 -867.496 
666.502 -869.502 
-1023.5 -871.497 
-1564.5 -874.493 
558.5 -880.501 
-1000.5 -887.507 
708.501 -895.502 
-1274.5 -917.501 
774.496 -916.504 
1133.5 -928.499 
-1275 -926.055 
-1543.49 -962.5 
1418.5 -964.508 
457.496 -965.507 
-438.503 -975.502 
-342.497 -979.508 
-54.5018 -981.502 
159.502 -984.5 
1557.51 -986.498 
1321.5 -989.505 
1140.5 -1000.49 
-447.504 -1005.5 
-527.497 -1009.5 
-224.505 -1011.5 
-676.498 -1012.5 
668.499 -1013.5 
594.5 -1033.5 
-594.498 -1038.5 
1303.5 -1046.5 
903.497 -1050.5 
142.5 -1057.5 
-1140.5 -1061.49 
-317.495 -1099.5 
206.498 -1103.5 
6.49963 -1106.5 
770.501 -1106.5 
1008.5 -1109.11 
1459.49 -1116.49 
1008.5 -1109.5 
-442.509 -1127.5 
1586.51 -1140.5 
-155.496 -1146.5 
374.499 -1147.5 
555.502 -1148.49 
-294.504 -1164.5 
153.501 -1165.5 
-315.503 -1185.5 
-975.498 -1193.5 
-188.501 -1195.51 
-1347.49 -1207.5 
761.497 -1207.5 
-867.507 -1208.5 
