782.497 1210.5 
469.51 1193.5 
-1117.5 1190.5 
-454.5 1188.49 
-489.506 1185.5 
1118.5 1180.49 
-207.503 1176.5 
-832.504 1176.5 
127.498 1175.49 
569.495 1165.49 
1071.5 1157.5 
550.496 1153.5 
574.8 1153.75 
1457.5 1149.49 
80.4979 1138.5 
-517.495 1127.51 
-1065.5 1124.5 
117.501 1122.51 
919.496 1116.49 
341.497 1088.5 
546.497 1086.5 
-9.50476 1077.5 
-1581.5 1062.5 
984.495 1057.5 
1302.5 1057.51 
337.495 1055.5 
-303.504 1051.49 
-607.499 1046.5 
1605.5 1040.5 
355.5 1032.49 
-433.5 1018.5 
-1016.49 1018.5 
170.501 1012.5 
-914.49 996.504 
242.504 987.501 
-1003.5 983.501 
580.497 979.501 
-911.501 978.508 
-536.502 978.496 
508.499 976.499 
-980.5 974.504 
-862.509 971.501 
880.501 964.505 
949.504 960.498 
363.496 959.493 
443.5 954.64 
110.498 950.498 
-681.497 946.505 
443.152 953.5 
750.501 945.499 
91.4974 940.498 
-42.4994 933.494 
1165.5 928.504 
1337.51 922.502 
836.502 916.497 
675.496 907.509 
1011.5 898.5 
1243.5 896.494 
1620.49 894.502 
-1145.5 884.502 
-1129.5 885.501 
-853.5 884.504 
1103.5 878.504 
1072.5 877.498 
489.506 872.5 
1328.49 867.505 
-878.503 855.511 
898.5 854.498 
-29.5 852.5 
452.499 852.498 
-260.499 850.501 
11.5007 833.499 
463.502 833.493 
-228.502 832.498 
-1274.5 827.505 
953.501 825.505 
577.502 817.502 
-547.504 816.498 
-146.501 814.502 
369.497 815.497 
-620.498 798.502 
85.4984 788.5 
-596.498 779.504 
-676.498 771.503 
1269.5 765.502 
-1133.5 762.497 
-848.497 761.497 
188.499 750.497 
-591.502 734.494 
273.5 722.499 
-698.515 716.503 
-690.941 716.5 
552.502 712.501 
987.501 709.501 
-379.498 697.508 
-166.503 692.502 
-1493.5 690.498 
152.499 690.491 
791.503 682.497 
709.503 680.502 
186.496 678.5 
1006.5 645.504 
-848.504 642.496 
808.505 634.493 
-254.495 631.508 
-81.4996 631.491 
-528.495 629.505 
1545.5 622.495 
1025.51 617.495 
-1548.5 614.495 
1170.5 613.498 
-38.505 613.509 
457.5 611.501 
1297.5 601.502 
-1197.5 596.508 
-250.501 588.499 
-114.497 580.496 
121.501 570.504 
1042.49 570.503 
-1059.51 562.496 
399.505 562.499 
-729.666 557.485 
-1197.5 556.496 
-198.5 555.5 
469.503 555.498 
80.5044 553.497 
-734.859 555.271 
-1475.5 540.503 
1159.5 539.504 
-1394.5 534.502 
-549.503 533.503 
-658.499 527.892 
627.512 529.497 
-658.499 527.503 
276.499 510.502 
-1552.5 507.506 
-541.502 503.497 
-1529.5 501.501 
1004.5 499.503 
131.503 493.497 
-826.501 481.501 
-207.497 481.506 
-1200.5 476.505 
-442.493 475.494 
-357.498 468.499 
1234.5 468.499 
-619.502 457.498 
240.002 455.495 
-309.503 447.498 
-449.501 446.494 
27.8818 441.232 
-53.4978 439.496 
-360.498 437.499 
32.8599 436.139 
-680.498 420.504 
72.4954 418.493 
908.509 415.496 
-383.993 411.582 
-996.496 411.496 
-401.249 407.533 
-379.009 409.23 
1331.51 400.509 
-401.104 407.101 
-938.504 398.501 
282.493 398.5 
644.495 396.504 
-891.497 382.498 
-400.987 381.011 
671.496 376.497 
-742.502 373.5 
332.494 367.495 
-398.614 353.975 
-756.506 352.49 
79.5007 352.508 
228.499 345.494 
-731.504 341.496 
35.5045 340.507 
-158.498 339.501 
69.8071 335.94 
748.498 324.506 
1107.5 324.504 
-1346.49 323.498 
655.503 322.495 
-25.5044 318.499 
-241.493 315.502 
1432.5 309.499 
-1163.5 297.498 
60.4993 296.499 
-1215.5 291.492 
-350.495 290.51 
-1036.5 288.495 
1568.5 274.497 
-779.5 272.503 
-104.502 264.497 
132.502 257.5 
-1145.5 251.501 
555.5 251.501 
-359.5 244.504 
-697.501 243.502 
-533.5 236.496 
485.506 225.499 
165.507 221.496 
-335.501 212.502 
996.5 209.492 
-432.497 196.495 
211.498 188.501 
1451.49 185.499 
-389.498 177.499 
473.504 179.502 
-422.502 175.51 
295.505 174.505 
-333.504 173.505 
-468.498 172.499 
547.498 169.501 
-533.498 163.501 
194.502 161.503 
79.5015 141.493 
503.498 141.5 
-567.875 139.961 
766.396 138.398 
-440.503 134.499 
218.495 130.502 
-542.504 128.503 
764.039 135.231 
-1224.5 126.5 
898.501 104.496 
-330.5 103.496 
217.501 102.499 
-909.5 99.4989 
-516.494 95.4955 
-119.504 92.4956 
384.501 92.4987 
313.497 73.5021 
-1147.5 72.4996 
-772.503 63.4963 
-1270.5 51.5027 
-314.502 49.4994 
-860.504 36.4933 
-466.51 34.4982 
-529.502 31.5061 
-195.499 30.5038 
1305.5 18.502 
1030.5 15.4996 
-918.62 -0.312988 
0.497192 -0.506226 
465.5 -0.505127 
-925.856 -2.6615 
-597.491 -5.5 
1402.5 -7.50439 
1461.5 -14.4988 
-671.499 -18.4988 
218.495 -21.5032 
-503.504 -28.5 
-449.499 -37.5004 
795.496 -39.4945 
-552.502 -50.5012 
1043.5 -54.5054 
1057.13 -58.3665 
600.495 -59.4929 
-412.492 -60.505 
413.502 -72.4985 
1158.5 -74.5026 
-353.507 -77.5 
-47.4922 -78.5039 
175.494 -100.504 
276.495 -114.501 
98.5035 -124.5 
701.5 -125.504 
-652.497 -130.496 
-47.4924 -138.499 
1442.5 -151.5 
1126 -156.131 
1129.51 -156.501 
-954.504 -159.499 
-1187.5 -164.498 
-455.505 -165.5 
761.508 -164.498 
1125.5 -156.5 
78.4982 -170.496 
-1524.49 -174.501 
-523.499 -186.501 
1086.5 -186.499 
-248.492 -188.501 
-1381.5 -201.494 
191.503 -219.498 
-972.498 -228.5 
-163.501 -233.111 
282.504 -233.501 
970.499 -236.497 
-367.502 -241.501 
-163.501 -233.501 
861.496 -241.497 
708.5 -252.495 
-906.5 -267.494 
455.505 -271.496 
-1117.5 -280.501 
807.501 -281.504 
-565.503 -288.505 
522.501 -289.5 
-1487.5 -292.495 
-737.501 -296.502 
445.495 -297.498 
957.496 -304.496 
-960.499 -326.502 
-380.499 -326.497 
-1296.49 -328.504 
650.507 -331.506 
-148.501 -334.499 
-261.497 -335.496 
679.497 -335.511 
-405.501 -336.508 
969.504 -337.497 
-78.504 -340.503 
-224.497 -352.498 
-1456.5 -354.499 
936.505 -353.501 
94.502 -355.505 
-402.497 -357.5 
377.502 -359.5 
1351.51 -359.492 
-719.501 -362.499 
565.496 -368.501 
-401.971 -366.349 
-1480.49 -376.496 
-1331.51 -376.499 
-903.5 -386.499 
-1163.5 -402.502 
-1469.5 -416.506 
260.493 -422.503 
653.499 -422.499 
-634.496 -434.498 
264.981 -431.837 
-66.4978 -439.507 
-1042.5 -446.502 
1215.51 -450.5 
-904.503 -451.5 
-1277.5 -466.502 
86.5065 -468.503 
-1020.5 -473.493 
924.488 -474.502 
80.2988 -478.181 
158.495 -484.497 
-230.492 -487.502 
789.502 -488.5 
-120.504 -494.504 
988.507 -497.506 
-1100.5 -505.501 
428.506 -508.499 
362.501 -510.503 
-1126.5 -523.503 
412.503 -524.499 
541.51 -527.497 
27.4985 -535.504 
489.492 -536.496 
70.4956 -545.497 
-252.501 -549.498 
-882.502 -558.497 
-197.507 -562.502 
-1257.5 -563.506 
32.5032 -563.499 
287.504 -565.499 
-219.498 -569.5 
104.497 -572.505 
-416.502 -573.499 
-257.5 -578.501 
127.499 -586.5 
-18.4991 -590.501 
191.499 -591.503 
-1231.5 -597.508 
-932.499 -599.496 
1487.5 -605.502 
-848.502 -608.493 
-1551.5 -613.501 
-458.496 -628.502 
1152.5 -628.502 
-1354.51 -629.495 
-1385.5 -630.505 
-889.497 -637.502 
633.497 -642.497 
-263.503 -645.5 
-777.496 -648.499 
-1184.5 -654.499 
-712.494 -654.499 
-490.505 -655.492 
-1262.5 -656.499 
-1287.5 -657.498 
33.5072 -658.498 
72.4957 -660.498 
-687.497 -675.497 
480.498 -677.499 
335.497 -680.502 
607.494 -678.505 
708.501 -678.501 
-328.509 -683.491 
-1374.5 -688.495 
771.497 -695.506 
-1110.05 -700.934 
-1232.95 -703.517 
1035.49 -702.504 
-1290.5 -707.503 
-1111.02 -702.448 
-378.494 -710.496 
-1211.5 -711.502 
635.501 -711.499 
-1124.5 -712.496 
-436.498 -713.495 
-1570.5 -716.494 
-1257.9 -720.046 
-1385.5 -719.501 
830.505 -720.505 
-486.499 -725.502 
-1257.99 -720.926 
-1229.5 -732.502 
-530.495 -735.499 
-1154.5 -741.502 
1362.5 -740.501 
-255.502 -741.5 
-1259.5 -745.498 
390.501 -746.501 
-868.492 -747.499 
61.505 -749.5 
-497.503 -763.501 
1009.5 -767.49 
-1331.49 -777.491 
1428.5 -786.496 
-420.498 -789.503 
-436.499 -793.5 
1112.49 -812.498 
-1321.5 -813.502 
65.5013 -813.499 
-739.499 -815.498 
-1338.5 -821.496 
1416.5 -833.504 
-1300.5 -838.502 
-67.4994 -840.509 
-167.493 -844.495 
-945.502 -845.495 
32.4982 -845.502 
-197.489 -850.501 
-62.4979 -863.501 
-157.492 -866.502 
-173.495 -871.5 
230.502 -872.509 
1203.5 -871.498 
1590.51 -881.497 
-1373.51 -895.499 
-1307.5 -902.499 
-1254.49 -903.497 
-244.5 -904.508 
-734.501 -910.505 
651.503 -918.498 
-371.506 -923.498 
941.496 -933.503 
876.505 -935.5 
-1119.5 -969.501 
497.499 -969.498 
1337.49 -970.504 
2.5022 -971.501 
-1542.5 -972.503 
-490.5 -973.505 
-793.502 -980.502 
-732.502 -980.506 
64.4995 -989.499 
-592.505 -989.498 
158.502 -992.498 
950.5 -1001.5 
-1418.5 -1009.5 
851.499 -1018.5 
-1325.49 -1018.5 
4.5022 -1021.5 
-60.4971 -1029.5 
664.502 -1032.5 
188.492 -1036.49 
-1385.5 -1037.49 
-1261.5 -1045.5 
-1400.5 -1066.5 
501.499 -1070.5 
-1382.5 -1074.5 
893.496 -1078.5 
-397.499 -1082.49 
-144.497 -1084.5 
-1297.98 -1088.09 
-1063.5 -1092.5 
25.5026 -1093.5 
-1298.04 -1088.71 
1514.5 -1103.51 
-237.497 -1104.5 
627.496 -1117.5 
-1284.5 -1119.49 
-859.5 -1121.5 
-729.501 -1123.51 
-1141.49 -1126.5 
751.5 -1126.5 
-1270.92 -1127.19 
-1602.03 -1131.73 
-1607.39 -1135.51 
404.5 -1148.5 
-470.499 -1149.51 
779.507 -1173.5 
540.507 -1174.51 
-132.498 -1178.5 
-346.501 -1183.5 
-854.501 -1184.51 
1099.5 -1184.5 
891.505 -1199.5 
1171.5 -1208.5 
