-671.492 1207.49 
-546.328 1207.23 
1408.5 1204.5 
-543.931 1201.8 
-1004.5 1193.5 
1319.51 1171.5 
-500.501 1158.5 
714.502 1154.5 
1246.5 1147.5 
-824.5 1137.51 
-430.501 1129.49 
-301.505 1119.5 
-1530.51 1107.5 
-1161.5 1107.5 
-1050.5 1100.5 
-778.497 1093.51 
-839.501 1088.5 
155.505 1077.5 
-368.501 1069.5 
-1076.51 1066.5 
-1496.5 1062.49 
-486.5 1046.51 
985.496 1040.5 
-856.511 1039.5 
-308.497 1038.5 
920.503 1036.5 
-827.509 1035.5 
-293.495 1027.5 
-1613.5 1019.5 
593.503 992.504 
70.4987 989.495 
554.506 986.499 
-1411.51 985.499 
-298.499 982.502 
-1455.5 981.494 
-488.498 969.493 
-1418.49 964.505 
-276.499 959.499 
645.501 945.497 
-619.497 925.504 
-210.5 916.499 
-505.498 895.501 
-477.5 892.499 
1440.49 891.498 
1298.5 882.503 
-1137.5 882.501 
-1377.51 867.501 
385.506 864.503 
-122.502 862.494 
-1013.5 846.5 
450.505 846.492 
-1604.5 845.501 
-881.501 842.504 
-856.505 837.505 
347.497 813.496 
-295.499 810.499 
-1495.5 800.499 
-843.504 800.502 
442.497 774.504 
1487.5 774.491 
-173.507 773.5 
-537.498 768.498 
-682.504 753.501 
-1353.5 747.494 
-318.501 727.506 
1325.5 727.497 
-1362.5 717.5 
-937.498 712.495 
-694.497 709.497 
863.507 709.504 
-1306.5 707.495 
726.505 693.496 
-230.508 688.498 
-830.492 685.492 
-275.496 683.495 
-1.49792 679.503 
-443.503 656.498 
-209.497 653.499 
175.498 636.498 
-1052.5 632.503 
995.501 622.504 
-1383.51 618.504 
-825.499 613.502 
-1611.5 605.494 
162.508 587.496 
264.497 587.494 
1268.5 578.503 
-356.502 572.495 
-1445.5 561.5 
1261.51 554.497 
744.501 549.502 
190.504 545.503 
-1596.5 540.501 
380.507 537.496 
-396.498 536.502 
1583.5 525.5 
593.494 520.505 
-921.499 518.497 
-1482.5 512.507 
-257.497 512.498 
580.503 504.498 
659.499 502.507 
359.5 494.495 
-812.496 493.503 
-1613.51 488.499 
-1179.5 488.505 
-334.496 488.506 
658.524 484.789 
169.497 482.496 
211.249 480.258 
38.5 475.497 
211.48 479.073 
-969.505 467.493 
730.5 450.5 
993.499 445.506 
-480.503 445.5 
-1451.49 443.502 
-805.501 429.502 
-365.493 409.496 
-644.501 400.51 
-84.499 397.495 
79.514 391.5 
-862.5 390.502 
152.496 390.496 
366.498 390.508 
-476.5 379.504 
370.504 384.998 
-643.954 368.164 
219.508 366.496 
-643.744 367.414 
288.502 356.492 
438.498 353.502 
2.5022 352.5 
-255.201 341.293 
-1443.5 341.505 
-651.575 340.963 
989.491 337.498 
567.502 335.498 
503.499 333.497 
-254.264 340.262 
-1231.5 320.505 
-1192.5 319.507 
-680.496 316.496 
-749.505 312.501 
237.498 309.505 
-649.498 306.497 
709.497 301.505 
813.506 296.499 
-971.498 283.496 
1139.49 280.505 
-1192.5 278.505 
-77.496 270.503 
564.503 265.498 
1109.5 258.497 
40.5018 253.504 
59.5065 253.509 
-744.507 237.498 
374.502 232.493 
-134.506 227.496 
-1301.5 221.508 
-1186.61 218.276 
1254.5 216.505 
589.497 212.497 
-1186.56 218.213 
-1499.5 205.495 
-1541.5 202.496 
-987.5 202.498 
-500.494 199.499 
-171.497 197.497 
-147.498 195.5 
352.501 194.507 
-1452.5 187.503 
236.507 184.5 
-954.495 174.503 
-705.557 161.53 
-220.496 148.502 
534.497 149.506 
-589.503 147.49 
203.506 147.504 
596.498 143.498 
249.504 138.5 
1141.5 137.5 
-277.497 132.504 
147.505 128.507 
348.507 128.496 
-1423.5 117.501 
-1346.5 112.508 
1152.5 109.499 
573.498 97.4988 
477.502 96.4987 
498.496 88.4974 
-412.495 77.4982 
-336.501 73.5043 
-310.502 62.5011 
-893.501 60.4955 
1173.5 61.5011 
-156.501 50.5006 
-356.503 50.4952 
-1204.51 48.4993 
-222.497 48.5077 
-952.508 45.5016 
-639.501 45.5004 
719.505 42.5032 
-70.4989 39.4932 
107.504 36.5005 
157.5 34.5004 
163.498 14.4962 
367.499 1.49353 
0.499268 -0.5 
-14.4961 -6.49463 
1246.5 -6.49878 
-759.498 -15.5038 
-128.507 -17.504 
-463.497 -24.5051 
-610.504 -47.5026 
-128.265 -53.5675 
-859.5 -53.4952 
-135.754 -55.7834 
1040.5 -67.5024 
175.5 -73.5056 
-115.494 -73.4985 
-136.5 -74.4965 
-696.493 -77.5021 
-507.499 -89.4983 
1570.5 -103.504 
-1134.5 -111.51 
-1435.5 -128.505 
276.506 -132.507 
-495.5 -133.507 
247.5 -135.496 
-656.505 -138.495 
-538.496 -139.503 
-316.498 -153.499 
-1257.5 -162.499 
-1091.49 -184.496 
599.496 -193.499 
-172.498 -202.5 
-725.498 -206.5 
-1258.5 -216.505 
-1501.5 -217.493 
854.503 -218.493 
-1182.49 -223.497 
1471.5 -225.5 
1300.5 -231.498 
-596.502 -232.492 
-1265.5 -241.492 
192.504 -245.502 
39.5013 -251.491 
589.5 -252.499 
-3.49939 -266.504 
1238.5 -275.501 
-1509.51 -276.497 
-402.836 -280.488 
-981.499 -284.499 
-873.501 -287.488 
224.497 -288.508 
-1580.49 -289.5 
-402.613 -281.597 
153.503 -291.5 
-1468.5 -295.502 
-11.5005 -306.502 
-1344.5 -312.499 
847.502 -315.495 
1279.5 -319.502 
-1553.5 -320.501 
-1413.5 -322.503 
1238.5 -322.5 
-1542.64 -326.924 
-78.4952 -346.505 
118.5 -349.503 
918.504 -349.491 
653.501 -354.493 
-1079.5 -360.498 
-454.499 -358.495 
20.5076 -360.503 
-1496.5 -362.495 
-1565.5 -363.501 
-99.5071 -379.5 
-1191.5 -384.498 
-196.506 -388.497 
-1576.5 -393.497 
425.498 -412.499 
-550.502 -426.496 
127.501 -427.493 
-1087.5 -429.497 
739.493 -432.505 
534.5 -436.496 
1025.33 -441.7 
-1418.5 -449.505 
-1381.5 -452.499 
1022.62 -446.203 
-371.498 -456.501 
-1219.5 -457.493 
771.503 -461.496 
-734.508 -484.922 
893.503 -482.502 
-1514.5 -486.496 
-734.49 -485.023 
1616.5 -495.503 
625.5 -500.501 
238.505 -502.504 
-1167.49 -506.492 
901.503 -509.503 
-485.496 -511.498 
426.497 -510.507 
-534.497 -543.502 
-440.498 -556.499 
-26.4781 -561.652 
-33.9032 -563.851 
308.493 -567.504 
-1584.5 -569.501 
-385.498 -570.5 
-789.499 -576.495 
-69.4948 -587.508 
362.506 -590.496 
563.494 -591.497 
63.5055 -592.505 
860.501 -598.497 
-1450.22 -601.978 
-1460.49 -610.466 
548.071 -616.056 
552.685 -616.739 
596.497 -621.506 
936.499 -621.501 
-1111.5 -623.502 
998.491 -637.505 
-45.5046 -639.5 
457.505 -640.492 
675.502 -654.5 
-1496.5 -655.497 
742.498 -685.498 
-1236.5 -685.499 
552.496 -685.502 
-1410.5 -690.498 
-256.495 -690.499 
1219.5 -690.504 
94.4979 -691.503 
-473.507 -692.507 
598.5 -694.497 
365.506 -697.495 
-518.505 -706.503 
-856.499 -713.501 
378.496 -714.502 
1308.5 -716.493 
597.504 -718.5 
-1006.5 -722.495 
89.4952 -724.498 
106.501 -741.502 
508.498 -742.5 
223.5 -747.501 
106.502 -757.986 
-1220.5 -777.51 
740.49 -777.497 
859.496 -783.493 
676.499 -785.505 
1117.5 -791.49 
919.503 -811.5 
181.502 -835.503 
922.497 -836.495 
285.5 -838.499 
-1036.5 -840.502 
301.495 -855.5 
-552.503 -881.502 
-1191.5 -887.497 
262.495 -888.504 
1195.5 -892.495 
1222.51 -899.497 
1452.5 -905.498 
134.5 -914.502 
23.5011 -927.498 
1246.5 -934.499 
944.503 -940.502 
749.504 -943.498 
605.495 -946.498 
-715.496 -961.506 
739.502 -975.496 
-684.498 -983.498 
1014.5 -985.502 
601.506 -989.496 
173.495 -996.508 
-115.501 -999.497 
-1240.5 -1003.5 
1548.51 -1007.49 
-345.881 -1010.98 
1181.5 -1011.5 
-346.204 -1014.8 
334.13 -1043.5 
338.724 -1043.5 
1017.5 -1052.5 
291.661 -1061.05 
-1602.5 -1075.51 
682.508 -1139.5 
-1522.5 -1142.49 
-570.498 -1151.5 
-307.501 -1158.5 
872.507 -1159.5 
1432.5 -1204.5 
221.498 -1206.5 
