-1452.49 1211.51 
-499.502 1211.5 
835.502 1208.5 
1513.5 1212.5 
128.498 1196.5 
-953.503 1190.5 
1432.5 1180.5 
1529.5 1180.5 
-418.498 1177.5 
1339.5 1177.5 
1017.51 1176.5 
875.501 1171.5 
957.502 1167.49 
1014.5 1146.5 
-1259.5 1144.49 
-171.499 1143.5 
152.503 1141.5 
76.5046 1133.5 
799.508 1133.49 
486.497 1132.5 
1076.51 1131.5 
1006.51 1122.5 
1479.51 1121.51 
1016.5 1093.49 
-908.501 1092.49 
447.494 1086.5 
606.492 1080.5 
1018.27 1084.83 
653.551 1065.01 
654.555 1061.81 
633.038 1053.09 
163.499 1051.49 
1506.5 1051.5 
431.501 1048.5 
959.499 1041.5 
649.504 1034.5 
-280.49 1031.49 
28.5048 1028.5 
808.504 1027.5 
831.502 1012.49 
88.507 1008.51 
563.496 1005.5 
-97.5006 997.503 
1037.52 987.96 
1192.5 980.496 
1313.5 977.497 
327.494 975.501 
-2.50891 975.504 
1248.5 974.5 
-138.493 973.5 
752.505 959.494 
895.501 949.502 
-677.502 941.501 
-856.501 939.496 
-1613.5 932.508 
-1146.5 931.501 
918.499 920.498 
-102.507 915.497 
-1194.5 900.499 
-130.497 892.497 
623.497 889.502 
1557.5 887.504 
-247.498 881.502 
903.498 871.496 
713.496 865.497 
372.498 860.501 
342.501 840.498 
-844.498 840.49 
266.499 839.496 
541.499 837.502 
-168.498 834.502 
-1270.51 833.5 
493.506 832.506 
1054.51 827.504 
-893.499 822.506 
-44.4977 820.5 
809.498 814.503 
204.499 809.495 
250.495 809.505 
149.508 798.496 
733.497 798.503 
687.5 797.497 
1592.5 794.489 
233.502 790.503 
709.5 785.501 
1592.5 794.414 
1261.5 781.492 
226.696 773.897 
318.501 773.501 
1207.5 766.494 
-637.498 765.502 
-959.507 762.506 
-903.5 760.502 
709.505 760.496 
-655.501 759.505 
-213.502 757.499 
472.496 751.502 
-1084.51 750.504 
-277.501 743.503 
648.502 735.499 
836.498 734.499 
-295.5 731.502 
-275.73 735.614 
-339.501 728.502 
91.4954 724.498 
-1265.5 718.505 
-291.635 724.069 
1100.5 714.502 
-1312.5 714.509 
58.5018 707.497 
718.5 698.502 
408.504 694.504 
809.5 693.497 
54.856 698.74 
-1374.5 687.496 
663.501 680.497 
1178.51 678.499 
305.503 662.496 
-29.4971 662.505 
-303.501 661.499 
-141.498 656.498 
170.492 652.495 
197.495 648.499 
-671.498 646.503 
-809.495 638.497 
71.4996 636.504 
87.4971 630.508 
160.502 629.501 
1077.5 625.501 
-1260.49 624.494 
778.497 616.499 
286.506 614.498 
355.497 608.504 
-1040.5 589.89 
644.499 588.499 
-65.4979 587.505 
-1597.5 586.504 
-1040.5 589.499 
-65.4991 581.762 
-330.502 573.498 
363.5 573.499 
-1055.5 567.491 
199.501 561.497 
-951.504 560.501 
39.4979 556.501 
300.498 550.5 
703.508 547.505 
-828.5 540.507 
-376.495 538.503 
650.495 536.495 
1358.5 535.496 
-1004.5 520.503 
7.49304 513.494 
49.5029 508.501 
754.506 504.496 
-241.506 498.493 
-881.5 496.508 
-1525.49 492.494 
1422.49 485.497 
-525.501 473.502 
1413.7 475.456 
496.498 467.501 
246.5 467.497 
195.501 464.501 
1413.15 458.946 
-1052.5 453.501 
251.503 442.502 
-896.499 439.495 
1562.5 436.504 
-371.506 434.501 
-308.494 430.492 
1169.5 430.499 
65.5063 426.502 
-659.5 416.505 
-6.5022 413.497 
-314.305 413.951 
410.496 413.502 
-728.499 411.506 
-786.503 402.497 
-884.504 399.5 
365.499 394.5 
-550.496 390.493 
-626.505 384.5 
-1133.5 374.506 
-509.496 374.51 
289.497 367.501 
651.499 366.508 
-352.5 362.496 
616.498 359.496 
-291.506 358.5 
-44.5049 352.5 
949.5 349.497 
-97.4978 343.497 
657.506 341.496 
-129.502 340.498 
-23.9653 336.032 
-39.8927 331.633 
1134.49 332.503 
-1402.5 326.506 
-1024.5 326.5 
-39.7953 330.13 
-597.497 321.497 
76.5004 318.504 
-1490.5 309.501 
-792.497 309.5 
510.501 298.504 
-166.499 296.492 
116.504 294.506 
-869.498 291.506 
798.501 291.501 
1602.5 291.502 
328.496 282.495 
-149.504 275.504 
243.501 274.501 
360.496 274.501 
894.497 263.497 
-748.503 259.498 
527.501 257.5 
-419.508 253.5 
-1522.5 249.498 
241.495 249.5 
-310.5 238.496 
-74.5 235.505 
-726.498 218.503 
-960.5 213.498 
1292.5 213.499 
-245.503 211.506 
-406.499 207.493 
1486.49 205.501 
-542.504 197.496 
878.504 192.505 
761.5 191.498 
395.496 187.499 
-84.5048 186.505 
-535.461 187.59 
-369.498 182.502 
-16.4971 179.497 
-1454.5 174.501 
373.504 167.502 
-766.503 153.503 
-745.254 150.705 
-737.274 146.367 
-287.488 143.498 
649.5 143.503 
-417.502 135.496 
1181.49 133.502 
1600.5 132.502 
-273.87 131.893 
-183.502 123.503 
94.4971 120.495 
1598.5 126.446 
-287.5 107.505 
1277.5 107.507 
-28.5 97.4949 
-1138.51 95.4976 
-466.505 94.4982 
-133.503 93.4935 
527.496 93.4963 
-464.214 88.9449 
-292.499 79.4912 
915.503 79.5067 
-1481.5 78.5024 
-783.499 77.4994 
538.188 76.8856 
-477.499 73.5027 
63.5043 70.4973 
222.509 69.4934 
-466.925 61.37 
-37.4984 60.4962 
-261.5 59.5046 
539.46 60.0554 
1217.5 59.4988 
104.501 57.498 
147.503 53.4946 
-789.505 51.5016 
532.493 35.4944 
208.5 32.5011 
-43.494 28.4945 
-890.491 28.5065 
37.5026 22.4968 
573.506 21.4945 
300.498 15.4948 
-529.496 12.4924 
-400.51 9.50061 
-758.493 8.50073 
-260.5 4.4989 
6.50305 2.14807 
1.69104 -1.93359 
-999.506 -1.51038 
-392.5 -8.49744 
2.30908 -2.28638 
-328.502 -15.4988 
512.498 -16.5024 
-33.5006 -29.5046 
-910.499 -32.504 
31.5016 -35.4988 
785.495 -37.4939 
-43.7039 -38.4882 
252.502 -44.4985 
1597.5 -46.5037 
-668.506 -49.5055 
210.5 -49.5026 
-1599.5 -58.5023 
-415.503 -58.499 
-139.491 -58.5066 
-431.503 -69.4963 
-310.5 -72.5049 
258.5 -74.5022 
-1480.5 -80.4989 
239.502 -81.5007 
-143.493 -85.5004 
792.495 -86.5023 
-423.502 -87.5031 
869.498 -89.5026 
451.509 -102.492 
-1492.5 -104.505 
227.499 -107.505 
-905.497 -109.501 
189.504 -118.497 
245.502 -124.506 
-300.497 -128.5 
1616.5 -135.513 
-431.501 -139.506 
-862.5 -142.505 
-72.5017 -143.497 
-1257.5 -143.5 
-1316.49 -147.502 
1027.51 -154.498 
-14.5013 -161.501 
-1431.5 -161.496 
315.499 -168.5 
-908.5 -173.503 
807.499 -173.501 
-178.503 -178.502 
-564.501 -189.502 
-1154.5 -191.507 
135.492 -196.503 
-388.503 -198.499 
-1280.5 -200.5 
1296.49 -200.504 
-1305.5 -204.497 
-1557.5 -206.501 
-526.499 -210.501 
-489.503 -219.501 
-821.497 -220.502 
-1335.5 -225.501 
125.496 -225.5 
418.033 -231.794 
1417.51 -234.497 
405.669 -241.336 
-291.497 -256.495 
-1541.51 -258.497 
-854.495 -258.501 
-389.493 -262.5 
936.494 -262.495 
-1387.5 -263.5 
-725.5 -263.498 
31.5048 -272.498 
-1538.17 -272.198 
-52.5059 -274.499 
-320.501 -288.495 
-1143.49 -289.501 
-432.498 -291.497 
-611.5 -300.491 
-500.499 -302.5 
284.509 -305.507 
-630.193 -310.623 
-552.493 -311.495 
-1538.5 -317.496 
-866.496 -319.501 
-630.258 -312.131 
-578.324 -335.183 
-922.5 -334.501 
-858.058 -340.499 
-574.323 -335.769 
-116.5 -340.5 
-876.498 -343.497 
-634.499 -344.496 
275.493 -346.505 
61.5035 -348.502 
1403.5 -361.497 
609.501 -374.502 
1290.5 -378.498 
-1189.5 -379.494 
-1489.5 -386.497 
1564.5 -389.5 
-426.492 -391.496 
-708.5 -393.498 
275.112 -394.884 
-657.499 -394.497 
-1489.5 -393.421 
277.889 -398.443 
-1410.5 -405.501 
-1111.49 -415.5 
717.497 -421.498 
-615.111 -424.874 
-517.499 -424.503 
-12.4972 -425.5 
-612.004 -425.104 
-1450.5 -433.504 
-1381.5 -436.5 
-266.501 -437.504 
-240.502 -448.505 
-312.501 -450.062 
-510.501 -450.5 
420.496 -461.5 
-688.496 -467.494 
-1238.5 -470.5 
-319.5 -470.496 
1236.5 -470.495 
444.505 -471.494 
-809.497 -487.495 
-314.502 -491.505 
-1305.5 -492.493 
-274.505 -496.499 
-539.496 -504.502 
1321.5 -505.497 
-1249.5 -513.502 
-60.4948 -514.502 
-180.5 -519.501 
-612.504 -520.502 
-1332.21 -526.714 
-1327.81 -531.193 
-1403.5 -541.492 
721.509 -548.502 
-579.505 -571.505 
-869.498 -578.508 
-411.495 -578.499 
-875.305 -586.79 
-861.498 -600.503 
1089.5 -601.503 
-254.492 -617.499 
-27.5004 -619.499 
1125.5 -618.495 
-432.498 -621.494 
-818.504 -627.493 
-446.497 -630.503 
-982.494 -636.488 
36.5023 -640.498 
528.492 -640.505 
-1583.5 -652.492 
-807.501 -656.503 
471.511 -662.496 
-163.505 -667.502 
1141.5 -668.502 
-1207.5 -681.494 
-1277.5 -690.5 
-904.502 -728.501 
-520.502 -732.498 
1019.51 -732.496 
1195.5 -738.499 
-861.499 -744.501 
-1190.5 -746.495 
250.498 -756.506 
1278.5 -768.493 
-685.496 -784.503 
-1013.5 -787.511 
-1094.51 -793.504 
-787.498 -800.501 
-71.4984 -802.501 
-932.498 -805.499 
-1057.5 -808.503 
39.5015 -808.497 
-694.495 -812.502 
440.496 -825.499 
401.502 -826.492 
-1047.5 -828.499 
-1051.19 -838.975 
-1137.5 -847.501 
-976.503 -846.499 
43.496 -852.507 
644.5 -859.499 
-1006.5 -862.5 
-1066.5 -864.495 
-814.501 -871.492 
-1279.51 -875.5 
-1098.5 -882.499 
-767.504 -889.499 
-1251.51 -893.499 
45.5022 -899.504 
100.501 -900.496 
-1572.5 -915.507 
-1142.5 -915.496 
-1309.5 -916.504 
-726.503 -920.498 
-1364.5 -932.498 
491.497 -939.505 
-122.505 -943.508 
780.501 -943.498 
-1035.49 -951.501 
-948.503 -951.493 
-668.501 -951.501 
-266.507 -964.494 
-790.502 -967.501 
-1042.49 -973.505 
-96.498 -975.497 
-1254.5 -977.501 
399.505 -980.506 
1312.5 -982.506 
-1198.5 -988.502 
245.506 -993.499 
-861.498 -994.496 
583.505 -1001.5 
-666.352 -1010.65 
-1369.51 -1009.5 
-724.501 -1015.5 
924.5 -1017.51 
-7.5022 -1023.49 
-1089.5 -1039.51 
-454.5 -1063.5 
-863.503 -1065.5 
659.497 -1071.5 
-960.504 -1074.51 
1615.51 -1080.5 
-925.5 -1083.5 
-957.46 -1083.4 
-250.501 -1090.5 
650.508 -1091.5 
-1537.49 -1098.51 
-562.497 -1110.5 
-593.493 -1131.5 
-883.498 -1132.5 
-999.502 -1134.5 
-715.496 -1139.5 
-255.498 -1140.5 
561.507 -1140.5 
-1438.49 -1158.51 
-1463.5 -1165.5 
-1197.5 -1171.5 
-87.5059 -1172.5 
490.498 -1175.5 
-1436.5 -1176.49 
