-471.503 1208.5 
-1070.5 1179.5 
-1083.5 1162.5 
-532.503 1151.5 
-158.496 1130.5 
236.505 1127.5 
1046.5 1115.5 
199.514 1105.5 
1178.5 1091.5 
93.4913 1088.5 
-1013.5 1074.51 
-520.501 1073.5 
532.497 1072.5 
610.497 1071.5 
4.5 1057.5 
1471.5 1053.5 
-974.499 1050.5 
60.5023 1037.5 
249.968 1035.96 
1194.5 1037.49 
527.451 1035.5 
253.086 1035.02 
1608.5 1032.5 
193.498 1019.49 
-369.492 1000.5 
1053.49 994.503 
-966.5 965.5 
-1120.5 964.496 
180.504 947.504 
-1485.5 942.497 
1043.5 937.5 
-191.502 927.498 
500.497 917.498 
-392.495 914.5 
914.498 911.5 
-286.501 904.5 
-419.506 903.502 
-512.502 898.499 
-266.5 898.499 
257.494 895.502 
1138.5 892.506 
1064.5 888.499 
-538.497 885.496 
-1078.5 879.499 
-796.505 876.497 
578.499 867.503 
944.495 867.499 
288.502 861.506 
367.502 855.495 
785.506 836.499 
-146.43 811.105 
453.503 806.505 
1191.5 802.496 
-1620.5 802.498 
-1598.5 791.499 
465.499 783.495 
681.501 781.499 
-670.502 765.493 
1589.5 755.498 
662.496 753.5 
-646.505 733.497 
399.494 731.506 
-197.498 726.501 
45.5 727.499 
1240.5 727.503 
1607.83 720.605 
-751.496 713.031 
182.498 712.494 
-352.501 702.496 
924.502 691.49 
1374.5 687.506 
-1069.51 679.501 
-479.948 676.325 
2.49841 670.501 
-905.497 668.502 
-480.411 675.151 
1215.5 650.502 
-786.5 642.5 
568.499 642.511 
-583.5 618.504 
394.499 615.498 
-739.496 613.495 
1093.5 604.498 
1525.5 598.504 
1577.5 587.504 
17.5004 585.501 
-490.499 575.505 
843.504 569.499 
1035.5 565.494 
-62.5056 557.493 
804.5 555.495 
-1151.5 554.498 
267.501 554.495 
958.5 544.5 
-188.498 540.502 
1150.5 539.501 
-648.501 538.506 
-995.502 533.496 
-251.503 528.502 
28.5023 528.509 
-305.502 525.503 
-546.502 525.504 
-946.504 519.507 
-1350.5 519.498 
1504.5 498.5 
-648.504 486.498 
-1308.5 486.5 
-724.497 482.491 
-1283.5 481.498 
-298.499 479.499 
-1046.5 472.501 
-1311.38 475.244 
-1287.28 474.976 
-1007.5 468.502 
828.499 466.503 
-1119.5 461.505 
1472.5 458.498 
1288.5 455.496 
-828.501 447.502 
994.498 447.5 
1295.82 447.862 
-1371.5 441.501 
-1216.5 441.497 
-886.499 435.499 
-665.501 434.497 
512.505 426.506 
-321.496 424.497 
117.501 421.494 
1451.49 417.503 
1615.5 415.499 
-1543.49 408.505 
210.5 399.499 
-1469.5 398.508 
886.495 396.494 
-795.499 392.499 
-125.502 386.504 
187.5 383.499 
123.499 379.497 
763.499 378.503 
239.543 373.705 
988.495 374.495 
622.499 373.501 
391.5 371.498 
660.5 370.504 
-712.5 368.496 
-417.507 362.501 
339.506 360.509 
-1027.5 359.507 
462.494 349.506 
916.497 338.502 
-201.496 332.5 
-1230.5 313.496 
788.499 295.499 
1126.5 294.489 
630.498 285.505 
869.502 285.5 
696.498 282.504 
-35.5085 279.498 
512.498 279.493 
1084.96 275.639 
-1571.5 270.496 
-1450.5 270.5 
1111.5 269.497 
-1593.5 261.499 
923.507 261.508 
180.495 256.497 
1517.49 255.5 
1180.5 248.496 
162.495 239.493 
-1129.5 234.492 
865.505 222.503 
338.504 220.503 
-640.505 205.496 
-438.502 206.501 
-887.5 204.497 
-1220.12 202.649 
-1023.5 203.499 
1170.5 201.5 
-490.503 201.497 
209.5 198.496 
-1619.5 199.492 
-1040.51 197.499 
-1225.41 197.78 
-984.502 192.498 
103.502 192.507 
26.494 189.498 
-523.494 186.496 
1600.5 186.502 
84.5023 174.501 
-837.503 174.492 
363.504 172.502 
-94.5015 159.493 
106.499 155.496 
-770.499 153.498 
1007.5 154.501 
-802.497 143.503 
-1063.5 141.496 
351.503 141.504 
-828.506 140.497 
-844.505 133.503 
-122.502 130.498 
902.505 123.893 
-1056.86 127.841 
-51.9962 116.498 
-61.3151 114.554 
902.505 123.504 
508.502 113.5 
612.501 113.508 
-1150.5 104.499 
-712.501 102.5 
-678.501 96.5004 
-387.504 96.4957 
-1211.5 94.5037 
341.5 92.5052 
1569.5 85.5085 
-971.506 83.5062 
432.753 81.49 
-996.496 73.4917 
-458.498 73.5063 
784.499 72.5004 
-773.498 70.4979 
-385.373 61.7141 
-952.497 61.4994 
-366.102 58.1094 
-1178.49 59.5004 
-1478.5 58.5035 
-385.36 61.635 
-94.5026 53.501 
-1552.5 50.4982 
-366.82 54.1147 
-176.493 41.5015 
-33.4958 41.5048 
1268.5 41.507 
-384.502 38.5029 
-1444.5 36.5043 
-1302.5 25.5027 
-1553.5 20.0029 
41.4991 13.4955 
-236.494 12.5013 
803.495 5.50171 
-1387.5 4.49512 
0.505005 -0.496826 
-857.496 -2.50696 
-608.503 -2.49695 
-1012.49 -5.50073 
-170.496 -6.50061 
102.499 -12.4988 
720.497 -13.4985 
-1401.3 -16.7557 
-1227.5 -16.4933 
547.502 -21.5042 
-1401.84 -18.1625 
-1381.95 -24.5005 
-904.501 -24.5028 
-47.4958 -25.4988 
-570.495 -29.5032 
876.502 -36.5022 
236.503 -40.4974 
-482.5 -44.5029 
-757.496 -46.4972 
-672.512 -46.5056 
26.0631 -50.6962 
149.501 -51.5017 
-19.5007 -50.5026 
-123.498 -57.5046 
26.8712 -51.8691 
-285.505 -62.4926 
-1515.5 -71.4918 
-357.5 -74.494 
-854.498 -76.5034 
-1087.5 -78.4994 
-44.5017 -79.4976 
1404.5 -80.4972 
478.502 -81.5002 
-938.501 -83.4979 
-83.499 -85.5023 
-278.498 -86.4937 
-5.50317 -90.5028 
-98.5032 -103.505 
-1568.5 -105.495 
-872.504 -108.508 
-1041.5 -111.498 
-1303.5 -112.505 
-115.501 -115.5 
-435.501 -116.5 
867.503 -121.488 
-1055.5 -134.497 
920.502 -133.501 
1268.49 -134.5 
269.502 -135.501 
-123.649 -140.708 
629.497 -140.506 
-183.499 -142.503 
1044.5 -142.494 
-69.5 -148.506 
-492.504 -149.506 
435.504 -149.498 
-125.861 -145.228 
304.419 -158.49 
317.684 -158.042 
35.4985 -159.495 
-1286.5 -161.5 
-1508.5 -163.498 
-270.495 -167.499 
-556.5 -170.498 
-483.499 -171.504 
-459.497 -177.498 
132.499 -181.495 
458.505 -183.499 
-498.49 -190.503 
293.496 -194.498 
1219.5 -195.496 
818.498 -196.505 
258.495 -200.498 
632.5 -200.497 
-271.499 -201.497 
464.497 -203.496 
-399.494 -211.503 
340.498 -211.495 
1540.5 -219.497 
-578.5 -219.495 
-1078.5 -221.497 
-162.499 -223.038 
199.501 -221.496 
-306.497 -226.494 
-1593.5 -226.495 
1491.5 -230.499 
-528.5 -240.501 
1116.5 -242.496 
176.5 -245.497 
-995.501 -251.504 
1034.5 -260.505 
101.5 -263.499 
-945.5 -265.491 
-1189.51 -267.5 
-839.5 -278.503 
947.497 -277.497 
-648.501 -278.497 
-425.507 -285.498 
-1210.5 -287.499 
-1451.5 -295.508 
-467.502 -299.496 
930.5 -299.496 
360.49 -304.496 
153.506 -310.506 
-72.4956 -315.505 
-1526.49 -318.503 
-1108.49 -318.501 
369.444 -314.566 
-676.508 -321.49 
210.504 -332.501 
1557.5 -331.495 
712.508 -334.5 
-534.5 -339.506 
-1594.5 -342.5 
1455.5 -343.497 
1180.5 -344.497 
-232.493 -345.501 
-1086.5 -346.497 
-630.502 -346.495 
313.499 -347.497 
-42.4976 -350.494 
-1497.51 -359.501 
205.5 -361.502 
1253.5 -367.505 
1101.5 -369.505 
153.494 -373.506 
-3.50342 -383.496 
821.494 -385.502 
721.498 -389.502 
-1459.51 -394.503 
1192.5 -396.509 
858.496 -406.501 
-619.502 -411.505 
373.49 -412.499 
1391.5 -415.502 
-944.507 -425.497 
-1374.5 -431.496 
138.503 -434.496 
1356.5 -440.498 
-817.497 -442.503 
-1123.5 -444.496 
-1157.5 -447.503 
-263.498 -453.498 
-1418.5 -456.495 
-785.496 -458.5 
493.498 -461.504 
812.491 -466.502 
596.5 -469.497 
-960.499 -470.511 
-168.501 -475.498 
-797.493 -482.495 
-127.496 -493.509 
-325.495 -507.495 
843.5 -516.502 
381.498 -519.504 
1349.84 -520.502 
1360.65 -520.499 
-231.494 -523.499 
688.505 -525.507 
-1487.5 -533.506 
-1346.5 -534.504 
792.497 -556.51 
-1442.49 -558.506 
1584.5 -567.497 
1276.51 -568.501 
95.5009 -573.503 
-1570.5 -585.507 
-1487.5 -584.49 
574.496 -584.502 
443.505 -588.503 
-1462.5 -589.504 
1328.5 -593.497 
-1522.5 -601.501 
1212.5 -606.5 
1293.86 -611.236 
-721.503 -610.5 
210.502 -611.503 
-1080.5 -613.505 
1294.99 -613.477 
-1519.5 -629.505 
535.497 -635.498 
-1082.51 -636.501 
977.498 -637.504 
1250.5 -643.498 
-940.502 -647.496 
973.035 -643.7 
-572.499 -652.495 
-1095.5 -652.499 
73.9547 -657.266 
514.506 -660.495 
611.501 -667.496 
-1120.5 -669.5 
955.495 -669.503 
1001.49 -669.503 
228.507 -671.507 
-816.496 -673.5 
-667.503 -691.503 
1073.5 -698.496 
-1178.5 -704.495 
438.505 -707.499 
-1094.5 -708.507 
550.504 -709.507 
-370.497 -710.497 
-1489.5 -719.502 
344.842 -721.675 
1489.5 -723.505 
349.038 -723.79 
-190.506 -730.504 
844.503 -737.5 
-724.496 -742.489 
-1303.49 -746.502 
317.507 -747.501 
1067.5 -750.504 
1313.5 -751.5 
1513.49 -755.501 
696.497 -757.505 
77.5052 -759.5 
-450.504 -771.496 
-175.493 -802.497 
-190.503 -807.504 
1574.51 -816.501 
-194.352 -814.906 
1301.5 -838.5 
-1443.5 -851.499 
-1465.49 -853.5 
890.501 -855.5 
-771.502 -863.497 
368.505 -866.495 
1136.5 -891.503 
-957.504 -893.497 
1044.5 -902.501 
1237.5 -909.5 
133.496 -911.5 
-113.508 -914.504 
713.501 -916.504 
1569.5 -916.495 
1461.5 -923.504 
-988.504 -943.499 
-67.4957 -943.501 
1063.5 -944.499 
321.491 -951.502 
509.492 -952.498 
-409.503 -956.499 
669.507 -962.503 
-536.505 -965.502 
1006.5 -982.491 
91.5088 -987.5 
-926.491 -992.503 
527.499 -1017.5 
685.501 -1023.49 
1493.5 -1024.5 
849.507 -1025.5 
-1040.5 -1036.5 
-482.496 -1040.51 
-554.5 -1051.5 
-161.507 -1051.5 
-282.498 -1065.5 
1007.5 -1066.5 
651.501 -1068.51 
1512.49 -1079.5 
45.493 -1091.5 
298.496 -1115.5 
-1382.5 -1120.5 
876.501 -1123.5 
933.499 -1129.5 
-841.495 -1144.51 
360.504 -1149.51 
98.4968 -1157.5 
542.5 -1172.5 
1394.5 -1174.5 
-249.648 -1187.2 
-253.702 -1191.23 
-119.499 -1197.51 
-995.504 -1199.5 
409.504 -1203.51 
