3.49744 1197.5 
29.5004 1191.5 
-1270.5 1180.5 
-1474.51 1129.5 
748.509 1125.51 
1398.5 1117.5 
1205.5 1073.5 
-1231.5 1071.5 
-790.505 1053.5 
-680.502 1053.5 
936.508 1036.5 
-659.507 1017.49 
156.501 1017.5 
172.5 1016.5 
-223.506 1013.5 
633.5 1000.49 
482.505 991.51 
1475.5 991.498 
673.499 988.495 
157.499 960.504 
-89.5002 959.5 
-559.502 952.496 
-785.5 950.492 
-502.497 950.499 
405.503 943.501 
176.504 938.504 
-378.504 929.506 
461.5 912.501 
1342.49 877.496 
506.498 864.503 
-60.5022 847.499 
703.499 834.499 
-512.511 833.499 
-1281.5 831.498 
726.502 829.499 
-987.501 824.5 
631.499 820.507 
-1362.49 819.5 
830.498 811.498 
748.502 800.498 
-1383.5 774.502 
-1123.5 760.488 
-1341.5 759.505 
994.501 740.505 
80.4983 722.499 
-437.504 696.505 
226.495 692.503 
-682.502 685.501 
518.5 677.496 
-568.494 670.499 
397.499 669.499 
-626.5 646.497 
121.498 641.499 
-715.497 630.504 
-754.492 608.506 
-187.5 609.499 
748.499 606.498 
-512.498 570.5 
223.503 563.5 
332.491 547.495 
832.504 544.502 
469.507 518.502 
876.5 484.497 
-1115.5 478.494 
-125.498 464.497 
1181.5 447.498 
-337.499 442.499 
-1567.5 441.5 
-296.5 428.494 
876.498 418.5 
1088.5 419.504 
-766.502 418.495 
-274.504 398.502 
315.494 391.501 
-1486.5 388.501 
1051.5 385.499 
1443.5 381.503 
-504.501 380.503 
-291.497 369.496 
234.501 362.505 
1368.49 357.499 
466.506 356.501 
-326.5 353.504 
-424.499 348.501 
-1111.51 337.502 
1346.5 331.493 
-555.494 318.497 
618.497 314.502 
1311.5 313.496 
-207.506 312.508 
1313.58 307.768 
-182.5 282.496 
-1013.51 278.497 
574.498 272.505 
-853.499 257.506 
-995.5 255.495 
-119.498 252.504 
177.498 237.497 
-674.507 231.504 
-402.508 218.502 
-521.497 198.505 
-543.502 189.498 
-1428.5 185.499 
1340.5 179.498 
1360.5 173.504 
-354.5 161.497 
-854.504 157.499 
715.495 157.501 
-150.495 147.499 
1464.5 138.501 
-644.492 137.497 
715.496 135.496 
1494.5 134.497 
1349.51 132.502 
1072.5 127.493 
-71.493 121.499 
-1111.49 112.501 
1310.5 110.504 
-874.507 100.503 
-432.496 84.4987 
-1382.5 80.5126 
-636.502 60.4955 
-105.501 56.504 
1287.5 47.4957 
636.508 43.5007 
1033.5 43.4973 
-115.883 41.3916 
-134.499 23.4963 
660.499 22.5026 
151.506 15.5023 
-1240.5 12.4941 
-1126.5 9.49658 
361.499 5.49744 
-1165.16 1.16382 
1433.5 0.498169 
0.491211 -0.49646 
-740.499 -28.5071 
-337.497 -28.5048 
273.499 -30.4926 
-1568.49 -56.499 
714.508 -71.4978 
202.508 -92.5004 
-512.5 -95.4967 
-77.5017 -104.5 
-1437.51 -112.512 
439.502 -128.507 
-983.501 -148.499 
1538.5 -148.5 
1050.5 -151.502 
-671.496 -171.502 
1038.5 -174.502 
-787.496 -176.507 
-328.499 -178.496 
-1532.49 -179.5 
1011.5 -180.499 
-1527.49 -199.503 
-726.496 -204.499 
-96.498 -212.505 
1030.5 -249.504 
876.497 -258.499 
320.498 -269.503 
716.496 -270.502 
-182.503 -270.493 
279.5 -272.499 
119.498 -334.495 
1004.5 -336.503 
-592.499 -363.503 
-749.115 -372.676 
-746.4 -374.328 
-257.5 -380.499 
1077.51 -381.499 
286.508 -387.496 
758.501 -398.503 
-801.493 -399.502 
371.508 -413.499 
-385.5 -428.503 
-421.502 -430.502 
540.492 -440.496 
12.507 -443.497 
-214.495 -458.501 
1033.5 -467.496 
-335.504 -478.505 
-1065.51 -479.506 
-1585.5 -481.506 
1508.5 -494.504 
-1051.5 -504.503 
-956.493 -523.495 
123.501 -547.507 
500.492 -573.494 
1309.5 -582.506 
347.503 -584.504 
-940.498 -599.495 
-1294.5 -602.496 
141.501 -609.505 
-1324.5 -612.499 
-1429.5 -618.499 
-1374.49 -620.503 
154.503 -638.5 
520.498 -647.496 
438.496 -652.497 
-1588.5 -674.503 
-932.503 -682.501 
97.5083 -684.501 
835.5 -703.495 
776.499 -708.498 
1560.5 -712.497 
-133.503 -719.495 
1218.5 -720.498 
397.505 -723.499 
1449.5 -752.497 
964.496 -765.503 
-166.502 -769.491 
1364.5 -769.502 
-71.5027 -791.497 
860.503 -812.502 
1616.49 -822.498 
1088.5 -830.503 
1530.5 -852.498 
906.496 -857.503 
419.496 -880.496 
-682.506 -882.508 
462.5 -883.506 
436.496 -897.5 
157.503 -914.498 
-468.505 -929.5 
-614.495 -946.506 
-134.502 -948.497 
1145.49 -950.497 
-181.494 -953.501 
344.497 -954.502 
-1183.5 -955.501 
-603.503 -970.503 
214.496 -975.502 
1443.5 -976.496 
-839.499 -980.493 
89.5026 -1002.5 
-380.5 -1012.49 
1264.5 -1012.49 
-404.498 -1042.51 
-679.501 -1059.5 
1487.5 -1076.5 
-1488.5 -1086.5 
102.503 -1086.5 
291.497 -1104.5 
808.501 -1133.5 
1007.5 -1134.5 
1039.5 -1138.51 
461.503 -1139.5 
974.501 -1175.5 
-112.501 -1177.5 
773.503 -1190.5 
-495.505 -1193.5 
-548.573 -1200.14 
1020.49 -1202.5 
-548.592 -1200.25 
