-891.497 1161.5 
-292.498 1150.5 
726.492 1147.5 
124.502 1140 
-475.5 1138.51 
1031.51 1132.51 
-927.496 1114.5 
551.5 1108.5 
770.5 1088.5 
1437.5 1065.5 
468.495 1063.51 
-1100.5 1055.49 
-334.504 1055.49 
1257.5 1036.5 
-162.497 1033.5 
333.505 1030.5 
-314.844 1024.95 
-321.213 1019.82 
32.5018 1016.5 
-1574.5 1015.51 
1305.49 1000.5 
-897.498 996.495 
626.5 997.509 
-234.575 989.111 
-979.503 988.508 
-235.624 988.178 
1559.5 974.493 
-537.502 971.5 
-195.507 971.498 
127.5 970.504 
-1266.5 967.501 
-986.507 956.499 
-1090.51 955.507 
518.001 950.493 
-747.489 927.502 
174.504 925.498 
1026.49 916.506 
1223.5 915.502 
-1377.5 914.504 
805.502 901.498 
1074.5 900.49 
1281.5 890.494 
-753.502 841.504 
-115.499 834.495 
1095.49 833.5 
631.499 817.499 
-1188.5 817.503 
1130.5 813.495 
-1466.49 792.498 
-1061.5 783.498 
-347.496 777.5 
-15.5021 777.491 
1265.49 760.498 
-1185.5 756.501 
1204.5 733.501 
1513.5 733.501 
984.498 729.501 
76.5044 722.497 
-1084.5 719.496 
402.501 714.502 
1554.88 705.584 
-547.498 700.497 
875.502 695.502 
25.4839 688.419 
-1112.5 682.502 
1437.5 680.494 
25.2062 685.86 
-471.498 677.5 
1284.49 675.503 
1490.5 674.501 
1396.5 667.503 
1094.5 650.505 
774.499 642.499 
-1128.5 623.495 
-322.501 621.504 
-183.498 619.504 
429.5 609.505 
-1200.56 596.088 
-1206.07 593.759 
292.499 592.5 
995.499 572.503 
-306.495 558.502 
1115.51 551.504 
112.502 531.499 
-252.502 526.498 
912.499 525.509 
1096.5 505.497 
1509.49 505.501 
185.499 496.498 
1347.5 496.498 
1567.5 496.494 
1608.5 488.505 
-1404.5 480.502 
-578.503 470.497 
244.499 458.498 
746.492 434.502 
-830.505 425.504 
-1277.51 418.498 
582.491 414.498 
757.507 414.501 
-989.494 408.506 
1591.5 402.501 
-1331.5 397.5 
-392.501 399.504 
-56.496 376.504 
-293.5 358.498 
-674.505 349.502 
610.502 334.5 
39.5048 331.499 
1310.5 322.505 
321.507 318.501 
13.496 315.499 
658.499 311.505 
-722.506 297.501 
-172.497 290.499 
333.501 283.502 
752.496 263.502 
-762.493 262.494 
1263.5 262.5 
-1477.5 252.506 
1539.5 248.499 
1213.5 244.497 
1454.5 241.504 
-1162.5 216.499 
-1435.5 203.5 
-1253.49 181.495 
-1332.5 180.501 
836.505 167.491 
-970.492 162.505 
-508.506 157.5 
-210.67 156.461 
1555.49 157.507 
-224.08 153.627 
-1398.5 145.501 
-1464.5 136.5 
-1061.49 128.496 
299.496 122.501 
738.503 120.496 
278.501 113.497 
348.501 111.494 
-11.4974 110.504 
1162.5 110.501 
-1086.5 104.497 
449.502 98.4919 
1067.5 94.4989 
1181.5 78.4961 
-920.505 75.4971 
-859.499 54.5044 
417.502 39.5039 
1022.5 40.5031 
1203.5 33.4958 
562.498 30.5 
-1569.5 23.4996 
-275.5 19.4993 
1539.5 13.4998 
-574.499 4.49817 
-892.493 1.50073 
0.494873 -0.495239 
-18.5031 -7.49243 
733.502 -11.5034 
1127.5 -22.5076 
1364.5 -30.506 
1202.49 -37.4978 
783.5 -38.5066 
-36.4993 -51.4983 
897.499 -57.4982 
456.506 -60.501 
-309.494 -77.5015 
758.503 -80.5061 
67.5011 -86.5029 
1312.5 -90.4999 
-116.5 -90.5087 
559.502 -95.5033 
242.492 -100.497 
-81.4972 -104.498 
420.5 -114.496 
1487.5 -120.5 
-843.497 -134.503 
-809.327 -139.532 
-800.143 -140.803 
902.501 -151.503 
21.5004 -152.504 
325.494 -173.503 
-310.497 -179.504 
1065.5 -192.496 
440.501 -197.496 
1494.49 -209.505 
-836.501 -215.507 
466.496 -221.496 
129.51 -223.507 
-1397.5 -224.504 
1595.51 -234.501 
210.501 -244.494 
-1368.5 -256.489 
-1073.49 -276.5 
-361.497 -284.508 
1365.5 -296.498 
52.5065 -301.499 
-613.503 -326.503 
364.491 -326.497 
-1242.5 -334.502 
1241.51 -337.5 
660.506 -341.502 
1517.5 -341.5 
1032.49 -347.505 
-125.496 -350.495 
-957.497 -352.497 
508.501 -355.506 
-965.5 -371.498 
880.509 -385.501 
-517.503 -402.505 
-557.492 -403.506 
1436.5 -406.496 
1152.5 -408.5 
-1427.5 -412.502 
1508.5 -444.509 
1538.51 -453.498 
1427.5 -454.495 
956.5 -460.499 
-1598.5 -471.503 
378.495 -486.495 
-241.51 -492.491 
560.501 -495.501 
433.503 -501.495 
933.495 -523.501 
62.5006 -527.499 
341.5 -533.496 
1377.5 -536.502 
882.497 -537.495 
1277.5 -541.501 
56.4996 -545.497 
421.506 -560.504 
-1230.5 -574.495 
-1056.5 -577.5 
1417.51 -577.504 
1470.5 -582.496 
1438.49 -583.496 
1327.49 -584.5 
-1041.5 -586.497 
-1077.5 -589.505 
850.499 -605.496 
1573.5 -623.497 
-1327.51 -635.502 
1020.5 -640.509 
900.501 -642.503 
-695.496 -646.505 
1452.5 -668.496 
-351.497 -673.495 
-1255.5 -674.503 
-268.499 -679.503 
203.504 -682.498 
-1074.5 -691.502 
1480.5 -699.499 
568.937 -704.309 
-1286.49 -709.502 
992.503 -709.499 
568.479 -706.59 
29.5032 -722.499 
1316.5 -722.499 
701.505 -723.503 
139.494 -728.505 
348.498 -729.5 
288.504 -730.496 
838.499 -742.498 
1042.5 -743.496 
-409.501 -775.498 
-850.501 -779.499 
-99.4963 -787.5 
1416.5 -798.501 
151.499 -817.496 
738.492 -843.5 
-881.503 -846.499 
1258.5 -848.498 
-1048.49 -879.501 
-880.501 -879.499 
796.503 -880.497 
259.5 -890.501 
603.498 -904.499 
-1011.5 -909.505 
1195.5 -915.505 
977.495 -929.5 
-828.502 -945.496 
722.503 -947.502 
-267.499 -956.504 
1133.5 -983.499 
998.497 -989.503 
-428.498 -999.508 
-1412.5 -1015.5 
400.496 -1058.5 
-1147.5 -1073.51 
-619.491 -1073.5 
254.505 -1073.5 
-1160.5 -1089.49 
186.502 -1102.49 
-1109.5 -1105.5 
143.499 -1118.5 
1485.5 -1120.51 
-302.491 -1135.49 
1119.5 -1141.5 
-1366.5 -1142.5 
1180.5 -1158.5 
-1504.5 -1161.49 
646.504 -1164.5 
648.056 -1170.75 
-673.494 -1192.5 
-1279.5 -1207.51 
