-1452.5 1207.5 
1460.5 1208.5 
-441.5 1197.5 
1539.49 1196.49 
695.498 1193.5 
1078.5 1188.5 
653.502 1187.5 
1239.49 1188.5 
-1443.5 1185.5 
-1181.5 1184.5 
-950.502 1167.49 
948.495 1168.51 
-82.4982 1165.49 
1464.83 1166.5 
1475.68 1166.5 
12.4993 1165.5 
-14.4993 1154.5 
-1174.5 1142.5 
-1106.5 1141.5 
-1596.5 1140.5 
880.509 1140.51 
800.5 1137.5 
-1194.5 1137.5 
-1144.5 1137.49 
36.5977 1129.44 
-782.5 1122.49 
36.6288 1129.37 
328.495 1118.49 
-723.507 1115.5 
-822.504 1114.5 
-1347.5 1113.5 
-1378.51 1108.5 
-271.497 1094.5 
136.503 1089.5 
192.493 1088.51 
-1328.5 1083.5 
652.501 1084.51 
982.499 1083.5 
-1047.5 1067.5 
1347.5 1055.49 
-1008.49 1051.51 
-1120.51 1046.51 
258.505 1045.51 
424.495 1033.51 
1391.5 1032.5 
806.497 1023.51 
-1404.5 1020.5 
461.5 1021.5 
-50.5004 1013.5 
565.503 1004.5 
-72.4971 1000.5 
688.496 993.505 
-1224.5 984.496 
-685.5 977.487 
-225.499 977.499 
-358.498 974.503 
-1281.5 970.505 
-765.501 969.504 
-144.502 962.498 
1084.5 962.505 
291.502 957.502 
1296.5 956.506 
-1498.5 955.49 
-393.502 949.496 
-167.498 947.5 
779.501 947.5 
1090.3 948.851 
-33.5039 943.498 
-688.157 938.416 
103.504 936.492 
409.504 936.495 
-667.5 930.661 
-688.098 937.959 
701.496 925.494 
1253.5 922.491 
-943.496 921.499 
-668.824 925.433 
-148.496 921.505 
-331.323 917.498 
-321.993 917.5 
473.509 917.493 
-1325.5 912.501 
-691.503 912.498 
566.499 910.497 
-1115.49 908.502 
-1447.5 906.495 
-1229.5 900.5 
-1020.5 888.509 
-1465.51 884.493 
1222.5 885.503 
-905.502 881.497 
641.492 880.496 
117.504 879.498 
1432.5 871.502 
-1252.49 868.509 
-467.501 864.496 
-378.503 858.504 
-535.505 848.503 
97.5022 848.504 
1367.5 846.507 
-810.504 844.507 
685.512 843.499 
886.497 832.503 
-317.502 831.5 
842.035 821.635 
621.491 816.5 
-469.494 811.499 
1402.5 809.498 
865.5 808.498 
76.4966 798.494 
1456.5 795.501 
-1499.5 792.501 
-244.501 783.494 
247.51 783.5 
-679.493 781.501 
-600.5 778.501 
-289.487 778.501 
922.498 772.502 
1436.5 768.501 
165.745 766.573 
-343.496 762.5 
349.501 760.501 
-769.496 755.503 
-597.504 750.503 
-428.501 746.506 
-187.5 742.504 
-1406.5 739.493 
-835.499 732.487 
-319.498 730.5 
899.504 727.497 
-908.498 724.502 
-274.521 721.384 
735.498 714.495 
-1350.51 712.504 
-272.602 718.152 
629.497 706.891 
-391.514 707.499 
-829.502 706.501 
1228.49 706.496 
-351.493 705.498 
629.497 706.5 
-804.494 695.506 
-147.502 691.5 
-411.501 692.501 
-1541.49 691.501 
-848.503 690.493 
-312.497 685.492 
-430.509 683.492 
-57.496 683.499 
504.492 680.497 
-938.494 676.497 
-1232.5 673.495 
-506.497 670.5 
-601.503 663.503 
-443.705 659.286 
-1519.5 656.505 
-447.496 654.154 
-745.497 645.5 
-887.498 643.503 
1603.5 641.5 
-389.496 638.505 
253.503 636.495 
-1022.49 630.497 
-607.494 627.494 
1280.5 622.507 
-649.505 609.5 
421.503 607.501 
504.5 608.504 
-283.503 603.493 
-1058.51 590.506 
172.507 588.504 
-498.014 581.446 
1295.5 582.487 
-44.4969 578.496 
-784.51 573.505 
-830.5 568.499 
-1607.51 563.502 
-189.494 561.499 
-1567.51 559.499 
-1011.5 554.501 
562.5 551.502 
-14.4795 547.997 
942.503 548.498 
-0.334839 546.5 
-907.499 541.496 
-1365.5 540.5 
115.499 530.492 
1220.5 530.504 
1518.5 522.498 
-33.5011 514.502 
-68.5006 515.496 
-131.491 506.499 
304.501 499.498 
-1386.5 495.5 
-1226.5 494.495 
130.499 491.498 
9.50769 488.501 
-159.501 487.506 
-237.497 485.5 
-1007.5 484.492 
-1192.5 471.5 
-590.499 471.495 
131.504 470.496 
532.51 470.5 
-422.499 468.502 
-1208.5 448.506 
577.496 448.495 
293.505 439.502 
1416.49 434.501 
-397.495 427.5 
-194.5 427.499 
688.499 414.502 
467.501 407.497 
1026.5 405.494 
-142.497 394.499 
9.50098 392.598 
-363.495 386.499 
891.498 380.495 
16.9507 377.883 
-1531.5 372.506 
-639.5 368.498 
-153.5 367.496 
-206.505 365.498 
-44.4962 359.499 
-1535.5 349.498 
-1551.5 335.501 
831.5 331.499 
-546.499 328.496 
-711.503 327.506 
-1579.49 323.498 
-1379.5 309.5 
-232.502 308.497 
726.5 306.496 
566.499 305.503 
648.499 305.498 
-507.505 303.502 
-1139.51 302.504 
335.498 296.499 
-617.499 293.504 
545.499 288.5 
-0.496704 285.502 
-1554.51 278.496 
1198.5 272.499 
-1248.49 258.501 
1209.89 257.317 
1104.5 250.343 
1059.5 249.497 
331.503 242.5 
1180.5 238.501 
1305.5 234.505 
-987.498 232.5 
424.501 227.503 
102.495 216.5 
-1091.49 212.5 
453.507 201.492 
756.5 201.504 
1473.5 197.494 
680.497 192.503 
197.501 189.499 
-300.497 183.505 
1414.5 184.493 
-15.5048 181.502 
-1157.49 173.495 
815.498 167.504 
1434.49 160.503 
396.506 154.504 
996.502 154.497 
754.496 151.5 
1086.5 147.503 
-786.492 138.505 
-196.5 126.504 
270.504 121.497 
1300.5 110.5 
-336.271 107.953 
29.4983 106.496 
413.496 103.505 
921.495 101.498 
-876.497 94.4993 
152.505 88.5026 
-608.494 87.4944 
884.498 84.4991 
1508.5 84.5005 
1160.51 79.4954 
358.508 75.5101 
-1419.49 69.4928 
-189.498 68.5009 
-1219.5 64.4963 
1214.5 59.4966 
105.497 47.5017 
80.5029 28.5065 
-1455.5 26.4994 
-604.494 16.4969 
-619.503 14.4977 
860.944 13.738 
-351.501 13.4989 
864.045 13.269 
168.493 6.50256 
1521.5 4.50073 
-624.698 8.45642 
-89.0677 1.24182 
0.505005 -0.49707 
-87.7712 -0.010498 
781.501 -14.4934 
-120.5 -16.5005 
103.499 -20.5042 
504.5 -27.4958 
-1393.5 -31.502 
1215.5 -34.5007 
716.503 -37.5028 
496.25 -33.5436 
819.496 -45.4962 
477.498 -51.5004 
-1518.5 -52.4971 
785.259 -55.7729 
1544.5 -53.5007 
517.5 -58.5007 
1114.49 -59.4983 
1042.5 -63.4991 
785.492 -56.9667 
1321.5 -68.5037 
-987.501 -73.5 
740.503 -75.5063 
1397.5 -85.4989 
-858.495 -85.5039 
226.5 -87.4971 
1368.51 -89.5004 
363.504 -93.4985 
-560.502 -96.5033 
573.497 -96.5055 
1143.5 -106.504 
1457.5 -115.504 
-520.502 -129.498 
-95.505 -131.498 
1226.5 -132.499 
-323.503 -133.506 
556.496 -139.502 
1266.5 -144.501 
-1016.49 -148.503 
-942.496 -150.505 
1491.5 -159.5 
766.494 -177.498 
920.5 -180.498 
-1318.5 -186.5 
-376.49 -194.506 
-154.507 -199.5 
376.489 -202.5 
-747.503 -204.5 
-627.498 -211.498 
931.503 -211.496 
-1483.5 -212.496 
1330.5 -223.498 
16.5104 -228.505 
207.508 -228.499 
1571.5 -247.506 
733.504 -248.496 
159.498 -260.498 
1522.51 -262.505 
499.49 -265.497 
581.497 -269.5 
966.503 -270.503 
-436.495 -278.493 
20.4952 -286.495 
1255.5 -294.509 
1524.5 -298.501 
662.498 -298.497 
506.497 -303.499 
160.501 -315.495 
-733.694 -318.803 
-737.281 -320.608 
449.501 -326.503 
1105.5 -332.51 
-205.493 -337.501 
1174.49 -337.496 
304.503 -339.504 
845.502 -341.496 
-397.496 -343.501 
-608.503 -345.499 
121.499 -348.5 
935.499 -351.494 
1062.5 -373.497 
-155.499 -374.496 
-1151.5 -385.508 
431.494 -395.505 
4.49585 -418.5 
306.5 -424.501 
-120.494 -426.508 
846.499 -427.499 
-156.497 -430.501 
-846.507 -436.5 
353.501 -437.503 
1085.49 -458.5 
-371.5 -459.496 
-230.494 -466.495 
-274.49 -469.495 
847.499 -473.505 
-1092.5 -477.5 
1144.45 -494.444 
1132.5 -498.497 
-894.506 -509.509 
-1292.5 -517.502 
-872.494 -520.509 
1293.5 -525.502 
182.505 -529.503 
728.503 -533.497 
1293.5 -558.498 
-1407.51 -560.509 
1406.5 -562.503 
-1195.51 -565.498 
531.498 -572.5 
1576.5 -574.5 
268.5 -578.494 
911.5 -578.5 
603.5 -592.496 
-738.501 -618.5 
137.493 -628.495 
-1368.49 -635.498 
1493.5 -639.498 
-292.496 -642.496 
-275.496 -655.508 
573.504 -659.5 
-1103.5 -668.5 
-792.502 -671.494 
-616.495 -683.499 
501.488 -713.5 
-23.5 -724.502 
613.503 -730.5 
-750.497 -736.498 
548.499 -737.501 
-854.501 -752.504 
-63.494 -759.492 
-270.503 -776.502 
638.498 -783.501 
-866.496 -792.492 
1514.5 -813.504 
-1618.5 -828.496 
1066.49 -840.497 
-661.501 -841.501 
253.491 -845.505 
1480.5 -848.498 
1366.49 -860.501 
916.502 -882.5 
-900.494 -889.497 
-1201.5 -896.497 
-149.501 -907.5 
502.5 -928.504 
-1256.17 -931.449 
1368.5 -941.501 
1036.5 -948.499 
1617.5 -965.495 
1378.5 -974.499 
441.499 -981.494 
920.495 -998.493 
1384.5 -1002.5 
795.504 -1009.5 
1371.51 -1017.5 
-99.4996 -1020.5 
1502.5 -1037.5 
852.5 -1043.51 
1345.51 -1051.5 
-741.499 -1057.5 
-50.5 -1061.49 
1020.5 -1066.51 
1444.5 -1077.5 
-172.509 -1083.5 
506.504 -1097.49 
612.498 -1108.5 
1111.51 -1111.5 
-682.498 -1125.5 
798.496 -1149.5 
-1008.5 -1153.5 
1428.5 -1153.5 
780.498 -1154.49 
-528.506 -1198.49 
-348.497 -1204.5 
-1274.5 -1209.5 
