-924.099 1220.13 
-924.666 1219.14 
-923.991 1219.14 
-1369.11 1200.14 
-1369.67 1199.14 
-1369 1199.14 
-1119.12 1185.14 
-1535.1 1183.14 
-1119.67 1184.14 
-1119 1184.14 
-1535.67 1182.13 
-1535 1182.13 
444.9 1168.14 
444.339 1167.14 
445.009 1167.14 
-552.102 1149.14 
407.904 1149.14 
-552.67 1148.14 
-551.997 1148.14 
407.337 1148.14 
408.004 1148.14 
481.903 1142.15 
481.331 1141.15 
482.008 1141.15 
-1556.1 1136.14 
-1556.66 1135.14 
-1555.99 1135.14 
-663.105 1124.14 
-663.665 1123.14 
-662.993 1123.14 
153.887 1115.14 
153.325 1114.13 
153.999 1114.13 
181.895 1111.14 
-1459.11 1108.14 
181.333 1110.13 
182.004 1110.13 
-1459.67 1107.13 
-1459 1107.13 
-395.104 1094.15 
-395.667 1093.15 
-394.997 1093.15 
164.899 1060.14 
164.326 1059.14 
165.007 1059.14 
1572.89 1049.14 
1572.33 1048.14 
1573.01 1048.14 
-460.101 1036.14 
-462.103 1034.14 
-460.187 1034.23 
-458.669 1034.29 
-460.246 1032.71 
1171.9 1023.14 
1171.33 1022.14 
1172.01 1022.14 
-1327.11 1011.13 
-1327.67 1010.13 
-1326.99 1010.13 
1036.89 1004.14 
1443.91 1003.13 
1036.33 1003.13 
1037 1003.13 
1443.34 1002.13 
1444.01 1002.14 
-296.098 994.14 
-955.094 990.142 
-296.66 993.144 
-295.989 993.137 
-955.667 989.147 
-954.99 989.147 
781.905 969.138 
781.342 968.137 
782.016 968.135 
-861.107 957.14 
-863.099 955.14 
-861.188 955.225 
-859.671 955.282 
-861.243 953.712 
-15.1034 930.145 
-15.6675 929.142 
-15.0039 929.14 
-507.099 914.143 
-507.666 913.141 
-506.993 913.143 
-908.099 906.141 
-908.665 905.136 
-907.996 905.139 
1474.9 892.139 
1474.33 891.136 
1475 891.137 
-230.1 855.135 
761.912 853.14 
-230.662 854.136 
-229.989 854.135 
761.339 852.138 
762.013 852.139 
-102.099 846.144 
-104.097 844.138 
-102.187 844.225 
-100.675 844.284 
-102.247 842.707 
110.891 815.142 
108.895 813.146 
110.809 813.231 
112.327 813.288 
1494.9 808.135 
110.754 811.716 
1494.34 807.132 
1495.01 807.134 
-1551.09 803.134 
-1551.67 802.134 
-1550.99 802.133 
291.895 797.143 
289.9 795.143 
291.818 795.233 
293.32 795.293 
934.901 793.143 
291.766 793.712 
932.908 791.143 
934.816 791.233 
936.328 791.295 
-735.103 786.142 
866.897 785.135 
934.758 789.717 
123.9 784.136 
-735.666 785.152 
-734.994 785.15 
-413.101 781.139 
866.331 784.133 
867.004 784.131 
123.341 783.136 
124.01 783.137 
427.904 780.138 
-413.664 780.137 
-412.988 780.137 
427.331 779.142 
428.008 779.149 
1493.9 775.144 
1491.9 773.135 
1493.81 773.223 
1495.33 773.282 
1493.75 771.708 
315.903 750.135 
322.686 749.136 
315.335 749.139 
316.789 748.974 
321.905 748.326 
1450.9 742.139 
1448.9 740.13 
1450.81 740.223 
1452.33 740.286 
294.911 735.147 
1450.75 738.711 
294.334 734.148 
295.008 734.148 
979.905 722.139 
1143.9 722.133 
1454.9 722.14 
737.891 718.143 
979.339 721.131 
980.008 721.134 
1143.34 721.132 
1144.01 721.136 
1454.34 721.145 
1455.01 721.14 
737.324 717.142 
737.999 717.142 
719.903 709.136 
698.907 708.146 
719.334 708.133 
720.01 708.137 
-1426.09 704.138 
698.342 707.147 
699.013 707.149 
-1426.66 703.13 
-1425.99 703.133 
528.888 699.139 
-756.101 696.144 
916.902 696.133 
528.331 698.137 
529.003 698.139 
-756.671 695.154 
-755.993 695.152 
916.331 695.14 
917.01 695.142 
85.8873 683.147 
85.3364 682.143 
86.0033 682.139 
1380.9 664.142 
1380.33 663.146 
1381.01 663.145 
-368.085 659.145 
1479.9 656.135 
-368.66 658.147 
-367.99 658.148 
1479.33 655.131 
1480.01 655.134 
927.902 645.139 
927.336 644.145 
928.016 644.144 
431.914 638.141 
303.89 637.138 
-82.0937 635.137 
431.335 637.139 
432.01 637.14 
303.338 636.135 
304.001 636.134 
-82.6669 634.143 
-81.9918 634.143 
604.895 631.142 
602.9 629.141 
604.812 629.221 
606.33 629.276 
604.756 627.707 
-14.1021 612.139 
-173.097 610.142 
-14.6682 611.144 
-13.9944 611.144 
-1369.11 607.141 
1216.9 607.14 
-173.674 609.147 
-172.988 609.148 
-1369.67 606.141 
-1369 606.143 
1214.9 605.15 
1216.82 605.226 
1218.33 605.276 
521.886 602.146 
1216.77 603.709 
521.331 601.147 
521.998 601.145 
-886.103 596.14 
-886.666 595.143 
-885.991 595.145 
1600.9 592.137 
-777.098 590.14 
1598.9 590.141 
1600.82 590.225 
1602.33 590.282 
-777.662 589.121 
-776.997 589.122 
1600.76 588.711 
1314.91 582.14 
1314.33 581.144 
1315.01 581.143 
539.905 574.144 
1246.9 573.142 
539.335 573.151 
540.016 573.152 
1246.34 572.142 
1247.01 572.141 
1480.9 568.137 
-1326.11 566.139 
1480.34 567.142 
1481.01 567.142 
-1326.67 565.139 
-1326 565.138 
-573.111 546.146 
-835.124 544.143 
-573.671 545.139 
-573.001 545.14 
-835.671 543.143 
-835.003 543.138 
-296.104 528.135 
-296.666 527.13 
-295.996 527.135 
-483.109 523.136 
-483.674 522.139 
-483.001 522.14 
982.897 519.146 
-1215.1 517.142 
980.895 517.146 
982.812 517.229 
984.328 517.286 
-1215.66 516.134 
-1214.99 516.13 
982.755 515.712 
1514.9 499.144 
1514.34 498.141 
1515.01 498.138 
1146.9 494.144 
1146.33 493.145 
1147.01 493.142 
-795.098 488.141 
-795.662 487.136 
-794.986 487.134 
-1185.1 479.141 
-1549.09 476.141 
-1185.67 478.148 
-1184.99 478.15 
-1551.1 474.131 
-1549.18 474.224 
-1547.66 474.287 
-1549.24 472.705 
296.91 467.143 
-1426.1 466.136 
11.9085 464.145 
296.343 466.148 
297.014 466.145 
-1426.66 465.151 
-1425.99 465.145 
11.3374 463.141 
12.0088 463.142 
252.9 458.141 
250.897 456.147 
252.818 456.228 
254.329 456.282 
252.762 454.715 
-1019.1 448.143 
-259.09 447.138 
1517.92 445.133 
-1019.66 447.148 
-1018.99 447.147 
-259.666 446.144 
-258.99 446.141 
1517.33 444.118 
1518.01 444.127 
-1019.69 442.294 
1469.9 440.14 
-1020.67 439.136 
-1019.99 439.139 
-894.098 436.139 
1467.9 438.145 
1469.82 438.226 
1471.33 438.28 
1511.91 434.138 
-896.094 434.145 
-894.183 434.232 
-892.67 434.291 
1469.76 436.71 
1511.33 433.141 
1512.01 433.142 
-894.241 432.711 
547.89 417.145 
545.901 415.142 
547.807 415.223 
549.325 415.279 
547.752 413.71 
-567.095 356.142 
-567.659 355.134 
-566.99 355.133 
1615.89 349.133 
-1098.09 345.136 
1615.33 348.134 
1616 348.137 
-1098.67 344.141 
-1097.99 344.144 
-943.096 322.135 
938.902 322.143 
-943.664 321.137 
-942.989 321.136 
938.34 321.137 
939.004 321.139 
1571.89 318.141 
1571.32 317.13 
1572 317.134 
989.901 306.137 
-1195.09 304.138 
989.331 305.138 
990.005 305.14 
-1195.66 303.126 
-1194.99 303.129 
-130.11 293.141 
507.905 291.133 
-130.664 292.134 
-130 292.137 
507.338 290.137 
508.019 290.137 
35.8973 279.138 
-705.107 278.145 
35.3431 278.136 
36.0058 278.137 
-705.664 277.139 
-704.992 277.14 
-592.109 267.142 
-592.667 266.137 
-591.998 266.135 
572.901 261.145 
1392.91 258.141 
572.335 260.141 
573.006 260.145 
1392.34 257.131 
1393.01 257.137 
-57.105 250.137 
839.899 247.136 
-59.102 248.132 
-57.1891 248.224 
-55.6704 248.287 
839.339 246.137 
840.012 246.134 
-57.246 246.71 
-1602.1 232.138 
500.89 231.142 
-1602.67 231.132 
-1602 231.135 
-1533.44 227.185 
500.331 230.143 
500.998 230.142 
-1530.93 226.072 
-1536.56 225.232 
-1534.4 225.074 
-1531.08 223.566 
-1536.57 222.011 
-1534.36 220.701 
-1531.24 220.769 
-146.099 217.137 
-146.668 216.141 
-145.983 216.135 
1067.91 199.14 
1067.34 198.133 
1068.01 198.137 
934.885 193.148 
1175.9 190.143 
934.333 192.15 
935.005 192.148 
1175.33 189.135 
1176.01 189.135 
1270.89 185.145 
1270.33 184.153 
1271 184.151 
504.912 175.141 
504.336 174.141 
505.011 174.144 
-795.093 160.137 
971.57 160.181 
973.866 159.1 
-795.667 159.141 
-794.994 159.142 
969.361 157.997 
971.459 156.693 
973.926 156.741 
-1111.09 150.142 
971.529 154.612 
1023.89 147.142 
-1111.67 149.145 
-1110.99 149.145 
1023.33 146.143 
1024 146.14 
-344.103 136.136 
-344.668 135.147 
-343.992 135.144 
-1341.09 129.139 
1321.89 128.14 
-1341.66 128.142 
-1340.99 128.142 
-318.079 125.138 
1319.9 126.147 
1321.81 126.232 
1323.32 126.29 
-318.663 124.136 
-317.984 124.139 
1321.76 124.717 
-870.099 96.1358 
-870.663 95.136 
-869.993 95.1363 
102.895 90.1389 
-384.1 86.1356 
102.331 89.1328 
103.002 89.1374 
-101.097 85.1368 
-384.657 85.1319 
-383.986 85.1322 
-101.662 84.1355 
-100.985 84.134 
92.9029 75.1377 
-162.103 73.1455 
1569.89 73.1483 
1549.9 72.134 
92.3386 74.1373 
93.01 74.1389 
-162.672 72.1409 
-161.995 72.1411 
1569.33 72.1626 
1570 72.1625 
1549.34 71.1349 
1550.01 71.135 
909.896 57.1422 
-295.099 56.1377 
964.892 54.1426 
909.326 56.1427 
910.011 56.1418 
-295.668 55.1391 
-294.992 55.1418 
964.326 53.1471 
965.005 53.1433 
-550.095 42.1338 
-550.675 41.1368 
-549.99 41.1387 
338.908 38.1441 
-405.095 35.1406 
338.34 37.1455 
339.014 37.1415 
-418.102 33.1407 
-405.663 34.1413 
-404.993 34.1454 
-420.1 31.1492 
-418.187 31.2303 
-416.668 31.2851 
-127.097 26.1412 
-418.245 29.7125 
-129.095 24.1299 
-127.182 24.2229 
-125.67 24.2862 
1379.9 20.1389 
-127.24 22.709 
1377.9 18.1382 
1379.82 18.2219 
1381.33 18.2787 
-1333.1 14.1396 
1281.91 14.1417 
1379.76 16.7082 
-1335.1 12.1454 
-1333.18 12.2263 
-1331.67 12.2809 
1281.34 13.146 
1282 13.1427 
-1333.24 10.7091 
-20.1005 -1.85622 
-20.6667 -2.85524 
-20 -2.85475 
1277.9 -49.8566 
-999.095 -51.8624 
1277.33 -50.8491 
1278.01 -50.8511 
-999.665 -52.8604 
-998.989 -52.8632 
1094.91 -56.86 
401.891 -60.8623 
1094.33 -57.8687 
1095.01 -57.8634 
598.9 -61.8617 
401.329 -61.8683 
402 -61.8663 
-200.099 -65.8621 
596.896 -63.8712 
598.812 -63.7785 
600.328 -63.7151 
-200.666 -66.8535 
-199.993 -66.8554 
598.753 -65.2909 
886.905 -72.8555 
-202.097 -76.8497 
886.337 -73.8551 
887.009 -73.8585 
-202.659 -77.8618 
-201.988 -77.8622 
-214.1 -93.8568 
-214.666 -94.8588 
-213.992 -94.859 
548.909 -112.858 
546.904 -114.868 
548.824 -114.777 
550.332 -114.716 
1244.9 -117.86 
548.766 -116.3 
1242.89 -119.855 
1244.82 -119.771 
1246.33 -119.714 
1244.76 -121.293 
-1448.11 -137.863 
571.22 -137.714 
572.332 -138.855 
-1448.67 -138.856 
-1448 -138.858 
570.446 -138.865 
-1013.11 -143.859 
1598.9 -145.858 
-1014.71 -145.614 
-1012.99 -144.862 
-1019.71 -149.249 
1598.33 -146.868 
1599.01 -146.868 
1358.91 -150.859 
-1018.44 -149.419 
1358.33 -151.855 
1359.02 -151.856 
-14.0926 -162.862 
-14.6571 -163.863 
-13.991 -163.865 
1613.89 -174.855 
860.891 -176.864 
1613.33 -175.852 
1614 -175.854 
860.333 -177.855 
861.007 -177.863 
-117.098 -182.855 
-977.088 -184.858 
-117.674 -183.854 
-116.987 -183.852 
1145.89 -187.853 
-979.098 -186.86 
-977.179 -186.773 
-975.668 -186.715 
1586.9 -189.863 
1145.33 -188.846 
1146.01 -188.854 
1589.46 -191.161 
-977.241 -188.285 
1586.34 -190.867 
1588.59 -192.159 
1590.9 -192.726 
727.906 -198.86 
1423.89 -201.86 
727.336 -199.858 
728.012 -199.861 
1423.33 -202.864 
1424.01 -202.863 
870.9 -206.853 
870.337 -207.859 
871.007 -207.859 
1130.89 -223.859 
638.908 -224.866 
-721.103 -226.852 
-252.099 -226.861 
1128.9 -225.86 
1130.81 -225.778 
1132.33 -225.722 
638.335 -225.867 
639.01 -225.864 
-721.66 -227.846 
-720.99 -227.847 
-252.662 -227.862 
-252 -227.861 
1130.76 -227.295 
120.907 -238.863 
120.339 -239.858 
121.016 -239.856 
-10.0994 -243.86 
-10.6651 -244.872 
-9.99685 -244.867 
-171.104 -254.865 
-171.669 -255.864 
-170.987 -255.864 
1226.89 -263.858 
-1010.1 -264.861 
1332.9 -264.859 
1226.33 -264.865 
1227 -264.866 
-1012.1 -266.864 
-1010.19 -266.77 
-1008.67 -266.706 
1332.34 -265.86 
1333 -265.862 
-1010.25 -268.291 
1408.9 -279.855 
-1267.11 -282.858 
323.911 -282.864 
1408.34 -280.86 
1409.01 -280.858 
-456.096 -284.857 
-1267.67 -283.846 
-1267 -283.85 
323.341 -283.872 
324.007 -283.867 
60.9011 -287.863 
-456.668 -285.86 
-455.999 -285.856 
60.3292 -288.866 
61.0046 -288.871 
-1048.1 -292.85 
-1048.66 -293.861 
-1047.99 -293.857 
-1321.1 -302.86 
-1321.67 -303.858 
-1320.99 -303.861 
313.89 -320.852 
-660.102 -323.859 
398.9 -323.857 
690.904 -323.869 
313.331 -321.848 
313.999 -321.855 
1489.9 -326.861 
-660.667 -324.86 
-659.988 -324.86 
389.901 -327.859 
398.101 -325.02 
399.004 -324.851 
690.338 -324.868 
691.01 -324.868 
716.887 -329.855 
1489.34 -327.859 
1490.01 -327.861 
389.333 -328.864 
390.006 -328.86 
716.331 -330.85 
717.003 -330.855 
897.902 -343.855 
897.339 -344.859 
898.006 -344.858 
1427.9 -351.858 
596.901 -353.862 
1427.33 -352.854 
1428.02 -352.855 
594.905 -355.849 
596.815 -355.769 
598.334 -355.714 
-1251.12 -360.859 
596.756 -357.288 
-1251.67 -361.869 
-1251.01 -361.869 
-823.095 -366.856 
-465.087 -367.863 
-823.665 -367.859 
-822.99 -367.858 
1262.89 -370.858 
-465.661 -368.868 
-464.982 -368.864 
366.895 -374.861 
1262.33 -371.849 
1263 -371.851 
364.899 -376.857 
366.809 -376.771 
368.333 -376.712 
366.75 -378.283 
-543.107 -394.861 
-963.101 -396.854 
1486.89 -397.865 
-1513.09 -398.853 
-543.664 -395.862 
-543 -395.863 
-963.668 -397.858 
-962.997 -397.855 
1486.34 -398.865 
1487 -398.868 
-1513.66 -399.855 
-1512.98 -399.856 
256.915 -402.861 
256.338 -403.858 
257.011 -403.858 
540.899 -406.854 
494.891 -407.862 
1359.9 -407.861 
540.332 -407.865 
541.003 -407.864 
711.9 -410.854 
494.326 -408.856 
495.004 -408.862 
1357.9 -409.86 
1359.82 -409.778 
1361.33 -409.723 
711.342 -411.867 
712.004 -411.867 
1359.76 -411.288 
-492.109 -424.862 
-492.671 -425.853 
-491.99 -425.859 
407.902 -429.866 
407.335 -430.863 
408.018 -430.866 
1616.57 -436.819 
1619.08 -437.935 
1613.45 -438.768 
1615.6 -438.936 
1618.92 -440.433 
1613.43 -441.998 
1615.64 -443.297 
1618.76 -443.228 
1197.9 -455.857 
268.901 -456.864 
1197.34 -456.871 
1198 -456.87 
268.332 -457.852 
269.007 -457.858 
-955.092 -476.856 
-1339.32 -478.911 
-955.666 -477.87 
-954.992 -477.86 
-1343.63 -482.137 
-1341.33 -481.055 
-1339.18 -480.2 
218.914 -483.862 
1168.91 -483.86 
-1343.69 -483.001 
-1342.22 -482.696 
218.343 -484.859 
219.017 -484.86 
1168.34 -484.861 
1169.01 -484.863 
-313.099 -488.851 
800.897 -489.849 
1306.9 -490.855 
-313.666 -489.857 
-312.995 -489.852 
800.343 -490.839 
801.003 -490.84 
1306.33 -491.849 
1307.01 -491.851 
-378.107 -507.849 
-378.667 -508.849 
-377.995 -508.852 
-688.105 -513.861 
-690.099 -515.856 
-688.188 -515.774 
-686.674 -515.718 
-688.244 -517.286 
-1108.1 -525.857 
-247.105 -526.86 
-1108.66 -526.856 
-1107.99 -526.856 
-247.664 -527.869 
-246.995 -527.867 
1042.91 -531.871 
1042.34 -532.872 
1043.01 -532.87 
1256.9 -540.862 
1256.34 -541.861 
1257.01 -541.859 
-1313.1 -548.867 
66.8957 -548.856 
-1313.67 -549.873 
-1312.99 -549.872 
66.331 -549.858 
67.0086 -549.858 
1583.9 -573.858 
1583.34 -574.86 
1584 -574.86 
579.887 -581.855 
579.332 -582.85 
580 -582.851 
-477.094 -603.862 
-477.663 -604.869 
-476.994 -604.864 
-1194.1 -613.86 
-1196.11 -615.854 
-1194.18 -615.775 
-1192.67 -615.722 
-1194.24 -617.289 
1076.9 -625.856 
761.901 -627.856 
1076.34 -626.854 
1077.01 -626.857 
761.333 -628.847 
762.011 -628.848 
1177.9 -638.866 
-287.097 -641.862 
1177.33 -639.877 
1178.01 -639.871 
-287.667 -642.85 
-286.984 -642.853 
1005.89 -664.849 
1005.33 -665.854 
1005.99 -665.852 
473.897 -672.858 
473.332 -673.856 
474.006 -673.858 
1413.9 -684.859 
1413.34 -685.862 
1414.01 -685.863 
1629.56 -692.819 
1631.86 -693.901 
1627.36 -695 
1629.45 -696.305 
1631.92 -696.259 
-310.099 -701.863 
-1259.11 -702.861 
1629.52 -698.389 
-310.666 -702.853 
-309.992 -702.855 
173.905 -705.853 
-1259.67 -703.862 
-1259 -703.865 
173.331 -706.853 
174.007 -706.851 
-579.096 -713.86 
-184.114 -714.863 
978.89 -714.862 
-579.669 -714.856 
-578.991 -714.857 
-184.664 -715.857 
-184.002 -715.859 
978.335 -715.867 
979.006 -715.865 
486.904 -744.858 
486.334 -745.861 
487 -745.856 
281.902 -752.858 
-1377.1 -753.855 
-1329.09 -754.86 
281.377 -754.536 
282.328 -754.818 
-1377.66 -754.857 
-1376.99 -754.857 
-1329.67 -755.853 
-1328.99 -755.852 
282.141 -757.265 
282.919 -757.487 
-457.106 -767.866 
1335.9 -770.86 
-457.666 -768.864 
-456.995 -768.862 
1335.34 -771.861 
1336.01 -771.859 
-1393.1 -776.857 
-787.118 -776.863 
-1393.66 -777.862 
-1393 -777.859 
-787.673 -777.859 
-786.999 -777.862 
140.914 -780.861 
897.201 -782.925 
6.89609 -783.857 
893.015 -783.735 
140.343 -781.865 
141.011 -781.862 
895.895 -784.655 
6.33823 -784.865 
7.0023 -784.863 
851.903 -787.858 
890.903 -785.863 
123.896 -790.851 
892.736 -786.833 
851.338 -788.861 
852.009 -788.857 
-191.1 -793.859 
123.336 -791.849 
124.001 -791.855 
561.899 -795.858 
-191.673 -794.854 
-190.991 -794.853 
561.334 -796.863 
562.005 -796.861 
847.902 -816.858 
847.333 -817.863 
848.008 -817.86 
1105.9 -824.859 
1105.33 -825.873 
1106 -825.871 
-1289.11 -830.859 
613.913 -830.865 
-1291.1 -832.848 
-1289.19 -832.763 
-1287.67 -832.706 
613.334 -831.87 
614.011 -831.867 
-1289.24 -834.284 
-1304.1 -839.864 
-731.099 -839.864 
-138.105 -839.851 
1169.9 -842.859 
-1304.67 -840.873 
-1304 -840.862 
-731.663 -840.866 
-730.991 -840.863 
-138.668 -840.849 
-137.996 -840.851 
765.888 -843.859 
1169.34 -843.854 
1170.01 -843.856 
765.327 -844.854 
765.994 -844.858 
1506.92 -849.868 
305.897 -852.857 
1506.34 -850.867 
1507.02 -850.865 
-1222.08 -855.857 
303.898 -854.863 
305.812 -854.774 
307.325 -854.713 
1315.91 -856.864 
-1222.65 -856.867 
-1221.99 -856.861 
45.8896 -860.866 
305.755 -856.288 
1314.56 -858.492 
1316.01 -857.866 
-557.099 -863.863 
1309.3 -863.258 
45.3277 -861.857 
46.01 -861.859 
1310.51 -863.252 
-557.667 -864.872 
-556.996 -864.869 
1309.91 -864.426 
805.893 -870.864 
803.9 -872.866 
805.819 -872.786 
807.331 -872.732 
526.902 -878.857 
805.769 -874.288 
1191.9 -879.864 
526.339 -879.857 
527.005 -879.86 
1191.33 -880.854 
1192.01 -880.856 
33.9017 -887.862 
33.3341 -888.858 
34.0107 -888.86 
-1260.1 -911.858 
-1475.09 -915.858 
-1260.67 -912.855 
-1260 -912.851 
-435.103 -915.864 
-1475.66 -916.861 
-1474.99 -916.859 
-435.674 -916.862 
-435 -916.862 
956.897 -924.864 
-1340.08 -926.858 
956.33 -925.87 
957.011 -925.872 
1232.9 -928.854 
-1340.66 -927.852 
-1339.98 -927.854 
1232.33 -929.857 
1233.01 -929.857 
-1230.11 -937.858 
-1230.67 -938.854 
-1230 -938.857 
1030.91 -947.861 
1028.9 -949.862 
1030.82 -949.775 
1032.33 -949.717 
957.894 -952.861 
1030.76 -951.289 
955.899 -954.854 
957.812 -954.774 
959.327 -954.719 
-26.095 -958.855 
957.757 -956.286 
1520.9 -961.87 
-28.1034 -960.865 
-26.1884 -960.773 
-24.6691 -960.71 
1520.33 -962.877 
1521.01 -962.873 
-26.2516 -962.29 
-1265.09 -976.864 
-1265.66 -977.856 
-1264.99 -977.858 
-37.1 -987.863 
213.897 -988.862 
448.907 -990.863 
-39.1016 -989.853 
-37.1814 -989.776 
-35.6679 -989.724 
213.336 -989.861 
214.008 -989.864 
448.338 -991.856 
449.014 -991.854 
-37.2366 -991.284 
-900.084 -1012.86 
-900.662 -1013.86 
-899.991 -1013.86 
956.891 -1042.86 
956.332 -1043.86 
956.997 -1043.86 
412.895 -1049.86 
412.342 -1050.87 
413.002 -1050.86 
1561.89 -1060.87 
1561.33 -1061.87 
1562 -1061.87 
617.898 -1065.86 
617.333 -1066.85 
618.011 -1066.85 
993.9 -1072.86 
1618.9 -1072.87 
958.906 -1073.86 
993.334 -1073.86 
994.011 -1073.86 
1618.34 -1073.87 
1619.01 -1073.87 
956.902 -1075.86 
958.821 -1075.77 
960.327 -1075.71 
958.762 -1077.29 
774.893 -1082.86 
774.335 -1083.86 
775.001 -1083.86 
-1381.09 -1093.86 
375.906 -1093.85 
-1381.67 -1094.87 
-1380.98 -1094.87 
373.899 -1095.86 
375.816 -1095.77 
377.328 -1095.71 
375.755 -1097.29 
141.901 -1104.86 
141.331 -1105.87 
142.004 -1105.86 
901.91 -1110.86 
-1108.11 -1111.87 
142.63 -1112.3 
901.339 -1111.87 
902.012 -1111.87 
-1108.67 -1112.86 
-1107.99 -1112.86 
142.327 -1114.88 
143.008 -1114.87 
415.901 -1126.86 
415.333 -1127.86 
416.003 -1127.86 
1287.9 -1137.86 
1287.34 -1138.86 
1288.01 -1138.86 
-567.106 -1153.87 
-567.67 -1154.85 
-566.992 -1154.85 
-657.095 -1161.85 
-657.662 -1162.86 
-656.996 -1162.86 
1479.89 -1172.87 
605.901 -1173.86 
-567.094 -1174.86 
-801.102 -1175.86 
1479.33 -1173.87 
1480.01 -1173.87 
605.328 -1174.86 
606.011 -1174.86 
-567.659 -1175.87 
-566.993 -1175.87 
-801.659 -1176.85 
-800.996 -1176.85 
-433.109 -1181.85 
-54.0973 -1181.86 
-433.662 -1182.86 
-432.999 -1182.86 
-54.6691 -1182.86 
-53.996 -1182.86 
1472.9 -1185.85 
-211.101 -1186.86 
-15.1031 -1189.86 
1464.9 -1189.86 
1471.59 -1187.32 
1473.01 -1186.85 
-213.104 -1188.86 
-211.19 -1188.77 
-209.675 -1188.71 
441.904 -1191.86 
-473.099 -1192.86 
-15.6621 -1190.86 
-14.995 -1190.86 
1464.33 -1190.86 
1465 -1190.86 
-211.25 -1190.28 
441.333 -1192.87 
442.012 -1192.87 
-473.663 -1193.87 
-472.996 -1193.87 
1415.91 -1197.85 
204.892 -1199.87 
1415.34 -1198.85 
1416.01 -1198.85 
-871.097 -1202.86 
204.332 -1200.87 
205.004 -1200.87 
-871.666 -1203.86 
-870.986 -1203.86 
1556.91 -1206.87 
-982.092 -1210.86 
1556.34 -1207.86 
1557.01 -1207.86 
-982.656 -1211.85 
-981.989 -1211.86 
1230.57 -1221.82 
1232.86 -1222.9 
1228.36 -1224 
1154.91 -1227.86 
1230.45 -1225.31 
1232.92 -1225.26 
1499.44 -1230.25 
1151.7 -1229.46 
1152.75 -1229.4 
1154.4 -1229.36 
1156.39 -1229.36 
1157.57 -1229.42 
1230.46 -1228.53 
1502.18 -1230.44 
1496.51 -1231.05 
1151.9 -1231.37 
1152.4 -1231.37 
1153.4 -1231.36 
1154.41 -1231.36 
1155.4 -1231.36 
1156.4 -1231.36 
1157.4 -1231.37 
1497.39 -1231.36 
1498.4 -1231.36 
1499.4 -1231.36 
1500.39 -1231.36 
1501.41 -1231.35 
1502.4 -1231.36 
1503.4 -1231.36 
