-311.501 1211.5 
502.489 1207.5 
1198.5 1197.5 
339.499 1192.5 
-620.499 1182.5 
-853.505 1179.5 
-1294.5 1174.5 
-1179.5 1172.5 
-102.504 1166.5 
476.5 1153.5 
1260.5 1148.5 
-174.5 1144.5 
-1296.5 1140.51 
-1037.5 1141.5 
117.5 1137.5 
-1389.51 1132.5 
-1569.5 1123.51 
-631.501 1104.5 
-1460.5 1098.5 
596.506 1092.5 
207.5 1083.89 
-9.49683 1078.5 
207.5 1083.5 
696.5 1074.5 
-561.492 1060.49 
1489.51 1056.5 
1359.5 1052.5 
-768.505 1049.5 
-1122.51 1044.5 
1178.49 1043.51 
-214.502 1029.5 
884.505 1026.5 
-389.497 1023.5 
-1257.5 1008.5 
1286.51 1006.5 
956.501 1003.5 
-935.501 1002.5 
-609.501 996.5 
869.504 996.506 
-23.5029 983.501 
-1082.51 977.495 
1455.49 975.498 
-49.5012 972.502 
99.4923 970.506 
219.505 969.504 
292.5 960.494 
-1100.51 955.496 
-366.493 952.506 
-961.497 951.502 
138.495 951.499 
1094.51 951.497 
-45.5038 949.499 
1127.5 946.501 
476.497 938.499 
1461.5 936.502 
-44.7184 935.425 
-548.497 930.497 
784.505 927.501 
-797.498 920.498 
1417.5 919.496 
-1083.5 913.504 
991.499 911.502 
-1266.49 902.506 
-278.496 873.51 
-676.504 872.496 
-543.509 862.498 
647.499 861.501 
-897.504 857.495 
299.501 852.496 
1079.5 849.501 
654.291 844.921 
-652.494 843.497 
-1450.51 820.499 
457.494 815.5 
-725.499 813.5 
128.5 805.501 
450.023 805.167 
-748.498 795.5 
532.497 796.504 
241.502 795.502 
1373.5 781.499 
1217.5 771.494 
817.502 762.496 
746.504 762.499 
-1251.5 760.505 
-864.5 759.491 
1439.49 755.5 
-513.506 753.499 
390.492 747.501 
797.505 745.501 
104.503 741.498 
936.496 737.496 
434.496 734.506 
879.509 729.496 
160.502 727.503 
-836.507 725.5 
-59.5042 722.5 
-1125.5 720.496 
137.5 720.502 
394.502 717.502 
-557.502 713.503 
98.495 711.498 
660.507 706.494 
468.499 705.504 
-477.506 701.504 
-972.499 698.496 
-944.493 698.505 
339.503 691.509 
491.494 690.502 
556.495 683.505 
-513.502 674.501 
-880.494 669.498 
-857.504 669.491 
-786.498 669.498 
-100.507 668.508 
-406.503 660.505 
-344.493 652.497 
91.4974 644.501 
-954.502 642.499 
-131.507 642.5 
-320.504 630.504 
-824.44 623.487 
-712.602 622.055 
-1124.5 623.495 
-876.496 621.504 
388.499 620.501 
428.504 617.499 
-960.5 614.497 
-804.492 615.499 
1015.5 614.499 
-714.87 619.293 
-844.944 608.968 
-724.202 611.978 
27.5038 610.501 
1588.5 607.502 
-844.983 608.559 
-818.501 596.496 
696.498 587.496 
-749.503 584.5 
-843.5 585.5 
-22.5027 585.504 
-78.494 584.506 
848.498 584.501 
982.504 577.503 
-126.501 574.5 
1089.5 574.503 
-485.495 568.493 
-168.506 567.503 
-903.5 558.5 
1153.5 554.505 
97.4949 550.497 
1006.5 543.495 
-136.506 539.502 
1438.5 535.498 
410.5 530.496 
1212.5 525.502 
-891.253 523.595 
-903.497 518.493 
744.499 519.501 
-62.501 511.505 
-77.4976 508.502 
-868.505 501.503 
-362.508 499.5 
-1296.5 484.503 
-549.502 480.498 
1394.49 470.502 
409.5 468.499 
-924.499 453.49 
-1182.5 452.504 
179.496 448.499 
276.493 448.497 
-866.495 444.505 
150.503 444.497 
-819.503 441.496 
374.505 438.499 
189.495 427.505 
280.501 426.497 
172.501 423.498 
1494.5 421.496 
-352.503 412.507 
568.505 404.5 
104.5 396.501 
-1058.49 392.505 
-15.4998 384.5 
-693.504 377.494 
1577.5 359.503 
-947.506 355.497 
-402.495 353.499 
-347.499 350.496 
-126.502 345.503 
-867.505 344.491 
987.501 341.498 
-1414.51 335.492 
-219.499 335.492 
-916.492 330.495 
337.499 323.5 
-808.501 318.501 
1215.5 313.501 
1283.49 312.503 
-925.499 307.505 
396.499 304.505 
823.501 301.494 
-908.502 299.497 
487.503 297.502 
-835.501 283.929 
336.496 279.492 
274.499 275.498 
-1367.5 275.493 
-835.501 283.823 
-633.498 269.492 
-1086.33 260.827 
-820.5 257.5 
512.499 256.5 
-1086.39 260.726 
-806.918 249.817 
1278.5 249.494 
-40.5027 245.509 
-697.511 244.503 
1173.5 238.504 
-452.503 235.495 
981.495 235.5 
193.499 231.49 
-337.5 226.505 
-1184.5 222.503 
-1277.5 219.504 
106.501 218.493 
352.495 214.503 
813.498 209.504 
-106.499 191.507 
-1173.5 187.499 
-444.495 182.5 
1204.5 181.504 
931.493 161.503 
5.50195 156.505 
-1282.5 155.506 
-1072.51 155.496 
200.5 149.502 
708.5 146.502 
1052.5 146.496 
-1263.94 123.415 
-1302.5 123.501 
-1285.5 118.495 
837.494 116.503 
-1263.92 123.337 
-1318.5 111.506 
-841.5 112.499 
-21.5046 108.503 
1072.5 103.5 
-1317.11 106.657 
-1303.67 99.4967 
-1309.79 98.3401 
-1303.78 96.5281 
1178.51 75.4984 
1390.51 75.494 
-1305.32 74.9296 
148.499 72.4988 
-1451.5 64.4934 
122.503 56.5062 
1458.5 51.4983 
-1230.5 49.5 
-970.504 49.4973 
-309.506 47.4974 
-490.502 41.5004 
-134.502 27.5026 
-852.497 24.5077 
-1585.49 19.4946 
592.496 18.5063 
1011.5 12.5039 
638.494 1.50317 
0.501465 -0.497803 
-610.499 -5.50073 
-1009.5 -14.5033 
-186.498 -19.505 
1431.49 -19.5054 
374.5 -30.4982 
-681.501 -31.5046 
621.499 -31.5013 
690.506 -40.4996 
-124.504 -48.4989 
1053.51 -49.4989 
1309.5 -52.4979 
1159.5 -57.5032 
-6.50415 -60.511 
1169.97 -67.722 
-990.505 -82.5056 
1218.11 -87.679 
507.505 -91.4958 
-148.502 -93.4974 
222.498 -93.4985 
895.495 -93.5034 
1214.15 -92.0798 
13.5004 -102.503 
1540.5 -102.503 
-1605.51 -119.495 
158.506 -122.499 
-511.501 -132.508 
1412.5 -139.499 
-1565.5 -139.499 
-66.5022 -141.495 
972.498 -154.498 
-756.5 -165.5 
-239.505 -170.497 
1373.5 -176.503 
330.509 -180.496 
-505.512 -187.495 
537.501 -190.495 
-210.495 -202.504 
-424.501 -207.497 
1043.5 -206.502 
-1103.51 -212.504 
-201.486 -219.245 
-1565.5 -221.499 
716.512 -225.5 
-196.44 -224.562 
-227.497 -247.505 
-119.438 -249.56 
-118.025 -250.057 
1243.5 -255.5 
-1107.5 -257.496 
-56.5011 -262.506 
1160.5 -278.5 
-753.496 -291.699 
784.498 -291.495 
738.499 -296.498 
1223.5 -300.503 
-901.501 -300.503 
-753.497 -295.045 
-1217.49 -306.502 
-1605.5 -320.508 
-792.497 -328.498 
-1146.5 -330.507 
875.509 -350.501 
-452.511 -382.497 
-1103.5 -387.5 
193.495 -388.498 
110.499 -388.5 
-141.497 -392.501 
-1217.5 -397.496 
-1559.5 -400.503 
-1044.49 -411.503 
1354.5 -422.502 
-474.493 -423.502 
1400.5 -426.501 
-382.498 -433.497 
1288.49 -434.507 
-1385.5 -437.501 
-1436.5 -438.503 
-1009.5 -439.497 
-245.501 -450.506 
1238.5 -451.505 
254.495 -454.497 
-549.493 -473.503 
1224.49 -473.497 
111.499 -478.497 
89.4988 -479.501 
541.503 -487.498 
-1496.5 -497.505 
-366.494 -505.51 
-1308.49 -506.504 
1019.5 -506.506 
-1159.51 -516.499 
-883.508 -527.5 
-189.503 -527.501 
556.505 -537.495 
554.493 -563.504 
-153.497 -571.499 
-176.501 -574.494 
-1182.5 -584.486 
-340.494 -586.494 
-302.501 -591.499 
882.496 -605.503 
-161.493 -609.506 
1279.5 -628.497 
-580.502 -630.501 
-797.494 -634.498 
1195.5 -646.499 
-973.5 -655.501 
-191.503 -661.49 
-422.489 -673.495 
226.506 -675.498 
654.494 -679.501 
541.499 -693.505 
929.5 -702.494 
993.505 -710.502 
-695.509 -713.505 
-334.5 -725.499 
-509.49 -726.498 
-1231.49 -731.494 
-397.501 -745.499 
601.495 -762.499 
-1418.51 -764.496 
172.499 -771.498 
677.501 -797.497 
-1575.5 -801.498 
561.495 -804.492 
-1487.5 -812.502 
-198.504 -825.109 
173.504 -822.498 
-1070.5 -827.5 
-198.504 -825.498 
688.506 -864.498 
-247.506 -879.504 
-1012.5 -886.503 
430.489 -894.499 
-1498.5 -898.496 
-30.5022 -908.499 
668.496 -923.496 
177.505 -926.503 
-680.497 -929.497 
-990.505 -936.498 
908.493 -937.497 
667.497 -947.498 
-1425.5 -954.503 
-1306.49 -961.504 
-492.506 -985.495 
-1020.5 -988.495 
-406.5 -994.498 
-1333.5 -1015.5 
48.5106 -1022.5 
371.499 -1024.5 
-784.494 -1026.5 
832.501 -1026.51 
186.501 -1034.5 
567.49 -1037.5 
1041.5 -1040.5 
-721.498 -1047.5 
-1147.5 -1060.5 
-898.491 -1072.51 
-464.492 -1072.49 
-1406.51 -1100.5 
1583.49 -1102.5 
-1020.5 -1112.5 
939.505 -1120.5 
-909.498 -1122.5 
-668.503 -1125.5 
-266.508 -1132.5 
-673.571 -1139.35 
829.505 -1155.5 
-1075.5 -1159.5 
1055.5 -1164.5 
-1119.5 -1167.5 
905.496 -1168.5 
-651.502 -1171.5 
-1133.72 -1174.61 
-773.5 -1175.5 
-1133.61 -1175.16 
1014.5 -1186.49 
1195.5 -1191.5 
928.502 -1205.5 
