-261.499 1187.5 
1502.5 1187.5 
-372.504 1167.5 
621.497 1152.49 
-807.5 1133.5 
1502.5 1114.5 
-103.501 1096.5 
-836.495 1089.5 
-1253.5 1083.5 
142.498 1066.5 
-684.508 1051.5 
-914.51 1025.49 
-1424.5 1024.5 
-433.499 983.887 
1184.5 982.499 
809.5 980.496 
-433.499 983.497 
967.503 958.499 
-1295.5 953.509 
-664.493 943.504 
210.507 942.494 
1266.49 939.494 
-429.5 925.505 
-971.505 907.505 
-1337.5 880.503 
-1283.51 867.497 
1507.51 866.488 
-150.497 865.501 
726.494 824.498 
1164.5 822.501 
1457.5 821.5 
-431.502 794.511 
1154.51 791.5 
-6.50732 786.496 
-865.492 781.505 
957.502 780.506 
-406.497 777.502 
1502.5 773.496 
724.506 748.501 
-1066.5 742.502 
-1087.49 717.505 
-1335.5 689.495 
-1044.5 687.498 
-31.4973 684.5 
-347.5 667.497 
1479.5 655.501 
-190.498 642.505 
-428.501 641.496 
-964.497 629.497 
-143.502 617.5 
394.505 608.495 
-395.504 604.505 
6.49866 597.499 
-561.497 581.499 
-1029.5 573.502 
-800.497 525.495 
-833.506 519.502 
-1217.5 514.5 
-1066.51 515.498 
1588.51 506.501 
519.494 479.502 
593.502 471.499 
943.506 470.494 
288.499 462.497 
398.494 458.493 
-364.5 457.495 
-1245.5 447.504 
-119.496 448.499 
-736.492 445.501 
1580.5 424.498 
172.501 414.506 
-400.498 409.499 
848.502 403.496 
-1054.5 395.496 
1191.5 359.497 
1085.5 351.495 
1340.5 326.498 
-341.503 323.493 
-1271.5 322.499 
-644.5 308.499 
260.499 297.498 
825.498 294.505 
1271.5 294.501 
799.508 272.501 
-854.494 268.496 
-283.494 258.506 
1183.51 248.499 
328.497 239.498 
421.5 229.507 
-696.504 228.509 
-418.505 226.49 
-18.4982 213.497 
-374.504 197.502 
1569.5 197.497 
-1135.5 191.508 
-953.505 162.496 
-1564.5 158.504 
662.505 158.499 
-245.502 142.493 
1462.5 128.505 
1181.5 127.501 
501.498 126.501 
146.427 93.498 
-853.501 81.4923 
-12.4999 69.4941 
1326.5 49.4924 
1083.5 18.4989 
631.503 17.4962 
106.507 3.50696 
0.49707 -0.506958 
578.503 -6.49609 
-664.497 -9.50098 
-1419.5 -16.5061 
-574.5 -26.5087 
-612.505 -35.4926 
-1598.49 -47.4985 
652.495 -49.499 
1519.5 -66.506 
1036.5 -80.5042 
440.503 -104.501 
973.5 -106.498 
708.495 -112.496 
79.6407 -122.318 
80.5483 -124.592 
-88.4974 -176.499 
-50.4935 -180.499 
1306.5 -186.507 
-1586.5 -196.498 
-1047.5 -199.498 
-1420.51 -212.49 
-139.498 -214.499 
1220.5 -219.499 
-610.493 -242.499 
614.506 -266.502 
1209.5 -266.503 
-822.508 -277.498 
69.5033 -284.499 
-1124.5 -299.499 
825.494 -306.505 
1396.51 -313.501 
-740.504 -325.501 
690.499 -344.5 
-695.503 -351.504 
-301.5 -354.498 
-426.505 -379.495 
681.496 -387.5 
-40.495 -390.497 
-62.5022 -397.504 
-1589.5 -399.494 
-396.499 -416.499 
913.497 -438.498 
314.503 -440.499 
378.497 -445.5 
-1471.5 -475.506 
-89.5 -485.499 
205.505 -490.504 
81.4967 -500.5 
1127.51 -503.494 
-1585.51 -505.497 
476.495 -511.497 
1383.5 -522.505 
-796.492 -526.499 
1159.5 -543.504 
-1284.5 -560.503 
-632.497 -607.494 
807.5 -614.495 
-1396.5 -622.495 
190.5 -630.494 
887.497 -635.503 
-1425.5 -646.496 
743.503 -661.496 
-1386.5 -671.501 
417.494 -677.507 
1513.5 -683.496 
739.494 -694.499 
-221.5 -701.501 
168.499 -701.497 
441.501 -701.501 
225.503 -712.497 
173.454 -708.841 
-523.491 -748.502 
412.503 -760.504 
-854.495 -761.504 
1192.51 -777.504 
1480.5 -786.5 
598.496 -793.5 
-745.504 -793.501 
429.507 -799.499 
1078.5 -809.492 
-493.496 -827.501 
1553.5 -835.495 
-495.474 -833.194 
-341.5 -840.502 
100.496 -849.503 
-1522.51 -871.5 
-1461.5 -876.501 
-185.499 -897.496 
435.506 -968.496 
32.4973 -978.502 
660.503 -1015.5 
-245.499 -1022.51 
1103.5 -1036.5 
-609.495 -1044.49 
-728.499 -1090.5 
-856.5 -1095.5 
1572.5 -1104.5 
1556.5 -1110.5 
-841.503 -1113.5 
-493.504 -1143.5 
-989.5 -1147.5 
-1528.49 -1151.49 
-204.497 -1152.5 
-128.493 -1159.5 
-11.5085 -1199.5 
1443.5 -1205.5 
