-931.497 1201.5 
1118.5 1199.5 
-1234.5 1179.51 
820.499 1174.5 
-802.502 1169.5 
-5.50171 1161.5 
493.503 1150.5 
-358.502 1143.5 
120.504 1143.51 
-1298.5 1132.5 
-751.5 1120.5 
616.501 1119.5 
1095.5 1113.5 
447.504 1109.5 
189.495 1099.49 
1248.5 1086.5 
-434.5 1073.5 
1281.5 1072.5 
1355.49 1056.5 
481.501 1035.5 
-499.496 1031.5 
1111.49 1013.5 
693.498 1009.5 
892.497 1011.49 
-312.499 1005.5 
-1341.5 1003.5 
463.504 1000.5 
159.496 999.501 
-289.499 997.497 
1384.5 995.498 
-880.499 994.499 
-1151.5 990.5 
-860.496 982.501 
1292.5 978.497 
-199.503 972.502 
-122.499 972.501 
-667.503 963.496 
86.4996 961.495 
-1357.49 956.5 
-776.494 956.499 
-37.5007 954.504 
-1282.49 949.498 
440.5 944.502 
-1387.49 933.502 
-1096.5 932.499 
1422.5 925.503 
-1025.5 913.504 
-630.502 911.498 
1499.49 912.507 
326.501 905.505 
279.495 904.495 
-655.496 900.506 
-1008.49 893.502 
-1145.5 892.495 
747.492 885.505 
-917.496 876.497 
-1209.5 874.503 
1345.51 868.503 
-346.505 868.499 
-1579.5 846.497 
-58.4978 840.502 
-1093.5 827.499 
160.501 824.506 
335.497 819.499 
-551.494 813.492 
-49.5048 797.502 
-623.497 794.497 
-533.496 795.494 
1023.5 790.499 
-275.495 778.495 
1337.51 776.499 
-46.5021 775.504 
-1040.5 759.492 
-1297.51 750.496 
486.502 746.499 
-1113.5 742.503 
-1171.5 734.504 
386.499 726.491 
-880.504 722.508 
-90.5035 719.496 
697.504 717.496 
742.504 709.499 
1392.5 685.506 
-1450.5 684.501 
1335.5 668.506 
544.502 664.495 
1234.51 663.502 
-65.489 662.505 
-737.495 644.491 
-12.5032 640.497 
1025.5 636.499 
-744.491 620.499 
409.498 615.496 
-552.501 597.501 
473.493 597.495 
1083.51 588.498 
-777.498 587.495 
-394.494 583.503 
-817.5 579.494 
-195.502 579.497 
-916.502 576.504 
705.506 568.502 
734.501 566.5 
-1370.5 559.499 
737.858 552.712 
905.498 546.499 
450.504 543.492 
-137.511 542.508 
-1493.49 541.503 
632.494 541.504 
-1453.5 540.504 
-1271.49 540.499 
-829.496 532.503 
-184.501 528.499 
-896.497 523.498 
-1164.5 522.505 
1619.5 507.504 
1392.5 499.495 
-95.5006 493.502 
1165.49 488.497 
-98.2247 486.387 
-130.501 460.496 
1586.5 455.495 
1522.5 446.502 
120.504 440.496 
1088.5 439.497 
-35.5 430.498 
140.501 428.498 
1308.14 417.211 
-1150.5 418.499 
-673.497 415.499 
-1075.5 409.502 
1316.33 414.251 
1307.73 417.283 
499.494 400.5 
1210.5 398.499 
1234.49 390.495 
420.506 386.503 
1253.5 383.502 
1349.5 381.501 
1147.56 374.021 
-994.506 374.506 
-359.119 372.501 
-348.187 372.498 
1415.5 367.504 
-65.4972 365.492 
1198.5 363.502 
1248.5 356.5 
895.498 348.496 
1104.5 349.5 
953.507 344.497 
1233.5 344.505 
-9.50012 305.496 
-1208.5 300.502 
612.494 295.495 
1515.49 292.505 
-1075.5 290.502 
-355.43 286.839 
112.504 280.504 
949.504 278.499 
-355.878 286.163 
-405.505 275.496 
185.499 275.496 
764.495 275.504 
1466.5 272.504 
299.493 270.493 
267.502 259.503 
27.8478 249.259 
-1445.5 245.5 
32.5836 244.421 
-252.499 222.501 
-625.503 223.501 
-391.502 219.498 
-800.492 218.501 
796.496 217.503 
263.5 215.493 
1345.5 211.495 
483.499 204.499 
-711.503 200.504 
-120.504 197.501 
-496.502 195.505 
-82.5 183.502 
36.4879 183.503 
207.5 175.5 
-1205.49 169.507 
1406.5 169.496 
35.5786 167.67 
-1616.5 149.504 
14.501 147.498 
74.4963 147.499 
-849.499 143.498 
306.5 143.505 
-1405.5 141.496 
-1521.5 139.5 
-884.498 135.5 
870.495 134.496 
1492.5 128.5 
77.5051 123.5 
-604.502 117.5 
-278.499 117.499 
-258.497 116.5 
-189.502 116.503 
-516.507 108.498 
-144.5 107.499 
-621.502 106.496 
1097.49 102.501 
1059.51 97.4952 
921.497 80.5066 
-1438.5 79.4982 
-254.505 69.4967 
379.502 69.4967 
1597.49 65.5017 
1578.5 61.5015 
-94.4979 58.5062 
-339.495 55.5013 
-986.506 49.5049 
-974.789 47.9244 
-1012.5 45.4933 
-863.503 42.5015 
1564.5 25.4969 
-468.5 14.4996 
-1167.5 4.50134 
1152.5 2.50256 
0.498657 -0.506226 
107.497 -2.49792 
-1439.5 -11.4948 
-975.502 -14.4967 
333.505 -15.4983 
-1121.5 -15.4945 
296.496 -15.5011 
-227.499 -17.5004 
-1032.5 -40.4939 
105.495 -41.5004 
952.506 -43.5037 
694.494 -44.5039 
1423.5 -56.502 
367.504 -60.5021 
-934.508 -61.4996 
347.504 -66.5062 
914.504 -83.4988 
360.495 -84.4993 
-41.491 -91.5 
37.506 -100.503 
1115.5 -106.5 
-1454.5 -107.496 
-229.499 -109.498 
-891.492 -114.503 
-1182.5 -122.504 
-1516.5 -132.499 
986.499 -137.502 
-787.499 -145.498 
-679.501 -147.506 
-1109.5 -150.498 
1505.49 -157.5 
-297.509 -158.501 
-211.497 -158.503 
-800.498 -176.498 
1593.5 -177.499 
689.501 -183.498 
1331.5 -190.506 
1574.5 -191.502 
155.494 -196.494 
-879.503 -199.491 
1130.5 -199.5 
-279.493 -204.502 
228.503 -205.501 
-1020.5 -206.505 
1248.49 -214.508 
85.5 -219.505 
-864.497 -220.5 
-1015.5 -230.504 
-565.499 -231.495 
-859.671 -237.024 
1021.49 -239.499 
441.503 -240.497 
-693.502 -244.498 
-483.506 -246.506 
279.502 -249.495 
755.501 -256.503 
-402.501 -258.498 
-1244.5 -260.506 
877.496 -261.504 
-1111.5 -269.502 
891.498 -280.501 
-877.501 -282.496 
-971.505 -283.5 
704.504 -285.499 
-1420.5 -287.504 
499.505 -289.504 
909.5 -292.505 
-812.5 -296.506 
-1017.49 -297.497 
162.503 -300.504 
953.498 -313.498 
205.5 -326.488 
1155.5 -337.503 
-1224.5 -345.506 
-330.491 -347.498 
1574.5 -347.504 
1462.5 -349.494 
505.504 -350.493 
-826.5 -351.509 
1087.5 -353.497 
274.496 -359.501 
834.499 -375.5 
-365.501 -388.495 
-1308.49 -393.501 
-1086.49 -400.499 
-9.49109 -402.506 
-1464.5 -417.493 
764.502 -426.497 
-544.496 -427.492 
259.506 -431.507 
165.494 -437.502 
-991.499 -473.498 
-546.496 -479.494 
974.505 -481.505 
-618.493 -491.503 
370.5 -495.501 
-884.5 -505.503 
-12.74 -510.744 
-13.5535 -512.005 
1071.5 -521.497 
1442.5 -526.498 
-1345.5 -532.498 
-1261.5 -542.504 
-308.507 -541.502 
1356.5 -550.5 
-217.506 -563.499 
655.499 -573.501 
1165.5 -575.503 
-440.499 -578.504 
-555.495 -580.506 
643.499 -593.49 
-307.508 -603.498 
1596.49 -603.503 
213.503 -606.504 
-674.5 -616.502 
437.495 -623.506 
-741.503 -630.502 
-881.499 -630.494 
-560.495 -638.503 
1325.51 -644.503 
-635.5 -649.494 
-1266.5 -660.502 
195.494 -661.496 
1044.51 -664.506 
-185.501 -674.496 
-1045.49 -687.499 
-383.507 -693.497 
-1340.5 -699.494 
1311.51 -706.503 
-1246.5 -730.505 
-771.499 -732.5 
-1378.5 -743.506 
46.5095 -751.5 
720.501 -764.504 
1324.5 -773.503 
365.505 -777.506 
-1404.5 -779.498 
-1617.5 -781.505 
-323.406 -809.472 
-1575.5 -814.505 
290.494 -827.501 
1288.5 -837.498 
-1006.5 -848.497 
-1342.5 -853.498 
-1264.5 -859.502 
143.499 -859.505 
1587.5 -875.495 
1221.5 -895.499 
206.496 -897.498 
723.5 -909.498 
-1100.5 -910.497 
611.503 -910.502 
244.5 -923.495 
743.504 -932.498 
786.509 -937.492 
-500.494 -939.502 
-696.492 -945.496 
3.49792 -959.496 
357.502 -974.5 
-178.495 -980.504 
375.503 -1007.5 
-363.502 -1020.5 
-1006.5 -1022.5 
-1062.5 -1026.5 
-141.5 -1031.5 
-423.504 -1047.5 
1558.5 -1063.5 
-599.496 -1072.5 
1292.5 -1073.49 
397.491 -1078.49 
511.504 -1080.5 
-1065.51 -1090.5 
166.494 -1090.5 
276.498 -1092.5 
12.4998 -1098.5 
255.504 -1105.51 
-404.508 -1106.5 
-341.499 -1109.5 
-1313.5 -1115.51 
-129.5 -1137.5 
1096.5 -1141.5 
-51.4972 -1165.5 
-1212.5 -1178.5 
130.496 -1185.49 
1040.5 -1198.49 
-884.494 -1201.49 
-705.499 -1202.5 
1608.5 -1212.5 
