1365.91 1207.14 
1519.91 1206.14 
681.897 1193.14 
839.902 1190.13 
281.897 1189.13 
-98.1018 1184.14 
86.9026 1183.14 
338.901 1182.14 
491.896 1182.15 
-37.1077 1179.15 
-191.099 1174.14 
1558.9 1170.14 
-743.098 1167.14 
-130.105 1161.13 
318.905 1161.14 
1453.9 1160.14 
337.346 1156.66 
707.895 1153.13 
1394.9 1149.51 
1410.41 1151.1 
1197.89 1148.14 
-127.462 1153.49 
1605.91 1143.13 
981.902 1143.15 
-59.0917 1141.14 
1394.9 1147.19 
-359.097 1137.14 
1334.89 1131.14 
738.902 1126.14 
1314.9 1125.14 
-723.096 1123.15 
1175.9 1119.14 
-744.1 1117.14 
-494.094 1107.14 
851.902 1103.13 
559.179 1090.36 
581.912 1093.14 
1404.91 1093.14 
-455.108 1090.14 
558.482 1088.82 
539.908 1056.15 
631.889 1055.14 
-656.114 1053.14 
594.152 1042.98 
686.9 1041.14 
448.899 1038.14 
815.897 1035.13 
597.345 1040.55 
-1251.1 1029.15 
1079.9 1028.15 
757.898 1023.13 
1213.9 1017.15 
494.895 1014.14 
-1486.09 1009.15 
-870.093 999.143 
916.898 996.143 
-1233.11 988.141 
1601.9 987.147 
319.899 986.145 
-136.107 985.15 
-757.102 974.146 
869.9 974.139 
1265.9 969.142 
-79.104 965.137 
521.833 964.687 
-698.097 965.139 
434.892 954.14 
-494.101 953.142 
-738.105 934.133 
1609.9 934.137 
231.488 923.21 
610.894 922.135 
-992.096 918.144 
1523.9 916.14 
712.906 916.139 
116.9 915.141 
221.733 916.662 
1575.9 910.141 
-1167.1 908.14 
-479.086 908.143 
-414.1 900.143 
-85.1031 899.139 
228.413 902.532 
604.894 894.138 
1583.9 881.138 
479.894 869.143 
1151.89 863.137 
1406.89 856.138 
256.9 855.139 
552.906 852.135 
-1406.1 850.138 
-1033.09 845.147 
1374.9 829.148 
-1274.11 828.144 
254.904 824.142 
1045.89 824.145 
1242.89 824.15 
-871.094 821.14 
-190.106 821.135 
-25.0922 819.132 
-761.105 816.136 
-849.093 815.136 
-1435.1 812.141 
-268.094 805.141 
486.894 806.142 
791.341 804.144 
-1009.1 800.145 
148.903 798.143 
-224.1 797.142 
841.905 795.146 
-175.1 794.147 
40.8963 791.141 
-75.0979 788.147 
-0.106226 790.127 
773.906 787.142 
861.894 772.147 
-0.810083 767.463 
177.9 766.144 
767.906 764.141 
-5.57607 760.523 
-583.087 749.14 
-718.093 746.141 
-25.0963 745.15 
-292.102 744.128 
-1405.1 743.14 
-55.0982 743.139 
-1608.1 742.147 
98.8965 742.142 
803.9 740.139 
-431.096 735.134 
-98.1 732.144 
1225.9 729.153 
-605.104 728.141 
-200.097 725.141 
50.8971 724.136 
635.902 724.149 
21.9004 723.137 
-1234.11 713.13 
-973.099 710.135 
-604.099 700.132 
-1304.1 697.136 
-161.107 694.134 
596.905 693.128 
579.905 690.141 
-1472.1 688.138 
1100.9 687.137 
217.9 685.14 
881.904 674.129 
-1206.11 665.141 
1494.9 662.137 
-28.0985 658.146 
308.901 656.142 
-395.095 654.144 
-376.1 650.135 
-36.2477 647.137 
-640.095 641.14 
-378.072 639.938 
171.903 635.139 
290.893 635.14 
469.903 630.137 
38.9022 623.137 
1001.91 622.139 
1455.91 623.135 
761.905 615.141 
-433.093 610.134 
-94.1034 608.14 
-908.104 606.126 
202.898 599.147 
-582.103 582.853 
-978.094 585.135 
1420.9 576.138 
-582.103 582.141 
1422.57 568.833 
-520.105 557.143 
224.895 555.136 
-957.103 552.13 
92.9127 551.145 
-210.105 547.14 
156.911 544.134 
-1346.1 534.137 
-719.095 530.144 
-1530.09 528.146 
-1135.1 528.15 
-8.09793 528.142 
820.911 526.139 
-854.098 525.136 
-8.10134 520.197 
-1086.1 512.141 
-467.102 512.141 
14.8978 506.134 
974.9 505.14 
259.898 505.138 
-633.1 502.141 
-55.0932 495.138 
67.896 494.133 
-593.1 493.144 
-636.102 481.14 
193.902 476.134 
-1264.1 475.13 
-1262.59 462.708 
240.635 455.246 
1025.91 455.137 
32.8955 450.14 
-1129.1 443.153 
1532.91 431.141 
-1237.1 422.14 
-1530.1 421.148 
1552.9 410.142 
-1408.1 409.148 
-437.102 401.15 
-168.101 401.138 
-557.097 396.146 
-1330.1 384.128 
-365.097 382.141 
157.906 373.146 
-1277.09 362.14 
837.904 362.138 
-986.095 356.151 
-1299.1 355.143 
-55.1028 341.138 
-1056.09 336.139 
-636.097 333.138 
286.896 331.145 
-16.0961 330.144 
-1337.1 327.136 
254.899 327.142 
-155.098 323.136 
391.899 320.143 
-268.096 318.147 
589.897 316.144 
-848.103 315.14 
-771.095 315.141 
-321.099 310.147 
937.894 303.145 
161.899 291.15 
-225.094 275.144 
723.902 266.14 
-795.096 265.136 
917.898 264.137 
-1055.11 261.135 
-1141.09 252.137 
1167.89 244.145 
-1294.1 243.142 
-311.105 229.141 
731.913 228.148 
895.892 223.147 
1449.9 215.134 
-536.102 212.138 
549.895 207.144 
1524.9 205.147 
-1031.1 201.138 
-214.091 196.142 
945.906 195.137 
-1288.09 190.137 
-1433.11 179.14 
-289.099 177.14 
524.91 171.141 
289.9 170.132 
-475.113 165.135 
35.904 149.142 
-186.094 148.141 
787.901 147.131 
-684.099 146.144 
-104.103 133.135 
-166.099 132.15 
-1266.1 130.138 
162.902 130.141 
-489.109 119.133 
-1302.11 117.127 
270.902 107.148 
1274.9 107.133 
1313.91 88.1493 
473.906 82.1404 
-1302.09 74.1426 
-325.108 74.1451 
-71.1035 69.1413 
650.891 69.1481 
410.892 66.1345 
-1196.09 62.1396 
-1322.1 50.1373 
1030.9 48.1317 
-3.10281 39.1372 
-749.102 30.14 
-345.092 16.1344 
-34.093 5.13573 
-739.097 -1.8633 
-989.085 -14.8583 
-346.102 -14.8583 
196.896 -14.8596 
495.902 -14.8613 
1181.9 -17.8596 
1294.9 -31.866 
-911.107 -35.8615 
-784.108 -35.8616 
-116.106 -35.8576 
-1249.1 -37.8674 
351.903 -37.867 
-1030.1 -45.8657 
1497.9 -47.8565 
221.894 -56.8596 
-359.1 -58.8604 
-1413.11 -61.8624 
-1170.1 -65.8538 
-1620.09 -77.8482 
-709.096 -88.8632 
-422.097 -92.8604 
-252.104 -94.8545 
-1028.1 -96.8596 
-970.096 -98.8606 
-536.095 -105.861 
-1519.09 -106.863 
144.899 -119.855 
1346.91 -130.855 
-296.099 -143.863 
127.912 -157.861 
-175.1 -168.856 
322.904 -169.865 
-1424.1 -185.859 
1580.9 -189.862 
-1158.1 -197.863 
702.899 -210.865 
188.897 -215.863 
1158.91 -215.858 
1377.9 -224.86 
505.9 -225.862 
1243.9 -225.86 
-1594.11 -230.864 
-1258.1 -230.866 
1357.9 -234.865 
-281.109 -235.86 
920.901 -244.853 
-808.951 -252.191 
-814.151 -254.119 
268.91 -271.859 
-15.1011 -273.873 
-442.09 -282.858 
853.891 -289.857 
1141.91 -299.853 
-1508.1 -300.859 
1197.9 -305.864 
-585.106 -316.857 
687.906 -321.865 
-1074.09 -329.847 
-252.096 -334.854 
-721.1 -350.853 
493.892 -353.864 
401.895 -358.86 
-4.10232 -365.863 
1145.9 -379.857 
218.882 -398.867 
-892.095 -418.853 
-1359.09 -439.859 
-1028.1 -443.87 
-231.094 -452.85 
-1389.1 -458.855 
909.902 -462.856 
-1505.1 -478.861 
-670.103 -492.867 
-1307.09 -495.864 
851.897 -503.857 
-1000.1 -510.854 
240.907 -514.858 
1420.9 -533.864 
-161.103 -540.865 
707.903 -549.865 
-279.103 -555.861 
-699.797 -559.125 
-1105.09 -561.859 
-695.639 -564.305 
45.9007 -577.852 
-1322.09 -593.868 
306.906 -599.86 
-1214.1 -604.854 
37.0556 -618.326 
20.3773 -617.855 
40.6493 -618.775 
-465.085 -622.856 
-1189.09 -623.858 
-963.101 -631.852 
-623.098 -631.864 
817.9 -635.857 
1524.89 -636.859 
-1036.1 -639.864 
-1567.09 -654.864 
387.9 -655.875 
-1596.1 -661.857 
1120.9 -663.859 
-868.105 -680.864 
-694.461 -686.131 
-410.095 -687.871 
-1274.11 -691.856 
-744.094 -693.854 
-694.126 -686.469 
1545.91 -705.845 
624.502 -707.966 
609.901 -710.857 
1276.9 -713.861 
-1524.09 -716.856 
-373.102 -719.865 
-921.101 -735.861 
-1463.1 -735.863 
766.896 -748.856 
74.9073 -749.862 
372.894 -749.87 
702.899 -758.862 
-970.103 -769.857 
-931.1 -771.867 
268.895 -800.855 
614.909 -801.854 
-458.1 -823.867 
-1191.1 -824.859 
827.9 -838.854 
197.908 -837.86 
204.589 -850.167 
643.904 -865.864 
-128.089 -873.858 
-1059.11 -876.865 
1419.9 -896.858 
-1455.09 -897.859 
-1509.09 -921.85 
-1018.11 -926.87 
1485.89 -946.853 
766.902 -959.866 
-639.094 -962.864 
-1505.1 -968.87 
-1406.11 -970.869 
1481.9 -973.867 
-798.092 -985.861 
713.898 -985.858 
-1356.11 -1017.86 
843.894 -1017.86 
328.903 -1023.86 
-25.0965 -1024.87 
1126.9 -1049.86 
20.901 -1060.86 
-1315.1 -1070.86 
-960.102 -1122.86 
-281.106 -1123.86 
-103.107 -1124.85 
699.899 -1124.86 
-428.102 -1130.86 
-1112.1 -1144.86 
687.906 -1153.86 
-148.091 -1154.85 
-24.1015 -1179.86 
1391.9 -1180.86 
-1179.11 -1197.87 
