-933.499 1210.49 
-1434.5 1195.49 
-636.505 1191.49 
151.506 1191.51 
-1021.5 1187.5 
910.5 1186.5 
-587.49 1177.5 
394.505 1178.5 
-923.497 1171.5 
-1357.5 1166.5 
-1172.5 1166.5 
-1194.5 1165.5 
-1149.49 1156.51 
-133.497 1142.5 
1218.5 1132.5 
918.1 1125.51 
1275.5 1124.5 
1497.5 1122.5 
914.654 1124.84 
-841.508 1085.5 
-963.497 1074.5 
-348.503 1043.5 
-1260.5 1039.5 
843.492 1039.5 
-1601.5 1029.5 
-709.505 1020.5 
645.5 960.505 
-886.507 942.499 
544.497 935.509 
-1314.5 934.507 
308.503 932.504 
-82.5 924.503 
-766.265 917.989 
-736.507 919.506 
-765.86 917.38 
1263.5 901.496 
-385.501 885.499 
401.5 868.5 
-511.49 867.497 
-755.506 859.502 
240.498 860.507 
-331.496 831.502 
-86.4989 829.497 
1075.5 815.498 
-236.507 811.51 
814.499 794.503 
1612.51 794.496 
-587.506 790.502 
-585.501 757.497 
83.5021 746.501 
579.501 717.496 
1414.5 711.499 
1010.5 709.494 
151.498 685.51 
-80.5043 678.496 
478.503 640.497 
369.495 637.504 
-398.5 633.501 
-1056.5 632.498 
692.496 628.505 
792.498 621.498 
-1603.5 598.498 
-511.493 597.499 
-985.5 594.504 
-1027.5 593.499 
576.165 578.955 
-1400.5 578.495 
373.493 572.494 
575.875 578.344 
-287.502 568.497 
-725.498 564.498 
303.507 559.498 
-94.504 553.507 
-1370.5 547.507 
1098.5 544.888 
1098.5 544.498 
-758.505 528.502 
-1163.5 527.497 
1573.5 520.499 
-733.499 513.5 
1144.5 510.503 
389.501 508.499 
688.495 480.499 
234.501 479.502 
-1376.5 473.506 
690.505 437.497 
1275.5 430.504 
-284.508 426.501 
1242.5 421.498 
175.497 416.496 
-71.5006 405.497 
1414.5 402.496 
878.492 394.5 
-909.502 390.501 
-687.496 377.495 
749.5 356.499 
964.5 340.499 
-160.504 329.499 
1367.51 316.495 
1426.5 316.491 
-239.501 308.497 
759.501 308.497 
-1137.5 293.494 
258.502 256.492 
-1545.5 248.497 
-1098.51 245.498 
198.497 236.501 
1581.5 232.504 
750.501 214.497 
-131.491 207.501 
-30.5029 185.502 
-687.509 180.497 
257.497 177.502 
-277.503 174.496 
1307.49 167.501 
1592.5 165.493 
-1437.5 142.499 
-892.493 113.504 
789.502 99.5048 
-324.501 97.4939 
-637.492 88.4935 
-605.501 87.4985 
938.5 87.4961 
-843.502 75.502 
-783.498 34.4963 
526.5 32.4994 
132.498 26.5033 
-192.502 13.501 
0.499023 -0.505371 
294.504 -15.5038 
-1424.5 -20.4989 
109.495 -32.4995 
1165.5 -49.4999 
282.5 -57.4985 
1276.5 -65.5056 
833.506 -73.495 
-1045.5 -76.5028 
575.498 -75.4963 
1145.5 -77.5013 
975.508 -86.4976 
883.505 -98.4979 
22.5031 -103.495 
836.503 -103.493 
469.5 -105.505 
1464.5 -106.498 
116.502 -118.493 
630.499 -124.506 
-1584.5 -142.502 
593.497 -147.502 
-968.496 -166.5 
969.504 -169.505 
-1143.5 -192.495 
1487.5 -209.499 
983.499 -235.507 
-1289.51 -251.496 
-463.501 -253.497 
90.496 -261.508 
-1313.51 -263.495 
-1024.49 -269.505 
703.499 -274.499 
1321.5 -287.501 
-303.504 -294.499 
-22.4967 -315.497 
1075.5 -319.493 
884.498 -329.503 
1.50037 -331.498 
-614.497 -345.5 
440.503 -345.504 
-185.499 -355.496 
209.496 -385.504 
391.501 -384.502 
910.506 -396.499 
267.5 -417.504 
1327.51 -440.502 
-701.503 -443.498 
1477.5 -443.501 
-910.502 -449.502 
-136.501 -463.495 
187.501 -471.503 
-139.218 -470.765 
441.506 -488.494 
-1064.51 -489.503 
-1150.5 -495.498 
217.5 -501.492 
-1610.5 -507.503 
975.511 -507.498 
-747.489 -513.507 
-784.498 -515.506 
-874.498 -520.497 
-673.504 -521.504 
1164.51 -530.495 
-262.501 -560.5 
-881.498 -565.499 
645.496 -570.501 
-268.372 -568.872 
168.498 -573.499 
-1131.49 -575.498 
-998.863 -578.942 
-17.5012 -581.495 
270.502 -584.495 
301.504 -596.5 
228.494 -613.497 
-77.5111 -621.496 
-370.495 -655.501 
-774.499 -677.506 
-158.503 -692.498 
53.499 -694.498 
205.498 -701.499 
-444.496 -705.502 
463.5 -730.495 
-506.501 -750.5 
-482.501 -759.503 
-1355.5 -772.503 
-1237.5 -787.505 
892.498 -796.497 
1550.5 -821.496 
-1228.5 -827.504 
1109.5 -865.497 
-1391.5 -876.508 
879.492 -890.499 
-769.497 -892.502 
-1142.5 -906.5 
-1082.5 -916.502 
186.499 -917.495 
-385.498 -941.504 
-369.501 -944.5 
-955.498 -956.497 
1569.5 -961.5 
-644.497 -965.496 
1006.51 -984.504 
-392.499 -998.497 
763.499 -1005.5 
-68.4934 -1010.5 
76.4994 -1021.5 
-377.499 -1023.5 
599.504 -1023.5 
358.499 -1024.49 
113.498 -1038.5 
-1132.5 -1039.5 
1253.5 -1040.5 
-148.508 -1048.5 
-638.497 -1086.5 
-94.4954 -1087.49 
1118.5 -1109.5 
847.503 -1133.5 
-54.4974 -1143.5 
-1385.5 -1184.51 
138.498 -1199.5 
990.505 -1198.5 
-1096.5 -1204.51 
1020.5 -1204.51 
68.5034 -1206.5 
161.498 -1208.5 
