-414.501 1211.5 
1173.5 1206.5 
-1130.5 1200.29 
-1130.5 1198.64 
-1110.08 1182.67 
274.504 1183.51 
-640.499 1175.5 
-1142.49 1174.5 
-1113.6 1177.63 
243.499 1170.5 
385.499 1168.5 
-430.495 1166.5 
-1299.5 1158.5 
523.497 1157.5 
808.502 1156.5 
1254.5 1156.5 
669.492 1146.51 
1022.5 1130.5 
-368.498 1128.5 
-339.504 1128.49 
106.497 1127.5 
1569.5 1125.5 
631.499 1102.5 
521.497 1099.5 
789.499 1099.5 
-766.508 1095.5 
-326.806 1085.46 
-810.505 1086.51 
-1453.5 1078.5 
-326.657 1085.07 
-1367.5 1055.5 
-1284.5 1050.5 
619.507 1047.5 
-994.495 1045.5 
-629.511 1045.5 
-1506.5 1042.5 
-1173.5 1039.5 
-915.494 1034.5 
-756.497 1030.5 
-1369.5 1026.51 
-744.542 1026.45 
-1396.5 1018.5 
-444.501 1010.5 
-243.497 1008.5 
672.492 1008.5 
-470.501 1006.5 
-1344.49 1004.5 
-1087.5 1003.5 
-552.499 999.504 
-580.503 994.501 
-824.499 992.5 
-191.502 987.493 
-1458.5 986.502 
1558.51 983.499 
-935.501 982.497 
1226.5 982.504 
-1093.5 974.496 
-58.5015 963.501 
-570.498 961.505 
411.495 957.495 
979.5 957.506 
-769.497 940.501 
-449.498 937.497 
-1294.5 929.505 
-142.486 923.503 
247.5 907.506 
-913.503 902.5 
661.499 901.503 
1091.5 899.5 
284.497 897.509 
-1518.5 889.497 
-1127.49 888.504 
-1419.5 885.497 
-818.505 884.499 
-319.503 880.496 
-757.5 879.505 
-1363.49 871.502 
-709.498 866.501 
1053.5 867.506 
-1021.49 858.502 
-1146.5 855.501 
-1198.5 853.498 
4.50146 851.505 
-887.495 849.5 
-804.496 843.491 
-935.502 841.491 
-912.5 841.502 
-845.505 831.5 
-137.503 830.493 
34.4946 827.501 
-959.315 821.378 
-323.509 821.498 
-760.496 819.501 
218.493 816.504 
-968.2 814.796 
357.5 811.504 
655.499 812.508 
-759.047 814.185 
-663.504 805.505 
1055.49 803.5 
-351.494 799.495 
-811.505 797.5 
487.497 788.493 
425.496 787.495 
-907.493 780.495 
121.491 775.504 
-35.5073 768.5 
-1042.04 765.97 
597.506 762.507 
-386.496 761.508 
1132.5 750.505 
-639.499 741.506 
16.4915 729.505 
225.499 723.5 
1475.5 719.494 
333.507 709.497 
724.493 709.502 
-806.49 706.502 
494.5 703.503 
-310.718 698.645 
-552.502 699.497 
1201.5 693.499 
-1181.5 691.5 
96.5042 690.501 
1181.51 688.497 
-228.506 685.498 
1353.5 682.503 
1111.5 662.495 
1264.49 659.497 
218.502 658.506 
1229.5 657.496 
897.496 655.501 
1024.51 655.506 
290.499 651.503 
154.503 637.495 
-723.506 630.498 
-140.501 628.502 
-997.499 624.498 
953.492 621.504 
893.995 617.943 
897.103 617.007 
1497.51 608.506 
-1270.5 605.5 
-571.506 595.5 
-1366.5 590.499 
182.504 589.501 
119.496 587.497 
-984.511 574.502 
-796.503 573.499 
546.502 565.497 
775.5 563.49 
-551.028 555.077 
1035.5 556.503 
-681.496 556.505 
547.226 554.195 
-715.506 548.502 
-539.303 548.859 
-549.808 554.265 
-265.494 545.5 
-614.502 542.502 
1357.5 536.497 
-579.501 529.502 
-1180.5 529.496 
803.496 529.492 
-355.497 528.498 
-962.49 521.5 
310.574 520.102 
-1272.49 519.51 
350.497 514.5 
-21.4971 502.507 
326.497 501.493 
1083.5 501.509 
-770.505 500.496 
711.499 495.499 
1511.5 495.501 
-428.505 493.498 
-1146.5 489.494 
-545.505 489.497 
96.4961 485.887 
1560.5 485.496 
670.499 478.495 
96.4963 485.497 
-117.502 462.505 
191.499 458.49 
636.504 456.501 
1472.49 455.493 
1143.5 455.497 
1399.5 455.491 
-728.501 451.497 
365.503 451.493 
-425.492 450.505 
-803.506 444.506 
1120.5 436.498 
-42.4973 436.5 
-431.496 431.499 
-747.505 427.498 
-1522.49 421.507 
334.502 418.499 
-257.504 400.494 
-848.502 397.498 
-574.51 396.499 
-639.496 383.493 
796.498 381.495 
740.499 379.503 
-571.493 377.5 
1011.49 375.495 
-5.5 365.504 
-285.5 347.502 
758.493 338.503 
1180.5 319.496 
796.497 309.505 
-1334.5 304.501 
1339.5 304.494 
1484.49 303.494 
-55.5006 300.506 
597.511 300.496 
-961.502 295.498 
-617.507 296.49 
775.501 293.505 
-20.4929 266.496 
-132.501 262.502 
1573.5 252.496 
323.502 246.495 
1474.5 243.498 
-1371.5 233.509 
-1025.21 232.257 
-1354.5 229.501 
-1386.5 224.491 
617.496 212.5 
1075.5 206.495 
-869.496 204.507 
69.5015 201.497 
-665.492 200.497 
-286.5 199.501 
-535.503 196.499 
619.499 173.497 
1094.51 164.499 
1608.49 161.506 
892.501 152.499 
-307.503 149.501 
547.502 149.5 
-881.497 144.499 
-1072.5 140.499 
-450.492 140.5 
871.498 139.498 
-70.4956 137.503 
924.496 133.499 
-94.5065 127.501 
3.50732 113.507 
-643.503 112.494 
236.506 110.498 
-223.498 107.502 
1467.5 106.509 
-1343.5 97.5 
356.497 94.5029 
73.5051 91.4945 
171.499 83.502 
-204.503 74.4965 
778.505 60.5006 
1005.5 57.5037 
-526.506 56.5015 
1523.5 53.4972 
-400.498 53.5013 
-1309.5 49.4991 
-798.498 46.4973 
-270.496 46.5021 
-1600.5 45.501 
-836.498 37.5029 
-797.19 44.2711 
-585.499 31.4958 
-615.503 20.498 
-706.5 15.5002 
679.497 12.4867 
910.498 9.49634 
1055.5 5.50684 
-1461.5 -0.497925 
0.49707 -0.498169 
-269.499 -6.50134 
70.4991 -14.4994 
-330.503 -16.5059 
-1091.5 -17.5031 
-535.507 -27.494 
-607.502 -35.4996 
1352.5 -45.4965 
343.499 -53.5024 
54.4938 -59.5013 
112.495 -61.5077 
-1169.49 -63.5007 
381.495 -64.5021 
1378.26 -71.9451 
464.495 -70.5007 
1376.97 -73.0796 
1377.79 -73.1375 
-1619.5 -79.5027 
1144.5 -80.5022 
-847.509 -85.4965 
469.494 -88.5035 
441.501 -96.4968 
1391.49 -101.101 
876.498 -119.498 
265.5 -122.504 
1194.49 -127.501 
1042.5 -128.502 
1419.5 -129.496 
-1265.5 -132.507 
540.503 -132.501 
-931.497 -135.502 
-506.509 -136.5 
1383.5 -141.491 
-1487.5 -149.502 
187.499 -150.511 
339.497 -152.504 
150.502 -155.5 
-222.5 -156.499 
-236.021 -163.159 
-254.498 -172.503 
-375.499 -180.491 
1325.5 -189.499 
-219.496 -190.498 
1174.51 -195.502 
1039.5 -198.49 
616.504 -204.503 
665.508 -207.497 
-1244.51 -210.503 
112.32 -214.869 
-761.505 -214.498 
33.5051 -220.5 
113.836 -215.598 
-30.5055 -224.499 
625.499 -230.499 
1603.51 -230.494 
383.503 -232.499 
-178.494 -240.504 
506.499 -241.5 
1386.5 -251.501 
25.5006 -258.231 
58.5021 -258.503 
-1031.49 -260.501 
423.497 -264.503 
-20.5 -265.499 
25.4985 -260.469 
-568.503 -268.498 
-776.496 -274.498 
-206.498 -277.495 
-626.508 -287.5 
-394.498 -289.509 
1480.41 -293.498 
873.498 -302.504 
-989.496 -313.5 
665.501 -314.506 
246.499 -331.497 
-1255.5 -340.495 
-642.495 -341.5 
309.499 -346.499 
400.499 -348.506 
1159.5 -350.496 
-692.503 -363.505 
-25.5021 -368.5 
-1009.5 -370.505 
-969.505 -375.503 
-1150.5 -378.503 
-295.497 -382.498 
656.5 -387.499 
-1101.49 -387.51 
321.496 -395.498 
-835.504 -402.5 
-506.499 -403.499 
478.507 -405.501 
-220.499 -407.494 
110.496 -409.502 
-301.504 -420.5 
-74.4993 -426.5 
-362.498 -428.501 
1201.49 -428.494 
510.496 -434.503 
1249.5 -434.51 
534.501 -437.502 
383.503 -439.497 
111.497 -440.492 
659.5 -443.502 
965.503 -445.497 
-153.495 -455.504 
413.493 -459.5 
936.499 -464.501 
576.491 -478.5 
991.495 -478.5 
716.498 -480.492 
-530.493 -487.499 
1570.5 -490.494 
-400.502 -491.507 
1385.5 -500.5 
126.507 -503.505 
-1618.5 -508.496 
-487.505 -511.501 
1034 -525.502 
592.5 -525.507 
1035.84 -525.5 
0.504761 -540.502 
446.5 -545.492 
1344.5 -548.496 
-1229.5 -553.499 
778.498 -556.497 
-687.492 -560.501 
-1215.5 -571.505 
76.4948 -571.5 
947.494 -582.509 
1505.5 -587.502 
229.504 -592.497 
366.506 -592.502 
287.493 -612.497 
182.501 -620.498 
-23.5054 -621.499 
633.502 -620.501 
591.505 -622.501 
-614.498 -630.503 
-764.504 -648.504 
583.502 -654.495 
-34.5056 -665.51 
1131.49 -682.502 
860.498 -686.505 
-356.492 -687.504 
-160.498 -694.496 
817.505 -694.503 
981.498 -697.508 
-1251.51 -699.507 
178.503 -704.501 
-963.497 -707.498 
791.5 -715.5 
-293.505 -722.5 
922.502 -730.5 
-1018.5 -732.503 
217.974 -751.181 
208.676 -752.471 
-6.50391 -778.503 
-341.5 -781.502 
1300.49 -791.499 
337.504 -810.498 
-426.5 -818.49 
329.497 -840.499 
1391.5 -840.505 
-389.495 -851.502 
-325.499 -859.508 
-1161.5 -866.502 
421.493 -866.503 
1574.5 -881.506 
-713.498 -894.503 
1232.51 -901.501 
556.503 -911.492 
-316.498 -916.496 
1340.5 -923.501 
1067.5 -952.498 
1270.51 -953.508 
473.507 -954.492 
845.501 -964.5 
605.499 -980.503 
1281.5 -981.505 
-1144.51 -997.497 
1540.5 -1009.5 
-490.501 -1030.5 
-1247.5 -1047.5 
-1104.51 -1049.51 
58.4994 -1057.5 
850.5 -1058.5 
1074.49 -1064.5 
-87.4955 -1068.5 
823.506 -1068.5 
-567.5 -1071.5 
1265.5 -1085.5 
1588.5 -1085.49 
1453.5 -1088.5 
446.5 -1115.5 
1152.5 -1123.5 
1107.5 -1123.49 
1214.51 -1126.5 
312.499 -1131.5 
-1491.51 -1139.5 
409.501 -1141.5 
3.50122 -1153.5 
884.502 -1163.5 
1060.51 -1164.5 
-234.492 -1167.5 
1484.5 -1176.5 
-115.501 -1180.5 
1101.49 -1183.5 
1116.5 -1185.5 
-538.503 -1200.5 
1175.5 -1200.49 
556.504 -1203.51 
1573.51 -1204.5 
291.496 -1207.5 
600.496 -1207.5 
-190.499 -1211.51 
