-894.507 1209.5 
-1288.5 1203.5 
1056.5 1193.5 
-1221.5 1190.5 
816.488 1172.5 
104.498 1160.5 
-484.498 1147.5 
-1076.5 1145.5 
-468.502 1144.5 
-750.502 1128.5 
-487.501 1089.5 
1481.5 1083.5 
920.502 1072.51 
-157.501 1069.5 
-1239.5 1062.5 
-469.495 1062.5 
674.499 1056.5 
-11.4976 1055.5 
270.496 1045.5 
510.496 1042.5 
25.5024 1037.5 
-236.502 1032.5 
1146.5 1012.5 
-725.506 1004.5 
-182.496 993.499 
996.503 948.5 
-142.507 938.497 
731.499 930.496 
-1451.5 925.501 
-1158.5 900.494 
-1314.5 891.5 
44.4988 881.499 
-23.4902 877.497 
-1386.49 873.497 
65.4976 873.505 
-1495.5 868.511 
852.503 867.493 
880.5 862.51 
-582.503 853.498 
-1545.5 850.501 
84.4993 842.499 
161.505 842.497 
613.502 841.495 
-431.505 802.501 
1084.51 774.504 
-1253.5 772.506 
-878.492 771.495 
-542.504 763.497 
-260.498 757.501 
1219.5 756.509 
1434.5 756.504 
304.504 754.507 
-141.503 750.506 
1133.5 686.499 
-442.496 670.501 
1353.5 656.495 
72.5018 654.501 
-333.495 642.496 
-1570.5 637.509 
1336.5 625.504 
1383.5 618.495 
-1056.5 611.492 
-817.502 609.495 
-198.497 597.504 
-1011.5 590.499 
146.496 584.504 
854.499 577.492 
-1254.49 562.496 
-987.505 555.506 
-1008.5 526.5 
183.499 522.494 
-1161.5 519.504 
-1049.5 513.501 
-1318.5 500.497 
-358.503 485.496 
1039.5 474.498 
-442.502 464.491 
178.506 458.495 
450.505 458.499 
-916.497 457.502 
367.501 440.499 
-211.503 436.507 
-891.5 422.496 
1401.5 419.501 
-1466.5 417.498 
333.499 412.502 
1342.5 406.503 
952.497 405.505 
-824.506 385.5 
-66.504 380.505 
-1143.5 375.496 
666.503 375.503 
-1284.5 366.5 
603.5 359.502 
-1311.5 357.503 
925.501 351.504 
-509.494 343.496 
-111.498 343.496 
582.5 337.498 
552.605 323.247 
554.064 318.284 
-1091.5 309.503 
821.499 310.495 
-1435.5 309.489 
-863.501 278.503 
831.501 270.501 
-778.5 243.497 
-1186.5 233.503 
922.505 225.507 
-1429.5 224.51 
14.4979 220.502 
13.5022 199.5 
568.499 198.499 
585.5 191.496 
1453.5 181.504 
-819.496 178.501 
336.496 167.499 
-832.496 162.504 
573.493 154.496 
668.501 153.498 
692.497 147.5 
-852.497 146.502 
539.501 137.513 
-1561.5 134.493 
-548.499 119.501 
-65.505 115.498 
-708.501 112.5 
-1082.5 105.498 
-335.493 94.4978 
-44.5004 93.501 
296.501 91.502 
926.485 80.4978 
516.505 79.5004 
1608.49 79.5007 
1567.5 69.5 
-426.503 64.4969 
-1290.5 44.5023 
634.496 29.5062 
1481.49 26.4977 
1393.51 16.5032 
-798.5 9.50464 
-502.493 5.49731 
0.496704 -0.498535 
853.502 -27.5029 
-1484.5 -28.5046 
-266.495 -42.5006 
-1081.49 -54.5054 
-1554.5 -62.4988 
992.494 -66.4993 
299.498 -92.4944 
1055.5 -100.497 
-824.496 -102.498 
710.496 -109.497 
287.501 -113.509 
263.497 -117.493 
1587.5 -145.499 
993.503 -157.497 
-922.508 -159.505 
-433.495 -178.503 
-393.49 -177.499 
276.5 -182.496 
138.502 -185.504 
-9.5011 -192.492 
-601.501 -235.507 
-1399.5 -243.498 
-1591.9 -246.232 
-1587.75 -248.975 
835.495 -252.496 
248.507 -263.501 
880.5 -266.51 
-1012.5 -271.504 
947.506 -287.505 
-433.499 -294.492 
309.503 -307.501 
21.5037 -315.492 
-1160.5 -319.497 
-1201.5 -320.492 
-349.499 -321.494 
-721.5 -344.502 
1223.51 -345.499 
-186.51 -352.502 
-968.496 -353.497 
1300.5 -362.501 
-1106.5 -372.502 
800.497 -376.501 
265.506 -386.498 
843.498 -402.496 
665.501 -418.497 
-610.499 -451.501 
-232.493 -481.503 
-384.498 -490.501 
1586.5 -491.499 
495.496 -495.499 
-594.5 -513.498 
1321.5 -529.497 
-583.503 -543.499 
-218.502 -553.495 
-297.496 -557.498 
761.503 -562.501 
-644.495 -590.496 
73.4979 -606.498 
19.4989 -611.495 
694.506 -612.508 
410.495 -620.502 
-894.505 -626.503 
-343.504 -627.506 
601.497 -648.495 
1185.5 -661.503 
186.506 -664.501 
530.495 -664.494 
-932.499 -677.497 
-830.498 -699.496 
90.4971 -708.5 
732.495 -708.493 
291.501 -723.505 
661.491 -736.495 
129.503 -750.498 
-330.498 -781.499 
-288.494 -783.503 
-314.494 -797.502 
-1536.51 -807.502 
-595.502 -820.499 
334.492 -831.495 
583.501 -848.5 
-1282.5 -851.504 
-408.509 -855.496 
-907.497 -861.5 
1553.49 -861.492 
-959.504 -868.5 
-1456.49 -874.508 
-540.502 -879.497 
432.502 -885.497 
-1445.5 -900.497 
-671.498 -910.497 
842.495 -921.498 
613.505 -935.512 
-1185.51 -936.499 
1314.49 -947.498 
-1215.5 -969.504 
-662.499 -994.504 
-1541.5 -998.507 
1574.5 -1000.5 
-470.502 -1004.5 
202.506 -1005.5 
230.502 -1007.5 
1145.5 -1009.5 
23.4971 -1011.5 
891.503 -1013.5 
-303.497 -1031.5 
1067.5 -1041.5 
171.499 -1044.49 
-11.5066 -1067.5 
209.505 -1067.5 
-895.5 -1095.5 
639.508 -1106.49 
-149.5 -1122.5 
-1328.51 -1133.5 
1270.49 -1135.5 
254.494 -1136.5 
-1392.11 -1143.13 
764.502 -1147.5 
-1392.14 -1143.23 
-922.496 -1152.5 
-641.506 -1168.5 
74.4993 -1172.49 
1006.5 -1173.5 
-545.494 -1178.5 
-83.4946 -1197.5 
-404.5 -1206.51 
-1590.5 -1207.5 
379.502 -1210.5 
