942.504 1205.5 
-1146.5 1203.49 
-25.5038 1201.5 
1286.49 1195.5 
723.494 1183.5 
-664.494 1171.5 
-1488.49 1169.51 
1234.51 1167.5 
1032.49 1164.5 
-429.496 1162.5 
-417.57 1162.5 
-1100.5 1158.5 
-1025.5 1138.5 
237.507 1121.5 
194.495 1120.5 
849.499 1118.5 
1096.5 1114.49 
164.507 1102.5 
347.501 1090.5 
488.493 1082.51 
-302.496 1077.5 
-1014.5 1073.5 
1446.16 1067.5 
284.498 1066.5 
1446.73 1066.38 
-314.5 1048.49 
1193.5 1036.5 
1039.49 1011.49 
-225.501 1007.5 
-1208.5 979.499 
1402.5 955.503 
603.502 952.498 
-1294.5 949.5 
-102.502 942.503 
-188.497 913.506 
665.5 895.505 
-765.503 880.501 
1535.5 877.498 
-613.505 871.503 
-67.4998 870.5 
908.502 869.493 
512.496 861.494 
156.495 853.497 
1304.5 842.001 
355.501 835.503 
800.5 835.501 
596.494 828.508 
-1251.5 814.508 
528.5 810.501 
-922.502 805.5 
-676.498 787.5 
530.501 784.495 
-798.499 777.499 
1406.5 773.504 
-1138.51 771.497 
140.489 768.503 
-369.499 768.5 
-239.497 766.5 
114.498 763.501 
-877.504 757.499 
-277.496 747.497 
1548.49 745.5 
1473.49 741.501 
332.499 737.503 
731.5 730.5 
1355.5 722.5 
1113 717.075 
1113.02 716.976 
-397.504 703.496 
487.501 697.501 
-729.5 692.511 
345.499 683.5 
-1520.5 681.501 
-980.499 682.497 
-961.499 681.491 
383.502 678.495 
638.502 675.502 
-150.506 675.498 
-400.499 674.492 
146.5 674.502 
434.499 669.498 
-111.497 668.496 
745.5 663.499 
-1366.5 657.498 
296.501 654.498 
-405.492 651.504 
-420.499 643.494 
327.952 634.06 
-664.502 632.508 
335.246 632.444 
-219.505 625.497 
-453.499 623.497 
382.502 613.498 
1080.5 609.504 
636.504 602.503 
-328.502 597.497 
330.495 595.496 
1469.5 585.499 
-385.501 581.503 
696.493 571.5 
332.502 567.498 
500.503 564.495 
470.5 558.506 
1418.5 557.501 
180.496 552.499 
-423.493 528.503 
153.499 518.491 
-1614.51 514.495 
-1587.5 510.501 
406.499 504.501 
781.505 480.499 
-84.5011 479.503 
1050.5 460.495 
-297.511 435.506 
490.221 422.253 
379.501 422.5 
906.503 416.501 
160.498 414.499 
-1561.5 413.507 
486.033 416.053 
-1361.5 406.506 
689.504 399.499 
331.498 379.496 
1425.51 373.504 
-1497.5 372.5 
470.502 370.498 
547.494 358.505 
-130.516 352.875 
202.496 351.499 
97.5017 348.496 
-122.777 348.717 
-1121.5 342.494 
351.509 342.499 
-755.494 333.493 
-1155.51 331.505 
168.504 331.494 
729.507 323.501 
-796.497 311.506 
911.503 306.499 
-1443.5 268.493 
1264.5 261.5 
-1202.51 249.496 
1302.5 247.498 
785.496 237.504 
-1369.5 225.505 
-859.499 221.503 
342.499 214.503 
102.502 213.496 
418.511 207.501 
49.5088 206.498 
77.5004 201.495 
-197.503 185.507 
-379.221 178.986 
231.501 159.501 
775.499 134.493 
133.504 115.501 
1471.5 113.495 
-1355.5 109.505 
396.492 98.5006 
-1474.5 94.4955 
-399.504 89.4983 
-765.501 69.4955 
-1201.5 53.5024 
511.497 30.5049 
-1507.49 13.4966 
0.510376 -0.499634 
588.505 -10.5007 
-342.501 -19.5015 
1324.51 -26.4924 
1047.5 -34.5024 
475.499 -37.5061 
-315.497 -43.5004 
-1397.5 -49.4996 
882.498 -56.4993 
-290.497 -56.4978 
-852.502 -79.5033 
4.49585 -97.498 
570.501 -97.4962 
121.502 -108.502 
-935.501 -123.495 
-1280.5 -135.503 
-79.4973 -142.499 
124.499 -150.499 
575.499 -170.505 
771.497 -171.499 
618.501 -178.501 
438.503 -181.51 
-268.505 -182.499 
-1414.49 -207.489 
772.5 -209.494 
-662.496 -253.503 
-1435.5 -257.502 
909.496 -257.501 
1133.5 -267.498 
-826.505 -293.492 
1614.51 -301.501 
-1387.5 -306.498 
-30.4958 -311.493 
-1556.5 -312.5 
-487.501 -317.504 
-1577.5 -324.501 
-296.505 -351.509 
662.499 -357.503 
1234.5 -364.511 
-317.494 -382.5 
302.499 -406.498 
615.502 -407.496 
559.499 -420.5 
311.5 -425.499 
-828.497 -435.501 
331.505 -441.499 
-269.499 -460.494 
902.498 -472.496 
-791.499 -482.499 
-395.496 -482.501 
-680.501 -485.505 
270.497 -505.5 
-1129.5 -519.499 
1356.5 -531.5 
-1556.5 -534.499 
112.498 -536.501 
1318.49 -541.498 
-873.493 -555.503 
1488.5 -565.502 
-1427.5 -567.504 
-63.5007 -573.498 
-317.498 -588.497 
-265.498 -589.496 
-94.5052 -614.501 
810.503 -627.5 
1323.49 -629.498 
-31.4935 -631.496 
-467.499 -633.508 
-666.501 -640.5 
727.5 -645.505 
1041.5 -646.497 
989.498 -654.499 
-1116.5 -656.507 
1124.5 -656.499 
1498.5 -658.504 
-1045.5 -682.505 
-52.4996 -684.5 
61.4958 -687.496 
-460.506 -693.503 
846.497 -696.499 
-253.501 -701.498 
1069.5 -702.501 
327.5 -705.499 
1500.5 -714.495 
250.493 -721.5 
-903.504 -726.494 
-1323.5 -798.505 
-1462.5 -809.498 
987.504 -818.502 
463.499 -820.507 
337.5 -822.503 
-103.505 -846.505 
624.5 -854.505 
271.496 -873.498 
1092.5 -877.497 
882.497 -886.499 
-753.495 -905.496 
258.5 -924.501 
574.499 -926.505 
774.509 -962.502 
287.496 -974.505 
1139.51 -992.502 
-530.497 -1026.5 
-763.503 -1039.5 
571.5 -1043.5 
-769.087 -1046.68 
1081.5 -1066.5 
-1081.5 -1093.5 
164.501 -1118.5 
563.5 -1119.49 
1259.5 -1123.5 
143.496 -1147.5 
-895.499 -1152.5 
1209.5 -1167.5 
