-649.5 1179.5 
-1513.51 1170.51 
908.505 1160.5 
271.498 1147.5 
954.505 1144.51 
-1088.5 1137.5 
1023.51 1119.49 
-462.496 1111.5 
335.502 1096.49 
26.4971 1086.5 
-1236.5 1082.5 
-1280.5 1081.51 
-370.504 1080.5 
-763.502 1054.5 
1306.49 1053.5 
-194.504 1045.51 
-1024.5 1043.5 
1383.51 1033.5 
-1166.5 1022.5 
850.502 1018.5 
284.506 1006.5 
891.5 989.494 
702.5 971.502 
-633.495 935.502 
-238.497 903.503 
-394.502 893.503 
516.505 887.494 
-609.502 868.502 
1363.5 852.5 
-594.498 837.495 
-220.501 826.499 
-301.503 821.5 
781.503 816.497 
-652.499 788.499 
78.5024 771.493 
23.5022 766.507 
707.504 765.503 
418.503 756.503 
-900.502 750.506 
-343.501 749.504 
609.497 728.499 
1195.5 715.5 
191.503 712.502 
536.499 712.495 
-930.503 698.499 
-825.495 677.5 
93.5022 667.496 
733.5 667.5 
293.498 653.501 
659.505 640.502 
131.497 627.502 
-321.496 596.5 
-280.501 595.499 
-305.498 581.499 
-1500.5 572.495 
-579.502 559.497 
329.503 548.498 
570.502 532.503 
-1243.5 529.5 
-393.501 526.494 
-877.502 519.505 
1512.5 519.498 
-926.499 513.503 
-1406.5 508.508 
-519.5 503.499 
421.504 497.5 
-1389.49 484.506 
-643.5 474.506 
812.501 463.5 
-1132.5 450.489 
591.496 450.5 
1261.5 440.507 
-1154.51 420.497 
-625.503 397.492 
-1457.5 394.496 
1497.49 392.5 
-442.501 389.499 
195.501 388.503 
221.5 385.5 
1088.5 383.499 
25.4971 382.498 
846.503 380.503 
-283.499 364.499 
1008.51 355.501 
164.508 352.501 
-7.49939 333.495 
200.496 332.498 
-832.501 308.501 
599.506 298.493 
-135.497 284.499 
-1228.5 275.511 
1181.51 273.499 
239.501 272.504 
-1285.57 266.872 
711.493 263.503 
-849.502 259.49 
-1285.59 266.766 
-588.503 245.513 
71.5057 242.497 
931.499 240.499 
-499.493 237.505 
-73.4958 220.495 
-367.509 213.501 
-1453.5 212.506 
350.501 210.503 
-663.497 207.494 
421.495 186.501 
-989.506 183.504 
-609.51 159.502 
1434.5 156.489 
865.495 132.504 
-1479.5 115.496 
-139.5 107.504 
-1570.51 106.503 
134.5 76.5045 
-1470.5 53.5 
952.502 35.4983 
1264.5 1.49561 
0.498169 -0.497925 
1399.5 -28.4934 
200.5 -38.4982 
-726.502 -52.5033 
-794.5 -61.5 
511.502 -89.5004 
-1581.5 -93.4988 
884.502 -110.498 
1421.51 -110.503 
1128.5 -121.497 
-157.503 -129.495 
679.501 -136.501 
-514.504 -143.492 
-675.504 -165.5 
-868.496 -166.502 
-699.504 -175.5 
49.4987 -186.503 
-1579.51 -202.495 
160.496 -205.501 
-848.499 -212.499 
-1062.5 -215.49 
942.495 -217.503 
-1353.49 -232.507 
1482.5 -241.504 
-503.494 -250.503 
1171.5 -252.51 
449.496 -283.502 
-70.4978 -321.5 
356.501 -322.499 
935.499 -322.507 
1260.5 -326.5 
-751.502 -335.497 
303.495 -335.5 
-32.4974 -370.503 
-1358.5 -395.501 
-941.494 -395.499 
378.508 -409.5 
153.495 -414.504 
-1049.5 -423.505 
-502.497 -429.496 
-487.989 -437.14 
-1010.5 -438.504 
717.501 -439.497 
-756.492 -471.499 
-657.499 -473.499 
1481.49 -475.499 
1448.5 -480.501 
-255.49 -481.501 
1338.51 -493.502 
-518.497 -496.5 
1258.5 -497.499 
-991.5 -534.494 
115.501 -540.498 
759.5 -543.505 
-1620.51 -551.498 
-337.498 -564.5 
-420.502 -584.503 
-1517.5 -593.506 
-945.501 -602.501 
-117.503 -602.493 
-507.499 -610.503 
611.5 -613.498 
-652.506 -618.506 
-747.504 -629.503 
547.498 -633.499 
-104.5 -647.505 
822.496 -656.5 
294.502 -664.493 
-1399.5 -668.504 
1429.49 -677.503 
-1616.5 -686.501 
-676.496 -693.493 
-1358.5 -713.504 
432.507 -721.496 
-1397.5 -733.507 
303.515 -736.504 
1076.5 -738.503 
1183.5 -738.493 
333.498 -767.496 
-237.496 -772.5 
-1106.5 -775.5 
952.494 -777.504 
1437.5 -781.502 
-1159.51 -786.491 
928.497 -804.498 
-450.161 -820.956 
1181.5 -823.5 
434.492 -834.499 
-912.496 -843.493 
-1178.5 -845.504 
-988.499 -881.501 
700.493 -882.505 
944.506 -884.503 
-1451.5 -891.499 
-413.501 -892.498 
-1546.5 -896.502 
1617.5 -896.5 
1476.49 -957.502 
29.5021 -962.499 
1594.5 -970.502 
1129.5 -973.496 
-1497.5 -1000.51 
22.4974 -1001.51 
583.496 -1010.5 
-1317.5 -1013.5 
-1013.5 -1015.5 
-46.5029 -1019.49 
-371.501 -1057.5 
1121.49 -1068.5 
281.501 -1071.5 
-1411.5 -1073.5 
892.498 -1090.5 
-911.496 -1092.5 
-1394.5 -1093.49 
-134.501 -1111.5 
-890.5 -1113.5 
-1052.5 -1126.51 
-708.499 -1139.5 
383.49 -1140.49 
-167.494 -1145.49 
-653.495 -1149.5 
-201.498 -1155.5 
916.504 -1165.5 
-387.494 -1169.5 
-800.5 -1174.5 
-111.501 -1176.5 
-1430.5 -1179.5 
12.496 -1182.51 
867.499 -1195.5 
-972.5 -1199.5 
415.495 -1200.51 
-1026.5 -1202.5 
-1560.5 -1203.5 
1527.5 -1209.5 
944.5 -1208.5 
