-1264.5 1207.5 
-1091.5 1207.5 
294.495 1205.51 
-1152.5 1198.49 
-1090.96 1200.22 
1296.49 1187.5 
-986.493 1165.5 
-313.492 1164.5 
429.503 1156.5 
-601.501 1149.5 
281.503 1149.5 
-407.499 1145.51 
559.497 1131.5 
1062.5 1127.5 
385.498 1123.5 
-1165.49 1099.5 
-972.501 1090.5 
951.501 1090.51 
-616.502 1088.5 
895.504 1088.5 
531.5 1081.51 
-650.498 1073.51 
363.491 1073.5 
-1398.5 1064.49 
1043.5 1055.49 
747.493 1053.5 
-421.499 1049.5 
-694.499 1042.5 
148.5 1035.5 
-272.497 1033.5 
-20.4994 1028.5 
-885.502 1023.5 
955.5 1021.51 
405.493 1020.5 
13.504 1008.5 
-1393.49 1006.5 
-247.499 1001.49 
-1087.5 995.496 
-627.231 958.274 
-329.496 959.501 
-1598.5 957.495 
-1179.5 953.498 
-627.188 958.181 
-66.4985 943.506 
-1377.5 942.494 
-170.491 927.502 
-543.498 923.503 
373.495 919.497 
1216.5 919.495 
-926.501 917.501 
-284.504 906.493 
-1094.5 905.492 
-1055.5 905.499 
68.5015 904.497 
1592.5 899.496 
674.504 897.496 
-984.492 874.506 
-912.941 871.176 
-1165.5 870.496 
128.498 863.502 
897.503 863.5 
-912.468 869.96 
-899.353 859.871 
-948.497 851.5 
188.505 850.5 
-77.4982 849.504 
-211.503 847.495 
-464.5 842.502 
350.497 834.495 
1581.49 827.502 
-1212.49 817.504 
762.505 816.504 
24.5054 809.495 
-1127.5 806.501 
-919.495 800.498 
286.496 798.499 
-708.504 794.499 
722.508 794.503 
1179.49 790.501 
-610.5 789.5 
-1153.51 786.508 
-97.5059 786.496 
-164.503 780.497 
-1272.5 779.505 
-792.504 774.498 
177.501 765.499 
-28.5018 761.498 
-209.496 738.501 
711.498 733.503 
-798.497 730.506 
-145.502 725.504 
394.5 718.502 
-1042.5 712.499 
-969.497 710.497 
-807.497 711.5 
-1421.51 699.503 
-968.491 689.498 
-367.507 686.501 
-472.499 668.504 
769.504 665.501 
-1506.62 647.235 
-252.499 641.891 
-629.504 637.505 
-252.499 641.502 
541.501 627.497 
-34.4276 626.571 
-401.502 624.504 
200.498 618.496 
-1035.5 615.497 
3.49622 612.497 
-22.4976 604.494 
199.052 607.188 
655.497 599.501 
818.501 597.5 
800.498 597.498 
531.142 592.394 
-163.502 593.496 
-669.501 590.5 
533.456 591.404 
734.501 587.499 
585.5 583.501 
-1333.5 579.502 
412.503 565.503 
1058.49 563.506 
-1579.5 560.497 
835.5 558.499 
947.496 555.502 
866.506 552.497 
1497.5 551.505 
5.50024 546.497 
-377.502 544.496 
431.495 527.498 
-1106.5 526.501 
-31.5004 520.5 
-1359.5 517.504 
340.504 514.496 
298.502 506.504 
645.503 503.502 
1514.5 498.5 
-966.505 492.502 
263.508 492.499 
-440.5 489.494 
1279.5 478.495 
1572.5 476.501 
-527.5 468.498 
1055.5 457.496 
-412.506 447.5 
678.503 441.491 
-699.5 438.497 
-1099.5 429.501 
922.504 418.503 
-885.506 415.499 
1589.5 403.498 
-1284.5 394.499 
345.489 396.495 
-1328.51 394.502 
-730.503 392.501 
396.501 387.496 
722.503 386.497 
-1283.33 391.577 
697.499 373.497 
-334.496 363.495 
-75.5011 354.496 
353.494 353.495 
196.495 350.503 
1045.49 350.511 
-982.501 344.503 
-1187.5 342.498 
589.494 337.492 
942.505 335.506 
1084.5 332.501 
-1051.51 331.499 
-652.507 331.492 
-488.5 329.51 
-1087.51 327.502 
-514.505 324.503 
1004.5 321.5 
383.5 318.503 
1443.5 315.499 
-848.498 314.498 
359.497 307.504 
-638.497 293.5 
-417.493 289.496 
-712.5 279.499 
-1364.5 267.498 
-1089.5 267.501 
198.495 261.504 
1543 261.5 
-1008.5 259.504 
-352.497 253.501 
727.5 252.502 
-186.505 238.497 
-1469.5 232.505 
-787.499 227.503 
-721.496 225.505 
-255.498 225.503 
192.498 223.501 
120.5 214.497 
862.499 207.499 
-72.5013 198.498 
1112.5 180.497 
985.502 179.505 
1479.5 177.5 
-442.496 176.504 
1357.5 170.496 
613.509 166.496 
439.497 150.504 
-374.498 148.5 
-998.502 141.491 
418.493 141.505 
464.501 126.497 
965.494 126.504 
622.499 124.5 
-1608.5 120.498 
1050.5 116.503 
-1293.5 113.503 
1609.5 113.496 
-399.501 107.5 
1587.5 103.504 
-341.503 93.4991 
318.497 84.5021 
-866.503 69.5004 
-701.504 63.5043 
-717.505 60.4974 
216.504 57.4996 
-1571.5 56.4974 
-114.511 56.5046 
-738.498 54.5081 
-1321.5 53.4956 
1441.5 52.4956 
-79.5052 38.3352 
522.502 39.5018 
-704.498 29.5007 
1062.5 29.5006 
1210.56 23.2656 
1213.62 22.9524 
-1091.5 18.5134 
-1.50171 17.4996 
427.497 12.5037 
-1158.5 10.4894 
-203.5 4.49646 
933.492 3.49487 
-1604.5 0.493408 
0.5 -0.50415 
-28.4971 -2.50146 
-322.498 -6.50684 
-285.496 -8.50476 
-1559.5 -13.501 
557.503 -17.4976 
1404.5 -21.5004 
-671.501 -29.4945 
-908.505 -37.5067 
-136.498 -38.4958 
-517.494 -40.504 
-1185.51 -42.5007 
-452.497 -48.4916 
970.502 -54.4993 
-372.849 -56.7731 
-1244.5 -55.4961 
59.4994 -56.5026 
-708.497 -60.4941 
1409.5 -59.498 
-372.02 -57.986 
-1412.5 -68.5018 
1381.5 -69.4988 
-467.77 -84.2322 
-515.498 -83.4978 
-434.507 -91.5089 
-467.994 -86.465 
372.503 -103.497 
619.501 -113.504 
806.491 -115.498 
-109.505 -124.501 
-1050.5 -132.497 
116.492 -138.496 
520.501 -140.501 
823.341 -145.077 
1357.5 -144.503 
-821.498 -149.5 
162.499 -149.498 
5.50354 -153.501 
822.888 -145.577 
-77.5004 -162.5 
120.494 -164.5 
653.501 -164.502 
828.969 -173.096 
1595.5 -175.5 
-900.493 -183.496 
-539.499 -184.499 
-834.509 -187.498 
-747.502 -188.502 
1306.5 -188.502 
-261.499 -196.505 
847.501 -203.501 
503.494 -204.497 
814.509 -208.497 
1489.49 -209.497 
-1092.5 -213.504 
-203.498 -221.499 
623.503 -223.49 
1041.5 -232.494 
-600.507 -233.493 
-115.503 -239.498 
-952.507 -240.494 
755.5 -243.499 
-1049.5 -245.498 
1415.5 -244.498 
-411.503 -248.499 
-687.495 -248.504 
141.501 -250.51 
-1276.5 -259.501 
1564.5 -265.498 
-201.5 -271.501 
1312.5 -274.499 
334.507 -274.505 
1277.5 -276.499 
-415.504 -279.493 
1591.14 -300.729 
-52.5049 -306.499 
796.501 -308.503 
1196.51 -308.5 
1269.49 -308.508 
1580.78 -310.151 
1616.49 -317.497 
118.495 -319.501 
982.5 -323.491 
-149.501 -324.505 
1592.5 -329.5 
-1379.5 -336.499 
-26.4996 -340.501 
-1210.5 -344.494 
-413.5 -343.499 
-4.50317 -347.5 
-124.494 -348.494 
-546.502 -359.503 
867.922 -361.499 
-1615.5 -362.502 
581.498 -363.495 
111.502 -372.5 
26.5004 -392.502 
-475.501 -401.497 
156.491 -416.496 
391.5 -421.505 
-586.507 -434.5 
1201.5 -433.504 
361.496 -435.501 
-109.501 -435.499 
32.4918 -439.491 
602.503 -442.499 
988.5 -442.502 
-943.501 -446.498 
-328.498 -447.497 
643.496 -454.5 
407.497 -456.499 
-380.499 -466.503 
-195.5 -468.505 
-275.502 -475.504 
-606.497 -476.508 
-739.499 -485.504 
-884.499 -491.492 
199.496 -497.504 
1436.5 -499.498 
436.77 -506.824 
1192.5 -518.496 
1065.49 -521.508 
13.5104 -531.496 
748.496 -534.503 
53.4979 -535.508 
-945.501 -542.5 
348.503 -546.495 
-399.5 -547.498 
906.504 -552.505 
1230.5 -558.505 
0.494507 -560.501 
-1043.5 -566.499 
703.496 -572.496 
1188.49 -583.495 
997.501 -586.501 
-598.499 -591.494 
-379.323 -597.515 
-1369.5 -598.499 
-370.025 -598.168 
-1009.5 -605.499 
-942.505 -623.497 
832.496 -629.496 
250.498 -630.495 
209.498 -631.5 
1069.5 -631.498 
181.502 -647.5 
356.504 -657.503 
493.496 -664.495 
1418.49 -672.493 
-263.503 -673.494 
298.502 -680.497 
-944.494 -681.5 
1419.17 -673.613 
-277.503 -700.497 
1181.5 -702.496 
1037.51 -727.503 
-193.495 -738.5 
-1151.5 -770.497 
1408.5 -778.493 
619.503 -786.499 
-1242.5 -799.507 
-74.4946 -799.497 
-160.507 -828.504 
689.5 -841.508 
1565.51 -853.499 
-735.503 -863.498 
937.502 -865.501 
-41.5012 -870.503 
-585.499 -872.501 
540.497 -876.496 
184.505 -885.504 
1344.5 -891.496 
835.495 -900.5 
385.509 -902.501 
629.498 -909.506 
563.497 -928.496 
-1234.5 -933.506 
-906.498 -941.499 
568.505 -954.501 
-660.502 -958.496 
1468.5 -960.501 
-785.498 -969.509 
171.504 -973.501 
-349.499 -976.498 
-1131.5 -977.505 
-217.498 -977.497 
144.499 -979.503 
-869.498 -990.499 
1549.5 -994.497 
-257.499 -997.503 
370.503 -1005.49 
783.499 -1010.5 
1433.5 -1015.5 
1181.73 -1021.93 
1182.02 -1022.53 
-383.499 -1045.5 
534.495 -1046.49 
-728.503 -1059.5 
388.501 -1063.49 
428.504 -1068.5 
695.5 -1070.5 
-990.496 -1071.5 
-971.506 -1072.5 
-1549.5 -1074.5 
-128.503 -1073.5 
181.498 -1073.5 
-389.502 -1076.5 
482.498 -1077.51 
-88.4978 -1082.5 
809.506 -1082.5 
339.499 -1095.5 
-1398.5 -1100.51 
-396.504 -1101.51 
-413.495 -1110.5 
372.779 -1116.61 
383.339 -1119.7 
-670.505 -1124.51 
-203.501 -1130.5 
-448.502 -1133.5 
434.503 -1140.5 
1176.5 -1140.5 
704.502 -1151.5 
380.498 -1160.5 
-319.499 -1161.49 
1600.5 -1165.5 
-381.495 -1180.5 
774.5 -1185.5 
384.497 -1192.5 
565.493 -1194.5 
1555.5 -1198.5 
533.498 -1201.49 
222.499 -1210.5 
