-743.502 1206.49 
-488.497 1208.5 
-233.498 1205.5 
446.497 1203.5 
509.491 1201.51 
1147.5 1194.5 
-223.499 1185.49 
-1583.5 1168.5 
586.502 1156.5 
158.497 1150.5 
-87.4972 1148.5 
223.501 1134.5 
-225.503 1124.49 
-1427.5 1117.5 
-722.507 1117.51 
387.5 1106.5 
-1304.5 1103.5 
47.4944 1100.5 
1285.5 1098.5 
700.5 1090.5 
-672.504 1084.5 
685.502 1077.5 
-1308.5 1075.49 
377.496 1071.5 
-172.498 1059.5 
-357.501 1055.51 
-1583.5 1052.5 
-1066.5 1050.5 
-712.499 1045.49 
-1124.5 1041.51 
-315.507 1035.5 
-275.499 1027.5 
-1476.5 1027.49 
-1232.49 1017.5 
278.501 1010.5 
-953.501 1006.5 
-65.5 1002.5 
187.503 1001.5 
-615.496 1000.5 
550.497 993.497 
-166.497 988.498 
-1075.5 986.503 
-1098.5 980.494 
-92.5002 964.497 
-510.498 961.5 
-1340.5 959.5 
-1553.5 956.497 
-1122.5 956.497 
-641.508 956.502 
-1471.5 953.495 
-208.503 953.494 
540.497 946.504 
904.501 941.511 
-276.504 935.5 
-389.501 929.495 
312.5 928.496 
124.51 923.5 
-328.509 921.508 
-407.046 917.56 
-1162.5 911.499 
-406.896 915.464 
-1310.49 906.495 
-919.499 902.494 
1019.5 897.499 
-351.573 894.678 
540.001 893.315 
-641.498 890.498 
-346.886 894.23 
-1302.5 888.5 
544.802 888.536 
1595.5 882.493 
-406.501 880.494 
-694.497 870.499 
-629.559 869.01 
-647.506 864.508 
-1535.49 846.502 
-190.503 846.5 
-1291.5 844.506 
236.503 839.499 
694.504 831.505 
-422.5 825.502 
-472.495 823.509 
720.501 823.5 
-23.4962 807.501 
-943.498 805.499 
-278.5 804.498 
3.50623 798.506 
-375.117 797.503 
-372.007 797.502 
-69.5011 791.937 
-268.503 778.498 
-1225.5 777.497 
-861.505 773.498 
-74.4994 769.503 
-1223.96 770.564 
-1146.5 764.494 
1012.51 759.502 
-441.495 748.498 
-67.4978 748.502 
-27.5007 746.504 
191.495 742.504 
-1112.5 734.495 
-1176.5 733.506 
70.5004 728.501 
1408.5 728.506 
-556.505 720.506 
-290.498 720.502 
1445.5 712.499 
-969.501 710.501 
-1543.5 705.505 
-359.501 700.498 
-1027.5 684.503 
-1350.5 669.501 
-969.499 667.501 
1454.5 660.506 
-155.497 654.499 
-321.5 650.497 
801.505 650.495 
-1042.95 649.085 
-1036.63 644.215 
230.5 636.499 
-1105.5 630.5 
-598.503 626.499 
3.50378 624.499 
741.491 624.509 
295.503 620.504 
-602.446 618.925 
-171.499 610.502 
-587.491 605.497 
-184.155 600.848 
1502.49 592.499 
1313.5 587.502 
-542.5 581.493 
96.491 581.501 
1587.5 566.496 
-695.503 563.496 
-527.5 554.502 
-1514.5 547.503 
512.501 517.502 
-1240.49 515.501 
-894.496 508.499 
-1513.5 509.496 
-244.505 498.501 
-956.503 496.505 
-606.498 480.501 
-564.504 468.505 
703.495 461.502 
663.499 458.505 
303.494 456.504 
194.504 455.496 
-865.501 449.497 
-394.501 441.502 
908.494 440.495 
-1305.5 425.493 
-696.505 421.503 
-1351.5 420.493 
-486.508 420.495 
308.503 415.496 
-398.498 414.499 
-769.493 412.504 
-619.503 408.5 
-1618.49 404.502 
-732.507 399.502 
-720.513 382.496 
312.502 371.496 
365.501 372.497 
-721.897 373.398 
-652.497 369.504 
1040.51 367.501 
-797.499 360.503 
1586.5 357.501 
750.504 356.499 
-500.505 355.495 
-677.508 353.498 
-730.499 349.495 
-454.495 340.496 
-756.496 332.499 
-918.5 329.489 
152.504 322.497 
-412.503 315.495 
-1578.5 314.495 
-890.5 314.497 
657.506 314.496 
1180.51 305.505 
839.506 303.505 
-789.5 300.509 
-1594.51 298.505 
17.5033 297.501 
178.499 295.495 
507.502 294.499 
-936.5 292.497 
-356.502 290.501 
-1475.49 289.497 
-1268.5 286.499 
-1165.5 282.496 
-609.493 278.499 
-980.498 276.5 
-686.503 274.503 
-465.503 271.498 
265.502 256.504 
-1230.5 255.499 
-689.501 254.498 
-524.499 244.501 
-876.498 242.497 
909.497 243.502 
-346.264 239.044 
-824.498 235.499 
-398.501 232.497 
899.498 225.497 
-969.509 210.497 
-148.501 202.498 
-719.502 196.498 
-1468.5 189.5 
41.4945 187.508 
-516.499 183.984 
810.499 178.513 
-600.502 172.502 
-568.496 166.497 
-1530.5 165.494 
-597.063 167.099 
-241.491 158.503 
40.4958 145.502 
740.504 144.5 
-1489.5 140.504 
-267.5 139.495 
-1092.5 130.497 
-523.493 127.496 
-375.497 127.491 
196.501 124.502 
-624.493 121.491 
816.493 91.5056 
-996.499 85.5018 
-790.5 84.4976 
-1016.5 78.4994 
-992.556 75.9531 
770.503 68.5026 
-1242.51 61.5018 
-328.51 60.5061 
44.5004 45.5052 
-1251.5 31.4982 
-1447.5 23.4976 
-155.504 24.5056 
-1027.5 19.4987 
1099.5 18.4994 
-1235.5 6.49573 
815.5 6.4989 
572.51 2.50317 
-502.494 0.50354 
0.490967 -0.506226 
-542.497 -10.5089 
1227.5 -12.5089 
-1369.5 -15.5117 
-674.502 -19.4996 
113.496 -23.5027 
-1532.5 -25.498 
-1558.5 -32.5022 
1549.5 -35.5026 
-137.498 -38.5035 
1277.5 -56.4982 
-1237.5 -65.5029 
543.502 -67.5117 
-1079.5 -73.4938 
-241.508 -75.5054 
-621.506 -80.505 
383.496 -80.4989 
-1150.5 -84.3597 
-1005.5 -84.4979 
-1150.85 -85.4991 
6.49927 -118.507 
-360.495 -126.506 
-842.506 -142.502 
-719.504 -144.504 
-657.493 -158.502 
-918.496 -165.491 
-1113.5 -170.498 
429.508 -179.501 
-135.499 -180.501 
-763.504 -181.497 
677.504 -181.491 
-1155.5 -184.497 
-1597.5 -189.494 
232.502 -194.496 
1084.51 -198.497 
-92.4939 -203.498 
-1146.5 -204.501 
-1252.5 -207.495 
-474.501 -215.502 
-606.506 -221.503 
-1027.5 -235.499 
942.499 -236.498 
-335.507 -242.494 
652.498 -244.495 
-711.5 -245.507 
52.5022 -245.495 
-1476.5 -246.499 
-555.497 -247.499 
-528.501 -250.507 
-411.501 -252.502 
1284.49 -272.498 
1356.5 -278.499 
-662.506 -279.491 
-1379.5 -287.499 
-344.496 -287.501 
-124.496 -297.495 
1368.5 -302.5 
-1533.49 -305.503 
290.507 -308.502 
-1494.5 -323.506 
-1066.5 -336.505 
-118.494 -339.498 
-35.5015 -355.506 
564.499 -358.501 
61.4954 -360.498 
217.494 -361.496 
-393.502 -368.502 
696.505 -371.498 
-907.504 -386.492 
-639.504 -389.507 
-825.496 -394.501 
-1184.5 -428.499 
-1600.49 -433.496 
-813.507 -442.495 
-625.503 -451.508 
-1258.51 -473.503 
-610.493 -479.503 
-1179.5 -488.492 
715.499 -492.498 
-482.502 -495.507 
87.5018 -495.505 
1409.5 -515.503 
-1415.5 -517.506 
-375.505 -517.497 
-179.501 -518.499 
-1604.5 -522.504 
-597.495 -525.5 
1514.5 -527.502 
-1009.5 -530.505 
810.505 -534.497 
670.498 -534.5 
581.158 -535.742 
572.802 -543.84 
1147.5 -547.494 
-495.504 -563.503 
-1471.99 -576.505 
167.493 -582.495 
-636.494 -591.499 
-119.501 -591.497 
267.499 -618.5 
623.496 -619.495 
364.505 -620.501 
-432.506 -636.501 
-1429.49 -645.507 
680.498 -656.503 
826.503 -667.503 
-733.494 -668.496 
-1006.5 -672.51 
916.502 -673.497 
-1372.5 -685.503 
-980.5 -695.499 
-1509.5 -704.505 
-352.5 -706.504 
401.497 -708.499 
799.495 -718.498 
37.4993 -746.507 
-1003.5 -753.504 
-903.505 -755.501 
1158.5 -757.5 
-550.501 -770.503 
54.0435 -785.996 
48.9304 -788.367 
37.505 -795.504 
-269.502 -797.504 
344.493 -811.499 
-1125.5 -828.504 
-161.491 -834.496 
861.501 -843.503 
-1211.5 -856.503 
868.499 -874.502 
154.499 -879.504 
305.5 -884.501 
-662.5 -886.505 
320.502 -892.495 
-1566.5 -894.497 
-1234.51 -911.499 
-1458.5 -913.499 
-255.503 -917.5 
-1146.51 -923.496 
-1595.5 -928.503 
909.501 -930.497 
1019.5 -932.502 
-1203.5 -956.5 
-904.5 -961.501 
512.508 -968.504 
-1571.5 -969.508 
-907.679 -965.115 
1442.5 -976.504 
-769.495 -999.498 
-1578.5 -1004.5 
-1360.5 -1016.5 
-1455.51 -1040.49 
-384.504 -1087.5 
-642.499 -1096.5 
1134.5 -1101.49 
50.4996 -1107.49 
-299.509 -1113.5 
-249.501 -1119.49 
686.501 -1125.5 
-1274.5 -1130.5 
1226.5 -1143.5 
-1607.5 -1167.5 
-892.505 -1167.5 
-634.501 -1174.49 
220.499 -1177.5 
-620.879 -1179.32 
278.502 -1181.5 
-523.498 -1193.5 
-1118.51 -1200.5 
