1509.5 1203.5 
-111.504 1199.5 
508.503 1196.5 
-316.503 1194.5 
61.5015 1188.5 
323.502 1187.51 
-466.499 1183.51 
1052.5 1151.49 
-215.507 1139.5 
-162.5 1127.5 
335.503 1125.5 
308.503 1122.5 
-92.4987 1119.49 
677.495 1106.49 
-788.506 1093.5 
696.494 1090.5 
1174.5 1088.5 
-554.501 1069.49 
-1254.5 1062.5 
-522.502 1055.49 
-447.498 1044.5 
772.501 1033.51 
33.4976 1031.49 
-1217.5 1025.5 
1224.5 1018.5 
-1448.5 1014.5 
293.503 1011.5 
848.498 1005.51 
368.497 1004.5 
-372.499 995.5 
-974.505 992.497 
584.493 984.5 
377.5 980.495 
-784.502 968.506 
-1384.5 964.504 
925.506 957.504 
1574.49 956.504 
-798.498 951.499 
-1098.5 944.495 
-289.508 943.5 
1504.5 931.502 
1147.5 928.5 
1053.5 917.501 
-55.4944 908.501 
129.497 908.5 
-1143.5 890.502 
-818.497 889.501 
113.5 889.497 
-1230.5 877.504 
31.5032 876.492 
-1191.5 874.506 
614.501 871.497 
70.5 870.504 
-849.509 868.503 
-1145.5 860.503 
-59.5048 853.503 
852.495 852.498 
-317.499 845.5 
1504.51 843.505 
2.50122 837.509 
-1166.5 833.5 
-1070.5 815.491 
1468.5 813.503 
-257.501 810.499 
842.503 806.504 
277.497 799.507 
-622.501 790.5 
1226.5 787.493 
835.5 784.507 
-1267.5 777.502 
1276.49 770.502 
-1176.5 768.504 
1415.51 765.501 
-791.5 764.501 
-984.502 759.501 
-409.494 758.497 
1066.5 753.492 
-201.502 750.497 
768.493 746.501 
-1043.5 741.503 
-1079.5 731.496 
418.5 728.497 
-720.498 723.499 
-818.499 722.496 
-835.5 709.496 
-301.506 703.501 
-627.501 685.501 
767.498 680.503 
1244.5 680.505 
-1132.5 679.506 
-1283.51 673.498 
94.5032 673.5 
-1415.5 659.509 
604.505 650.494 
-1024.51 647.49 
-675.502 642.507 
-455.498 640.495 
809.502 639.5 
-1475.5 637.505 
593.502 598.503 
-974.509 594.502 
645.494 593.495 
-982.5 573.5 
-1449.5 569.384 
1253.5 567.507 
-708.501 564.491 
-1449.5 568.919 
-1237.5 549.499 
1369.49 547.502 
-1219.5 542.497 
-94.4996 539.506 
-1100.5 537.499 
-1397.5 535.503 
-1608.5 534.498 
663.506 529.502 
656.568 523.476 
364.372 515.737 
-1246.49 515.509 
371.9 513.502 
615.503 512.498 
-198.504 495.496 
-165.502 490.501 
-23.4935 490.498 
-811.503 486.497 
-754.5 486.496 
-484.498 481.505 
61.4996 479.498 
-340.498 462.494 
-316.938 456.179 
-1463.5 453.492 
-311.95 453.463 
1226.5 447.503 
-453.497 447.505 
694.497 446.503 
279.505 444.502 
1391.5 440.5 
330.137 434.862 
-1612.5 434.49 
1582.5 430.508 
-216.499 404.497 
164.499 405.497 
1284.5 403.5 
636.503 396.496 
-332.496 395.498 
-1571.5 395.507 
-389.509 393.493 
851.5 393.502 
269.51 386.503 
-542.509 376.504 
37.5011 374.502 
866.499 374.501 
18.5006 370.499 
1234.51 359.497 
-1410.5 355.509 
-315.503 338.495 
399.498 335.501 
112.501 332.498 
-493.494 325.494 
-790.495 319.498 
664.497 316.494 
1426.5 281.499 
-641.491 279.494 
1517.5 276.502 
-299.501 275.509 
-1347.49 262.495 
1548.5 262.507 
512.501 259.507 
-1258.5 251.499 
676.502 249.499 
331.503 247.497 
1544.5 244.502 
-440.506 243.507 
772.492 243.496 
349.507 239.505 
679.623 240.371 
-1010.49 232.496 
542.512 231.492 
117.504 228.501 
-1356.5 227.497 
-869.499 225.495 
-538.511 222.502 
-445.499 220.499 
1129.49 218.501 
-1100.5 215.498 
250.502 215.501 
413.501 211.501 
-1582.58 207.877 
-222.493 208.494 
841.506 208.49 
-656.498 199.497 
1217.5 198.499 
-321.499 196.502 
333.506 194.499 
-739.499 189.503 
-245.492 186.508 
451.497 184.501 
656.504 182.502 
-1366.5 179.497 
-316.503 172.498 
-1614.49 171.502 
650.044 170.253 
-131.497 164.498 
-471.501 162.498 
619.494 158.503 
916.508 158.506 
-428.493 157.501 
954.5 156.498 
-318.427 155.977 
-1550.51 153.497 
-1091.5 145.5 
677.496 133.509 
-350.5 122.505 
477.499 119.503 
892.499 119.508 
669.501 109.501 
-1558.5 107.5 
819.502 104.499 
322.503 103.502 
-564.502 100.502 
-301.498 85.5039 
-816.498 84.4993 
-181.501 84.5007 
-1545.5 71.4972 
-65.5022 45.493 
1286.5 46.5004 
-754.505 44.5004 
-333.505 42.5062 
-1357.5 38.5026 
903.502 31.5046 
542.503 25.4966 
282.5 19.496 
-1171.5 17.4933 
1110.5 13.4967 
200.501 2.49817 
-514.499 0.504272 
0.497559 -0.504761 
-1106.5 -20.5016 
643.498 -21.4983 
1615.5 -27.5056 
-1559.5 -30.4994 
279.499 -32.5015 
1437.49 -39.4957 
464.504 -41.5055 
67.5012 -45.5016 
198.499 -45.4946 
-799.492 -52.4967 
-869.499 -56.4965 
624.501 -57.4987 
-1086.5 -63.4937 
-438.501 -68.496 
943.508 -70.4918 
-914.501 -79.4926 
534.501 -83.5071 
-945.499 -99.4979 
1443.49 -111.497 
821.496 -115.507 
-808.504 -119.504 
858.497 -130.501 
-123.504 -136.5 
95.4965 -154.498 
-635.498 -160.5 
-210.501 -162.502 
-482.493 -176.496 
47.5028 -176.497 
-1421.5 -179.493 
-145.507 -181.505 
-924.495 -183.504 
849.497 -185.497 
872.498 -188.494 
-1370.5 -194.499 
854.499 -207.501 
-1537.5 -209.504 
529.506 -213.499 
-866.498 -219.501 
606.504 -222.493 
1482.5 -227.504 
-366.5 -233.499 
-305.5 -248.495 
672.501 -262.499 
-191.501 -266.497 
-285.493 -292.497 
-1448.5 -298.499 
1511.5 -304.496 
-429.504 -309.506 
-661.497 -312.494 
-91.4994 -312.497 
-218.497 -314.499 
1211.5 -320.501 
567.502 -321.505 
-756.499 -326.502 
702.502 -326.499 
37.4933 -335.497 
363.497 -339.49 
597.5 -364.499 
-1394.5 -376.499 
14.4998 -390.507 
864.5 -390.496 
109.499 -393.498 
-990.504 -410.498 
650.499 -425.499 
-1599.5 -435.492 
315.224 -436.936 
-87.5043 -437.498 
-767.502 -438.502 
1483.5 -440.505 
311.709 -437.966 
512.502 -448.5 
1140.49 -451.505 
-721.498 -457.5 
1424.5 -461.499 
901.503 -463.497 
604.499 -484.501 
-791.503 -490.499 
-934.497 -502.504 
94.5023 -506.498 
-1093.5 -506.498 
-445.497 -521.51 
-1266.49 -522.503 
879.501 -522.497 
-1537.49 -534.502 
-1289.5 -535.499 
1475.5 -548.51 
1175.49 -551.495 
1108.5 -554.501 
-80.5117 -564.006 
-79.0863 -564.133 
682.51 -595.5 
-280.501 -599.501 
-1145.5 -611.503 
1300.5 -614.497 
486.499 -623.499 
1305.5 -639.502 
-688.501 -656.496 
1318.5 -659.509 
1462.49 -664.501 
446.496 -665.494 
-1170.5 -666.503 
-412.499 -670.508 
-825.5 -671.495 
270.5 -677.501 
1600.49 -678.501 
1354.5 -701.494 
1200.5 -702.501 
-1265.5 -709.495 
1105.5 -716.504 
-256.499 -725.492 
-195.498 -728.501 
-545.505 -733.495 
691.5 -743.491 
-567.503 -764.501 
-717.5 -769.491 
-20.5045 -776.503 
-262.501 -784.5 
-655.505 -799.495 
927.505 -800.503 
-893.502 -803.503 
1478.5 -805.499 
907.503 -813.496 
-210.496 -814.501 
315.496 -817.499 
-423.503 -824.505 
1559.51 -825.495 
-824.504 -828.504 
-8.50061 -837.502 
148.508 -841.507 
557.5 -848.5 
464.493 -857.495 
1296.5 -871.502 
357.499 -880.497 
-581.507 -892.496 
-901.494 -918.498 
-1508.51 -919.501 
382.506 -921.499 
-39.502 -934.499 
1379.5 -959.501 
101.508 -966.5 
-1102.51 -968.492 
-910.505 -976.499 
-1144.5 -989.501 
17.5038 -994.499 
-652.499 -998.494 
-899.499 -999.508 
-490.508 -1007.5 
906.496 -1009.49 
465.501 -1020.5 
241.508 -1031.51 
1454.5 -1057.49 
468.498 -1058.49 
1282.5 -1079.5 
-1490.51 -1081.5 
341.5 -1085.5 
317.498 -1087.5 
734.5 -1087.49 
171.506 -1097.5 
-504.505 -1103.5 
-1318.5 -1112.5 
33.5046 -1115.5 
-169.501 -1117.5 
-150.498 -1121.5 
459.499 -1132.51 
845.493 -1142.5 
854.504 -1173.5 
-408.498 -1176.51 
566.5 -1189.5 
-1368.49 -1194.5 
894.496 -1200.5 
-650.495 -1206.5 
1593.49 -1207.5 
