233.5 1210.51 
-922.505 1201.5 
-1058.5 1200.49 
601.494 1196.5 
910.501 1195.5 
366.494 1189.5 
-1506.5 1188.49 
-1353.49 1185.5 
-650.505 1183.5 
-1488.51 1180.5 
973.499 1174.5 
705.495 1174.5 
-303.499 1163.51 
-518.505 1152.5 
-1035.5 1136.5 
1452.5 1102.51 
947.507 1095.5 
-540.505 1092.5 
543.498 1089.49 
1164.5 1078.5 
-349.502 1068.5 
1601.5 1061.5 
123.5 1053.5 
831.503 1048.5 
-373.497 1047.51 
1283.49 1045.5 
172.501 1038.5 
688.494 1027.5 
586.497 1025.51 
1045.5 1018.51 
698.973 1018.12 
-1484.5 1006.5 
745.497 1003.49 
156.505 1000.5 
227.504 997.499 
741.361 997.878 
-848.502 990.497 
-649.501 985.498 
-96.5048 975.5 
-496.502 968.5 
926.499 966.503 
433.503 962.503 
-1052.5 961.496 
1148.51 934.5 
-696.501 925.506 
889.496 923.496 
46.498 922.501 
1366.5 917.505 
-1619.51 915.5 
510.495 905.494 
-623.503 900.501 
-1469.5 899.497 
-494.508 899.507 
-1177.5 892.498 
-246.496 889.501 
579.5 858.495 
1431.5 857.496 
-466.503 856.499 
-1252.51 854.511 
-310.503 850.501 
-641.498 847.502 
767.492 829.502 
85.4955 819.496 
-124.501 807.504 
1226.49 804.498 
-544.503 803.5 
265.508 803.499 
690.502 797.495 
749.499 781.5 
-1032.49 760.502 
-1597.5 757.502 
-724.506 751.502 
335.506 741.504 
290.503 731.501 
-687.495 720.502 
-674.505 702.495 
-1011.5 700.492 
-1300.5 693.501 
-663.31 695.01 
424.509 692.498 
-917.505 688.505 
-582.839 680.276 
-579.759 679.579 
908.503 675.496 
-512.498 674.499 
867.496 674.501 
-696.509 669.496 
808.5 655.5 
762.498 633.494 
750.502 611.494 
-238.505 573.504 
-322.495 562.508 
-1260.15 554.301 
563.505 555.501 
-1259.49 550.936 
-578.504 528.499 
-1425.5 526.506 
114.504 516.502 
-168.499 514.504 
-1293.5 510.497 
-908.503 498.499 
-308.503 472.499 
798.503 470.502 
-329.498 469.497 
131.504 469.503 
-823.499 454.508 
-676.5 454.499 
-923.512 452.492 
132.498 444.502 
440.505 444.503 
723.501 443.5 
-991.503 391.498 
-1552.51 388.495 
-604.499 385.494 
-792.504 383.503 
1316.5 377.5 
-1503.5 363.5 
544.5 360.504 
486.508 359.506 
-560.493 346.495 
233.496 346.495 
-583.5 339.499 
1552.5 339.5 
129.498 319.496 
-748.497 306.503 
-709.499 306.498 
-562.499 307.505 
1258.5 304.502 
-170.502 295.49 
-1339.5 290.501 
190.504 263.503 
-584.494 254.5 
262.505 241.504 
-988.495 230.502 
156.497 220.495 
-816.499 210.503 
-211.503 198.5 
-1216.5 195.497 
276.494 182.499 
-716.494 173.499 
-204.492 151.505 
-1400.5 149.496 
-894.504 147.501 
475.506 146.504 
-776.507 145.497 
-1089.5 133.488 
1603.5 133.493 
261.495 127.505 
43.5048 122.511 
262.506 106.501 
-563.495 98.8955 
1444.5 98.488 
1045.5 92.5012 
-563.496 98.5056 
592.504 75.4954 
-189.501 59.4897 
411.502 59.5017 
-387.505 46.5018 
-602.501 42.5004 
178.495 15.5033 
1440.5 4.49438 
0.50061 -0.49646 
507.496 -5.50378 
607.501 -26.5039 
-1455.5 -30.4952 
724.499 -30.4961 
-168.505 -34.5045 
-298.5 -43.5 
1302.5 -46.4996 
414.503 -48.5024 
480.498 -49.4967 
572.498 -49.4989 
-1023.5 -65.494 
-1377.5 -76.5 
500.496 -76.4916 
-738.495 -84.5018 
-824.499 -89.5004 
1149.49 -98.5004 
-1340.5 -119.5 
1525.5 -129.494 
358.508 -134.503 
599.508 -139.497 
1295.5 -156.495 
-780.505 -161.504 
-1107.5 -168.498 
-1358.49 -171.499 
439.498 -172.505 
383.499 -173.499 
-1039.5 -177.498 
-579.498 -183.503 
-23.5004 -198.505 
-1211.5 -226.497 
-969.5 -238.508 
-177.504 -244.499 
768.496 -249.507 
-970.789 -247.882 
-1470.5 -255.505 
1312.5 -257.497 
-640.499 -265.507 
-336.494 -271.503 
-1210.5 -272.504 
-943.498 -275.498 
1249.5 -276.501 
-1325.5 -281.5 
-1062.5 -297.502 
-619.504 -304.5 
1444.5 -311.501 
-754.502 -315.506 
-203.501 -315.503 
1587.5 -319.509 
1287.49 -327.501 
600.497 -328.504 
-1368.5 -330.496 
391.504 -329.499 
-747.501 -333.498 
8.50867 -333.508 
-1411.93 -344.776 
-1424.19 -353.635 
-1133.5 -352.506 
-1424.17 -353.722 
81.4993 -363.499 
849.498 -374.499 
480.504 -375.5 
-797.501 -376.504 
-613.498 -380.493 
139.5 -383.501 
-1198.5 -389.504 
973.5 -405.498 
-913.502 -410.504 
-1413.5 -412.497 
-1429.49 -425.507 
-1388.5 -425.497 
34.5048 -425.494 
951.501 -432.498 
-397.497 -436.504 
9.50269 -436.501 
-1381.77 -441.968 
-1449.51 -444.498 
200.496 -450.502 
-1570.5 -454.503 
-95.496 -463.499 
-1418.5 -467.5 
-35.5052 -465.493 
-638.505 -466.496 
1225.5 -479.502 
-20.4918 -483.497 
127.504 -492.5 
717.498 -493.501 
169.502 -497.506 
-1454.24 -507.202 
-58.5034 -514.503 
-1454.01 -509.428 
-184.503 -517.503 
-817.5 -526.495 
483.502 -527.493 
307.497 -529.501 
-491.497 -533.499 
-1556.5 -543.498 
-1448.5 -558.5 
660.5 -567.506 
736.495 -572.505 
1112.5 -575.504 
592.507 -582.496 
-44.506 -588.501 
70.5033 -589.508 
-819.499 -603.51 
1410.51 -607.497 
-489.499 -609.504 
1207.5 -620.494 
-1063.5 -624.499 
1411.5 -633.505 
-1186.5 -643.501 
573.499 -643.497 
684.501 -649.507 
-415.502 -660.506 
-1197.5 -681.499 
-365.496 -689.501 
-967.5 -690.501 
-306.501 -697.503 
-870.498 -704.494 
-1519.5 -707.497 
-730.493 -722.502 
-1445.5 -731.497 
1121.5 -735.498 
734.503 -739.498 
-259.505 -743.497 
1162.49 -761.501 
-1554.5 -765.504 
531.498 -777.499 
-509.501 -780.504 
-735.503 -789.498 
634.497 -791.503 
-66.5006 -802.504 
-221.496 -817.498 
1466.5 -818.496 
-866.498 -819.5 
-982.501 -822.499 
-1239.5 -823.496 
-1092.49 -829.501 
-580.492 -851.501 
-1323.5 -859.508 
411.498 -861.499 
836.506 -873.494 
-1064.5 -879.501 
1565.5 -892.508 
117.496 -905.499 
-814.504 -907.5 
1310.5 -909.502 
-1455.51 -913.5 
-455.505 -916.506 
-1541.5 -931.496 
969.498 -931.506 
-644.497 -933.497 
706.501 -937.502 
-850.489 -945.508 
658.495 -959.505 
-868.496 -960.498 
684.504 -966.496 
-893.497 -969.504 
1410.5 -975.5 
123.497 -976.497 
1368.5 -983.5 
295.506 -989.495 
-33.4998 -990.5 
783.498 -1004.5 
887.495 -1008.5 
1266.5 -1011.5 
-790.5 -1047.51 
586.498 -1048.5 
6.4989 -1056.5 
484.497 -1064.49 
1010.5 -1076.5 
144.504 -1084.5 
-942.5 -1098.51 
-1202.51 -1106.5 
-760.506 -1135.5 
775.505 -1148.5 
-1047.51 -1152.49 
726.498 -1162.5 
-929.502 -1164.5 
776.506 -1166.5 
