-612.507 1200.5 
1047.5 1184.5 
-1299.49 1173.5 
-708.5 1172.51 
-790.494 1167.5 
605.496 1165.5 
1147.5 1162.5 
-1105.5 1161.51 
-1134.49 1155.5 
73.5029 1154.51 
149.497 1152.5 
950.497 1149.5 
-1029.5 1143.5 
-122.499 1126.5 
1297.5 1113.5 
-1097.5 1111.49 
-295.501 1093.5 
147.501 1088.5 
995.499 1084.5 
-996.502 1081.5 
-791.501 1052.51 
-76.4994 1040.5 
-103.499 1035.5 
-3.49707 1014.5 
-1373.5 1007.5 
-1277.5 1003.5 
-360.501 1000.5 
-937.497 995.502 
-1372.54 990.991 
-1113.5 981.501 
-51.7726 970.825 
-50.7971 970.367 
35.4977 958.5 
-1121.5 949.5 
-489.501 949.499 
1544.5 941.497 
-1341.51 923.506 
-578.502 910.501 
-555.496 904.504 
-815.505 901.502 
-475.505 893.496 
-522.499 867.5 
736.498 866.498 
-277.502 864.496 
808.5 863.502 
-976.502 859.503 
21.5059 855.5 
-758.496 851.503 
-1196.51 837.503 
-765.508 821.505 
-670.501 801.499 
-1322.5 790.501 
195.5 789.502 
-646.5 771.499 
638.495 768.499 
-526.503 762.498 
447.497 755.503 
-1340.5 744.498 
-447.503 741.503 
829.498 732.499 
802.491 726.494 
-145.499 723.501 
1006.49 723.503 
-817.503 721.498 
-1466.5 719.498 
646.504 717.499 
-930.495 706.501 
-916.905 703.606 
-58.4963 695.5 
-917.792 698.368 
-204.498 681.509 
-50.5011 664.498 
-1419.51 660.499 
1424.5 659.501 
165.5 637.495 
-1041.51 613.505 
-1027.82 607.673 
984.499 604.499 
-596.498 595.494 
-1070.5 591.499 
-1442.5 584.497 
-499.501 578.494 
709.501 572.5 
-312.499 571.499 
-409.505 559.504 
-1336.5 554.492 
518.506 554.499 
416.5 550.492 
-55.4968 549.502 
-236.507 528.493 
447.499 527.497 
-988.497 525.498 
-558.501 524.503 
-294.498 514.499 
-547.58 515.605 
-459.114 493.991 
-1284.5 495.498 
14.4996 493.502 
-458.942 493.388 
-568.49 477.503 
-307.503 468.501 
-837.714 458.72 
-613.502 452.499 
-1109.5 439.504 
672.502 438.501 
-69.499 434.499 
444.503 433.5 
-1354.5 432.501 
-656.499 428.503 
-339.499 422.502 
1456.5 420.503 
933.502 419.501 
765.505 412.499 
-341.77 407.794 
943.221 410.372 
91.4976 404.5 
-353.185 400.694 
-1523.5 390.499 
-1560.5 380.497 
-890.497 370.508 
-789.495 367.502 
-294.495 360.501 
471.497 360.505 
116.51 357.495 
-1599.5 356.501 
898.505 355.497 
1484.5 354.496 
-451.496 351.5 
83.5054 348.498 
-1146.5 322.501 
-1165.5 321.497 
-307.496 316.498 
-783.496 300.505 
1182.5 299.5 
642.498 286.503 
734.498 271.507 
-1328.51 261.503 
-413.496 249.502 
259.501 249.494 
-45.5026 248.51 
303.499 245.503 
-144.499 244.502 
974.508 242.5 
878.5 241.501 
1066.5 239.496 
-723.494 233.509 
22.5022 230.494 
-1207.5 221.501 
-1050.49 217.491 
693.502 208.503 
-668.504 207.499 
-840.499 206.501 
234.497 203.503 
-459.501 192.501 
-196.496 155.504 
-23.5015 154.495 
-391.499 139.495 
451.499 137.499 
1296.5 135.503 
380.501 125.508 
1598.5 124.499 
-614.501 102.503 
103.503 100.497 
-958.501 98.4982 
-530.506 90.4962 
1296.51 85.502 
27.5052 76.4993 
-276.496 76.5022 
-1608.5 60.498 
-1027.5 58.5032 
37.4984 56.4957 
-567.502 45.5042 
-1523.5 30.4929 
-990.495 28.4984 
877.704 26.4307 
-1077.5 26.4978 
879.09 26.1857 
-590.501 21.5011 
-1423.5 19.5023 
-240.506 19.5016 
336.499 19.5059 
-91.5038 13.5024 
-1587.5 9.49927 
-1221.5 9.4978 
1108.5 5.49622 
0.503174 -0.500732 
-1082.5 -3.49744 
-459.503 -5.50208 
-1266.5 -11.4976 
-710.499 -13.4982 
-1100.5 -19.4895 
-1186.5 -23.502 
-1184.89 -30.7257 
-355.503 -37.5007 
38.5006 -43.5012 
-133.495 -44.4985 
895.505 -50.5013 
287.502 -59.5045 
-447.501 -61.51 
-1171.5 -63.4966 
-273.5 -69.4955 
405.499 -72.4935 
-322.501 -75.501 
-235.499 -76.5 
-412.494 -95.4974 
-184.501 -95.5054 
418.501 -95.4899 
-462.503 -98.5007 
-704.501 -100.502 
-1323.5 -113.503 
-750.501 -114.499 
-647.495 -125.51 
-238.499 -125.496 
294.494 -127.498 
-561.497 -131.502 
-146.501 -139.499 
337.504 -140.495 
-945.498 -147.495 
216.494 -154.499 
-1321.5 -167.504 
-442.503 -168.497 
481.5 -171.499 
565.494 -171.502 
-523.498 -176.495 
-491.504 -187.496 
314.5 -194.502 
611.497 -197.503 
891.507 -210.505 
-1105.51 -214.5 
-1071.78 -225.724 
-828.5 -223.498 
-190.503 -228.496 
-1073.6 -227.006 
-238.501 -237.498 
-33.5007 -237.498 
-226.505 -254.506 
-418.502 -257.495 
490.499 -264.495 
1336.5 -265.493 
125.499 -267.496 
-478.496 -276.495 
-842.499 -278.49 
-1012.5 -279.502 
-1161.47 -289.459 
530.506 -290.495 
1234.5 -290.495 
-11.5056 -292.504 
1315.5 -299.498 
847.497 -300.505 
537.046 -303.446 
135.495 -305.497 
-1467.5 -309.499 
538.995 -306.995 
1112.5 -340.5 
-532.509 -344.499 
1031.5 -354.504 
1068.49 -358.505 
-1224.49 -375.114 
-1575.5 -375.509 
-1599.5 -381.502 
-1224.5 -375.505 
-1132.02 -390.926 
-610.508 -391.493 
-563.499 -401.504 
188.5 -403.501 
59.4967 -405.498 
1116.5 -405.507 
500.506 -407.501 
-1196.5 -414.504 
305.499 -414.5 
86.5079 -421.495 
130.493 -427.501 
114.498 -448.502 
-995.503 -451.5 
1245.5 -459.502 
-698.5 -460.493 
86.4983 -460.498 
818.5 -460.491 
-1346.49 -462.512 
-14.4984 -464.498 
1587.5 -467.497 
-1083.5 -472.505 
-1486.5 -476.496 
-228.503 -489.5 
1117.5 -493.501 
-176.496 -496.49 
-572.497 -498.498 
450.507 -503.499 
-496.501 -505.502 
49.4984 -505.498 
151.508 -510.505 
431.498 -511.497 
964.497 -513.499 
-368.495 -515.499 
692.495 -516.497 
1178.5 -522.506 
1246.49 -528.497 
-529.502 -531.503 
-75.4993 -534.502 
715.499 -541.507 
-244.427 -549.687 
386.494 -552.494 
351.496 -556.497 
-244.453 -549.761 
-956.505 -565.499 
104.492 -570.495 
137.504 -577.504 
780.496 -580.502 
192.504 -586.499 
1289.5 -587.494 
-422.502 -587.495 
39.4958 -589.501 
-224.5 -595.495 
1170.5 -596.499 
1042.51 -602.497 
1287.5 -611.5 
-312.501 -631.5 
-1382.5 -632.504 
-415.501 -632.501 
1475.5 -634.5 
1092.5 -635.495 
-103.498 -648.495 
-721.502 -654.497 
831.511 -654.501 
1484.51 -657.498 
107.497 -659.506 
-95.9708 -657.183 
352.502 -663.501 
-126.493 -671.504 
1161.49 -674.498 
1352.51 -685.493 
310.495 -686.496 
290.497 -689.5 
-857.504 -694.496 
-5.49561 -715.505 
511.505 -716.503 
121.496 -723.497 
-327.502 -728.502 
395.491 -728.501 
-1438.5 -736.506 
104.499 -736.501 
1542.5 -736.508 
890.498 -737.498 
-524.125 -772.583 
-565.505 -787.493 
459.497 -803.502 
-887.502 -811.501 
822.499 -811.497 
1264.5 -814.507 
396.497 -818.496 
-945.494 -828.502 
-532.497 -829.5 
-332.503 -831.495 
694.493 -844.496 
-357.498 -855.501 
-564.5 -863.506 
329.499 -870.499 
1616.5 -871.496 
868.504 -873.502 
-1466.5 -878.496 
-816.501 -878.497 
-273.504 -880.511 
1119.5 -884.502 
203.501 -890.495 
-391.497 -891.497 
-575.502 -899.501 
-871.499 -910.506 
251.504 -918.503 
598.5 -928.497 
1093.5 -935.499 
776.501 -949.497 
-1175.5 -952.501 
-723.501 -952.492 
899.495 -957.501 
1203.51 -961.509 
1560.5 -973.496 
-643.502 -977.502 
1327.5 -983.495 
1155.5 -984.498 
-173.501 -987.5 
1244.5 -989.495 
1301.49 -994.5 
-737.501 -1012.5 
-464.503 -1015.5 
-93.5018 -1017.5 
-848.498 -1031.49 
-956.498 -1033.49 
-887.498 -1049.51 
136.497 -1051.49 
-204.498 -1054.5 
495.499 -1062.5 
-1002.5 -1064.5 
18.5027 -1096.5 
508.503 -1112.5 
-339.508 -1129.5 
388.494 -1132.5 
-736.501 -1144.5 
626.498 -1162.5 
246.504 -1171.5 
-1616.5 -1173.5 
-638.498 -1177.5 
647.5 -1181.5 
1464.5 -1184.5 
650.679 -1187.13 
-1343.5 -1197.5 
-874.493 -1198.49 
-311.499 -1199.5 
111.503 -1203.5 
544.5 -1203.5 
1194.5 -1204.5 
-1431.51 -1205.5 
409.5 -1211.5 
788.498 -1212.51 
