-610.507 1211.49 
-1589.5 1199.49 
-1535.5 1190.5 
1513.5 1177.5 
-1602.51 1176.5 
-23.4983 1176.49 
1265.51 1167.5 
1439.5 1159.5 
-408.496 1134.49 
751.506 1114.5 
1344.5 1108.5 
-721.501 1104.49 
-1478.5 1096.5 
1475.5 1097.5 
-1494.5 1090.5 
1162.5 1084.5 
-436.494 1072.5 
-942.499 1071.5 
-1402.5 1059.5 
1122.5 1059.5 
499.497 1052.5 
-306.502 1037.5 
1581.5 1031.89 
980.499 1029.5 
1255.5 1029.5 
-593.502 1025.5 
1581.5 1031.5 
-1435.49 1006.49 
-1518.49 1003.5 
-881.5 995.503 
61.5042 987.494 
1186.5 984.501 
-1399.5 973.496 
370.498 973.509 
668.499 973.508 
-321.499 955.501 
-699.5 942.505 
-1430.51 939.505 
-119.499 934.506 
978.503 925.503 
161.967 919.639 
16.4994 916.494 
-2.50098 908.503 
-271.497 900.506 
1485.49 898.497 
366.496 897.498 
895.501 897.503 
1070.5 896.505 
-576.501 870.502 
-90.5022 851.5 
852.504 851.496 
1549.5 847.496 
-1048.5 845.497 
-1534.5 840.512 
427.502 835.508 
-105.506 825.505 
166.508 818.496 
1275.5 815.504 
708.489 799.493 
750.23 796.786 
468.49 794.504 
-1251.5 781.493 
1472.5 772.499 
696.501 772.507 
-173.503 765.498 
373.5 760.502 
610.496 758.501 
1169.5 744.501 
-187.502 740.493 
640.494 727.5 
935.499 727.503 
54.5048 703.496 
988.501 700.498 
-940.501 676.507 
-1116.5 670.501 
-799.503 669.5 
276.504 668.503 
1113.81 664.927 
996.5 664.499 
-711.497 663.502 
-1007.5 661.5 
765.503 656.503 
1113.75 664.827 
1293.49 646.505 
-712.503 644.492 
-1563.5 640.503 
757.5 630.501 
826.502 624.502 
230.5 620.496 
-583.502 619.496 
-1191.5 615.5 
-621.496 615.5 
1016.5 614.492 
-31.5049 606.855 
-31.5038 604.653 
1456.5 591.503 
188.503 585.491 
-372.502 583.499 
-913.505 581.499 
416.498 577.507 
-223.509 567.496 
-536.495 557.495 
-188.498 555.503 
219.508 551.503 
730.501 551.493 
-1390.5 548.504 
-910.505 546.496 
1261.5 546.502 
555.497 541.504 
1498.5 537.496 
-1078.5 533.499 
724.499 524.501 
755.494 521.506 
13.5021 517.501 
662.496 501.5 
-81.5018 498.5 
230.5 492.502 
381.503 486.5 
-256.496 480.5 
-639.499 473.495 
1259.5 456.503 
-2.49451 445.492 
-1057.49 442.504 
1304.5 439.502 
-570.498 431.506 
995.489 428.503 
1322.51 425.495 
-195.498 408.501 
-245.501 405.495 
572.498 402.5 
-89.499 398.498 
634.812 393.219 
185.503 385.499 
628.178 385.486 
1148.14 376.265 
850.496 371.503 
918.499 366.503 
1133.75 365.697 
1084.5 364.495 
-344.496 361.498 
564.498 361.492 
-61.4989 356.495 
779.494 357.505 
-1335.5 341.503 
1201.5 340.498 
694.497 336.497 
1143.49 326.498 
-1392.5 321.505 
749.496 321.497 
-117.506 311.504 
632.498 311.506 
-47.507 306.495 
1113.5 300.502 
-1042.5 298.494 
800.933 291.976 
805.5 291.294 
-466.497 282.499 
-1488.5 273.505 
721.504 271.496 
-865.502 269.503 
1279.49 268.496 
760.501 265.492 
1300.5 262.497 
567.499 253.497 
253.498 245.508 
1068.5 244.494 
980.503 241.498 
796.501 239.5 
-176.506 229.5 
-48.5004 227.493 
754.505 225.492 
-299.497 222.498 
599.508 216.5 
214.497 211.493 
1059.5 210.5 
-341.495 208.503 
-1053.49 206.495 
1515.49 205.501 
-123.502 202.496 
875.493 203.498 
670.505 200.497 
1258.5 200.504 
-1107.5 198.498 
723.497 198.502 
531.498 196.497 
-212.497 188.496 
195.504 181.502 
355.505 181.497 
1360.49 177.497 
719.496 174.506 
-1567.5 170.5 
-1517.5 165.498 
-1320.5 164.502 
396.03 161.022 
377.396 154.05 
711.496 155.497 
-1190.5 154.497 
1145.49 152.501 
396.859 158.166 
771.494 151.503 
-316.493 151.497 
998.5 150.495 
-460.505 144.498 
-1133.5 143.503 
1077.5 138.51 
-346.493 135.498 
92.4993 134.505 
390.504 134.5 
718.499 128.503 
310.5 124.506 
1158.49 123.504 
718.982 122.656 
531.506 104.497 
-865.501 103.505 
-884.496 100.505 
665.509 93.5059 
-392.501 89.505 
550.501 87.5017 
1435.5 83.4993 
1115.49 82.5067 
-1539.5 75.4982 
1544.5 57.5037 
-276.501 56.5021 
476.5 54.5093 
730.527 35.4443 
120.499 26.5038 
-450.498 25.4978 
19.4991 23.4971 
-514.504 23.5 
603.496 23.4927 
-578.508 20.4989 
1138.5 18.5026 
-533.498 15.5032 
90.5029 12.5004 
354.503 12.4996 
-1068.51 12.5007 
-514.501 16.9635 
-1320.5 4.89075 
-95.4979 5.49719 
-42.501 6.49939 
865.5 5.50342 
-531.285 8.06299 
0.498169 -0.505981 
-1320.5 4.50073 
-926.501 -3.50403 
621.503 -5.49927 
914.5 -8.505 
-1341.5 -14.5066 
-18.4982 -15.4948 
970.503 -15.4996 
228.503 -18.501 
274.501 -21.4983 
433.494 -22.506 
-23.8544 -25.1298 
-1234.5 -38.5038 
60.5012 -44.5037 
604.495 -45.4987 
-555.501 -49.5085 
-160.495 -52.5011 
1614.5 -56.4998 
-195.509 -63.4967 
-1301.5 -68.4996 
-200.132 -69.9355 
-397.501 -79.4999 
-1112.51 -78.5052 
403.498 -79.5046 
516.498 -83.5078 
446.501 -85.495 
201.5 -88.5078 
-287.503 -91.4998 
423.497 -93.5015 
1316.5 -99.5038 
737.49 -108.491 
-1178.5 -113.501 
420.492 -116.507 
1524.5 -124.504 
1533.96 -124.505 
-1370.5 -127.499 
-599.496 -127.497 
362.498 -130.497 
1179.5 -130.499 
134.495 -130.51 
-193.506 -132.504 
-96.5013 -132.494 
-71.5004 -140.496 
-179.858 -140.242 
1372.49 -143.504 
33.4973 -144.496 
-109.497 -152.504 
-652.497 -154.506 
-334.573 -157.749 
535.497 -159.498 
1511.5 -163.499 
-1209.5 -166.502 
-335.549 -162.719 
423.501 -174.498 
918.501 -180.506 
371.506 -182.503 
9.4978 -186.497 
870.501 -186.497 
-1481.5 -192.501 
506.504 -192.503 
-816.491 -193.495 
-237.499 -202.502 
74.5023 -202.498 
-1208.5 -208.5 
-525.496 -214.506 
1208.5 -217.51 
772.501 -217.498 
-1103.5 -221.499 
-1041.5 -221.495 
-81.5027 -222.5 
1208.5 -217.584 
-968.501 -228.498 
77.4985 -237.501 
-275.502 -239.499 
14.498 -249.503 
-234.501 -250.501 
-668.5 -256.51 
-1377.5 -259.504 
472.502 -259.498 
841.502 -261.501 
-941.498 -265.501 
345.505 -266.499 
-604.496 -270.499 
-861.497 -271.503 
-613.4 -284.87 
-823.506 -294.496 
747.504 -295.498 
1273.5 -307.498 
396.508 -313.502 
-1135.5 -314.501 
345.5 -315.501 
-99.5072 -316.495 
-1221.5 -321.501 
-48.5007 -321.495 
-663.503 -331.497 
-305.498 -334.499 
-231.499 -333.501 
-926.509 -334.5 
-602.51 -344.499 
-47.502 -345.5 
192.503 -359.503 
440.498 -362.498 
-1100.51 -372.497 
-1341.5 -387.501 
-441.508 -388.504 
-408.509 -389.509 
-354.5 -389.503 
103.503 -398.503 
-352.571 -411.492 
-335.967 -408.966 
57.5042 -410.499 
1423.5 -414.502 
-1088.5 -418.505 
-352.552 -413.038 
997.499 -420.502 
-20.4862 -425.496 
-487.505 -426.503 
-756.505 -431.494 
-238.497 -442.504 
-474.004 -450.5 
-646.507 -463.496 
-898.503 -470.495 
-201.503 -472.508 
1054.5 -477.5 
330.499 -480.493 
-1148.5 -481.498 
-753.506 -481.502 
-1573.5 -483.498 
296.503 -482.497 
-1127.15 -485.746 
-892.654 -484.222 
1046.04 -485.509 
821.499 -493.495 
-1122.38 -490.624 
-585.498 -501.502 
-404.501 -503.499 
1044.22 -499.711 
333.501 -506.496 
1427.5 -506.501 
-720.493 -512.498 
-78.4982 -512.491 
6.5011 -516.503 
186.501 -527.493 
37.4974 -528.5 
-84.4957 -537.504 
612.501 -541.501 
1179.5 -544.501 
1241.51 -546.503 
-424.498 -551.494 
-780.499 -554.5 
-1188.5 -559.499 
-642.495 -565.498 
-356.498 -570.498 
198.501 -571.497 
464.496 -576.488 
-631.175 -580.588 
784.505 -584.49 
-1201.5 -586.5 
-842.503 -590.51 
-1318.5 -595.501 
-538.492 -602.499 
-840.98 -597.354 
-650.502 -603.495 
-1449.5 -611.503 
-858.501 -611.503 
553.506 -618.495 
60.4985 -622.505 
1444.5 -624.501 
-850.967 -625.146 
-661.499 -632.498 
-1179.5 -637.501 
35.4996 -640.504 
-492.503 -642.494 
-252.5 -647.499 
-383.495 -653.498 
1538.5 -657.499 
-1359.5 -658.5 
-633.501 -659.499 
-929.499 -668.501 
420.498 -672.504 
533.499 -687.504 
1214.5 -690.499 
-791.501 -691.503 
-399.497 -691.497 
-292.502 -696.503 
306.508 -705.498 
-787.499 -712.499 
-1096.5 -714.501 
-253.498 -715.504 
-644.504 -718.501 
-130.499 -720.507 
-410.501 -724.499 
926.499 -724.496 
-209.503 -726.498 
-720.499 -729.497 
179.502 -739.505 
-327.498 -743.505 
-1377.51 -746.492 
-150.504 -757.488 
-363.168 -760.368 
189.5 -758.502 
1107.5 -760.503 
-369.329 -762.969 
-824.499 -764.5 
-369.15 -764.568 
-843.499 -773.499 
187.494 -776.5 
-1339.5 -789.496 
-411.496 -789.504 
-59.4978 -789.496 
818.504 -791.507 
-839.5 -794.495 
-713.495 -795.494 
-425.496 -798.498 
1342.5 -800.504 
177.495 -801.51 
-344.504 -804.502 
-528.491 -805.495 
559.499 -809.504 
-1400.49 -818.497 
217.496 -822.497 
908.504 -831.494 
-538.499 -833.503 
-160.504 -845.498 
-116.493 -846.499 
1211.51 -849.501 
-860.494 -851.503 
151.502 -853.501 
-716.5 -858.501 
1209.54 -854.904 
850.495 -872.5 
-115.501 -879.5 
-1316.5 -884.491 
-136.493 -885.505 
-1019.49 -888.504 
-475.503 -909.504 
-152.498 -912.503 
422.495 -914.506 
-982.5 -917.502 
-194.5 -919.5 
-1364.5 -923.5 
-827.499 -924.498 
-944.501 -933.504 
-594.499 -932.501 
-136.5 -933.5 
-416.509 -936.492 
78.4884 -938.496 
-1219.5 -949.499 
424.499 -968.5 
500.496 -982.504 
-70.4978 -991.501 
-1397.5 -993.495 
-844.502 -997.499 
-264.498 -997.495 
-1466.5 -1003.5 
-735.503 -1004.49 
-1101.5 -1008.51 
-1125.16 -1016.99 
-1394.57 -1018.98 
-1417.5 -1020.5 
-899.502 -1024.51 
-1125.94 -1019.89 
-977.499 -1028.49 
-279.505 -1029.5 
-1039.5 -1030.5 
1206.49 -1034.51 
-774.507 -1037.5 
-1077.43 -1053.16 
-1073.31 -1054.61 
-1139.5 -1057.51 
-479.504 -1059.5 
431.5 -1065.5 
-387.493 -1069.5 
652.508 -1074.5 
27.499 -1076.5 
12.4979 -1086.5 
-1238.5 -1104.49 
-1181.5 -1113.5 
-562.499 -1126.5 
1252.5 -1129.5 
1224.5 -1132.5 
-917.5 -1142.51 
-124.498 -1142.5 
1458.5 -1146.5 
-1141.98 -1156.03 
-1137.39 -1156.71 
915.502 -1160.5 
-370.497 -1161.51 
-1029.5 -1169.49 
553.503 -1182.5 
-140.503 -1188.5 
-1237.5 -1196.5 
-1028.5 -1201.5 
-1384.5 -1203.5 
