-743.5 1206.5 
-488.498 1208.5 
-233.495 1205.5 
446.5 1203.5 
509.494 1201.5 
1147.5 1194.5 
-223.495 1185.5 
-1583.5 1168.5 
586.488 1156.5 
158.498 1150.5 
-87.5028 1148.5 
223.504 1134.5 
-225.503 1124.5 
-1427.5 1117.5 
-722.498 1117.5 
387.497 1106.49 
-1304.5 1103.5 
47.5 1100.5 
1285.5 1098.5 
700.5 1090.5 
-672.497 1084.5 
685.502 1077.5 
-1308.5 1075.51 
377.495 1071.5 
-172.497 1059.5 
-357.502 1055.5 
-1583.5 1052.5 
-1066.49 1050.49 
-712.501 1045.5 
-1124.49 1041.5 
-315.499 1035.5 
-275.503 1027.5 
-1476.5 1027.51 
-1232.5 1017.5 
278.503 1010.5 
-953.498 1006.5 
-65.4958 1002.51 
187.505 1001.51 
-615.489 1000.5 
550.5 993.5 
-166.496 988.505 
-1075.49 986.497 
-1098.5 980.501 
-92.496 964.507 
-510.498 961.5 
-1340.49 959.497 
-1553.5 956.503 
-1122.5 956.498 
-641.496 956.498 
-1471.5 953.504 
-208.505 953.503 
540.497 946.501 
904.49 941.502 
-276.501 935.504 
-389.499 929.498 
312.495 928.498 
124.497 923.501 
-328.503 921.499 
-407.048 917.571 
-1162.51 911.503 
-406.897 915.477 
-1310.5 906.498 
-919.495 902.49 
1019.5 897.507 
-351.583 894.676 
539.987 893.317 
-641.504 890.502 
-346.904 894.233 
-1302.49 888.504 
544.799 888.539 
1595.49 882.506 
-406.501 880.5 
-694.499 870.496 
-629.577 869.022 
-647.502 864.503 
-1535.5 846.495 
-190.501 846.502 
-1291.5 844.499 
236.495 839.5 
694.497 831.505 
-422.499 825.493 
-472.503 823.504 
720.496 823.492 
-23.4985 807.499 
-943.492 805.502 
-278.496 804.502 
3.50659 798.501 
-375.119 797.504 
-372.01 797.504 
-69.496 791.936 
-268.501 778.502 
-1225.5 777.5 
-861.5 773.498 
-74.4969 769.499 
-1223.97 770.582 
-1146.51 764.505 
1012.5 759.503 
-441.499 748.495 
-67.4926 748.495 
-27.4985 746.506 
191.501 742.491 
-1112.5 734.504 
-1176.5 733.502 
70.4993 728.5 
1408.51 728.497 
-556.505 720.495 
-290.503 720.507 
1445.49 712.499 
-969.497 710.501 
-1543.5 705.497 
-359.503 700.498 
-1027.5 684.498 
-1350.5 669.5 
-969.503 667.495 
1454.49 660.499 
-155.496 654.494 
-321.497 650.504 
801.494 650.499 
-1042.96 649.102 
-1036.63 644.223 
230.498 636.497 
-1105.51 630.497 
-598.498 626.501 
3.495 624.502 
741.507 624.498 
295.498 620.499 
-602.437 618.928 
-171.51 610.5 
-587.501 605.5 
-184.144 600.859 
1502.5 592.495 
1313.49 587.494 
-542.501 581.504 
96.5094 581.499 
1587.5 566.496 
-695.502 563.5 
-527.5 554.5 
-1514.5 547.493 
512.5 517.501 
-1240.49 515.503 
-894.499 508.502 
-1513.5 509.508 
-244.5 498.508 
-956.494 496.507 
-606.493 480.498 
-564.496 468.493 
703.489 461.491 
663.496 458.5 
303.505 456.501 
194.509 455.496 
-865.497 449.495 
-394.504 441.5 
908.503 440.505 
-1305.5 425.504 
-696.497 421.508 
-1351.5 420.504 
-486.504 420.495 
308.499 415.503 
-398.505 414.499 
-769.501 412.499 
-619.495 408.498 
-1618.5 404.495 
-732.495 399.503 
-720.496 382.499 
312.507 371.5 
365.502 372.503 
-721.898 373.394 
-652.503 369.505 
1040.5 367.498 
-797.501 360.5 
1586.5 357.501 
750.502 356.499 
-500.497 355.499 
-677.504 353.501 
-730.493 349.504 
-454.501 340.502 
-756.506 332.494 
-918.499 329.504 
152.509 322.491 
-412.503 315.5 
-1578.51 314.499 
-890.503 314.491 
657.495 314.497 
1180.5 305.5 
839.502 303.497 
-789.489 300.498 
-1594.5 298.503 
17.4949 297.503 
178.493 295.5 
507.499 294.5 
-936.498 292.499 
-356.5 290.501 
-1475.5 289.5 
-1268.5 286.499 
-1165.5 282.498 
-609.5 278.506 
-980.5 276.497 
-686.497 274.501 
-465.497 271.503 
265.503 256.494 
-1230.5 255.503 
-689.497 254.495 
-524.513 244.504 
-876.497 242.501 
909.497 243.5 
-346.264 239.041 
-824.505 235.506 
-398.5 232.509 
899.5 225.497 
-969.499 210.498 
-148.504 202.498 
-719.502 196.506 
-1468.5 189.503 
41.4996 187.503 
-516.503 183.993 
810.502 178.496 
-600.501 172.502 
-568.501 166.5 
-1530.5 165.496 
-597.066 167.104 
-241.504 158.5 
40.5021 145.501 
740.495 144.507 
-1489.5 140.497 
-267.497 139.502 
-1092.5 130.493 
-523.497 127.497 
-375.504 127.502 
196.496 124.502 
-624.503 121.506 
816.503 91.4974 
-996.49 85.5015 
-790.507 84.5007 
-1016.5 78.4982 
-992.559 75.9714 
770.504 68.5011 
-1242.5 61.4955 
-328.497 60.4935 
44.4963 45.4978 
-1251.5 31.5007 
-1447.5 23.4991 
-155.496 24.4907 
-1027.5 19.5011 
1099.5 18.502 
-1235.5 6.4939 
815.502 6.50574 
572.501 2.50891 
-502.502 0.496826 
0.502808 -0.497559 
-542.508 -10.5007 
1227.5 -12.5015 
-1369.5 -15.4963 
-674.5 -19.496 
113.501 -23.4926 
-1532.5 -25.4983 
-1558.5 -32.4993 
1549.5 -35.4996 
-137.498 -38.4999 
1277.49 -56.5011 
-1237.51 -65.496 
543.506 -67.5046 
-1079.5 -73.5 
-241.506 -75.4982 
-621.505 -80.5 
383.501 -80.4943 
-1150.5 -84.3619 
-1005.5 -84.4979 
-1150.85 -85.5037 
6.50513 -118.511 
-360.503 -126.501 
-842.505 -142.495 
-719.501 -144.502 
-657.5 -158.502 
-918.503 -165.504 
-1113.51 -170.505 
429.509 -179.501 
-135.505 -180.496 
-763.502 -181.494 
677.495 -181.497 
-1155.5 -184.504 
-1597.5 -189.497 
232.501 -194.497 
1084.5 -198.497 
-92.4943 -203.508 
-1146.5 -204.502 
-1252.5 -207.501 
-474.497 -215.498 
-606.506 -221.495 
-1027.5 -235.499 
942.494 -236.499 
-335.494 -242.505 
652.493 -244.5 
-711.498 -245.507 
52.5084 -245.508 
-1476.5 -246.5 
-555.5 -247.497 
-528.494 -250.501 
-411.499 -252.502 
1284.5 -272.503 
1356.5 -278.497 
-662.503 -279.491 
-1379.5 -287.504 
-344.494 -287.503 
-124.502 -297.504 
1368.49 -302.5 
-1533.5 -305.506 
290.499 -308.504 
-1494.51 -323.502 
-1066.49 -336.499 
-118.497 -339.504 
-35.5026 -355.495 
564.502 -358.496 
61.5011 -360.502 
217.494 -361.501 
-393.494 -368.497 
696.494 -371.497 
-907.503 -386.504 
-639.497 -389.491 
-825.501 -394.489 
-1184.5 -428.5 
-1600.49 -433.499 
-813.505 -442.491 
-625.503 -451.499 
-1258.51 -473.493 
-610.505 -479.507 
-1179.49 -488.505 
715.496 -492.498 
-482.505 -495.498 
87.5 -495.495 
1409.5 -515.508 
-1415.5 -517.497 
-375.5 -517.495 
-179.502 -518.506 
-1604.5 -522.501 
-597.496 -525.499 
1514.51 -527.498 
-1009.5 -530.497 
810.502 -534.5 
670.499 -534.503 
581.154 -535.738 
572.799 -543.844 
1147.5 -547.503 
-495.505 -563.495 
-1472 -576.503 
167.501 -582.505 
-636.503 -591.504 
-119.496 -591.502 
267.51 -618.5 
623.5 -619.5 
364.499 -620.501 
-432.492 -636.5 
-1429.51 -645.497 
680.502 -656.5 
826.496 -667.497 
-733.5 -668.502 
-1006.5 -672.506 
916.493 -673.502 
-1372.5 -685.497 
-980.495 -695.503 
-1509.5 -704.497 
-352.497 -706.497 
401.498 -708.497 
799.504 -718.498 
37.4971 -746.5 
-1003.5 -753.504 
-903.503 -755.499 
1158.5 -757.501 
-550.505 -770.503 
54.0543 -785.985 
48.9318 -788.367 
37.5046 -795.5 
-269.494 -797.496 
344.494 -811.5 
-1125.5 -828.504 
-161.501 -834.502 
861.499 -843.507 
-1211.5 -856.509 
868.498 -874.492 
154.5 -879.497 
305.497 -884.499 
-662.503 -886.506 
320.492 -892.505 
-1566.5 -894.5 
-1234.5 -911.502 
-1458.5 -913.504 
-255.494 -917.499 
-1146.5 -923.495 
-1595.5 -928.501 
909.497 -930.503 
1019.5 -932.5 
-1203.49 -956.503 
-904.498 -961.503 
512.503 -968.504 
-1571.5 -969.5 
-907.668 -965.111 
1442.49 -976.494 
-769.503 -999.502 
-1578.5 -1004.5 
-1360.51 -1016.5 
-1455.49 -1040.5 
-384.5 -1087.5 
-642.501 -1096.5 
1134.5 -1101.5 
50.4989 -1107.5 
-299.5 -1113.51 
-249.503 -1119.5 
686.499 -1125.5 
-1274.5 -1130.5 
1226.5 -1143.49 
-1607.5 -1167.5 
-892.503 -1167.5 
-634.503 -1174.5 
220.502 -1177.5 
-620.867 -1179.34 
278.5 -1181.5 
-523.499 -1193.49 
-1118.51 -1200.5 
