-1267.5 1208.5 
803.503 1211.5 
29.5039 1202.5 
-1177.5 1195.5 
303.503 1190.5 
-959.505 1189.51 
760.501 1187.5 
-738.496 1183.5 
1239.5 1183.5 
-635.506 1178.5 
-98.4967 1176.5 
-1203.5 1173.5 
-168.504 1169.5 
-1327.5 1165.5 
-825.497 1162.49 
189.496 1154.5 
-26.496 1149.49 
-215.503 1123.5 
747.5 1120.5 
-829.5 1113.5 
-149.5 1110.5 
414.495 1103.51 
-1083.5 1093.5 
-1007.5 1091.59 
-838.498 1092.5 
-1476.5 1078.51 
-1005.5 1068.5 
-379.5 1066.5 
-488.499 1046.5 
804.491 1047.5 
-1561.61 1021.24 
-259.5 1018.89 
-650.501 1013.5 
-259.5 1018.5 
566.5 1005.5 
-32.4203 1003.11 
-413.507 999.496 
211.504 994.507 
-1071.5 988.495 
6.49268 988.501 
-20.5051 979.496 
209.566 977.983 
683.496 975.495 
853.503 974.508 
834.496 973.5 
554.923 967.141 
-165.505 966.5 
-690.497 962.498 
765.489 962.501 
556.851 965.766 
610.506 957.498 
-1377.5 949.497 
431.502 938.509 
1100.5 937.494 
869.505 931.497 
985.508 928.498 
1555.5 925.498 
901.506 925.501 
8.49817 916.498 
-387.497 913.498 
449.504 897.508 
-1139.5 892.496 
-28.4965 889.495 
-1399.5 883.498 
355.492 882.512 
312.5 875.498 
670.499 872.508 
1568.49 868.501 
275.496 860.498 
-992.499 856.502 
-451.505 855.502 
1325.5 847.498 
-539.496 832.498 
1092.5 824.505 
-420.501 810.499 
702.496 806.507 
-716.5 800.501 
-1126.5 789.502 
953.492 782.502 
-905.49 775.499 
358.505 758.494 
-1314.5 752.495 
-1359.5 751.498 
-746.497 751.5 
411.499 748.497 
745.499 748.503 
-1312.95 748.702 
720.502 734.503 
-339.497 722.502 
-73.4979 712.496 
366.498 712.497 
1076.5 711.501 
205.493 709.495 
-1002.49 700.492 
-1211.5 698.499 
608.5 696.512 
970.498 695.499 
1115.5 692.498 
-1071.5 687.5 
-663.503 687.497 
-496.5 685.504 
-1108.5 682.504 
1033.5 680.505 
-523.497 680.498 
396.495 676.492 
1483.5 675.496 
-863.5 669.497 
372.497 664.507 
-648.504 648.51 
-422.501 644.503 
-723.503 633.497 
-1107.51 620.496 
-1387.5 619.501 
1580.5 618.5 
206.507 616.497 
-1024.51 611.492 
747.495 607.495 
-355.496 606.493 
-186.5 591.502 
-1492.5 582.503 
-797.5 578.5 
-256.5 577.505 
-730.509 576.5 
200.494 576.499 
126.503 567.506 
883.498 561.501 
-69.5057 550.5 
1007.5 533.505 
1136.5 533.498 
1510.5 531.498 
-445.497 526.499 
1385.5 524.496 
627.501 518.497 
450.502 501.499 
-376.5 498.501 
428.503 492.5 
-1008.49 489.5 
984.496 478.505 
475.505 477.504 
635.501 474.512 
1069.49 468.492 
-1305.49 459.493 
-400.492 455.497 
1613.49 455.506 
-341.5 441.497 
326.504 433.502 
-872.504 416.504 
-704.5 410.5 
-720.505 406.495 
223.509 405.503 
-110.505 404.491 
1462.5 403.503 
-1581.5 401.502 
-741.505 400.497 
-1330.5 399.496 
532.505 388.496 
-75.4957 386.498 
1077.5 378.499 
-706.499 375.506 
1226.2 372.347 
1229.89 371.954 
3.49573 364.499 
-1095.49 363.503 
436.499 359.493 
-1162.5 355.506 
-200.509 351.491 
946.498 351.501 
5.50317 346.498 
-1610.5 344.501 
-23.504 343.503 
-320.504 339.502 
-283.498 337.496 
-1564.49 330.5 
566.5 330.502 
1420.5 327.499 
-671.504 316.497 
-908.496 307.493 
-133.498 306.5 
-516.501 304.499 
-1187.5 301.499 
-449.501 296.498 
981.493 293.499 
-370.599 288.298 
64.4994 290.497 
-1246.5 288.493 
1422.51 288.501 
-707.498 284.5 
-368.169 286.172 
1394.51 278.499 
-1413.5 275.508 
-464.88 259.226 
-512.498 260.501 
-430.501 253.499 
-464.995 258.03 
378.492 242.496 
626.498 233.498 
813.493 231.502 
-105.502 220.499 
-1046.5 211.507 
121.501 207.496 
525.501 205.503 
829.55 201.925 
1365.5 203.5 
-817.503 194.498 
167.496 195.5 
828.883 201.146 
10.5042 191.498 
-72.4946 182.503 
659.502 181.505 
125.498 180.499 
833.956 173.414 
1602.5 172.506 
-534.502 160.5 
1311.49 159.505 
-894.5 159.49 
-828.499 156.5 
-742.5 155.496 
-256.504 148.495 
851.493 143.501 
508.503 141.494 
1493.5 138.499 
818.505 138.49 
-1084.51 130.501 
-197.501 123.5 
627.496 122.498 
1044.5 114.501 
-594.505 111.504 
-110.493 106.499 
-943.507 103.502 
758.504 103.498 
1417.5 102.503 
-1040.5 97.5079 
-404.502 96.5029 
-680.503 95.5054 
145.504 94.499 
-1265.5 83.5034 
1564.5 82.5 
1312.5 73.498 
-195.498 73.4954 
1277.5 71.5011 
338.495 71.4958 
-408.507 65.5011 
1588.16 48.2772 
-46.501 39.5033 
1194.5 39.5029 
1268.5 39.5007 
796.5 38.499 
1577.78 38.8489 
1612.49 31.5 
123.496 27.5027 
981.494 23.4989 
-143.503 22.504 
1588.49 19.505 
-1362.49 7.49927 
-21.5 6.4978 
-405.493 2.4978 
-1195.5 0.498169 
0.498779 -0.5 
-118.514 -1.49658 
865.919 -13.4984 
-536.5 -13.5012 
581.505 -16.4969 
-1594.5 -18.4974 
115.501 -25.5033 
31.5017 -44.4983 
-465.497 -54.4963 
160.495 -67.4996 
391.507 -73.4933 
1192.5 -83.4956 
362.502 -86.4949 
-573.502 -87.5031 
-103.495 -87.4933 
37.4979 -90.4979 
600.497 -92.5044 
982.495 -92.5 
-925.501 -98.4971 
-319.499 -98.51 
640.499 -104.502 
407.494 -106.493 
-369.498 -118.502 
-187.496 -119.496 
-266.501 -126.503 
-592.505 -127.501 
1618.5 -132.495 
-723.503 -136.496 
-865.5 -143.5 
201.506 -146.495 
1421.5 -146.502 
435.777 -155.823 
1179.5 -166.5 
1054.5 -169.498 
18.4973 -180.5 
741.499 -182.504 
57.5051 -183.499 
-923.498 -192.505 
347.499 -194.498 
-387.497 -196.509 
896.499 -198.506 
1215.5 -204.505 
5.49963 -208.503 
-1018.5 -215.496 
696.494 -218.503 
1172.5 -228.495 
984.499 -232.499 
-581.506 -238.498 
-366.326 -244.514 
-357.013 -245.166 
-1335.5 -246.501 
-983.505 -253.494 
-917.501 -269.496 
821.488 -273.497 
250.497 -274.498 
1053.5 -275.499 
210.504 -276.501 
182.499 -292.494 
354.504 -301.495 
487.49 -307.494 
1393.23 -314.62 
-252.493 -316.492 
296.499 -322.499 
1393.63 -315.18 
-916.506 -325.494 
-265.502 -343.497 
1159.5 -343.497 
1017.5 -366.504 
-182.498 -379.495 
-1113.49 -410.5 
1376.49 -414.505 
608.496 -423.501 
-66.5077 -436.495 
-1199.5 -438.498 
-150.5 -464.498 
674.496 -474.501 
1524.5 -485.496 
-706.495 -497.496 
914.506 -497.493 
-33.5015 -503.5 
-561.501 -505.506 
529.499 -508.511 
184.502 -517.496 
1307.5 -521.506 
814.5 -530.501 
379.501 -533.507 
614.498 -538.492 
550.505 -556.501 
-1185.5 -563.505 
-868.51 -570.498 
554.501 -581.501 
1424.5 -585.496 
-630.502 -586.498 
-751.507 -596.508 
171.498 -599.499 
-330.497 -602.498 
-203.502 -603.491 
-1083.5 -604.492 
145.502 -604.5 
1573.5 -612.499 
-830.5 -615.495 
1499.5 -617.503 
-241.498 -622.494 
363.505 -628.503 
760.498 -632.498 
1386.5 -636.511 
1143.48 -643.926 
1143.52 -644.023 
-362.504 -666.502 
519.493 -666.499 
-1617.5 -667.495 
-693.499 -679.497 
379.499 -681.502 
417.502 -686.497 
674.498 -687.5 
-943.497 -690.497 
-925.497 -691.497 
-117.499 -692.5 
180.504 -692.505 
-1479.5 -694.499 
-367.495 -694.497 
469.501 -695.501 
-78.506 -699.501 
783.502 -699.503 
331.496 -711.501 
-1332.5 -718.505 
-373.492 -718.501 
-389.498 -726.498 
364.954 -731.942 
372.276 -733.567 
-635.498 -739.502 
-188.496 -744.497 
-423.502 -747.505 
421.503 -752.5 
1133.5 -752.501 
680.501 -762.499 
370.498 -771.506 
-299.504 -772.502 
1537.51 -774.505 
-357.491 -790.496 
746.502 -793.51 
373.497 -800.506 
545.503 -802.499 
1492.5 -804.499 
516.499 -808.497 
218.505 -816.499 
-399.498 -845.499 
192.507 -852.498 
455.499 -866.5 
-1618.5 -866.496 
-1592.5 -870.497 
847.504 -889.501 
-52.4972 -895.503 
1132.5 -910.499 
-275.509 -944.504 
551.282 -953.747 
433.502 -955.5 
990.503 -958.501 
203.501 -964.497 
547.551 -960.667 
-1593.5 -975.504 
763.503 -979.502 
-1387.5 -982.501 
386.505 -1002.5 
1551.5 -1003.5 
535.499 -1012.5 
-1538.5 -1020.51 
618.503 -1025.5 
-103.503 -1034.5 
251.504 -1035.5 
139.497 -1039.51 
-92.6791 -1040.89 
410.493 -1044.51 
-1150.5 -1052.5 
216.508 -1057.5 
-765.497 -1060.5 
817.503 -1063.5 
-1188.5 -1064.51 
1016.5 -1083.5 
-812.505 -1085.5 
1408.5 -1132.5 
-1510.51 -1138.5 
1454.5 -1149.5 
-1257.49 -1158.49 
892.503 -1164.5 
-1442.5 -1187.49 
-893.496 -1190.5 
410.505 -1193.5 
149.501 -1195.5 
494.496 -1200.51 
91.5004 -1204.49 
122.506 -1209.5 
