-1034.5 1208.5 
-440.495 1201.5 
35.4994 1201.5 
1488.5 1185.5 
-397.504 1171.5 
-580.496 1158.5 
1377.5 1147.5 
573.499 1142.5 
1353.5 1111.5 
-759.498 1073.5 
261.497 1065.5 
544.499 1056.5 
1511.5 1056.5 
38.5033 1030.5 
608.509 1030.5 
1220.5 1022.5 
-480.504 997.5 
1207.5 994.497 
1493.49 978.498 
-1235.49 948.495 
-546.504 945.496 
-1301.5 941.491 
-844.503 933.503 
-639.499 906.497 
-88.4955 900.497 
1416.5 898.501 
-712.49 888.495 
-1092.5 883.497 
-507.501 846.503 
1169.5 844.497 
-1199.5 831.503 
1139.51 826.506 
1045.49 823.501 
-966.5 821.494 
-576.495 816.499 
566.497 808.498 
971.495 797.504 
-1147.51 787.501 
193.494 725.498 
-909.502 708.503 
440.5 704.502 
-651.498 702.494 
865.5 703.496 
714.498 673.501 
-802.503 659.5 
-404.497 644.502 
-1.50281 643.504 
-619.499 619.5 
194.498 610.498 
501.504 605.505 
367.504 592.501 
-142.494 581.504 
-361.49 563.499 
-209.496 549.503 
-1033.5 529.493 
-1003.5 528.506 
1254.51 520.5 
-1230.5 510.502 
1503.5 509.499 
896.499 509.499 
1275.5 503.497 
-1062.5 488.506 
-49.5071 483.497 
-1019.5 469.503 
-589.5 465.497 
-1616.49 464.505 
-1262.5 452.503 
-474.497 438.499 
-265.503 434.508 
-965.5 408.497 
956.497 408.5 
170.504 395.501 
1431.5 394.502 
-1410.5 386.495 
773.503 364.495 
-1151.5 360.504 
-834.498 353.5 
-755.502 335.497 
-312.5 323.511 
-1322.5 321.5 
1588.5 276.494 
376.495 246.499 
-221.502 239.495 
48.5015 239.495 
160.499 226.498 
688.503 210.504 
-1051.5 188.501 
-1383.5 186.501 
479.501 184.502 
1221.5 164.499 
186.499 156.494 
885.502 114.503 
-50.496 113.497 
732.502 104.505 
-265.504 94.4985 
-1194.49 87.4933 
-959.495 75.5004 
-623.508 66.501 
656.502 64.4948 
995.491 59.498 
714.499 54.4974 
247.505 47.5024 
-452.5 42.4994 
612.948 26.5402 
418.501 17.5032 
-199.506 1.49841 
0.499634 -0.497559 
937.497 -9.50159 
394.503 -32.5049 
797.505 -42.5027 
1153.49 -47.5101 
433.497 -49.5026 
81.4983 -55.4987 
367.501 -66.0166 
-1362.5 -78.4968 
1249.5 -82.495 
941.504 -86.5026 
-193.501 -97.4989 
-1105.5 -104.499 
-976.5 -105.497 
-658.512 -137.505 
1168.5 -138.504 
1586.51 -146.498 
269.496 -154.502 
244.495 -163.511 
160.497 -191.504 
-748.498 -191.501 
1077.5 -199.5 
97.4967 -207.51 
-801.5 -214.498 
448.493 -221.498 
938.504 -225.501 
963.508 -230.503 
1078.5 -241.497 
1513.49 -240.504 
-376.495 -242.491 
-1222.5 -270.498 
-712.508 -274.501 
-1169.5 -315.497 
-951.491 -323.497 
-324.503 -333.505 
249.507 -335.501 
1173.5 -340.505 
1056.51 -354.495 
502.506 -356.5 
1016.5 -359.5 
1087.5 -372.504 
1167.5 -378.509 
1363.5 -389.494 
265.501 -423.502 
-253.499 -427.5 
-454.503 -428.498 
515.491 -430.493 
62.4988 -431.503 
932.505 -441.493 
1616.5 -445.499 
-25.4919 -452.497 
-973.5 -461.499 
-513.5 -460.497 
-1420.5 -484.506 
409.505 -487.502 
69.4969 -507.496 
-125.497 -512.494 
1480.5 -518.504 
866.501 -521.505 
735.501 -524.493 
1181.5 -534.498 
-143.497 -541.495 
-762.495 -546.496 
399.505 -552.498 
1606.5 -562.5 
1510.5 -562.502 
311.5 -564.503 
-613.502 -571.499 
-1230.5 -580.497 
-1508.5 -595.504 
1087.5 -603.501 
-120.503 -609.496 
-742.499 -615.5 
1287.5 -615.5 
-1206.5 -624.505 
1292.41 -628.973 
-1611.5 -639.509 
-707.501 -639.5 
43.4965 -648.492 
-336.507 -662.505 
1552.5 -662.505 
797.507 -671.496 
-596.509 -679.503 
1257.5 -727.506 
47.5056 -733.5 
953.496 -734.5 
372.494 -762.504 
1102.5 -773.507 
710.506 -790.499 
-1344.51 -793.506 
1114.51 -804.498 
-141.499 -806.501 
-429.496 -810.494 
1107.5 -823.495 
1014.5 -842.5 
-112.497 -867.504 
381.5 -873.505 
618.508 -880.499 
507.499 -888.496 
1294.5 -894.503 
-83.4979 -898.5 
236.501 -901.505 
-151.499 -905.501 
-1602.9 -909.854 
-1610.18 -912.336 
-1002.5 -913.503 
1328.5 -913.498 
848.501 -927.501 
82.494 -944.502 
763.492 -947.495 
-717.501 -949.503 
-1004.51 -954.5 
-1542.5 -976.499 
1267.5 -979.502 
-604.495 -985.501 
-1078.5 -994.499 
978.495 -994.497 
1524.5 -1000.49 
-182.502 -1033.5 
-565.5 -1034.5 
164.508 -1035.5 
289.494 -1058.5 
1297.5 -1058.5 
994.493 -1066.5 
664.496 -1072.5 
-265.508 -1097.5 
358.498 -1107.5 
621.492 -1111.49 
793.501 -1110.5 
-1163.5 -1116.5 
-336.505 -1136.5 
-1458.5 -1140.5 
-985.504 -1140.49 
1295.5 -1144.5 
-720.49 -1152.5 
-1196.51 -1162.5 
-703.504 -1165.5 
-152.5 -1173.49 
-1126.5 -1175.5 
1467.5 -1181.5 
-129.506 -1183.5 
-1234.51 -1184.5 
663.504 -1189.5 
-516.495 -1196.5 
-626.501 -1197.5 
1507.5 -1198.5 
-950.5 -1202.5 
330.5 -1208.51 
