-485.501 1206.51 
278.494 1208.49 
-1066.5 1201.5 
857.503 1175.5 
905.496 1174.5 
-940.687 1154.09 
-908.505 1149.51 
1257.05 1146.5 
-939.864 1152.86 
772.5 1125.5 
1100.5 1099.5 
-936.502 1090.5 
771.345 1064.5 
772.794 1064.5 
-678.501 1054.49 
-545.502 1051.5 
-230.501 1036.49 
1050.5 1020.5 
1101.5 1003.5 
689.501 992.502 
-767.498 988.502 
-496.504 985.503 
160.499 977.494 
1301.5 964.494 
-770.496 954.501 
-401.497 948.505 
490.499 948.497 
-246.501 941.502 
390.494 940.5 
1458.5 930.509 
83.4996 916.5 
-1291.5 907.502 
242.501 897.496 
-1265.49 861.499 
-1219.5 854.499 
-87.5013 829.494 
-1422.5 815.499 
-592.496 795.505 
1060.51 790.5 
-261.506 787.5 
-944.502 779.503 
-714.498 777.502 
628.5 757.494 
-28.5007 756.497 
-983.499 747.498 
875.502 737.504 
-959.496 727.499 
393.496 719.498 
-486.491 710.498 
179.5 673.496 
-292.503 663.501 
286.501 658.498 
799.503 644.498 
1359.5 633.498 
-1164.5 629.501 
489.492 614.497 
175.501 608.502 
104.496 606.499 
583.499 592.502 
370.919 582.974 
1170.5 585.503 
-929.503 580.501 
370.875 582.876 
-503.495 565.505 
-1424.5 564.5 
181.491 542.504 
25.4937 538.498 
1409.49 533.492 
-289.509 511.499 
-1388.5 508.5 
1513.49 491.5 
-41.5004 484.503 
858.504 472.891 
465.501 470.498 
858.504 472.502 
-389.501 447.5 
-473.496 439.504 
896.5 432.504 
461.5 428.499 
1349.5 395.494 
1286.5 380.504 
-955.495 377.503 
633.494 358.5 
506.502 339.502 
-1182.5 338.5 
1005.5 336.499 
974.504 332.501 
-376.502 321.495 
18.4996 313.5 
-529.503 309.505 
-42.4962 301.504 
705.499 293.497 
-1134.5 292.506 
1127.5 291.498 
508.495 291.497 
-277.499 284.503 
-914.493 274.502 
1498.5 271.502 
-881.494 269.501 
-1076.51 241.5 
-587.493 237.497 
7.49866 234.499 
1073.5 215.497 
1126.5 207.497 
488.498 201.499 
-1373.5 164.498 
-464.498 135.509 
1253.5 108.501 
-136.5 102.497 
-271.499 93.506 
509.5 85.5072 
997.5 81.5049 
-1301.51 60.5022 
-1494.5 58.507 
249.505 55.498 
647.502 53.5045 
-166.497 46.5017 
1253.5 43.4939 
17.4993 39.4962 
1371.5 7.50696 
0.505005 -0.499634 
-263.499 -11.4999 
1477.5 -11.5018 
-1375.5 -37.5039 
-171.506 -38.5004 
281.506 -56.4987 
175.496 -72.4979 
527.495 -87.4968 
1608.5 -92.5018 
-778.506 -97.5032 
838.5 -106.496 
327.499 -110.506 
525.495 -117.497 
570.499 -117.502 
657.502 -118.498 
1431.5 -127.5 
288.51 -128.5 
1367.5 -129.503 
816.504 -130.51 
937.498 -135.499 
-618.501 -159.503 
-948.503 -170.498 
-217.498 -177.496 
1102.5 -196.495 
640.5 -196.499 
-337.499 -216.497 
-507.501 -235.492 
-314.5 -235.506 
-1276.5 -239.503 
-1542.5 -255.5 
-1052.5 -259.494 
-1447.5 -260.497 
645.5 -261.498 
377.501 -265.504 
1108.51 -296.5 
114.503 -302.5 
-115.501 -314.495 
-1247.5 -316.504 
-1150.5 -321.501 
-1110.5 -325.5 
62.4938 -335.499 
539.499 -340.493 
-1532.5 -340.501 
-1033.51 -342.499 
-471.499 -350.5 
948.502 -350.501 
-63.496 -352.499 
718.502 -352.496 
-1388.33 -360.456 
-1260.5 -360.502 
-474.572 -356.13 
-149.505 -396.502 
554.505 -406.499 
-124.5 -429.499 
-612.492 -431.507 
96.5037 -442.498 
-621.011 -440.313 
1399.5 -459.497 
-367.501 -480.506 
-1161.51 -488.499 
1368.5 -489.5 
-181.5 -494.504 
1300.5 -494.5 
932.501 -495.503 
-735.502 -513.501 
-433.494 -513.498 
1067.49 -514.503 
-82.4993 -516.514 
600.502 -520.498 
-54.5065 -531.495 
-127.494 -540.509 
281.499 -544.494 
-818.496 -554.503 
771.496 -562.502 
-524.504 -574.502 
-888.498 -593.501 
-311.508 -599.501 
-865.506 -605.502 
-162.501 -623.506 
85.5044 -679.499 
-1587.5 -680.497 
1527.51 -694.497 
-1523.5 -697.499 
-1184.49 -707.504 
-1390.51 -752.499 
484.502 -786.501 
-1061.5 -794.5 
-788.499 -797.501 
-773.501 -802.498 
-1593.5 -818.496 
-209.503 -832.5 
1341.5 -841.493 
1458.5 -848.5 
1524.5 -851.495 
-804.502 -853.493 
675.501 -873.504 
1081.5 -874.493 
459.498 -875.501 
-791.506 -880.493 
-475.5 -898.508 
-1070.5 -917.491 
-332.499 -923.5 
-561.497 -927.501 
-297.5 -943.499 
-55.4977 -953.501 
-512.497 -971.504 
334.504 -973.494 
177.496 -974.502 
564.506 -975.51 
-1575.51 -991.496 
1079.5 -1005.49 
-479.497 -1030.49 
784.502 -1050.49 
-960.501 -1086.5 
1556.51 -1088.5 
-294.501 -1103.5 
396.499 -1102.5 
-365.502 -1103.5 
651.51 -1103.5 
-273.504 -1113.5 
-256.496 -1148.5 
-810.499 -1153.5 
-177.499 -1153.5 
-1314.5 -1154.5 
520.498 -1176.5 
548.496 -1184.5 
284.493 -1187.5 
-942.501 -1188.5 
