-912.495 1206.5 
1420.5 1201.5 
604.504 1198.5 
-539.503 1193.5 
-342.5 1192.5 
1252.5 1181.5 
821.397 1180.5 
-81.5035 1178.5 
-868.497 1176.5 
-1536.51 1172.5 
-425.499 1170.5 
837.502 1167.49 
103.498 1164.5 
524.499 1156.5 
-577.501 1155.49 
-687.496 1148.5 
230.503 1131.06 
111.494 1126.51 
-129.507 1125.5 
230.503 1130.96 
774.51 1117.5 
589.496 1116.5 
1365.5 1116.49 
-1539.5 1112.51 
-511.501 1112.5 
-969.499 1107.5 
655.5 1106.5 
-115.499 1103.5 
-89.502 1103.5 
-1140.5 1097.5 
-1402.5 1090.51 
80.4999 1089.5 
-188.501 1085.5 
-1101.49 1083.5 
-588.499 1082.5 
-18.5033 1080.49 
-883.498 1080.49 
-125.501 1079.5 
-517.501 1072.49 
654.496 1072.5 
-1202.51 1071.5 
1404.5 1066.5 
-1501.5 1062.5 
-1037.5 1063.5 
849.502 1059.5 
1110.5 1053.5 
345.499 1051.5 
-730.5 1050.51 
599.495 1044.5 
-1039.9 1038.68 
-1190.51 1039.5 
-1583.5 1036.51 
990.497 1035.5 
-1019.96 1034.5 
-1040.11 1036.38 
-676.5 1026.5 
-196.497 1026.5 
-1332.51 1022.51 
384.498 1020.5 
-141.496 1016.51 
1220.5 1014.5 
1344.5 1006.5 
-681.499 999.499 
432.504 994.497 
-26.5028 993.502 
184.505 977.498 
593.5 973.504 
-1413.5 971.501 
-65.499 968.508 
1566.5 963.499 
-915.498 962.499 
-1118.5 954.501 
-1400.5 949.501 
-248.509 946.498 
1555.5 945.505 
870.506 941.496 
1595.5 933.496 
-1428.5 931.506 
1540.5 921.511 
1093.51 919.503 
-881.501 916.503 
-120.504 910.504 
-1150.5 908.494 
-1445.5 903.501 
-671.501 903.496 
-430.503 901.496 
-263.501 894.503 
-1293.5 892.505 
-585.505 892.502 
-534.505 890.498 
-1612.5 884.493 
946.498 881.503 
-212.501 880.505 
-1415.5 864.497 
-1075.5 864.504 
-1611.51 859.494 
177.509 855.498 
277.497 855.505 
1053.5 853.5 
323.494 846.489 
1140.5 838.501 
-1245.5 833.5 
-755.499 831.497 
1031.5 821.503 
1409.5 819.496 
-1530.49 817.493 
-183.497 816.505 
568.499 814.5 
-767.505 807.506 
-1437.49 803.504 
695.5 802.504 
-665.507 799.494 
224.504 790.499 
126.491 786.505 
-1122.49 784.498 
1075.5 779.489 
-636.501 776.502 
1241.51 762.491 
951.504 755.5 
-1147.5 750.501 
-974.498 748.492 
723.495 744.496 
-1530.5 744.506 
-361.505 741.501 
-326.501 733.504 
-483.494 731.498 
558.943 723.428 
-1166.5 719.497 
853.235 718.219 
558.926 723.357 
857.364 717.191 
-1029.51 710.5 
-330.504 707.505 
1463.5 705.494 
826.499 686.501 
-482.495 684.501 
-1541.51 679.501 
-989.492 678.506 
-636.502 675.492 
-1314.49 674.504 
-1076.49 674.492 
-1127.32 666.975 
-1116.21 667.927 
-665.505 665.499 
-1126.85 664.882 
-944.503 654.503 
-1178.49 653.497 
-1195.49 648.499 
-1329.51 647.502 
-858.509 636.495 
578.498 623.507 
-1106.5 617.498 
-887.501 605.492 
1266.51 603.503 
-225.502 601.503 
1596.5 600.496 
305.505 595.501 
-76.4998 591.5 
892.501 579.494 
127.502 577.495 
-1408.5 564.503 
-1269.5 552.492 
-798.494 548.501 
1221.5 548.5 
-154.503 536.5 
-1581.5 534.499 
332.186 528.742 
-545.506 527.502 
1048.5 525.496 
-412.497 524.5 
1420.5 524.503 
-294.496 523.5 
-916.502 522.499 
320.827 522.731 
1596.51 516.489 
-1208.51 508.503 
-870.499 509.51 
318.057 513.575 
-540.501 507.495 
64.5112 505.504 
1241.5 492.501 
-546.258 491.049 
656.507 489.496 
852.502 488.5 
-193.504 479.507 
-899.49 478.498 
-876.501 477.504 
-562.496 470.504 
1072.51 466.504 
-966.494 462.499 
-921.502 457.497 
1207.5 442.497 
-528.497 441.501 
1513.5 440.502 
413.497 439.502 
1450.5 434.501 
-909.499 433.498 
-601.499 429.5 
463.504 421.498 
625.502 410.5 
-1297.5 407.495 
-1055.5 407.493 
-1077.5 382.5 
-1199.5 373.497 
-692.493 371.497 
-1399.5 366.503 
-204.505 364.496 
-853.498 362.496 
142.509 347.509 
846.501 332.506 
1098.5 326.501 
29.5026 317.502 
911.493 313.512 
595.494 309.5 
390.498 308.502 
-358.5 306.497 
-1593.49 305.499 
-1195.51 284.499 
1338.49 278.503 
280.501 275.5 
965.493 275.5 
93.5027 262.502 
-773.496 261.5 
654.498 261.5 
-370.495 259.499 
1456.5 259.498 
929.506 258.511 
-790.502 256.499 
31.5009 241.503 
-938.498 240.492 
-1310.49 236.5 
-305.5 229.498 
-1547.5 205.499 
-963.5 203.5 
864.508 198.5 
454.5 190.501 
820.501 181.5 
332.614 178.785 
-389.497 176.493 
329.843 175.619 
-1400.5 164.502 
1318.5 162.49 
719.498 159.503 
-983.504 158.505 
-980.199 152.443 
-195.502 120.503 
-642.504 60.496 
-310.504 55.5037 
-1584.5 45.4951 
-1402.51 44.4972 
-857.495 42.5018 
271.499 38.5022 
-837.492 25.4982 
1169.5 14.5016 
859.501 11.5 
880.498 4.50427 
-1336.5 1.50269 
0.501221 -0.499146 
-560.501 -16.502 
1524.5 -18.5034 
1136.5 -30.5042 
254.495 -38.4994 
276.502 -41.502 
79.5038 -62.4983 
426.504 -91.5006 
924.505 -106.496 
559.495 -116.496 
-1525.5 -125.5 
-602.499 -131.5 
-66.4957 -145.501 
396.502 -151.5 
-817.494 -157.494 
-881.503 -161.503 
25.5061 -161.499 
-1397.5 -167.502 
-1143.5 -182.5 
1092.5 -195.503 
454.502 -197.498 
-139.509 -207.508 
-1409.5 -211.5 
132.503 -225.496 
368.495 -236.495 
-1424.5 -258.505 
-85.4971 -258.493 
568.499 -266.498 
370.498 -273.495 
-1362.5 -276.503 
-302.502 -278.502 
1181.5 -288.502 
-1011.49 -292.5 
-278.502 -302.502 
-971.5 -303.506 
1246.5 -313.5 
-283.496 -347.499 
372.497 -362.497 
1123.5 -364.495 
-1532.5 -365.502 
-406.49 -371.501 
-785.505 -387.504 
-1237.5 -406.496 
-263.504 -418.505 
-962.504 -420.493 
127.506 -431.511 
-1070.5 -434.502 
-208.501 -461.495 
564.506 -469.503 
94.826 -470.499 
1600.5 -488.508 
-689.499 -494.5 
-894.499 -499.493 
981.505 -512.506 
639.499 -513.498 
805.494 -544.508 
1080.5 -558.504 
1136.5 -565.496 
-847.495 -578.501 
-586.504 -590.494 
-862.495 -594.5 
848.496 -598.498 
364.501 -600.506 
-965.49 -618.493 
-1048.51 -634.499 
-254.497 -641.497 
1578.5 -645.504 
847.502 -650.496 
979.497 -654.492 
167.505 -691.507 
-989.501 -709.502 
-1044.5 -722.497 
926.498 -736.505 
-1285.5 -742.499 
1289.5 -745.501 
-59.5037 -772.496 
-1548.49 -787.504 
-1022.51 -800.495 
1003.5 -814.497 
-1349.49 -815.502 
762.498 -818.498 
-38.4973 -830.5 
-742.496 -853.502 
315.497 -895.502 
575.495 -904.505 
-636.493 -911.502 
974.503 -913.493 
-1539.5 -919.497 
35.5057 -926.501 
1176.5 -950.499 
337.5 -952.505 
724.503 -959.494 
1001.5 -959.501 
1212.49 -964.502 
-604.498 -966.503 
-1244.5 -978.505 
-119.5 -978.498 
-372.491 -996.506 
-220.494 -999.502 
445.502 -1024.5 
-87.4988 -1038.5 
-1299.5 -1047.5 
-825.496 -1079.5 
-980.503 -1095.5 
1255.49 -1100.5 
279.498 -1113.5 
1094.51 -1134.5 
1396.5 -1138.5 
1286.5 -1161.5 
-1456.5 -1169.5 
-31.5093 -1173.5 
-325.499 -1178.5 
-243.502 -1191.49 
-662.497 -1193.5 
532.507 -1193.51 
-1304.5 -1209.5 
-598.495 -1211.5 
