298.496 1202.5 
-1572.51 1199.5 
-797.495 1193.5 
-579.498 1193.49 
650.498 1192.5 
567.496 1185.5 
-848.495 1176.5 
393.5 1173.5 
-1018.5 1166.5 
786.492 1162.5 
839.497 1157.51 
493.507 1156.5 
-978.507 1152.49 
532.499 1152.5 
38.5028 1151.5 
620.498 1139.51 
889.505 1138.49 
547.493 1136.5 
957.498 1125.5 
-192.494 1122.5 
547.498 1124.56 
-1322.5 1119.49 
595.504 1115.49 
1470.5 1107.51 
541.504 1096.49 
471.497 1093.5 
-185.505 1084.51 
-277.506 1078.5 
1219.5 1074.5 
834.5 1074.49 
517.5 1071.49 
974.326 1066.39 
-1000.5 1053.5 
1470.5 1053.5 
675.502 1047.5 
-3.5033 1046.5 
914.505 1046.5 
-772.503 1042.5 
-301.504 1032.5 
-40.5011 1031.5 
357.5 1031.5 
488.499 1030.51 
771.499 1029.5 
595.504 1024.5 
386.498 1022.5 
595.505 1002.5 
1106.5 997.501 
346.496 988.505 
1077.5 968.499 
-1018.5 966.5 
-249.504 963.498 
306.503 962.502 
787.492 962.991 
461.496 952.499 
410.501 949.496 
-983.5 937.5 
571.495 932.506 
697.503 932.504 
732.497 932.501 
138.5 931.502 
951.504 930.499 
1481.49 929.498 
-1261.51 920.505 
702.129 926.351 
49.4991 915.499 
-435.5 909.502 
-241.493 905.502 
785.501 898.492 
-361.491 897.499 
325.504 897.505 
86.4998 892.494 
-500.497 886.504 
-204.499 886.498 
-527.506 884.501 
-120.501 880.501 
677.506 870.498 
-214.502 868.502 
1012.5 864.509 
1425.51 863.503 
1579.51 860.5 
1223.5 859.504 
-794.507 850.497 
-1331.5 839.506 
-1041.5 817.498 
-663.501 817.499 
-698.503 814.504 
-421.496 798.496 
514.487 799.504 
224.503 793.496 
1249.5 789.499 
-99.5067 787.5 
-1281.5 775.495 
317.495 764.506 
820.501 762.503 
-728.499 761.493 
-143.489 754.493 
300.499 754.495 
321.699 756.475 
778.496 743.502 
-108.503 738.495 
1125.5 726.498 
1439.51 723.505 
642.505 711.503 
104.5 701.5 
-230.497 701.498 
297.497 693.5 
-820.5 688.507 
-518.499 685.497 
-1236.51 673.503 
101.505 671.508 
-647.502 657.496 
703.504 656.503 
118.499 650.5 
-1133.5 649.499 
991.496 648.495 
-1225.5 638.504 
-57.4994 636.501 
-1131.56 632.962 
-1202.5 629.495 
1261.5 625.501 
-1081.5 624.503 
-750.504 622.503 
11.5077 611.497 
1317.5 607.503 
-898.498 595.498 
331.496 595.497 
263.493 594.494 
126.506 582.496 
1505.5 582.497 
-115.506 580.51 
203.501 575.64 
610.496 574.504 
-134.499 570.497 
674.502 569.496 
-264.501 567.503 
203.153 574.498 
491.491 560.495 
-1378.5 546.5 
-1361.5 547.5 
-1076.5 540.499 
872.499 535.498 
572.506 532.504 
422.5 527.506 
1029.5 526.498 
-1102.5 512.505 
733.496 511.499 
945.497 505.492 
247.495 498.5 
-478.5 494.504 
1283.5 495.493 
-1517.5 494.495 
789.495 491.496 
818.496 491.495 
-251.501 490.5 
212.495 480.506 
-447.502 476.507 
1023.51 476.504 
630.493 473.506 
-211.498 472.5 
-767.506 467.501 
223.496 462.493 
-366.495 457.504 
-842.492 452.499 
1522.5 450.503 
1293.5 449.499 
134.5 448.505 
331.496 446.499 
682.498 446.506 
1397.5 442.501 
-818.503 433.496 
-139.494 428.504 
-1373.5 427.504 
-900.503 427.5 
-1076.5 421.501 
-39.4982 390.504 
-814.5 389.496 
974.505 385.494 
-924.517 373.502 
-916.945 373.506 
42.5006 362.501 
-601.5 350.492 
309.498 348.505 
-388.498 341.502 
718.498 338.496 
-74.4901 333.502 
-42.506 321.501 
536.499 316.499 
458.498 315.498 
-1082.49 303.499 
1562.51 300.501 
-753.507 286.502 
-477.491 283.502 
-305.497 281.505 
738.505 278.503 
553.496 270.497 
-1451.5 263.496 
-262.504 263.501 
221.499 253.499 
756.501 251.505 
1231.49 249.503 
890.5 246.497 
-474.504 241.501 
1008.5 233.5 
-338.497 232.497 
-1306.5 228.506 
-1453.49 223.498 
-962.688 218.654 
-105.502 220.502 
-969.92 216.306 
-422.495 209.5 
165.502 208.504 
773.502 207.503 
-145.501 203.504 
232.496 200.504 
-777.498 192.5 
-891.496 187.894 
-891.496 187.502 
883.499 177.497 
1307.5 176.495 
384.501 174.501 
-770.497 162.501 
46.4983 160.506 
-95.4926 145.501 
-1066.5 144.498 
-1461.49 143.497 
741.504 141.497 
-432.501 136.497 
-670.503 133.497 
-584.504 126.502 
-853.503 118.494 
956.508 109.496 
11.5009 107.501 
-678.495 104.499 
-536.505 104.502 
-588.502 95.5018 
-198.113 95.2283 
-279.499 94.4943 
-193.128 90.1292 
-917.487 81.5049 
-1248.5 75.5034 
-153.501 72.5032 
-612.817 70.0129 
-631.259 66.7334 
-607.422 67.8505 
654.51 62.505 
-1188.5 61.5039 
-631.121 66.3097 
52.4993 51.4989 
404.502 46.4996 
-1139.51 45.4976 
1048.51 44.4985 
-630.985 40.0111 
-984.498 34.5016 
430.513 27.4974 
1508.5 22.5007 
102.507 20.5031 
-999.502 13.5013 
-629.095 12.9701 
-146.506 7.49475 
-973.504 2.49744 
0.5 -0.499634 
-385.502 -3.4978 
-191.492 -3.49744 
-156.9 -7.6106 
1534.22 -18.5081 
1527.4 -21.0427 
416.502 -24.5016 
505.494 -24.5035 
-252.502 -25.4956 
845.501 -26.4996 
-469.497 -27.4915 
1510.5 -30.5011 
-1434.5 -39.4927 
1146.5 -42.5035 
-1491.51 -45.4978 
-1298.5 -48.499 
-166.499 -47.4952 
-581.505 -50.4996 
-1027.49 -67.5052 
1273.51 -76.5038 
-331.503 -77.5012 
-94.4996 -86.4922 
-1417.5 -87.4937 
321.505 -93.5022 
-942.5 -96.507 
-591.504 -97.4985 
-771.497 -104.499 
253.501 -119.502 
-62.5029 -121.499 
-567.501 -129.497 
744.503 -136.492 
-668.494 -145.501 
-15.506 -154.502 
1170.5 -160.5 
-624.497 -164.501 
241.499 -164.496 
-658.494 -166.5 
-567.504 -168.505 
66.4958 -168.497 
-706.497 -169.495 
314.501 -174.507 
-773.497 -178.5 
-32.4996 -181.502 
-810.877 -202.583 
-147.502 -201.498 
272.499 -202.506 
527.395 -205.6 
-678.5 -208.503 
-8.49683 -213.492 
-784.508 -214.501 
525.057 -208.736 
-1511.5 -216.502 
654.498 -238.506 
-565.499 -240.501 
-9.49634 -240.495 
-1173.5 -245.497 
-758.494 -248.499 
-349.493 -251.492 
155.5 -251.498 
86.4985 -269.499 
-1432.49 -273.496 
-1028.5 -281.509 
-1568.5 -295.504 
-549.495 -295.5 
-1124.5 -309.502 
-707.495 -311.507 
-774.5 -314.496 
-427.503 -314.494 
1043.5 -322.499 
783.5 -325.501 
236.498 -343.504 
-228.503 -345.494 
-1186.45 -348.846 
1136.5 -347.499 
1539.5 -349.497 
-1196.43 -351.654 
-847.499 -352.5 
1191.5 -354.502 
-925.491 -366.501 
-8.50574 -366.502 
-748.503 -376.504 
560.495 -381.503 
-692.501 -386.5 
799.5 -395.5 
813.133 -399.368 
-801.503 -400.509 
371.495 -402.496 
-655.501 -409.495 
909.503 -414.498 
186.502 -416.496 
-593.503 -426.501 
-277.506 -426.499 
-51.4994 -447.501 
50.5074 -460.51 
471.507 -468.509 
-129.493 -471.504 
-910.503 -484.496 
-278.506 -487.494 
1181.5 -488.499 
883.261 -496.142 
886.306 -496.505 
882.532 -496.501 
530.504 -507.498 
-1236.5 -517.5 
-702.5 -519.497 
-149.498 -519.5 
-1491.5 -525.501 
846.505 -527.501 
-775.503 -541.499 
-486.503 -541.503 
-35.5039 -569.49 
736.503 -578.497 
57.5015 -582.499 
-399.501 -587.11 
631.504 -584.494 
-1259.5 -591.501 
-399.501 -587.502 
481.505 -596.499 
-612.5 -598.504 
231.502 -619.5 
579.506 -625.495 
-1189.49 -632.494 
297.499 -638.497 
726.5 -647.499 
221.504 -647.498 
-1421.5 -650.501 
-823.497 -650.496 
1557.5 -656.504 
-1008.5 -662.496 
426.51 -679.495 
739.498 -680.499 
455.493 -683.491 
-628.501 -688.507 
-384.498 -693.496 
-503.494 -696.507 
-1252.5 -697.5 
707.501 -697.502 
1107.5 -697.502 
-312.497 -699.494 
-655.498 -699.497 
154.494 -711.498 
-133.499 -712.499 
-464.507 -713.501 
342.507 -719.491 
-651.497 -722.498 
-991.495 -732.501 
1414.5 -737.501 
-651.506 -733.548 
-1193.49 -762.499 
431.495 -772.496 
35.5089 -779.495 
-1481.49 -784.496 
981.499 -792.504 
41.4808 -791.122 
-301.51 -803.497 
-902.493 -808.496 
700.5 -822.497 
-1349.5 -829.496 
-143.495 -832.504 
-1198.51 -833.5 
568.495 -839.502 
763.499 -844.496 
-148.513 -841.568 
-68.504 -847.495 
-1614.5 -857.499 
-473.507 -858.5 
-1327.5 -859.498 
-357.497 -863.505 
206.497 -867.499 
139.499 -870.492 
1420.5 -883.5 
190.505 -884.501 
321.499 -885.501 
-1418.5 -896.495 
269.503 -896.499 
-204.5 -904.499 
-159.502 -914.497 
-1449.5 -917.499 
-497.506 -925.508 
64.4983 -931.501 
-198.496 -934.5 
-439.502 -938.502 
-123.502 -942.499 
-463.5 -946.495 
1251.5 -946.501 
-1179.5 -949.499 
-673.498 -956.503 
1583.5 -956.497 
-504.499 -957.495 
-100.502 -957.492 
-34.5039 -960.499 
-1598.5 -965.504 
-252.497 -965.498 
929.507 -977.497 
-1237.5 -997.501 
-1571.5 -1003.5 
416.506 -1004.5 
-1144.5 -1005.49 
-719.502 -1017.5 
-511.51 -1030.51 
-198.503 -1037.5 
-157.504 -1037.5 
-1191.5 -1038.51 
492.507 -1041.5 
391.501 -1043.5 
262.502 -1045.5 
-1067.5 -1047.5 
-755.492 -1048.5 
114.502 -1052.5 
-997.503 -1052.5 
1618.5 -1055.51 
556.496 -1057.5 
817.503 -1058.5 
-1523.5 -1065.5 
-1611.5 -1069.5 
-581.504 -1073.49 
-970.499 -1075.51 
420.497 -1078.5 
616.499 -1082.5 
1139.5 -1089.5 
-636.498 -1105.51 
-698.492 -1110.51 
-1442.11 -1114.82 
-1581.55 -1123 
171.497 -1122.5 
-1441.99 -1116.04 
-753.499 -1125.5 
-1580.12 -1123.38 
795.498 -1128.51 
-1459.5 -1129.5 
-1558.49 -1131.51 
-169.5 -1134.49 
-505.503 -1136.5 
1205.5 -1136.5 
-801.5 -1137.51 
-1611.2 -1141.07 
-1611.47 -1142.42 
-1580.5 -1155.5 
-1495.5 -1163.5 
-1174.5 -1161.5 
-766.498 -1167.5 
-1615.49 -1170.5 
898.495 -1172.5 
1196.51 -1186.49 
-684.503 -1194.51 
-701.495 -1198.5 
-165.508 -1205.5 
