849.492 1212.5 
-1067.5 1204.5 
-273.501 1199.5 
1077.5 1194.49 
1393.5 1194.5 
-497.497 1192.51 
848.494 1192.5 
457.495 1186.49 
756.501 1182.5 
1481.5 1178.5 
1560.51 1156.5 
437.502 1151.51 
1419.5 1140.51 
546.495 1117.5 
972.506 1112.5 
-875.499 1106.5 
-520.499 1098.5 
-393.495 1089.5 
325.506 1089.5 
719.498 1080.5 
1046.5 1078.5 
418.495 1077.51 
966.501 1053.51 
857.502 1048.5 
689.497 1047.5 
1067.49 1045.5 
827.498 1041.51 
687.584 1030.12 
-328.495 1019.5 
823.502 1012.5 
1003.5 992.496 
1257.5 992.504 
398.496 981.496 
727.507 981.502 
745.497 981.499 
-87.5051 969.5 
613.5 964.499 
888.5 960.498 
1479.5 954.509 
340.504 941.505 
-620.503 932.504 
344.219 935.669 
1439.5 930.499 
1496.5 930.497 
-1060.5 922.498 
328.588 921.702 
-783.495 921.501 
501.5 912.5 
334.01 916.988 
285.494 902.498 
-239.497 899.506 
1174.5 896.501 
-1235.51 891.501 
719.501 886.492 
971.495 882.501 
600.502 874.495 
602.582 868.774 
984.497 858.503 
915.503 857.501 
1130.5 856.495 
341.499 851.492 
745.495 841.496 
-1295.5 840.5 
699.503 830.493 
0.502808 821.501 
1331.5 817.5 
-199.502 813.5 
-13.4989 809.496 
1052.5 797.507 
-472.497 786.494 
1366.5 780.501 
-235.494 779.5 
-970.5 778.499 
789.496 765.502 
342.504 755.501 
-501.507 741.492 
1164.51 729.493 
717.5 723.5 
1125.5 724.497 
-226.502 718.502 
452.501 715.508 
1555.5 709.497 
309.499 703.495 
-273.493 701.503 
6.50305 696.492 
1032.5 680.501 
-1100.5 669.497 
835.507 659.5 
-540.507 657.501 
1038.5 653.493 
1233.5 651.503 
886.505 650.506 
-370.499 647.493 
697.5 647.492 
-110.508 640.503 
724.028 639.037 
-822.502 630.497 
709.436 627.827 
409.499 624.493 
1215.5 620.495 
709.89 626.7 
645.506 618.496 
408.498 606.506 
346.505 605.499 
1421.51 604.503 
614.505 602.501 
1441.5 590.504 
190.492 587.493 
1448.49 572.493 
447.494 561.498 
-504.505 558.492 
-802.503 545.499 
590.502 545.501 
1503.5 545.492 
-97.5026 544.502 
387.5 543.501 
1448.5 543.495 
-937.497 542.491 
-539.495 540.501 
614.498 531.502 
-962.492 529.499 
-289.503 518.89 
-207.5 521.492 
704.501 518.504 
-289.502 518.5 
193.501 500.5 
235.502 499.506 
-578.5 497.5 
-294.493 493.503 
-1470.5 487.504 
86.4978 487.502 
-129.496 486.503 
782.502 483.495 
1441.5 479.501 
-473.5 478.499 
-239.501 468.492 
126.502 468.495 
708.505 466.503 
919.499 465.496 
-1339.5 461.493 
26.5011 460.496 
1076.49 460.489 
466.5 438.5 
538.498 434.494 
-20.5006 432.498 
1182.49 432.501 
-125.499 430.501 
-1581.5 422.497 
171.497 419.497 
998.498 415.5 
1073.5 416.503 
356.494 414.497 
950.503 404.498 
902.499 402.506 
-104.502 397.506 
795.497 397.5 
-259.495 392.499 
383.507 374.501 
628.497 369.511 
426.504 364.497 
1398.5 364.504 
798.502 357.495 
688.505 356.5 
518.5 353.514 
1147.5 353.504 
-768.497 346.504 
536.502 346.501 
889.496 345.493 
1.50256 344.507 
-715.498 343.496 
1102.5 333.5 
802.502 323.502 
1163.5 324.506 
259.495 320.502 
529.515 318.504 
864.656 316.546 
55.4961 313.505 
270.712 312.147 
1145.5 310.505 
859.628 308.871 
-58.5016 304.498 
395.5 302.501 
861.106 308.768 
-302.489 298.496 
533.499 289.495 
-772.498 288.498 
-199.503 288.496 
-637.5 285.499 
902.501 285.505 
86.5034 282.503 
570.502 280.5 
1140.49 278.502 
-1320.5 270.502 
831.49 268.496 
1166.5 267.501 
1101.5 253.504 
825.367 258.94 
362.553 246.664 
1260.5 246.509 
367.041 242.392 
588.499 226.501 
-855.51 225.507 
357.797 224.918 
373.494 215.502 
1402.5 216.496 
88.8512 214.398 
99.7318 211.993 
71.4967 209.5 
-113.499 206.503 
-1235.5 204.497 
730.496 204.498 
1390.8 200.94 
450.497 188.502 
528.504 186.507 
-498.502 178.492 
734.502 177.494 
463.094 173.016 
1066.5 156.494 
327.507 151.496 
893.501 143.498 
826.503 141.499 
-560.499 139.495 
563.495 136.503 
78.4952 134.501 
-1323.5 127.487 
1065.5 122.498 
456.504 117.505 
81.5002 109.499 
-1224.51 105.495 
446.784 104.321 
1270.5 92.5021 
457.302 89.978 
-1155.49 85.5015 
590.498 85.5006 
-567.503 80.4968 
120.501 79.5052 
729.502 74.496 
-884.499 63.5 
0.505737 59.5035 
218.496 52.5011 
-226.499 50.4966 
1274.49 47.4968 
979.496 46.5054 
-1416.5 36.4994 
466.503 36.4971 
-495.495 34.5027 
-777.509 22.5065 
889.494 18.5107 
-1583.5 14.4993 
-939.491 13.5022 
-83.4989 2.50293 
0.506348 -0.48999 
1289.2 -3.47363 
526.494 -7.50098 
1297.04 -7.08313 
1035.5 -21.5024 
1482.5 -26.4979 
1514.51 -28.4904 
639.502 -35.4977 
-635.499 -47.4958 
356.499 -49.5016 
-489.503 -53.5011 
435.503 -56.4956 
398.503 -57.5052 
544.504 -68.4976 
843.511 -66.494 
-863.498 -67.4996 
27.4916 -69.5011 
621.5 -74.4988 
74.4933 -87.49 
512.507 -108.499 
-1363.5 -111.495 
-928.504 -117.502 
980.502 -120.498 
43.4974 -127.496 
-1207.5 -130.502 
451.497 -138.501 
-1090.5 -139.5 
133.505 -147.497 
-681.502 -154.499 
404.494 -160.497 
231.503 -161.501 
346.506 -165.497 
332.143 -179.314 
-658.496 -184.5 
-444.497 -187.504 
386.729 -189.177 
-253.496 -188.498 
332.448 -180.926 
115.502 -189.504 
391.108 -188.921 
-539.506 -198.503 
-1077.5 -201.501 
548.497 -201.49 
720.492 -203.499 
-157.497 -205.504 
-299.498 -206.5 
750.494 -207.501 
-923.5 -210.5 
-446.503 -211.5 
338.505 -212.505 
957.504 -222.498 
1611.51 -223.503 
678.494 -228.066 
-908.508 -231.502 
-717.502 -240.499 
-256.499 -243.501 
-384.5 -245.499 
123.503 -248.5 
677.499 -249.507 
-274.505 -252.502 
471.497 -257.502 
834.504 -260.502 
730.497 -263.496 
136.435 -265.014 
331.501 -265.502 
689.505 -268.496 
120.509 -272.498 
78.5022 -275.505 
-819.495 -276.499 
-656.503 -276.504 
285.501 -276.5 
-292.5 -277.499 
-575.499 -278.499 
486.5 -279.497 
382.075 -281.998 
378.648 -282.327 
-1559.49 -288.504 
-119.5 -288.5 
-854.504 -299.501 
-1304.5 -308.502 
-467.501 -312.507 
1026.49 -318.498 
-322.511 -322.506 
1102.5 -322.502 
-914.503 -338.496 
475.502 -338.502 
-569.499 -339.499 
325.498 -339.501 
-717.499 -340.496 
-632.506 -349.495 
-441.503 -352.508 
-437.541 -360.101 
411.494 -370.501 
-871.497 -371.498 
789.5 -374.502 
620.506 -375.5 
-131.496 -377.495 
1380.51 -383.498 
222.506 -386.493 
-57.5013 -392.497 
-809.501 -400.504 
-423.497 -401.497 
897.501 -400.5 
457.496 -410.496 
1581.5 -416.494 
613.498 -422.503 
605.191 -431.053 
-616.509 -439.499 
-1584.5 -441.501 
-300.503 -448.496 
-366.499 -449.499 
-365.137 -454.498 
-709.504 -465.499 
-146.5 -467.499 
-269.502 -468.499 
-323.493 -480.498 
196.502 -482.498 
1159.49 -490.506 
193.409 -491.546 
-193.496 -500.499 
209.506 -501.503 
-142.495 -506.503 
1037.5 -511.491 
255.496 -516.497 
1177.51 -533.491 
-202.837 -537.098 
273.503 -539.498 
-199.224 -539.015 
562.504 -546.502 
114.502 -559.503 
-620.501 -562.504 
-257.497 -562.499 
-948.502 -564.501 
-464.499 -565.497 
1257.5 -568.498 
1195.5 -580.5 
-842.503 -586.504 
-1185.49 -588.506 
-1422.5 -595.507 
-1242.5 -599.504 
-965.499 -605.503 
-1385.5 -611.505 
209.507 -625.499 
422.499 -630.505 
1452.5 -629.495 
251.496 -631.503 
-61.4965 -644.497 
422.501 -658.491 
1028.5 -661.498 
-116.499 -665.505 
333.498 -666.501 
1065.5 -687.495 
-365.495 -690.505 
-29.5023 -697.494 
131.504 -699.499 
206.497 -699.497 
-593.493 -700.499 
-1441.5 -703.495 
884.5 -712.503 
1177.5 -715.492 
64.4966 -720.493 
100.507 -726.5 
-1202.5 -732.493 
-684.506 -735.493 
330.502 -735.494 
-591.502 -736.493 
114.5 -742.501 
378.987 -743.501 
180.499 -744.495 
113.767 -752.971 
158.507 -764.493 
425.501 -764.501 
43.5021 -776.499 
-716.497 -777.5 
108.501 -777.498 
487.496 -780.503 
-415.497 -786.506 
-1492.5 -788.499 
-454.505 -797.502 
86.4934 -798.499 
380.496 -818.494 
-1464.5 -821.497 
-65.5067 -825.499 
940.504 -831.501 
235.494 -833.498 
507.645 -835.648 
58.5018 -835.497 
-37.4943 -836.504 
726.5 -844.499 
-675.501 -848.503 
160.496 -848.5 
455.498 -849.497 
324.509 -855.5 
-78.4902 -866.498 
160.505 -869.501 
950.498 -879.5 
1137.5 -879.5 
-117.498 -888.498 
-880.5 -889.5 
-804.503 -907.503 
-676.505 -907.49 
-16.4991 -908.501 
-983.497 -908.497 
-954.508 -909.498 
-285.494 -908.509 
32.4989 -908.5 
635.505 -908.494 
-376.505 -917.501 
343.499 -920.507 
-1284.5 -925.511 
-641.5 -929.501 
612.497 -933.497 
139.494 -935.496 
-555.501 -941.497 
-1575.5 -943.503 
-341.494 -943.498 
259.502 -944.505 
293.501 -946.501 
-654.494 -947.497 
-101.497 -954.494 
265.357 -951.282 
499.505 -962.508 
-1189.5 -970.496 
-1149.5 -971.495 
345.498 -983.495 
983.503 -996.495 
243.501 -1004.5 
-889.498 -1008.5 
-1238.5 -1027.5 
563.501 -1031.5 
-545.505 -1041.5 
761.5 -1049.5 
-208.497 -1055.5 
945.504 -1057.5 
84.4982 -1067.5 
1086.51 -1069.5 
-598.507 -1073.5 
-114.498 -1092.5 
-562.505 -1093.5 
-132.503 -1101.5 
1438.51 -1101.49 
-1368.5 -1103.5 
-109.913 -1102.02 
797.497 -1121.5 
389.497 -1124.5 
-1024.5 -1127.5 
-701.506 -1127.5 
349.506 -1142.5 
-340.501 -1148.5 
-1179.5 -1151.5 
-137.499 -1167.49 
215.508 -1168.49 
688.495 -1180.51 
-347.51 -1181.5 
-1311.5 -1185.5 
986.5 -1201.5 
-330.501 -1206.5 
-1495.5 -1208.5 
-522.499 -1211.5 
