745.9 1229.65 
746.401 1229.66 
747.395 1229.65 
748.409 1229.64 
749.388 1229.64 
1161.9 1229.14 
1357.9 1229.14 
1358.41 1229.14 
1359.56 1229.48 
1360.24 1229.48 
1361.41 1229.14 
744.9 1228.14 
745.568 1228.46 
746.387 1228.63 
747.411 1228.64 
748.399 1228.64 
749.399 1228.64 
750.228 1228.47 
1159.9 1228.14 
1160.41 1228.14 
1161.56 1228.47 
1162.24 1228.47 
1163.4 1228.14 
1357.9 1228.64 
1358.41 1228.64 
1359.39 1228.64 
1360.41 1228.65 
1361.41 1228.65 
746.232 1227.69 
747.402 1227.63 
749.05 1227.67 
1160.18 1227 
1161.44 1227.3 
1162.99 1227.23 
1357.7 1227.52 
1358.75 1227.59 
1360.4 1227.65 
1361.58 1227.61 
747.724 1227.08 
1160.84 1225.96 
1162.02 1226.03 
1358.83 1226.49 
1360.04 1226.54 
-1428.1 1218.14 
1226.9 1217.14 
-1428.67 1217.13 
-1427.99 1217.14 
1226.33 1216.14 
1227.01 1216.14 
-1018.11 1212.15 
-1440.1 1209.14 
-1018.68 1211.15 
-1017.99 1211.15 
1258.9 1207.15 
-1440.67 1208.14 
-1440 1208.14 
1258.34 1206.16 
1259.02 1206.15 
-1064.1 1200.14 
1097.91 1200.14 
1157.9 1198.15 
-1064.67 1199.15 
-1063.98 1199.15 
1097.34 1199.12 
1098.01 1199.13 
1157.33 1197.14 
1158.01 1197.14 
129.897 1191.14 
129.331 1190.13 
130.002 1190.13 
1388.89 1159.14 
-702.092 1157.14 
1388.33 1158.14 
1389 1158.14 
-250.1 1154.13 
-702.665 1156.13 
-701.988 1156.13 
478.902 1152.14 
747.899 1151.14 
-250.678 1153.13 
-249.995 1153.13 
478.338 1151.13 
479.006 1151.14 
747.328 1150.14 
748.005 1150.14 
-170.11 1146.14 
-170.669 1145.14 
-169.993 1145.14 
-1204.44 1131.18 
-1202.14 1130.1 
-1206.63 1129 
-1356.09 1126.14 
-1204.54 1127.69 
-1202.07 1127.73 
-1356.66 1125.14 
-1355.99 1125.14 
-1204.47 1125.61 
1041.91 1120.14 
-675.105 1117.14 
1041.33 1119.14 
1042.01 1119.14 
-1357.11 1115.15 
-675.671 1116.14 
-674.995 1116.14 
-1357.67 1114.15 
-1356.99 1114.15 
-128.105 1093.14 
-1010.1 1090.14 
-128.664 1092.14 
-127.994 1092.14 
-1010.67 1089.14 
-1009.99 1089.14 
-797.092 1085.14 
-797.666 1084.14 
-796.98 1084.14 
-927.092 1078.13 
-929.106 1076.14 
-927.185 1076.22 
-925.666 1076.28 
-1392.1 1072.15 
-927.249 1074.71 
-1392.66 1071.13 
-1392 1071.14 
-1058.1 1067.14 
1268.9 1067.14 
-1058.67 1066.14 
-1057.99 1066.14 
1268.33 1066.14 
1269.01 1066.14 
720.894 1060.14 
720.335 1059.14 
721.005 1059.14 
1369.89 1045.14 
-453.103 1044.14 
1369.33 1044.15 
1370 1044.15 
-453.67 1043.14 
-452.99 1043.14 
-380.092 1037.14 
-380.659 1036.14 
-379.984 1036.14 
1297.91 1029.14 
1131.91 1028.14 
-1328.1 1026.14 
1297.34 1028.15 
1298.02 1028.14 
1131.34 1027.14 
1132.02 1027.14 
-1328.68 1025.15 
-1327.99 1025.15 
-1119.1 1018.14 
-1119.67 1017.14 
-1119 1017.15 
-690.085 1013.15 
-690.661 1012.16 
-689.991 1012.16 
-1138.11 1005.14 
-521.102 1004.14 
-1138.67 1004.14 
-1137.99 1004.14 
-521.668 1003.14 
-520.997 1003.14 
122.888 988.149 
122.333 987.144 
122.998 987.143 
-1077.1 975.14 
-1077.66 974.143 
-1076.99 974.142 
-764.096 969.141 
-764.663 968.151 
-763.992 968.147 
123.901 963.141 
123.332 962.142 
124.002 962.142 
847.902 956.144 
847.338 955.139 
848.003 955.143 
-564.123 936.143 
-313.106 934.143 
-564.675 935.146 
-564.002 935.147 
-313.667 933.145 
-312.997 933.143 
-1401.1 926.136 
-1401.67 925.131 
-1401 925.136 
-391.085 917.134 
-391.662 916.141 
-390.986 916.144 
-444.101 912.142 
-982.095 911.143 
-444.664 911.138 
-443.992 911.138 
-982.664 910.145 
-981.99 910.144 
-1140.09 902.143 
-1140.66 901.134 
-1139.99 901.142 
1377.91 889.142 
1377.34 888.132 
1378.01 888.136 
-150.107 875.137 
-150.665 874.13 
-149.995 874.133 
273.906 866.145 
273.334 865.141 
274.004 865.142 
-1543.09 861.146 
-280.098 861.139 
-1543.66 860.146 
-1542.99 860.143 
-282.101 859.138 
-280.187 859.228 
-278.668 859.289 
-280.247 857.712 
-1341.09 828.142 
-1341.66 827.158 
-1340.99 827.154 
-912.113 823.138 
-912.668 822.14 
-911.995 822.135 
-23.1026 808.141 
-23.6679 807.136 
-22.9896 807.138 
-352.103 794.139 
-859.102 792.141 
-352.667 793.143 
-351.997 793.141 
-859.668 791.143 
-858.984 791.143 
729.885 788.13 
729.329 787.133 
730.007 787.133 
-1599.1 777.144 
-1427.1 774.145 
-1218.1 774.148 
-1599.67 776.143 
-1598.99 776.144 
-1427.66 773.145 
-1426.99 773.143 
-1218.67 773.14 
-1217.99 773.139 
408.915 766.138 
408.337 765.139 
409.016 765.141 
-1431.1 752.14 
347.904 750.135 
-1431.67 751.148 
-1430.99 751.148 
1520.9 747.144 
347.331 749.129 
348.006 749.133 
374.891 744.143 
1520.34 746.14 
1521 746.138 
374.338 743.132 
375.003 743.134 
902.903 740.149 
902.331 739.152 
903.004 739.152 
-932.092 734.141 
-932.665 733.143 
-931.985 733.152 
711.896 713.136 
-517.084 711.143 
711.33 712.144 
712.008 712.14 
-517.658 710.142 
-516.988 710.141 
-882.091 705.147 
-882.662 704.147 
-881.993 704.149 
851.907 685.144 
-209.093 683.135 
263.892 682.139 
851.331 684.144 
852.007 684.141 
-209.669 682.139 
-208.986 682.138 
263.331 681.139 
264.001 681.135 
6.88889 640.137 
6.32993 639.138 
7.00461 639.138 
-191.091 627.129 
-448.108 623.146 
-191.673 626.135 
-190.986 626.137 
-448.664 622.15 
-447.995 622.144 
1549.9 616.131 
-449.057 613.459 
1549.33 615.118 
1550 615.119 
-449.664 612.139 
-449.001 612.139 
787.912 596.141 
787.339 595.135 
788.015 595.135 
1473.88 585.152 
1473.34 584.15 
1474 584.151 
-943.106 577.136 
1619.9 574.13 
-943.664 576.139 
-942.993 576.139 
1619.33 573.14 
1620.01 573.142 
-24.1039 555.142 
1151.91 554.136 
963.897 552.142 
-24.668 554.146 
-23.9929 554.145 
1151.34 553.137 
1152.01 553.142 
-818.101 549.134 
963.326 551.138 
964.003 551.135 
-818.675 548.14 
-817.998 548.143 
-1020.11 534.15 
-1020.66 533.149 
-1020 533.149 
-1586.1 526.14 
-1588.1 524.134 
-1586.18 524.224 
-1584.67 524.286 
1314.9 522.133 
-1586.24 522.712 
1314.33 521.137 
1315.01 521.142 
271.894 496.145 
1553.9 494.146 
-1100.1 493.136 
-817.099 493.14 
271.326 495.135 
272 495.141 
1553.33 493.149 
1554.01 493.147 
-1102.1 491.142 
-1100.18 491.219 
-1098.67 491.272 
-817.666 492.139 
-816.997 492.14 
-1262.1 487.143 
-1100.24 489.71 
103.888 484.135 
-1262.66 486.135 
-1261.99 486.138 
103.329 483.15 
104.002 483.148 
134.911 470.146 
134.339 469.145 
135.016 469.145 
-254.103 465.138 
-254.663 464.139 
-253.991 464.141 
-7.10537 455.133 
-49.0906 452.143 
-7.67446 454.148 
-6.99331 454.147 
-578.108 448.136 
-49.6627 451.136 
-48.9922 451.139 
-578.673 447.126 
-577.995 447.128 
-118.1 443.141 
-118.663 442.141 
-117.992 442.141 
1378.91 435.135 
186.905 431.141 
1378.33 434.128 
1379.01 434.128 
186.333 430.141 
187.012 430.141 
452.891 424.143 
452.326 423.146 
452.999 423.144 
-1356.11 417.128 
524.891 414.141 
-1356.67 416.132 
-1355.99 416.135 
524.326 413.146 
525.006 413.144 
-665.102 408.138 
-665.665 407.145 
-664.995 407.142 
-1631.1 400.141 
-1196.1 397.145 
-1633.1 398.125 
-1631.19 398.217 
-1629.67 398.281 
1503.9 394.138 
-1196.66 396.15 
-1195.99 396.15 
-1631.25 396.71 
1501.9 392.134 
1503.82 392.223 
1505.33 392.284 
-1554.09 387.143 
1503.76 390.71 
-1554.66 386.152 
-1553.99 386.147 
-480.103 383.147 
-1340.11 382.142 
-482.099 381.143 
-480.183 381.23 
-478.678 381.289 
-1340.67 381.14 
-1340 381.141 
-480.237 379.71 
-1470.1 372.143 
1038.89 370.144 
-1470.66 371.149 
-1470 371.145 
1038.33 369.142 
1039 369.142 
401.907 363.135 
-622.099 361.141 
401.335 362.127 
402.007 362.132 
-622.669 360.14 
-621.994 360.143 
104.915 351.138 
-934.089 348.144 
104.338 350.135 
105.013 350.137 
-934.657 347.139 
-933.987 347.141 
95.8924 330.139 
95.3323 329.138 
95.9964 329.138 
747.908 323.137 
747.325 322.136 
748.006 322.144 
-1388.11 310.142 
1247.9 310.148 
1122.92 308.138 
-1388.67 309.142 
-1388 309.141 
-898.111 306.135 
1247.33 309.142 
1248.01 309.144 
-1358.1 304.135 
1122.34 307.137 
1123.02 307.14 
-898.667 305.147 
-897.99 305.144 
-1358.67 303.134 
-1357.99 303.133 
-744.09 297.141 
-1339.1 293.141 
-744.66 296.131 
-743.992 296.132 
-1339.66 292.137 
-1339 292.133 
22.9121 289.139 
1300.9 288.142 
-167.093 287.146 
1259.9 286.146 
22.3402 288.138 
23.0118 288.136 
1300.33 287.135 
1301.01 287.138 
-167.666 286.149 
-166.991 286.146 
1259.34 285.146 
1260 285.15 
-1253.11 277.139 
-1253.67 276.15 
-1253 276.146 
-946.11 251.146 
-946.668 250.138 
-946.006 250.139 
-1317.1 246.137 
-622.107 246.142 
-1317.67 245.139 
-1316.99 245.14 
-622.675 245.136 
-622 245.14 
677.911 235.141 
1452.91 232.141 
677.338 234.135 
678.018 234.133 
1452.34 231.137 
1453.02 231.137 
-1220.09 226.145 
-833.095 224.136 
-1220.67 225.133 
-1219.99 225.14 
-833.666 223.143 
-832.989 223.14 
332.906 217.134 
488.906 215.141 
332.33 216.136 
333.013 216.137 
-1499.11 212.145 
488.341 214.132 
489.007 214.138 
-1499.67 211.142 
-1499 211.139 
45.8879 204.137 
-501.097 202.138 
45.324 203.135 
45.9988 203.137 
-1622.1 198.139 
-502.357 200.358 
-501.059 200.995 
-1474.1 196.145 
-85.1067 195.142 
-1624.1 196.147 
-1622.18 196.229 
-1620.67 196.285 
-505.693 195.277 
-504.091 196.343 
1297.91 193.141 
-1474.67 195.143 
-1474 195.146 
-85.6647 194.141 
-84.9953 194.143 
-1622.24 194.718 
-505.092 194.579 
1297.34 192.144 
1298.01 192.142 
-1393.11 184.144 
-1393.66 183.144 
-1393 183.136 
-797.092 178.135 
-797.663 177.132 
-796.987 177.134 
-291.109 165.143 
-291.668 164.13 
-291.001 164.133 
-235.101 152.14 
-235.663 151.136 
-234.996 151.134 
1128.9 145.148 
-1419.1 143.143 
1128.34 144.152 
1129.02 144.152 
-1419.66 142.139 
-1419 142.14 
-901.084 124.14 
-848.109 124.14 
-901.655 123.14 
-900.982 123.14 
-848.67 123.144 
-847.996 123.143 
1172.9 119.138 
1367.9 116.138 
1172.34 118.142 
1173.01 118.139 
-97.1146 113.143 
1367.33 115.141 
1368.01 115.141 
-97.6624 112.14 
-96.9967 112.136 
139.892 108.14 
1158.9 108.143 
139.332 107.138 
140.003 107.137 
1158.33 107.156 
1159.01 107.153 
-1520.1 103.144 
1495.9 101.14 
-1520.66 102.148 
-1519.99 102.147 
1495.33 100.138 
1496.01 100.139 
-168.11 88.1427 
-168.671 87.1354 
-167.998 87.1348 
4.56382 83.1803 
6.8635 82.1018 
2.3646 80.9989 
4.45273 79.6983 
6.92502 79.7379 
-943.097 74.1422 
-1147.09 73.1438 
4.52366 77.61 
846.894 72.14 
-945.099 72.1389 
-943.181 72.2289 
-941.671 72.2895 
-1147.66 72.1412 
-1146.98 72.1404 
846.336 71.135 
846.997 71.1348 
-943.238 70.7106 
-405.092 30.1418 
-1257.11 29.14 
-405.66 29.1446 
-404.99 29.1443 
-1257.67 28.1437 
-1257 28.1454 
-1391.1 24.1451 
-1637.1 23.7809 
425.907 21.1376 
-1639.3 22.524 
-1637.69 22.2788 
-1637 22.136 
-1393.1 22.1476 
-1391.18 22.2281 
-1389.67 22.2825 
425.337 20.1449 
426.015 20.141 
-1391.24 20.7119 
-556.093 5.13524 
-556.667 4.12657 
-555.992 4.13243 
883.91 0.145737 
883.338 -0.85231 
884.011 -0.852676 
1009.89 -4.86195 
1394.9 -5.86281 
1009.33 -5.8528 
1010 -5.85939 
1392.9 -7.85805 
1394.81 -7.77492 
1396.32 -7.71889 
-1053.1 -13.8573 
1394.76 -9.29079 
-337.099 -14.8515 
-895.095 -16.8546 
-1053.67 -14.8579 
-1052.99 -14.8613 
-337.658 -15.8516 
-336.992 -15.8516 
-895.669 -17.8488 
-894.998 -17.8485 
-433.105 -21.86 
-1548.11 -25.8533 
-433.664 -22.8613 
-433.003 -22.86 
-1548.67 -26.8544 
-1548 -26.8574 
878.903 -29.8633 
273.908 -31.8645 
878.34 -30.8583 
879.007 -30.8613 
273.334 -32.8723 
274.009 -32.8639 
1039.9 -40.8538 
1039.34 -41.856 
1040.01 -41.8582 
-385.092 -48.8678 
-385.661 -49.8709 
-384.999 -49.8683 
351.906 -56.8622 
351.337 -57.8604 
352.016 -57.8617 
-64.0924 -74.8635 
-64.6647 -75.8655 
-63.9837 -75.8668 
838.901 -82.8582 
838.334 -83.8582 
839.01 -83.86 
-74.0949 -88.8572 
-74.6616 -89.8507 
-73.992 -89.8522 
-1575.09 -113.859 
-697.097 -113.864 
-1575.66 -114.867 
-1574.99 -114.866 
-697.669 -114.857 
-696.986 -114.855 
-547.095 -138.863 
-547.669 -139.861 
-546.99 -139.86 
-1137.1 -152.858 
1631.9 -153.86 
-1137.67 -153.857 
-1137 -153.857 
1629.9 -155.865 
1631.82 -155.777 
1631.76 -157.292 
669.911 -167.856 
669.335 -168.864 
670.011 -168.86 
-1416.09 -185.858 
-1418.1 -187.853 
-1416.18 -187.771 
-1414.67 -187.716 
-1416.24 -189.286 
206.893 -197.863 
206.33 -198.863 
207.008 -198.86 
-417.108 -202.871 
-417.664 -203.867 
-416.993 -203.868 
1034.93 -218.863 
1034.34 -219.867 
1035.02 -219.865 
-1490.1 -232.856 
-993.098 -233.859 
-1490.67 -233.845 
-1490 -233.849 
-993.665 -234.866 
-992.993 -234.866 
1235.9 -254.861 
1235.33 -255.865 
1236 -255.863 
-1328.11 -266.86 
-1330.1 -268.847 
-1328.19 -268.77 
-1326.67 -268.719 
-1328.24 -270.287 
-546.107 -278.861 
1201.9 -279.862 
-546.672 -279.851 
-545.995 -279.853 
1201.33 -280.861 
1202.01 -280.857 
-1259.09 -301.867 
62.8983 -304.854 
-1259.67 -302.867 
-1258.99 -302.863 
-122.106 -306.859 
-527.112 -307.859 
62.3318 -305.859 
63 -305.857 
986.901 -309.857 
-122.668 -307.849 
-121.992 -307.851 
-527.667 -308.854 
-526.992 -308.856 
986.33 -310.866 
987.006 -310.862 
1020.9 -315.852 
1020.34 -316.849 
1021 -316.854 
-290.113 -321.859 
999.897 -321.854 
-290.674 -322.86 
-290.001 -322.86 
999.331 -322.86 
999.998 -322.865 
-1020.09 -327.867 
-1020.67 -328.861 
-1020 -328.863 
1264.9 -334.859 
-1354.1 -337.862 
1264.33 -335.859 
1265.01 -335.864 
-876.098 -339.862 
-1354.67 -338.865 
-1353.99 -338.862 
-878.102 -341.859 
-876.181 -341.771 
-874.665 -341.712 
-876.237 -343.288 
451.895 -353.861 
451.334 -354.854 
452.009 -354.851 
-423.097 -361.851 
-217.098 -362.856 
490.914 -363.858 
-423.666 -362.854 
-422.996 -362.854 
-217.663 -363.846 
-216.991 -363.85 
490.337 -364.864 
491.016 -364.861 
1163.89 -368.858 
1163.33 -369.864 
1164.01 -369.862 
-914.115 -376.854 
-675.094 -377.861 
-914.67 -377.849 
-914.004 -377.851 
-675.659 -378.854 
-674.989 -378.854 
-1350.09 -388.859 
-1350.66 -389.859 
-1349.99 -389.861 
-1178.09 -392.857 
-533.103 -395.858 
-1178.66 -393.853 
-1177.98 -393.851 
-533.674 -396.844 
-532.99 -396.848 
-874.086 -415.858 
-874.662 -416.861 
-873.987 -416.856 
-1342.1 -425.853 
274.898 -428.859 
-1342.66 -426.854 
-1342 -426.854 
274.333 -429.855 
275.011 -429.861 
-1242.1 -434.853 
-1242.67 -435.85 
-1241.99 -435.852 
-585.103 -439.855 
-585.661 -440.862 
-584.994 -440.858 
527.896 -451.855 
-362.091 -454.858 
527.326 -452.854 
528.001 -452.853 
-362.656 -455.856 
-361.988 -455.859 
-131.093 -460.852 
-131.663 -461.853 
-130.983 -461.853 
877.894 -496.865 
875.901 -498.865 
877.812 -498.776 
879.329 -498.715 
-717.096 -503.855 
877.757 -500.29 
-717.663 -504.865 
-716.999 -504.863 
-193.106 -514.866 
866.911 -514.861 
-193.66 -515.866 
-192.992 -515.867 
866.333 -515.861 
867.017 -515.859 
201.889 -519.857 
201.329 -520.862 
201.999 -520.858 
-42.0966 -533.857 
-44.1012 -535.866 
-42.1848 -535.776 
-40.6659 -535.716 
-42.2448 -537.291 
-923.095 -547.857 
-1445.09 -548.858 
-577.102 -549.862 
-925.094 -549.864 
-923.182 -549.778 
-921.674 -549.72 
-1445.66 -549.849 
-1444.98 -549.852 
-1502.1 -553.853 
-579.103 -551.864 
-577.189 -551.777 
-575.671 -551.717 
-923.241 -551.293 
-1502.66 -554.862 
-1501.99 -554.862 
-577.248 -553.29 
-11.0952 -558.857 
1502.89 -560.858 
-11.6609 -559.852 
-10.9906 -559.854 
1502.33 -561.865 
1503.01 -561.863 
-1036.09 -569.857 
1329.57 -572.817 
-1036.66 -570.866 
-1035.99 -570.862 
1331.86 -573.895 
-100.106 -576.866 
1327.37 -574.997 
1329.46 -576.305 
1331.92 -576.264 
-100.674 -577.862 
-99.9962 -577.863 
1329.52 -578.391 
-627.111 -601.857 
-1574.1 -603.86 
1139.89 -604.857 
-629.102 -603.847 
-627.189 -603.767 
-625.669 -603.714 
-1574.67 -604.862 
-1573.99 -604.859 
1139.33 -605.845 
1140.01 -605.853 
-627.242 -605.284 
-129.096 -617.854 
-150.109 -618.86 
723.902 -618.862 
965.907 -619.85 
-129.663 -618.85 
-128.99 -618.85 
-150.671 -619.851 
-149.993 -619.853 
176.897 -622.853 
723.332 -619.861 
724.013 -619.866 
965.341 -620.842 
966.015 -620.847 
176.336 -623.845 
177.006 -623.849 
-529.082 -641.85 
-529.658 -642.861 
-528.985 -642.859 
-460.089 -662.864 
-484.09 -665.86 
-460.658 -663.866 
-459.982 -663.866 
-484.662 -666.858 
-483.988 -666.857 
669.892 -683.857 
669.332 -684.85 
670.005 -684.85 
682.895 -688.863 
-986.114 -692.862 
680.899 -690.856 
682.815 -690.774 
684.325 -690.719 
-986.665 -693.865 
-985.993 -693.869 
682.76 -692.288 
714.887 -702.864 
714.324 -703.864 
715.001 -703.865 
118.564 -709.825 
120.862 -710.899 
116.365 -712.005 
1249.89 -714.862 
118.457 -713.301 
120.927 -713.255 
1249.33 -715.861 
1250 -715.863 
118.525 -715.389 
-168.077 -736.85 
-168.666 -737.854 
-167.981 -737.853 
1274.9 -754.865 
1274.34 -755.865 
1275.01 -755.865 
-907.092 -768.861 
-907.668 -769.873 
-906.992 -769.87 
419.889 -774.859 
419.33 -775.859 
419.999 -775.86 
-866.101 -805.856 
-866.664 -806.86 
-865.99 -806.859 
-567.1 -825.857 
-567.664 -826.862 
-566.996 -826.86 
19.8971 -837.86 
33.9005 -838.859 
17.9033 -839.865 
19.8094 -839.779 
21.3313 -839.72 
33.3332 -839.858 
34.0033 -839.859 
19.7501 -841.291 
-1043.11 -851.867 
-1043.67 -852.873 
-1042.99 -852.875 
737.898 -856.863 
-1427.09 -857.859 
737.33 -857.864 
738.008 -857.867 
-1427.66 -858.862 
-1426.98 -858.861 
-566.088 -866.854 
-566.661 -867.853 
-565.988 -867.851 
-1040.09 -875.858 
-1040.66 -876.846 
-1039.99 -876.849 
1588.9 -893.863 
1588.34 -894.859 
1589.02 -894.859 
-864.093 -899.851 
-1465.09 -901.86 
693.911 -902.867 
-864.663 -900.851 
-863.996 -900.851 
-1465.66 -902.858 
-1464.99 -902.862 
693.338 -903.872 
694.013 -903.869 
318.907 -917.862 
318.341 -918.853 
319.009 -918.853 
-1244.1 -929.861 
-1244.67 -930.86 
-1243.99 -930.859 
751.892 -941.861 
751.336 -942.858 
751.997 -942.859 
-250.104 -947.861 
-250.66 -948.862 
-249.991 -948.861 
-282.102 -957.86 
-1349.09 -958.858 
-282.665 -958.858 
-281.991 -958.86 
-1349.67 -959.87 
-1348.99 -959.865 
-54.0977 -970.857 
-54.6669 -971.856 
-53.9948 -971.857 
1611.91 -995.862 
1611.34 -996.858 
1612.01 -996.854 
912.906 -1015.86 
-1483.1 -1017.86 
912.333 -1016.86 
913.008 -1016.86 
-1483.66 -1018.85 
-1482.99 -1018.85 
-196.098 -1031.86 
882.901 -1034.86 
-196.666 -1032.86 
-195.998 -1032.86 
-530.102 -1038.86 
882.338 -1035.86 
883.014 -1035.87 
1506.9 -1041.86 
-532.104 -1040.86 
-530.186 -1040.78 
-528.674 -1040.72 
1506.33 -1042.85 
1507.01 -1042.85 
-530.243 -1042.29 
784.897 -1047.85 
784.325 -1048.85 
785.006 -1048.85 
1410.9 -1058.85 
1410.34 -1059.85 
1411.01 -1059.85 
51.8952 -1076.87 
-1633.09 -1079.86 
51.3318 -1077.86 
52.0067 -1077.86 
-1633.66 -1080.87 
-1632.99 -1080.86 
-1145.1 -1096.86 
-482.1 -1097.86 
553.89 -1099.86 
-1145.66 -1097.86 
-1144.99 -1097.86 
-482.662 -1098.85 
-481.993 -1098.85 
553.332 -1100.85 
553.999 -1100.85 
505.887 -1126.86 
-1271.09 -1129.86 
505.333 -1127.86 
505.999 -1127.87 
-1271.66 -1130.86 
-1270.99 -1130.86 
-1400.11 -1136.87 
-1400.67 -1137.86 
-1400 -1137.87 
1220.91 -1142.86 
1067.9 -1143.87 
1220.33 -1143.86 
1221.02 -1143.86 
1067.33 -1144.87 
1068.01 -1144.87 
142.896 -1148.86 
1288.89 -1150.86 
142.334 -1149.85 
142.999 -1149.85 
1286.9 -1152.85 
1288.81 -1152.77 
1290.33 -1152.72 
-772.103 -1156.85 
-416.104 -1156.86 
969.921 -1156.86 
1288.76 -1154.29 
-772.668 -1157.85 
-771.991 -1157.85 
-416.658 -1157.86 
-415.996 -1157.87 
969.341 -1157.86 
970.018 -1157.86 
1147.89 -1163.86 
1147.33 -1164.86 
1148.01 -1164.86 
1580.89 -1168.86 
444.901 -1169.86 
1578.9 -1170.86 
1580.82 -1170.77 
1582.33 -1170.72 
442.899 -1171.86 
444.817 -1171.77 
446.33 -1171.71 
-623.114 -1174.86 
1580.76 -1172.29 
444.759 -1173.28 
-623.669 -1175.86 
-623 -1175.86 
-1588.1 -1191.86 
-1588.67 -1192.86 
-1588 -1192.86 
1248.9 -1216.86 
1248.33 -1217.86 
1249 -1217.86 
-1560.1 -1224.86 
-1560.67 -1225.85 
-1559.99 -1225.85 
