-1341.5 1210.5 
-876.495 1192.5 
41.4968 1181.5 
-729.503 1177.5 
553.982 1171.49 
657.499 1170.5 
797.506 1166.5 
923.503 1163.5 
1247.49 1160.49 
388.502 1146.51 
1426.49 1142.5 
-84.5081 1131.5 
-656.498 1123.5 
618.503 1123.5 
1228.49 1119.5 
878.502 1074.5 
1150.5 1061.5 
811.505 1047.5 
1246.5 1043.5 
1393.51 1042.5 
-1018.51 1036.5 
-308.495 1029.5 
-225.5 1024.5 
1152.49 1024.5 
-1256.5 1010.5 
574.502 1003.5 
215.505 995.503 
1147.5 994.496 
-939.496 992.496 
291.506 989.501 
1106.5 990.496 
-1032.5 984.497 
812.5 983.498 
-713.496 979.502 
1151.5 976.493 
192.497 961.504 
1058.5 942.5 
715.501 936.502 
1302.5 936.5 
101.499 925.496 
1391.5 925.492 
113.246 913.056 
1423.5 899.5 
692.501 890.501 
1312.5 880.501 
-1468.5 877.501 
358.502 869.503 
755.502 866.499 
-693.495 861.501 
42.5023 862.5 
-890.002 852.042 
1197.5 846.499 
280.503 846.497 
-889.992 851.941 
541.495 843.493 
1045.5 839.503 
1369.5 833.501 
1168.5 831.503 
743.497 829.499 
860.498 827.495 
-817.495 826.506 
1171.5 803.505 
1023.5 801.495 
-217.502 800.502 
-1055.5 792.507 
1584.5 788.501 
1025.41 784.125 
1254.5 771.502 
-663.496 765.504 
-46.501 763.499 
740.503 757.504 
1097.5 754.493 
1078.5 749.498 
646.499 745.497 
1546.5 737.507 
1365.5 719.496 
32.4996 717.504 
-74.5042 705.503 
964.5 704.502 
1386.5 701.497 
-1383.5 697.505 
-528.51 696.507 
58.5028 695.497 
-666.502 691.509 
1311.5 681.494 
-585.499 670.501 
742.501 664.498 
-694.499 662.499 
1478.51 659.498 
1094.5 658.497 
-586.805 663.619 
-1076.5 650.499 
-474.505 644.499 
-511.501 642.501 
-686.498 640.497 
-1484.5 636.505 
-141.505 636.498 
863.504 626.505 
1133.5 622.499 
-283.5 618.502 
975.589 615.253 
694.759 613.59 
1580.5 607.499 
977.621 611.813 
700.319 608.682 
-468.502 602.494 
1088.5 599.505 
684.832 593.297 
-547.495 587.509 
695.615 588.546 
-31.4977 571.493 
647.501 563.512 
1200.5 560.495 
-146.504 549.496 
1489.51 540.503 
273.504 536.5 
-1512.5 534.502 
715.511 530.498 
39.4939 524.496 
-631.501 517.496 
1504.51 515.502 
1134.5 501.495 
-456.498 477.5 
1337.5 473.506 
1279.5 469.496 
738.499 441.5 
143.497 437.503 
859.499 429.504 
1133.5 423.498 
1164.5 422.038 
386.499 421.504 
1152.09 406.327 
377.375 410.153 
1152.96 405.958 
716.5 384.499 
1086.49 382.505 
-209.495 381.501 
196.497 368.501 
1056.5 359.494 
-351.502 336.499 
836.497 332.498 
1604.49 330.504 
168.506 329.506 
840.501 314.503 
417.503 307.501 
777.495 299.497 
1045.5 298.506 
1174.49 298.499 
1425.5 297.495 
1075.5 290.499 
1614.5 285.505 
-52.4978 283.497 
1269.5 282.499 
-588.494 278.505 
891.503 279.502 
189.498 275.508 
1529.49 266.499 
-1132.49 261.5 
-1480.49 254.501 
834.5 248.502 
148.501 248.501 
1193.5 248.504 
623.497 245.493 
1478.5 243.502 
-70.4983 236.494 
1424.49 229.501 
314.501 228.505 
-731.502 215.504 
-1330.51 213.497 
1307.5 199.492 
66.5031 178.499 
1019.5 176.5 
-492.49 170.496 
687.499 170.5 
1427.5 168.5 
644.499 163.502 
941.497 163.496 
-775.496 159.501 
1321.51 159.501 
-92.5 151.501 
346.499 140.499 
-1229.5 135.502 
1410.17 135.21 
1201.5 133.502 
1132.5 132.506 
1336.5 126.505 
540.506 126.495 
1405.1 125.736 
1405.96 123.748 
584.497 117.495 
832.507 115.494 
1459.5 109.502 
245.501 95.5015 
1018.5 91.5015 
-1479.5 89.5007 
1039.51 88.5048 
486.5 87.4963 
870.499 82.4966 
918.496 81.5004 
641.502 79.498 
327.504 78.511 
167.501 74.8928 
1384.5 75.4954 
-1106.5 73.4951 
-341.499 68.4945 
-42.5027 67.4937 
167.501 74.5039 
1379.6 62.0336 
1039.5 58.5 
166.491 50.4935 
445.496 50.4978 
-589.501 47.5087 
-71.5038 43.498 
223.505 38.506 
1051.5 30.4987 
1093.5 29.4957 
342.498 25.5031 
-1047.5 21.5072 
900.502 12.5067 
754.498 1.50183 
0.499268 -0.498535 
370.501 -1.50195 
-100.493 -4.49988 
-311.499 -5.49963 
770.499 -5.49585 
-1453.5 -9.50427 
1290.49 -12.5066 
1127.5 -21.5018 
486.498 -30.5096 
-429.502 -34.5034 
220.501 -37.4913 
1491.5 -40.4987 
1302.5 -40.5004 
546.498 -49.4968 
879.448 -50.1515 
-450.496 -51.4987 
1415.5 -56.5055 
885.163 -54.03 
585.496 -73.4908 
881.629 -71.6941 
1072.5 -76.5029 
-1369.51 -79.4985 
899.499 -80.5048 
434.507 -82.4996 
988.5 -90.4974 
1006.5 -104.491 
1124.51 -119.498 
1619.49 -123.494 
298.498 -126.499 
196.497 -138.502 
603.842 -140.536 
614.703 -141.337 
586.497 -148.506 
1325.51 -148.495 
866.499 -154.503 
1013.5 -162.501 
1167.5 -166.502 
1524.51 -173.501 
-200.503 -176.497 
1004.85 -178.961 
-249.5 -182.493 
-766.505 -184.502 
-878.497 -185.506 
400.505 -190.495 
1022.5 -192.501 
-118.495 -216.497 
609.501 -222.504 
-1365.49 -223.503 
-243.51 -238.505 
1044.51 -244.497 
618.504 -247.5 
-963.498 -263.496 
-998.498 -268.502 
666.501 -270.51 
1497.5 -274.5 
775.494 -278.501 
1122.5 -278.499 
1255.5 -283.498 
-1191.5 -289.492 
30.5046 -292.496 
-309.496 -314.503 
546.496 -314.507 
1246.5 -329.496 
1159.5 -338.503 
-20.4943 -342.502 
1035.5 -348.496 
-725.497 -355.499 
947.502 -356.5 
995.507 -356.494 
320.497 -367.499 
560.494 -375.499 
1133.5 -387.498 
474.487 -388.491 
-1387.5 -393.497 
-17.5 -401.498 
-1317.5 -401.497 
-644.5 -402.495 
-1603.49 -405.503 
1074.5 -431.499 
59.4966 -433.501 
604.498 -440.499 
1431.5 -446.502 
1396.5 -448.501 
656.499 -450.493 
1028.49 -464.503 
-310.5 -474.503 
-1345.5 -476.496 
1199.51 -480.503 
966.501 -481.503 
1355.06 -484.06 
1545.51 -487.506 
-710.502 -489.495 
-621.502 -494.489 
-205.494 -496.5 
1016.44 -498.468 
955.138 -499.337 
634.502 -498.508 
841.502 -498.502 
1021.54 -497.498 
-557.512 -501.498 
732.502 -502.495 
1014.68 -498.711 
1360.5 -507.501 
955.45 -500.234 
1425.5 -511.499 
82.5021 -520.504 
1379.5 -525.504 
970.497 -532.506 
-352.499 -533.5 
-58.5139 -539.499 
724.507 -550.502 
1129.5 -555.499 
-1336.5 -567.5 
1151.51 -576.499 
976.5 -590.5 
-779.501 -591.509 
1037.26 -598.843 
-270.504 -599.501 
1032.81 -599.991 
746.5 -610.5 
928.501 -611.506 
342.504 -615.505 
444.493 -616.498 
1528.5 -624.506 
764.939 -626.012 
750.857 -636.145 
-918.497 -639.501 
299.504 -642.507 
1155.5 -643.503 
706.494 -647.502 
151.5 -648.495 
-84.5032 -654.495 
1332.5 -657.506 
-321.498 -659.495 
-1545.5 -668.496 
989.498 -672.496 
154.499 -673.49 
351.508 -673.5 
60.5016 -675.499 
-56.4958 -681.497 
334.503 -686.505 
1092.5 -689.506 
500.502 -696.505 
222.505 -697.503 
-1090.5 -699.503 
-1018.5 -705.498 
-467.497 -707.502 
1336.5 -710.497 
321.503 -715.498 
-573.505 -718.505 
-713.496 -724.491 
1155.51 -725.5 
1330.79 -721.674 
888.494 -741.496 
-103.498 -748.5 
-302.49 -751.501 
40.4934 -763.5 
300.502 -766.496 
-445.497 -767.493 
-285.495 -770.492 
-38.4965 -775.5 
153.496 -780.501 
-1527.5 -788.497 
508.497 -793.502 
589.502 -796.498 
-194.504 -801.498 
186.505 -817.499 
-1362.5 -819.496 
57.504 -825.496 
-1570.51 -829.495 
-223.501 -830.495 
194.312 -826.536 
-1.50037 -846.503 
-85.5022 -850.503 
883.498 -851.498 
1314.5 -860.495 
214.501 -866.502 
882.666 -865.187 
903.499 -869.495 
-273.495 -878.503 
958.507 -878.508 
513.499 -892.493 
349.5 -896.495 
984.502 -901.501 
-227.498 -905.487 
-635.493 -908.497 
281.501 -908.497 
385.497 -913.497 
-951.499 -919.496 
284.694 -913.515 
-862.502 -926.503 
-163.495 -926.499 
332.497 -934.497 
526.504 -934.504 
471.504 -935.507 
30.4944 -937.495 
814.501 -949.496 
-989.497 -958.5 
466.788 -975.647 
-55.5055 -978.497 
1177.5 -979.497 
477.455 -979.555 
-1373.5 -996.497 
935.503 -1008.5 
983.503 -1007.5 
1185.49 -1010.5 
418.5 -1012.5 
1086.49 -1034.5 
206.503 -1047.5 
50.5015 -1067.49 
644.5 -1072.5 
-865.497 -1081.5 
952.506 -1092.5 
590.501 -1103.5 
868.501 -1103.5 
1102.5 -1114.5 
1159.49 -1116.01 
-268.5 -1117.5 
-163.5 -1125.5 
692.497 -1126.5 
1219.5 -1132.5 
-1615.5 -1134.5 
799.496 -1137.49 
840.501 -1139.51 
1296.5 -1141.5 
935.511 -1147.49 
860.49 -1155.5 
-1215.5 -1157.5 
-277.507 -1162.5 
334.496 -1168.5 
862.844 -1167.43 
915.505 -1173.5 
-487.505 -1174.5 
1602.5 -1179.5 
-1546.51 -1193.5 
-537.505 -1194.5 
862.501 -1196.51 
1336.33 -1202.61 
790.5 -1204.5 
1182.51 -1202.5 
-1213.5 -1211.51 
103.507 -1212.5 
