1156.5 1210.5 
1332.5 1159.51 
-1187.5 1152.5 
-1533.51 1149.5 
664.497 1124.5 
-476.494 1104.49 
669.502 1070.49 
-617.496 1066.5 
-524.503 1060.5 
-625.994 1058.45 
-383.501 1052.5 
-1441.5 1052.5 
-1082.5 1042.5 
162.496 1034.5 
-68.4967 1017.49 
246.497 1015.5 
-962.502 993.497 
-853.494 985.506 
1027.5 985.502 
-576.503 972.504 
347.499 962.495 
-519.496 930.496 
-377.493 912.504 
1529.5 903.504 
-292.497 902.5 
-810.51 888.502 
-1224.5 862.496 
-406.508 862.502 
-1198.03 818.687 
-1204.59 816.866 
-1604.49 816.498 
-83.4958 813.505 
-1219.08 808.839 
1007.5 791.502 
-870.503 782.51 
-1457.5 771.497 
1198.5 759.497 
-356.501 739.496 
387.505 736.495 
802.504 726.501 
-1076.5 716.499 
-352.503 710.499 
-910.5 708.506 
694.499 706.495 
-893.502 700.497 
-1564.5 682.503 
-318.498 658.503 
-222.5 656.497 
1283.5 640.501 
394.491 629.503 
-695.496 625.499 
120.5 616.496 
953.5 599.496 
711.498 558.495 
1087.5 520.503 
-140.506 510.496 
1016.5 509.495 
1475.5 495.504 
854.492 495.504 
992.497 490.499 
-1176.5 488.497 
-532.5 483.497 
-70.4978 477.499 
-1585.5 476.501 
-1522.5 471.501 
1135.5 443.5 
1225.5 430.498 
-989.496 426.501 
-929.494 424.5 
765.502 412.5 
1608.5 386.494 
175.503 371.509 
-234.503 370.497 
-630.506 344.499 
-1522.49 329.499 
-897.504 309.5 
-994.496 305.503 
-852.5 302.502 
-762.499 299.499 
760.495 288.501 
700.499 285.503 
1027.5 282.5 
-871.503 272.501 
-141.504 272.498 
-247.508 265.494 
-1015.5 257.506 
436.498 255.499 
1372.5 239.497 
811.497 224.496 
1601.51 221.497 
24.4968 208.499 
-1146.5 203.505 
-350.506 199.502 
924.503 183.501 
436.496 173.508 
319.494 169.495 
-20.5121 166.5 
-1029.51 163.501 
1256.49 161.492 
-349.497 157.509 
1354.5 148.501 
1392.5 146.506 
408.502 142.498 
1498.51 128.5 
-307.496 126.498 
346.498 122.498 
-198.5 119.5 
113.5 114.498 
-1270.5 111.501 
-1584.5 106.502 
-986.504 104.496 
-885.493 88.5011 
604.495 75.5033 
-596.5 72.5035 
1045.5 51.4951 
-305.501 51.5055 
-123.504 47.4974 
-136.504 29.5026 
118.491 21.4994 
-739.504 19.4929 
-706.497 10.501 
1055.5 4.50256 
0.493408 -0.497437 
-850.502 -10.5017 
-1256.5 -20.4951 
-896.499 -41.5028 
-1112.5 -56.4968 
213.508 -63.4979 
-166.501 -76.5049 
928.512 -80.4949 
393.501 -88.4957 
561.501 -99.5007 
-1413.51 -109.499 
-497.498 -129.496 
-1080.5 -133.5 
-712.499 -160.504 
-710.034 -166.476 
1366.5 -174.504 
899.5 -184.503 
1370.89 -188.669 
-241.497 -192.504 
1099.51 -203.494 
103.504 -206.499 
1041.51 -250.505 
-730.505 -255.5 
1460.51 -259.493 
-1515.5 -267.499 
1363.5 -278.505 
1159.49 -281.499 
-1444.5 -293.496 
-858.507 -313.499 
-1024.5 -327.502 
550.503 -327.501 
-1285.5 -336.499 
242.499 -339.503 
-1449.5 -341.504 
-1131.51 -352.497 
244.474 -357.245 
1095.51 -357.502 
735.501 -407.497 
-94.5126 -417.501 
878.5 -440.498 
-1000.5 -445.49 
50.5079 -455.5 
-552.494 -480.5 
-864.499 -482.498 
-1159.49 -483.496 
1321.5 -487.499 
-1507.5 -492.501 
-295.5 -510.494 
210.506 -515.504 
204.542 -528.835 
1216.5 -531.503 
505.497 -536.495 
203.262 -531.533 
-137.499 -545.501 
-1324.49 -554.506 
881.503 -572.507 
-70.5006 -575.507 
1545.5 -596.504 
-623.502 -608.497 
202.502 -627.5 
642.496 -628.506 
-999.493 -636.501 
798.505 -643.507 
-60.5022 -655.501 
-1140.5 -656.503 
-370.504 -675.495 
494.505 -694.493 
-548.503 -712.502 
-1264.49 -761.506 
-1395.51 -781.499 
-624.499 -786.496 
-695.495 -796.501 
193.501 -827.494 
-1129.49 -829.505 
13.5062 -840.496 
-1045.49 -850.497 
-797.504 -855.498 
-159.505 -860.5 
1122.5 -865.497 
-550.498 -871.496 
-1490.5 -882.502 
-1344.5 -908.498 
-232.498 -925.497 
515.502 -925.496 
-517.495 -937.493 
-703.498 -940.496 
1595.5 -948.502 
28.4896 -961.499 
-1597.5 -985.499 
-1205.5 -983.496 
433.506 -986.497 
357.5 -1000.5 
-617.494 -1020.51 
881.497 -1028.5 
-637.494 -1032.49 
-1620.5 -1044.5 
-716.501 -1047.5 
-665.504 -1063.5 
-294.501 -1063.5 
271.264 -1068.31 
291.507 -1072.5 
261.761 -1076.2 
616.508 -1093.5 
-530.497 -1099.5 
1166.5 -1103.5 
-396.497 -1112.5 
878.502 -1116.5 
606.504 -1121.5 
587.504 -1129.5 
-458.497 -1132.51 
-165.499 -1136.5 
94.5021 -1142.5 
-283.495 -1143.5 
370.496 -1146.49 
-423.5 -1170.5 
-238.5 -1180.5 
