899.502 1212.5 
961.497 1202.5 
333.497 1193.5 
-1015.5 1180.49 
1019.08 1176.34 
1026.5 1175.78 
-555.498 1174.5 
831.499 1174.5 
35.4996 1168.5 
-79.495 1164.5 
1324.5 1160.5 
-131.5 1154.5 
-1330.5 1151.49 
1223.5 1142.5 
931.507 1139.5 
975.503 1139.5 
-475.5 1136.5 
1542.49 1136.51 
69.4976 1124.5 
1314.5 1118.5 
1016.5 1114.49 
760.506 1097.5 
969.498 1091.49 
-229.501 1089.5 
1106.49 1082.51 
-974.503 1080.5 
91.5017 1069.5 
16.5011 1065.5 
1411.5 1063.5 
798.501 1058.5 
935.497 1055.51 
878.495 1050.5 
419.498 1042.51 
1245.49 1039.51 
1334.51 1037.5 
1426.51 1031.49 
932.496 1027.5 
724.494 1025.51 
991.493 1009.5 
924.505 1004.5 
379.503 999.502 
-343.496 985.504 
534.494 984.501 
98.4996 980.499 
1376.5 977.494 
932.509 975.493 
579.548 967.01 
-35.4943 964.498 
362.5 962.507 
934.104 968.323 
580.56 963.796 
560.039 956.095 
23.4977 942.5 
-162.496 941.501 
575.499 937.5 
-1225.49 932.501 
875.501 927.507 
-928.496 925.501 
729.507 922.502 
-203.503 920.499 
-746.497 916.5 
-68.5018 915.501 
489.501 914.498 
1401.49 909.498 
751.503 906.501 
-1276.5 903.499 
257.497 896.26 
949.522 871.964 
-170.509 861.503 
672.5 859.503 
1098.49 856.499 
1151.5 847.497 
1214.51 847.499 
811.499 842.499 
-1357.5 841.5 
-199.5 839.501 
-316.502 835.501 
-920.498 825.495 
832.502 812.497 
-971.503 810.502 
1598.51 799.501 
544.499 797.503 
-239.498 784.503 
297.506 782.495 
630.497 769.498 
191.501 766.501 
815.495 765.501 
-116.5 764.499 
267.498 763.51 
-1042.5 753.496 
462.497 750.495 
1444.5 748.503 
-1170.5 748.501 
-985.501 748.496 
414.498 747.499 
129.496 740.506 
-714.504 739.5 
174.499 738.497 
-732.5 735.507 
74.5023 732.499 
-1358.5 725.505 
-1407.5 724.501 
157.501 719.5 
722.5 714.493 
961.498 715.503 
-288.498 709.497 
151.565 705.606 
603.494 703.498 
648.496 702.5 
-1472.5 700.504 
-352.51 699.499 
241.496 698.498 
624.507 691.498 
-415.499 688.501 
-370.504 688.498 
-351.327 691.629 
-367.177 681.037 
391.507 669.502 
623.497 666.498 
15.5018 662.5 
1158.49 660.503 
1474.5 656.483 
-19.5042 646.502 
1106.49 647.503 
1474.5 656.408 
563.502 644.497 
746.501 635.5 
-22.6342 639.599 
-1357.5 630.499 
-754.504 622.504 
-895.502 621.502 
-381.501 619.501 
326.498 616.503 
-220.501 606.496 
-107.497 607.501 
630.5 605.497 
1001.5 602.501 
718.492 596.498 
223.504 590.503 
575.505 590.506 
-1133.5 584.895 
90.5 587.498 
116.497 581.5 
-1133.5 584.504 
-8.50769 576.502 
6.50134 569.503 
1544.51 568.5 
78.5044 564.505 
1075.5 564.493 
-1150.5 562.498 
-1043.5 550.502 
202.496 544.502 
-146.502 534.495 
270.493 534.5 
-413.499 533.506 
-919.504 524.506 
-147.022 528.774 
685.499 522.501 
976.497 517.494 
-1100.5 513.498 
-461.495 500.502 
553.496 500.505 
277.498 499.506 
-43.4912 498.499 
114.5 496.499 
-975.503 482.498 
214.501 479.506 
-77.4991 457.501 
610.496 457.497 
-327.504 453.505 
-35.4951 450.496 
557.496 449.501 
-1152.5 447.5 
-614.49 442.499 
-993.502 426.498 
1244.51 416.5 
658.493 413.499 
158.502 400.502 
106.502 399.492 
-460.499 396.503 
-753.499 391.496 
-823.5 390.506 
-396.499 389.499 
404.499 388.498 
-983.501 385.5 
-882.499 384.503 
161.499 375.497 
-403.141 375.841 
-1240.5 371.506 
-22.4946 368.501 
1304.51 364.498 
-643.502 361.499 
-95.4974 358.503 
-720.505 358.493 
1296.03 355.752 
-603.509 342.495 
317.498 339.491 
-1520.5 336.503 
1294.32 338.937 
-444.497 323.496 
-1613.5 322.498 
273.505 322.496 
1059.5 322.499 
-1129.5 318.505 
-383.49 317.499 
1503.5 314.496 
1436.51 310.503 
-136.499 300.495 
196.497 300.497 
-694.502 293.502 
-189.501 293.495 
-221.494 291.498 
-893.497 290.504 
-115.963 282.509 
553.497 282.504 
-132.133 278.524 
518.499 276.497 
-972.498 275.503 
-131.969 276.95 
-16.5004 260.497 
558.501 257.498 
843.506 252.503 
-260.5 249.492 
-850.499 238.502 
22.504 234.498 
-244.5 228.487 
1022.5 227.503 
412.503 221.509 
-517.504 217.492 
232.502 213.496 
148.511 209.492 
263.502 204.501 
694.51 202.498 
-1070.5 200.497 
-407.498 198.49 
-830.502 196.499 
-170.499 184.502 
144.504 184.503 
-1582.5 183.497 
427.497 180.499 
786.501 170.498 
-506.503 170.497 
1470.49 168.498 
-343.501 167.499 
-644.495 166.501 
-637.46 156.591 
-469.5 144.502 
-183.499 136.497 
-873.496 132.499 
-852.302 128.67 
-115.503 125.507 
-846.219 124.469 
294.497 116.502 
654.498 104.503 
1170.5 104.503 
-388.501 102.496 
769.506 101.502 
-520.499 99.4996 
272.5 97.4937 
-1259.51 89.4943 
-374.864 88.9514 
1357.5 88.5 
-1616.5 86.5 
-284.502 77.5 
1603.5 72.4929 
-390.498 66.5004 
-6.49487 62.504 
543.499 62.5039 
-571.509 59.5033 
-895.507 56.4945 
-569.215 53.9551 
-236.505 44.501 
-130.497 44.4976 
-583.497 39.5004 
-396.506 37.4956 
-902.499 29.4991 
1061.49 30.4952 
-574.49 28.1803 
421.506 17.4985 
-366.497 16.5044 
-39.5063 13.4929 
1464.5 12.4945 
-1007.5 11.5 
-141.495 8.50037 
118.505 6.49158 
1462.54 7.09155 
432.205 0.877319 
1153.5 0.494995 
0.501587 -0.500366 
43.4973 -6.5022 
801.506 -11.5018 
-873.5 -14.5004 
-1120.5 -15.4918 
432.497 -15.9674 
-639.497 -19.502 
-148.497 -23.5 
-508.503 -27.5023 
103.506 -29.496 
-67.505 -32.5016 
-367.504 -39.5015 
424.496 -39.4977 
1094.5 -44.5 
-501.492 -46.4985 
-1030.5 -49.4983 
-99.479 -51.8438 
193.493 -50.4955 
-104.304 -55.9402 
464.494 -55.5033 
-436.499 -56.4984 
-103.689 -56.2944 
-784.496 -76.4989 
-140.505 -82.5013 
-75.4994 -90.4984 
402.508 -90.5024 
-150.695 -90.6708 
-527.508 -96.499 
-543.5 -106.496 
-248.496 -107.504 
144.494 -108.505 
102.496 -111.497 
-421.504 -114.497 
670.496 -122.501 
-536.505 -124.499 
-1029.5 -128.491 
-253.497 -133.504 
148.498 -138.5 
129.508 -144.497 
-1394.49 -148.491 
-1456.5 -150.5 
-1576.5 -160.502 
1456.5 -162.503 
-987.498 -163.497 
675.503 -170.5 
-414.501 -170.501 
116.5 -170.5 
339.498 -174.501 
-547.506 -176.499 
750.498 -177.505 
78.4974 -180.497 
133.494 -188.498 
-1035.5 -193.503 
-185.492 -195.502 
-1290.51 -201.498 
-1422.5 -206.503 
-1447.51 -208.5 
-127.497 -214.496 
-684.507 -222.504 
-292.503 -226.499 
-1479.49 -229.496 
201.503 -234.506 
-505.511 -238.502 
-948.5 -243.506 
-646.498 -244.498 
1500.51 -245.499 
902.497 -246.494 
1472.5 -250.497 
-609.499 -255.497 
21.5017 -255.501 
687.496 -258.5 
-1536.5 -266.507 
-983.501 -281.5 
9.50317 -284.508 
-851.496 -291.502 
-509.503 -302.493 
-410.502 -300.5 
302.493 -300.501 
-1283.5 -301.486 
1162.5 -302.502 
288.499 -310.497 
-170.501 -327.506 
-85.4983 -328.493 
-554.494 -330.504 
-440.493 -331.499 
-737.503 -332.503 
-756.669 -341.44 
-623.502 -339.503 
1278.5 -340.503 
-998.499 -342.501 
-678.501 -346.499 
-756.904 -343.594 
810.498 -350.497 
-1057.5 -356.495 
-991.565 -364.5 
-1011.5 -366.503 
-705.633 -369.221 
165.494 -370.5 
-700.904 -370.186 
-762.5 -376.506 
-237.503 -391.511 
-1336.5 -392.495 
-58.49 -405.497 
-1567.49 -410.495 
155.499 -411.5 
-840.498 -423.499 
-789.499 -427.5 
-553.503 -431.499 
-1257.5 -432.499 
-1610.5 -437.5 
-1539.5 -443.499 
485.491 -450.503 
-746.094 -458.879 
153.114 -459.885 
-743.008 -459.112 
-647.498 -462.508 
1260.5 -464.5 
155.891 -463.444 
1150.5 -477.504 
-136.498 -480.505 
-1392.5 -483.491 
-392.503 -484.494 
-641.506 -488.499 
-440.496 -495.065 
-366.501 -495.499 
1414.5 -497.499 
-823.502 -499.508 
589.493 -501.501 
-1462.5 -503.496 
-948.501 -515.493 
-448.496 -515.495 
-1405.5 -527.501 
295.499 -531.496 
-443.503 -536.5 
-1492.5 -537.505 
319.497 -541.499 
-673.505 -542.5 
-403.504 -543.498 
-1488.15 -542.743 
-1567.51 -550.497 
-748.501 -555.501 
-188.501 -568.499 
1095.5 -567.495 
-309.506 -569.507 
1177.5 -605.503 
-1015.51 -606.495 
-717.498 -609.509 
-1022.61 -615.5 
-545.503 -621.495 
589.502 -628.503 
-1008.5 -629.499 
-965.496 -658.498 
-1135.5 -662.493 
-569.502 -664.501 
-388.498 -666.499 
-584.496 -673.5 
-159.498 -675.501 
-955.507 -688.508 
948.502 -692.496 
-95.5029 -698.496 
-1370.5 -701.502 
-1444.5 -708.495 
983.504 -711.501 
395.504 -714.493 
-298.506 -720.505 
1507.51 -731.498 
338.507 -734.499 
-1058.49 -759.504 
997.506 -761.499 
-1356.5 -768.495 
-663.499 -775.498 
-1015.5 -777.497 
1487.3 -786.549 
-1174.5 -816.5 
-1259.5 -819.505 
-836.501 -822.51 
876.505 -821.499 
114.497 -822.494 
1047.5 -832.51 
-1221.51 -836.502 
-941.495 -836.5 
-1091.5 -837.497 
-846.498 -851.51 
-1212.5 -857.496 
-211.5 -859.498 
1127.5 -863.493 
-99.4989 -869.5 
-1217.19 -869.435 
-1306.5 -874.502 
-1138.5 -878.5 
-1171.49 -893.505 
-1233.5 -894.5 
262.506 -897.507 
301.492 -898.496 
-1456.5 -899.506 
-972.507 -908.499 
-1268.5 -911.493 
-97.4948 -913.493 
-1428.5 -919.504 
-925.002 -928.506 
502.499 -937.504 
-1489.5 -941.498 
-1315.51 -944.501 
-1547.5 -955.503 
-97.4991 -961.494 
-884.499 -961.505 
-41.4974 -964.502 
-1205.5 -984.494 
-1115.5 -986.501 
-826.498 -994.506 
-268.508 -1001.5 
-1435.5 -1005.5 
-1213.5 -1007.5 
-953.501 -1007.5 
347.499 -1013.5 
-1377.5 -1017.5 
-415.494 -1018.51 
633.498 -1025.5 
-1027.5 -1033.5 
-1558.5 -1034.51 
-244.502 -1034.5 
253.501 -1052.5 
-827.039 -1055.74 
-886.506 -1058.49 
100.504 -1062.5 
-1265.5 -1074.5 
1154.5 -1078.5 
437.504 -1079.5 
-155.499 -1085.5 
773.501 -1103.5 
-1033.5 -1106.5 
-1134.49 -1113.5 
-611.498 -1115.5 
-1098.5 -1123.5 
-1130.92 -1124.72 
-404.502 -1148.5 
509.495 -1151.49 
-725.501 -1160.49 
499.497 -1170.5 
-1177.5 -1174.5 
-1056.5 -1174.5 
-758.496 -1181.5 
1444.5 -1184.5 
-884.497 -1186.5 
-412.501 -1198.5 
-1386.5 -1207.5 
