811.503 1205.5 
-349.501 1204.5 
1598.5 1197.5 
418.499 1196.5 
599.504 1195.49 
566.506 1187.49 
254.488 1178.5 
-387.5 1144.5 
225.5 1138.5 
496.501 1125.5 
-1604.5 1112.5 
897.503 1102.5 
-27.5011 1092.5 
1186.5 1082.49 
-252.498 1041.5 
583.501 1035.5 
464.496 1032.5 
1028.5 1031.5 
578.99 1027.76 
231.504 1022.5 
794.502 1009.5 
-1565.5 1005.49 
-1358.5 998.5 
1582.5 987.503 
412.504 984.5 
559.5 975.5 
641.5 963.505 
-1494.5 960.498 
-76.5027 951.504 
275.5 951.5 
164.502 947.499 
-65.6777 945.097 
432.502 943.499 
-1104.51 930.5 
239.502 930.495 
832.496 926.499 
-725.5 924.51 
-1138.5 919.5 
1024.5 907.496 
-766.505 899.502 
1396.49 862.499 
-1426.49 848.501 
1436.5 846.492 
886.494 831.498 
-1178.5 829.499 
-1346.5 803.5 
418.495 802.503 
-825.499 802.504 
168.5 800.504 
498.499 796.499 
113.498 792.506 
142.497 787.507 
-141.497 767.496 
-329.911 760.088 
302.501 743.51 
869.508 719.495 
1599.5 701.501 
200.498 695.495 
-1319.5 680.494 
472.5 679.501 
-347.502 664.501 
-1437.5 663.498 
-719.502 641.498 
-1158.5 622.497 
588.496 607.508 
-1461.5 579.502 
62.5015 572.495 
666.497 565.503 
1429.5 552.498 
-286.503 550.496 
1140.5 541.497 
549.5 535.502 
-258.503 526.501 
967.502 518.499 
-1344.51 514.496 
-232.5 512.499 
-798.507 486.5 
644.493 474.495 
66.5029 471.498 
185.5 460.497 
-878.503 441.502 
-1219.49 428.501 
-17.4957 425.496 
188.501 417.503 
645.499 398.504 
845.495 398.499 
689.501 391.499 
505.495 387.499 
-207.496 384.501 
844.498 359.498 
-1344.5 354.507 
-598.504 311.494 
980.498 311.5 
-1359.5 305.503 
1209.5 302.497 
-757.5 270.496 
-1307.51 257.503 
31.5038 254.496 
-1471.5 251.492 
-422.504 247.495 
-1490.5 238.501 
-232.506 214.491 
725.5 210.502 
1302.5 204.5 
-252.499 183.498 
363.5 161.491 
675.499 160.501 
618.505 148.498 
371.374 143.731 
-751.502 132.497 
391.498 127.501 
-202.502 107.496 
959.5 97.5022 
-326.496 86.4952 
-712.5 85.4977 
-604.496 83.5054 
329.501 64.5017 
-1037.49 50.4996 
1409.49 40.4974 
-1446.5 36.4967 
172.501 34.4989 
1369.49 30.4958 
-787.492 16.4985 
1538.5 7.50122 
-1319.5 4.50305 
0.49707 -0.504395 
-247.502 -15.4972 
-196.507 -16.4952 
-30.5 -40.5049 
858.506 -52.5028 
1366.5 -54.4989 
31.5024 -56.5031 
-392.504 -58.4976 
-583.503 -64.5026 
774.494 -70.499 
1084.51 -70.4974 
1033.51 -78.4996 
-1013.5 -79.5018 
1166.5 -80.5061 
1538.5 -82.4967 
-944.5 -103.503 
11.5037 -106.497 
121.501 -109.5 
-382.503 -114.494 
889.503 -118.494 
-183.498 -122.501 
1108.49 -123.508 
380.497 -126.499 
1534.5 -135.493 
-1515.5 -141.502 
305.488 -141.502 
-805.498 -144.504 
-1198.5 -210.497 
-1327.49 -220.497 
1019.5 -232.502 
387.496 -235.499 
509.502 -234.503 
-37.502 -257.492 
663.498 -265.498 
322.498 -282.501 
1117.5 -287.504 
912.503 -295.496 
-1508.5 -308.499 
-653.504 -309.507 
309.498 -329.498 
-1580.49 -329.497 
613.503 -331.505 
803.501 -364.502 
335.498 -374.5 
1153.49 -393.502 
-437.495 -418.497 
-655.497 -429.507 
605.505 -437.507 
-659.82 -435.365 
1091.5 -460.493 
-948.5 -476.498 
216.498 -502.497 
594.507 -505.499 
1259.51 -512.501 
196.5 -528.499 
-771.491 -528.509 
1206.51 -551.496 
-1593.5 -551.496 
-436.498 -592.507 
-1248.5 -595.498 
1479.5 -595.499 
914.497 -601.501 
-1400.5 -612.507 
1575.5 -619.496 
280.499 -644.502 
-1070.5 -656.501 
1025.49 -657.497 
-715.5 -674.505 
-781.498 -676.504 
-447.41 -688.995 
-445.029 -694.445 
1373.51 -705.502 
347.499 -710.498 
1145.5 -713.506 
-261.495 -727.5 
468.495 -729.498 
821.495 -729.508 
1348.5 -751.496 
388.503 -764.508 
90.5021 -773.504 
334.5 -777.499 
1340.5 -778.497 
-1412.5 -780.501 
-983.496 -782.501 
458.502 -794.501 
-1585.5 -794.505 
-737.5 -794.5 
272.5 -806.497 
1178.5 -808.499 
218.495 -810.496 
1514.35 -815.506 
-249.503 -826.498 
-448.503 -836.496 
1088.5 -844.498 
-708.497 -847.497 
644.499 -856.497 
-1108.5 -858.499 
-393.503 -862.499 
316.5 -872.494 
602.499 -874.504 
518.501 -910.496 
365.497 -920.503 
-127.501 -931.497 
283.503 -934.5 
-478.5 -938.49 
-1139.5 -954.497 
-71.4973 -958.503 
-1057.5 -971.5 
-318.504 -972.496 
-294.499 -974.496 
695.503 -976.496 
-755.503 -993.5 
-1037.5 -995.503 
1570.5 -995.506 
-624.499 -999.501 
279.494 -999.498 
778.494 -1002.5 
-759.169 -1008.81 
1229.5 -1012.5 
-759.501 -1010.5 
437.505 -1041.5 
4.50635 -1044.5 
1606.5 -1046.5 
397.504 -1075.5 
890.493 -1088.5 
-1232.5 -1113.5 
886.506 -1146.5 
1224.5 -1160.5 
-547.497 -1161.51 
-1105.5 -1171.5 
-983.498 -1178.51 
532.496 -1186.5 
900.504 -1188.5 
