899.503 1212.5 
-464.496 1201.5 
-1513.5 1191.5 
-567.5 1175.5 
905.499 1167.5 
929.502 1161.5 
-1217.5 1154.5 
-677.506 1150.5 
696.511 1142.5 
1074.5 1142.5 
-496.504 1138.5 
-771.494 1132.5 
-366.501 1128.5 
-240.5 1129.5 
504.502 1123.5 
637.553 1089.96 
434.498 1077.5 
-518.497 1068.5 
1515.51 1065.5 
-1118.5 1057.5 
-14.4993 1044.5 
466.502 1036.51 
1328.5 1035.5 
-318.834 1008.35 
-1404.5 1003.5 
-196.494 978.5 
-850.496 945.497 
-780.496 924.5 
-121.501 911.5 
597.502 911.498 
183.505 905.5 
1553.51 881.502 
349.506 867.495 
84.5017 855.502 
1276.5 853.501 
-1193.5 852.503 
-278.503 852.496 
-825.502 851.5 
-298.494 814.5 
694.501 813.498 
-1037.5 789.503 
1294.5 777.499 
-1094.5 748.498 
-1229.5 737.501 
-293.498 709.499 
63.4963 673.891 
-172.496 669.512 
63.4958 673.5 
-1136.5 663.504 
-311.502 663.506 
-897.499 648.501 
353.496 640.504 
-1618.5 625.493 
79.5033 621.501 
-932.497 617.488 
510.503 604.501 
-366.508 588.5 
-136.499 578.497 
-1403.5 560.501 
-653.497 556.498 
-1246.5 542.5 
966.505 541.497 
-1384.5 529.498 
102.493 501.502 
508.498 501.501 
128.502 491.501 
-394.5 470.502 
-780.494 466.496 
1219.5 458.501 
1532.5 458.506 
1135.51 445.501 
-667.504 435.504 
565.501 426.502 
360.5 419.495 
412.507 407.502 
206.501 404.497 
1007.5 392.491 
-282.507 384.495 
888.501 367.504 
-689.495 363.499 
-644.503 363.498 
135.5 360.498 
-1189.5 356.503 
1536.5 337.499 
173.493 333.492 
1511.5 307.501 
-447.502 303.498 
-1550.49 299.5 
-1147.5 295.505 
777.5 290.491 
-1261.5 289.5 
-460.501 277.499 
23.5039 273.499 
-936.5 269.499 
-1005.5 259.5 
-419.499 259.491 
472.505 251.499 
-1246.5 245.503 
-341.5 225.497 
-1337.5 204.49 
232.504 202.5 
-659.506 198.501 
898.498 194.501 
-180.503 167.505 
1091.5 165.49 
-387.501 160.509 
-208.503 154.494 
-1533.49 153.5 
987.499 152.499 
1383.5 151.508 
208.506 148.498 
-1236.5 141.504 
-1011.5 141.497 
-1295.49 136.494 
-1210.5 115.501 
-109.493 107.507 
-408.497 101.495 
281.498 79.4994 
1208.5 77.5043 
-535.501 68.5024 
-1369.5 68.4979 
626.505 44.5 
351.508 29.5018 
-547.498 3.50171 
0.491455 -0.500488 
-378.502 -5.51111 
1387.5 -5.50684 
-863.494 -25.5038 
227.5 -31.5035 
827.496 -38.5005 
1331.5 -44.5051 
276.505 -49.4943 
1430.5 -72.4991 
414.498 -75.5007 
-1119.5 -81.4973 
-182.498 -81.4987 
-32.493 -86.501 
666.496 -98.5 
-549.502 -113.499 
-1508.5 -121.498 
1514.5 -127.507 
806.509 -139.501 
695.502 -166.493 
1200.51 -179.506 
-250.495 -199.502 
-413.5 -206.512 
-146.501 -256.498 
808.855 -274.861 
809.565 -276.081 
-1382.5 -294.503 
130.502 -306.502 
43.4976 -307.503 
-761.503 -314.499 
1446.5 -315.502 
96.5004 -322.499 
684.498 -360.504 
644.495 -362.5 
-819.499 -385.498 
1559.5 -385.509 
-1140.5 -389.506 
600.5 -412.5 
1561.5 -434.496 
-979.501 -436.498 
836.504 -444.496 
-1600.5 -446.498 
-616.495 -447.501 
-757.505 -504.495 
139.502 -525.502 
-268.496 -556.505 
1220.5 -558.499 
1145.5 -564.498 
-968.498 -569.5 
745.492 -575.501 
466.496 -584.498 
723.489 -586.5 
-1477.49 -593.504 
-51.5035 -595.5 
1352.5 -611.502 
-1112.5 -614.503 
-586.499 -627.505 
34.4996 -628.504 
346.495 -630.502 
1037.51 -637.501 
-725.493 -639.502 
80.5007 -646.502 
-318.506 -663.502 
384.499 -663.497 
-875.497 -668.5 
902.508 -670.496 
-852.5 -682.499 
716.5 -683.501 
1056.5 -791.507 
1330.5 -806.506 
-696.5 -826.504 
1363.5 -828.507 
20.5049 -835.501 
1050.5 -873.501 
1117.5 -875.507 
-586.497 -880.505 
1061.48 -883.263 
193.503 -893.508 
1346.5 -899.499 
1579.5 -907.497 
-676.497 -924.502 
627.498 -931.498 
-412.49 -936.498 
1377.5 -940.492 
-968.495 -959.495 
-1562.5 -967.501 
-1453.5 -971.496 
-1620.51 -990.5 
-498.498 -1011.5 
330.499 -1023.5 
-519.501 -1038.49 
1012.5 -1045.5 
-482.496 -1056.5 
12.4935 -1079.51 
535.499 -1095.5 
122.507 -1098.5 
376.498 -1101.5 
376.05 -1108.51 
-823.501 -1120.5 
1433.5 -1132.5 
-1243.49 -1134.5 
712.504 -1135.5 
-1322.51 -1136.5 
-1356.51 -1156.49 
-1398.5 -1166.5 
-929.502 -1174.5 
-1399.66 -1174.26 
969.501 -1196.5 
