-1229.5 1186.5 
749.505 1184.5 
936.506 1149.5 
-659.499 1135.5 
125.508 1128.5 
544.507 1115.49 
-1456.5 1112.5 
-1268.5 1103.49 
-653.507 1103.5 
437.496 1094.5 
-1248.51 1093.5 
-614.501 1045.5 
-511.499 1042.49 
1015.5 1023.5 
133.492 1012.5 
-1022.5 1008.49 
-149.502 999.501 
693.504 981.5 
454.501 938.494 
823.502 899.505 
753.494 886.495 
-418.501 884.498 
1193.51 874.497 
594.507 871.5 
730.497 867.503 
-1546.5 856.506 
-834.502 853.498 
-343.501 849.503 
867.5 819.5 
954.498 807.5 
-1330.5 788.493 
-1263.5 786.494 
507.494 785.5 
1314.5 765.5 
-85.4934 738.495 
-510.503 733.499 
-931.499 702.495 
-1218.5 660.495 
501.498 657.494 
-1325.5 655.501 
761.501 654.498 
-1168.5 654.505 
442.502 654.5 
-1070.5 652.497 
1446.51 637.507 
-409.501 630.511 
-1187.5 621.497 
-519.498 621.505 
181.498 619.504 
1088.5 615.494 
-1344.5 603.503 
1301.51 600.503 
550.501 593.502 
-235.505 565.499 
660.502 552.505 
-624.496 550.505 
-1484.5 542.503 
181.5 535.5 
977.501 535.501 
64.4934 529.505 
1068.5 524.502 
1104.5 522.497 
-279.5 521.502 
-621.498 506.5 
1202.5 506.501 
154.495 503.497 
-1351.5 501.504 
92.5 481.497 
1345.49 480.501 
-575.494 475.503 
-462.502 469.493 
-141.502 470.495 
-1613.5 441.5 
-1299.5 439.499 
348.502 438.502 
-1187.49 424.506 
774.498 422.498 
-876.494 413.501 
-569.496 396.499 
-381.498 396.5 
1451.5 388.496 
-394.503 377.501 
-134.501 374.499 
783.5 376.505 
-1025.51 354.502 
-252.497 349.492 
-989.498 345.499 
-1142.5 320.506 
-1584.5 300.502 
-36.4979 290.494 
661.494 290.499 
-1189.5 286.508 
-420.491 269.498 
142.497 269.501 
-1422.5 265.504 
307.5 262.506 
1070.5 209.501 
-760.499 205.503 
1073.9 196.676 
632.501 187.496 
-1379.5 185.504 
821.506 174.499 
-984.499 168.507 
-981.534 162.521 
-492.492 148.503 
-142.506 144.496 
1442.5 134.495 
1153.51 130.502 
765.495 127.493 
1064.51 109.499 
876.503 100.503 
-995.496 70.5033 
298.513 38.5028 
815.506 25.5024 
-1.50195 16.5038 
-1127.5 7.50452 
0.313232 0.889282 
-1302.5 -12.5024 
1480.5 -28.4968 
-1583.49 -30.4963 
475.494 -32.4998 
-1415.5 -41.4967 
610.501 -59.4963 
-333.502 -71.5022 
1020.5 -89.4971 
-188.5 -102.505 
-1267.5 -131.498 
923.492 -134.499 
-795.5 -149.503 
1333.49 -153.493 
-29.5011 -155.508 
-1120.49 -162.499 
256.501 -164.499 
-532.497 -169.497 
-34.635 -168.837 
-1433.5 -175.496 
-35.7408 -171.542 
1219.5 -183.503 
612.493 -185.506 
-372.506 -197.502 
1576.5 -217.5 
-304.501 -223.498 
387.494 -247.496 
-1604.5 -254.499 
534.499 -254.496 
-35.4918 -263.503 
-861.502 -278.503 
-292.501 -300.502 
247.503 -315.504 
-1250.5 -322.509 
-600.497 -333.501 
1356.5 -341.498 
-1397.5 -347.507 
-778.502 -376.5 
1535.5 -388.502 
1427.5 -401.499 
1552.51 -418.499 
1278.5 -429.502 
830.505 -446.501 
-851.5 -452.495 
-39.5027 -453.498 
-1520.5 -457.498 
1419.5 -459.502 
-923.492 -465.502 
-213.504 -473.498 
1441.5 -478.506 
1506.5 -483.495 
1382.51 -493.495 
-382.506 -500.502 
1251.5 -500.501 
-1371.5 -518.499 
-1023.51 -526.492 
1469.5 -526.497 
268.504 -528.503 
-771.503 -529.503 
-1281.5 -534.503 
1456.5 -548.506 
-451.493 -565.512 
-195.504 -585.501 
192.499 -588.491 
-734.503 -591.497 
-922.509 -603.502 
1452.5 -603.507 
609.502 -605.499 
-1590.49 -605.502 
121.501 -606.495 
1321.5 -607.503 
866.505 -658.501 
-1436.5 -671.502 
40.2592 -672.312 
-830.499 -674.501 
59.5049 -675.503 
364.496 -677.497 
30.7668 -680.204 
604.499 -684.5 
-849.498 -686.499 
-506.495 -697.494 
355.503 -703.496 
-928.505 -705.499 
337.5 -711.495 
-875.502 -717.505 
135.501 -737.494 
-738.505 -743.5 
-605.495 -749.502 
-126.499 -750.499 
-377.503 -757.504 
-665.501 -771.501 
-492.505 -771.499 
1058.5 -776.5 
843.503 -785.507 
-447.498 -802.504 
-628.5 -803.498 
77.4948 -824.499 
1266.5 -825.495 
-460.501 -834.507 
495.503 -837.494 
934.499 -844.503 
-891.495 -863.5 
-617.499 -878.498 
187.5 -891.505 
1482.5 -901.497 
1061.5 -938.498 
97.4967 -941.495 
-588.508 -948.504 
587.501 -951.504 
-1101.5 -965.498 
398.5 -979.499 
-737.503 -990.503 
-371.491 -1003.49 
-440.497 -1004.5 
126.495 -1022.5 
683.499 -1032.51 
-405.503 -1034.5 
381.499 -1043.5 
-1107.5 -1059.49 
-215.497 -1060.5 
19.4978 -1063.5 
20.2968 -1075.65 
69.5022 -1084.5 
-831.497 -1110.5 
-28.5017 -1156.5 
-776.499 -1189.5 
319.498 -1190.51 
1313.5 -1194.5 
469.496 -1212.5 
