903.498 1197.5 
1187.51 1175.5 
1064.51 1165.5 
-822.497 1162.49 
-979.503 1160.5 
660.502 1150.5 
-773.5 1149.5 
-609.5 1145.51 
619.49 1140.5 
290.505 1127.5 
-607.499 1101.5 
1378.5 1040.5 
-470.507 1039.5 
1450.51 1038.49 
-1564.5 1033.5 
1231.5 1025.5 
-257.505 1016.5 
232.505 996.505 
1516.5 989.502 
1221.51 969.502 
145.499 960.493 
565.497 952.5 
651.501 951.499 
-722.497 942.504 
1489.5 937.508 
1454.51 917.499 
-173.492 913.508 
527.496 912.491 
-1124.5 901.493 
573.493 892.501 
-771.499 888.499 
1275.5 889.5 
-1112.5 879.498 
-831.505 877.5 
-1086.49 860.497 
846.494 854.5 
-481.505 813.497 
957.502 807.498 
-1153.5 789.494 
-1342.5 755.494 
984.495 754.503 
1189.5 754.499 
-82.5071 750.5 
190.505 750.5 
-115.493 740.49 
20.5034 718.498 
1059.5 717.504 
-1563.5 714.501 
914.497 689.504 
170.495 680.492 
-1598.5 666.503 
510.505 664.499 
-117.495 659.498 
-572.503 658.492 
-1512.5 647.498 
-359.5 642.509 
-653.506 639.503 
20.5063 635.501 
-406.499 633.501 
-286.502 633.504 
578.503 631.505 
1425.5 600.5 
-538.5 592.497 
-337.501 590.501 
1149.5 589.502 
-1531.5 587.506 
-1386.5 586.491 
16.5074 586.503 
-1071.5 572.498 
621.5 570.495 
1581.5 571.505 
402.493 561.499 
1326.5 562.499 
199.494 560.503 
-1157.49 554.509 
560.501 549.497 
676.819 538.271 
681.479 533.518 
817.501 524.496 
670.501 495.498 
140.499 490.502 
-412.501 482.503 
552.498 477.496 
1301.5 471.503 
345.503 469.501 
-917.489 460.501 
-1052.5 453.496 
-753.5 434.496 
-324.505 432.499 
1606.49 426.506 
818.494 419.494 
-508.498 415.492 
-1570.5 407.499 
1140.5 407.5 
-1122.5 399.491 
462.501 393.499 
319.5 384.496 
900.499 378.499 
-800.496 364.494 
1479.51 363.498 
1013.5 350.506 
-1132.49 348.502 
1275.5 343.496 
-609.499 342.499 
-290.502 336.498 
782.507 328.502 
136.495 323.502 
-1096.5 301.507 
863.491 287.497 
-341.501 270.504 
108.496 262.499 
629.501 260.504 
-801.499 256.496 
1424.5 248.498 
-200.504 235.502 
233.508 226.509 
1000.5 225.503 
627.502 219.499 
-242.503 196.496 
-806.506 188.502 
-25.5017 179.501 
45.4977 166.498 
-1219.49 155.502 
-1239.5 125.499 
-493.504 125.5 
1414.5 95.4919 
809.497 90.5037 
235.5 84.5016 
-393.492 85.4996 
-107.503 76.5028 
1573.5 52.5045 
1606.5 52.5029 
-289.494 47.5022 
-126.498 35.5018 
-1129.5 15.5037 
-132.503 12.5022 
1595.49 7.5 
0.501465 -0.499512 
-573.504 -1.5033 
1285.51 -28.4879 
-260.507 -31.5011 
-1049.49 -42.5035 
1281.91 -37.2933 
-919.504 -45.4937 
1373.5 -49.4985 
-334.502 -72.5028 
313.498 -78.5062 
-999.501 -89.5004 
113.501 -91.5011 
217.498 -93.5021 
1283.49 -104.502 
1530.5 -104.496 
-1056.5 -109.502 
-923.5 -109.501 
522.49 -124.504 
1509.5 -131.498 
40.4941 -139.5 
-732.496 -141.494 
-1333.5 -142.503 
-1122.5 -147.501 
-1181.5 -159.499 
897.493 -160.505 
-772.503 -163.502 
370.504 -163.502 
65.5033 -174.499 
792.5 -195.503 
-216.497 -196.495 
-1066.5 -205.505 
734.498 -206.494 
-853.497 -209.506 
1389.5 -212.502 
1250.5 -221.493 
944.499 -229.5 
212.499 -233.494 
387.504 -239.503 
-1009.5 -243.498 
-676.508 -242.499 
1096.5 -244.499 
-599.503 -252.499 
1217.5 -256.499 
-1095.5 -270.502 
137.494 -271.498 
618.508 -291.499 
380.493 -302.505 
1114.5 -306.491 
-495.5 -309.508 
-218.498 -317.497 
240.503 -317.499 
540.498 -324.497 
614.494 -329.493 
-1093.49 -333.501 
-1578.5 -343.491 
-925.499 -343.503 
-496.498 -358.499 
-1503.5 -360.489 
528.493 -361.494 
1066.5 -363.496 
-90.5004 -368.494 
-963.499 -382.505 
405.498 -388.501 
-483.497 -392.501 
788.5 -393.495 
579.504 -395.501 
-148.496 -396.503 
747.503 -398.499 
462.506 -399.502 
106.497 -409.502 
1147.51 -420.494 
-1400.5 -429.5 
-819.51 -457.497 
1462.5 -462.495 
764.505 -466.501 
1422.51 -473.494 
1471.93 -470.769 
-705.5 -478.49 
254.508 -479.501 
318.498 -482.5 
71.499 -484.504 
1172.5 -489.509 
311.766 -490.182 
-248.498 -498.501 
891.503 -499.498 
7.49854 -501.503 
924.502 -503.497 
851.502 -506.498 
725.501 -521.506 
1084.5 -521.487 
63.498 -535.491 
-131.493 -536.503 
377.504 -550.501 
178.499 -565.501 
1483.51 -566.497 
450.501 -576.505 
589.501 -590.506 
1320.5 -602.5 
-355.507 -617.496 
-957.498 -647.503 
348.508 -653.5 
-1040.5 -673.502 
-857.5 -673.497 
188.496 -680.505 
1040.5 -682.506 
1216.5 -691.5 
-1522.49 -696.498 
1236.5 -698.495 
48.4978 -699.492 
-1501.51 -705.496 
-1139.5 -715.5 
-1596.5 -722.501 
579.502 -726.496 
388.505 -737.504 
469.5 -740.499 
731.497 -750.501 
-252.501 -757.503 
-958.498 -759.5 
-626.503 -759.496 
1530.49 -761.496 
1135.5 -767.505 
-1494.5 -772.495 
475.499 -789.498 
727.497 -802.502 
237.495 -803.493 
-147.5 -809.502 
785.499 -809.497 
568.493 -819.497 
176.504 -820.494 
-797.503 -821.499 
-1544.5 -822.497 
1290.5 -841.503 
-560.501 -842.491 
-224.503 -853.494 
-349.501 -857.503 
861.495 -861.502 
-1210.5 -864.5 
620.5 -870.498 
67.5077 -887.505 
550.497 -905.49 
-1385.5 -911.502 
-1306.5 -917.499 
33.5021 -919.501 
-1261.5 -944.508 
-131.505 -947.497 
1519.5 -957.497 
985.507 -960.499 
1035.5 -961.508 
-1130.5 -973.503 
612.495 -979.5 
-317.499 -984.499 
-546.991 -993.877 
-547 -993.976 
-988.5 -1006.5 
131.495 -1006.5 
1338.5 -1007.51 
-786.509 -1009.5 
1054.51 -1010.5 
1246.5 -1010.5 
-1276.5 -1011.49 
-631.504 -1012.49 
-106.501 -1012.51 
1181.5 -1017.51 
1052.38 -1021.6 
892.5 -1028.5 
1164.5 -1045.5 
1139.5 -1051.5 
1051.5 -1057.5 
1272.5 -1061.5 
-62.5013 -1073.5 
871.498 -1080.51 
-1258.5 -1099.49 
463.504 -1117.49 
10.4966 -1120.5 
562.506 -1136.5 
692.501 -1138.5 
98.5009 -1139.5 
583.509 -1143.51 
-1337.5 -1145.5 
37.501 -1147.51 
-652.496 -1160.5 
-1191.5 -1164.51 
-885.505 -1164.5 
435.498 -1168.5 
-683.502 -1169.5 
-744.496 -1190.5 
-503.497 -1191.5 
-793.508 -1200.5 
