-1321.49 1212.5 
1261.5 1204.49 
357.499 1190.5 
1587.5 1190.49 
1506.5 1185.5 
-1064.5 1185.5 
1619.5 1177.5 
559.5 1166.5 
760.491 1159.5 
1421.5 1128.51 
1357.5 1125.5 
993.506 1124.5 
-1448.5 1108.5 
377.493 1103.5 
1598.5 1096.5 
760.503 1084.51 
369.499 1081.5 
-1057.5 1071.5 
-438.494 1066.5 
1374.5 1047.5 
805.505 1025.5 
-100.499 1023.5 
754.496 1021.5 
-178.503 1005.51 
269.496 1002.5 
-1471.51 997.498 
861.503 992.497 
-382.503 991.499 
561.5 988.497 
1488.5 981.504 
1598.5 981.502 
1454.5 976.501 
348.498 969.506 
-214.502 943.501 
355.502 939.502 
-1269.5 933.501 
-359.496 926.496 
75.5045 920.503 
-677.496 916.5 
-419.502 913.493 
-51.5 903.499 
1281.27 893.589 
1274.73 894.677 
1445.5 886.5 
-557.502 884.492 
1284.8 893.088 
909.491 875.5 
1223.49 874.496 
1266.65 872.573 
1294.5 869.499 
190.493 856.5 
-1014.5 854.499 
121.5 854.5 
570.325 848.188 
350.503 843.492 
-29.5045 841.504 
570.378 848.093 
1079.5 831.494 
669.501 824.501 
359.499 815.503 
1608.5 815.502 
-220.5 800.506 
1230.5 789.501 
1471.5 787.497 
-945.496 772.772 
1073.51 771.504 
-887.497 767.498 
-945.497 770.546 
711.5 759.506 
-1396.51 750.5 
1541.5 748.494 
1366.5 743.505 
-638.497 738.494 
611.496 733.5 
1081.5 733.496 
-434.502 722.496 
1525.5 721.5 
1494.5 715.497 
1543.5 701.5 
-93.502 694.5 
-1604.5 688.888 
-844.5 686.502 
490.499 687.51 
-1604.5 688.496 
-1287.5 670.498 
457.497 667.502 
1597.5 658.504 
680.499 655.497 
-217.499 652.503 
733.498 647.499 
1320.5 646.5 
-848.502 641.5 
1498.5 638.503 
-710.503 624.505 
782.5 622.502 
1031.5 611.502 
1277.5 610.503 
16.4971 605.497 
1553.5 605.5 
496.494 582.497 
593.501 578.498 
-644.499 573.502 
724.503 571.503 
341.498 565.501 
-102.495 564.502 
842.495 564.508 
1143.5 552.498 
558.506 537.505 
1310.5 532.498 
1128.5 517.499 
1601.5 515.502 
-996.498 506.504 
-1227.5 489.494 
802.508 487.498 
-319.502 479.499 
-240.504 473.5 
1058.5 468.506 
-924.495 464.504 
740.497 464.501 
-1014.5 459.499 
1148.5 449.504 
-708.494 445.5 
1286.5 444.497 
177.497 434.497 
1061.5 434.497 
518.5 431.504 
249.504 426.5 
1058.5 408.501 
743.497 407.505 
1020.5 405.497 
156.503 404.502 
1062.38 391.921 
68.4989 374.503 
-1447.51 373.493 
652.503 367.5 
976.5 363.501 
78.5532 362.984 
1207.5 351.5 
-697.495 337.496 
1291.51 338.499 
-888.505 334.055 
-888.505 333.951 
631.496 325.497 
11.5029 317.497 
313.495 316.501 
1323.5 314.497 
1535.5 312.497 
-820.502 308.5 
691.498 302.502 
1220.5 300.502 
238.495 296.502 
488.508 287.497 
-1054.5 282.498 
1113.5 271.495 
969.496 269.495 
681.496 268.503 
-241.509 267.5 
793.498 263.502 
1085.5 258.495 
1276.5 255.501 
-675.495 247.499 
949.504 234.499 
1090.5 233.498 
-77.5004 228.498 
950.754 223.557 
1483.5 208.501 
-1385.51 203.503 
1171.5 201.505 
680.503 201.488 
590.501 193.499 
1022.49 189.499 
1004.49 185.493 
-1.49719 183.506 
-548.499 178.5 
-682.499 177.503 
-106.5 175.496 
22.5012 162.5 
1451.5 162.504 
-605.499 156.501 
-712.505 151.499 
-1088.49 150.501 
1280.5 150.494 
-1492.49 147.502 
897.491 146.499 
-607.239 149.627 
1301.5 132.5 
-706.496 130.495 
-498.505 128.496 
-534.498 127.501 
684.504 115.497 
1231.5 115.497 
-173.502 111.497 
1023.5 99.4976 
-312.502 98.5016 
1392.5 90.4951 
-494.497 88.4988 
801.501 76.5 
-573.509 76.5118 
639.901 67.3884 
1063.5 64.496 
910.612 62.233 
644.677 62.6748 
912.639 58.7968 
1534.5 51.4996 
-1533.5 50.5037 
631.914 47.6938 
-68.5021 46.5 
1020.49 44.4988 
639.82 44.4985 
1494.5 38.4938 
-181.505 29.5034 
594.496 21.4978 
-661.502 11.5009 
229.501 5.50134 
1130.51 3.50183 
0.504517 -0.495483 
661.503 -12.5067 
1411.5 -23.5022 
-490.506 -32.506 
1427.5 -47.5027 
1070.5 -50.5002 
1268.5 -82.4952 
1212.5 -85.5006 
100.5 -86.504 
685.506 -99.5017 
339.491 -109.503 
804.505 -113.498 
332.534 -118.292 
1072.5 -126.497 
1103.04 -128.961 
-250.501 -132.499 
1092.1 -143.684 
1092.97 -144.052 
665.495 -153.5 
152.495 -156.498 
1028.5 -164.499 
-393.498 -173.496 
1000.5 -187.5 
124.501 -194.504 
785.508 -208.5 
370.506 -221.504 
-634.502 -224.495 
-1538.5 -226.508 
789.501 -226.5 
-1184.5 -227.494 
1539.5 -229.493 
-96.496 -234.508 
727.502 -239.504 
143.509 -247.501 
992.499 -247.498 
1119.5 -249.502 
1022.5 -255.504 
1366.49 -257.499 
841.498 -261.493 
1213.5 -268.499 
-1390.5 -271.502 
102.502 -273.503 
1552.5 -273.501 
-116.498 -280.5 
-783.503 -284.507 
575.507 -288.496 
785.502 -291.504 
1471.5 -291.504 
268.503 -298.503 
1141.51 -300.505 
1422.5 -312.497 
1370.5 -324.494 
-544.498 -335.502 
-832.503 -339.501 
19.4978 -342.498 
1257.5 -352.496 
-1297.49 -353.494 
1617.5 -353.499 
-141.5 -365.498 
641.497 -365.504 
972.503 -368.503 
598.502 -372.499 
895.492 -379.508 
1377.5 -386.505 
300.501 -387.499 
1273.5 -393.497 
-1559.49 -394.5 
494.495 -407.492 
1086.5 -415.502 
1155.51 -416.497 
538.504 -417.496 
1363.5 -418.502 
-1178.5 -419.504 
788.511 -424.492 
1290.5 -426.502 
1360.05 -428.515 
197.498 -431.497 
1360.86 -432.3 
-397.5 -444.496 
441.497 -445.504 
1413.49 -446.496 
118.498 -450.107 
280.5 -450.505 
-93.5046 -452.498 
974.493 -454.503 
596.496 -457.495 
118.498 -450.497 
996.496 -458.502 
-651.489 -459.503 
826.495 -460.503 
875.5 -462.502 
-1123.51 -475.496 
117.499 -475.503 
-123.505 -476.5 
1341.5 -479.497 
399.497 -482.495 
997.5 -488.501 
175.501 -489.498 
1337.42 -492.948 
-1545.49 -497.5 
295.499 -504.499 
1010.5 -517.499 
1053.51 -519.496 
-370.505 -520.498 
-52.4968 -523.501 
-154.496 -525.496 
859.501 -532.498 
323.501 -533.501 
712.497 -540.5 
728.506 -548.494 
-493.495 -549.497 
-515.499 -566.502 
441.503 -566.494 
1253.51 -567.491 
170.497 -568.504 
-1467.5 -572.492 
1089.5 -573.499 
503.494 -588.494 
840.042 -596.857 
1267.49 -596.503 
1457.5 -601.495 
848.214 -601.955 
542.502 -614.5 
1382.51 -616.503 
389.496 -619.504 
842.773 -621.084 
861.494 -628.504 
1037.5 -628.505 
952.498 -642.499 
971.497 -656.501 
250.508 -662.501 
145.492 -672.502 
1091.5 -675.501 
561.494 -685.508 
575.158 -686.472 
1593.49 -691.507 
544.509 -693.5 
-968.499 -697.499 
-851.492 -698.499 
-264.499 -703.506 
831.498 -706.498 
-315.501 -709.504 
1297.5 -710.502 
981.504 -717.508 
1138.51 -725.497 
-1482.5 -726.504 
354.502 -733.505 
973.5 -735.495 
1501.5 -741.501 
-181.502 -748.494 
991.501 -749.498 
-311.505 -769.497 
570.504 -772.501 
-1064.49 -779.499 
-1102.5 -783.501 
579.499 -799.502 
-1307.5 -802.505 
1017.5 -805.503 
629.498 -824.503 
-28.4996 -833.493 
741.496 -836.501 
1098.5 -843.498 
1482.5 -848.502 
-384.498 -849.498 
1235.5 -852.504 
506.498 -869.501 
-824.502 -884.501 
-84.505 -886.501 
1228.49 -901.496 
1140.5 -910.493 
-1528.5 -910.5 
1013.5 -917.501 
-1455.49 -921.496 
271.5 -922.495 
922.494 -924.499 
971.509 -925.502 
521.498 -936.497 
-741.509 -938.499 
431.5 -948.5 
-82.4979 -951.493 
1116.5 -962.498 
-2.49622 -988.5 
-1495.5 -1004.51 
567.488 -1009.5 
1057.5 -1009.49 
623.499 -1021.5 
-393.501 -1026.5 
-819.501 -1033.49 
1428.5 -1033.5 
1392.49 -1035.5 
-724.499 -1040.49 
1011.5 -1044.5 
-657.494 -1050.49 
-283.501 -1051.5 
947.503 -1061.5 
1190.5 -1066.5 
1352.06 -1073.05 
600.5 -1073.5 
817.495 -1078.5 
703.506 -1079.5 
936.054 -1080.95 
999.823 -1082.21 
1005.96 -1081.07 
1550.5 -1081.51 
19.4966 -1086.5 
-441.497 -1090.5 
936.795 -1082.58 
1359.5 -1099.5 
-130.497 -1104.5 
1427.5 -1105.49 
-1498.5 -1107.5 
953.494 -1118.5 
1380.5 -1120.5 
696.497 -1133.5 
-901.507 -1145.5 
1121.51 -1148.5 
-357.501 -1167.49 
1146.5 -1172.5 
962.501 -1183.5 
1027.26 -1194.85 
-1056.5 -1197.51 
1022.81 -1195.99 
293.501 -1198.5 
721.496 -1201.5 
401.501 -1201.5 
913.502 -1206.5 
