-611.495 1202.5 
623.493 1153.5 
1537.5 1142.5 
1042.5 1139.49 
471.5 1124.5 
61.5068 1116.5 
1000.5 1108.5 
894.499 1106.49 
-1251.5 1099.5 
-556.499 1077.5 
-6.50037 1068.5 
1204.51 1062.5 
1155.5 1060.5 
567.498 1049.5 
-506.498 1032.51 
868.503 1028.5 
-1532.51 1023.5 
-1174.49 1023.51 
-632.498 1020.5 
329.497 1011.5 
448.494 1010.49 
1591.5 1004.5 
867.497 996.502 
1077.5 985.5 
375.496 973.505 
863.498 970.5 
847.499 957.504 
1557.5 955.499 
41.4888 950.503 
522.496 939.504 
-997.5 936.495 
140.49 932.504 
953.499 929.493 
813.498 928.497 
-809.497 915.502 
891.501 898.5 
592.497 891.501 
304.506 880.501 
287.501 877.501 
-966.492 869.486 
1251.5 853.499 
-727.502 844.497 
853.493 833.507 
1573.49 833.494 
-678.5 822.501 
-980.502 818.503 
-38.4994 782.495 
-849.496 779.502 
-273.509 779.503 
-160.495 778.501 
1001.5 758.501 
1494.5 740.505 
1591.5 736.508 
-922.496 714.504 
1203.51 700.502 
1218.5 694.501 
-1109.49 675.502 
-335.504 652.498 
-1335.5 635.496 
-594.497 626.506 
-867.504 625.5 
-215.505 615.501 
-195.503 615.505 
1510.5 583.502 
528.503 571.497 
1441.5 565.503 
1478.49 564.501 
-11.4985 553.5 
-1182.5 549.502 
-1512.5 545.509 
-919.504 541.497 
490.5 542.502 
-167.5 533.502 
193.503 526.499 
165.495 512.488 
-115.499 505.505 
1138.51 501.502 
-905.496 496.494 
1558.5 474.5 
-744.501 473.505 
929.986 467.778 
-717.499 455.497 
438.496 445.5 
-242.497 432.494 
132.5 429.5 
-64.4937 418.504 
-1.50452 389.502 
915.5 370.496 
-1442.5 366.498 
-715.499 338.502 
-862.497 333.501 
1393.5 321.506 
541.504 306.502 
-610.501 290.504 
-704.497 286.509 
19.495 285.5 
-72.506 261.499 
986.5 261.501 
150.508 249.497 
1019.51 238.51 
-811.501 231.506 
1048.5 227.497 
-454.492 217.492 
1405.5 212.506 
1557.5 212.493 
-1136.51 193.5 
-90.4971 187.503 
-1484.51 185.498 
-293.504 170.506 
1565.49 164.498 
1304.5 154.504 
470.498 153.492 
-0.501709 140.507 
-707.502 120.492 
-455.5 116.5 
397.506 105.5 
1083.5 95.4952 
-287.501 86.4993 
101.501 71.5013 
-641.499 46.4978 
0.50708 -0.500366 
668.504 -3.49573 
1376.5 -29.4972 
-11.504 -45.4996 
513.5 -51.5059 
-675.496 -57.5011 
852.503 -58.4989 
-1287.5 -64.5026 
-272.503 -78.4985 
30.5011 -85.5043 
1064.5 -85.4996 
-99.5076 -96.4982 
-113.493 -108.506 
-790.507 -115.496 
1042.5 -118.504 
-396.5 -159.498 
-1609.5 -179.501 
522.504 -186.498 
1103.5 -198.498 
964.498 -224.503 
561.506 -231.493 
669.495 -231.503 
259.495 -270.493 
-619.504 -273.502 
1575.51 -274.504 
-80.4937 -286.5 
-1513.49 -300.495 
490.5 -301.504 
-917.499 -305.501 
-900.498 -311.494 
21.4956 -314.5 
1355.5 -315.495 
1058.5 -332.5 
1117.51 -333.507 
1319.49 -360.495 
898.5 -377.507 
1398.5 -379.498 
695.502 -383.505 
282.5 -393.493 
346.501 -417.498 
-666.507 -436.494 
910.496 -437.502 
1375.5 -436.509 
-1314.5 -440.508 
1519.5 -442.495 
-134.498 -444.494 
1138.5 -450.499 
477.502 -460.5 
-452.503 -511.493 
-902.498 -514.5 
122.504 -514.501 
-1568.51 -517.5 
14.505 -520.497 
-1185.5 -538.504 
-129.495 -595.495 
1325.5 -607.506 
-184.508 -611.504 
631.498 -634.495 
-1048.5 -649.489 
-627.498 -687.499 
-1180.5 -698.507 
-1402.5 -705.498 
-582.496 -730.499 
632.239 -759.757 
863.502 -763.505 
628.203 -765.302 
348.5 -786.508 
-1376.5 -800.499 
-1523.5 -804.497 
-1417.49 -804.499 
-1270.5 -804.502 
-1123.5 -811.505 
-195.494 -812.494 
-575.495 -828.493 
-289.499 -844.498 
519.497 -853.502 
-633.5 -867.503 
82.4935 -879.491 
-44.505 -883.494 
-1012.5 -889.502 
-377.5 -896.502 
-224.5 -912.501 
-249.502 -924.499 
871.502 -953.506 
-567.507 -956.506 
239.502 -956.505 
513.498 -1006.5 
579.504 -1012.51 
-191.497 -1037.5 
-53.4961 -1041.5 
862.765 -1058.81 
866.669 -1066.14 
-548.506 -1074.51 
320.493 -1092.5 
1079.5 -1128.5 
559.496 -1136.49 
-987.504 -1150.51 
207.499 -1153.5 
-1386.49 -1156.5 
-1380.97 -1172.31 
590.498 -1198.5 
