696.905 1212.14 
694.901 1210.13 
696.811 1210.23 
698.328 1210.29 
696.747 1208.71 
1212.89 1157.14 
1212.34 1156.13 
1213 1156.14 
-275.098 1151.13 
-275.669 1150.13 
-274.993 1150.14 
547.894 1134.14 
1620.9 1131.13 
547.332 1133.13 
548.003 1133.13 
1620.33 1130.14 
1621.01 1130.14 
-641.111 1117.14 
-641.661 1116.15 
-641.003 1116.15 
-939.106 1107.14 
-939.665 1106.14 
-938.996 1106.15 
119.907 1096.15 
639.89 1096.14 
119.337 1095.14 
120.011 1095.14 
639.335 1095.14 
640.001 1095.14 
953.904 1092.14 
953.339 1091.15 
954.006 1091.15 
236.904 1081.15 
236.335 1080.14 
237.002 1080.14 
483.9 1065.14 
483.334 1064.14 
484.012 1064.14 
1424.53 1056.23 
1426.92 1055.16 
1158.56 1053.18 
-829.103 1052.14 
1422.3 1054.06 
1160.86 1052.1 
1424.41 1052.65 
1427.12 1052.62 
1156.36 1051 
-829.668 1051.13 
-829.001 1051.13 
1433.67 1048.42 
1158.45 1049.7 
1160.92 1049.74 
705.901 1046.13 
1424.49 1050.55 
1430.56 1047.16 
1433.81 1046.22 
1435.33 1046.28 
1158.52 1047.61 
705.334 1045.12 
706.003 1045.13 
1433.76 1044.71 
922.905 1032.14 
922.345 1031.13 
923.012 1031.14 
-726.11 1025.14 
1571.89 1023.14 
847.898 1022.14 
-728.093 1023.15 
-726.186 1023.23 
-724.676 1023.29 
1571.33 1022.14 
1572.01 1022.14 
1629.91 1019.14 
845.899 1020.14 
847.813 1020.23 
849.326 1020.28 
-726.237 1021.71 
1203.92 1017.13 
1629.34 1018.14 
1630.01 1018.14 
847.756 1018.71 
1203.34 1016.14 
1204.01 1016.14 
314.57 1004.18 
1495.91 1003.13 
316.866 1003.11 
312.364 1002 
1495.34 1002.13 
1496.02 1002.14 
314.452 1000.7 
316.928 1000.75 
314.52 998.612 
-117.082 983.143 
-117.65 982.143 
-116.987 982.143 
-665.114 973.145 
880.896 973.137 
243.91 972.141 
-665.667 972.145 
-664.998 972.141 
880.326 972.144 
881.009 972.142 
243.34 971.154 
244.02 971.151 
-383.096 967.141 
-385.099 965.136 
-383.185 965.223 
-381.673 965.283 
-723.095 961.143 
-383.246 963.712 
-725.093 959.146 
-723.18 959.231 
-721.67 959.288 
-360.114 957.142 
96.8901 956.139 
-723.238 957.714 
-360.668 956.142 
-360.001 956.141 
96.3343 955.143 
97.0036 955.14 
-928.09 945.143 
-928.663 944.144 
-927.989 944.145 
940.9 938.143 
940.327 937.14 
941.011 937.139 
-195.1 931.149 
-1163.1 929.14 
-195.661 930.143 
-194.993 930.146 
-1163.66 928.139 
-1162.99 928.14 
201.892 925.148 
201.335 924.15 
202.004 924.147 
144.902 912.136 
144.334 911.137 
145.004 911.138 
972.908 873.144 
972.344 872.14 
973.013 872.135 
-538.101 858.135 
-538.667 857.136 
-537.991 857.138 
277.897 833.145 
-82.0977 829.142 
277.332 832.139 
278.014 832.136 
-82.6662 828.139 
-81.9987 828.143 
1044.9 814.138 
1044.33 813.137 
1045.01 813.138 
-84.1072 793.148 
544.894 792.142 
-417.098 789.143 
-84.6653 792.143 
-83.9981 792.142 
544.332 791.145 
545.008 791.146 
-417.658 788.142 
-416.991 788.143 
-154.101 771.137 
-154.666 770.126 
-153.997 770.126 
1321.9 764.146 
1321.33 763.153 
1322.01 763.152 
526.898 754.134 
526.331 753.136 
527.008 753.136 
376.559 731.178 
378.858 730.097 
374.364 728.992 
376.455 727.698 
378.925 727.739 
-479.118 723.146 
376.523 725.608 
-479.675 722.15 
-479.005 722.144 
-83.1068 701.138 
-306.108 699.131 
-85.1009 699.14 
-83.1909 699.227 
-81.6725 699.287 
-306.669 698.136 
-305.996 698.133 
963.909 694.135 
-83.2479 697.71 
963.331 693.131 
964.014 693.135 
997.907 685.15 
997.33 684.146 
998.005 684.144 
-337.099 674.146 
-337.662 673.138 
-336.995 673.141 
-670.089 662.143 
-670.663 661.141 
-669.991 661.141 
-649.085 631.139 
1416.92 628.142 
-649.658 630.136 
-648.985 630.138 
1416.34 627.14 
1417.01 627.14 
1070.91 622.147 
501.898 619.135 
1070.34 621.146 
1071 621.15 
501.33 618.139 
502.004 618.138 
-1125.1 566.138 
-1125.67 565.137 
-1125 565.137 
-731.102 559.137 
226.902 556.142 
-731.667 558.137 
-730.996 558.138 
226.333 555.139 
227.015 555.139 
1002.9 537.135 
1002.33 536.131 
1003 536.131 
-878.093 528.143 
-878.659 527.138 
-877.988 527.14 
610.913 508.141 
304.901 506.145 
610.336 507.143 
611.014 507.145 
304.334 505.144 
305.008 505.142 
180.897 494.133 
180.336 493.133 
181.01 493.138 
216.908 485.145 
1267.91 484.137 
216.341 484.145 
217.011 484.141 
-206.105 480.144 
1267.34 483.13 
1268.01 483.134 
940.895 478.142 
-206.669 479.148 
-205.989 479.148 
-1286.09 474.138 
940.331 477.148 
941.007 477.15 
1006.89 473.149 
-1286.66 473.125 
-1285.99 473.131 
-82.0937 470.136 
1006.33 472.137 
1007.01 472.134 
-84.0996 468.132 
-82.1857 468.221 
-80.6693 468.282 
1324.9 463.138 
-82.2483 466.713 
1324.34 462.143 
1325.01 462.14 
-1165.11 451.135 
-1165.67 450.135 
-1165 450.134 
1406.9 445.143 
1404.91 443.139 
1406.81 443.228 
1408.33 443.288 
1406.76 441.715 
1595.91 410.132 
-1150.1 409.146 
1595.33 409.131 
1596.01 409.135 
-1150.66 408.151 
-1149.99 408.152 
-1042.1 403.137 
-1042.67 402.137 
-1041.99 402.137 
-650.119 396.135 
-650.675 395.149 
-650.002 395.145 
-572.114 388.139 
-160.09 387.14 
-572.668 387.138 
-572 387.138 
-282.107 384.135 
-160.663 386.149 
-159.985 386.145 
-282.67 383.128 
-281.997 383.132 
-1410.1 379.132 
338.901 378.143 
582.906 378.136 
562.897 377.14 
-1410.67 378.129 
-1409.99 378.132 
338.34 377.128 
339.001 377.133 
582.332 377.141 
583.01 377.141 
560.896 375.131 
562.81 375.222 
564.323 375.284 
826.905 373.137 
562.752 373.712 
826.331 372.146 
827.015 372.146 
355.899 366.135 
355.326 365.139 
355.997 365.142 
-1220.1 358.139 
-1220.67 357.14 
-1220 357.145 
352.912 350.147 
352.337 349.14 
353.007 349.139 
835.906 342.144 
-844.092 340.139 
833.896 340.135 
835.813 340.225 
837.33 340.287 
-844.672 339.139 
-843.992 339.144 
-420.092 335.144 
256.901 335.134 
835.75 338.718 
-422.099 333.146 
-420.184 333.231 
-418.674 333.289 
256.337 334.131 
257.012 334.133 
751.907 331.136 
838.91 329.141 
-420.247 331.711 
751.339 330.143 
752.007 330.139 
-1142.09 326.141 
838.345 328.142 
839.011 328.138 
-1142.66 325.132 
-1141.99 325.133 
-595.107 320.132 
-595.669 319.13 
-594.993 319.13 
-513.101 316.147 
-1178.1 315.141 
-513.663 315.148 
-512.99 315.146 
-1178.67 314.131 
-1177.99 314.133 
-185.12 298.139 
-185.672 297.13 
-185.008 297.133 
-1327.1 282.143 
-1327.66 281.139 
-1326.99 281.139 
-597.081 252.146 
-256.11 251.137 
-72.1128 251.137 
-1200.1 248.143 
-597.665 251.146 
-596.981 251.15 
-256.665 250.138 
-256.003 250.141 
-72.6649 250.143 
-72.0001 250.135 
-57.0945 247.142 
-1200.67 247.143 
-1199.99 247.145 
-57.6677 246.142 
-56.9867 246.143 
115.889 242.15 
115.338 241.153 
116.002 241.152 
-1054.09 233.138 
-1054.66 232.135 
-1053.98 232.139 
-397.09 229.137 
-397.665 228.144 
-396.983 228.143 
-236.099 224.137 
-236.671 223.137 
-235.991 223.137 
-545.096 217.143 
-545.663 216.14 
-544.989 216.139 
-829.098 210.141 
-829.667 209.14 
-828.995 209.144 
-70.0893 206.14 
-248.091 203.14 
-70.6626 205.146 
-69.9853 205.146 
102.9 201.14 
-248.657 202.14 
-247.99 202.147 
102.337 200.146 
103.004 200.145 
1269.91 193.137 
1607.89 190.148 
1075.91 189.142 
1269.33 192.138 
1270.01 192.139 
-1602.1 186.133 
1607.33 189.146 
1608.01 189.148 
1075.33 188.142 
1076.01 188.143 
-1602.67 185.139 
-1601.99 185.136 
-1523.1 181.141 
-1523.67 180.15 
-1522.99 180.148 
-1070.11 176.133 
-1070.67 175.142 
-1070 175.14 
-678.103 167.139 
-1121.1 163.145 
-678.667 166.142 
-677.993 166.139 
-1121.67 162.144 
-1121 162.141 
-1460.11 146.147 
-1460.67 145.149 
-1460 145.15 
-1434.12 140.138 
-433.106 140.132 
-1434.67 139.142 
-1434 139.14 
-901.098 136.139 
-433.672 139.142 
-432.993 139.142 
-901.671 135.14 
-900.995 135.139 
188.897 118.144 
251.89 118.137 
-190.106 115.14 
188.333 117.139 
189.009 117.14 
251.323 117.137 
252.007 117.14 
-190.667 114.148 
-190.001 114.145 
162.906 105.149 
162.336 104.141 
163.013 104.142 
730.894 86.1405 
730.324 85.1476 
731.009 85.1455 
1610.91 69.1441 
1610.34 68.1424 
1611.01 68.1421 
-1614.11 61.1452 
-1614.67 60.1421 
-1614.01 60.1434 
125.895 39.1459 
412.907 36.1358 
125.329 38.1446 
126.002 38.1438 
412.337 35.1412 
413.01 35.1413 
-1351.1 21.1389 
-197.094 21.1466 
-1351.66 20.1501 
-1351 20.1511 
-197.659 20.1405 
-196.989 20.14 
-386.091 7.15135 
678.912 6.14061 
-386.652 6.15257 
-385.992 6.15038 
678.337 5.13768 
679.012 5.13548 
-722.103 -2.85841 
-722.668 -3.85915 
-721.995 -3.85414 
693.907 -30.8657 
693.334 -31.8633 
694.015 -31.864 
-829.097 -86.8605 
1592.9 -88.8594 
-829.661 -87.8502 
-828.988 -87.8507 
1402.89 -92.8605 
1592.34 -89.8609 
1593.01 -89.8649 
-1530.1 -93.8637 
1225.57 -93.8192 
1227.86 -94.9002 
1402.34 -93.8637 
1403 -93.865 
-1530.66 -94.8562 
-1530 -94.8616 
1223.36 -96.0028 
1225.46 -97.3057 
1227.93 -97.2619 
1105.9 -100.863 
1225.53 -99.3956 
1412.9 -103.86 
1105.34 -101.863 
1106.01 -101.861 
1410.9 -105.854 
1412.82 -105.774 
1414.33 -105.721 
1412.76 -107.286 
-916.091 -129.857 
-790.104 -129.853 
-301.095 -129.866 
868.891 -131.861 
-916.666 -130.858 
-915.995 -130.856 
-790.663 -130.854 
-789.997 -130.856 
-301.662 -130.862 
-300.982 -130.866 
868.334 -132.859 
869.006 -132.859 
996.903 -140.863 
996.338 -141.862 
997.006 -141.863 
-806.113 -170.862 
-21.0916 -173.862 
-806.674 -171.862 
-805.996 -171.863 
-1392.11 -175.86 
-21.6667 -174.873 
-20.9893 -174.874 
-1392.67 -176.861 
-1392 -176.862 
83.8915 -180.866 
-953.096 -184.862 
83.3382 -181.867 
84.0016 -181.867 
-953.663 -185.867 
-952.993 -185.864 
-902.1 -247.854 
-724.095 -250.849 
-902.663 -248.856 
-901.99 -248.856 
-1167.11 -252.867 
-1007.11 -252.866 
-724.663 -251.855 
-723.995 -251.852 
-1167.67 -253.871 
-1166.99 -253.871 
-1007.67 -253.855 
-1006.99 -253.856 
394.892 -264.86 
394.338 -265.868 
395.005 -265.87 
-415.081 -275.856 
-897.106 -276.851 
-415.656 -276.853 
-414.992 -276.85 
-897.665 -277.854 
-896.996 -277.851 
503.898 -282.861 
-351.096 -285.867 
503.332 -283.86 
503.998 -283.859 
-253.093 -288.858 
-351.664 -286.875 
-350.994 -286.872 
-253.658 -289.847 
-252.988 -289.85 
1178.89 -300.863 
1178.33 -301.866 
1179.01 -301.868 
-857.093 -317.869 
-857.67 -318.863 
-856.989 -318.862 
199.894 -321.863 
712.256 -323.715 
199.335 -322.861 
200.004 -322.868 
713.347 -324.847 
711.482 -324.848 
-879.104 -328.866 
-879.667 -329.864 
-878.99 -329.862 
1459.9 -334.861 
1459.33 -335.852 
1460.01 -335.852 
1178.91 -342.861 
1176.9 -344.867 
1178.82 -344.78 
1180.33 -344.721 
1178.76 -346.287 
527.891 -362.855 
-835.104 -363.863 
-755.105 -364.86 
527.334 -363.861 
528.005 -363.861 
-835.659 -364.857 
-834.989 -364.856 
-755.664 -365.863 
-754.991 -365.863 
-1408.1 -370.858 
1258.92 -370.862 
-1533.08 -371.858 
1318.9 -372.865 
-1408.67 -371.855 
-1407.99 -371.855 
1258.34 -371.858 
1259.02 -371.858 
-1533.66 -372.856 
-1532.99 -372.854 
1318.34 -373.862 
1319.01 -373.866 
898.902 -387.855 
-898.104 -389.853 
1335.91 -390.856 
898.33 -388.854 
899.008 -388.855 
-898.662 -390.858 
-897.997 -390.859 
1335.34 -391.856 
1336.01 -391.855 
19.902 -401.864 
19.3347 -402.866 
20.0091 -402.864 
-307.109 -410.852 
-307.661 -411.864 
-307.001 -411.863 
-1163.09 -427.867 
-1165.1 -429.867 
-1163.18 -429.781 
-1161.67 -429.722 
-554.105 -431.86 
-1163.25 -431.293 
-554.667 -432.85 
-553.994 -432.852 
-374.106 -436.86 
-374.671 -437.857 
-373.992 -437.856 
284.905 -452.856 
284.343 -453.863 
285.011 -453.867 
48.907 -466.865 
1173.9 -468.862 
48.3436 -467.856 
49.0133 -467.86 
-1091.1 -471.861 
1173.33 -469.877 
1174 -469.876 
-1091.67 -472.863 
-1091 -472.864 
125.885 -476.863 
125.329 -477.867 
126.006 -477.868 
-867.095 -492.859 
1269.88 -493.864 
-867.663 -493.858 
-866.989 -493.858 
1269.33 -494.862 
1270.01 -494.867 
-1443.12 -518.856 
-1443.67 -519.857 
-1443 -519.86 
1025.91 -553.854 
1025.34 -554.85 
1026.01 -554.851 
487.897 -558.863 
487.338 -559.86 
488.009 -559.863 
-578.087 -586.859 
-578.663 -587.859 
-577.984 -587.857 
-1588.1 -602.861 
-1588.67 -603.862 
-1588 -603.862 
-1182.1 -606.85 
-1182.66 -607.85 
-1181.99 -607.847 
-658.107 -612.859 
-658.668 -613.855 
-657.995 -613.857 
-717.101 -652.865 
-717.671 -653.864 
-716.994 -653.863 
85.8984 -661.861 
593.561 -663.817 
85.3283 -662.86 
86.0066 -662.857 
595.854 -664.895 
591.363 -666.005 
593.451 -667.303 
595.921 -667.26 
593.519 -669.389 
-204.107 -690.858 
-204.665 -691.856 
-204.005 -691.858 
461.905 -698.853 
185.899 -700.869 
461.337 -699.858 
462.009 -699.854 
-1015.11 -703.857 
185.327 -701.867 
186.003 -701.864 
-1015.66 -704.868 
-1014.99 -704.867 
-170.114 -708.854 
-740.112 -711.855 
-170.666 -709.858 
-170.004 -709.861 
-740.664 -712.85 
-739.993 -712.854 
323.915 -725.857 
300.903 -729.858 
323.339 -726.859 
324.009 -726.857 
300.339 -730.866 
301.012 -730.864 
-162.108 -734.864 
-162.673 -735.866 
-161.993 -735.865 
-783.105 -758.87 
-783.675 -759.87 
-783 -759.87 
182.91 -768.853 
401.899 -768.858 
-63.1024 -771.861 
182.343 -769.864 
183.008 -769.862 
401.331 -769.859 
402 -769.856 
-63.6654 -772.862 
-62.9988 -772.866 
187.902 -804.863 
187.333 -805.866 
188.012 -805.868 
549.906 -815.857 
549.339 -816.849 
550.012 -816.851 
-937.086 -820.862 
-937.66 -821.865 
-936.984 -821.867 
-856.095 -827.863 
-858.099 -829.858 
-856.181 -829.777 
-854.669 -829.723 
-856.24 -831.294 
-542.101 -837.859 
-542.665 -838.857 
-541.999 -838.858 
-218.102 -862.86 
-1366.09 -865.856 
-218.674 -863.862 
-217.994 -863.859 
-1366.66 -866.858 
-1365.99 -866.858 
-688.103 -874.859 
-688.669 -875.865 
-687.999 -875.867 
275.899 -890.856 
275.34 -891.868 
276.01 -891.867 
-1235.11 -928.857 
303.899 -928.863 
-1235.66 -929.866 
-1235 -929.862 
-1145.1 -932.859 
303.332 -929.859 
304.006 -929.864 
-1145.67 -933.862 
-1144.99 -933.861 
519.892 -946.861 
-1288.11 -947.854 
519.332 -947.858 
520.001 -947.858 
-1288.67 -948.856 
-1288 -948.857 
-636.101 -957.857 
-636.661 -958.861 
-635.992 -958.861 
199.909 -963.86 
199.333 -964.861 
200.012 -964.861 
-1054.09 -972.858 
-1054.66 -973.861 
-1053.99 -973.861 
109.903 -982.858 
109.33 -983.864 
110.008 -983.862 
351.889 -988.86 
351.335 -989.851 
352 -989.849 
-573.091 -1032.85 
-573.662 -1033.86 
-572.99 -1033.86 
-1548.1 -1038.86 
-1548.66 -1039.86 
-1547.99 -1039.86 
-223.108 -1052.85 
-223.669 -1053.85 
-223 -1053.85 
-243.097 -1067.86 
-243.661 -1068.87 
-242.994 -1068.87 
-1242.11 -1079.86 
-1242.66 -1080.86 
-1242 -1080.86 
-1266.09 -1085.86 
-1266.66 -1086.86 
-1265.99 -1086.86 
-1464.1 -1098.86 
-806.104 -1101.86 
-1464.67 -1099.86 
-1464 -1099.86 
-17.0974 -1104.86 
-806.664 -1102.86 
-805.995 -1102.86 
-17.6607 -1105.86 
-16.989 -1105.86 
-739.096 -1113.85 
-739.661 -1114.86 
-738.994 -1114.86 
414.9 -1134.85 
414.328 -1135.85 
415.013 -1135.85 
-1208.1 -1140.86 
-1573.1 -1143.86 
-1208.67 -1141.86 
-1207.99 -1141.86 
-1573.67 -1144.86 
-1572.99 -1144.86 
233.904 -1165.86 
233.337 -1166.86 
234.007 -1166.86 
-412.105 -1170.86 
-412.665 -1171.86 
-411.998 -1171.86 
-1042.11 -1177.87 
-1042.67 -1178.87 
-1042 -1178.87 
-958.095 -1188.86 
-958.662 -1189.86 
-957.992 -1189.86 
-502.092 -1194.86 
-502.655 -1195.86 
-501.986 -1195.87 
-642.106 -1208.86 
-642.67 -1209.87 
-641.994 -1209.87 
194.897 -1215.86 
194.335 -1216.86 
195.011 -1216.86 
