-494.501 1190.49 
1023.49 1190.5 
1224.5 1189.5 
-35.5052 1185.5 
537.5 1179.5 
668.498 1162.5 
-1530.5 1154.5 
-1055.49 1116.5 
527.493 1090.5 
455.499 1077.5 
776.497 1077.5 
1248.5 1071.5 
-431.499 1013.5 
561.5 1007.5 
-434.101 1006.47 
953.507 994.496 
311.498 986.503 
-153.492 977.498 
-791.5 976.509 
-522.499 972.507 
1461.5 962.501 
1095.5 927.5 
-769.504 922.506 
1184.03 909.11 
1600.51 907.498 
1184.01 909.015 
-562.494 894.5 
-1307.5 892.504 
808.503 890.498 
174.495 884.491 
671.504 862.505 
159.497 856.503 
-898.499 854.506 
512.5 847.501 
-579.5 843.501 
-8.50354 834.503 
-1511.51 834.498 
872.504 820.503 
1420.49 816.504 
918.503 809.502 
-126.495 805.507 
980.506 802.506 
1011.5 797.503 
-448.885 790.982 
255.495 775.503 
819.502 759.511 
601.496 746.504 
473.504 736.499 
-808.509 724.497 
101.503 722.495 
-1027.5 720.502 
271.503 716.496 
1133.5 705.496 
-952.499 697.497 
610.5 673.499 
-684.497 663.504 
-430.498 660.502 
543.323 658.134 
544.835 657.41 
-747.503 648.499 
-704.499 636.512 
-719.497 617.501 
-1042.5 614.5 
-1586.5 607.503 
1027.5 604.503 
47.4993 564.5 
1276.5 563.495 
-1241.49 560.494 
-216.505 544.505 
720.505 539.498 
52.5027 526.492 
744.499 526.504 
728.502 500.505 
413.49 496.501 
897.498 495.508 
-1105.5 473.5 
1064.5 467.506 
-135.503 440.503 
137.5 440.5 
-1294.5 439.503 
1103.5 422.503 
-555.497 385.497 
824.502 378.504 
-1171.5 378.509 
-738.494 378.51 
250.502 357.507 
539.504 355.5 
1492.5 355.502 
456.504 351.499 
754.497 340.493 
261.497 331.505 
-914.505 313.498 
15.4952 286.507 
734.498 283.496 
893.502 282.494 
1011.5 278.495 
-188.497 273.499 
183.509 267.497 
-1359.5 263.502 
-30.5028 263.492 
-350.507 260.499 
-798.498 258.501 
-455.501 256.502 
1026.5 215.5 
-221.5 197.5 
1153.5 197.495 
-573.498 196.502 
-121.498 186.503 
500.5 182.496 
-53.4978 166.496 
664.5 167.503 
-140.491 165.497 
347.503 135.499 
-354.498 125.509 
-1563.5 116.496 
994.502 99.4971 
509.501 83.5004 
-378.495 79.4983 
40.4955 64.4945 
-1044.5 62.5034 
-270.493 58.5017 
1416.5 47.4922 
232.496 26.4977 
438.504 22.494 
-315.503 17.5068 
0.499634 -0.49585 
-353.501 -1.49512 
444.552 -9.35767 
437.129 -11.0066 
-1352.5 -28.4946 
-464.41 -38.5186 
-950.498 -38.5063 
-460.583 -38.5006 
-392.499 -41.501 
1592.5 -44.5015 
583.505 -56.5026 
-667.505 -57.5007 
501.535 -66.9834 
1234.5 -67.4989 
886.007 -73.4904 
1402.5 -74.4918 
531.503 -95.5088 
-958.495 -134.496 
1472.49 -140.498 
756.5 -141.507 
-650.501 -148.501 
-599.501 -151.494 
116.498 -188.501 
-1324.5 -192.503 
321.505 -199.496 
-829.503 -211.499 
830.494 -218.497 
172.497 -237.5 
553.496 -240.503 
1051.5 -246.498 
-1110.5 -249.5 
-1530.5 -260.505 
-378.497 -264.499 
1295.5 -265.498 
-822.509 -267.505 
1196.5 -271.493 
859.502 -275.502 
1489.5 -301.5 
-877.497 -310.504 
-240.503 -311.494 
-755.502 -323.504 
-823.499 -328.499 
625.501 -329.497 
281.494 -342.503 
-693.497 -353.508 
-605.499 -359.496 
-1099.51 -360.498 
-1012.5 -363.499 
-6.4989 -371.498 
1518.5 -374.506 
-1204.5 -379.493 
1212 -393.999 
1339.5 -396.5 
408.495 -400.504 
271.506 -404.499 
692.489 -416.499 
631.104 -425.963 
629.951 -427.885 
-142.504 -438.501 
306.499 -455.502 
-207.498 -464.498 
-1227.5 -467.496 
-567.496 -474.503 
-257.505 -479.506 
-476.499 -481.502 
-598.501 -485.498 
126.506 -510.5 
1014.5 -564.491 
1502.51 -566.501 
1288.5 -568.502 
-477.503 -579.499 
199.504 -591.497 
-1488.5 -599.498 
655.506 -607.501 
-1360.5 -616.5 
-436.495 -624.503 
858.497 -631.497 
-1011.51 -646.506 
-490.5 -657.508 
715.501 -674.495 
1005.5 -677.5 
429.495 -679.495 
-83.496 -683.496 
-1417.5 -686.501 
-1005.5 -687.497 
283.498 -708.497 
759.499 -738.5 
-1435.5 -753.496 
505.497 -766.491 
472.498 -769.501 
-1299.5 -782.505 
-1570.5 -797.499 
-213.498 -797.511 
-1135.5 -803.501 
-1490.5 -803.498 
1518.5 -804.496 
-515.492 -807.502 
1388.5 -809.499 
-948.504 -813.49 
178.573 -817.135 
188.555 -819.239 
-487.906 -826.865 
-780.499 -835.498 
-483.195 -830.139 
-550.503 -887.496 
785.501 -916.498 
67.5024 -924.499 
1099.5 -948.505 
784.493 -958.507 
362.493 -961.509 
-724.504 -962.5 
-741.502 -978.498 
1618.51 -994.514 
1507.5 -1001.5 
-9.50208 -1004.5 
1288.5 -1012.5 
1293.5 -1038.5 
1101.5 -1047.5 
-1071.51 -1049.5 
-1183.5 -1062.5 
304.494 -1079.5 
326.502 -1082.5 
1146.5 -1097.51 
-411.496 -1106.51 
659.503 -1107.51 
-58.5016 -1109.51 
685.501 -1109.5 
170.502 -1115.49 
266.501 -1117.5 
-1148.5 -1136.51 
-930.496 -1137.5 
-954.499 -1139.49 
731.507 -1147.5 
198.494 -1149.49 
-922.741 -1154.08 
-1193.5 -1156.5 
-158.507 -1192.5 
1235.51 -1201.5 
355.499 -1209.5 
