-427.504 1209.5 
41.4982 1196.5 
479.505 1192.5 
-1325.5 1190.5 
-1510.5 1187.5 
-5.49841 1185.5 
1120.5 1170.49 
66.4963 1161.5 
-434.496 1159.5 
-1217.5 1156.5 
578.504 1148.51 
468.492 1136.5 
-175.504 1134.5 
-675.501 1132.5 
-1522.5 1126.5 
-1399.51 1120.5 
-1077.5 1118.51 
-566.502 1116.49 
948.502 1116.5 
709.498 1107.5 
1024.5 1104.5 
934.503 1096.5 
501.498 1092.5 
-1081.5 1086.51 
1022.5 1083.5 
1410.5 1082.49 
-1027.5 1082.5 
688.496 1056.5 
1105.5 1054.5 
-77.4962 1052.5 
-552.499 1040.51 
-1469.5 1037.5 
-775.5 1033.5 
527.306 1022.8 
482.498 1018.5 
527.971 1020.59 
-1338.51 1010.5 
-115.501 1008.5 
29.4994 1000.5 
-1443.51 997.499 
342.5 995.495 
-1085.5 980.497 
-47.5007 964.497 
-1317.5 959.499 
1406.5 957.501 
-1292.5 941.494 
701.508 941.504 
-634.503 929.498 
706.233 935.211 
-1134.49 915.5 
-525.499 915.502 
469.502 915.498 
1582.49 911.502 
392.004 908.503 
781.494 908.506 
925.506 903.5 
-191.504 901.502 
543.5 896.499 
219.504 895.501 
-1572.51 894.502 
617.503 894.502 
854.493 894.504 
-1451.49 891.498 
1203.49 889.496 
1085.5 882.495 
1545.5 881.499 
-1267.5 877.503 
-71.5006 876.498 
-673.503 870.502 
-875.499 869.508 
-1160.5 861.502 
313.501 856.501 
-510.501 849.502 
566.497 837.498 
-349.502 836.498 
-180.502 832.502 
924.501 825.5 
-1275.5 823.492 
47.3729 815.06 
50.0648 814.128 
-345.455 802.744 
-560.498 802.498 
-1121.51 795.499 
-345.598 801.517 
-345.196 801.397 
-350.045 773.421 
954.509 770.502 
717.501 767.5 
235.498 760.493 
380.5 756.503 
360.505 754.499 
1583.49 748.494 
-376.496 745.503 
-344.499 737.498 
-442.493 733.497 
-1327.5 732.506 
696.509 724.506 
1595.5 718.499 
-1280.5 711.499 
-1351.5 706.502 
180.503 707.5 
572.502 701.506 
-864.503 695.5 
895.505 695.506 
963.504 694.498 
-900.497 693.5 
-1098.5 693.496 
-651.495 681.503 
144.499 673.5 
169.507 672.502 
1619.5 667.507 
538.497 658.5 
-428.499 656.501 
-858.493 654.505 
588.505 653.499 
694.499 652.506 
940.499 643.5 
-185.498 642.499 
480.497 632.5 
834.501 632.496 
858.499 625.497 
98.5024 616.496 
-657.501 598.5 
1102.5 598.494 
-845.284 595.264 
42.5004 594.5 
-951.501 587.506 
-845.232 595.201 
-382.559 583.527 
-268.505 579.492 
-622.502 572.5 
-1129.49 553.499 
-1165.5 547.5 
-1083.5 540.498 
496.505 534.5 
444.496 531.5 
-11.4995 528.499 
-87.4989 525.493 
172.499 521.498 
15.5045 519.502 
720.502 519.504 
260.498 517.499 
104.505 513.506 
504.505 513.502 
1465.49 510.5 
-29.5015 502.51 
-1512.5 485.49 
336.503 483.496 
-977.504 476.495 
-1047.5 474.5 
321.496 475.497 
-305.49 472.494 
-550.502 464.498 
205.501 453.505 
-604.5 444.492 
-839.497 425.5 
521.5 423.497 
208.34 416.794 
-128.508 417.495 
200.787 412.709 
-414.498 401.5 
-1491.5 401.496 
222.501 398.494 
201.491 394.504 
-268.502 381.499 
630.5 371.502 
600.507 365.501 
-505.502 354.505 
-164.501 348.504 
-347.498 344.499 
977.502 335.503 
1257.5 331.492 
-1233.5 313.5 
-148.498 305.503 
28.4979 300.501 
-190.497 296.494 
-303.496 287.501 
-753.509 277.495 
968.5 273.494 
175.504 262.494 
549.502 248.494 
-1022.49 238.499 
-1304.5 236.498 
-1273.49 234.505 
393.503 230.498 
1251.5 228.492 
-858.501 219.501 
-361.497 216.509 
349.496 211.501 
-705.495 210.509 
-1605.51 206.5 
584.498 206.508 
-236.49 200.49 
511.494 198.496 
1329.5 199.501 
1040.5 173.502 
344.497 170.503 
-44.5049 168.509 
-852.5 167.505 
-782.498 166.497 
-44.1671 167.385 
-1068.5 150.503 
-855.489 143.507 
-1290.5 138.503 
479.506 138.505 
-491.496 127.502 
280.496 126.502 
-591.505 122.497 
380.501 119.499 
1448.5 112.495 
1445.28 107.435 
1134.5 99.5 
799.505 97.4967 
-1066.5 94.4944 
261.493 92.4968 
-87.5054 88.4946 
915.499 80.4983 
-1027.5 79.5 
-1127.5 78.5006 
166.497 77.5045 
-916.502 72.509 
1170.5 72.4946 
493.501 61.5027 
1302.49 59.502 
-976.503 58.5 
-1098.48 50.8459 
-672.501 44.501 
-1090.77 46.7014 
1312.5 32.5017 
1014.5 22.5056 
-1043.49 16.495 
-173.503 16.505 
-770.499 14.5057 
-1103.51 10.5023 
-1283.5 5.50256 
0.498901 -0.490356 
804.496 -1.4989 
610.5 -5.4989 
-1108.5 -17.4983 
-671.494 -20.5012 
-1323.5 -23.5022 
-340.513 -50.9269 
-786.506 -53.4954 
-962.502 -58.5059 
-930.497 -59.5135 
-340.495 -51.0258 
-103.503 -60.5004 
1268.51 -59.4945 
685.499 -64.4989 
951.505 -72.4927 
345.664 -80.3497 
1350.5 -78.5017 
338.745 -83.3436 
742.497 -84.5105 
1419.5 -90.5029 
-147.502 -93.5054 
-733.505 -95.5037 
-1041.5 -97.4991 
935.189 -97.8474 
-57.4993 -99.4978 
942.654 -98.9489 
986.495 -100.504 
438.499 -104.498 
306.501 -107.505 
-2.50562 -109.497 
1071.5 -127.497 
842.503 -127.498 
-1343.49 -134.495 
-382.498 -138.501 
1143.5 -154.504 
332.496 -155.501 
942.5 -166.498 
990.5 -172.5 
-1090.5 -175.497 
749.5 -188.505 
-1438.51 -192.504 
990.497 -195.5 
-972.183 -199.472 
475.5 -197.499 
-669.506 -199.502 
763.498 -203.495 
-977.798 -205.581 
-1153.49 -209.49 
-1309.5 -212.497 
130.494 -216.502 
898.502 -224.497 
-1355.49 -225.498 
472.503 -229.506 
-76.4985 -229.503 
1549.5 -238.503 
490.499 -244.498 
607.497 -244.501 
1269.49 -244.501 
-117.495 -245.504 
1142.49 -245.506 
-1003.5 -248.493 
-1140.5 -252.492 
1075.5 -257.493 
-772.502 -261.505 
491.456 -260.982 
-428.502 -268.499 
1334.5 -269.506 
-924.505 -274.5 
-563.496 -284.505 
1337.5 -294.498 
675.504 -328.503 
570.493 -330.502 
-1540.5 -341.492 
-747.494 -342.501 
-1470.5 -343.502 
691.496 -343.508 
-1506.51 -352.502 
653.498 -376.499 
-1182.5 -387.498 
-576.5 -390.499 
1361.49 -394.495 
1155.5 -405.508 
-132.5 -406.494 
528.496 -406.5 
-1097.49 -408.496 
1005.5 -415.496 
418.502 -423.498 
-1327.5 -427.501 
1437.5 -434.506 
1145.5 -437.498 
-708.497 -438.504 
1616.5 -452.495 
1002.5 -456.501 
-1460.49 -460.5 
570.499 -480.504 
-274.5 -485.503 
288.496 -495.499 
1440.5 -498.501 
-245.501 -503.502 
71.4991 -514.965 
731.229 -518.5 
738.697 -518.5 
-1148.5 -523.501 
71.4974 -518.798 
691.094 -536.052 
-737.497 -541.497 
1089.49 -594.486 
1287.5 -606.508 
-1035.5 -615.503 
118.499 -645.506 
-125.499 -648.497 
-960.502 -669.497 
628.502 -671.493 
-1091.5 -685.498 
784.497 -717.504 
-1545.5 -723.497 
40.494 -728.501 
739.505 -729.5 
81.5076 -744.508 
-506.501 -746.498 
-666.498 -751.504 
944.501 -752.502 
-999.501 -762.497 
-261.501 -764.511 
1004.51 -767.49 
-1553.5 -775.494 
338.502 -799.503 
893.495 -814.509 
651.499 -832.508 
-1170.5 -844.502 
-1010.51 -845.501 
1330.5 -849.498 
916.497 -855.505 
-964.497 -857.507 
805.498 -862.497 
-800.497 -864.503 
431.502 -872.497 
393.499 -881.499 
80.5084 -889.495 
-807.497 -906.502 
-677.494 -967.504 
1126.5 -982.499 
1194.5 -985.503 
1483.5 -990.499 
-463.501 -992.495 
992.494 -996.498 
28.4993 -1016.5 
1271.5 -1032.5 
997.503 -1050.5 
-58.5006 -1052.5 
361.498 -1063.49 
-956.503 -1065.5 
447.498 -1065.5 
1262.5 -1083.5 
-386.5 -1099.5 
327.505 -1104.5 
1235.5 -1104.5 
-1398.5 -1106.5 
-1021.5 -1122.49 
376.498 -1125.51 
-1393.5 -1130.5 
1070.5 -1132.51 
-1088.5 -1134.5 
-1371.5 -1152.5 
655.503 -1166.5 
-724.5 -1206.5 
