-551.497 1207.5 
1103.51 1189.5 
1268.49 1184.5 
701.498 1174.5 
1123.49 1172.5 
1123.5 1152.5 
-830.511 1141.49 
467.502 1139.5 
-164.494 1124.5 
422.499 1118.49 
-583.506 1117.51 
-1183.5 1113.5 
-1167.5 1103.5 
-463.751 1102.26 
-468.548 1094.85 
1338.49 1086.51 
-637.501 1075.5 
1210.5 1075.5 
-904.5 1072.5 
1357.51 1070.5 
90.5007 1066.5 
-782.501 1060.5 
-260.495 1047.5 
-486.496 1045.66 
-821.499 1043.5 
-47.4889 1038.5 
-616.507 1030.5 
1305.5 1026.5 
-406.504 1021.5 
1151.5 981.496 
-224.494 961.499 
1021.5 953.503 
-1496.22 934.989 
409.491 934.509 
-50.4946 921.495 
-1260.5 918.501 
-898.501 914.499 
-960.492 912.502 
-928.506 903.499 
1192.5 898.5 
-629.501 886.507 
-548.492 871.505 
1389.14 866.47 
1375.5 865.493 
-174.501 863.493 
867.504 863.503 
1327.11 843.396 
262.506 840.491 
-752.501 838.497 
627.499 829.033 
-1518.5 827.496 
294.502 822.499 
627.501 825.198 
-863.498 799.503 
-190.505 756.506 
-574.499 754.503 
676.493 693.499 
-1438.5 690.499 
1235.49 690.493 
-1016.5 681.493 
420.498 678.504 
-457.494 670.506 
-1402.5 659.503 
1409.5 649.499 
-1370.5 642.499 
1355.5 634.499 
-381.495 622.494 
1590.51 618.5 
592.503 604.496 
-496.513 602.493 
635.499 590.501 
-1011.5 572.501 
49.4939 566.49 
287.5 557.502 
-101.5 555.496 
-878.503 551.498 
1519.51 551.496 
903.5 546.5 
-402.498 534.5 
-1108.5 528.502 
1241.5 524.497 
1539.5 510.498 
-874.493 506.502 
1411.5 498.507 
-1337.5 496.512 
997.499 476.499 
956.505 467.498 
-400.508 459.51 
-539.504 455.504 
-358.497 449.502 
631.497 449.5 
-212.5 448.504 
-212.496 410.505 
1601.5 370.5 
-89.4929 359.497 
-1610.5 353.499 
107.5 341.495 
-1050.5 340.5 
577.502 330.497 
1595.51 317.504 
-1365.5 307.496 
492.494 296.502 
910.501 293.511 
998.5 293.501 
-1390.5 273.497 
-324.499 271.502 
873.511 255.503 
184.498 249.507 
921.5 237.504 
-685.498 231.499 
-372.5 223.5 
-676.501 212.497 
-426.493 212.503 
1207.51 203.5 
-655.504 195.497 
-1328.51 187.503 
-1482.5 165.497 
1327.5 158.5 
-108.492 157.502 
-720.499 133.498 
1360.5 107.499 
1583.5 107.496 
-889.496 102.502 
539.498 101.5 
270.505 100.502 
238.501 91.4966 
1445.5 71.4965 
371.505 70.501 
-1083.5 66.4974 
-1382.5 50.4989 
-1319.49 49.4949 
1290.5 43.4939 
519.502 34.4965 
-1119.49 23.4976 
866.502 18.4911 
-200.5 15.4952 
235.501 15.5004 
-1047.51 6.50073 
-1566.51 1.50244 
0.501465 -0.494141 
-277.503 -2.49719 
-44.5007 -8.50073 
370.502 -8.49744 
70.5055 -9.49792 
938.5 -13.4979 
-172.497 -47.4969 
-1070.51 -47.5043 
-944.505 -48.4939 
20.506 -49.4911 
366.504 -55.5096 
1556.5 -57.4984 
-1553.49 -62.5004 
-665.501 -62.4996 
-1301.51 -68.5039 
987.503 -74.5024 
-744.505 -79.5065 
758.502 -81.502 
551.497 -81.4972 
923.502 -94.4977 
1047.51 -105.498 
1053.31 -111.612 
1199.5 -121.507 
491.496 -149.499 
1042.5 -150.505 
-56.4951 -152.504 
918.5 -166.509 
-533.5 -168.5 
702.503 -172.503 
-658.501 -173.5 
-382.493 -194.504 
28.5004 -200.495 
-1125.51 -211.499 
-151.5 -215.489 
-725.504 -223.503 
1207.49 -228.504 
1565.5 -246.502 
826.5 -251.506 
677.492 -258.5 
-431.507 -261.498 
-739.504 -271.501 
1300.5 -272.5 
-250.495 -284.499 
58.4911 -296.505 
1429.5 -303.492 
-711.499 -316.509 
489.501 -316.503 
1174.5 -322.496 
6.49902 -360.497 
-439.499 -365.499 
1266.5 -368.502 
460.5 -377.509 
1011.51 -391.499 
146.501 -399.497 
591.498 -417.503 
-448.493 -432.504 
1012.5 -434.497 
103.497 -437.501 
1425.51 -436.497 
-837.501 -456.499 
322.507 -459.5 
396.498 -475.503 
-859.501 -484.5 
-149.502 -503.504 
-51.5051 -546.503 
238.496 -564.507 
595.501 -566.5 
1222.51 -578.51 
51.4982 -589.504 
-768.505 -596.495 
217.489 -607.506 
-1617.5 -610.493 
-234.502 -631.502 
211.503 -631.502 
349.5 -649.498 
-697.502 -657.499 
-573.505 -665.49 
79.4908 -673.493 
-654.499 -707.5 
2.50073 -713.504 
-711.501 -726.497 
-583.502 -730.504 
-1391.5 -741.502 
683.497 -745.495 
-975.491 -749.5 
468.496 -751.507 
579.503 -757.494 
-776.494 -763.495 
-399.5 -771.499 
-834.507 -773.498 
-440.504 -793.492 
390.497 -800.498 
914.502 -805.498 
-728.502 -824.503 
-523.505 -838.498 
417.494 -840.502 
748.496 -842.5 
-1375.5 -850.505 
120.498 -852.501 
1343.5 -863.5 
-677.499 -867.496 
-350.508 -880.496 
-763.498 -892.507 
-273.504 -895.504 
1224.5 -898.506 
1158.5 -907.498 
-1556.5 -910.498 
576.504 -913.507 
769.499 -928.496 
1404.5 -945.506 
-1226.49 -946.5 
496.499 -952.497 
-767.5 -958.51 
-171.502 -962.509 
-1159.5 -967.497 
1585.51 -971.491 
-604.501 -978.503 
115.499 -985.494 
764.505 -999.51 
1031.5 -1000.51 
608.501 -1009.5 
-174.502 -1016.5 
-644.501 -1018.5 
-1429.49 -1019.5 
-1460.5 -1021.49 
945.498 -1034.5 
1029.5 -1043.5 
-1071.5 -1046.5 
1615.49 -1046.5 
250.497 -1049.49 
-162.495 -1054.5 
933.505 -1076.5 
187.497 -1077.5 
794.501 -1101.5 
-508.502 -1107.5 
463.502 -1108.49 
1563.5 -1111.5 
859.496 -1116.5 
993.5 -1119.51 
1235.5 -1129.5 
1188.5 -1133.49 
-395.489 -1138.5 
79.4961 -1188.5 
425.495 -1192.5 
627.501 -1197.49 
354.496 -1207.5 
700.504 -1206.51 
