-511.501 1206.5 
381.502 1205.49 
-117.493 1195.5 
400.503 1195.5 
561.502 1195.49 
-242.498 1194.5 
-397.497 1187.51 
102.503 1187.5 
675.509 1186.5 
116.14 1175.89 
-1568.5 1172.51 
-1131.51 1166.51 
768.499 1166.51 
389.496 1164 
-86.4984 1156.5 
246.495 1155.5 
1034.5 1154.5 
675.505 1148.5 
1288.49 1148.5 
738.938 1134.85 
984.501 1135.5 
390.499 1130.5 
732.156 1126.16 
1045.5 1120.5 
732.928 1125.36 
428.505 1116.5 
1023.51 1106.5 
772.501 1096.49 
205.497 1095.5 
-305.505 1083.5 
209.15 1089.96 
-727.503 1082.51 
697.498 1082.5 
-84.7476 1077.61 
-106.501 1074.5 
-77.2598 1074.83 
1013.51 1071.49 
199.495 1069.5 
687.734 1069.25 
214.502 1057.5 
1037.5 1056.5 
440.499 1054.5 
-1543.51 1052.51 
969.498 1046.5 
-795.5 1041.5 
1127.49 1027.49 
-1461.5 1023.5 
293.505 1020.5 
585.503 1019.5 
373.505 1013.5 
305.501 1002.5 
-102.502 988.499 
161.506 988.494 
585.509 987.494 
1262.5 983.497 
-1153.5 977.503 
-801.498 974.499 
1247.5 967.496 
-100.497 959.496 
404.496 955.501 
674.496 942.495 
292.498 941.501 
918.498 941.496 
742.497 939.5 
279.5 926.499 
-1211.51 924.505 
-1031.5 923.501 
-61.5063 922.508 
-721.499 916.504 
-430.501 915.501 
-189.495 909.495 
291.502 909.496 
911.503 905.502 
426.499 897.503 
39.4998 885.505 
566.497 875.502 
1517.5 871.492 
1108.5 859.497 
-279.503 852.497 
294.5 851.495 
-191.502 843.496 
-871.498 834.499 
813.496 828.501 
-1121.5 827.501 
-713.505 817.502 
1103.51 810.497 
720.505 804.502 
351.499 800.496 
-1498.5 780.503 
-1188.49 776.498 
-166.498 766.508 
174.503 766.5 
-1367.5 763.504 
462.497 763.503 
1109.62 756.099 
216.504 754.491 
254.495 753.505 
859.499 753.5 
1115.12 752.861 
-118.507 744.504 
364.506 734.504 
440.498 723.506 
-918.506 720.505 
1291.5 720.505 
663.502 718.496 
1321.5 716.502 
-152.501 702.507 
327.494 694.496 
-1346.5 693.496 
-892.498 685.503 
-60.4963 676.5 
-1177.5 673.502 
-664.492 668.505 
262.496 667.507 
-764.494 663.497 
-462.506 656.488 
38.4952 655.497 
789.5 653.497 
-1159.5 650.506 
213.499 646.501 
154.502 644.499 
-666.504 643.503 
-511.495 640.508 
-362.506 632.497 
-81.5029 632.499 
139.547 630.678 
-953.501 629.498 
139.75 629.159 
193.743 617.067 
198.12 617.08 
-600.502 603.501 
-466.507 598.492 
-1061.5 597.505 
143.5 596.504 
354.502 595.502 
-1585.5 591.507 
-485.498 590.495 
-886.498 587.497 
524.501 583.503 
-800.502 580.5 
553.495 578.503 
-1097.5 574.498 
-76.4994 571.5 
-504.502 564.494 
479.504 560.937 
-64.3997 553.879 
753.495 551.501 
1439.5 551.497 
-80.5051 546.496 
-122.501 545.502 
-326.503 543.499 
132.503 542.514 
272.497 542.501 
-686.501 538.498 
476.501 538.496 
-1159.5 537.502 
85.5068 533.505 
-948.503 523.492 
182.24 523.041 
527.501 522.5 
177.801 522.66 
-535.497 520.495 
628.501 520.497 
284.5 519.508 
485.498 519.494 
-793.5 516.505 
1373.5 514.5 
-858.503 509.505 
-1111.5 500.503 
-659.497 496.497 
-654.524 487.407 
120.503 467.501 
-1043.5 466.504 
268.506 460.504 
-340.498 453.498 
805.503 451.504 
-640.5 444.505 
876.501 444.502 
-266.5 434.504 
203.508 432.498 
15.5067 425.501 
-839.497 415.496 
407.501 415.502 
570.495 408.498 
-935.509 394.503 
-581.383 392.297 
-513.502 390.502 
244.504 390.499 
-579.682 387.956 
671.503 377.499 
395.497 370.497 
1128.5 370.506 
-482.495 368.499 
-357.498 363.496 
-537.502 359.505 
385.293 361.507 
1598.49 344.5 
1352.5 338.499 
-406.501 333.498 
-16.5017 332.494 
1307.5 330.499 
-354.498 324.497 
-20.2185 323.437 
-4.50098 313.501 
-1179.5 306.497 
-416.261 298.013 
39.5032 296.498 
-1428.5 294.496 
-839.502 292.496 
-412.238 295.401 
-1487.5 285.504 
-680.493 282.506 
-1068.49 279.501 
905.504 279.501 
-470.498 275.506 
55.5018 272.501 
-1194.5 265.495 
788.501 265.498 
-101.494 261.508 
334.499 252.503 
915.497 238.493 
1422.5 234.5 
983.499 202.498 
-12.4988 193.495 
924.503 193.498 
1535.51 189.505 
-277.5 186.501 
28.4996 186.498 
192.505 179.498 
1319.5 177.503 
-332.504 169.503 
-808.502 156.496 
-579.495 155.495 
190.501 153.499 
-1432.5 151.495 
105.499 149.499 
1151.5 138.496 
-247.496 135.501 
-91.4944 127.496 
-899.501 126.495 
758.492 125.507 
-19.5006 123.499 
-805.496 122.496 
-157.504 110.503 
1620.5 112.498 
-123.503 102.507 
789.504 100.504 
-930.496 87.5033 
-111.185 88.3334 
97.5059 84.5 
619.5 84.4963 
-46.4939 82.4972 
-111.203 78.4109 
142.503 75.4949 
887.493 70.504 
-629.496 67.496 
-68.501 65.5033 
-180.503 59.4937 
-667.504 58.5024 
-117.503 55.5031 
185.495 55.5035 
1520.5 49.495 
242.503 37.4934 
-140.498 36.5022 
-886.503 19.5112 
-287.495 17.4968 
138.501 7.49548 
-260.508 6.49707 
1441.5 5.50037 
-167.499 3.49097 
0.498535 -0.497437 
256.652 -12.6501 
-1089.5 -11.4972 
-71.4991 -12.4968 
-300.501 -19.4929 
206.5 -23.5021 
83.4943 -24.5046 
656.506 -24.4996 
-1192.5 -25.4982 
-1163.49 -26.498 
458.502 -28.4995 
-1498.5 -29.4949 
-1012.5 -30.4926 
-72.5026 -30.495 
-885.494 -35.501 
-339.499 -38.5037 
1540.5 -43.4987 
-501.499 -49.5094 
-590.501 -55.4985 
-849.501 -57.5024 
-243.495 -60.4979 
-195.501 -61.5011 
659.503 -67.5011 
-764.494 -71.504 
-862.502 -73.5 
828.503 -73.4961 
1489.51 -73.5063 
-1397.5 -75.5005 
-1356.51 -76.4924 
-556.502 -80.4958 
368.499 -81.4916 
96.494 -82.5063 
-95.5028 -89.5006 
-324.502 -98.5 
17.4969 -101.495 
344.498 -103.504 
48.4954 -104.499 
21.4481 -106.917 
-1092.5 -120.502 
-1442.5 -125.505 
239.496 -125.504 
1552.5 -137.499 
94.5044 -138.499 
-1.50476 -153.496 
-753.509 -161.495 
1265.5 -165.505 
675.504 -169.505 
-429.497 -184.495 
291.504 -187.508 
-803.496 -188.498 
-1566.5 -190.496 
-152.502 -203.509 
-768.493 -207.502 
469.493 -209.503 
-340.501 -219.495 
633.498 -220.507 
-1219.5 -222.502 
-357.495 -227.51 
-902.5 -232.502 
-336.909 -227.492 
757.498 -235.505 
-1372.5 -239.497 
1241.49 -244.506 
-555.499 -261.496 
125.504 -262.49 
-1500.5 -266.497 
494.5 -271.502 
1060.5 -271.499 
87.5015 -276.495 
-364.502 -284.508 
-561.5 -290.505 
-36.5032 -295.504 
-728.498 -311.501 
-545.502 -312.503 
391.504 -317.499 
-659.5 -341.489 
653.506 -342.493 
18.5035 -350.496 
1414.5 -356.511 
-796.498 -362.506 
-957.502 -363.499 
-817.502 -370.509 
1125.51 -374.498 
-404.503 -377.497 
276.501 -378.497 
-543.499 -379.501 
-337.495 -381.502 
-466.499 -391.359 
-466.848 -392.5 
906.501 -405.492 
510.5 -417.501 
-70.5021 -421.503 
-1210.49 -423.497 
-184.5 -426.496 
1395.5 -428.505 
-1556.5 -430.499 
-10.5052 -431.493 
558.499 -437.499 
-955.498 -444.508 
-1177.5 -445.498 
-252.502 -454.501 
-108.503 -460.506 
-914.494 -466.494 
-1089.5 -471.501 
-428.496 -471.494 
715.493 -471.502 
171.498 -476.507 
-464.501 -487.495 
44.5033 -490.503 
312.499 -494.511 
-455.507 -505.503 
237.499 -509.498 
95.4968 -513.498 
122.505 -514.5 
-548.501 -515.503 
-842.507 -517.498 
-54.4957 -520.497 
984.495 -523.497 
-346.504 -529.502 
534.502 -538.503 
307.491 -541.498 
-5.50281 -551.506 
1307.5 -560.503 
-738.499 -563.501 
1465.5 -566.5 
-1383.5 -572.495 
545.501 -581.495 
909.499 -585.499 
739.5 -592.499 
634.489 -593.5 
-1135.51 -595.506 
-653.501 -598.506 
-783.492 -622.502 
265.501 -626.503 
-376.493 -628.501 
-1584.49 -635.497 
-749.504 -637.496 
-1249.5 -654.505 
26.4989 -660.504 
-1049.5 -666.497 
-227.504 -670.505 
-150.501 -673.499 
-1003.5 -688.496 
-1254.5 -702.497 
1507.5 -702.497 
-1096.5 -719.505 
-135.496 -721.494 
44.5007 -722.5 
-475.501 -723.501 
782.494 -736.503 
-1199.5 -741.496 
-832.501 -745.497 
61.4934 -750.497 
1459.5 -752.499 
1352.5 -757.506 
188.504 -761.496 
-880.505 -761.505 
1345.74 -765.217 
-538.502 -770.497 
500.51 -772.496 
298.497 -779.499 
-467.507 -781.5 
78.5029 -796.496 
-310.493 -816.509 
-671.503 -818.497 
-1519.5 -819.502 
-1226.5 -825.501 
881.494 -827.506 
-832.502 -829.502 
-1414.5 -831.497 
182.502 -832.505 
570.497 -848.496 
1415.5 -851.508 
-1537.5 -853.497 
-1358.5 -859.497 
1109.5 -862.502 
998.498 -863.49 
45.5018 -865.504 
-1426.5 -868.501 
-717.489 -877.501 
-1051.49 -880.498 
-957.504 -882.497 
1490.5 -892.507 
-951.245 -889.777 
-1463.89 -896.907 
-1486.46 -901.589 
-1455.4 -902.262 
252.492 -905.502 
-1486.11 -902.572 
-908.5 -911.499 
-1492.48 -934.484 
-677.502 -941.498 
-41.4924 -947.498 
-298.507 -958.503 
1165.5 -959.505 
-1497.61 -968.025 
340.497 -976.502 
-626.504 -979.502 
-272.505 -980.505 
-910.493 -987.507 
-1196.51 -994.5 
-964.503 -999.494 
-742.499 -1000.5 
-925.499 -1006.5 
757.492 -1010.49 
-1305.5 -1021.5 
-1040.5 -1024.51 
-290.502 -1038.5 
-197.495 -1039.5 
-1451.5 -1048.5 
145.499 -1048.5 
781.12 -1053.8 
-942.506 -1053.51 
776.5 -1055.52 
763.505 -1064.49 
434.502 -1071.49 
1112.49 -1076.5 
-1146.5 -1086.51 
-863.496 -1101.5 
-1476.5 -1106.5 
552.499 -1109.5 
-396.5 -1116.5 
-831.499 -1144.49 
-473.499 -1145.5 
-1453.49 -1148.5 
903.496 -1155.5 
1076.49 -1159.5 
-1589.51 -1167.5 
1095.5 -1168.5 
44.5022 -1170.5 
-782.496 -1185.5 
-1537.5 -1193.5 
-1582.49 -1195.49 
-1463.5 -1199.49 
-490.498 -1199.5 
461.506 -1200.5 
-688.498 -1203.5 
-410.501 -1211.5 
