368.499 1198.49 
871.499 1198.5 
-112.497 1197.5 
-1293.5 1186.5 
-982.103 1184.2 
12.4939 1181.5 
-1370.5 1180.51 
-976.236 1176.85 
858.503 1170.5 
-763.506 1148.5 
1011.5 1140.5 
-68.5045 1140.5 
702.508 1131.5 
-124.504 1123.5 
-377.498 1115.5 
2.49622 1110.5 
612.5 1090.51 
-187.491 1089.5 
-242.501 1082.5 
186.497 1055.5 
-1569.5 1047.5 
-1280.5 1047.5 
-732.502 1039.5 
144.497 1035.51 
-139.501 1022.51 
-945.497 1017.95 
1121.5 1015.5 
1371.5 1006.5 
1247.51 1000.49 
60.4983 994.497 
-880.499 993.506 
-1231.5 991.495 
-88.5026 975.501 
1020.49 967.504 
-170.508 957.497 
229.499 939.498 
-587.505 936.496 
717.498 933.495 
1040.5 922.492 
305.496 918.498 
-526.498 912.497 
-955.498 909.506 
1414.51 894.501 
-171.496 893.499 
-779.5 883.504 
-753.503 883.501 
-18.5035 862.497 
402.5 844.506 
-1580.5 838.505 
-1096.5 838.498 
-1239.49 835.494 
-440.502 833.505 
1197.5 833.504 
-56.4962 827.503 
-1239.5 820.189 
-1548.5 814.499 
-1239.5 818.496 
1409.49 801.504 
1099.5 800.507 
690.498 798.498 
393.499 791.503 
402.506 754.503 
70.4883 733.503 
1205.5 732.494 
1379.51 728.498 
817.494 725.495 
748.509 703.505 
174.496 697.504 
-978.499 686.496 
1570.5 677.497 
1026.5 650.499 
-1426.5 639.5 
-1559.51 638.503 
1541.5 637.499 
-746.509 629.5 
1380.49 626.497 
623.508 610.493 
1446.5 604.503 
-542.501 602.495 
-526.505 591.503 
-600.497 589.496 
1592.5 589.502 
967.506 575.493 
-69.5021 569.499 
893.502 568.496 
-143.5 556.498 
738.494 554.503 
1175.51 551.502 
1248.51 536.505 
-230.499 532.5 
-520.5 531.5 
17.5034 530.499 
1233.5 526.498 
946.501 523.494 
494.509 508.502 
-559.502 495.5 
-1213.5 489.496 
-799.502 485.493 
1065.5 473.502 
-78.5007 466.493 
-869.501 463.499 
-776.503 460.504 
-926.507 457.498 
1296.5 454.496 
217.495 415.503 
1373.5 413.498 
-295.498 411.501 
-436.502 397.502 
-705.501 392.506 
-1506.49 387.493 
57.4974 385.498 
-374.503 380.501 
1534.5 372.5 
892.499 360.5 
574.506 355.499 
1047.5 353.511 
1232.5 351.502 
-338.498 350.5 
268.502 328.498 
-1344.5 325.502 
-863.504 308.504 
-234.496 305.498 
-352.495 296.503 
668.499 288.5 
464.502 279.496 
-887.499 272.499 
584.499 260.495 
1253.5 259.502 
-1365.5 255.494 
-119.502 255.495 
1344.5 240.493 
1476.5 233.501 
1069.5 222.501 
-340.504 221.51 
51.5023 219.505 
1000.51 218.5 
-402.504 197.5 
-892.5 197.494 
263.003 191.517 
186.506 190.504 
1336.5 190.504 
871.503 175.5 
475.49 159.505 
-290.502 158.505 
659.509 157.507 
828.505 152.498 
1433.49 142.498 
-1371.5 110.496 
-43.5046 107.504 
672.503 95.5011 
-514.506 92.5039 
1476.5 81.5016 
152.499 69.5078 
125.503 67.4996 
30.4982 61.5054 
71.4996 61.4908 
1385.5 61.5073 
-155.945 57.5005 
910.496 54.5018 
704.499 32.4969 
279.502 16.4979 
-294.497 12.4982 
0.499634 -0.495239 
-970.496 -12.4972 
766.501 -22.4946 
1432.49 -21.4974 
-622.495 -25.5024 
-1272.5 -41.494 
787.503 -51.501 
-1274.05 -48.4971 
-630.497 -54.5 
-188.507 -57.5021 
849.499 -57.494 
437.504 -72.5071 
221.504 -90.5004 
-302.491 -93.5066 
-1365.5 -101.504 
-518.505 -106.498 
-792.501 -112.505 
1229.5 -115.499 
-161.505 -119.498 
777.493 -126.497 
-218.6 -147.978 
-217.161 -148.356 
1185.51 -154.5 
1330.5 -154.506 
-488.499 -156.497 
1350.5 -165.502 
-907.494 -166.498 
1471.5 -185.502 
-1397.5 -187.505 
797.502 -189.505 
-657.5 -190.498 
292.498 -199.496 
673.501 -202.499 
142.506 -213.506 
-25.4976 -214.494 
-0.496582 -219.499 
338.504 -231.491 
-1408.5 -242.5 
-8.50342 -247.503 
-1251.49 -260.495 
-1250.07 -260.496 
891.503 -278.496 
1108.5 -278.502 
1338.5 -291.5 
-297.503 -327.497 
111.504 -334.503 
-675.499 -355.493 
1444.5 -374.503 
304.501 -380.502 
60.4979 -386.501 
-1206.5 -387.502 
-661.495 -390.504 
1604.5 -399.11 
200.498 -406.505 
1604.5 -399.501 
449.498 -419.506 
-141.49 -428.51 
336.504 -434.493 
58.494 -444.494 
-948.498 -445.496 
1595.5 -449.494 
-553.501 -452.504 
-217.496 -453.505 
-1500.5 -455.498 
1295.5 -467.496 
-1573.51 -489.496 
-1520.5 -489.495 
713.508 -489.496 
1188.5 -498.498 
-419.497 -503.497 
-1535.5 -513.506 
-403.504 -525.498 
884.503 -527.498 
-838.497 -528.495 
345.501 -550.5 
1078.5 -569.501 
29.5007 -574.502 
744.5 -603.499 
-129.49 -605.498 
-464.502 -611.506 
-642.5 -641.505 
603.507 -642.5 
823.501 -645.507 
-685.504 -679.505 
-264.503 -696.504 
-92.5017 -700.505 
-1299.5 -713.499 
-858.504 -717.499 
303.997 -745.998 
-1520.5 -781.498 
-1036.5 -783.498 
-144.5 -783.513 
-687.496 -788.497 
-765.504 -788.503 
894.507 -792.504 
-877.507 -809.503 
-128.553 -813.762 
722.499 -814.503 
-780.498 -817.5 
19.4958 -820.492 
-137.248 -820.239 
-1156.5 -822.5 
1203.5 -834.493 
-351.507 -844.501 
641.504 -849.501 
943.497 -853.497 
-55.5674 -855.88 
207.498 -853.498 
-56.6257 -856.814 
-561.503 -867.502 
507.503 -868.499 
-19.5037 -876.496 
299.502 -908.502 
805.503 -928.504 
-1285.51 -931.505 
-1012.5 -933.498 
-1574.5 -939.503 
-586.503 -950.507 
1458.5 -951.497 
345.499 -957.5 
697.001 -965.5 
-901.504 -979.501 
1517.5 -993.493 
-1030.51 -994.503 
46.4968 -1021.5 
-944.501 -1042.51 
1001.49 -1045.51 
1235.49 -1052.49 
-195.496 -1057.5 
1290.5 -1074.5 
1448.5 -1074.5 
-983.499 -1077.5 
144.499 -1091.51 
1518.5 -1107.5 
825.503 -1117.5 
-413.503 -1118.49 
-1020.5 -1139.5 
1326.5 -1150.5 
-339.503 -1151.5 
-1100.38 -1161.57 
-1107.28 -1163.12 
236.503 -1162.49 
1368.5 -1176.49 
180.5 -1193.51 
179.905 -1196.83 
584.502 -1207.5 
