-521.5 1208.5 
360.5 1201.5 
-796.496 1196.5 
1565.5 1194.5 
879.496 1185.5 
1444.49 1182.51 
-1404.5 1165.49 
696.504 1160.5 
-355.503 1159.5 
-1419.51 1137.5 
-958.351 1132.99 
1271.5 1126.5 
-1018.5 1126.5 
-958.581 1132.39 
-1353.5 1122.5 
728.499 1111.5 
-411.496 1107.5 
-952.494 1100.51 
153.497 1099.49 
-1587.5 1096.5 
-353.497 1072.5 
-845.498 1062.51 
953.5 1057.5 
1453.49 1057.5 
1242.5 1051.49 
-297.502 1050.5 
452.497 1038.5 
-28.5029 1034.49 
270.505 1029.5 
254.508 1006.5 
752.81 999.308 
140.496 1000.5 
900.506 996.489 
1322.51 993.496 
752.782 998.837 
342.498 988.505 
925.5 984.496 
1319.39 987.789 
-672.496 974.499 
31.4977 972.98 
1379.5 971.505 
1233.49 969.502 
1042.5 967.499 
-0.506714 961.499 
737.492 956.5 
-1106.51 946.497 
-1070.5 946.502 
1000.5 945.507 
761.501 940.492 
559.501 939.505 
1028.5 933.498 
1335.51 934.507 
1265.5 931.502 
1478.5 930.499 
-680.498 925.499 
1381.5 922.504 
243.503 900.501 
1314.5 891.494 
1402.49 882.504 
790.503 875.499 
1431.51 873.499 
-1278.5 872.504 
1228.5 872.502 
1502.5 865.496 
1033.49 864.499 
1487.5 864.501 
1610.55 863.007 
1451.5 861.498 
-977.507 860.508 
749.501 849.504 
-110.501 840.505 
1382.5 823.504 
267.51 823.492 
-231.492 822.5 
1143.79 818.245 
1148.73 811.315 
1236.5 800.492 
1511.51 797.497 
441.499 785.504 
250.495 779.497 
955.499 757.501 
1112.5 751.508 
1337.5 746.502 
-1219.5 743.504 
1155.5 734.505 
-941.492 726.496 
133.498 723.505 
1281.5 717.5 
1576.5 713.502 
133.997 718.042 
673.504 712.505 
-779.504 687.5 
234.506 686.499 
622.493 678.498 
168.5 670.496 
-991.506 668.496 
65.5011 668.493 
1336.5 666.508 
1475.5 666.504 
1447.5 648.502 
478.504 647.499 
96.4963 643.492 
-585.493 630.502 
546.495 629.505 
875.501 619.499 
-1277.49 618.501 
-374.506 614.503 
-1451.51 613.498 
678.495 611.504 
-365.898 600.504 
1489.5 575.493 
-999.508 568.505 
960.502 565.488 
-1596.5 557.5 
148.497 554.499 
201.498 543.492 
-592.497 526.501 
1334.22 509.872 
1570.5 508.497 
1359.5 497.493 
741.496 495.5 
-56.4996 494.492 
1332.4 488.534 
205.5 486.496 
1332.27 487.971 
-663.494 475.501 
1291.51 470.496 
-1554.5 465.498 
-334.499 458.504 
775.502 439.504 
471.358 437.036 
1496.5 428.506 
-594.496 427.492 
566.507 419.498 
-34.5031 418.492 
-449.502 417.503 
-865.503 414.502 
-961.507 412.499 
841.498 412.499 
906.505 410.499 
1344.5 406.493 
-1266.5 404.501 
-1122.5 397.501 
-180.501 397.502 
798.501 388.496 
1183.5 375.501 
-103.505 369.498 
-1440.5 368.505 
-400.496 367.499 
384.508 356.496 
-461.502 353.506 
1005.5 339.508 
1509.5 329.502 
1208.51 325.493 
203.501 319.497 
436.495 298.502 
1236.5 297.507 
-201.496 293.5 
643.503 284.503 
1488.5 280.502 
438.503 278.506 
-340.785 260.869 
-337.144 258.931 
-322.841 239.933 
-1025.5 230.503 
1565.49 229.504 
-570.5 227.502 
-495.499 222.503 
-155.495 216.506 
-590.503 207.501 
814.503 197.498 
466.503 182.494 
384.502 176.498 
714.218 175.553 
1255.51 175.501 
1393.5 173.51 
715.681 175.301 
883.497 162.504 
485.504 161.502 
-1081.5 153.495 
-212.497 152.499 
-557.505 151.5 
1595.5 142.506 
1399.5 137.505 
-516.503 111.506 
-518.655 102.889 
804.499 98.5054 
-1386.5 93.4937 
1458.5 86.5015 
-889.498 84.4985 
521.5 81.5026 
958.501 78.4961 
1016.5 78.5061 
1360.5 63.5005 
541.506 62.4994 
905.499 62.5026 
1101.49 53.4989 
60.4974 44.5051 
-1610.5 40.4935 
-1300.5 38.5082 
1382.5 35.4952 
249.498 32.4962 
-810.506 27.4966 
1574.5 26.4965 
375.505 26.5007 
1394.5 10.494 
717.496 9.5022 
988.501 8.4978 
0.501465 -0.492188 
1408.18 -2.11707 
315.498 -3.49902 
1358.5 -8.50122 
1618.5 -14.5032 
-577.495 -19.501 
695.503 -21.4919 
-1199.5 -22.4979 
-1573.5 -23.4976 
1105.5 -31.5043 
146.501 -32.4966 
862.501 -40.4969 
-237.495 -53.5 
1341.5 -65.5035 
-7.49927 -65.5011 
-861.499 -72.5061 
189.502 -74.4979 
-1103.49 -77.5006 
1058.5 -77.4954 
771.976 -78.5068 
1529.5 -88.4988 
850.503 -90.5011 
-166.501 -92.4972 
-1173.5 -93.5013 
1509.5 -112.501 
-1244.5 -121.502 
1091.51 -127.507 
1530.5 -134.502 
-124.504 -136.503 
1388.5 -154.497 
637.502 -158.502 
-171.51 -171.502 
38.4989 -186.497 
-1085.5 -188.502 
1388.5 -195.502 
-780.496 -198.504 
865.498 -202.496 
1025.5 -203.498 
1488.5 -205.507 
1396.94 -204.935 
1473.49 -217.5 
189.496 -225.497 
1218.5 -237.496 
1098.5 -245.497 
-278.498 -249.505 
1027.5 -250.503 
324.499 -257.502 
-390.49 -269.5 
-990.499 -273.51 
1106.5 -281.503 
-746.498 -288.507 
1545.49 -291.502 
-1138.94 -299.159 
1389.5 -302.497 
-1137.69 -299.557 
1607.5 -306.492 
96.4994 -312.506 
616.496 -320.499 
-118.504 -338.496 
233.5 -343.502 
545.502 -344.496 
1142.5 -345.505 
1576.5 -346.497 
909.496 -348.504 
1454.86 -378.901 
538.502 -380.503 
1459.86 -381.321 
1058.5 -392.503 
728.498 -396.501 
-1068.5 -405.498 
-300.5 -406.501 
1335.5 -413.5 
1194.5 -427.501 
-1230.49 -437.503 
470.499 -445.501 
667.495 -446.507 
-1279.49 -450.499 
-653.508 -453.501 
488.5 -453.506 
-521.506 -478.497 
146.503 -482.5 
-884.497 -483.504 
1175.5 -493.496 
-572.681 -497.226 
1189.18 -498.358 
-1061.5 -505.502 
-572.005 -499.469 
71.4989 -509.496 
1178.5 -516.497 
1194.49 -517.499 
442.506 -522.494 
-460.502 -533.506 
-1365.49 -533.496 
-325.493 -535.495 
-251.505 -554.494 
-1421.5 -557.503 
1158.5 -559.504 
1244.5 -564.5 
-450.502 -574.5 
-1539.5 -576.508 
1453.5 -603.504 
1321.5 -642.499 
399.504 -645.5 
-1300.51 -655.505 
490.504 -657.494 
524.497 -668.5 
228.495 -677.502 
-944.498 -690.501 
-264.501 -699.499 
1334.5 -708.502 
395.493 -710.507 
1492.5 -711.499 
-832.5 -720.502 
1508.5 -728.496 
802.495 -736.503 
1586.5 -742.496 
-537.503 -757.496 
-1350.5 -759.499 
-461.497 -768.5 
1451.5 -770.499 
-217.498 -797.501 
1546.5 -801.499 
359.495 -802.498 
974.499 -806.512 
-538.507 -808.506 
-1101.5 -825.111 
490.5 -823.498 
970.5 -826.501 
-1101.5 -825.502 
580.498 -842.5 
-732.505 -864.495 
232.498 -874.502 
-317.507 -875.506 
-387.482 -878.544 
-164.512 -876.492 
-1131.5 -881.499 
388.504 -889.503 
721.502 -888.504 
-21.5 -892.498 
1322.5 -893.509 
1069.5 -913.498 
44.5026 -922.508 
-66.5017 -938.497 
11.4976 -938.505 
809.5 -939.506 
-146.495 -948.505 
1441.5 -949.503 
-65.4413 -947.367 
64.5012 -961.499 
1399.5 -976.5 
-163.499 -987.505 
801.5 -993.501 
-520.504 -995.499 
-150.502 -1006.5 
-5.50208 -1006.5 
-1215.5 -1008.49 
-1200.49 -1036.5 
849.5 -1043.5 
1006.5 -1043.5 
1364.5 -1055.5 
-892.498 -1062.5 
1310.49 -1063.5 
1452.5 -1074.5 
117.495 -1085.49 
396.502 -1089.51 
821.493 -1089.49 
-62.4979 -1111.5 
1091.49 -1129.5 
1276.49 -1132.5 
598.503 -1134.5 
-509.506 -1142.51 
-1314.51 -1171.51 
-1502.5 -1174.5 
-1210.5 -1181.5 
1254.5 -1193.5 
601.499 -1194.5 
273.502 -1196.49 
772.502 -1204.5 
-792.498 -1208.5 
1107.5 -1210.5 
