-1338.1 1228.14 
-476.1 1228.14 
-1339.6 1226.64 
-1338.55 1226.8 
-1337.24 1226.85 
-477.593 1226.64 
-476.548 1226.81 
-475.233 1226.86 
-1339.73 1225.14 
-1338.21 1225.25 
-1337.04 1225.31 
-477.731 1225.15 
-476.202 1225.25 
-475.037 1225.32 
336.655 1222.72 
-1338.1 1224.58 
-476.097 1224.57 
337.906 1221.15 
335.412 1220.65 
-961.091 1217.14 
337 1219.68 
-963.096 1215.14 
-961.182 1215.23 
-959.671 1215.29 
1117.89 1210.14 
-961.244 1213.71 
1117.33 1209.14 
1118.01 1209.14 
-1285.1 1196.14 
-758.099 1193.13 
-1285.66 1195.14 
-1284.99 1195.14 
-758.667 1192.13 
-757.995 1192.13 
-1035.1 1187.14 
-1035.67 1186.14 
-1034.99 1186.14 
1388.89 1173.14 
1388.33 1172.15 
1389 1172.15 
-132.085 1166.13 
-665.091 1165.14 
-1618.09 1164.14 
-132.66 1165.14 
-131.985 1165.14 
-770.11 1161.14 
-665.662 1164.14 
-664.992 1164.14 
-1620.11 1162.13 
-1618.19 1162.22 
-1616.67 1162.28 
-770.668 1160.13 
-769.998 1160.13 
-1618.25 1160.71 
-179.101 1156.14 
-179.668 1155.14 
-178.987 1155.14 
-1112.1 1150.14 
484.9 1150.14 
-1114.1 1148.14 
-1112.19 1148.23 
-1110.68 1148.28 
484.335 1149.14 
485.011 1149.14 
-498.106 1143.14 
-1112.25 1146.72 
-498.661 1142.15 
-497.992 1142.15 
565.9 1133.14 
220.901 1132.14 
-673.111 1130.14 
-615.096 1129.14 
565.337 1132.14 
566.003 1132.14 
-1131.09 1128.14 
220.332 1131.15 
221.005 1131.15 
-673.668 1129.13 
-672.994 1129.13 
-615.666 1128.15 
-614.99 1128.14 
-1131.67 1127.14 
-1130.99 1127.14 
-1466.1 1123.13 
-1468.1 1121.15 
-1466.18 1121.23 
-1464.67 1121.28 
759.892 1119.14 
1382.89 1119.14 
1037.89 1116.14 
-1466.23 1119.72 
759.331 1118.14 
760.001 1118.14 
1382.33 1118.14 
1383 1118.14 
1037.33 1115.15 
1038 1115.15 
-725.096 1110.14 
-1103.1 1109.14 
-704.104 1108.14 
-725.668 1109.16 
-724.353 1108.58 
-1103.68 1108.14 
-1103 1108.14 
-1599.1 1104.14 
-704.664 1107.15 
-703.986 1107.15 
-720.251 1104.07 
-1599.66 1103.14 
-1598.99 1103.15 
-722.204 1102.28 
-720.184 1102.06 
-693.106 1099.14 
-693.665 1098.13 
-692.997 1098.13 
151.903 1093.15 
151.336 1092.14 
152.004 1092.14 
1483.9 1089.14 
1483.33 1088.13 
1484.01 1088.13 
-136.102 1078.13 
571.895 1078.14 
-725.257 1076.14 
-136.666 1077.14 
-135.992 1077.14 
571.327 1077.15 
572.003 1077.15 
-727.095 1074.31 
-725.599 1074.65 
1611.9 1070.14 
220.893 1069.13 
1611.33 1069.13 
1612 1069.13 
220.325 1068.14 
221.005 1068.14 
16.9011 1064.14 
-340.086 1061.14 
16.3402 1063.13 
17.0017 1063.13 
-340.661 1060.14 
-339.985 1060.14 
762.911 1047.15 
-725.788 1045.15 
-254.092 1045.14 
-728.666 1043.87 
762.339 1046.15 
763.007 1046.15 
-1167.09 1041.14 
-726.688 1043.61 
-254.663 1044.14 
-253.99 1044.14 
-1167.66 1040.14 
-1166.99 1040.15 
-246.104 1031.14 
-246.668 1030.13 
-245.993 1030.13 
773.897 1013.15 
-31.1 1012.14 
-211.109 1010.14 
773.335 1012.14 
774.001 1012.14 
-31.661 1011.15 
-30.9925 1011.15 
371.902 1007.13 
-213.104 1008.14 
-211.193 1008.22 
-209.672 1008.29 
371.342 1006.14 
372.02 1006.14 
-211.25 1006.71 
-1076.1 989.139 
-1076.66 988.146 
-1075.99 988.139 
907.897 980.142 
905.899 978.143 
907.816 978.226 
909.325 978.283 
-468.099 974.128 
907.761 976.714 
-468.667 973.136 
-467.989 973.136 
-561.1 965.144 
-682.109 963.135 
-561.66 964.143 
-560.998 964.14 
778.901 961.144 
-682.674 962.138 
-682 962.142 
778.341 960.146 
779.014 960.145 
-892.107 945.14 
1.90342 942.137 
-894.101 943.139 
-892.193 943.225 
-890.68 943.284 
1022.91 940.145 
1.33555 941.13 
2.01267 941.132 
-892.251 941.715 
1022.34 939.149 
1023.01 939.149 
-215.093 935.142 
-263.09 932.134 
-215.667 934.133 
-214.992 934.136 
-263.659 931.138 
-262.986 931.134 
-331.105 921.141 
-229.091 920.141 
-331.668 920.148 
-330.997 920.145 
-229.661 919.14 
-228.987 919.137 
-699.096 915.138 
-701.1 913.135 
-699.185 913.224 
-697.672 913.284 
1249.91 911.136 
-699.246 911.704 
1249.33 910.144 
1250.02 910.145 
880.914 905.146 
880.346 904.146 
881.017 904.147 
-1617.11 897.135 
46.9049 897.14 
1592.9 897.139 
-63.1005 896.139 
726.904 895.145 
-1617.67 896.139 
-1616.99 896.136 
46.339 896.138 
47.0089 896.137 
1592.33 896.142 
1593 896.143 
-63.6717 895.139 
-62.9917 895.14 
726.336 894.144 
727.005 894.148 
-422.093 881.138 
-244.112 879.148 
-786.102 877.144 
-422.662 880.133 
-421.991 880.135 
-677.43 876.183 
-244.671 878.14 
-243.999 878.139 
-1335.1 874.141 
-675.136 875.103 
-786.667 876.146 
-785.995 876.147 
-679.635 873.989 
-1335.66 873.133 
-1334.99 873.136 
-677.548 872.694 
-675.073 872.739 
-677.48 870.611 
-901.097 863.149 
360.898 862.143 
-901.664 862.148 
-900.992 862.148 
-829.107 859.14 
360.337 861.136 
361.003 861.135 
-829.662 858.14 
-828.993 858.138 
-778.103 852.147 
-742.438 849.184 
-778.672 851.152 
-777.994 851.147 
-740.135 848.096 
-945.084 846.136 
-744.636 847.003 
-742.542 845.694 
-740.072 845.739 
-945.513 844.797 
-943.699 844.043 
-941.641 842.385 
-742.472 843.608 
-943.347 842.322 
382.889 836.137 
382.323 835.148 
383 835.149 
-682.102 831.136 
617.909 828.139 
-682.67 830.126 
-681.997 830.132 
-916.092 826.14 
617.335 827.142 
618.014 827.139 
-177.096 823.137 
-916.663 825.135 
-915.99 825.137 
-177.67 822.145 
-176.991 822.141 
932.912 817.14 
1298.91 817.149 
932.336 816.136 
933.021 816.14 
1298.33 816.136 
1299.01 816.141 
-804.105 812.141 
-806.093 810.142 
-804.186 810.224 
-802.675 810.279 
-1181.08 804.145 
-804.24 808.705 
-1181.66 803.144 
-1180.98 803.147 
-1285.09 794.139 
-1285.66 793.131 
-1284.99 793.134 
-892.09 784.139 
356.906 784.139 
-892.671 783.141 
-891.995 783.145 
356.332 783.137 
357.01 783.138 
-150.083 778.138 
-150.667 777.14 
-149.989 777.143 
445.9 767.143 
-1352.1 766.137 
-1366.1 764.144 
445.331 766.142 
446.006 766.142 
-1354.1 764.135 
-1352.18 764.221 
-1350.66 764.279 
-1366.66 763.146 
-1365.99 763.146 
-1352.24 762.709 
-689.09 754.132 
-689.665 753.13 
-688.991 753.132 
-108.107 734.141 
-108.676 733.136 
-108 733.137 
244.898 730.138 
1002.91 730.135 
244.331 729.148 
245.006 729.15 
1002.34 729.126 
1003.01 729.13 
-914.1 717.145 
170.896 717.135 
-914.668 716.148 
-913.988 716.148 
170.333 716.142 
171.012 716.144 
-251.112 711.147 
-130.095 709.141 
-845.082 707.135 
-251.667 710.141 
-251 710.139 
-130.665 708.139 
-129.988 708.138 
-845.659 706.148 
-844.984 706.143 
-27.1035 702.145 
-466.1 699.138 
-27.6684 701.141 
-26.9929 701.141 
782.905 697.141 
-466.664 698.141 
-465.991 698.141 
-1077.11 693.141 
782.339 696.138 
783.013 696.138 
-994.108 692.139 
-679.108 692.142 
-1077.67 692.145 
-1076.99 692.144 
-994.668 691.145 
-993.997 691.144 
-679.669 691.133 
-678.99 691.139 
149.898 672.146 
-112.109 671.138 
149.342 671.146 
150.013 671.147 
-112.663 670.143 
-111.996 670.143 
-555.098 649.135 
220.89 648.135 
-894.107 647.141 
-555.67 648.143 
-554.993 648.142 
220.337 647.127 
221.003 647.128 
-894.669 646.151 
-894 646.146 
-118.098 643.136 
-118.663 642.13 
-117.989 642.131 
-950.099 634.138 
-950.674 633.138 
-949.993 633.143 
171.911 628.14 
-836.092 627.139 
171.342 627.145 
172.006 627.147 
-836.659 626.152 
-835.99 626.151 
1070.9 621.142 
1070.34 620.143 
1071.01 620.141 
1438.91 617.145 
1438.34 616.16 
1439.01 616.159 
653.902 603.147 
45.9022 600.141 
-1412.11 599.139 
653.333 602.145 
654.005 602.142 
45.3336 599.15 
46.0105 599.147 
-1414.1 597.142 
-1412.18 597.224 
-1410.67 597.279 
-800.103 595.138 
-27.1034 595.135 
-1412.24 595.707 
-800.669 594.134 
-799.995 594.138 
-27.6697 594.131 
-26.9975 594.135 
-356.108 578.141 
423.903 576.14 
-356.665 577.139 
-355.994 577.14 
1453.91 573.149 
421.897 574.134 
423.809 574.229 
425.331 574.293 
1440.9 571.145 
-1069.1 569.133 
1453.34 572.142 
1454.01 572.146 
423.745 572.712 
415.898 567.135 
1438.9 569.142 
1440.81 569.229 
1442.33 569.289 
-738.101 566.144 
-1069.66 568.138 
-1068.99 568.142 
1421.89 564.144 
415.334 566.127 
416.008 566.129 
1181.9 563.139 
1440.76 567.718 
-738.662 565.14 
-738.002 565.139 
1421.34 563.14 
1422 563.139 
1181.34 562.143 
1182.01 562.143 
-1439.11 527.141 
-1441.1 525.142 
-1439.19 525.226 
-1437.67 525.283 
-1439.25 523.711 
539.904 518.153 
-139.103 515.139 
539.335 517.14 
540.011 517.145 
-139.667 514.138 
-138.99 514.137 
-417.102 506.143 
-417.659 505.142 
-416.997 505.144 
1057.9 499.137 
-1609.11 498.136 
1057.34 498.135 
1058.01 498.134 
-1609.67 497.14 
-1609 497.14 
-859.089 494.136 
107.9 491.14 
-861.095 492.14 
-859.177 492.225 
-857.665 492.282 
107.335 490.148 
108.004 490.146 
-935.436 486.182 
-859.238 490.71 
-933.134 485.099 
-937.635 483.995 
-935.545 482.695 
-933.073 482.738 
-935.476 480.608 
-1367.1 472.138 
-1367.67 471.142 
-1367 471.14 
1535.91 452.142 
1535.34 451.134 
1536.01 451.135 
-427.096 445.153 
-196.087 443.141 
-427.661 444.139 
-427.004 444.141 
-196.661 442.136 
-195.986 442.135 
-277.093 433.142 
-643.101 431.136 
-277.66 432.147 
-276.984 432.148 
43.9076 429.148 
-643.665 430.142 
-642.992 430.139 
43.3441 428.138 
44.0088 428.139 
-1434.11 419.142 
-1434.67 418.138 
-1434 418.137 
-97.1012 411.147 
-1182.1 408.147 
226.908 408.144 
642.908 408.141 
-97.6625 410.14 
-96.9944 410.138 
-1182.66 407.149 
-1182 407.149 
226.335 407.133 
227.008 407.137 
642.347 407.138 
643.018 407.138 
-775.097 398.138 
-775.664 397.142 
-774.988 397.141 
413.884 394.145 
-304.111 390.145 
413.324 393.147 
414.004 393.145 
-993.106 386.14 
-304.675 389.153 
-304.005 389.15 
-993.673 385.144 
-993 385.149 
-561.438 372.186 
-558.919 371.07 
-564.551 370.236 
-562.393 370.066 
-559.082 368.568 
-564.563 367.001 
889.898 364.134 
-562.359 365.706 
-559.25 365.776 
889.337 363.136 
890.008 363.135 
-1376.1 344.14 
-1376.67 343.145 
-1376 343.147 
639.899 338.14 
-1168.09 337.144 
639.336 337.143 
640.006 337.146 
-1168.66 336.137 
-1167.99 336.144 
651.904 332.141 
651.335 331.139 
652.008 331.142 
309.917 326.138 
969.902 323.141 
309.342 325.135 
310.013 325.134 
-200.101 321.148 
969.331 322.14 
970.003 322.14 
-200.665 320.147 
-199.994 320.147 
-801.112 313.139 
-801.676 312.141 
-800.997 312.139 
-828.098 308.139 
-1537.1 307.142 
1018.9 307.144 
-828.656 307.136 
-827.994 307.138 
-1537.66 306.142 
-1537 306.142 
1018.34 306.146 
1019.01 306.146 
738.896 300.144 
738.342 299.15 
739.009 299.15 
-112.101 292.136 
-112.662 291.129 
-111.994 291.132 
-827.105 286.143 
-677.085 283.127 
-829.097 284.144 
-827.185 284.227 
-825.676 284.283 
357.905 280.143 
-677.657 282.141 
-676.981 282.14 
-827.24 282.712 
-1383.09 277.136 
357.341 279.125 
358.017 279.128 
-1514.09 275.147 
-1383.66 276.141 
-1382.99 276.144 
-1514.66 274.14 
-1513.99 274.138 
-828.092 270.139 
-828.662 269.147 
-827.99 269.147 
-560.107 265.14 
-560.672 264.141 
-559.994 264.136 
-641.094 260.142 
-1608.11 256.137 
-641.664 259.153 
-640.987 259.153 
-1608.67 255.127 
-1608 255.131 
1340.91 250.143 
-1084.1 248.144 
-490.105 248.135 
1340.34 249.146 
1341.02 249.147 
-1084.67 247.147 
-1084 247.142 
-492.099 246.146 
-490.187 246.221 
-488.668 246.272 
-1639.51 243.342 
-1638.3 242.213 
-1642.1 242.14 
-1641.43 242.476 
-490.241 244.716 
-1642.1 241.625 
-1641.61 241.633 
-1642.43 240.487 
-1641.6 240.647 
-1640.6 240.638 
-1638.67 240.572 
-1637.67 240.289 
-1642.1 238.638 
-1641.44 237.81 
-1640.35 238.057 
690.575 231.183 
693.081 230.067 
687.444 229.231 
689.606 229.068 
48.9128 226.141 
700.511 226.232 
692.92 227.574 
687.433 226.005 
48.3413 225.136 
49.0168 225.138 
697.944 225.552 
700.998 225.136 
689.641 224.706 
692.755 224.777 
649.911 206.139 
290.902 204.132 
-318.107 203.137 
33.922 202.132 
649.335 205.138 
650.011 205.139 
290.337 203.138 
291.01 203.139 
-318.662 202.133 
-317.998 202.13 
33.3418 201.126 
34.0194 201.13 
108.887 198.141 
108.341 197.139 
109.006 197.135 
434.912 189.138 
434.336 188.138 
435.02 188.139 
969.909 184.143 
969.339 183.136 
970.012 183.14 
534.897 177.139 
534.335 176.134 
535.005 176.133 
-1368.1 165.144 
-1370.1 163.145 
-1368.18 163.228 
-1366.67 163.284 
376.895 161.138 
-1368.24 161.707 
376.336 160.151 
377.011 160.145 
-42.1059 154.139 
-42.6673 153.142 
-41.9933 153.142 
-493.107 148.15 
-493.665 147.15 
-492.999 147.146 
1511.9 143.144 
1511.33 142.143 
1512.01 142.141 
221.901 137.138 
221.334 136.133 
222.008 136.136 
-1427.09 129.132 
247.898 129.143 
-666.108 126.14 
1578.89 126.14 
-1427.66 128.129 
-1426.99 128.134 
247.343 128.144 
248.015 128.144 
-666.664 125.143 
-665.991 125.139 
1576.9 124.142 
1578.81 124.229 
1580.33 124.287 
1578.76 122.71 
508.916 117.138 
134.895 116.14 
506.898 115.131 
508.817 115.224 
510.331 115.287 
-166.089 112.146 
134.33 115.133 
134.997 115.14 
508.749 113.711 
-166.664 111.142 
-165.994 111.141 
-1335.08 106.142 
-1335.66 105.133 
-1334.98 105.137 
-555.113 102.138 
-555.674 101.145 
-554.993 101.144 
-161.091 97.1426 
-344.097 95.1379 
-161.663 96.133 
-160.986 96.1343 
-344.668 94.1404 
-343.992 94.139 
-1383.11 83.1417 
-355.094 83.1373 
513.901 83.139 
-1383.66 82.1413 
-1383 82.1396 
-355.657 82.1277 
-354.991 82.1334 
513.33 82.1346 
514.01 82.1354 
479.903 74.1368 
-869.097 71.1383 
479.326 73.1351 
480.004 73.14 
-696.106 69.1352 
-275.114 68.1418 
-869.665 70.1374 
-868.995 70.1411 
-696.662 68.1351 
-695.993 68.1343 
-275.666 67.1428 
-274.991 67.1384 
-1634.11 58.1312 
-1261.09 55.1434 
-1634.54 56.5693 
-1633.83 56.4415 
206.903 52.1405 
-1261.66 54.1362 
-1260.99 54.14 
-1633.82 52.6545 
-1633.15 52.2844 
-642.109 48.1378 
206.339 51.1459 
207.005 51.1449 
-1633.1 50.5766 
-666.105 45.144 
-642.676 47.1369 
-641.998 47.1354 
-706.104 41.1377 
-666.671 44.1432 
-666 44.1415 
-413.092 40.1465 
-1192.1 39.1374 
-706.67 40.1365 
-706.004 40.1422 
-413.655 39.1409 
-412.991 39.1411 
-1192.67 38.1345 
-1191.99 38.1348 
1455.89 25.1396 
-920.097 24.1417 
-372.105 23.1463 
1453.9 23.1417 
1455.81 23.2203 
1457.33 23.2738 
-920.662 23.1405 
-919.993 23.1437 
-372.673 22.1485 
-371.997 22.1489 
1455.76 21.7117 
-1167.09 13.1438 
-83.1065 13.1488 
-412.096 12.141 
-1167.67 12.1477 
-1167 12.1484 
-83.6654 12.1468 
-83.0026 12.149 
-412.667 11.1319 
-411.991 11.1382 
844.902 8.13487 
-20.1038 6.14488 
844.333 7.13597 
845.002 7.14146 
-957.115 2.13561 
-22.1049 4.14378 
-20.1894 4.22716 
-18.6747 4.28368 
-957.675 1.13744 
-956.992 1.13536 
-20.2475 2.71007 
1565.89 -1.86293 
1565.33 -2.85817 
1566.01 -2.85768 
-467.095 -6.85573 
-342.086 -7.85939 
-38.0943 -7.86146 
-467.657 -7.86073 
-466.988 -7.86122 
-342.658 -8.85951 
-341.985 -8.85963 
-38.6609 -8.85731 
-37.9895 -8.8528 
1413.89 -16.8534 
1413.33 -17.8478 
1414 -17.855 
-721.092 -22.8577 
1614.9 -23.8643 
-322.11 -24.8582 
-721.664 -23.8485 
-720.991 -23.854 
1614.34 -24.8571 
1615.01 -24.8598 
-322.668 -25.8544 
-321.999 -25.8557 
-163.105 -28.8667 
1259.9 -28.8563 
-1370.11 -29.8572 
82.9112 -29.8668 
319.899 -29.8606 
32.8854 -30.8652 
-163.672 -29.8635 
-162.991 -29.8596 
1259.33 -29.8576 
1260 -29.8556 
-1370.67 -30.8649 
-1370 -30.8637 
82.3418 -30.8677 
83.0189 -30.866 
319.331 -30.8573 
320.007 -30.8574 
32.3205 -31.8623 
32.9988 -31.8638 
444.905 -35.8632 
-261.1 -37.8629 
444.336 -36.8621 
445.008 -36.8596 
-261.666 -38.8604 
-260.993 -38.8634 
1578.91 -46.8559 
-792.111 -48.8656 
1576.9 -48.8726 
1578.81 -48.7802 
1580.32 -48.7168 
-792.669 -49.8651 
-791.999 -49.8649 
706.891 -54.8552 
1578.74 -50.2909 
706.328 -55.8541 
707.006 -55.8549 
-907.101 -62.8635 
-961.099 -65.8565 
497.899 -65.8615 
-907.675 -63.8679 
-906.993 -63.865 
-847.102 -67.8611 
-1008.1 -68.8579 
-961.664 -66.8557 
-960.987 -66.8546 
497.331 -66.8497 
498.008 -66.8535 
-847.677 -68.8629 
-846.989 -68.8576 
-1008.67 -69.8604 
-1008 -69.8583 
1108.9 -75.8604 
-425.091 -78.8631 
1106.9 -77.8572 
1108.82 -77.7737 
1110.33 -77.7173 
-425.662 -79.8663 
-424.99 -79.8643 
1108.76 -79.2891 
-387.114 -85.8622 
-387.664 -86.8626 
-387.002 -86.8645 
-976.098 -101.862 
1360.89 -103.862 
-976.667 -102.869 
-975.996 -102.868 
1360.33 -104.865 
1361.01 -104.868 
-1462.11 -115.856 
-726.091 -115.861 
-1238.1 -116.868 
-1462.67 -116.857 
-1461.99 -116.857 
-726.664 -116.859 
-725.992 -116.856 
-1238.67 -117.864 
-1237.99 -117.865 
-900.085 -137.86 
-917.099 -138.861 
-137.424 -139.816 
-900.665 -138.856 
-899.988 -138.854 
-135.131 -140.897 
-917.669 -139.856 
-916.995 -139.856 
-139.637 -142.009 
-137.545 -143.308 
-135.073 -143.257 
147.894 -147.858 
-137.481 -145.395 
147.335 -148.871 
148.001 -148.869 
-0.0971924 -158.864 
-0.671411 -159.855 
0.0134033 -159.859 
-412.107 -167.861 
-412.67 -168.858 
-411.994 -168.856 
1381.9 -176.858 
117.891 -177.854 
1381.33 -177.855 
1382.01 -177.855 
117.338 -178.854 
118 -178.854 
209.903 -190.851 
209.332 -191.869 
210.004 -191.865 
1071.9 -201.855 
614.891 -204.84 
1071.34 -202.853 
1072.01 -202.852 
614.337 -205.849 
615.001 -205.85 
-1241.11 -209.863 
-96.1 -209.86 
137.905 -210.855 
-1241.66 -210.857 
-1241 -210.858 
-96.6602 -210.868 
-95.9916 -210.868 
137.34 -211.852 
138.008 -211.857 
263.886 -214.866 
263.333 -215.864 
264.001 -215.865 
-651.106 -224.862 
-681.098 -227.853 
-417.098 -227.865 
906.909 -227.865 
-651.665 -225.863 
-650.996 -225.864 
1484.89 -229.855 
-681.669 -228.858 
-680.989 -228.857 
-417.661 -228.862 
-416.991 -228.862 
906.336 -228.855 
907.005 -228.856 
1484.34 -230.872 
1484.99 -230.869 
-551.1 -234.858 
-551.667 -235.85 
-550.995 -235.852 
312.899 -243.858 
-643.095 -246.86 
310.9 -245.867 
312.81 -245.778 
314.325 -245.717 
-661.096 -249.863 
-643.663 -247.855 
-642.99 -247.855 
312.75 -247.286 
-661.667 -250.858 
-660.993 -250.855 
-454.106 -253.87 
497.892 -255.856 
-549.098 -256.862 
-454.668 -254.869 
-453.993 -254.868 
497.331 -256.854 
498.004 -256.857 
-549.657 -257.857 
-548.986 -257.861 
-1310.11 -268.873 
-866.102 -270.861 
-736.086 -270.861 
-1310.67 -269.874 
-1309.99 -269.871 
-868.106 -272.862 
-866.188 -272.773 
-864.67 -272.713 
-736.663 -271.862 
-735.988 -271.86 
-1246.08 -276.862 
-866.247 -274.291 
-1246.66 -277.865 
-1245.98 -277.862 
1191.89 -285.862 
1191.33 -286.861 
1192 -286.862 
-994.097 -302.858 
-268.102 -302.86 
-1100.1 -303.863 
-994.664 -303.854 
-993.996 -303.851 
-270.105 -304.861 
-268.183 -304.772 
-266.667 -304.711 
-1100.67 -304.867 
-1099.99 -304.87 
461.894 -309.856 
-268.237 -306.285 
461.329 -310.853 
462.003 -310.855 
771.902 -328.865 
771.33 -329.869 
772.008 -329.866 
-1611.11 -337.864 
-1613.1 -339.855 
-1611.19 -339.774 
-1609.67 -339.718 
1481.9 -343.863 
-1611.24 -341.292 
1481.33 -344.866 
1482.01 -344.863 
1417.9 -356.859 
542.898 -360.86 
1417.33 -357.868 
1418 -357.868 
1623.9 -360.865 
-501.09 -364.859 
542.335 -361.854 
543.01 -361.856 
1623.34 -361.865 
1624.01 -361.868 
-501.658 -365.853 
-500.992 -365.852 
1192.9 -370.862 
1192.34 -371.867 
1193 -371.872 
817.901 -375.855 
817.334 -376.86 
818.008 -376.864 
-444.089 -387.861 
-446.098 -389.861 
-444.178 -389.773 
-442.676 -389.713 
-1393.09 -392.855 
-444.239 -391.291 
-1393.67 -393.856 
-1392.99 -393.854 
114.899 -396.862 
112.906 -398.859 
114.819 -398.777 
116.329 -398.722 
-354.099 -401.858 
114.764 -400.288 
-356.103 -403.859 
-354.187 -403.773 
-352.673 -403.715 
-571.098 -408.863 
-354.247 -405.291 
-506.088 -410.861 
-1256.1 -411.859 
-573.098 -410.859 
-571.183 -410.776 
-569.667 -410.72 
-506.661 -411.853 
-505.993 -411.848 
797.906 -414.852 
-1256.67 -412.869 
-1256 -412.865 
-911.098 -415.85 
-571.241 -412.286 
797.332 -415.855 
798.004 -415.851 
-911.668 -416.847 
-911.002 -416.844 
608.909 -421.857 
-34.1079 -423.864 
608.344 -422.862 
609.012 -422.862 
-34.669 -424.861 
-33.9934 -424.866 
312.892 -438.85 
312.332 -439.86 
313.002 -439.86 
370.908 -444.862 
-332.093 -446.858 
-660.108 -448.867 
370.337 -445.861 
371.011 -445.861 
-332.659 -447.846 
-331.99 -447.854 
-1394.1 -452.865 
-660.672 -449.867 
-659.994 -449.869 
-754.1 -455.858 
-1394.67 -453.868 
-1393.99 -453.868 
-754.672 -456.861 
-753.998 -456.858 
-993.108 -468.858 
-993.672 -469.86 
-992.994 -469.856 
931.904 -473.862 
-497.104 -476.854 
931.336 -474.871 
932.004 -474.868 
-497.66 -477.859 
-496.994 -477.858 
106.908 -498.854 
106.337 -499.851 
107.006 -499.849 
365.886 -503.869 
275.898 -505.865 
365.333 -504.865 
365.999 -504.869 
273.902 -507.848 
275.819 -507.769 
277.329 -507.716 
-47.0937 -512.858 
275.765 -509.287 
-872.094 -514.858 
-47.6627 -513.856 
-46.9899 -513.857 
-872.663 -515.857 
-871.985 -515.856 
702.896 -520.863 
702.329 -521.864 
703.005 -521.859 
-661.104 -535.865 
-661.659 -536.865 
-660.989 -536.867 
1060.9 -553.862 
1060.33 -554.867 
1061.01 -554.864 
1575.9 -561.854 
301.907 -562.859 
-909.106 -565.862 
1575.34 -562.856 
1576.01 -562.856 
301.339 -563.86 
302.004 -563.86 
58.8927 -567.854 
-149.096 -568.86 
-909.671 -566.862 
-908.995 -566.862 
58.3297 -568.852 
59.0047 -568.85 
-151.096 -570.861 
-149.183 -570.777 
-147.673 -570.719 
-149.243 -572.29 
1575.91 -576.872 
1170.9 -577.852 
1575.34 -577.87 
1576.02 -577.871 
1170.34 -578.862 
1171.01 -578.862 
168.913 -588.865 
168.337 -589.862 
169.008 -589.864 
-29.0845 -606.864 
-29.6609 -607.869 
-28.982 -607.866 
-1480.1 -611.863 
-726.096 -614.86 
-1480.67 -612.857 
-1480 -612.856 
-1254.1 -615.864 
-726.665 -615.862 
-725.991 -615.86 
-1254.66 -616.87 
-1253.99 -616.865 
-756.108 -630.866 
184.899 -631.861 
-756.67 -631.873 
-755.994 -631.874 
184.335 -632.858 
185.004 -632.857 
1345.91 -642.852 
-1051.43 -646.818 
1343.9 -644.86 
1345.82 -644.766 
1347.32 -644.703 
-1049.14 -647.896 
821.91 -648.861 
-1053.63 -649.01 
1345.75 -646.281 
1512.9 -651.867 
-1051.54 -650.302 
-1049.08 -650.259 
821.334 -649.856 
822.01 -649.852 
1512.33 -652.868 
1513 -652.868 
-1051.48 -652.391 
986.903 -660.867 
277.906 -664.86 
986.329 -661.862 
987.01 -661.863 
277.332 -665.866 
278.011 -665.863 
459.905 -673.863 
459.336 -674.866 
460.015 -674.868 
-899.116 -686.861 
-899.671 -687.855 
-898.999 -687.859 
-270.094 -694.856 
-270.661 -695.852 
-269.987 -695.851 
515.901 -698.854 
-1119.11 -699.859 
1147.9 -701.856 
513.901 -700.852 
515.811 -700.762 
517.323 -700.701 
-1119.67 -700.865 
-1119 -700.864 
1147.34 -702.858 
1148 -702.853 
515.749 -702.288 
-226.093 -714.86 
-226.67 -715.859 
-225.991 -715.856 
126.905 -718.858 
126.337 -719.859 
127.014 -719.857 
-1050.1 -735.862 
-496.1 -737.864 
-1050.67 -736.86 
-1049.99 -736.86 
-496.668 -738.864 
-495.99 -738.864 
-245.107 -748.863 
-245.664 -749.868 
-244.995 -749.87 
-916.085 -754.859 
-916.662 -755.861 
-915.988 -755.856 
-177.109 -760.856 
-177.665 -761.856 
-176.993 -761.86 
494.878 -767.858 
494.326 -768.86 
495 -768.863 
163.899 -782.862 
-1086.1 -785.872 
163.336 -783.87 
164.007 -783.872 
-1086.67 -786.863 
-1085.99 -786.866 
390.9 -793.86 
258.907 -795.86 
388.902 -795.864 
390.818 -795.781 
392.332 -795.725 
-665.107 -799.865 
258.335 -796.851 
259.012 -796.856 
-899.116 -801.858 
390.763 -797.295 
-665.671 -800.869 
-664.999 -800.869 
-899.663 -802.858 
-899 -802.857 
269.898 -805.857 
1269.92 -806.866 
-364.114 -808.856 
267.901 -807.872 
269.812 -807.777 
271.33 -807.712 
688.894 -810.855 
1269.34 -807.867 
1270.02 -807.863 
-364.673 -809.861 
-364 -809.863 
269.753 -809.291 
688.329 -811.851 
689.007 -811.855 
-1544.09 -817.861 
-1544.66 -818.86 
-1543.98 -818.862 
15.9012 -822.865 
311.91 -825.862 
939.897 -825.86 
15.3385 -823.865 
16.0136 -823.868 
-739.103 -829.86 
311.34 -826.862 
312.012 -826.862 
939.329 -826.857 
940.006 -826.853 
-739.663 -830.857 
-739.002 -830.859 
304.9 -834.869 
304.336 -835.866 
305.014 -835.868 
-997.1 -844.866 
-997.667 -845.861 
-996.988 -845.859 
585.887 -850.861 
585.329 -851.855 
585.998 -851.857 
796.91 -856.858 
796.338 -857.856 
797.006 -857.854 
-1209.09 -872.855 
-1209.66 -873.861 
-1208.99 -873.86 
478.565 -881.818 
1073.9 -881.858 
480.864 -882.898 
-1547.09 -885.86 
476.365 -883.999 
1073.33 -882.854 
1074 -882.858 
86.9015 -887.856 
478.455 -885.301 
480.925 -885.259 
-1547.66 -886.859 
-1546.99 -886.859 
86.339 -888.861 
87.0044 -888.858 
478.523 -887.39 
-557.093 -899.853 
-557.657 -900.857 
-556.996 -900.857 
-1447.1 -910.861 
-1179.1 -911.857 
-1449.1 -912.859 
-1447.18 -912.775 
-1445.67 -912.718 
-1179.66 -912.861 
-1179 -912.86 
-341.101 -916.858 
-1447.24 -914.291 
445.891 -918.854 
-341.674 -917.868 
-341.005 -917.862 
443.905 -920.86 
445.814 -920.771 
447.329 -920.71 
445.762 -922.286 
-1171.1 -932.866 
-1171.67 -933.86 
-1170.99 -933.858 
683.906 -942.86 
-1160.09 -943.866 
150.893 -943.867 
683.328 -943.851 
684.012 -943.849 
-1160.66 -944.867 
-1159.99 -944.866 
150.327 -944.862 
151.007 -944.865 
-163.098 -957.856 
-163.663 -958.857 
-162.993 -958.856 
-1207.09 -965.859 
-1081.1 -967.862 
-1207.66 -966.852 
-1206.98 -966.852 
-1081.66 -968.858 
-1080.99 -968.861 
-1072.11 -972.864 
-1072.67 -973.856 
-1071.99 -973.858 
-1004.1 -986.864 
883.909 -987.862 
-1004.67 -987.865 
-1004 -987.866 
883.337 -988.868 
884.009 -988.863 
1625.92 -991.862 
1625.35 -992.864 
1626.02 -992.863 
330.913 -997.861 
330.339 -998.859 
331.013 -998.857 
256.905 -1019.86 
254.904 -1021.86 
256.82 -1021.77 
258.33 -1021.71 
256.762 -1023.29 
-99.1126 -1030.86 
-145.105 -1034.86 
-99.6669 -1031.85 
-98.9903 -1031.85 
-147.103 -1036.87 
-145.19 -1036.78 
-143.673 -1036.72 
-145.246 -1038.29 
312.572 -1042.82 
314.869 -1043.9 
310.367 -1045 
312.458 -1046.3 
314.93 -1046.26 
312.531 -1048.39 
949.897 -1053.86 
949.338 -1054.87 
950 -1054.87 
1481.9 -1079.86 
765.896 -1081.86 
1481.33 -1080.87 
1482 -1080.87 
765.332 -1082.86 
766.009 -1082.86 
-14.0771 -1095.86 
-14.6542 -1096.87 
-13.9829 -1096.86 
-1521.1 -1130.86 
-1521.67 -1131.86 
-1520.99 -1131.86 
-732.102 -1136.86 
-827.094 -1137.86 
-734.103 -1138.85 
-732.186 -1138.77 
-730.669 -1138.71 
-827.667 -1138.86 
-826.989 -1138.86 
-1127.09 -1142.86 
-732.244 -1140.29 
-1127.67 -1143.85 
-1126.99 -1143.85 
428.895 -1171.85 
428.325 -1172.85 
429.003 -1172.85 
468.905 -1176.86 
468.343 -1177.86 
469.013 -1177.87 
-1561.11 -1184.86 
369.891 -1185.87 
-1561.66 -1185.85 
-1560.99 -1185.85 
369.328 -1186.87 
370.012 -1186.87 
-1441.09 -1195.86 
-1441.66 -1196.85 
-1440.99 -1196.85 
324.897 -1203.86 
324.332 -1204.87 
325.002 -1204.86 
1184.9 -1211.86 
-670.087 -1215.86 
1182.9 -1213.86 
1184.81 -1213.78 
1186.33 -1213.71 
-1268.1 -1216.86 
-670.664 -1216.85 
-669.989 -1216.85 
1184.75 -1215.29 
-1268.67 -1217.86 
-1268 -1217.86 
1316.9 -1223.86 
311.905 -1226.86 
1316.33 -1224.87 
1317.01 -1224.87 
310.842 -1228.04 
312.009 -1227.97 
