181.5 1203.5 
-1177.5 1202.5 
-1193.5 1168.5 
-403.501 1160.5 
-294.495 1112.5 
383.499 1104.5 
1015.5 1104.5 
12.4996 1098.5 
-183.502 1067.5 
-8.50439 1051.49 
-1063.5 1040.51 
-14.5 1024.5 
-481.501 1015.49 
126.501 1008.51 
-151.503 977.497 
-973.496 975.501 
-838.504 970.502 
1519.5 960.496 
1510.7 946.289 
1611.5 934.509 
-228.496 932.502 
-917.497 923.5 
456.501 917.498 
243.495 905.5 
-973.507 901.499 
353.508 901.499 
-837.497 899.502 
1500.5 873.502 
-1250.5 869.494 
-638.501 862.503 
675.5 861.501 
-1035.5 860.498 
163.505 853.501 
-1094.51 848.494 
-677.494 838.495 
510.505 821.494 
1072.49 816.5 
189.502 814.506 
-971.504 798.493 
-103.507 794.493 
-756.496 790.494 
953.49 779.498 
890.505 769.503 
-910.502 757.498 
-574.494 753.501 
1591.51 752.5 
339.498 748.496 
1440.5 744.501 
-495.502 741.503 
1111.5 741.502 
522.506 739.502 
-993.501 729.494 
1269.5 721.503 
260.5 708.503 
1397.51 707.503 
-386.495 679.501 
758.507 679.506 
510.499 672.5 
-105.504 666.5 
-984.499 665.501 
-1459.5 662.5 
363.5 658.502 
1278.49 654.503 
-815.498 651.502 
674.5 646.491 
-1383.5 644.493 
750.505 640.5 
-386.504 628.501 
-849.508 612.509 
24.4972 611.508 
658.006 608.498 
1217.51 595.502 
-371.505 593.492 
-35.4985 583.501 
528.494 581.496 
-1272.5 572.504 
706.497 571.492 
923.497 570.501 
585.506 569.497 
222.503 565.504 
880.5 565.495 
-701.503 534.499 
1291.49 534.502 
-587.495 511.491 
889.496 495.499 
368.498 492.498 
184.503 490.501 
433.491 487.51 
1612.5 485.493 
-135.5 482.496 
119.497 475.503 
425.047 479.5 
1568.5 475.494 
1305.5 464.498 
1014.5 459.503 
1048.5 455.501 
972.504 452.503 
-19.5022 443.5 
842.503 440.504 
174.505 439.495 
1209.5 433.494 
487.505 419.497 
287.501 407.497 
558.506 391.502 
1611.5 380.5 
697.495 374.493 
-239.499 368.496 
-819.498 351.496 
1436.5 347.504 
-895.503 328.497 
-720.496 324.501 
451.502 318.502 
-1348.5 316.506 
-1593.51 314.501 
-1327.5 308.503 
292.503 296.502 
-1413.5 294.503 
-985.502 290.5 
154.503 281.508 
1138.5 276.496 
1313.5 263.498 
1332.5 256.509 
-1310.51 246.506 
-810.497 246.502 
673.498 244.505 
-495.503 239.492 
485.497 237.494 
564.505 233.5 
-137.503 233.504 
821.498 217.496 
-1348.5 201.501 
1219.5 192.505 
1616.51 189.495 
566.509 186.5 
-653.498 185.507 
-37.502 182.5 
334.501 179.5 
811.497 169.5 
274.497 164.501 
-428.5 161.504 
867.495 161.504 
-1034.5 156.501 
654.493 157.493 
-228.5 143.497 
-110.497 143.491 
-1599.5 128.504 
1360.51 120.503 
-1190.49 118.499 
936.504 112.503 
-1117.5 111.502 
699.501 109.504 
167.503 106.496 
-1072.5 85.5006 
133.5 78.4963 
629.509 78.5 
-1502.5 66.5 
-949.504 57.5031 
-22.4996 57.506 
-196.501 29.4989 
-410.497 26.1161 
-1078.5 27.5004 
-816.501 25.4958 
-630.504 18.4952 
1042.49 18.5083 
-410.497 26.015 
1091.5 16.4968 
-487.508 11.4923 
681.5 11.4978 
1564.49 8.49939 
0.506714 -0.499268 
223.49 -1.50623 
1102.5 -27.4994 
1377.51 -31.495 
1288.5 -32.4996 
1224.5 -36.5 
944.499 -39.5024 
1099.81 -34.7332 
-1052.5 -48.4994 
40.499 -54.5 
1203.5 -60.4944 
1178.5 -65.4944 
1093.5 -68.5024 
1304.51 -78.5016 
-1116.5 -85.5021 
918.507 -84.4945 
106.501 -97.5001 
-984.492 -104.505 
529.494 -106.492 
-710.506 -112.491 
-499.505 -114.5 
188.504 -115.944 
131.505 -120.501 
-526.497 -121.5 
620.505 -125.498 
742.5 -129.501 
639.499 -131.501 
-581.493 -137.503 
-362.505 -144.494 
-624.497 -145.495 
499.496 -148.499 
-820.495 -184.505 
135.496 -193.5 
-192.502 -203.5 
-644.499 -213.496 
-1225.51 -218.502 
1066.49 -229.494 
651.498 -247.503 
164.499 -249.501 
1087.44 -255.957 
-963.501 -257.497 
1243.5 -257.502 
1083.83 -256.31 
980.503 -261.499 
-402.5 -261.499 
1560.5 -270.503 
455.5 -277.502 
53.4996 -285.497 
885.498 -298.113 
752.505 -304.501 
885.498 -298.503 
-835.499 -309.499 
264.505 -317.503 
1109.49 -333.504 
1454.5 -340.492 
887.495 -345.499 
1510.5 -355.5 
-311.5 -356.491 
950.032 -360.448 
-1329.5 -367.5 
-794.507 -367.499 
-953.499 -370.493 
-260.503 -378.497 
1308.5 -391.505 
-1334.5 -399.503 
-460.494 -400.506 
-851.741 -408.947 
-849.543 -409.12 
1554.5 -414.5 
646.495 -416.499 
-1194.5 -431.499 
1261.5 -432.497 
-633.504 -436.496 
-606.501 -437.501 
944.505 -454.493 
561.492 -465.5 
-609.507 -466.503 
-1150.5 -478.498 
1027.5 -488.503 
-1516.5 -500.504 
-469.501 -529.503 
-267.506 -534.501 
-119.5 -541.506 
141.493 -553.494 
302.499 -554.497 
480.501 -553.497 
-1340.51 -554.504 
-226.5 -580.501 
-366.508 -582.499 
-512.501 -594.511 
998.504 -605.496 
-905.5 -614.506 
-504.506 -654.498 
189.493 -656.507 
269.498 -680.502 
-717.504 -683.502 
1421.51 -684.506 
1289.5 -685.494 
-197.505 -693.496 
1534.5 -697.499 
66.5 -726.502 
1463.5 -728.501 
-795.501 -729.497 
-1332.5 -738.501 
-1309.5 -773.501 
634.498 -774.503 
1009.5 -775.502 
-511.507 -793.503 
358.496 -804.499 
1391.49 -809.498 
-1172.5 -812.502 
865.496 -825.497 
-1010.5 -832.496 
1150.5 -836.51 
413.502 -850.5 
920.502 -850.508 
-987.502 -851.496 
207.495 -865.502 
-673.495 -866.498 
1415.51 -871.498 
1467.5 -873.498 
-202.5 -900.495 
138.495 -919.497 
879.499 -940.498 
941.508 -954.504 
-616.505 -955.505 
303.5 -956.501 
-1041.5 -961.499 
699.498 -970.498 
16.4974 -971.494 
-1498.5 -974.497 
749.496 -977.499 
1602.5 -987.502 
-803.501 -997.501 
1492.5 -1008.5 
210.999 -1019 
498.496 -1020.49 
-278.503 -1033.5 
792.506 -1039.5 
-1241.5 -1043.51 
-477.497 -1049.5 
832.498 -1053.5 
1470.5 -1054.5 
-656.501 -1056.5 
-177.494 -1064.49 
1217.5 -1069.49 
-631.887 -1082.75 
978.499 -1082.5 
1267.33 -1089.95 
-642.241 -1092.17 
-1285.5 -1098.5 
-123.503 -1102.5 
-548.382 -1106.22 
-551.174 -1109.41 
-507.501 -1119.5 
932.5 -1120.5 
1223.51 -1131.5 
354.498 -1133.49 
1172.5 -1135.5 
1586.5 -1143.51 
1140.5 -1155.5 
725.498 -1163.49 
1032.5 -1166.5 
-871.497 -1180.5 
-1487.5 -1192.5 
