-58.0993 1208.14 
-598.098 1186.13 
1565.9 1185.14 
160.904 1164.15 
1388.89 1162.14 
847.898 1146.15 
401.895 1140.14 
-825.111 1138.14 
-18.1054 1135.14 
391.583 1123.18 
-601.095 1105.14 
-749.103 1100.15 
-726.098 1097.14 
-787.105 1090.14 
-57.1022 1056.13 
-1098.1 1029.13 
255.866 1001.5 
240.825 992.601 
-874.093 976.147 
-685.099 975.14 
-1146.11 954.133 
1362.91 953.149 
663.893 945.126 
-255.097 943.143 
-350.1 934.142 
1156.9 913.141 
178.903 911.134 
-640.094 904.126 
1328.91 904.139 
-578.093 882.134 
-469.097 860.131 
-626.106 852.136 
-101.106 852.145 
1048.9 841.135 
481.904 796.131 
-498.096 791.139 
-656.104 784.143 
-809.103 771.15 
751.893 759.144 
51.9021 753.143 
-154.106 748.139 
-942.105 736.138 
-478.101 736.144 
-398.106 727.13 
-1338.09 725.142 
-506.102 719.137 
-668.103 710.136 
1185.9 698.146 
1103.9 696.142 
369.898 677.138 
836.902 645.142 
-935.101 642.138 
526.903 640.141 
1166.9 599.146 
-1056.1 587.137 
1060.9 578.128 
-579.106 575.139 
-195.106 574.141 
1405.9 557.138 
1397.26 544.293 
744.899 542.139 
634.896 538.133 
-525.104 533.147 
-567.099 532.143 
-31.7249 528.133 
-20.1455 528.138 
82.9026 528.134 
-1198.11 525.134 
-847.105 518.146 
-10.7243 518.797 
148.899 497.141 
245.903 494.14 
1316.88 480.134 
-1048.1 476.143 
1400.9 438.145 
13.9007 420.143 
-434.099 397.144 
-81.1035 392.142 
1017.89 381.137 
-1020.11 379.142 
-1076.1 354.136 
1124.89 354.141 
-778.104 347.146 
-897.098 340.137 
-1599.11 325.141 
224.898 324.14 
182.899 316.142 
200.896 311.131 
-1034.1 309.132 
-132.093 297.144 
-36.1032 278.14 
-259.701 255.355 
-263.521 248.85 
-635.107 241.146 
451.899 229.142 
-156.095 223.133 
-343.099 221.138 
-232.094 213.149 
721.892 208.141 
-1479.1 201.139 
-1335.1 189.144 
397.9 176.141 
1196.9 159.14 
-1355.09 157.147 
-1072.09 154.134 
222.907 135.141 
1301.9 111.134 
1506.9 110.136 
68.8968 95.1394 
-894.101 66.1431 
18.9084 63.1451 
-686.101 53.14 
-1612.1 49.1374 
-1168.1 43.1382 
-890.098 43.1367 
603.897 40.1361 
-1071.1 19.136 
220.9 6.14037 
-107.102 3.14586 
505.896 -29.8627 
-1575.1 -30.8637 
1173.9 -32.8633 
-269.098 -42.8606 
1053.9 -45.8565 
1595.9 -62.8596 
983.899 -76.8611 
1421.9 -78.8615 
-11.1048 -93.8549 
240.902 -98.8573 
-1137.1 -106.862 
-827.101 -108.866 
-146.106 -113.866 
1177.89 -113.855 
531.909 -118.862 
-1096.09 -121.856 
-1622.1 -124.865 
-55.0982 -135.862 
661.903 -145.851 
1130.9 -146.853 
1079.9 -147.867 
-743.097 -150.861 
1261.9 -166.862 
1131.91 -171.865 
1374.91 -181.863 
1486.9 -183.857 
55.899 -185.86 
957.891 -185.86 
1251.91 -195.861 
-1545.1 -204.858 
1172.88 -211.856 
1116.91 -217.858 
-946.102 -219.862 
1091.89 -223.865 
110.901 -226.86 
560.904 -246.86 
-856.1 -253.865 
1049.9 -256.867 
-890.095 -269.868 
772.9 -289.854 
-535.101 -291.858 
137.904 -292.855 
-1406.09 -309.868 
-973.102 -319.855 
-1259.11 -326.855 
-190.102 -340.859 
-656.098 -341.861 
1588.9 -346.855 
-488.107 -393.859 
-668.103 -403.863 
-1541.1 -412.854 
-1330.1 -423.861 
-628.093 -444.865 
285.89 -444.857 
-1198.1 -448.864 
-1560.1 -448.87 
867.903 -448.857 
-1592.11 -449.861 
-1443.11 -452.855 
-569.094 -455.847 
1232.9 -462.853 
20.906 -467.861 
453.896 -487.862 
1249.89 -487.86 
-510.096 -497.864 
-126.097 -501.852 
572.895 -524.854 
1613.9 -533.869 
-665.101 -558.863 
-1427.1 -592.864 
413.901 -597.86 
-379.105 -600.863 
-1423.75 -607.44 
-298.101 -615.855 
-1478.1 -623.867 
513.9 -649.853 
1142.9 -653.862 
1347.89 -658.855 
-1022.1 -674.856 
-936.096 -677.858 
-175.096 -691.856 
659.905 -697.868 
-700.104 -703.857 
765.892 -704.868 
-281.101 -708.85 
-1011.1 -713.861 
1366.91 -718.86 
125.902 -732.85 
758.902 -778.859 
-940.109 -778.854 
-1323.1 -780.865 
-285.104 -790.856 
-1377.1 -795.859 
-559.097 -809.862 
-600.099 -817.862 
927.901 -819.858 
-60.1045 -827.863 
33.8872 -828.857 
385.895 -840.865 
-1139.09 -849.858 
-728.103 -881.855 
-1046.1 -896.859 
-233.104 -918.859 
818.908 -918.852 
1080.91 -919.861 
-1049.1 -920.869 
-1449.11 -924.849 
-1067.1 -928.864 
-1553.1 -938.865 
-1418.11 -940.851 
1030.9 -946.857 
-134.104 -960.861 
345.896 -961.853 
-189.102 -971.853 
-251.1 -974.856 
754.902 -987.855 
-1379.1 -1003.86 
477.893 -1014.87 
728.906 -1019.86 
751.908 -1033.86 
-247.106 -1045.88 
-768.103 -1053.87 
784.905 -1053.86 
-919.098 -1105.86 
-278.101 -1114.86 
-908.005 -1120.36 
31.8974 -1122.85 
-63.1034 -1147.86 
1002.9 -1156.87 
1062.9 -1172.86 
-63.0968 -1204.86 
309.898 -1210.87 
