116.494 1211.5 
-652.501 1199.51 
1405.5 1199.5 
907.504 1192.5 
-654.821 1190.97 
996.547 1179.11 
-360.497 1176.5 
996.513 1179.02 
-742.503 1150.5 
-1026.5 1139.5 
623.504 1138.5 
488.499 1102.5 
-16.5 1097.5 
1233.5 1095.5 
-997.496 1083.5 
329.503 1077.49 
692.501 1069.5 
-29.4944 1067.5 
-778.496 1065.49 
737.504 1061.5 
799.498 1057.5 
1452.5 1055.5 
830.496 1054.5 
-199.5 1033.5 
-1565.51 1020.5 
-791.499 1010.5 
-1127.5 1004.51 
641.498 1004.5 
-318.504 997.501 
73.4958 988.502 
424.501 977.501 
1440.5 976.498 
955.491 965.506 
-649.875 963.499 
296.503 959.505 
94.4957 927.501 
-78.4965 923.496 
437.509 902.506 
1451.5 895.492 
372.016 883.486 
-1019.5 871.503 
855.503 856.496 
-1249.49 854.496 
-1167.51 833.501 
1102.51 830.506 
-619.501 827.495 
1500.5 816.503 
-883.493 815.498 
-947.5 795.501 
-902.5 785.501 
1513.5 778.5 
555.508 772.502 
-915.499 764.499 
580.509 760.502 
1584.06 757.505 
-122.501 756.501 
-1254.51 741.494 
733.503 737.495 
565.498 733.5 
-390.501 720.501 
899.499 720.501 
-114.498 718.499 
251.503 709.495 
1470.5 695.51 
939.496 676.494 
-1457.51 671.501 
-21.5061 634.496 
1320.5 633.507 
1466.5 619.501 
-299.5 617.499 
667.5 615.495 
-1305.5 589.5 
385.501 573.503 
600.497 572.503 
303.5 564.516 
97.501 557.496 
-1500.5 541.506 
-724.502 534.489 
109.505 532.501 
855.494 525.5 
739.501 522.496 
-913.504 515.505 
583.499 513.499 
1537.5 500.5 
-1364.5 486.496 
-134.503 469.507 
873.495 464.497 
35.4905 461.502 
997.495 453.502 
-339.494 443.497 
-178.504 443.5 
-1088.5 436.495 
-503.501 419.501 
-610.499 408.498 
357.506 396.5 
520.5 392.497 
-963.495 387.5 
-367.494 363.506 
-265.501 359.501 
-1550.5 354.497 
847.499 346.504 
-195.496 343.504 
208.504 339.504 
-726.496 338.501 
-282.505 336.506 
1257.5 322.501 
372.502 298.499 
-496.498 282.506 
-93.5068 247.51 
1429.5 243.502 
-517.505 233.498 
305.498 232.502 
101.495 222.5 
-406.493 219.5 
312.533 200.912 
1248.5 201.495 
305.766 198.629 
1086.5 197.499 
-128.497 179.506 
-448.497 175.504 
-1199.5 169.502 
750.503 168.002 
453.495 163.503 
-485.505 153.5 
374.027 148.015 
1318.5 142.501 
404.509 121.496 
-593.163 108.499 
-520.51 110.499 
-590.031 108.496 
627.506 91.5017 
-799.501 74.5052 
-1091.5 73.5004 
-1510.5 53.5024 
703.507 21.4996 
918.506 8.49963 
1153.5 7.49634 
204.501 3.49866 
0.500732 -0.50354 
1059.5 -5.5022 
-774.498 -15.4958 
1339.5 -13.5 
-722.506 -14.495 
434.499 -20.499 
-1090.5 -24.5007 
734.503 -32.5022 
59.5029 -44.5007 
1369.5 -81.4982 
-951.502 -92.5032 
510.505 -102.499 
-1462.5 -110.502 
-488.496 -112.502 
1200.51 -116.504 
1078 -122.504 
174.503 -140.5 
-937.503 -147.504 
-346.504 -148.499 
-1235.49 -151.501 
579.505 -182.499 
302.496 -187.5 
-108.496 -190.497 
-990.501 -194.495 
520.183 -195.965 
-864.508 -199.498 
167.501 -201.499 
519.322 -197.858 
-933.5 -209.506 
-709.5 -223.499 
-799.502 -224.494 
206.497 -248.493 
-1122.49 -258.5 
-1212.51 -262.492 
-239.496 -266.497 
1360.5 -267.495 
1158.51 -284.497 
-1318.5 -289.498 
-301.501 -296.508 
896.493 -301.492 
-349.502 -314.509 
32.5066 -316.497 
1599.51 -331.496 
-660.502 -334.501 
-568.5 -334.501 
-691.499 -347.499 
554.502 -370.499 
751.495 -377.501 
-1333.5 -378.489 
109.506 -389.499 
893.5 -410.499 
615.504 -429.492 
-561.508 -430.5 
339.498 -456.503 
-517.503 -471.503 
661.499 -488.498 
1383.5 -491.502 
199.494 -496.499 
1509.49 -499.494 
-162.502 -500.497 
1261.5 -506.502 
-567.5 -508.506 
-1588.49 -530.499 
418.499 -534.495 
-1454.49 -537.502 
-1094.5 -538.495 
386.49 -540.498 
-1084.5 -579.499 
101.932 -608.584 
115.331 -610.47 
-1505.51 -611.501 
1611.5 -621.495 
-282.498 -622.502 
-580.499 -655.49 
695.502 -655.502 
994.495 -660.499 
1482.5 -662.504 
-551.519 -673.068 
1379.5 -678.5 
-1516.5 -679.501 
-547.163 -675.715 
-1374.5 -695.495 
696.493 -695.497 
-1014.5 -697.508 
-1205.5 -703.498 
-843.504 -705.502 
1175.5 -705.504 
2.49915 -720.499 
1180.5 -729.498 
291.498 -732.494 
-1568.5 -733.499 
1611.5 -733.506 
-609.503 -736.498 
1001.5 -753.494 
1578.51 -772.503 
1045.49 -796.504 
-67.5061 -803.5 
-776.509 -823.498 
-791.504 -839.496 
584.5 -845.495 
609.5 -846.496 
242.499 -849.497 
263.501 -850.506 
655.497 -877.505 
1133.5 -886.499 
208.497 -887.493 
114.496 -894.498 
-107.5 -907.502 
144.505 -924.503 
758.487 -932.494 
-453.493 -934.5 
-1115.5 -936.502 
-1227.5 -958.499 
299.495 -966.494 
705.498 -982.501 
-198.497 -994.509 
-966.502 -1009.5 
-989.499 -1013.49 
229.501 -1017.5 
-959.798 -1021.08 
1198.5 -1025.51 
-1184.5 -1026.5 
1076.5 -1032.5 
-434.5 -1036.5 
-1228.5 -1050.5 
-396.497 -1052.5 
856.502 -1053.5 
474.496 -1057.5 
713.499 -1106.5 
-1035.5 -1119.5 
313.496 -1139.5 
657.498 -1149.5 
6.50244 -1165.51 
536.498 -1172.5 
1031.49 -1177.5 
205.496 -1191.5 
812.495 -1191.5 
389.497 -1199.5 
1441.5 -1211.5 
