-864.096 1205.14 
59.9112 1209.13 
-706.104 1202.13 
-1030.1 1196.13 
1492.9 1188.14 
-1491.1 1184.14 
1210.9 1180.15 
1383.9 1175.15 
1227.9 1145.13 
573.898 1137.15 
-1010.1 1125.15 
1285.9 1125.14 
1482.89 1122.14 
-249.104 1103.14 
-1250.1 1097.14 
1531.9 1088.13 
-166.1 1076.14 
-662.109 1072.14 
1559.9 1050.14 
1155.91 1049.15 
-1330.11 1047.14 
832.9 1046.15 
954.896 1044.14 
-378.106 1031.14 
1053.9 1028.13 
1222.9 1022.14 
1504.91 1004.14 
981.9 999.145 
1584.9 989.14 
-995.096 970.146 
194.899 969.138 
553.896 961.14 
-79.0957 943.134 
-1551.1 936.141 
896.897 922.137 
-1519.09 915.145 
1571.9 914.147 
409.903 913.143 
673.894 898.138 
-27.101 895.135 
1391.89 897.141 
-1160.1 895.149 
457.893 888.141 
-232.1 883.139 
1385.9 872.141 
1440.9 867.139 
903.893 862.143 
948.9 860.143 
-650.594 853.146 
-301.09 830.143 
407.902 803.138 
-1082.1 801.138 
-1550.1 799.136 
-139.105 793.135 
461.896 789.145 
-422.097 781.146 
237.895 776.136 
282.905 769.148 
-1276.1 761.153 
1035.9 755.14 
937.902 737.143 
-230.592 733.641 
44.9037 731.14 
1568.91 729.137 
-717.092 722.143 
315.899 713.14 
-920.091 707.138 
-1107.11 701.137 
349.896 700.136 
907.898 696.148 
-612.103 692.135 
687.9 684.129 
-1076.41 676.874 
475.907 673.148 
1166.89 669.148 
727.736 666.678 
-1082.13 670.23 
1531.9 663.135 
-556.095 657.142 
-986.295 652.311 
-986.582 651.66 
-941.088 642.147 
429.901 640.136 
1102.3 633.814 
681.901 630.149 
-96.1059 628.135 
636.898 627.141 
1201.89 624.143 
984.898 621.149 
605.9 610.145 
240.894 603.141 
510.904 601.141 
-1309.1 584.136 
1079.89 583.143 
897.901 557.141 
151.891 555.142 
353.896 549.147 
1360.9 522.136 
-829.101 521.141 
1246.9 515.134 
1478.9 510.146 
-1535.1 502.138 
-288.101 494.147 
72.905 490.144 
782.903 487.143 
734.896 486.146 
818.9 486.145 
-714.096 483.156 
1484.89 475.144 
284.904 463.136 
393.901 463.143 
602.908 452.138 
1090.91 450.135 
1127.89 450.138 
-610.098 446.148 
1446.89 444.147 
1373.89 439.147 
1515.9 435.133 
1125.01 432.692 
1481.89 430.149 
-1061.11 424.138 
386.907 419.153 
-1524.1 413.154 
823.903 409.148 
221.904 406.126 
1588.9 405.143 
-654.024 403.603 
-240.104 400.142 
-653.808 401.497 
1288.91 382.129 
-368.092 360.141 
1451.89 352.14 
1357.9 344.149 
1144.9 326.136 
1377.9 313.139 
-1263.1 308.14 
-1174.1 299.148 
-854.099 298.136 
92.9021 293.146 
609.899 291.142 
1279.89 278.145 
106.083 278.137 
-1002.11 272.13 
-533.098 268.144 
814.887 266.141 
1413.9 262.141 
-452.115 248.139 
747.897 245.139 
-53.0933 245.144 
583.901 229.144 
1210.9 225.133 
-386.099 222.133 
1234.9 221.133 
-971.097 213.137 
545.897 204.14 
-907.106 191.139 
848.905 188.133 
-10.1022 175.136 
38.9067 162.139 
1572.9 154.143 
135.911 135.14 
1606.9 127.143 
1395.9 111.14 
-280.103 103.131 
1415.88 96.1297 
-670.098 82.1369 
1470.91 78.1327 
530.909 74.1299 
-261.107 71.1396 
-1249.1 66.1311 
232.899 62.1352 
-562.098 58.1438 
867.901 58.1291 
554.898 48.1322 
1155.9 47.1318 
452.899 40.1266 
-586.094 37.1406 
-1030.09 33.1434 
-914.094 13.1452 
583.899 11.1428 
154.899 -0.859268 
1443.9 0.143174 
981.895 -0.861465 
1168.91 -7.85963 
733.9 -14.8507 
425.896 -17.8631 
-771.107 -27.8662 
-1526.11 -37.8585 
1266.9 -38.8555 
598.9 -52.8546 
531.908 -54.856 
1362.9 -58.87 
854.9 -70.8565 
703.896 -79.8617 
-1331.11 -80.8562 
-109.097 -81.8585 
1548.9 -87.8617 
-258.088 -91.8532 
-209.102 -91.8566 
1424.9 -99.8668 
-277.095 -103.863 
11.888 -122.85 
179.9 -125.866 
337.904 -134.856 
230.902 -140.849 
-126.099 -145.86 
-1375.1 -146.868 
880.906 -149.843 
968.911 -151.866 
-784.524 -172.556 
-566.099 -171.863 
-792.281 -175.669 
217.904 -185.86 
-1413.09 -193.856 
363.903 -221.859 
515.9 -224.865 
-67.0966 -233.864 
1096.9 -236.853 
-1104.1 -241.861 
36.8979 -243.86 
793.901 -254.859 
929.903 -263.858 
-529.095 -280.867 
1228.9 -280.858 
1419.9 -286.848 
-548.097 -291.85 
-89.0902 -293.866 
1050.89 -294.863 
1197.89 -316.854 
1573.9 -317.867 
698.894 -319.861 
-265.105 -322.858 
-821.102 -326.854 
877.895 -339.86 
-556.099 -340.859 
-443.099 -349.858 
945.899 -358.861 
972.899 -360.857 
-52.1041 -370.865 
-168.096 -373.844 
521.909 -376.851 
881.902 -385.852 
-22.0961 -387.86 
1150.9 -392.863 
-630.098 -398.863 
-590.094 -404.861 
639.905 -405.867 
-1144.11 -417.865 
-474.107 -427.866 
-1558.1 -433.867 
-837.081 -434.859 
1242.91 -435.862 
-1481.1 -439.859 
1538.9 -444.866 
395.899 -446.859 
1167.9 -453.861 
186.906 -457.858 
1241.9 -460.861 
-350.111 -471.856 
858.901 -471.861 
-265.106 -472.872 
1239.85 -465.586 
1106.9 -478.867 
945.891 -492.853 
480.899 -499.866 
775.9 -499.857 
900.9 -500.856 
919.886 -500.863 
-1509.09 -505.85 
1039.9 -505.865 
47.8965 -507.861 
-96.1029 -515.866 
827.893 -527.867 
-815.098 -540.852 
474.906 -564.853 
-409.093 -569.857 
950.891 -574.86 
1206.9 -579.858 
1317.9 -587.862 
432.905 -590.863 
980.899 -596.858 
1320.9 -625.856 
127.899 -630.864 
-1381.1 -634.859 
-1365.57 -633.901 
-1421.1 -639.861 
578.906 -653.865 
850.905 -657.859 
-847.09 -663.87 
418.903 -663.863 
-582.106 -666.854 
-47.0944 -669.864 
9.90452 -669.867 
472.892 -686.851 
1400.89 -700.862 
950.909 -703.859 
-1395.1 -725.856 
-71.1018 -725.853 
569.907 -726.862 
11.9078 -731.861 
620.893 -745.865 
-1115.1 -779.857 
829.901 -789.856 
1360.9 -789.87 
-349.096 -796.865 
439.892 -798.861 
-351.093 -816.864 
310.902 -816.862 
183.894 -833.954 
-992.108 -832.864 
183.894 -836.47 
-1036.1 -845.868 
-671.096 -847.332 
1226.91 -851.857 
792.906 -869.856 
1236.9 -873.858 
1370.91 -891.853 
-1509.1 -911.857 
-173.098 -913.851 
-20.0984 -919.855 
372.899 -923.859 
-1514.09 -935.858 
-78.0984 -938.859 
606.904 -940.857 
433.903 -943.859 
755.895 -950.862 
1205.89 -968.857 
-226.103 -978.86 
1082.9 -984.854 
638.897 -992.861 
-338.099 -1005.86 
262.902 -1021.86 
1308.91 -1025.86 
382.904 -1029.86 
-194.094 -1066.85 
836.896 -1103.87 
779.902 -1104.87 
-69.0976 -1108.86 
1098.89 -1147.86 
1314.91 -1158.86 
1390.9 -1166.85 
872.898 -1201.86 
812.9 -1202.86 
