-1135.1 1229.14 
1484.9 1229.62 
1485.39 1229.63 
1486.41 1229.64 
1487.4 1229.64 
1488.4 1229.65 
-1168.1 1228.14 
-1137.1 1228.14 
-1136.63 1228.14 
-1135.42 1228.48 
-1134.76 1228.47 
-1133.61 1228.14 
1483.9 1228.14 
1484.57 1228.48 
1485.39 1228.64 
1486.4 1228.64 
1487.4 1228.65 
1488.39 1228.64 
1489.23 1228.48 
-1169.61 1226.64 
-1168.54 1226.81 
-1167.25 1226.85 
-1136.83 1227 
-1135.57 1227.3 
-1134.02 1227.24 
1485.23 1227.7 
1486.39 1227.65 
1488.05 1227.68 
-1169.74 1225.14 
-1168.21 1225.25 
-1167.05 1225.32 
-1136.16 1225.96 
-1134.99 1226.02 
1486.72 1227.08 
-1168.1 1224.58 
-1321.12 1210.14 
-1415.1 1206.14 
-1321.67 1209.13 
-1321 1209.13 
-1415.67 1205.14 
-1415 1205.14 
-647.111 1185.14 
-647.66 1184.14 
-646.993 1184.14 
-1050.11 1166.14 
-183.096 1165.15 
-1050.68 1165.14 
-1050 1165.14 
164.904 1162.15 
-183.666 1164.14 
-182.989 1164.14 
164.335 1161.15 
164.992 1161.15 
952.899 1156.14 
1226.91 1156.14 
-1509.1 1155.14 
950.898 1154.14 
952.813 1154.22 
954.328 1154.28 
1226.33 1155.15 
1227.01 1155.15 
-1509.66 1154.14 
-1508.99 1154.14 
952.755 1152.71 
1071.91 1148.14 
-130.108 1146.14 
1071.33 1147.13 
1072.01 1147.13 
-130.666 1145.14 
-129.996 1145.14 
-1425.09 1140.14 
-1425.67 1139.15 
-1424.99 1139.15 
-346.097 1136.14 
-346.663 1135.13 
-345.988 1135.13 
533.904 1121.14 
533.332 1120.14 
534.011 1120.14 
-179.107 1114.14 
-973.085 1111.14 
744.914 1111.14 
-179.671 1113.14 
-179.003 1113.14 
-973.654 1110.15 
-972.982 1110.15 
742.902 1109.13 
744.815 1109.23 
746.329 1109.29 
744.748 1107.7 
400.891 1099.13 
1217.9 1099.14 
956.894 1097.14 
400.334 1098.14 
401.008 1098.14 
1217.33 1098.14 
1218 1098.14 
200.906 1094.14 
956.332 1096.14 
957.008 1096.14 
200.345 1093.14 
201.01 1093.14 
174.902 1084.14 
172.9 1082.15 
174.817 1082.23 
176.325 1082.29 
174.758 1080.71 
-151.108 1070.13 
-781.098 1067.14 
1002.91 1067.13 
-151.669 1069.13 
-150.995 1069.13 
-781.666 1066.14 
-780.991 1066.14 
1002.34 1066.13 
1003.02 1066.13 
-861.097 1062.14 
-177.095 1061.14 
62.8952 1060.14 
-861.668 1061.14 
-860.984 1061.14 
-177.669 1060.13 
-176.985 1060.14 
62.3329 1059.14 
63.0057 1059.14 
-1082.11 1034.13 
-352.1 1034.15 
1534.9 1033.14 
-1082.68 1033.14 
-1082 1033.14 
-352.667 1033.16 
-351.997 1033.15 
1534.33 1032.15 
1535.01 1032.14 
1048.91 1010.14 
506.902 1008.14 
407.897 1007.14 
1048.34 1009.14 
1049.29 1008.89 
-653.106 1004.14 
506.339 1007.13 
507.013 1007.13 
1054.05 1005.17 
407.329 1006.15 
408.006 1006.14 
-655.1 1002.13 
-653.191 1002.22 
-651.673 1002.28 
1054.1 1003.27 
1055.01 1003.15 
1454.89 998.133 
-653.248 1000.71 
1454.34 997.132 
1455 997.129 
-440.096 993.141 
-361.09 992.141 
-1002.1 991.144 
1002.9 991.131 
1265.91 990.141 
-440.661 992.146 
-439.99 992.146 
-361.663 991.13 
-360.985 991.13 
-1002.67 990.145 
-1002 990.146 
1000.9 989.141 
1002.81 989.222 
1004.33 989.277 
1265.33 989.137 
1266.01 989.14 
1365.9 986.138 
463.9 984.143 
539.903 984.137 
1002.76 987.713 
1278.91 982.139 
1365.33 985.129 
1366 985.13 
461.901 982.144 
463.813 982.229 
465.327 982.288 
539.334 983.136 
540.01 983.133 
1278.33 981.137 
1279.01 981.14 
463.754 980.711 
-1605.09 974.142 
-1605.66 973.157 
-1604.98 973.155 
1557.9 953.141 
1557.34 952.131 
1558.01 952.129 
188.905 948.135 
-1032.11 946.142 
188.335 947.126 
189.015 947.13 
-1397.1 942.139 
-1032.67 945.142 
-1032 945.141 
-1416.11 939.139 
-1399.1 940.133 
-1397.18 940.226 
-1395.67 940.289 
-1442.11 935.151 
-1416.67 938.137 
-1416 938.135 
-1397.24 938.713 
-1442.66 934.147 
-1442 934.145 
-965.099 923.14 
-967.108 921.135 
-965.19 921.218 
-963.674 921.274 
860.886 919.145 
-965.251 919.714 
860.332 918.146 
861.007 918.143 
1184.91 915.138 
1184.33 914.135 
1185.01 914.138 
1610.9 909.141 
1608.9 907.145 
1610.81 907.225 
1612.33 907.279 
1610.76 905.709 
-1400.1 900.142 
-1400.66 899.137 
-1399.99 899.141 
1102.9 892.144 
1102.33 891.138 
1103.01 891.136 
1016.9 885.144 
312.905 882.143 
1016.34 884.141 
1017 884.139 
-111.107 878.131 
312.334 881.145 
313.01 881.147 
-113.105 876.134 
-111.187 876.216 
-109.669 876.272 
-133.085 871.138 
64.91 871.138 
-111.241 874.714 
-133.664 870.134 
-132.982 870.134 
64.3321 870.125 
65.015 870.131 
935.883 852.144 
-707.093 848.139 
-88.1011 848.139 
935.332 851.146 
935.999 851.148 
-707.664 847.143 
-706.986 847.144 
-88.6658 847.134 
-87.9931 847.137 
1143.9 841.146 
424.909 838.136 
1143.33 840.155 
1144.01 840.152 
424.336 837.132 
425.016 837.132 
-1359.09 827.141 
68.8961 825.143 
-670.088 824.137 
-1359.65 826.136 
-1358.99 826.139 
540.884 823.142 
-242.094 822.145 
1334.9 822.143 
68.3371 824.138 
69.0017 824.136 
-672.16 821.975 
-670.202 822.062 
-668.594 822.128 
540.325 822.15 
541.001 822.143 
-242.663 821.146 
-241.995 821.145 
1334.33 821.143 
1335 821.145 
-670.269 820.632 
1563.89 810.149 
-945.097 806.138 
1563.34 809.15 
1564 809.144 
-350.099 805.136 
-947.103 804.142 
-945.184 804.225 
-943.673 804.281 
-809.099 802.14 
-350.662 804.139 
-349.988 804.137 
-945.243 802.711 
-903.103 798.145 
-809.656 801.135 
-808.993 801.131 
-1403.11 796.139 
-903.663 797.142 
-902.991 797.14 
-1173.11 793.14 
-1405.1 794.135 
-1403.18 794.22 
-1401.67 794.278 
-586.098 790.134 
-1175.1 791.139 
-1173.19 791.225 
-1171.67 791.284 
-1403.23 792.704 
-586.67 789.127 
-585.996 789.126 
397.896 786.135 
-1173.24 789.714 
758.899 784.141 
397.332 785.144 
398.003 785.14 
758.337 783.142 
759.012 783.142 
865.91 777.144 
-1096.1 774.132 
865.345 776.142 
866.01 776.144 
1322.9 772.143 
1633.57 772.194 
-616.111 771.137 
-1096.67 773.132 
-1096 773.134 
-585.107 770.139 
1322.34 771.127 
1323.01 771.129 
1631.9 770.142 
1633.45 770.235 
-616.665 770.137 
-616 770.135 
-585.666 769.142 
-584.992 769.14 
474.918 766.139 
1633.38 768.659 
474.341 765.141 
475.018 765.143 
-1008.11 757.138 
-1008.67 756.138 
-1007.99 756.14 
-999.09 749.138 
-39.0971 749.141 
-737.1 746.142 
-999.66 748.153 
-998.984 748.153 
-39.6702 748.137 
-38.9901 748.137 
-1171.1 743.137 
-739.103 744.143 
-737.182 744.23 
-735.665 744.289 
-1171.67 742.14 
-1170.99 742.139 
-737.239 742.702 
-1114.1 737.142 
-1114.66 736.136 
-1113.99 736.14 
-137.104 731.132 
-1115.58 730.931 
-137.67 730.138 
-136.995 730.138 
-1116.67 728.143 
-1115.99 728.143 
1541.91 725.14 
-1076.09 724.139 
1511.9 724.135 
1541.33 724.142 
1542.02 724.14 
-1076.67 723.14 
-1075.99 723.141 
1511.34 723.143 
1512.01 723.138 
-1540.1 707.138 
1188.9 707.145 
-1542.1 705.141 
-1540.19 705.226 
-1538.68 705.283 
1188.33 706.145 
1189.01 706.144 
-525.114 702.137 
964.902 700.143 
-1540.24 703.709 
1341.9 699.134 
-525.673 701.147 
-524.996 701.144 
964.339 699.137 
965.003 699.136 
1341.33 698.129 
1342.01 698.13 
943.912 693.144 
943.344 692.142 
944.014 692.148 
-11.0994 685.142 
-11.6616 684.137 
-10.9981 684.135 
-1637.11 677.785 
471.903 676.14 
-1639.31 676.541 
-1637.69 676.286 
-1636.99 676.146 
471.328 675.135 
472.009 675.135 
-1555.11 666.145 
1220.9 665.136 
349.919 664.138 
-1557.1 664.145 
-1555.19 664.228 
-1553.67 664.284 
1220.33 664.133 
1221.02 664.135 
349.339 663.14 
350.014 663.142 
810.902 659.14 
-1555.24 662.713 
602.568 657.178 
604.859 656.101 
810.331 658.14 
811.012 658.139 
-1448.1 654.143 
1163.9 654.144 
600.363 655.002 
602.459 653.701 
605.191 653.584 
611.57 651.394 
-1450.1 652.137 
-1448.19 652.223 
-1446.67 652.282 
1163.32 653.147 
1164 653.149 
-712.097 648.134 
602.53 651.609 
609.648 650.724 
612.002 650.14 
-1448.25 650.711 
-712.67 647.142 
-711.992 647.145 
-1200.09 633.139 
-1200.67 632.136 
-1199.99 632.14 
-204.095 616.137 
-204.662 615.148 
-203.987 615.145 
1106.9 610.14 
-470.108 608.141 
1106.33 609.132 
1107.01 609.135 
-679.111 604.139 
-589.095 604.14 
-470.67 607.14 
-470.002 607.141 
375.91 604.137 
-679.672 603.139 
-678.99 603.141 
-591.101 602.146 
-589.179 602.228 
-587.672 602.282 
373.895 602.132 
375.819 602.221 
377.327 602.282 
-589.236 600.711 
375.757 600.708 
766.901 592.153 
-424.113 591.134 
766.34 591.153 
767.005 591.152 
-882.097 587.143 
-424.668 590.134 
-423.998 590.131 
-1272.1 585.136 
-882.667 586.14 
-881.996 586.142 
-1272.67 584.127 
-1271.99 584.127 
-468.1 580.142 
37.9083 580.144 
-1375.09 578.14 
-468.663 579.148 
-467.992 579.148 
37.3409 579.139 
38.0079 579.14 
-1375.66 577.137 
-1374.99 577.138 
1411.9 571.132 
1411.33 570.125 
1412.01 570.13 
-62.1054 563.151 
-62.6649 562.151 
-61.9999 562.15 
215.894 558.145 
-819.099 555.137 
215.333 557.152 
216.009 557.147 
763.893 554.138 
-821.1 553.147 
-819.182 553.226 
-817.67 553.28 
763.336 553.126 
764.005 553.125 
-1052.1 548.134 
738.893 548.143 
-819.239 551.71 
-1054.1 546.147 
-1052.18 546.223 
-1050.67 546.274 
736.898 546.144 
738.814 546.228 
740.324 546.285 
-1052.24 544.712 
738.759 544.704 
226.907 532.142 
226.396 530.299 
227.724 529.885 
-724.095 526.149 
64.9051 525.142 
223.436 525.185 
226.072 525.996 
228.789 526.057 
-724.662 525.16 
-723.997 525.159 
64.3399 524.141 
65.0084 524.14 
223.316 524.021 
225.589 524.014 
228.933 524.148 
1151.89 516.143 
-1057.1 514.143 
1151.33 515.153 
1152 515.147 
-1057.67 513.142 
-1057 513.144 
-818.103 501.137 
229.905 501.145 
-84.0939 500.129 
1094.9 498.145 
1166.9 498.138 
-820.098 499.139 
-818.186 499.228 
-816.668 499.289 
228.437 498.997 
229.468 499.201 
-84.6621 499.133 
-83.9796 499.137 
1092.89 496.141 
1094.81 496.23 
1096.33 496.291 
1166.33 497.142 
1167 497.137 
-818.242 497.714 
228.973 497.6 
1094.74 494.717 
-453.094 489.137 
-455.104 487.136 
-453.181 487.222 
-451.669 487.28 
-453.24 485.707 
704.905 480.141 
702.902 478.134 
704.819 478.222 
706.331 478.282 
704.761 476.711 
29.8945 469.143 
241.906 469.141 
210.903 467.142 
29.3301 468.146 
30.0067 468.147 
241.332 468.137 
242 468.138 
210.336 466.133 
211.008 466.136 
-659.096 449.143 
-1056.1 445.145 
-659.661 448.138 
-658.987 448.138 
-258.11 445.142 
653.905 443.144 
-1209.1 442.134 
-1056.66 444.143 
-1055.99 444.138 
-258.673 444.147 
-257.996 444.144 
-764.098 440.142 
651.905 441.139 
653.818 441.224 
655.327 441.282 
-1209.67 441.142 
-1208.99 441.139 
151.899 438.149 
-764.658 439.142 
-763.987 439.139 
653.758 439.715 
151.336 437.152 
152.012 437.153 
899.91 429.139 
899.338 428.128 
900.006 428.132 
414.901 423.133 
-481.103 421.14 
414.336 422.124 
415.007 422.13 
-483.101 419.144 
-481.184 419.227 
-479.669 419.283 
990.884 417.141 
-481.239 417.711 
990.332 416.159 
991.006 416.157 
1211.56 413.184 
-738.101 412.138 
-634.111 412.151 
1213.86 412.101 
1209.36 411.001 
-738.664 411.118 
-737.99 411.124 
-634.673 411.153 
-634.005 411.147 
805.906 408.146 
1211.46 409.697 
1213.92 409.739 
976.91 405.144 
-611.103 404.134 
803.899 406.136 
805.817 406.225 
807.328 406.285 
1211.53 407.611 
976.335 404.145 
977.012 404.147 
-613.099 402.137 
-611.182 402.219 
-609.677 402.274 
805.757 404.709 
-611.236 400.709 
1351.9 390.143 
-1127.1 389.133 
1351.34 389.136 
1352.01 389.139 
-1127.67 388.128 
-1127 388.125 
737.898 380.146 
737.335 379.149 
738.006 379.147 
1318.91 375.136 
181.898 371.14 
1318.34 374.136 
1319.01 374.135 
181.332 370.14 
182.003 370.14 
-492.098 366.141 
-1254.09 365.139 
614.897 363.143 
644.568 363.183 
-492.665 365.135 
-491.987 365.137 
-1256.09 363.131 
-1254.18 363.221 
-1252.67 363.282 
646.859 362.102 
612.902 361.146 
614.814 361.232 
616.328 361.291 
642.366 360.998 
-1254.24 361.708 
644.456 359.698 
646.923 359.738 
614.757 359.709 
-581.102 354.14 
644.53 357.609 
-581.663 353.132 
-580.992 353.138 
858.908 350.139 
858.336 349.141 
859.019 349.14 
349.908 341.144 
539.904 339.133 
349.345 340.135 
350.01 340.14 
-27.0967 335.139 
539.34 338.138 
540.015 338.132 
603.901 333.13 
-27.6658 334.138 
-26.9954 334.14 
-1605.09 330.137 
603.335 332.133 
604.012 332.132 
-964.095 328.138 
-1605.66 329.14 
-1604.99 329.142 
-1433.44 326.185 
-1431.14 325.1 
-964.67 327.131 
-963.993 327.132 
-1435.64 324 
-1277.11 322.136 
-727.08 321.138 
-1433.55 322.698 
-1431.07 322.743 
-449.088 319.136 
-1277.68 321.132 
-1277 321.133 
-727.668 320.134 
-726.985 320.136 
-1433.48 320.61 
237.877 316.15 
873.889 316.146 
-449.665 318.125 
-448.987 318.132 
242.021 315.339 
-1021.08 313.14 
235.903 314.142 
237.845 314.174 
873.332 315.14 
873.998 315.144 
241.324 313.527 
243.848 313.249 
-1023.1 311.128 
-1021.18 311.219 
-1019.67 311.281 
863.897 308.141 
242.493 311.707 
-578.114 306.136 
-1021.24 309.714 
863.336 307.148 
864.002 307.146 
-578.673 305.138 
-577.993 305.138 
891.896 299.142 
-820.102 295.141 
891.333 298.149 
892.009 298.143 
-907.096 294.133 
-216.107 294.143 
-820.665 294.143 
-819.994 294.147 
-907.668 293.142 
-906.99 293.145 
-216.671 293.145 
-216.001 293.141 
869.896 290.137 
869.332 289.14 
870.005 289.142 
-246.089 284.141 
-248.103 282.139 
-246.178 282.226 
-244.668 282.285 
-246.24 280.711 
-203.09 259.142 
-14.0935 258.144 
-203.663 258.142 
-202.989 258.144 
-14.6651 257.136 
-13.9927 257.138 
21.8958 243.135 
21.3318 242.133 
22.0055 242.132 
1294.88 239.134 
-412.09 235.135 
1294.33 238.14 
1295 238.143 
-1044.1 231.138 
-412.665 234.136 
-411.987 234.134 
337.899 230.136 
-1044.67 230.144 
-1044 230.145 
337.328 229.135 
338.006 229.136 
524.9 223.14 
524.334 222.138 
525.001 222.137 
-603.112 215.138 
-603.662 214.14 
-602.994 214.134 
-181.103 210.145 
-562.104 209.138 
-176.572 207.746 
-183.104 208.148 
-181.195 208.237 
-562.668 208.142 
-561.988 208.139 
1347.89 205.15 
-177.775 206.646 
-175.002 206.142 
-1268.1 201.146 
1347.34 204.134 
1348.01 204.134 
-1268.66 200.144 
-1268 200.143 
-618.102 188.136 
-620.105 186.131 
-618.191 186.22 
-616.677 186.281 
-618.251 184.715 
-1023.09 179.144 
-269.101 177.14 
1265.9 177.138 
-1008.09 176.142 
1123.89 176.142 
-1025.1 177.138 
-1023.19 177.226 
-1021.67 177.286 
-269.664 176.147 
-268.993 176.148 
1263.9 175.141 
1265.82 175.223 
1267.33 175.278 
-1008.66 175.144 
-1007.98 175.146 
1123.33 175.139 
1124 175.138 
-1023.25 175.719 
1265.76 173.712 
109.886 162.143 
107.9 160.145 
109.809 160.228 
111.329 160.285 
109.758 158.713 
394.889 153.139 
877.899 150.14 
394.329 152.144 
395 152.142 
712.9 149.14 
504.894 147.132 
877.334 149.149 
878.009 149.148 
1080.91 146.14 
712.336 148.142 
713.008 148.14 
504.333 146.128 
505.003 146.134 
1078.9 144.139 
1080.82 144.226 
1082.33 144.284 
1080.75 142.71 
250.568 137.185 
252.861 136.103 
248.36 135.002 
250.458 133.701 
252.926 133.748 
64.8983 130.142 
250.526 131.611 
62.9 128.137 
64.8115 128.221 
66.3347 128.278 
64.7528 126.711 
531.914 109.138 
-412.101 105.144 
531.337 108.131 
532.013 108.133 
1246.91 104.144 
-371.105 103.141 
1085.9 103.142 
-412.666 104.136 
-411.998 104.139 
1246.33 103.146 
1247.01 103.143 
-371.666 102.145 
-370.994 102.145 
1083.9 101.135 
1085.82 101.221 
1087.33 101.28 
326.897 98.14 
1085.76 99.7074 
-900.106 94.1454 
326.336 97.1405 
327.006 97.1372 
-441.098 91.139 
-900.663 93.135 
-899.996 93.1372 
492.907 90.1406 
-441.663 90.1263 
-440.994 90.1288 
492.337 89.1395 
493.007 89.1438 
-270.109 71.1406 
175.895 69.1489 
-916.096 68.1312 
-270.669 70.1529 
-270.001 70.1484 
175.329 68.1455 
175.997 68.1431 
-916.666 67.1358 
-915.989 67.1358 
1140.9 59.1405 
-140.092 56.1472 
1140.34 58.1393 
1141.01 58.1388 
-329.109 54.14 
383.897 54.1389 
-140.666 55.1479 
-139.99 55.1493 
-331.103 52.1498 
-329.186 52.2284 
-327.671 52.2814 
383.332 53.1388 
384.005 53.1369 
-329.238 50.7158 
1026.9 40.1394 
1026.34 39.14 
1027.01 39.1389 
1285.91 27.141 
-828.09 26.1383 
1285.34 26.1396 
1286.01 26.1366 
-828.657 25.1465 
-827.984 25.1411 
669.901 1.14183 
1015.9 0.147446 
669.341 0.147813 
670.44 -0.328262 
1015.33 -0.853652 
1016.01 -0.851089 
673.694 -4.42824 
672.031 -4.75111 
673.903 -5.96742 
1442.9 -11.8615 
469.886 -14.8566 
1440.9 -13.8611 
1442.81 -13.7771 
1444.32 -13.72 
469.327 -15.8613 
470.001 -15.8626 
1442.75 -15.2898 
343.897 -28.8611 
343.335 -29.8704 
344.007 -29.8704 
-707.099 -38.8574 
916.894 -39.859 
-707.664 -39.8609 
-706.992 -39.8571 
916.335 -40.8596 
917.005 -40.8574 
1550.9 -56.8566 
-35.1051 -60.8566 
1550.33 -57.8618 
1551.01 -57.8607 
-797.118 -61.8673 
1625.9 -63.8634 
-35.6679 -61.8543 
-34.9921 -61.8538 
-797.666 -62.8694 
-796.996 -62.8709 
-1420.09 -66.8516 
1625.34 -64.8744 
1626.01 -64.8715 
-1420.66 -67.8572 
-1420 -67.8573 
-1252.11 -82.8666 
-1252.67 -83.8609 
-1252 -83.8571 
646.893 -89.8627 
646.331 -90.8634 
647.007 -90.8624 
-677.117 -107.86 
-677.673 -108.848 
-676.996 -108.852 
22.9 -112.855 
22.3365 -113.855 
23.0051 -113.855 
-455.091 -130.859 
-457.096 -132.859 
-455.183 -132.774 
-453.672 -132.717 
-1614.1 -135.866 
-116.096 -137.852 
-455.246 -134.291 
-1614.67 -136.865 
-1613.99 -136.864 
-116.663 -138.86 
-115.992 -138.856 
238.894 -144.858 
238.33 -145.857 
238.999 -145.858 
-263.1 -154.856 
1161.89 -156.865 
-265.098 -156.856 
-263.184 -156.769 
-261.676 -156.71 
760.902 -158.861 
1161.32 -157.865 
1162 -157.863 
-263.242 -158.283 
760.341 -159.856 
761.014 -159.86 
1270.89 -162.859 
-1334.09 -163.857 
1150.89 -164.862 
1270.33 -163.853 
1271.01 -163.856 
-1334.66 -164.855 
-1333.99 -164.856 
-1475.1 -168.86 
1150.34 -165.863 
1151 -165.865 
145.898 -169.859 
-38.1035 -170.859 
-1475.67 -169.857 
-1474.99 -169.857 
143.906 -171.86 
145.817 -171.779 
147.327 -171.725 
-38.6615 -171.858 
-37.9873 -171.86 
145.763 -173.29 
577.903 -181.855 
-1570.1 -184.859 
-101.079 -184.858 
577.338 -182.858 
578.007 -182.859 
-1572.1 -186.866 
-1570.19 -186.778 
-1568.67 -186.718 
-101.655 -185.867 
-100.979 -185.866 
-1570.24 -188.289 
-999.099 -193.857 
-999.665 -194.854 
-998.991 -194.852 
1121.89 -197.856 
-861.092 -199.864 
1121.33 -198.861 
1122 -198.861 
-861.665 -200.862 
-860.99 -200.863 
-99.101 -207.863 
-473.11 -209.854 
-99.6649 -208.854 
-98.9905 -208.856 
-475.1 -211.852 
-473.192 -211.77 
-471.674 -211.714 
-499.095 -214.855 
-903.109 -216.859 
-473.247 -213.286 
-499.663 -215.862 
-498.987 -215.862 
-903.666 -217.85 
-902.993 -217.853 
1165.9 -241.854 
667.896 -242.856 
-286.099 -245.854 
1165.34 -242.856 
1166.01 -242.855 
665.901 -244.853 
667.812 -244.772 
669.328 -244.718 
-286.658 -246.856 
-285.992 -246.861 
667.755 -246.293 
1341.9 -253.865 
-1036.11 -256.863 
-1409.09 -257.859 
1341.33 -254.864 
1342.01 -254.868 
-1036.67 -257.865 
-1036 -257.867 
-1409.66 -258.861 
-1408.99 -258.862 
87.5619 -261.819 
89.8573 -262.897 
85.3607 -264.004 
87.4532 -265.302 
89.9256 -265.257 
785.891 -270.864 
87.5218 -267.39 
725.901 -271.864 
1513.91 -272.858 
785.33 -271.858 
786.005 -271.862 
723.905 -273.856 
725.817 -273.773 
727.333 -273.717 
1513.34 -273.864 
1514.01 -273.862 
725.76 -275.292 
423.899 -282.854 
-1042.11 -285.858 
423.464 -284.139 
424.835 -284.811 
630.9 -286.858 
-138.111 -287.859 
1347.9 -287.86 
-1042.67 -286.852 
-1042 -286.852 
425.149 -287.6 
426.496 -288.232 
630.335 -287.857 
631.009 -287.863 
-774.098 -291.852 
-138.67 -288.864 
-137.999 -288.863 
1345.9 -289.854 
1347.81 -289.769 
1349.33 -289.711 
-774.665 -292.844 
-773.99 -292.844 
1347.75 -291.286 
-273.098 -296.871 
-734.105 -299.857 
-470.096 -300.863 
-273.677 -297.87 
-272.995 -297.864 
1373.88 -300.859 
-237.095 -301.861 
-734.663 -300.856 
-733.994 -300.856 
-470.666 -301.867 
-469.994 -301.866 
1373.33 -301.859 
1373.99 -301.86 
-239.103 -303.85 
-237.179 -303.772 
-235.669 -303.72 
-1050.11 -308.867 
-237.236 -305.284 
3.9022 -310.861 
-1050.67 -309.881 
-1050 -309.873 
-188.086 -312.862 
1.90037 -312.859 
3.8176 -312.774 
5.32444 -312.717 
-1068.1 -316.858 
-188.662 -313.867 
-187.989 -313.863 
1379.91 -317.849 
3.76023 -314.284 
-1068.66 -317.855 
-1067.99 -317.856 
-1344.08 -321.865 
1379.34 -318.851 
1380.01 -318.852 
-322.101 -323.864 
102.899 -324.869 
-1344.66 -322.861 
-1343.99 -322.856 
-322.663 -324.858 
-321.994 -324.86 
102.335 -325.862 
103.006 -325.864 
-1106.09 -336.857 
-852.102 -338.859 
-1106.66 -337.867 
-1105.99 -337.867 
-854.106 -340.856 
-852.193 -340.77 
-850.672 -340.711 
-293.103 -342.865 
-852.255 -342.284 
-293.666 -343.862 
-292.99 -343.862 
-281.085 -346.85 
1621.91 -349.86 
-281.656 -347.867 
-280.991 -347.863 
957.895 -351.866 
1621.33 -350.854 
1622.01 -350.854 
957.329 -352.857 
958.006 -352.862 
-238.099 -364.857 
-972.103 -365.862 
-238.666 -365.858 
-237.996 -365.86 
-972.666 -366.857 
-971.992 -366.861 
1494.91 -375.86 
1494.34 -376.863 
1495.01 -376.862 
-1036.09 -380.869 
3.91489 -380.861 
-289.114 -381.862 
405.893 -381.864 
-1036.66 -381.861 
-1035.99 -381.861 
3.33726 -381.856 
4.0167 -381.859 
-289.661 -382.863 
-288.996 -382.865 
405.328 -382.863 
406.014 -382.866 
1610.91 -407.857 
-288.096 -408.864 
60.8916 -410.851 
739.897 -410.855 
1610.34 -408.866 
1611.02 -408.866 
-288.664 -409.852 
-287.989 -409.856 
-124.092 -413.858 
60.3269 -411.858 
60.9968 -411.856 
739.339 -411.858 
739.998 -411.859 
-124.668 -414.865 
-123.989 -414.86 
-153.09 -419.859 
-440.105 -420.861 
-153.665 -420.857 
-152.986 -420.852 
-440.661 -421.863 
-439.995 -421.864 
-1084.1 -434.854 
700.893 -434.859 
-1084.67 -435.858 
-1083.99 -435.86 
700.33 -435.849 
701.006 -435.854 
-468.103 -454.857 
-468.665 -455.861 
-468.001 -455.863 
1468.9 -469.859 
-214.095 -470.857 
1468.33 -470.854 
1469.01 -470.856 
-216.102 -472.861 
-214.184 -472.769 
-212.669 -472.706 
-214.244 -474.288 
-718.103 -490.858 
-718.66 -491.842 
-717.993 -491.847 
143.884 -498.86 
143.332 -499.856 
143.999 -499.857 
1343.9 -511.859 
1343.34 -512.851 
1344.01 -512.853 
390.906 -520.855 
390.337 -521.855 
391.006 -521.85 
-954.091 -534.859 
-954.663 -535.874 
-953.989 -535.87 
1543.89 -542.854 
1543.33 -543.864 
1544 -543.864 
-131.112 -552.859 
-241.092 -553.861 
-131.665 -553.855 
-130.997 -553.859 
-241.662 -554.859 
-240.984 -554.86 
-464.096 -559.857 
-137.101 -561.854 
262.898 -561.85 
-464.672 -560.871 
-464.002 -560.863 
-139.097 -563.849 
-137.182 -563.769 
-135.675 -563.715 
262.341 -562.859 
263.006 -562.857 
-137.237 -565.285 
60.8937 -577.86 
60.3292 -578.861 
61.0036 -578.864 
-290.107 -596.857 
-290.668 -597.862 
-290.006 -597.862 
725.898 -604.867 
-151.259 -605.807 
725.333 -605.883 
726.011 -605.876 
-153.167 -607.854 
-151.352 -607.757 
-149.704 -607.681 
-151.409 -609.35 
-75.0988 -617.866 
1213.9 -617.859 
-77.0974 -619.866 
-75.1876 -619.769 
-73.673 -619.703 
1213.34 -618.867 
1214 -618.865 
-778.095 -622.858 
-422.105 -625.859 
-75.2481 -621.284 
-778.662 -623.859 
-777.992 -623.858 
-532.09 -628.85 
-422.669 -626.854 
-421.997 -626.856 
-765.104 -630.855 
-532.661 -629.839 
-531.989 -629.843 
-765.671 -631.861 
-765.001 -631.857 
-270.091 -634.855 
-270.669 -635.855 
-269.99 -635.854 
-1501.1 -645.867 
-458.11 -645.864 
-1501.67 -646.865 
-1500.99 -646.865 
-458.675 -646.861 
-457.991 -646.859 
101.895 -653.864 
101.328 -654.864 
102.009 -654.866 
273.908 -670.859 
-1555.1 -671.864 
273.336 -671.862 
274.005 -671.859 
-1555.66 -672.859 
-1554.99 -672.864 
973.895 -677.859 
973.339 -678.862 
974.006 -678.865 
976.276 -684.541 
974.895 -687.865 
976.813 -687.776 
978.332 -687.716 
976.748 -689.291 
597.906 -712.851 
597.338 -713.853 
598.011 -713.858 
633.899 -725.861 
631.9 -727.853 
633.817 -727.771 
635.326 -727.716 
633.76 -729.282 
159.9 -741.869 
159.331 -742.865 
160.007 -742.866 
-280.095 -768.854 
-282.103 -770.857 
-280.189 -770.769 
-278.679 -770.71 
-532.103 -773.856 
-202.097 -775.86 
-280.254 -772.285 
-532.668 -774.856 
-531.99 -774.856 
-202.668 -776.862 
-201.993 -776.859 
-589.1 -782.861 
-589.666 -783.858 
-588.987 -783.857 
-560.102 -786.86 
-560.659 -787.858 
-559.994 -787.858 
-864.109 -808.865 
-864.672 -809.867 
-863.999 -809.865 
1063.89 -812.856 
1063.33 -813.865 
1064 -813.867 
-1074.1 -817.863 
-1077.32 -820.502 
-1075.04 -820.009 
-1073.16 -819.745 
-1077.57 -821.882 
-1075.58 -821.742 
-397.109 -830.863 
-397.672 -831.867 
-396.993 -831.869 
154.895 -848.856 
154.334 -849.857 
155.005 -849.86 
796.913 -857.856 
796.343 -858.857 
797.015 -858.858 
-502.094 -879.858 
-504.096 -881.867 
-502.189 -881.776 
-500.676 -881.714 
-502.253 -883.294 
-224.109 -893.859 
-224.666 -894.862 
-223.996 -894.863 
1000.9 -916.869 
1000.34 -917.866 
1001.01 -917.86 
-1109.11 -923.858 
-1109.68 -924.858 
-1109 -924.86 
1050.91 -927.863 
1050.33 -928.873 
1051.01 -928.872 
1362.9 -943.857 
1360.9 -945.852 
1362.82 -945.776 
1364.33 -945.726 
1362.76 -947.287 
-1563.11 -958.859 
-1563.67 -959.857 
-1563 -959.857 
-105.101 -966.854 
-105.665 -967.85 
-104.991 -967.855 
682.907 -1003.86 
682.337 -1004.86 
683.01 -1004.86 
-26.0945 -1009.86 
1497.91 -1012.86 
-26.663 -1010.86 
-25.9898 -1010.86 
1497.34 -1013.86 
1498.01 -1013.86 
-655.101 -1017.86 
-655.666 -1018.86 
-654.988 -1018.86 
426.897 -1021.86 
426.336 -1022.86 
427.008 -1022.86 
1454.9 -1028.86 
1454.34 -1029.86 
1455.01 -1029.86 
-141.102 -1042.86 
-143.098 -1044.86 
-141.192 -1044.77 
-139.669 -1044.72 
269.898 -1049.86 
-141.252 -1046.29 
-1055.1 -1052.87 
267.899 -1051.86 
269.814 -1051.77 
271.329 -1051.71 
-1055.67 -1053.87 
-1054.99 -1053.87 
269.758 -1053.28 
-1025.09 -1080.85 
-1025.66 -1081.86 
-1024.99 -1081.85 
1090.9 -1087.85 
1090.34 -1088.84 
1091.01 -1088.85 
-997.096 -1095.86 
-997.671 -1096.87 
-996.997 -1096.86 
-42.101 -1107.87 
-42.6643 -1108.87 
-41.9901 -1108.87 
-656.103 -1132.86 
-656.66 -1133.85 
-655.989 -1133.86 
-525.094 -1140.86 
-525.665 -1141.86 
-524.994 -1141.86 
165.899 -1183.86 
165.333 -1184.87 
166.008 -1184.87 
-755.1 -1189.86 
-522.105 -1190.87 
-35.0945 -1192.86 
-757.102 -1191.86 
-755.184 -1191.78 
-753.672 -1191.72 
-522.666 -1191.87 
-521.993 -1191.87 
-35.663 -1193.86 
-34.9887 -1193.86 
-755.24 -1193.29 
10.895 -1198.85 
10.3329 -1199.86 
11.0021 -1199.86 
-179.103 -1211.86 
-179.661 -1212.87 
-178.994 -1212.87 
169.903 -1227.86 
168.236 -1229.3 
169.401 -1229.35 
171.049 -1229.32 
169.571 -1231.19 
