-551.1 1229.14 
1432.9 1229.14 
1433.39 1229.14 
1434.57 1229.48 
1435.24 1229.47 
1436.4 1229.14 
-553.1 1228.14 
-552.602 1228.14 
-551.431 1228.48 
-550.759 1228.48 
-549.614 1228.14 
1432.9 1228.64 
1433.4 1228.64 
1434.4 1228.63 
1435.4 1228.64 
1436.4 1228.65 
-552.811 1227 
-551.553 1227.3 
-550.009 1227.24 
1432.7 1227.54 
1433.75 1227.6 
1435.41 1227.64 
1436.57 1227.59 
-552.156 1225.95 
-550.986 1226.03 
1433.83 1226.5 
1435.03 1226.55 
-757.097 1216.14 
-757.662 1215.14 
-756.995 1215.14 
-358.104 1204.14 
-358.666 1203.15 
-357.991 1203.15 
-770.103 1192.14 
-1281.1 1190.14 
-770.667 1191.15 
-769.997 1191.14 
-1281.67 1189.14 
-1280.99 1189.14 
-566.097 1179.14 
-566.669 1178.14 
-565.992 1178.14 
-1556.11 1174.14 
-1556.67 1173.14 
-1556 1173.14 
-374.102 1157.14 
-374.669 1156.15 
-373.997 1156.15 
-984.089 1133.15 
-984.665 1132.14 
-983.992 1132.14 
1597.9 1129.14 
1595.9 1127.14 
1597.81 1127.22 
1599.33 1127.27 
1597.76 1125.71 
-701.105 1082.13 
-701.67 1081.14 
-700.994 1081.14 
625.894 1060.14 
625.327 1059.14 
626.008 1059.14 
-282.103 1053.13 
809.899 1050.13 
-282.67 1052.14 
-281.991 1052.13 
-215.101 1047.14 
809.334 1049.13 
810 1049.13 
-215.672 1046.15 
-214.989 1046.15 
-311.095 1040.14 
-311.665 1039.15 
-310.982 1039.15 
1405.91 1033.14 
1405.34 1032.14 
1406.02 1032.14 
1117.9 1021.14 
1117.33 1020.14 
1118.01 1020.14 
1332.9 989.142 
-1318.1 986.144 
1332.34 988.144 
1333.01 988.141 
-1318.66 985.139 
-1317.99 985.141 
275.896 975.14 
-708.101 973.137 
-922.112 971.139 
275.333 974.143 
276.006 974.141 
-708.668 972.145 
-707.992 972.145 
-922.666 970.144 
-921.995 970.139 
-352.095 967.144 
-352.659 966.148 
-351.985 966.144 
-50.0949 943.145 
-50.6629 942.14 
-49.9916 942.142 
1308.9 916.135 
1308.33 915.135 
1309.01 915.138 
1097.9 895.144 
-1439.1 894.134 
216.89 891.137 
1097.33 894.135 
1098 894.138 
-1439.66 893.127 
-1438.99 893.13 
216.333 890.139 
217.004 890.138 
1442.91 875.142 
1442.34 874.14 
1443.01 874.139 
228.887 851.148 
-1540.09 849.143 
228.335 850.147 
229.009 850.144 
-1540.66 848.143 
-1539.99 848.145 
-1387.11 841.146 
-1387.67 840.142 
-1387 840.143 
-820.094 808.139 
-820.668 807.141 
-819.993 807.139 
-1402.11 795.142 
-1402.67 794.137 
-1401.99 794.135 
-1579.1 788.139 
-1579.67 787.148 
-1578.99 787.144 
613.913 753.135 
725.567 753.181 
727.861 752.103 
613.337 752.13 
614.008 752.133 
723.363 750.999 
725.453 749.695 
727.923 749.737 
885.908 745.135 
725.525 747.609 
-514.097 742.144 
885.337 744.138 
886.013 744.137 
1052.9 739.134 
-514.663 741.134 
-513.99 741.138 
387.893 735.132 
1052.34 738.132 
1053.01 738.133 
892.902 733.146 
387.326 734.127 
388.002 734.131 
890.901 731.141 
892.815 731.227 
894.324 731.285 
-402.107 728.141 
892.756 729.711 
-402.669 727.128 
-402.002 727.129 
507.899 719.136 
507.332 718.135 
508.003 718.137 
-1635.1 713.14 
-1508.11 712.139 
-1636.15 711.96 
-1635.1 712.141 
-1508.66 711.135 
-1508 711.132 
-1297.11 698.138 
-1297.67 697.138 
-1296.99 697.137 
-1499.1 679.137 
-1499.67 678.135 
-1499 678.138 
1584.89 667.142 
1572.9 664.134 
1582.9 665.145 
1584.82 665.221 
1586.33 665.272 
1572.33 663.138 
1573 663.136 
1584.77 663.712 
-942.098 653.135 
-942.657 652.141 
-941.991 652.138 
1183.89 645.144 
1183.33 644.136 
1184 644.14 
-870.105 639.135 
-870.673 638.144 
-869.99 638.141 
-1446.11 631.143 
-763.107 630.138 
-1446.67 630.139 
-1446 630.139 
-763.67 629.147 
-762.993 629.147 
-86.0985 623.144 
-1472.11 619.141 
-86.6652 622.139 
-85.9964 622.135 
-1472.66 618.145 
-1472 618.143 
20.9027 599.138 
20.3294 598.146 
21.0119 598.147 
-1416.1 578.143 
-1416.67 577.145 
-1415.99 577.145 
-1323.12 573.136 
-286.1 573.149 
-1323.67 572.137 
-1323 572.134 
-286.658 572.139 
-285.992 572.138 
-1487.1 552.133 
653.888 551.139 
1132.9 549.14 
-1487.67 551.134 
-1486.99 551.132 
219.272 548.277 
653.334 550.143 
653.998 550.143 
220.357 547.131 
1132.34 548.143 
1133.01 548.142 
218.485 547.136 
1158.89 526.137 
1158.33 525.138 
1159.01 525.143 
38.9017 518.141 
1413.9 516.143 
38.3449 517.142 
39.0113 517.141 
1413.33 515.141 
1414.01 515.143 
647.902 511.139 
645.897 509.143 
647.815 509.225 
649.329 509.281 
896.907 507.139 
-819.092 503.138 
647.756 507.714 
896.331 506.128 
897.005 506.133 
-819.665 502.136 
-818.99 502.135 
-473.101 499.137 
-473.67 498.142 
-472.995 498.139 
-1088.1 492.141 
-1088.66 491.144 
-1087.99 491.146 
715.9 481.148 
-890.096 479.14 
388.905 479.143 
715.341 480.147 
715.999 480.146 
767.909 477.133 
-890.664 478.142 
-889.994 478.142 
388.339 478.141 
389.012 478.138 
767.337 476.143 
768.008 476.142 
779.894 460.138 
779.336 459.135 
780.004 459.135 
-1439.09 439.141 
-205.097 437.14 
-1439.66 438.139 
-1438.99 438.137 
-205.659 436.138 
-204.987 436.136 
-443.097 432.139 
-443.674 431.139 
-442.995 431.142 
1391.91 424.14 
1391.33 423.145 
1392.01 423.144 
-365.098 419.133 
-365.67 418.13 
-364.994 418.132 
626.907 391.139 
626.337 390.138 
627.007 390.139 
707.891 365.144 
707.334 364.133 
707.994 364.135 
1361.9 350.134 
1359.9 348.149 
1361.82 348.223 
1363.32 348.273 
1361.76 346.716 
1535.91 339.142 
1535.33 338.146 
1536.01 338.149 
-1105.11 331.138 
-1105.67 330.142 
-1104.99 330.139 
-12.1022 327.139 
-12.6712 326.135 
-11.9962 326.139 
484.912 317.14 
484.335 316.138 
485.012 316.14 
-1192.09 307.141 
-1192.66 306.135 
-1191.98 306.138 
-1254.1 267.123 
584.902 264.145 
-1254.67 266.122 
-1253.99 266.126 
584.332 263.142 
585.015 263.141 
250.904 246.14 
269.901 245.138 
250.339 245.131 
251.004 245.135 
269.335 244.147 
270.013 244.146 
-409.104 239.134 
-409.667 238.136 
-408.991 238.136 
80.5702 226.186 
82.8674 225.108 
1218.91 224.143 
-1585.1 222.139 
78.3657 223.997 
80.456 222.69 
82.928 222.736 
1218.34 223.14 
1219.01 223.14 
-1585.67 221.138 
-1584.99 221.141 
-703.107 217.141 
80.5289 220.608 
-703.668 216.143 
-702.991 216.144 
978.882 210.137 
-1274.11 209.139 
978.326 209.138 
979.002 209.134 
-1274.68 208.141 
-1274 208.14 
1181.9 201.135 
-311.104 200.14 
-668.086 199.132 
1181.34 200.139 
1182.01 200.139 
-311.672 199.145 
-310.991 199.143 
1593.9 196.142 
-668.672 198.137 
-667.984 198.143 
-45.0989 195.135 
1593.33 195.149 
1594.01 195.148 
-45.6682 194.13 
-44.9881 194.133 
992.898 190.143 
739.899 186.137 
992.333 189.148 
993.015 189.147 
739.332 185.138 
740.008 185.138 
584.9 178.141 
-178.097 174.137 
584.328 177.143 
585.003 177.145 
-659.093 173.145 
-201.102 170.135 
-178.663 173.135 
-177.992 173.134 
-659.662 172.142 
-658.994 172.141 
-201.667 169.139 
-200.989 169.139 
-1317.11 162.145 
-1317.67 161.146 
-1317 161.149 
993.901 138.139 
-559.093 136.135 
-316.087 135.139 
993.336 137.142 
994.009 137.141 
-559.671 135.141 
-558.985 135.14 
-106.098 132.137 
-316.664 134.136 
-315.991 134.137 
-106.659 131.14 
-105.989 131.136 
105.901 120.145 
105.337 119.145 
106.01 119.145 
-1483.1 103.146 
-312.105 102.142 
-1483.67 102.147 
-1482.99 102.147 
-312.67 101.142 
-311.995 101.141 
-1392.09 94.1367 
-1394.1 92.1329 
-1392.18 92.2146 
-1390.67 92.2698 
29.9067 88.1424 
-1392.24 90.7075 
29.3392 87.1404 
30.0091 87.1404 
687.903 84.1377 
-1051.11 81.1382 
687.337 83.1382 
688.009 83.1396 
-1051.66 80.1378 
-1051 80.1382 
163.903 73.1395 
163.34 72.1467 
164.009 72.1479 
-715.1 53.1305 
934.905 50.1407 
-715.67 52.1423 
-714.989 52.1407 
-1204.1 47.1451 
932.902 48.1318 
934.816 48.2195 
936.326 48.2793 
-1204.66 46.1427 
-1203.99 46.144 
934.756 46.7092 
1007.9 33.1441 
1005.9 31.1329 
1007.81 31.2214 
1009.33 31.2817 
1007.76 29.7148 
-230.089 23.1369 
-230.664 22.1329 
-229.991 22.133 
543.904 8.13756 
773.892 6.13841 
543.334 7.13768 
544.01 7.13963 
773.329 5.1328 
773.999 5.13756 
-206.104 -11.8606 
839.896 -14.8638 
-206.671 -12.8558 
-205.998 -12.8607 
142.891 -17.8616 
839.338 -15.8583 
840.002 -15.8593 
338.897 -20.8537 
1398.91 -20.86 
142.327 -18.862 
143.005 -18.8606 
338.34 -21.8528 
339.007 -21.8578 
1398.34 -21.8588 
1399.01 -21.86 
-6.10281 -28.8594 
-1143.1 -32.8606 
-6.66445 -29.8557 
-5.99392 -29.8561 
692.899 -33.8584 
-1143.67 -33.8632 
-1142.99 -33.8607 
692.338 -34.8523 
693.006 -34.8527 
-305.108 -41.8572 
392.911 -43.8617 
-1597.11 -44.8551 
-305.668 -42.8644 
-304.996 -42.8626 
392.327 -44.8587 
393.015 -44.855 
-1597.66 -45.8655 
-1597 -45.8662 
-391.1 -58.8506 
-391.656 -59.853 
-390.994 -59.8568 
-163.099 -64.8594 
676.904 -64.8571 
-163.671 -65.8524 
-162.994 -65.8515 
676.331 -65.8533 
677.012 -65.8552 
1312.9 -70.859 
160.889 -71.8559 
1312.34 -71.8552 
1313.01 -71.8587 
160.332 -72.8588 
161 -72.8633 
963.894 -96.8579 
393.895 -98.8589 
334.889 -100.87 
963.33 -97.8623 
964.004 -97.8577 
-1072.1 -102.859 
393.335 -99.8548 
393.997 -99.8582 
334.322 -101.869 
335 -101.87 
-1072.67 -103.861 
-1072 -103.86 
-716.107 -120.858 
-716.671 -121.86 
-715.996 -121.857 
829.899 -124.86 
1299.91 -124.863 
829.336 -125.858 
830.012 -125.857 
1299.33 -125.87 
1300.02 -125.869 
-735.099 -134.862 
554.898 -135.86 
-735.666 -135.866 
-734.991 -135.867 
554.337 -136.868 
555.003 -136.866 
-1312.1 -166.863 
-514.093 -166.862 
-1312.67 -167.861 
-1312 -167.865 
-514.662 -167.875 
-513.988 -167.871 
-1241.1 -177.861 
-1241.67 -178.87 
-1240.99 -178.868 
1464.9 -185.86 
1464.33 -186.867 
1465 -186.863 
-112.102 -190.874 
-112.67 -191.875 
-111.995 -191.873 
1444.91 -200.858 
1444.34 -201.848 
1445.01 -201.852 
432.897 -215.859 
-279.1 -217.863 
432.33 -216.854 
433.008 -216.857 
-279.662 -218.858 
-278.997 -218.86 
-901.112 -226.861 
-901.671 -227.857 
-900.998 -227.861 
1268.9 -231.859 
1268.33 -232.858 
1269 -232.855 
-1559.1 -238.856 
-1559.68 -239.855 
-1558.99 -239.858 
-1467.09 -246.863 
-990.101 -248.86 
1107.89 -249.862 
-1467.67 -247.879 
-1466.99 -247.873 
-990.666 -249.857 
-989.991 -249.86 
1105.9 -251.853 
1107.81 -251.771 
1109.33 -251.715 
1107.76 -253.288 
-316.083 -260.857 
-1132.09 -262.863 
-316.658 -261.87 
-315.983 -261.87 
-1132.66 -263.87 
-1131.99 -263.867 
234.896 -267.862 
242.898 -267.855 
234.337 -268.859 
235.173 -268.863 
241.211 -268.854 
243.009 -268.85 
963.901 -275.862 
607.893 -276.864 
963.332 -276.863 
964.001 -276.861 
607.334 -277.851 
608.012 -277.858 
-1102.09 -298.859 
-1102.65 -299.859 
-1101.99 -299.859 
-1360.1 -304.859 
-503.09 -304.857 
-1235.1 -306.862 
-1360.67 -305.858 
-1359.99 -305.859 
-503.66 -305.852 
-502.983 -305.856 
-1235.67 -307.862 
-1234.99 -307.863 
897.896 -313.862 
-1090.1 -315.854 
895.898 -315.863 
897.811 -315.778 
899.33 -315.721 
-1090.66 -316.858 
-1089.99 -316.856 
897.754 -317.283 
948.907 -329.864 
948.327 -330.867 
949.01 -330.865 
1615.9 -334.869 
72.9067 -337.863 
1183.91 -337.854 
-1086.1 -338.863 
1615.34 -335.865 
1616.01 -335.865 
70.9004 -339.856 
72.8158 -339.77 
74.331 -339.712 
1183.34 -338.861 
1184.01 -338.858 
-1086.67 -339.859 
-1085.99 -339.861 
72.7535 -341.286 
-909.116 -379.858 
-909.67 -380.856 
-908.998 -380.859 
-971.101 -388.857 
-691.095 -391.855 
258.895 -391.858 
-971.666 -389.857 
-970.995 -389.857 
-691.668 -392.852 
-690.993 -392.855 
258.336 -392.857 
259.008 -392.856 
-1395.1 -399.859 
-1395.67 -400.863 
-1394.99 -400.86 
-425.105 -403.86 
-427.1 -405.858 
-425.185 -405.772 
-423.673 -405.714 
-425.239 -407.284 
-1254.11 -417.865 
-1254.67 -418.859 
-1253.99 -418.865 
-136.092 -424.86 
-145.1 -428.863 
-136.903 -426.031 
-135.992 -425.859 
-335.097 -432.856 
-145.67 -429.857 
-144.993 -429.862 
-335.665 -433.863 
-334.992 -433.862 
957.897 -443.856 
161.911 -446.851 
957.334 -444.851 
958.006 -444.855 
-712.109 -450.854 
161.337 -447.856 
162.007 -447.853 
66.9095 -451.859 
-712.667 -451.857 
-712.003 -451.859 
66.3321 -452.846 
67.0025 -452.847 
-469.101 -466.861 
861.896 -467.864 
-469.668 -467.86 
-468.992 -467.86 
861.331 -468.85 
862.004 -468.852 
-942.107 -483.853 
-942.663 -484.854 
-942 -484.852 
621.908 -490.862 
-1491.09 -492.861 
621.339 -491.87 
622.017 -491.868 
-1491.66 -493.857 
-1490.99 -493.853 
-1211.1 -496.859 
-1211.66 -497.854 
-1210.99 -497.854 
404.899 -503.863 
143.899 -504.859 
404.333 -504.861 
405.005 -504.864 
143.333 -505.861 
144.005 -505.866 
276.91 -516.862 
-677.097 -520.86 
276.337 -517.856 
277.013 -517.856 
476.902 -520.857 
-1268.1 -522.861 
-415.112 -523.856 
-677.667 -521.864 
-676.992 -521.863 
476.337 -521.87 
477.009 -521.87 
-1268.66 -523.863 
-1268 -523.861 
-415.668 -524.846 
-415.003 -524.849 
-183.119 -528.855 
-183.673 -529.854 
-183.002 -529.858 
1093.9 -545.86 
1093.34 -546.857 
1094 -546.859 
383.896 -555.86 
383.336 -556.859 
384.009 -556.858 
-384.091 -563.862 
502.892 -564.864 
-384.664 -564.86 
-383.995 -564.86 
502.332 -565.864 
503 -565.864 
-518.097 -570.862 
568.904 -573.857 
-518.665 -571.854 
-517.992 -571.858 
566.902 -575.864 
568.814 -575.775 
570.327 -575.714 
1162.91 -578.855 
568.753 -577.291 
1162.34 -579.857 
1163.01 -579.856 
-1493.12 -614.864 
-1493.67 -615.864 
-1492.99 -615.867 
-1014.11 -619.853 
-1014.66 -620.845 
-1013.99 -620.847 
697.9 -623.855 
-1451.1 -624.857 
697.336 -624.855 
698.009 -624.852 
860.898 -627.864 
-1451.67 -625.849 
-1450.99 -625.851 
860.33 -628.859 
861.01 -628.859 
-486.095 -633.859 
-486.657 -634.861 
-485.99 -634.862 
346.906 -648.851 
346.337 -649.855 
347.008 -649.854 
1052.9 -657.859 
-1303.1 -660.849 
1052.33 -658.869 
1053.01 -658.864 
416.908 -662.859 
-1303.66 -661.86 
-1303 -661.858 
416.335 -663.868 
417.006 -663.866 
1204.89 -667.863 
-420.1 -669.862 
147.894 -670.865 
-343.104 -671.859 
1204.34 -668.859 
1205.01 -668.864 
-420.661 -670.868 
-419.995 -670.869 
147.334 -671.861 
148.004 -671.865 
-343.669 -672.857 
-342.995 -672.86 
1174.9 -691.861 
1365.9 -693.855 
1174.33 -692.855 
1175.01 -692.855 
101.902 -697.855 
328.901 -697.853 
1365.34 -694.852 
1366.01 -694.859 
101.334 -698.856 
102.013 -698.859 
328.337 -698.853 
329.008 -698.856 
-667.105 -705.861 
-667.671 -706.863 
-666.992 -706.861 
1131.91 -719.855 
1131.34 -720.852 
1132.02 -720.854 
-684.095 -726.858 
-662.095 -727.857 
1056.89 -729.86 
-684.663 -727.856 
-683.998 -727.859 
-662.664 -728.866 
-661.995 -728.864 
1054.9 -731.873 
1056.82 -731.786 
1058.33 -731.727 
-1281.11 -736.854 
1056.77 -733.292 
1397.91 -739.851 
-1281.67 -737.848 
-1281 -737.853 
669.9 -743.871 
1397.34 -740.854 
1398.01 -740.856 
669.331 -744.865 
670.001 -744.862 
1477.89 -775.858 
1477.33 -776.855 
1478 -776.858 
-670.107 -784.866 
-672.104 -786.855 
-670.186 -786.776 
-668.675 -786.724 
-670.24 -788.288 
-634.083 -799.857 
-634.651 -800.858 
-633.984 -800.853 
-343.093 -809.862 
140.892 -812.854 
-343.672 -810.875 
-342.993 -810.869 
761.91 -813.86 
140.337 -813.855 
141.009 -813.858 
761.338 -814.869 
762.011 -814.87 
4.89695 -822.859 
4.33567 -823.864 
5.00754 -823.863 
1028.9 -841.859 
-78.1029 -844.86 
-434.117 -845.864 
1026.91 -843.863 
1028.82 -843.779 
1030.33 -843.723 
-78.6677 -845.864 
-78.0021 -845.864 
-434.672 -846.856 
-433.992 -846.859 
-270.102 -849.859 
1028.76 -845.286 
-1251.1 -852.862 
-270.669 -850.868 
-269.994 -850.867 
214.903 -855.863 
-1253.09 -854.85 
-1251.19 -854.766 
-1249.67 -854.708 
-1443.11 -857.861 
-756.092 -857.856 
214.337 -856.86 
215.009 -856.864 
-1251.24 -856.285 
-1445.1 -859.852 
-1443.18 -859.776 
-1441.67 -859.724 
-756.661 -858.859 
-755.994 -858.856 
-1443.24 -861.29 
5.89292 -875.862 
574.905 -875.854 
5.3314 -876.859 
6.00718 -876.859 
574.333 -876.849 
575.011 -876.848 
1104.89 -881.859 
-452.091 -885.859 
1104.33 -882.852 
1105 -882.849 
-452.658 -886.861 
-451.99 -886.862 
289.91 -899.867 
-77.0958 -900.865 
287.905 -901.866 
289.824 -901.781 
291.332 -901.723 
-77.6745 -901.871 
-76.9944 -901.87 
289.765 -903.287 
832.898 -919.858 
830.903 -921.858 
832.815 -921.77 
834.33 -921.711 
546.912 -925.859 
1422.9 -926.858 
832.759 -923.283 
-347.084 -928.867 
-1484.1 -929.864 
-1250.1 -929.854 
546.342 -926.866 
547.011 -926.864 
1420.9 -928.863 
1422.82 -928.774 
1424.33 -928.714 
-347.663 -929.871 
-346.984 -929.865 
-1484.67 -930.869 
-1484 -930.866 
-1250.67 -930.864 
-1250 -930.862 
416.897 -934.862 
1422.76 -930.289 
416.329 -935.864 
417.012 -935.861 
-1426.09 -956.864 
-1428.11 -958.865 
-1426.19 -958.776 
-1424.68 -958.716 
-926.099 -961.855 
603.896 -963.857 
-1426.25 -960.283 
-716.088 -964.862 
-926.662 -962.862 
-925.987 -962.865 
603.341 -964.857 
604.006 -964.86 
-716.661 -965.859 
-715.981 -965.861 
-114.096 -997.866 
694.904 -997.867 
742.914 -999.858 
-114.667 -998.856 
-113.984 -998.858 
694.337 -998.867 
695.011 -998.867 
574.901 -1003.86 
742.345 -1000.86 
743.01 -1000.86 
574.339 -1004.86 
575.01 -1004.86 
1451.89 -1007.86 
1041.88 -1008.86 
-1104.11 -1010.86 
1451.32 -1008.85 
1452 -1008.85 
1041.32 -1009.86 
1042 -1009.86 
-1104.67 -1011.86 
-1104 -1011.86 
575.9 -1023.86 
951.894 -1026.87 
-275.098 -1027.86 
575.327 -1024.86 
576.007 -1024.86 
373.896 -1029.86 
951.333 -1027.87 
952.007 -1027.87 
-277.099 -1029.86 
-275.185 -1029.78 
-273.668 -1029.72 
-476.101 -1032.86 
373.33 -1030.86 
374.011 -1030.86 
-275.244 -1031.29 
1354.9 -1035.86 
-476.672 -1033.86 
-475.994 -1033.86 
-630.098 -1037.86 
1194.9 -1039.86 
1354.34 -1036.86 
1355.01 -1036.86 
-632.1 -1039.86 
-630.183 -1039.78 
-628.669 -1039.72 
1194.33 -1040.86 
1195 -1040.86 
-630.24 -1041.29 
500.893 -1045.86 
500.327 -1046.85 
501.009 -1046.86 
584.897 -1050.86 
584.335 -1051.85 
585.003 -1051.86 
-483.095 -1059.86 
-706.092 -1060.86 
-483.666 -1060.86 
-482.988 -1060.86 
826.897 -1063.86 
-706.671 -1061.86 
-705.985 -1061.86 
826.33 -1064.87 
827.002 -1064.86 
723.905 -1068.85 
723.339 -1069.84 
724.013 -1069.85 
478.91 -1073.86 
478.332 -1074.86 
479.011 -1074.85 
-422.096 -1082.87 
-422.667 -1083.86 
-421.985 -1083.87 
-452.094 -1094.86 
722.905 -1095.87 
-454.097 -1096.86 
-452.184 -1096.77 
-450.672 -1096.71 
722.337 -1096.87 
723.007 -1096.87 
-245.084 -1100.86 
-452.245 -1098.29 
-119.111 -1102.86 
-245.662 -1101.87 
-244.99 -1101.86 
-119.662 -1103.86 
-118.995 -1103.87 
-769.093 -1107.85 
-730.11 -1107.87 
-769.662 -1108.85 
-768.991 -1108.85 
-730.67 -1108.85 
-729.999 -1108.86 
-460.108 -1113.86 
-460.673 -1114.86 
-459.999 -1114.86 
-29.0978 -1119.86 
951.893 -1121.86 
-29.6647 -1120.86 
-28.996 -1120.86 
113.884 -1124.87 
951.333 -1122.85 
952.007 -1122.85 
-203.094 -1127.85 
113.327 -1125.87 
113.996 -1125.87 
-203.665 -1128.86 
-202.986 -1128.86 
572.915 -1145.86 
572.34 -1146.86 
573.019 -1146.86 
-134.103 -1154.86 
-653.094 -1157.86 
-134.676 -1155.86 
-133.992 -1155.86 
1127.89 -1158.86 
-338.105 -1160.86 
-653.669 -1158.86 
-652.986 -1158.86 
1127.33 -1159.86 
1128 -1159.86 
-113.106 -1163.86 
-338.668 -1161.85 
-337.997 -1161.86 
-113.663 -1164.86 
-112.996 -1164.86 
-1041.09 -1175.85 
-485.092 -1176.86 
-1554.1 -1178.86 
-1041.66 -1176.85 
-1040.99 -1176.85 
-485.667 -1177.87 
-484.989 -1177.86 
-1556.1 -1180.87 
-1554.19 -1180.78 
-1552.67 -1180.72 
-1554.25 -1182.29 
795.904 -1187.86 
-951.104 -1191.85 
-479.102 -1191.86 
-306.106 -1191.87 
793.896 -1189.86 
795.821 -1189.78 
797.325 -1189.72 
-581.098 -1192.86 
-951.666 -1192.85 
-950.99 -1192.85 
-479.668 -1192.85 
-478.989 -1192.85 
-306.661 -1192.87 
-305.988 -1192.87 
795.764 -1191.3 
-581.667 -1193.85 
-580.989 -1193.85 
600.901 -1218.87 
600.339 -1219.86 
601.011 -1219.86 
