-230.49 1212.5 
-431.499 1160.5 
-1089.5 1152.5 
1364.5 1128.49 
1165.5 1126.5 
-1437.5 1115.51 
-727.503 1092.5 
-646.497 1085.5 
161.501 1065.5 
-23.496 1060.5 
-793.501 1055.5 
1350.49 1054.5 
741.508 1050.51 
-1353.5 1046.49 
-922.493 1032.5 
338.504 1007.5 
1590.5 997.506 
-1069.5 980.501 
1026.5 972.504 
61.4982 965.503 
-893.496 963.497 
-1369.5 955.492 
-1434.5 950.505 
-1425.14 938.714 
1012.51 929.493 
775.501 909.499 
-953.5 879.501 
-518.495 878.495 
-228.496 859.491 
380.499 839.505 
-1421.5 837.498 
244.497 822.496 
482.499 804.5 
1059.5 803.502 
-1079.5 785.496 
646.503 756.503 
1387.5 754.497 
-180.508 730.496 
-729.493 727.5 
-544.491 718.498 
580.501 691.501 
858.498 690.506 
800.499 684.502 
421.499 671.502 
1137.49 671.498 
-220.501 643.504 
674.493 642.499 
1135.5 640.5 
380.506 635.505 
646.503 628.501 
61.5011 609.496 
1021.5 604.5 
732.502 596.498 
-386.501 592.497 
1356.5 580.501 
473.503 573.505 
253.331 552.812 
1449.49 551.51 
413.492 550.502 
256.965 551.506 
370.5 546.501 
-1551.49 533.499 
-136.502 525.501 
318.494 522.503 
42.4999 518.5 
-504.492 508.505 
86.4984 496.504 
-412.509 487.497 
-148.499 472.499 
779.5 456.501 
-210.499 453.501 
-341.499 453.501 
-549.498 439.49 
-790.495 417.492 
-170.508 416.49 
-911.5 412.499 
711.501 408.494 
1128.5 403.498 
-1344.51 402.499 
-110.5 395.498 
1314.5 386.502 
-696.498 357.499 
-68.4966 345.505 
955.502 341.505 
-760.5 319.499 
6.49414 307.493 
243.505 306.502 
1485.49 301.499 
1273.5 282.504 
-905.497 280.506 
-791.502 269.503 
-1136.5 268.501 
1166.5 251.499 
-847.502 247.501 
1146.51 219.503 
1160.12 217.563 
351.499 209.497 
-429.504 207.502 
-1211.51 204.496 
-1431.5 202.503 
-1403.5 198.499 
-695.497 197.505 
-32.493 192.498 
-1.50317 189.497 
740.503 180.501 
-437.503 169.494 
75.5029 148.497 
1185.99 136.112 
1189.09 135.882 
-1067.5 126.502 
-575.503 120.497 
774.502 111.507 
1279.5 111.499 
1204.51 95.504 
-1062.5 91.5018 
939.495 84.4988 
270.504 64.4985 
39.4917 63.5046 
-1595.5 62.5 
544.498 60.4996 
321.497 57.5 
390.5 55.491 
-1134.5 55.5107 
-429.5 42.4948 
-1437.5 17.5026 
58.4976 7.49451 
-1041.5 0.503906 
0.502441 -0.502808 
833.5 -33.4968 
-301.494 -38.5034 
1595.99 -39.998 
-1290.5 -48.4941 
1418.49 -48.5032 
1154.5 -54.501 
-1498.5 -63.5039 
-684.5 -72.4967 
-1320.5 -81.5004 
795.506 -85.4954 
-595.501 -103.5 
-72.4967 -117.504 
611.501 -120.498 
932.503 -140.5 
-717.499 -143.5 
-56.5009 -144.504 
-677.496 -144.498 
807.508 -146.494 
-54.8201 -148.255 
1456.5 -155.502 
-295.506 -165.504 
1185.5 -169.5 
-314.494 -171.506 
-129.498 -171.501 
348.498 -185.494 
-530.494 -219.505 
646.499 -223.492 
1458.5 -224.498 
-511.492 -227.51 
-990.492 -229.502 
189.507 -230.493 
-510.659 -241.302 
-1130.5 -249.493 
1141.52 -262.599 
1139.39 -263.562 
1210.5 -280.504 
-603.502 -281.504 
-1059.5 -333.501 
675.502 -362.508 
-1197.51 -369.498 
826.49 -400.498 
-86.5027 -405.499 
-726.503 -409.491 
532.238 -410.623 
540.954 -416.309 
-1067.5 -432.496 
1080.5 -437.501 
-1546.5 -445.496 
-930.498 -451.501 
-913.504 -451.495 
390.499 -454.5 
-731.495 -455.496 
-1350.5 -460.499 
291.495 -487.505 
-113.503 -495.506 
-918.506 -497.5 
-555.505 -498.5 
828.496 -498.505 
-1138.5 -502.505 
-1458.5 -507.505 
860.498 -510.493 
-620.501 -515.499 
1108.49 -524.497 
-1110.5 -526.498 
-89.5 -526.506 
-1562.5 -527.491 
-645.503 -536.497 
-374.499 -537.5 
1274.5 -551.506 
-1119.51 -552.497 
209.495 -552.5 
1469.5 -564.496 
-1300.5 -568.5 
95.4949 -578.5 
1122.5 -601.501 
-1551.5 -604.495 
642.506 -612.499 
-667.498 -615.503 
-1478.5 -627.501 
-1032.5 -628.495 
407.499 -655.497 
1401.5 -661.497 
-1324.5 -678.506 
541.499 -684.504 
419.502 -695.504 
560.501 -697.496 
492.506 -698.5 
-1020.5 -732.503 
1064.5 -766.507 
1044.5 -801.498 
4.49866 -810.963 
-1239.5 -811.506 
536.498 -812.51 
450.498 -816.495 
191.496 -817.509 
-204.498 -832.503 
-316.503 -848.503 
-659.505 -860.499 
857.496 -867.496 
880.499 -880.507 
-776.501 -888.494 
-159.499 -907.498 
908.502 -932.497 
-1106.5 -936.496 
1361.5 -941.503 
348.499 -942.502 
466.508 -959.503 
-501.493 -973.493 
648.494 -980.496 
1314.5 -1026.51 
977.499 -1037.49 
900.5 -1048.5 
504.491 -1048.5 
-379.504 -1085.51 
1522.5 -1088.5 
1335.5 -1089.5 
-1013.5 -1100.5 
168.502 -1102.5 
149.503 -1108.49 
648.496 -1108.51 
1514.5 -1113.5 
-675.504 -1125.5 
-145.497 -1126.5 
-1131.5 -1134.5 
-1212.5 -1147.5 
844.5 -1155.5 
770.505 -1158.5 
-540.499 -1169.51 
-625.491 -1187.5 
1007.5 -1194.5 
