536.504 1206.49 
596.506 1203.5 
977.502 1202.5 
338.505 1200.51 
-884.491 1198.5 
8.50195 1194.49 
-67.5024 1176.49 
457.5 1175.5 
1218.5 1176.5 
459.671 1168.64 
187.503 1142.5 
379.508 1135.5 
537.499 1131.5 
-48.5023 1125.5 
121.036 1113.97 
-355.504 1101.5 
682.498 1099.51 
373.504 1090.51 
-468.498 1089.51 
-909.499 1086.5 
392.507 1077.51 
1249.5 1076.51 
-1370.5 1066.5 
865.496 1050.5 
-941.506 1044.51 
1360.49 1034.5 
-1552.5 1019.5 
507.498 1010.5 
-203.499 1002.5 
1455.51 1000.51 
-787.495 997.493 
1342.51 987.502 
-1024.49 986.498 
38.4987 957.503 
-1422.5 939.496 
1341.5 918.497 
-538.5 912.891 
-538.499 912.501 
-773.503 889.501 
-1089.5 872.497 
-1470.5 868.487 
-536.501 855.503 
-1415.49 852.503 
682.498 832.503 
99.4979 832.506 
1039.5 812.499 
833.498 801.499 
-260.499 779.492 
1115.5 765.503 
-988.5 740.502 
-546.493 726.493 
-1198.51 713.492 
-521.501 708.498 
1457.49 700.505 
-121.5 693.507 
-1220.5 689.503 
597.494 687.501 
1340.51 682.501 
-1480.5 676.503 
1015.5 659.504 
-1178.5 656.511 
1291.5 642.499 
817.503 631.504 
1005.5 631.505 
592.499 614.5 
-467.505 595.496 
-150.508 594.5 
1332.5 594.5 
-1099.5 593.502 
-550.498 574.492 
-311.499 561.499 
-1169.5 540.499 
-519.5 535.505 
-265.5 534.495 
-688.499 522.501 
-117.496 506.498 
266.499 496.497 
-1369.5 492.506 
-1210.5 485.5 
1308.49 482.501 
-935.498 480.506 
-969.503 475.503 
-1402.5 426.495 
-875.502 395.492 
-494.501 388.497 
1536.5 377.501 
-249.499 365.498 
-1206.5 362.5 
383.493 362.5 
156.497 358.499 
455.499 351.49 
263.506 348.5 
-533.496 342.499 
1406.5 333.501 
793.499 331.508 
39.5018 317.494 
-1438.5 300.497 
699.498 271.501 
1396.5 255.503 
-787.5 253.501 
-478.5 252.494 
1528.5 241.504 
-1006.5 224.497 
1027.51 212.497 
925.5 209.501 
121.498 196.504 
-423.5 185.499 
-846.494 175.502 
1167.5 172.499 
673.499 166.502 
-1303.5 160.496 
-562.5 159.504 
1507.5 156.497 
647.496 145.501 
1101.49 145.494 
186.498 136.499 
-518.497 128.498 
-159.498 127.498 
-1115.5 121.502 
277.504 121.498 
1016.49 104.499 
1585.5 82.5021 
1617.5 75.5032 
-390.498 66.5055 
510.494 40.491 
1380.5 36.5035 
-1016.51 34.5033 
352.495 15.493 
0.490479 -0.494263 
1438.5 -5.49121 
1010.5 -14.4978 
-159.496 -17.5032 
1278.5 -25.5037 
-1615.5 -38.4988 
-825.501 -66.5007 
-735.496 -87.5066 
-150.504 -87.4971 
-43.4978 -88.5 
-774.504 -95.4982 
1146.5 -96.5061 
475.5 -97.502 
913.495 -116.503 
422.501 -119.499 
493.504 -164.505 
282.5 -210.505 
865.497 -211.504 
-76.3634 -213.308 
1326.49 -217.489 
-75.4529 -215.592 
545.504 -229.501 
803.493 -234.499 
-1235.5 -244.502 
-247.498 -260.494 
-209.5 -266.499 
-301.497 -297.495 
-783.504 -306.496 
1120.5 -326.509 
-1004.5 -333.494 
-1321.5 -343.5 
1037.5 -355.503 
-93.4917 -375.498 
448.497 -378.505 
-922.494 -385.501 
1025.5 -400.5 
-877.494 -414.498 
1593.5 -423.508 
653.502 -426.505 
-472.501 -432.503 
-602.505 -453.5 
1203.51 -454.505 
519.494 -459.499 
-209.502 -479.499 
-232.496 -485.496 
-572.493 -492.504 
1476.49 -500.496 
508.502 -501.5 
1433.5 -503.505 
143.503 -541.506 
207.491 -549.506 
733.496 -561.499 
-263.506 -573.493 
33.5059 -588.505 
-992.5 -590.492 
-91.496 -594.501 
1495.5 -600.497 
-1508.5 -608.508 
302.502 -619.492 
939.503 -633.501 
1184.5 -659.501 
968.504 -673.498 
-826.505 -679.499 
1514.51 -691.499 
1561.5 -707.499 
11.4917 -729.503 
624.499 -732.506 
702.5 -756.507 
559.495 -777.498 
237.495 -784.508 
-408.5 -788.495 
-12.495 -801.497 
259.506 -808.498 
555.506 -811.499 
43.4996 -813.497 
-8.75488 -808.712 
1303.5 -823.497 
-721.49 -828.499 
-1066.49 -832.501 
1555.5 -852.501 
-954.501 -868.493 
227.498 -868.504 
243.499 -907.503 
411.5 -907.493 
993.505 -907.505 
-694.497 -910.501 
-696.862 -916.178 
1269.5 -924.5 
-538.491 -928.501 
882.505 -936.492 
-88.5043 -950.499 
1338.5 -974.499 
-381.498 -991.496 
1535.49 -1065.5 
1420.5 -1069.49 
1602.5 -1078.5 
-163.502 -1080.49 
242.498 -1080.5 
1545.5 -1084.5 
1446.51 -1104.5 
1473.5 -1107.5 
-449.499 -1119.5 
-827.497 -1132.5 
464.497 -1132.49 
898.498 -1164.49 
-954.498 -1178.5 
-1088.5 -1180.5 
-1073.5 -1199.5 
