716.499 1210.51 
666.501 1189.5 
-677.498 1189.5 
-293.507 1179.5 
-1285.5 1146.5 
-670.499 1141.5 
-1119.5 1113.51 
659.492 1100.5 
595.504 1091.5 
1332.49 1080.5 
94.501 1075.5 
255.509 1048.5 
229.507 1045.51 
1192.51 1042.5 
720.501 1040.5 
-1430.51 1027.5 
317.497 1025.5 
541.496 1025.5 
620.499 1023.5 
-1334.49 1018.5 
1228.5 1015.5 
-458.509 1012.5 
1617.51 1009.49 
1294.5 1005.5 
250.501 1003.49 
332.501 966.502 
-1078.5 942.503 
-2.50537 937.5 
73.4957 924.504 
-5.33813 926.388 
1451.5 920.5 
512.499 918.505 
1216.5 914.499 
1542.5 909.502 
1017.5 901.493 
206.503 888.494 
-1500.5 887.498 
364.503 881.509 
3.50537 861.504 
192.499 859.505 
1521.5 841.501 
-1511.5 833.499 
1246.5 820.502 
1213.5 819.493 
924.5 817.496 
-1337.5 808.5 
-1510.5 804.494 
779.496 784.494 
1322.5 784.5 
452.489 780.504 
102.494 769.496 
-946.5 764.505 
296.499 761.501 
681.495 758.5 
-333.493 757.501 
701.506 749.506 
1255.05 746.504 
-710.498 743.497 
-11.4983 743.498 
1256.2 745.585 
-1051.5 733.496 
778.507 728.495 
493.501 726.501 
1352.5 720.501 
-1173.5 719.502 
724.505 709.498 
-427.503 706.499 
-36.506 705.503 
-142.5 699.501 
479.497 699.501 
-279.501 694.497 
-481.501 687.493 
-863.501 678.5 
977.49 671.504 
563.502 667.499 
-1246.5 652.498 
-118.502 642.505 
579.497 635.505 
-1206.5 617.494 
303.88 615.23 
1307.5 614.499 
406.497 613.499 
308.413 613.541 
694.5 608.497 
-828.503 600.501 
310.002 606.671 
-580.504 582.5 
-153.501 580.498 
-1020.5 576.502 
768.496 576.504 
183.477 547.145 
-576.493 544.505 
-1547.5 541.495 
-77.498 539.506 
188.353 543.302 
-651.499 536.498 
-820.497 532.497 
151.5 532.492 
-1094.5 522.497 
1497.5 513.494 
-399.5 509.498 
1082.5 507.499 
-656.506 497.506 
-437.491 497.5 
-968.494 491.502 
-48.5018 479.503 
1006.5 474.504 
-599.496 471.499 
1172.5 462.503 
205.498 459.496 
583.493 459.495 
-776.497 447.497 
-716.503 446.503 
-119.49 436.49 
-410.498 433.496 
1172.5 428.503 
-260.498 426.496 
674.501 426.511 
-290.51 424.508 
-324.493 410.5 
-1508.5 402.5 
82.5015 402.494 
760.501 391.498 
602.501 384.503 
862.503 384.506 
-437.498 374.502 
324.374 372.356 
-1334.5 372.499 
608.596 376.657 
-1093.5 368.499 
324.392 372.264 
1417.5 357.497 
580.498 340.498 
692.302 336.103 
-846.5 335.507 
-1396.5 329.512 
692.539 334.874 
931.501 326.503 
-915.496 325.497 
531.496 325.501 
866.505 323.493 
-851.648 326.206 
1135.5 311.501 
483.494 310.498 
7.50427 306.497 
23.4973 303.498 
254.504 300.501 
-138.503 283.503 
-1113.5 282.5 
-554.499 282.496 
840.505 280.499 
-771.489 279.5 
345.497 279.498 
-692.504 268.498 
-1182.5 251.502 
795.501 241.504 
1199.51 237.504 
-1109.49 228.501 
-50.4993 225.5 
791.34 227.812 
775.505 223.499 
-976.497 222.493 
334.498 214.502 
-1485.5 196.507 
663.498 195.499 
1088.5 195.503 
79.5057 192.501 
-1332.49 183.491 
-779.5 172.497 
826.495 170.496 
-396.501 162.505 
-540.498 153.497 
372.498 140.5 
259.499 139.503 
801.496 129.494 
1264.5 126.494 
-340.508 120.498 
-642.507 116.502 
-393.497 115.501 
-938.501 111.5 
416.497 103.498 
-722.498 101.504 
-267.495 91.5007 
675.496 87.4989 
-627.51 72.4991 
1280.5 70.5037 
1239.49 69.5034 
-535.501 66.5006 
130.499 64.4961 
-1083.5 60.5078 
60.5018 44.4996 
-1579.5 43.5 
614.504 42.5101 
-110.502 41.5065 
-151.502 32.5051 
-479.502 31.4996 
11.5006 25.5 
954.497 18.501 
85.4921 8.49939 
-859.504 4.49573 
-90.5076 4.50098 
0.498047 -0.503296 
1064.5 -2.49524 
-90.5045 -1.3938 
441.505 -8.49817 
-18.4961 -10.498 
-537.497 -15.5037 
-918.505 -25.5054 
668.501 -25.4976 
-87.4979 -33.5044 
1136.5 -38.501 
518.505 -40.4996 
-220.499 -44.5 
874.505 -59.4946 
-469.503 -65.4985 
-1408.5 -73.4974 
472.495 -74.5038 
1421.5 -82.506 
-231.495 -92.5062 
444.5 -92.5 
322.5 -95.501 
-1272.5 -97.498 
1474.5 -99.5028 
1063.5 -105.499 
-1016.5 -115.496 
770.493 -117.503 
1378.5 -125.498 
564.499 -151.504 
-1045.5 -154.503 
-1347.49 -161.501 
81.4987 -162.503 
307.497 -179.497 
-375.497 -181.499 
262.499 -180.509 
-68.5093 -184.499 
792.507 -184.497 
1193.5 -197.498 
-1492.5 -199.5 
-43.7576 -202.36 
1099.5 -201.501 
-923.499 -208.495 
560.497 -208.506 
658.505 -210.5 
-488.496 -211.497 
-469.507 -212.501 
353.497 -217.497 
-581.501 -220.508 
1105.5 -224.495 
-1215.49 -225.502 
950.505 -231.499 
-131.496 -237.63 
537.5 -241.493 
432.501 -245.504 
587.499 -251.504 
1536.5 -253.495 
682.501 -257.502 
165.501 -262.497 
734.499 -264.508 
-6.49353 -265.497 
-598.505 -270.497 
1048.49 -273.496 
-1171.5 -278.499 
889.494 -279.5 
772.506 -282.501 
-202.497 -297.109 
458.504 -299.498 
-202.498 -297.499 
139.499 -309.502 
-1415.5 -313.5 
538.497 -314.499 
821.5 -316.504 
-426.497 -319.496 
485.501 -319.503 
-1108.51 -321.497 
1079.5 -329.5 
755.501 -331.504 
-131.497 -334.921 
-927.504 -335.948 
-189.5 -339.505 
-1021.5 -343.498 
-318.501 -342.503 
1450.5 -356.499 
-987.498 -359.498 
849.497 -372.499 
538.498 -408.499 
-605.496 -409.503 
475.499 -410.5 
-111.491 -421.49 
-33.5013 -426.497 
1366.5 -426.503 
-960.497 -432.501 
726.497 -443.501 
778.502 -449.499 
406.501 -458.498 
734.502 -464.494 
-912.501 -480.504 
-384.493 -480.5 
321.497 -480.504 
1509.5 -480.496 
1356.5 -502.498 
1254.49 -504.496 
362.499 -505.494 
945.504 -509.498 
1519.5 -510.505 
-786.503 -512.502 
222.499 -520.494 
1404.5 -531.502 
-27.5043 -541.507 
-450.499 -555.494 
-1024.5 -556.509 
-1335.5 -563.501 
-1567.5 -565.502 
955.492 -572.5 
1360.5 -582.495 
1115.51 -594.499 
329.508 -595.497 
1577.51 -617.492 
400.499 -626.5 
1117.49 -637.505 
362.505 -640.502 
-502.504 -668.503 
521.497 -678.505 
25.5071 -689.5 
153.506 -696.501 
669.504 -700.503 
-1579.5 -712.499 
1002.5 -715.5 
722.504 -725.5 
1561.49 -725.506 
449.5 -730.5 
-678.506 -735.504 
1028.5 -743.495 
904.501 -750.501 
637.229 -755.456 
1150.5 -761.5 
1076.51 -765.497 
1605.5 -770.5 
445.499 -777.498 
-1432.5 -778.501 
-1362.5 -780.498 
1052.5 -781.499 
1017.5 -783.503 
-81.5 -784.494 
-28.5037 -788.505 
1610.42 -790.246 
-846.496 -797.505 
1612 -792.505 
818.505 -801.499 
645.498 -808.505 
547.5 -812.497 
963.496 -816.497 
1286.5 -818.5 
-298.501 -822.5 
1077.5 -861.495 
-676.496 -873.493 
15.5023 -874.495 
262.507 -875.502 
305.856 -875.501 
-764.497 -882.501 
-39.5038 -884.498 
1531.49 -889.504 
-1609.5 -894.503 
-1141.51 -894.503 
928.499 -901.503 
506.5 -904.505 
758.503 -907.492 
1007.5 -907.489 
727.492 -921.507 
765.24 -923.996 
283.501 -927.502 
1042.5 -927.495 
244.499 -949.496 
-1320.5 -953.489 
-550.498 -959.499 
1103.5 -959.497 
-141.493 -967.501 
78.5018 -975.508 
1413.5 -977.502 
1439.5 -976.501 
225.503 -978.509 
-483.5 -982.499 
-186.505 -980.5 
-1255.5 -984.503 
1301.5 -992.502 
985.504 -1002.5 
475.497 -1003.51 
1346.5 -1003.5 
-49.5017 -1004.5 
-875.501 -1006.5 
-86.5096 -1007.5 
845.501 -1014.5 
443.498 -1018.5 
51.5031 -1026.5 
143.5 -1028.5 
401.505 -1040.5 
-1577.5 -1043.5 
-1427.5 -1052.5 
520.498 -1075.5 
983.498 -1076.5 
961.493 -1082.5 
-684.498 -1085.5 
-1184.5 -1092.5 
-354.501 -1110.5 
1272.49 -1110.5 
1189.5 -1111.51 
1215.49 -1117.5 
-561.504 -1132.51 
299.504 -1133.51 
-1612.5 -1138.5 
-111.504 -1148.5 
19.5038 -1150.49 
-740.495 -1170.51 
-1581.5 -1201.51 
1305.5 -1201.51 
