691.505 1204.5 
-53.5011 1203.5 
-719.745 1193.4 
345.504 1191.5 
986.503 1187.51 
-719.173 1192.25 
-409.508 1174.5 
-1035.51 1168.5 
-1212.5 1166.5 
-1171.5 1164.5 
896.502 1158.5 
-633.501 1149.5 
-139.497 1141.49 
-1288.51 1133.5 
-246.494 1130.5 
-1096.5 1125.5 
-1022.11 1119.74 
-365.501 1116.49 
-1020.98 1117.48 
-1007.33 1106.02 
-1059.5 1099.5 
-2.50146 1091.5 
307.495 1088.51 
-1339.5 1080.5 
-1249.5 1062.5 
-553.501 1060.5 
-292.499 1049.5 
609.5 1047.5 
56.4989 1045.5 
-1404.5 1043.5 
-1277.5 1043.5 
-1030.49 1043.5 
-155.493 1043.51 
1148.5 1036.5 
116.494 1028.5 
-809.505 1023.5 
1601.5 1020.5 
-706.503 1012.49 
-897.498 1008.5 
279.509 1001.49 
828.502 999.505 
-51.4972 995.506 
1513.5 994.502 
-177.496 978.501 
-246.497 976.496 
213.5 968.502 
-1563.5 967.501 
-904.504 962.502 
691.498 958.498 
-1161.5 957.498 
-1084.49 951.498 
-108.5 948.5 
-914.504 942.5 
101.5 940.5 
650.502 938.51 
-294.504 935.492 
-1084.5 929.498 
1497.5 921.501 
-229.498 918.499 
1102.5 907.501 
-459.497 890.491 
-568.502 877.501 
317.501 878.508 
636.498 876.497 
-1156.5 855.513 
-731.506 855.499 
-342.502 836.891 
-1472.49 835.494 
-342.502 836.501 
-495.503 827.503 
-120.427 809.114 
-774.498 808.504 
689.494 804.494 
-82.4983 792.5 
117.503 787.495 
-109.494 786.503 
-252.499 781.499 
460.5 777.503 
-1500.5 771.499 
115.014 773.851 
-1232.5 766.5 
448.934 742.134 
-474.493 743.492 
572.501 742.504 
450.851 740.769 
734.499 732.495 
716.503 732.505 
501.499 729.496 
649.501 726.501 
-83.5002 724.491 
-1086.5 722.502 
328.497 721.503 
-121.504 700.498 
748.497 691.496 
-541.501 690.499 
968.497 684.497 
778.501 683.496 
858.502 682.502 
345.505 681.501 
-631.494 673.496 
253.5 672.499 
211.501 667.499 
-1226.5 664.498 
174.507 655.5 
1524.5 653.5 
-810.498 652.502 
1394.49 647.497 
556.502 645.502 
-513.496 645.499 
-1469.5 640.501 
-1422.5 638.498 
-1003.5 637.5 
-1421.21 634.692 
-843.501 605.496 
1406.49 594.497 
1178.5 586.497 
585.501 581.499 
-1321.5 578.504 
958.501 577.504 
-1106.5 570.497 
1461.5 569.505 
-1178.49 560.496 
-1216.49 557.496 
-436.5 555.508 
251.499 552.492 
825.505 545.5 
302.501 540.496 
-763.502 538.505 
-967.512 531.493 
-173.503 531.501 
-595.504 527.498 
-623.509 524.498 
625.505 522.496 
1521.81 518.223 
100.501 513.498 
600.501 511.491 
1523.74 516.861 
-1508.51 510.493 
257.496 508.504 
-750.496 499.498 
1471.5 496.496 
-1219.5 495.506 
-828.498 488.498 
-1135.5 483.503 
-524.509 483.495 
492.506 480.501 
-1620.5 479.507 
285.499 472.501 
941.508 470.493 
261.494 461.495 
839.503 460.503 
977.495 450.498 
899.501 443.5 
-458.499 442.504 
-906.498 438.492 
-838.498 432.502 
98.4963 423.5 
-291.494 419.506 
1325.5 416.505 
-361.504 409.5 
1596.5 409.503 
1501.5 396.499 
623.495 387.501 
90.5033 385.509 
17.5013 380.503 
-177.5 372.494 
-554.499 368.508 
-1127.5 361.499 
1416.5 357.501 
-1435.5 346.503 
-485.5 337.502 
753.5 336.5 
505.501 307.503 
871.496 303.499 
332.501 299.499 
994.501 297.502 
-512.501 296.503 
311.503 292.495 
-1466.5 286.506 
-992.501 281.499 
-453.501 280.5 
1349.5 277.5 
1231.5 276.506 
356.496 275.494 
-822.504 267.499 
511.495 264.495 
-838.507 263.5 
-860.508 259.502 
848.497 251.501 
-1226.5 239.501 
208.497 239.501 
930.499 237.503 
-1296.5 234.503 
-826.507 231.493 
-224.501 231.497 
106.505 216.503 
-190.495 212.499 
1468.5 209.493 
1446.51 199.499 
-113.502 187.506 
409.499 185.496 
-316.492 183.497 
-1326.5 181.501 
-438.501 177.501 
-1037.5 173.506 
-400.504 173.497 
-794.503 171.503 
-1387.5 170.5 
-112.499 168.502 
-141.499 167.499 
-1563.5 165.497 
313.5 162.497 
1303.5 156.503 
-637.508 152.504 
936.495 150.495 
-832.496 141.503 
-570.496 141.509 
1078.49 138.186 
-251.503 136.501 
1081.6 137.683 
-490.824 129.208 
809.503 130.497 
440.515 126.508 
-490.004 128.005 
-55.4968 110.497 
-636.503 108.498 
-588.046 105.76 
-554.498 97.4932 
-588.492 103.534 
1262.5 85.494 
-1186.5 83.5035 
842.498 71.5032 
-951.498 55.4995 
-228.503 49.5093 
253.504 49.5024 
1264.5 47.4974 
1237.5 39.4937 
495.497 29.4978 
-2.49756 26.4984 
-1033.5 24.5022 
-965.506 18.5028 
678.499 18.4944 
-113.5 15.4957 
-876.504 13.4994 
42.4976 12.5004 
-197.506 10.5 
-664.507 8.49756 
396.506 6.50256 
-1231.5 2.50464 
0.494873 -0.493164 
692.866 -11.0277 
-383.495 -15.5012 
692.713 -11.6128 
526.502 -23.5081 
-1188.5 -31.4972 
-1088.5 -30.4996 
1209.5 -32.5027 
-1424.49 -36.4954 
696.967 -38.5731 
-728.499 -38.5011 
-325.504 -43.4978 
-817.499 -50.4982 
377.5 -55.5062 
-536.501 -61.4989 
-238.492 -64.5022 
713.506 -69.494 
680.503 -72.502 
1156.5 -73.4982 
1433.5 -72.5032 
494.503 -80.5051 
1539.5 -80.5026 
17.4995 -86.4938 
-541.496 -91.4972 
-325.499 -93.4963 
1524.5 -93.4939 
1330.51 -101.498 
621.491 -104.494 
899.499 -105.494 
-1531.5 -109.505 
207.504 -118.502 
-1356.5 -124.498 
1257.49 -132.497 
-177.502 -133.499 
-275.501 -147.504 
-8.50232 -153.501 
1156.5 -157.506 
-541.501 -156.508 
1122.5 -157.499 
1397.5 -158.501 
-677.497 -166.501 
-153.502 -168.501 
657.498 -170.5 
-251.499 -172.502 
-132.499 -176.498 
1043.5 -185.499 
1113.51 -188.494 
836.504 -192.503 
1418.15 -194.461 
1410.9 -200.896 
-18.5015 -206.494 
1442.5 -210.499 
-606.494 -211.493 
444.503 -215.506 
-103.494 -221.495 
1419.5 -221.497 
722.927 -224.502 
-1083.51 -237.494 
-719.499 -239.503 
24.4951 -250.5 
-240.501 -259.495 
-459.504 -262.506 
255.503 -265.504 
-98.5 -268.499 
225.498 -277.504 
-512.496 -279.498 
-740.508 -280.503 
-876.497 -284.503 
-1023.5 -285.504 
-327.501 -288.503 
-408.495 -292.494 
461.5 -293.494 
270.499 -299.504 
500.501 -306.496 
834.502 -307.497 
1039.5 -307.508 
63.5052 -331.495 
-1087.5 -333.506 
295.768 -349.826 
-1187.5 -353.504 
-534.497 -358.5 
-122.498 -358.503 
-82.5066 -363.496 
1447.5 -371.499 
-1524.5 -373.505 
1258.5 -378.502 
-136.494 -386.504 
207.5 -385.504 
903.5 -386.499 
597.492 -388.499 
1025.5 -388.503 
-1153.5 -393.499 
-736.497 -394.502 
-516.501 -409.495 
748.497 -410.501 
-504.556 -409.502 
-1086.5 -413.502 
552.503 -422.502 
1058.49 -428.497 
834.502 -447.497 
1017.5 -450.503 
67.4919 -462.501 
107.513 -463.493 
-1089.5 -471.502 
38.4991 -477.503 
673.505 -482.503 
-403.503 -487.493 
900.501 -492.504 
210.507 -493.505 
342.5 -504.505 
151.495 -513.502 
-417.5 -513.499 
1229.5 -543.494 
-1302.51 -551.491 
1230.17 -544.612 
-335.499 -553.503 
1003.5 -564.5 
-1395.5 -578.49 
1521.5 -581.508 
864.51 -583.497 
-219.497 -616.501 
459.498 -626.498 
-306.497 -642.503 
1212.5 -643.503 
-882.498 -658.486 
-731.499 -670.499 
523.501 -681.497 
-190.501 -686.501 
30.5022 -708.503 
-1390.5 -710.505 
377.502 -710.497 
759.495 -712.503 
1354.5 -719.503 
-1056.5 -728.504 
226.501 -730.5 
660.5 -742.501 
461.498 -744.499 
1144.5 -748.505 
-808.5 -752.503 
-1285.5 -756.502 
-935.494 -759.499 
396.495 -760.506 
-1019.5 -777.507 
-499.498 -779.495 
-367.501 -784.507 
400.504 -785.505 
13.5013 -792.498 
-12.5026 -796.5 
-408.5 -802.494 
1256.5 -817.502 
206.496 -828.501 
603.503 -844.505 
-535.502 -845.506 
-880.493 -848.5 
1400.5 -848.501 
1329.5 -851.501 
-1144.5 -852.501 
-1124.5 -853.503 
982.292 -866.939 
1219.5 -867.5 
-1559.5 -869.503 
362.502 -872.502 
-541.503 -874.495 
982.521 -867.531 
-284.503 -879.493 
221.5 -883.491 
-244.5 -888.504 
19.5049 -888.509 
259.498 -890.501 
516.501 -898.495 
-549.496 -898.5 
311.496 -900.499 
-566.499 -907.504 
171.505 -912.496 
-823.504 -913.497 
625.498 -913.503 
-603.498 -927.508 
-359.495 -931.5 
202.781 -934.616 
213.35 -937.704 
-476.492 -958.502 
261.5 -958.505 
-537.503 -974.5 
520.502 -975.509 
208.495 -976.503 
969.498 -978.5 
210.504 -1006.5 
585.501 -1009.49 
1364.5 -1012.5 
384.498 -1013.5 
53.4994 -1019.5 
354.504 -1019.5 
-584.504 -1031.49 
1321.51 -1041.5 
24.5028 -1056.5 
291.498 -1076.51 
-227.494 -1094.5 
683.499 -1111.5 
-460.495 -1139.5 
966.502 -1140.5 
266.498 -1169.5 
384.29 -1170.74 
31.4978 -1173.5 
380.544 -1177.68 
824.498 -1187.49 
597.502 -1202.51 
