-1023.5 1197.5 
-69.4966 1194.51 
342.502 1186.5 
-1067.5 1185.5 
-566.496 1185.5 
296.499 1185.5 
561.503 1173.5 
1597.5 1172.49 
505.497 1160.5 
1374.5 1159.5 
-1119.5 1146.5 
-112.502 1147.49 
569.502 1145.5 
748.502 1139.5 
1025.49 1127.5 
33.495 1124.5 
985.505 1112.5 
700.499 1109.5 
1033.51 1099.5 
-998.505 1097.5 
-783.499 1094.89 
368.498 1095.5 
-783.499 1094.5 
-691.499 1077.51 
-567.507 1075.5 
292.5 1068.5 
-793.496 1068.5 
618.499 1066.5 
1199.49 1065.5 
-254.504 1050.5 
1311.5 1048.5 
-26.4966 1038.5 
-92.4993 1033.5 
-735.505 1026.5 
868.5 1024.49 
-1365.49 1022.49 
-611.502 1019.5 
-30.5037 1019.5 
-1302.5 1005.51 
258.498 995.508 
282.498 980.034 
890.505 980.496 
203.501 977.493 
391.509 976.503 
668.498 976.497 
266.327 972.503 
704.507 973.498 
-380.496 968.5 
170.492 967.504 
266.627 970.957 
1295.5 964.5 
0.497925 962.498 
-62.5016 957.499 
-267.498 957.499 
-1377.5 956.494 
-616.496 956.494 
436.499 955.497 
576.501 953.508 
-447.498 952.506 
-768.5 947.496 
-224.503 946.496 
1160.5 943.494 
-342.506 938.505 
-502.501 934.504 
576.498 925.499 
-1216.5 919.495 
-598.502 916.502 
136.496 914.495 
-1486.49 905.498 
157.502 894.506 
748.499 881.504 
-303.499 875.499 
1035.49 871.501 
240.498 861.501 
726.501 855.502 
-830.498 853.504 
1341.5 840.506 
-493.501 834.495 
-116.497 830.499 
-3.50037 830.5 
-718.498 819.497 
66.496 810.502 
307.499 809.503 
235.494 807.501 
-564.496 804.497 
900.499 796.497 
-441.499 789.499 
-96.4963 782.5 
914.502 780.507 
-1069.5 767.499 
-55.4985 762.495 
430.503 762.496 
916.5 761.5 
-230.508 752.498 
-414.5 749.506 
-220.857 742.365 
-1145.51 738.501 
910.494 733.499 
31.4923 732.496 
-1541.5 726.504 
140.501 725.497 
570.498 725.501 
956.499 724.498 
48.4989 721.506 
303.503 719.5 
-638.496 711.502 
-97.5001 705.502 
402.504 703.505 
195.495 700.501 
492.502 697.497 
446.496 696.505 
36.5 694.494 
1196.5 690.5 
559.501 683.5 
-1614.5 682.497 
297.498 679.502 
-423.142 678.287 
658.504 678.504 
-442.496 676.496 
-1162.5 674.504 
891.492 674.507 
-412.297 673.495 
35.4988 664.506 
-1416.5 656.504 
-140.499 656.498 
380.502 649.501 
68.504 647.5 
295.501 645.495 
-137.293 650.936 
1293.5 644.5 
1205.5 637.5 
-148.496 633.507 
350.172 624.843 
-134.688 620.713 
346.051 619.543 
-1085.5 609.504 
345.829 618.454 
612.499 608.496 
-447.502 597.501 
568.495 597.501 
1475.49 595.505 
76.4978 590.496 
380.501 587.499 
311.5 584.505 
-63.5006 578.5 
621.498 577.496 
-1530.5 574.504 
304.962 577.084 
830.5 572.489 
-448.505 570.502 
-783.498 569.505 
601.499 567.494 
-191.5 564.499 
11.4996 561.5 
-53.4996 559.495 
-1256.49 548.502 
1226.5 544.494 
206.499 541.494 
591.494 537.504 
-540.498 534.496 
-1614.5 532.491 
-412.5 531.504 
552.497 521.5 
611.501 522.504 
205.5 513.497 
-1090.51 511.494 
-69.5061 505.505 
36.4948 505.503 
-83.5018 493.494 
-637.494 491.504 
-317.503 484.503 
689.506 485.499 
-73.804 476.921 
-549.504 471.506 
1374.5 465.497 
283.496 461.505 
345.504 451.502 
52.5 449.499 
-1324.5 441.492 
502.5 433.505 
804.495 433.504 
-1619.5 427.499 
-75.5 422.502 
790.501 420.5 
181.496 413.495 
-1301.49 404.501 
494.502 402.501 
-1603.5 401.493 
-532.504 396.501 
-486.502 369.502 
-24.4952 368.5 
-1166.51 367.493 
-1058.5 359.501 
-197.493 357.498 
-1377.5 355.498 
403.499 343.5 
-157.494 341.497 
667.5 339.499 
-120.502 336.5 
-1501.5 336.496 
-1063.5 335.503 
-524.504 333.498 
317.499 332.507 
-847.499 324.498 
77.5002 322.499 
-1545.5 317.501 
-900.498 314.5 
-17.5006 305.499 
1017.51 307.496 
-1310.5 305.496 
-436.492 298.497 
661.497 297.499 
-746.5 289.494 
-1217.51 288.498 
-998.495 288.494 
53.4971 287.503 
-55.4996 272.493 
1136.5 271.503 
441.498 270.494 
-858.504 267.501 
-339.493 267.509 
-879.499 261.498 
-460.506 258.513 
260.499 258.496 
-119.495 253.499 
664.607 248.055 
-1388.5 247.497 
-226.497 244.499 
-1574.51 242.503 
669.461 244.201 
-902.5 239.502 
-168.505 239.493 
-242.502 232.427 
-1100.5 233.497 
-242.293 230.99 
-1291.5 222.502 
-1218.5 222.498 
-190.355 213.81 
-186.311 213.649 
-1503.49 200.499 
-461.495 198.5 
-241.503 199.499 
-941.509 198.499 
-719.504 198.503 
821.493 197.501 
847.497 190.506 
-1076.5 187.496 
373.505 186.497 
-451.351 180.886 
-511.495 178.498 
-37.5 176.501 
-468.501 175.501 
-1071.39 176.078 
-256.492 148.496 
123.501 147.502 
-304.494 144.508 
1146.5 142.501 
150.504 139.5 
-1062.5 133.501 
-120.504 134.5 
79.5029 130.947 
1551.51 128.498 
-1284.5 125.496 
-211.838 124.502 
-209.625 124.504 
1592.49 114.495 
-1393.51 113.501 
-110.5 111.503 
-745.505 110.494 
75.4929 110.5 
334.497 94.4999 
82.4968 91.4993 
122.501 90.4996 
-669.505 84.5077 
216.51 77.5046 
-275.498 76.4952 
-1007.5 75.4955 
-935.49 65.4987 
1610.5 65.4993 
-1006.11 69.8782 
-130.498 56.5012 
-383.501 46.5074 
-904.501 39.5031 
-964.503 36.4976 
-196.501 35.499 
945.504 30.5055 
-773.501 22.504 
-1563.5 7.49402 
887.501 3.49597 
0.501465 -0.50293 
-1303.5 -1.50879 
377.497 -3.50281 
-828.5 -3.49561 
-159.5 -9.50317 
1475.5 -11.4948 
442.501 -16.4951 
-775.51 -17.5032 
155.5 -22.4984 
-1129.5 -28.5027 
-843.901 -37.6003 
-425.495 -42.5021 
-14.4939 -42.5094 
-839.226 -41.1847 
-24.739 -50.7117 
-429.098 -48.7249 
-904.486 -55.5032 
248.501 -61.5032 
-415.507 -62.5023 
-372.496 -83.495 
-518.504 -105.497 
-357.502 -108.502 
667.503 -108.499 
-1289.5 -147.501 
-82.4994 -152.504 
865.497 -157.506 
825.505 -161.497 
-710.499 -164.5 
-1037.51 -168.496 
-1396.5 -169.491 
1077.49 -171.502 
460.511 -175.502 
-769.493 -177.503 
-434.497 -181.497 
351.501 -179.496 
-1292.5 -183.498 
-394.505 -192.5 
-1438.5 -208.499 
-229.505 -213.503 
468.496 -215.498 
-684.503 -219.503 
-319.495 -235.5 
-233.493 -238.498 
1223.5 -240.493 
-522.501 -241.499 
-448.493 -251.5 
-593.497 -253.499 
-1104.5 -256.508 
529.501 -256.497 
475.496 -259.502 
923.5 -260.497 
-1147.5 -262.502 
-558.497 -263.501 
-546.506 -280.498 
-1399.5 -285.497 
-481.499 -290.496 
-548.592 -289.595 
1378.51 -298.496 
-333.502 -300.497 
-622.5 -304.496 
832.499 -305.501 
-505.505 -307.494 
1021.5 -311.497 
316.501 -312.501 
-557.501 -313.498 
-288.504 -313.496 
-1553.5 -329.497 
-583.497 -330.495 
679.502 -330.496 
-247.504 -337.501 
-740.495 -338.501 
344.494 -339.51 
181.504 -342.501 
-1407.5 -345.508 
-713.496 -351.5 
-191.496 -360.498 
-615.492 -362.498 
1101.51 -370.497 
-1370.51 -371.498 
-758.496 -375.509 
434.498 -376.5 
-441.504 -380.501 
-299.499 -382.502 
-516.495 -386.499 
-1387.5 -387.501 
1093.5 -389.504 
-1078.5 -390.503 
-802.501 -392.501 
-980.502 -392.503 
-1275.5 -393.493 
-519.497 -405.502 
-181.262 -411.957 
-357.5 -411.5 
-232.498 -419.501 
-1044.5 -420.499 
-702.503 -423.501 
-652.501 -428.495 
1005.5 -441.501 
17.5002 -443.501 
210.5 -453.496 
-794.505 -457.503 
-550.504 -465.495 
-350.499 -472.504 
935.499 -478.494 
-434.502 -485.506 
-75.4984 -490.51 
-402.499 -491.498 
-1277.5 -492.498 
210.503 -496.5 
-430.995 -491.567 
-100.502 -511.499 
371.503 -514.505 
-1338.5 -518.494 
-209.495 -526.496 
-357.501 -530.499 
1022.51 -532.505 
-458.501 -539.496 
-1302.5 -541.505 
-919.5 -541.503 
976.503 -557.5 
-1460.5 -560.502 
-623.502 -581.501 
-826.488 -585.494 
-846.498 -592.503 
-161.504 -594.504 
-823.865 -595.059 
219.503 -600.482 
1333.5 -603.506 
-1069.5 -616.502 
1030.5 -623.499 
15.5 -627.503 
773.502 -632.496 
1477.5 -633.503 
-1080.51 -647.502 
175.5 -650.5 
-861.497 -653.495 
-1271.5 -659.501 
-337.496 -661.5 
-1065.5 -672.498 
294.505 -672.496 
-378.506 -674.504 
1539.51 -680.493 
-510.5 -686.502 
34.501 -693.502 
-1198.51 -697.5 
-1547.5 -703.499 
748.499 -709.5 
-1358.5 -712.496 
-1383.5 -720.496 
580.502 -726.503 
-71.5006 -735.505 
-1073.5 -746.501 
-458.505 -749.5 
-918.503 -752.492 
-844.499 -761.501 
-989.5 -765.357 
-989.847 -766.496 
186.509 -776.5 
-193.493 -793.502 
-1558.5 -795.496 
-683.5 -819.491 
-559.495 -820.499 
-1514.49 -822.5 
903.502 -830.504 
-497.496 -834.494 
636.502 -834.493 
1349.51 -841.502 
-761.502 -846.498 
40.5 -847.495 
-956.502 -855.506 
428.5 -855.505 
-604.499 -860.508 
-999.496 -870.497 
86.4949 -870.497 
-1437.51 -884.492 
1199.5 -887.499 
-992.5 -892.505 
-310.49 -892.495 
-1098.5 -898.492 
-445.499 -900.505 
883.498 -902.502 
240.504 -914.504 
-166.494 -918.504 
1583.5 -921.501 
-874.503 -924.496 
-393.499 -928.5 
-553.504 -929.5 
-365.493 -931.491 
-244.507 -931.502 
-1324.49 -943.496 
-504.499 -964.499 
-175.494 -968.504 
55.5077 -976.506 
497.496 -980.497 
-1231.51 -986.505 
-1386.5 -1008.49 
63.4985 -1023.5 
-1349.49 -1027.5 
799.503 -1032.5 
-919.497 -1034.5 
151.501 -1039.51 
255.496 -1042.5 
422.5 -1042.5 
944.497 -1045.5 
-226.496 -1059.49 
-482.497 -1086.49 
-760.497 -1087.5 
-675.504 -1095.51 
-1045.5 -1138.5 
-1466.5 -1149.51 
-664.494 -1149.5 
-469.494 -1156.49 
-1525.5 -1167.5 
980.5 -1185.49 
-454.504 -1188.5 
-1124.49 -1190.49 
290.495 -1197.5 
-319.496 -1205.5 
-1045.5 -1205.5 
