-473.5 1211.49 
1162.51 1209.5 
-71.4904 1205.5 
298.507 1188.5 
782.501 1186.5 
463.499 1180.5 
-116.5 1169.51 
235.494 1166.49 
80.5004 1164.5 
-418.508 1163.5 
1392.5 1162.5 
-1190.51 1150.5 
1339.5 1149.5 
1066.49 1135.5 
-1467.5 1122.5 
643.5 1116.5 
1620.51 1115.5 
1329.5 1109.5 
906.501 1105.5 
-380.502 1100.5 
-246.5 1098.5 
-419.502 1098.49 
731.495 1098.5 
974.5 1095.5 
207.496 1089.5 
1584.5 1083.5 
-653.495 1082.51 
-1233.5 1068.5 
73.4904 1067.5 
854.496 1064.5 
-547.5 1063.5 
-499.498 1063.5 
-1207.5 1054.5 
122.501 1049.5 
-1567.5 1029.5 
625.502 1022.5 
617.496 972.501 
854.498 970.507 
-64.499 961.498 
-1044.49 934.497 
905.085 929.349 
890.502 925.502 
488.505 917.5 
-1441.51 906.503 
20.5011 903.502 
285.501 890.5 
1038.51 886.501 
-1096.5 880.504 
-562.502 875.504 
354.503 865.498 
-545.497 860.505 
-117.498 860.502 
659.499 859.506 
-904.495 855.502 
1029.5 853.495 
1133.5 842.503 
1287.49 818.503 
-1043.5 808.507 
-1153.5 798.504 
315.503 798.5 
-285.51 772.496 
1192.49 760.501 
-1161.5 757.496 
1341.5 754.506 
238.504 749.497 
-327.506 740.505 
-537.491 736.506 
343.503 726.504 
279.5 723.499 
1591.5 701.5 
-938.499 695.496 
-1503.51 673.505 
360.509 673.5 
-1183.49 662.492 
-1555.97 641.665 
-1553.75 641.313 
-17.5063 636.502 
-415.504 600.499 
1160.51 596.492 
749.503 595.498 
1120.5 566.494 
604.504 564.499 
1016.5 561.5 
212.502 545.504 
1328.5 530.501 
1279.5 527.504 
149.507 499.493 
701.502 499.501 
-367.493 492.503 
-1000.49 491.499 
997.493 488.497 
587.5 461.501 
998.497 460.499 
471.501 457.498 
1208.5 456.494 
-320.495 453.502 
-438.501 439.491 
997.499 435.503 
-934.501 426.498 
518.501 425.507 
981.496 423.493 
-1257.5 417.502 
1089.51 400.505 
663.503 397.502 
950.502 395.501 
196.499 394.499 
292.496 380.504 
-1517.51 379.496 
1030.5 369.496 
-778.497 354.503 
734.49 355.499 
-605.502 340.5 
452.499 337.497 
1397.49 337.492 
436.493 334.497 
997.505 307.503 
-752.5 295.506 
-531.499 277.497 
-485.498 259.501 
-767.497 247.492 
1152.5 240.506 
123.5 237.501 
5.49756 230.495 
-102.5 229.495 
-647.491 215.503 
1363.5 189.495 
1380.5 184.5 
-718.501 154.503 
-1391.5 134.504 
-894.499 114.495 
-163.497 109.498 
-411.508 79.5015 
-47.5 77.5011 
-27.4994 77.502 
-1379.5 74.5033 
-1106.5 72.4966 
-670.504 72.4989 
688.5 49.5007 
152.497 21.4967 
652.501 21.4962 
0.498779 -0.503662 
355.497 -0.505859 
-969.499 -4.50159 
-722.494 -7.49609 
1317.51 -6.495 
-1275.5 -14.4956 
328.502 -14.4982 
51.499 -26.5048 
1105.09 -43.9171 
-711.502 -50.4974 
-1485.5 -68.4943 
-558.503 -69.4995 
605.503 -74.5057 
-533.506 -85.504 
298.502 -95.5063 
-72.4945 -99.4958 
103.5 -109.495 
165.501 -137.496 
1098.5 -141.503 
-1224.5 -182.503 
1606.5 -182.5 
-534.498 -199.495 
-676.501 -206.497 
-1393.5 -210.495 
717.495 -211.494 
188.499 -240.506 
-433.503 -244.498 
-525.5 -249.501 
1182.5 -250.505 
96.5049 -265.498 
1218.49 -273.493 
321.502 -274.5 
1250.49 -284.498 
-1444.51 -287.498 
-631.51 -304.496 
-281.505 -314.501 
79.5027 -339.502 
-946.501 -346.499 
1531.5 -356.5 
-1278.5 -358.496 
-123.504 -360.503 
652.499 -367.505 
172.494 -387.498 
-533.503 -415.502 
-284.507 -416.502 
580.499 -418.501 
1301.5 -421.503 
-116.501 -445.498 
276.51 -456.506 
-1597.5 -483.493 
-470.498 -488.502 
869.503 -529.508 
175.502 -532.498 
164.506 -578.496 
709.492 -581.494 
1069.51 -587.499 
-506.497 -596.497 
-1108.5 -606.499 
1299.5 -614.501 
-101.499 -615.503 
208.505 -621.508 
75.4957 -633.502 
60.5029 -645.505 
1279.51 -650.503 
-622.504 -656.49 
-228.502 -701.509 
-1429.5 -726.494 
727.5 -726.505 
1354.51 -737.498 
1205.5 -766.496 
771.508 -774.495 
887.502 -775.505 
453.496 -817.499 
-456.5 -822.498 
97.4963 -835.51 
700.496 -851.497 
-1347.5 -852.51 
-757.507 -856.496 
-741.5 -863.497 
204.505 -866.497 
1319.5 -886.502 
1385.5 -887.501 
1612.5 -917.51 
1148.49 -936.504 
926.491 -942.501 
483.496 -953.512 
552.5 -980.505 
-1571.5 -985.493 
-508.503 -998.501 
-1162.5 -1001.5 
1167.5 -1004.49 
42.4954 -1009.49 
1422.5 -1019.49 
695.504 -1028.5 
-1522.5 -1073.5 
-289.495 -1081.5 
-753.51 -1082.5 
-1421.5 -1083.5 
316.503 -1088.5 
202.497 -1094.51 
-1040.5 -1108.5 
50.4941 -1177.5 
-8.50317 -1195.5 
