-1459.62 1206.12 
1359.5 1193.5 
43.4971 1183.5 
-859.495 1175.5 
1344.5 1172.5 
1237.5 1155.5 
557.499 1152.5 
72.4987 1148.5 
2.50208 1143.5 
-1377.5 1135.5 
804.495 1133.51 
-853.496 1132.5 
402.506 1129.5 
686.501 1130.5 
-568.493 1124.5 
-919.496 1095.5 
239.503 1091.5 
1517.5 1086.5 
-452.493 1081.5 
1035.5 1072.5 
1546.5 1064.5 
941.5 1055.5 
-409.493 1031.5 
-31.5021 1013.5 
1454.49 998.501 
1150.5 997.507 
314.496 995.499 
-977.506 979.492 
-1250.51 970.503 
436.507 966.504 
-113.506 955.504 
-803.501 948.501 
-998.502 937.497 
809.504 934.502 
-549.505 924.496 
1144.51 924.499 
-930.502 922.494 
-181.501 921.497 
-1029.51 918.499 
1455.5 917.504 
499.498 916.508 
-531.502 911.5 
758.495 899.5 
930.496 891.501 
-759.5 888.498 
-455.506 878.503 
-4.50183 878.496 
-351.495 873.497 
16.4978 867.506 
-696.498 863.507 
-1217.5 856.494 
-810.49 855.505 
-872.493 845.494 
-683.496 842.495 
1421.51 835.504 
100.506 834.504 
176.5 826.504 
784.499 824.506 
458.504 822.502 
-323.496 820.5 
-599.498 817.492 
-347.489 812.506 
-1511.5 802.498 
257.495 800.5 
-1577.5 796.493 
380.502 793.498 
1579.51 791.5 
762.496 791.504 
-771.503 789.496 
996.497 775.5 
1611.5 774.495 
1200.51 755.503 
-55.4955 749.505 
731.496 739.498 
-972.498 737.498 
1427.5 734.505 
-731.508 719.507 
-260.492 719.5 
565.499 717.504 
613.501 713.506 
-801.492 711.495 
-331.504 709.497 
-857.502 709.5 
-245.5 699.495 
-1121.5 692.499 
222.498 692.498 
1614.5 679.503 
-585.501 667.503 
-1505.5 656.501 
2.49963 655.501 
436.5 652.499 
-1565.5 652.501 
225.499 649.5 
1037.5 647.502 
-1484.04 646.496 
-1480.94 646.501 
611.498 628.502 
225.499 627.508 
176.509 578.499 
-460.499 577.504 
-1065.5 565.5 
-1182.5 562.507 
-1145.5 556.502 
-470.504 555.508 
754.499 539.5 
-977.506 537.498 
-639.502 532.502 
651.501 531.502 
-1432.5 527.501 
-506.506 527.502 
-545.504 524.501 
1312.5 521.501 
193.506 519.497 
-289.503 511.503 
-880.497 507.504 
242.497 492.502 
966.5 486.498 
-563.503 480.503 
-138.5 480.5 
-628.498 479.503 
1012.5 473.489 
54.4987 453.5 
804.493 451.496 
661.511 419.502 
107.497 411.497 
-881.495 408.492 
-1396.5 407.497 
59.4933 403.506 
724.494 393.502 
-812.5 390.503 
-1406.5 387.51 
-1606.5 380.502 
1518.5 369.503 
1296.5 367.507 
141.496 358.5 
-430.504 350.5 
-741.499 347.502 
138.57 352.629 
694.496 342.495 
957.498 337.496 
987.5 332.501 
103.513 330.505 
-1411.5 321.504 
879.494 319.497 
989.438 315.931 
1351.5 311.503 
-952.501 301.493 
-1440.5 292.501 
1161.5 291.499 
193.501 289.499 
349.502 280.5 
-1180.51 276.5 
-828.5 276.501 
-132.124 271.458 
-121.184 270.655 
368.498 266.5 
154.505 230.493 
-1351.5 206.503 
1426.5 200.499 
726.504 195.508 
644.504 191.5 
-140.323 187.307 
-1265.5 185.501 
-190.508 182.496 
-968.497 175.505 
-578.5 174.501 
-1158.49 173.501 
202.499 163.499 
1340.5 160.501 
-409.5 158.498 
-1369.5 157.502 
-1557.49 148.504 
-495.5 147.505 
-1384.49 139.498 
-183.504 125.503 
321.505 123.494 
-1197.51 117.496 
-289.505 115.501 
-47.4988 111.495 
-1618.5 113.493 
1569.32 110.375 
393.5 109.502 
-634.498 108.5 
-669.494 104.506 
232.495 104.499 
1464.5 103.505 
1569.28 110.283 
1578.32 106.096 
1128.5 92.498 
237.281 98.1377 
1488.5 91.5044 
508.502 90.4989 
1395.21 87.0524 
474.494 83.496 
1391.7 86.0281 
1507.5 82.4988 
1187.49 81.4879 
829.5 75.4967 
79.5022 71.496 
1447.5 69.5032 
1609.5 68.4995 
1346.5 67.4946 
1499.5 56.5021 
-404.497 52.4989 
114.503 52.5026 
1482.5 45.4983 
-421.498 43.5018 
464.5 40.5082 
233.509 37.5031 
983.496 36.5078 
-779.344 34.438 
-803.502 33.4993 
-319.5 32.5015 
-1212.5 31.5122 
-770.365 31.9775 
-1573.5 24.5004 
230.738 21.6823 
1176.5 15.5 
-662.501 12.5005 
-955.499 12.5017 
-86.4946 11.4993 
-66.5011 8.5011 
403.5 7.49768 
206.506 4.4978 
687.497 0.509155 
0.50354 -0.494629 
267.498 -2.50403 
-915.502 -11.5045 
-1504.5 -14.5027 
44.4993 -15.5067 
1009.5 -26.4976 
-777.503 -28.4983 
266.5 -27.496 
-1508.5 -37.4989 
-69.4944 -37.4937 
499.497 -37.5015 
-154.495 -41.4962 
-835.497 -47.4955 
-1239.5 -59.4955 
-285.502 -64.5035 
86.494 -69.4952 
-1300.5 -75.5056 
-745.499 -79.5016 
1587.5 -105.501 
-987.5 -107.498 
1076.51 -119.499 
564.499 -120.503 
-53.4918 -127.489 
-711.507 -136.496 
174.505 -140.504 
-923.496 -144.496 
280.499 -157.497 
-615.506 -180.503 
1123.5 -182.49 
1270.5 -183.5 
1312.49 -184.497 
273.496 -195.502 
469.503 -195.507 
-512.496 -197.5 
506.501 -200.501 
-632.5 -209.504 
-846.501 -210.495 
-68.4996 -219.498 
-711.496 -221.499 
120.501 -225.503 
-1065.5 -233.494 
-845.5 -234.499 
-1234.5 -237.495 
-700.501 -243.5 
197.506 -245.495 
536.498 -250.501 
515.499 -253.5 
-141.507 -258.495 
-942.487 -259.497 
-697.497 -261.499 
-56.5082 -269.497 
525.505 -272.499 
873.497 -277.499 
-539.493 -290.502 
-810.498 -291.504 
1358.5 -293.501 
-413.505 -295.501 
-856.5 -299.501 
-720.493 -303.503 
-130.504 -306.499 
1141.49 -313.497 
-1059.5 -318.5 
-335.499 -320.497 
-661.5 -325.508 
-257.5 -344.5 
1098.49 -349.5 
-1145.5 -354.497 
-1294.5 -357.499 
304.505 -357.502 
231.498 -371.506 
376.496 -376.505 
-682.501 -377.501 
-936.508 -390.497 
-1450.5 -394.507 
1307.5 -400.496 
1167.5 -414.494 
851.499 -419.51 
423.5 -428.493 
-1545.5 -440.502 
589.502 -441.5 
-199.501 -442.499 
297.5 -463.504 
-857.503 -475.496 
-239.502 -478.502 
-1200.49 -485.502 
-419.502 -491.496 
338.503 -496.501 
1312.5 -499.503 
643.506 -500.505 
911.501 -503.498 
-1122.5 -506.501 
-1516.5 -510.498 
1527.5 -519.505 
-759.501 -521.505 
854.494 -525.499 
1192.5 -525.495 
1038.5 -526.5 
1436.49 -531.496 
404.5 -539.499 
111.5 -542.496 
-429.508 -543.501 
-500.503 -545.506 
1050.5 -548.5 
1068.5 -562.499 
641.501 -563.495 
1111.5 -591.508 
284.498 -603.493 
380.496 -610.5 
-1144.5 -620.503 
979.496 -637.5 
-204.503 -639.499 
-451.493 -643.502 
-774.502 -645.502 
1322.49 -646.503 
-1219.51 -648.499 
94.4757 -651.848 
1249.5 -652.496 
-338.497 -657.497 
93.4093 -652.789 
-572.499 -661.503 
-639.504 -666.509 
-1572.5 -671.491 
-116.499 -674.501 
-939.499 -679.502 
900.495 -679.493 
-1262.5 -686.508 
-1490.5 -689.495 
484.502 -692.493 
-1136.49 -693.502 
-539.505 -699.503 
-464.497 -700.494 
-210.498 -701.5 
-1291.51 -718.492 
-1456.5 -727.506 
-682.499 -763.493 
1114.5 -768.498 
-298.499 -781.498 
311.502 -782.502 
-98.4993 -791.497 
-1244.5 -799.496 
769.5 -815.499 
-1171.5 -817.505 
1212.5 -825.499 
537.503 -833.501 
754.505 -834.494 
285.497 -835.498 
-925.5 -844.499 
1609.5 -888.5 
-1023.5 -891.504 
1306.5 -895.5 
1514.5 -900.497 
122.498 -905.498 
-254.42 -907.477 
1166.5 -970.501 
444.506 -980.492 
-639.497 -987.5 
1470.51 -994.507 
-447.492 -1011.5 
-1004.5 -1013.5 
-949.499 -1017.5 
360.499 -1020.49 
813.495 -1023.5 
207.497 -1030.5 
1448.5 -1057.51 
-1255.5 -1063.5 
-1016.5 -1077.5 
266.496 -1079.5 
-133.5 -1104.5 
52.5072 -1111.5 
301.493 -1112.5 
-323.497 -1115.51 
1454.5 -1130.51 
-563.502 -1131.5 
-385.506 -1133.5 
-1169.49 -1142.5 
681.5 -1158.5 
-102.504 -1162.5 
799.509 -1175.5 
410.498 -1183.5 
1409.5 -1192.51 
-375.509 -1196.5 
817.503 -1203.5 
-1344.5 -1205.5 
-312.502 -1209.51 
