-943.498 1208.5 
-629.498 1196.5 
-298.499 1195.5 
-37.5032 1192.5 
-923.499 1186.51 
1212.5 1184.5 
-428.494 1179.5 
-616.492 1175.5 
-923.494 1166.5 
17.4963 1166.5 
-382.495 1163.5 
-789.5 1161.5 
-236.496 1152.5 
-387.504 1138.5 
-481.496 1124.49 
1410.5 1102.51 
204.504 1084.5 
609.497 1071.5 
-840.504 1070.5 
-253.501 1057.5 
-316.488 1056.5 
-725.504 1052.51 
1075.5 1052.5 
1258.5 1049.5 
274.494 1047.51 
1475.5 1043.51 
875.499 1041.5 
-140.502 1036.5 
-709.498 1033.5 
1232.5 1032.5 
710.506 1029.5 
730.501 1009.5 
-753.493 1003.5 
-90.5011 1001.51 
92.5015 998.501 
-1020.5 991.497 
-894.499 991.503 
-91.5033 976.502 
-1454.49 951.181 
1114.5 949.512 
-1454.5 943.808 
-1178.5 932.503 
1375.5 931.496 
881.502 930.498 
-407.498 905.502 
-853.502 903.504 
136.497 895.503 
-269.499 893.501 
158.504 887.503 
-90.4973 876.499 
-416.504 864.505 
864.507 864.489 
-283.512 863.497 
1127.49 863.497 
344.496 859.503 
170.503 853.504 
-688.779 839.328 
-681.307 838.773 
629.499 837.501 
-37.5021 829.498 
-732.031 826.499 
-730.536 826.499 
1502.51 814.5 
99.5007 791.506 
-1393.5 788.505 
-46.5 769.499 
393.499 765.5 
1016.5 746.507 
624.502 731.498 
-358.495 719.49 
589.826 717.821 
521.497 718.504 
1281.49 706.495 
-1492.51 704.499 
-810.494 695.507 
-191.497 688.502 
-1440.49 682.504 
1516.5 636.496 
-658.503 634.502 
-704.497 627.499 
258.494 615.505 
70.499 602.508 
1100.5 600.504 
-1134.5 596.501 
773.504 589.497 
-512.499 586.496 
974.506 581.497 
367.497 577.495 
-459.507 567.497 
1041.5 559.503 
-802.498 536.497 
-566.504 533.502 
-1441.5 526.489 
-1034.5 514.5 
-1076.51 509.497 
298.508 507.502 
-654.504 495.498 
-550.497 494.504 
304.307 490.947 
-196.501 472.504 
92.502 428.499 
1613.51 408.504 
1199.5 401.498 
-1505.51 398.507 
1026.56 381.664 
1030.22 379.68 
-383.499 372.501 
-327.499 366.495 
-1612.5 366.502 
-500.496 366.501 
973.504 351.493 
-101.499 350.502 
1448.5 344.505 
1404.5 340.504 
-1121.51 335.493 
-1029.49 329.502 
-272.498 324.496 
-503.496 319.504 
103.5 314.493 
-1159.5 298.497 
1512.5 292.501 
-287.506 283.5 
-1108.5 276.498 
-312.504 267.495 
720.513 260.499 
-451.5 249.499 
288.503 242.501 
736.494 237.498 
-828.5 231.506 
19.5004 224.502 
827.497 222.492 
-720.495 186.501 
91.5021 153.5 
847.498 150.503 
530.502 143.504 
-1547.5 142.5 
-691.509 137.5 
-510.506 136.499 
507.5 133.503 
-100.494 133.489 
422.496 127.494 
466.498 126.5 
138.503 122.491 
-619.488 104.496 
-78.4974 103.5 
306.508 80.5052 
-750.501 78.5007 
-29.4962 75.4962 
861.498 71.5027 
-1570.5 66.5101 
-1162.5 52.4993 
279.498 45.4978 
-123.495 39.5033 
-1085.5 20.4985 
-302.502 3.49573 
0.501831 -0.501831 
-528.5 -9.49805 
-180.498 -17.4945 
-377.498 -31.5013 
-1034.49 -40.4951 
-7.50293 -46.4963 
-1279.5 -55.5 
-41.5018 -55.499 
-1099.5 -62.5006 
-1527.5 -63.4941 
-973.184 -69.7301 
-829.494 -79.4978 
-968.518 -74.4902 
-389.502 -111.052 
-977.509 -113.498 
1123.5 -123.503 
-1103.5 -136.505 
-146.5 -138.5 
-1602.51 -143.499 
-1342.5 -155.501 
121.489 -163.499 
653.502 -165.502 
-519.504 -175.508 
1362.5 -180.498 
-820.494 -181.503 
1200.5 -187.496 
-235.499 -198.505 
970.501 -206.488 
313.499 -212.496 
1212.49 -212.489 
-736.491 -215.5 
-397.496 -227.495 
-1199.5 -229.489 
-627.498 -235.5 
305.499 -247.5 
-1368.49 -249.498 
419.504 -255.501 
61.4994 -258.502 
1467.5 -268.503 
198.504 -269.494 
-848.495 -273.496 
1135.5 -289.501 
1439.5 -296.502 
-266.5 -302.497 
-764.499 -308.496 
300.503 -311.508 
258.495 -330.502 
-1600.5 -334.504 
-1003.5 -355.503 
-628.496 -356.499 
-1002.51 -398.501 
262.496 -405.499 
854.5 -407.497 
205.502 -414.493 
1280.89 -434.13 
1339.5 -433.494 
-1468.5 -434.498 
-257.504 -439.506 
1280.87 -434.229 
741.501 -443.502 
324.503 -455.497 
-104.502 -459.5 
1111.5 -461.498 
-129.502 -462.497 
778.502 -465.508 
837.491 -472.498 
162.5 -473.49 
234.504 -473.499 
-45.4977 -478.502 
-107.493 -500.502 
-801.492 -511.497 
-27.505 -531.506 
991.507 -542.501 
1072.51 -549.497 
787.504 -553.498 
-350.493 -568.499 
145.503 -571.503 
612.504 -571.496 
1591.5 -573.5 
-275.502 -577.504 
-352.882 -577.275 
-1460.5 -597.495 
-144.497 -608.503 
7.48975 -609.502 
1071.5 -610.508 
-157.5 -635.496 
832.499 -637.502 
-343.498 -640.5 
804.498 -640.508 
541.497 -651.503 
909.503 -668.497 
411.492 -688.497 
100.502 -703.504 
857.215 -707.169 
858.2 -707.632 
321.494 -715.499 
342.502 -724.499 
-243.494 -727.5 
-50.4989 -727.505 
950.495 -728.499 
418.502 -741.501 
145.5 -755.498 
-690.505 -756.493 
-359.508 -757.504 
370.494 -762.508 
-1350.51 -774.497 
133.504 -782.496 
-1094.5 -786.499 
615.507 -789.505 
-384.494 -797.502 
-493.504 -807.492 
219.501 -810.504 
-1474.51 -812.499 
-793.499 -812.501 
-638.503 -819.509 
934.502 -832.495 
-1616.49 -833.504 
-853.501 -835.508 
238.506 -842.497 
-1273.5 -862.495 
354.496 -864.499 
-470.507 -866.499 
69.5044 -873.499 
-35.9459 -875.289 
-28.6031 -878.001 
-28.1056 -884.3 
431.505 -894.501 
1135.5 -924.499 
-508.492 -934.494 
-1248.5 -947.496 
747.495 -950.497 
-154.182 -953.393 
-972.495 -954.497 
-148.001 -957.7 
-187.495 -970.494 
-428.507 -975.507 
-1474.5 -984.502 
681.499 -988.5 
843.499 -993.499 
-973.5 -997.495 
1445.51 -997.503 
-1058.5 -1010.5 
-1252.5 -1024.5 
-779.499 -1026.5 
263.498 -1027.5 
851.496 -1029.5 
-398.504 -1040.5 
-822.508 -1042.49 
-126.501 -1048.5 
-1574.5 -1052.49 
-1069.5 -1055.5 
359.496 -1058.5 
-1432.5 -1081.5 
-1008.5 -1082.5 
1103.51 -1091.49 
451.503 -1092.5 
-475.505 -1093.51 
555.496 -1094.5 
291.499 -1109.5 
-630.498 -1113.51 
-797.502 -1114.5 
-664.492 -1117.5 
-1146.5 -1118.5 
-256.493 -1120.51 
-1216.49 -1121.5 
303.03 -1121.69 
-703.505 -1135.5 
3.27673 -1138.62 
3.38806 -1139.18 
635.5 -1154.5 
391.692 -1157.9 
842.497 -1158.5 
275.502 -1159.5 
571.501 -1161.5 
392.044 -1159.12 
225.495 -1180.5 
-834.504 -1186.49 
177.498 -1200.5 
552.501 -1212.5 
