-102.497 1211.5 
937.504 1202.51 
1399.5 1195.5 
688.502 1173.5 
1083.5 1158.51 
569.495 1152.5 
-1169.5 1133.5 
-520.495 1130.5 
979.502 1128.5 
1448.49 1115.5 
1366.49 1114.5 
-969.496 1104.5 
912.56 1087.16 
902.558 1084.34 
246.5 1074.5 
-1401.5 1069.5 
1273.5 1070.5 
-62.5022 1064.5 
1182.5 1057.5 
-798.498 1050.51 
-1427.51 1048.51 
-323.5 1047.49 
-1530.5 1040.5 
1384.5 1037.51 
-300.5 1030.5 
1450.5 1023.5 
1317.51 1012.5 
-1607.49 1007.49 
-542.498 1006.5 
1491.5 993.507 
-540.994 997.967 
-762.497 968.503 
1565.5 968.491 
236.501 933.503 
331.506 927.506 
1180.5 923.501 
623.504 919.495 
-884.502 917.492 
848.497 910.502 
227.501 904.501 
10.504 903.506 
151.501 902.494 
447.501 893.5 
88.5083 877.5 
-403.501 869.496 
1409.5 866.504 
1320.5 847.502 
-874.495 847.494 
820.502 837.501 
353.497 811.503 
-860.495 801.494 
675.502 794.505 
881.498 790.498 
233.506 789.503 
1500.5 767.496 
509.497 762.5 
-968.497 757.498 
374.503 750.496 
-244.499 748.5 
-555.498 748.51 
1052.51 742.497 
-1200.5 739.504 
818.5 733.504 
1247.5 733.5 
-149.506 731.498 
353.504 731.496 
-1174.5 725.502 
475.505 718.499 
-214.495 712.492 
203.496 697.504 
359.501 693.502 
-1580.49 679.501 
-737.502 679.494 
619.495 676.498 
1060.5 669.497 
1461.5 668.504 
865.496 664.492 
1427.5 660.5 
39.4978 642.501 
1611.5 642.499 
-997.499 639.501 
1426.5 634.506 
-173.5 632.499 
512.498 627.492 
724.503 620.5 
1424.92 620.42 
-410.497 601.499 
855.506 597.498 
741.489 590.502 
1139.5 581.501 
-1472.51 579.492 
186.503 573.498 
663.491 569.496 
-724.494 559.499 
638.5 555.499 
-829.494 553.507 
-166.498 552.503 
521.502 534.499 
-457.503 533.504 
283.503 525.504 
540.499 499.503 
861.494 489.496 
411.497 489.498 
436.505 486.504 
1608.5 460.507 
807.496 455.501 
488.504 452.5 
509.5 450.506 
574.504 441.504 
263.506 439.503 
415.502 437.497 
887.499 433.505 
-629.503 431.503 
-713.498 414.498 
404.502 411.499 
843.499 412.5 
481.493 408.508 
529.554 402.973 
1356.49 397.493 
507.104 392.946 
1563.5 394.5 
546.102 393.793 
633.949 387.051 
507.015 392.066 
951.5 383.496 
-1115.51 382.501 
620.873 379.874 
632.285 385.446 
529.496 377.5 
503.501 370.492 
1016.5 367.5 
1599.5 366.497 
1547.5 363.495 
591.497 357.498 
442.507 353.495 
1295.49 347.503 
1038.5 341.492 
92.4929 338.497 
1253.5 325.499 
446.469 319.753 
434.501 316.49 
-645.504 311.504 
848.504 304.495 
462.499 296.501 
178.506 295.501 
1523.5 291.503 
-557.493 289.497 
-561.801 278.284 
-650.499 270.498 
1434.5 264.501 
400.503 259.51 
1301.5 255.503 
-1439.5 253.493 
1242.5 253.504 
1192.5 252.5 
1368.5 246.507 
452.495 242.497 
493.497 233.506 
763.504 227.499 
-1301.5 225.496 
-30.501 225.5 
270.498 224.494 
1223.51 217.506 
-376.497 216.504 
962.496 216.497 
-1612.5 200.503 
1507.5 187.498 
-714.498 180.499 
1284.5 175.493 
1302.51 175.494 
-248.5 173.499 
359.492 173.497 
-229.501 170.495 
-6.49072 167.499 
-1109.5 162.496 
-528.501 162.503 
-335.495 155.498 
-1010.5 154.506 
-264.5 153.493 
598.494 151.501 
428.504 150.514 
382.487 145.499 
-1614.5 141.498 
-1337.5 140.498 
-512.503 131.498 
952.499 126.502 
368.497 124.505 
477.498 115.509 
382.151 114.82 
218.614 109.84 
52.5055 104.503 
128.499 91.5015 
444.972 87.9226 
-745.504 80.5057 
-1066.5 79.505 
444.963 87.8197 
886.508 76.4973 
-1305.5 64.501 
-1478.5 63.5023 
943.497 62.4963 
453.781 60.3069 
1549.5 60.5037 
1588.5 59.4956 
129.505 58.5071 
458.146 55.8553 
34.501 48.5 
632.509 37.5009 
1595.5 34.5023 
1572.5 33.5027 
1328.5 31.5009 
12.7429 24.3582 
565.502 25.5071 
1080.5 22.4941 
43.4962 17.4983 
1479.5 18.5018 
-3.50305 16.4062 
23.5698 17.9785 
1188.49 13.499 
207.508 12.4996 
43.4962 17.4186 
-2.31763 10.7445 
2.50366 6.96643 
-115.498 -0.496338 
-1132.5 -4.50159 
2.98389 2.26978 
5.55359 1.35217 
-224.499 -15.4918 
2.14417 -14.4095 
806.499 -31.5022 
-1116.5 -44.502 
-428.498 -51.4969 
54.494 -53.5023 
-613.5 -64.4978 
925.504 -64.5055 
-1232.5 -71.4984 
401.507 -71.4987 
-1259.5 -75.4971 
802.502 -86.5011 
-821.495 -90.4993 
272.504 -103.502 
-997.502 -106.492 
-463.499 -112.502 
1266.49 -112.503 
-267.497 -129.494 
-349.496 -142.508 
-991.498 -143.498 
372.499 -152.498 
-242.508 -153.503 
1175.5 -153.508 
225.495 -154.497 
-1100.51 -158.496 
-590.497 -163.501 
-1066.5 -164.496 
-694.496 -165.496 
-1137.49 -177.501 
1439.5 -177.504 
1552.49 -185.5 
-660.498 -192.496 
723.504 -216.503 
1300.5 -218.5 
226.498 -221.495 
-259.503 -223.507 
-372.5 -231.5 
592.497 -234.498 
518.504 -243.499 
914.503 -253.506 
-603.501 -262.5 
1255.49 -264.498 
-930.494 -279.502 
1542.5 -279.499 
-1191.5 -286.5 
-308.5 -298.5 
-818.504 -312.5 
103.496 -315.494 
1103.5 -320.493 
-813.994 -318.494 
1455.5 -350.494 
89.5057 -355.499 
418.504 -354.504 
1034.5 -356.493 
1419.49 -360.501 
-10.5034 -373.501 
-992.501 -376.504 
-291.504 -376.5 
-491.508 -381.496 
662.503 -384.5 
1255.51 -387.504 
-1229.5 -389.499 
1097.5 -403.506 
42.498 -412.5 
-811.504 -419.503 
-208.495 -438.497 
656.497 -441.504 
1058.5 -444.501 
256.501 -445.494 
-1366.49 -449.508 
-169.502 -449.501 
1232.5 -451.495 
-29.5038 -454.5 
-265.507 -474.502 
64.4933 -474.5 
392.939 -477.285 
734.503 -483.5 
392.485 -479.552 
939.496 -499.498 
348.505 -501.502 
1245.49 -502.507 
109.502 -511.501 
1142.51 -520.496 
-926.501 -522.502 
-125.495 -529.506 
-460.496 -539.497 
963.506 -540.496 
-537.501 -542.502 
-907.501 -544.502 
-734.502 -546.497 
132.507 -547.497 
-702.498 -548.502 
-1073.51 -551.505 
1509.5 -559.498 
969.497 -561.495 
-1247.49 -563.499 
-907.503 -564.494 
1420.5 -570.502 
975.273 -570.773 
-8.51367 -577.494 
934.498 -583.499 
1053.89 -618.674 
-983.498 -621.498 
1056.59 -620.325 
-731.492 -629.493 
-41.5038 -632.498 
664.499 -652.497 
1124.5 -653.499 
222.495 -664.491 
-687.504 -681.501 
-437.505 -685.509 
631.5 -687.496 
-500.496 -704.503 
-531.504 -707.501 
546.499 -713.498 
-386.503 -716.505 
-1295.49 -720.498 
724.498 -726.496 
-263.501 -727.493 
-324.505 -749.501 
-665.501 -751.498 
-112.503 -751.502 
116.499 -758.501 
996.502 -764.498 
-445.498 -765.505 
-967.496 -772.5 
-1109.5 -778.499 
866.494 -790.496 
276.498 -793.499 
723.5 -806.507 
-603.503 -817.495 
-350.501 -821.5 
-931.5 -828.508 
-1185.5 -840.504 
1293.5 -851.502 
-1361.5 -857.506 
480.495 -859.5 
1398.5 -883.499 
-3.49231 -888.5 
-308.507 -891.497 
909.502 -891.499 
732.497 -899.503 
351.503 -903.499 
771.503 -917.504 
-787.497 -921.502 
-1483.51 -929.493 
-220.496 -934.499 
1246.51 -945.499 
912.505 -946.495 
939.504 -951.506 
1273.5 -952.501 
626.493 -958.505 
31.5048 -961.491 
-1101.5 -973.494 
-252.495 -974.497 
527.5 -980.502 
1461.5 -983.502 
920.498 -990.504 
-1242.5 -1012.5 
39.4929 -1015.5 
-971.497 -1024.5 
-325.498 -1026.5 
-561.504 -1032.5 
874.491 -1032.5 
635.495 -1041.51 
705.499 -1045.49 
2.50488 -1054.5 
-1273.5 -1074.5 
-117.505 -1076.51 
-858.502 -1100.5 
-1202.5 -1120.5 
316.498 -1120.5 
-477.494 -1159.5 
-1204.5 -1163.5 
-403.503 -1168.5 
-24.4979 -1170.5 
199.506 -1175.5 
88.496 -1177.5 
-131.169 -1186.49 
-119.311 -1186.21 
-79.495 -1194.5 
-131.055 -1187.61 
827.501 -1205.11 
-280.505 -1206.5 
