-319.099 1206.15 
294.9 1182.14 
269.905 1171.15 
260.894 1144.13 
1460.9 1133.13 
-1372.09 1131.15 
1106.9 1125.14 
601.892 1104.13 
1258.9 1087.14 
1604.89 1076.15 
-164.088 1074.13 
-447.093 1068.15 
998.9 1067.14 
-1125.09 1051.15 
662.899 1006.14 
-491.102 995.15 
1550.9 987.143 
689.902 985.137 
-424.102 972.14 
-285.107 957.14 
-971.099 941.154 
-61.0982 938.14 
292.89 938.143 
66.8993 907.135 
610.893 874.139 
611.907 851.14 
-1362.11 847.134 
263.896 847.136 
53.899 842.14 
-1202.11 835.145 
-329.098 831.138 
1606.89 828.134 
22.8994 817.139 
1218.9 815.133 
-761.105 814.146 
-94.0966 804.149 
-70.0963 802.136 
-1490.1 799.135 
-833.091 790.145 
-1325.1 779.14 
18.9125 777.137 
35.9007 773.139 
-1049.1 768.143 
-1072.1 764.137 
-1073.1 740.136 
763.896 740.14 
-893.109 735.147 
-924.093 719.141 
717.901 692.142 
-294.102 686.15 
1145.91 667.138 
70.5386 656.898 
881.898 657.142 
-201.099 656.138 
-768.099 646.139 
71.8087 653.372 
1050.9 630.137 
46.905 629.133 
-183.096 618.144 
30.906 604.134 
304.903 593.14 
-26.1159 579.133 
1595.9 573.14 
467.902 570.143 
-269.105 563.141 
274.896 560.139 
-1481.1 531.15 
195.908 529.145 
-1608.1 524.14 
-1239.11 513.146 
-283.088 508.141 
470.904 506.128 
880.897 487.133 
1030.9 461.139 
-620.105 454.135 
516.896 449.136 
1154.9 449.126 
-1185.1 442.137 
-665.088 435.146 
-345.095 432.138 
599.902 392.132 
1271.91 368.14 
-160.11 361.15 
-1296.1 353.144 
-1272.1 346.142 
958.893 335.139 
830.907 326.144 
1147.89 313.14 
-1386.1 285.139 
1318.9 282.131 
380.9 266.132 
-603.104 263.139 
-563.098 262.14 
-569.113 233.138 
-381.104 231.142 
607.912 210.147 
531.891 201.148 
-1472.11 190.143 
720.904 190.138 
629.894 183.135 
652.899 178.141 
-437.098 162.148 
-321.097 161.136 
103.9 152.147 
1483.91 150.15 
846.897 147.145 
-612.101 140.132 
-130.114 106.145 
-105.106 104.141 
892.905 100.137 
-1068.1 88.14 
951.891 69.1421 
1199.9 66.1374 
12.8993 63.1382 
-1184.1 58.1329 
1219.9 43.1337 
686.909 38.1374 
1511.89 33.14 
872.904 28.1389 
724.904 26.1344 
-213.1 23.139 
449.897 7.13731 
1201.9 -9.86439 
227.896 -11.8693 
1218.89 -11.8543 
-1451.1 -36.865 
82.8956 -38.8611 
-325.099 -42.859 
-1447.72 -45.6546 
-126.092 -72.8604 
620.902 -76.8513 
-1365.1 -98.8485 
-577.097 -124.86 
-972.104 -125.86 
-1615.1 -127.872 
-21.0957 -144.862 
-1169.1 -152.859 
-217.098 -178.861 
1356.9 -184.856 
1385.9 -192.86 
-35.1013 -227.857 
-574.088 -238.859 
1320.89 -242.86 
357.893 -266.854 
998.899 -271.858 
613.896 -281.853 
770.898 -281.864 
1241.9 -298.857 
-795.102 -304.857 
-893.097 -315.854 
-948.099 -321.864 
917.891 -347.866 
594.909 -368.857 
521.901 -388.857 
1138.9 -388.859 
855.894 -390.862 
553.908 -398.859 
1134.53 -396.773 
658.899 -406.851 
185.905 -425.859 
-1269.11 -455.858 
-952.112 -461.864 
-1213.11 -467.859 
-281.092 -479.853 
612.905 -480.863 
1002.9 -496.862 
-118.103 -496.863 
384.898 -500.866 
1000.42 -503.332 
645.9 -510.864 
-548.096 -565.857 
-424.103 -565.858 
564.902 -568.851 
-1322.1 -574.863 
-62.1031 -600.863 
626.893 -600.857 
437.904 -604.857 
-756.104 -616.854 
1067.9 -626.86 
-816.099 -629.865 
1593.9 -631.86 
389.902 -645.853 
856.907 -655.863 
-843.102 -662.865 
-40.0943 -666.861 
885.901 -672.86 
-214.093 -678.859 
1214.9 -693.858 
-431.096 -710.865 
-1613.11 -713.851 
128.907 -720.859 
763.902 -732.861 
1418.89 -740.854 
-135.102 -761.856 
-577.104 -785.859 
-1394.1 -820.864 
-125.101 -827.855 
237.888 -854.853 
200.902 -879.866 
-567.102 -887.865 
745.908 -893.863 
-1423.1 -897.858 
-2.09963 -898.856 
364.896 -901.862 
-47.1007 -903.862 
853.907 -911.863 
-134.107 -913.86 
-291.099 -920.87 
-1468.1 -924.861 
-408.101 -930.864 
-0.0865723 -930.855 
256.906 -933.873 
-311.098 -948.854 
565.899 -959.867 
-812.103 -988.865 
759.898 -992.853 
-871.102 -998.864 
554.902 -1006.87 
889.897 -1033.86 
-1031.1 -1054.85 
307.9 -1055.86 
1122.91 -1057.86 
738.905 -1060.86 
-1579.37 -1090.98 
-1576.05 -1091.67 
-106.099 -1101.86 
39.8976 -1120.86 
-913.099 -1126.87 
-815.097 -1134.85 
-1392.1 -1136.87 
-703.1 -1160.86 
1301.9 -1167.86 
-454.097 -1174.86 
-1326.1 -1190.87 
