456.496 1208.5 
1151.5 1209.5 
1594.76 1206.39 
909.503 1203.5 
-692.509 1202.5 
1191.5 1200.5 
1254.51 1198.5 
1593.61 1202.82 
434.49 1190.5 
1091.5 1168.5 
636.501 1158.5 
1559.5 1154.49 
-951.499 1152.5 
514.498 1143.51 
923.501 1142.5 
1428.5 1092.5 
-1463.5 1090.5 
390.5 1086.49 
-511.504 1080.5 
-1271.5 1070.5 
910.594 1023.27 
707.497 1024.5 
1119.5 1016.5 
-1124.5 1015.51 
910.392 1022.29 
389.497 1000.5 
-304.498 995.504 
1439.46 985.489 
1618.5 986.503 
882.5 984.505 
-955.494 979.504 
-547.5 976.503 
-298.496 975.497 
1049.49 972.499 
359.505 961.5 
899.493 960.499 
1069.49 953.497 
-855.496 949.5 
-634.495 946.5 
228.498 942.5 
227.51 937.048 
1386.5 920.501 
145.499 909.506 
545.495 907.498 
1172.5 899.509 
1126.51 890.502 
906.503 887.505 
246.5 878.496 
-578.497 876.498 
859.494 874.497 
167.496 873.492 
314.5 873.495 
1148.5 870.499 
1582.5 860.502 
1351.49 842.496 
1439.86 837.253 
1434.42 831.849 
-309.504 824.496 
-436.5 819.497 
-1069.5 813.5 
1131.51 801.497 
1486.49 799.499 
1368.5 795.501 
-1478.5 789.5 
1433.49 777.506 
-25.4938 773.508 
191.505 769.505 
743.5 762.494 
-466.506 759.501 
537.496 758.497 
-402.501 754.498 
-1147.49 753.496 
1471.49 750.512 
1314.5 749.499 
684.499 744.491 
240.501 741.504 
1399.5 741.496 
1562.5 729.499 
1217.49 722.493 
1023.5 720.497 
597.503 719.506 
-175.504 715.5 
1220.32 712.47 
-1403.51 705.506 
1477.5 705.5 
-26.4928 690.504 
1500.5 688.501 
226.5 683.504 
1297.5 676.501 
1515.5 670.5 
-610.494 667.509 
1167.5 666.499 
-108.502 663.499 
1548.51 663.498 
716.506 661.496 
1563.51 658.503 
1439.5 654.496 
-636.504 653.498 
-537.507 638.506 
1201.49 637.498 
-374.232 630.411 
-970.503 623.497 
-371.701 627.221 
-226.502 618.497 
-1314.5 612.497 
904.502 609.496 
-361.506 601.495 
1372.5 593.498 
1548.5 591.497 
-619.505 586.502 
1311.5 582.501 
465.885 553.572 
-906.494 541.502 
-590.752 534.162 
-1307.5 532.502 
965.499 531.499 
739.498 530.502 
-204.495 527.493 
-1386.5 526.506 
-1231.49 526.503 
-594.085 526.609 
174.508 520.503 
1345.5 516.497 
550.497 508.498 
358.498 501.509 
1579.5 490.502 
-278.505 482.501 
1472.5 475.497 
1440.51 466.507 
753.503 464.501 
-985.505 457.492 
389.5 429.497 
-686.503 424.497 
806.503 419.502 
-1242.5 410.504 
758.492 409.503 
385.501 409.503 
866.502 398.5 
1454.5 384.496 
1291.89 368.18 
581.499 354.496 
1283 347.609 
1311.51 348.506 
1240.49 342.495 
304.503 326.491 
-1325.61 318.501 
-1325.25 317.963 
-937.502 309.495 
383.496 308.497 
935.5 300.503 
-1168.5 298.494 
1505.5 298.499 
-44.5011 295.498 
-361.497 288.505 
1110.5 284.506 
394.502 283.495 
1583.49 272.502 
-115.499 269.496 
1267.5 267.502 
1575.51 245.495 
1412.5 243.497 
1546.5 235.497 
614.329 230.195 
-303.492 229.501 
1117.5 229.511 
1598.5 229.5 
132.505 227.497 
614.381 230.101 
714.509 221.501 
-1506.5 210.502 
-927.497 210.501 
-1454.5 209.503 
-142.502 209.497 
405.494 196.5 
14.5007 195.494 
1133.51 194.492 
-1280.5 192.502 
250.492 186.5 
-275.5 174.501 
184.498 174.504 
418.502 171.493 
766.506 168.504 
1570.5 164.5 
-330.495 155.501 
-1615.5 154.499 
1391.5 147.503 
43.5013 143.499 
674.505 130.499 
-571.498 124.5 
-456.499 111.505 
1356.49 106.503 
-1300.5 92.4967 
-132.497 79.4971 
1111.51 74.5006 
565.499 71.4958 
809.501 67.5027 
756.51 67.5018 
-1116.5 62.5026 
863.5 51.5031 
536.504 48.4987 
1409.5 38.5015 
1237.5 34.4962 
-879.5 24.4985 
-1579.5 16.5018 
934.504 4.49927 
0.50647 -0.50354 
1230.5 -1.50403 
815.503 -5.4989 
685.503 -16.5043 
-327.501 -20.4999 
589.982 -26.4983 
-521.498 -32.4976 
-756.5 -38.5004 
-811.503 -42.7595 
1407.5 -50.5046 
-811.504 -43.9573 
-113.495 -56.4994 
1171.5 -58.5021 
658.501 -60.4987 
440.499 -63.4966 
1267.5 -64.4979 
118.496 -68.4965 
910.495 -75.4991 
1183.51 -90.4951 
853.496 -105.5 
-711.496 -108.495 
1185.5 -116.501 
-1230.49 -120.499 
7.49792 -124.507 
1147.51 -124.5 
1193.12 -130.389 
-581.496 -148.495 
-712.505 -150.499 
1351.5 -152.505 
1440.5 -153.504 
868.492 -161.505 
638.5 -168.509 
1113.5 -172.5 
1479.5 -172.505 
-1127.5 -180.499 
-514.499 -187.502 
-1421.5 -204.111 
1377.5 -201.503 
372.5 -209.502 
300.509 -211.501 
-1421.5 -204.5 
784.5 -213.5 
-114.499 -230.499 
-192.506 -234.501 
1447.5 -238.499 
1274.5 -244.501 
283.496 -243.493 
-1465.5 -249.491 
772.498 -257.501 
1249.5 -261.504 
1127.5 -267.51 
837.502 -271.505 
200.496 -285.498 
1261.5 -286.505 
214.152 -297.125 
949.501 -297.506 
-846.505 -298.495 
1115.5 -304.502 
1351.5 -307.507 
834.502 -307.499 
453.498 -309.5 
634.494 -314.49 
-567.507 -319.505 
1119.24 -315.429 
-776.507 -329.499 
382.499 -339.499 
1201.49 -340.508 
-1065.5 -345.505 
1478.49 -345.502 
-1580.5 -346.5 
-861.501 -346.505 
1183.51 -347.5 
151.506 -349.502 
1505.5 -360.502 
847.505 -374.496 
-1573.5 -377.505 
1437.5 -387.504 
1612.49 -391.496 
756.498 -395.498 
1082.5 -402.503 
-548.497 -424.504 
-92.5037 -433.498 
1224.5 -433.496 
-733.5 -452.555 
76.5032 -450.502 
869.498 -463.495 
1274.5 -463.496 
-666.5 -469.509 
157.499 -485.5 
999.503 -487.499 
-1273.51 -486.493 
1116.67 -488.105 
1235.5 -490.499 
1120.6 -491.595 
185.497 -504.505 
54.5015 -508.5 
-1618.5 -510.502 
-519.501 -511.497 
833.504 -519.835 
1361.5 -518.498 
-892.499 -525.501 
838.982 -523.042 
827.501 -539.504 
841.121 -544.333 
-388.501 -563.504 
795.496 -572.502 
-521.5 -582.505 
1311.5 -584.502 
-5.49329 -583.503 
1530.5 -591.502 
-442.506 -594.502 
872.497 -599.501 
1471.5 -601.499 
-443.807 -601.362 
-333.505 -608.503 
-548.498 -613.5 
-369.501 -614.499 
-144.505 -615.506 
-541.502 -634.496 
109.5 -636.501 
421.501 -639.501 
-1496.5 -645.499 
-1212.5 -648.497 
-326.496 -649.502 
1366.5 -663.962 
-920.496 -664.505 
1333.5 -665.503 
-3.49902 -669.507 
-403.504 -673.503 
187.497 -676.504 
1358.3 -681.529 
1359.57 -681.992 
1045.5 -688.495 
916.5 -689.501 
-1474.51 -701.497 
1296.5 -713.506 
-1315.5 -719.499 
1272.5 -741.503 
556.503 -746.499 
908.501 -751.499 
-486.5 -752.498 
303.501 -755.5 
547.811 -763.01 
-310.506 -776.506 
1047.5 -793.502 
1417.5 -794.501 
1524.5 -801.502 
1279.5 -808.5 
1055.49 -813.504 
1313.49 -814.505 
368.496 -823.501 
-1354.5 -825.498 
992.491 -836.495 
1120.5 -845.502 
1454.5 -847.498 
-52.4965 -851.5 
609.494 -865.502 
345.505 -868.506 
-1609.5 -877.501 
1067.5 -886.502 
1596.51 -890.496 
841.496 -911.505 
-195.494 -915.497 
375.499 -924.495 
120.496 -942.504 
1289.5 -947.501 
335.5 -958.503 
516.506 -964.503 
1208.49 -970.501 
1503.5 -976.503 
1427.5 -985.501 
929.498 -989.504 
106.501 -996.499 
-439.508 -1003.5 
884.5 -1002.5 
1102.5 -1037.5 
1314.51 -1045.5 
1339.5 -1046.5 
259.497 -1047.5 
780.505 -1056.5 
566.498 -1060.5 
830.496 -1062.5 
1207.5 -1068.5 
1153.49 -1072.5 
-1000.5 -1078.51 
1348.5 -1081.49 
-587.505 -1088.49 
92.5029 -1095.5 
901.499 -1101.5 
730.503 -1108.5 
1419.5 -1110.5 
1371.5 -1114.5 
-334.497 -1115.5 
-1358.5 -1122.5 
464.496 -1124.5 
557.508 -1134.5 
1208.5 -1151.5 
-1209.5 -1153.49 
383.499 -1156.11 
692.504 -1155.5 
-633.499 -1157.5 
383.499 -1156.5 
1475.5 -1168.49 
1047.5 -1181.5 
386.5 -1186.5 
156.5 -1187.5 
1068.5 -1188.5 
451.499 -1194.5 
584.495 -1196.51 
