-605.499 1204.5 
269.5 1191.49 
8.49866 1183.5 
-313.501 1169.5 
-611.503 1167.5 
324.5 1168.5 
-119.508 1162.51 
-301.506 1149.5 
-74.4983 1147.5 
-593.505 1147.5 
69.5022 1143.5 
-593.495 1128.49 
-467.5 1128.51 
-79.5059 1122.5 
-171.499 1105.5 
939.503 1097.5 
1444.51 1097.5 
514.495 1093.5 
1620.5 1083.51 
1225.5 1078.5 
587.496 1058.5 
1046.5 1058.5 
-1338.49 1057.5 
52.5013 1047.5 
-10.4933 1044.49 
1067.5 1038.5 
-515.498 1037.5 
164.497 1031.5 
-406.496 1025.5 
-391.503 1006.5 
400.504 1001.49 
215.487 998.503 
1487.5 990.496 
-1521.5 983.5 
-433.498 975.489 
213.503 973.501 
1231.49 961.504 
-566.507 959.507 
-1480.5 956.504 
-684.503 955.497 
-1082.5 900.988 
1502.51 901.503 
445.5 900.495 
-831.505 893.5 
467.503 892.497 
1212.5 892.501 
-1082.5 895.516 
-99.4996 891.5 
36.5059 884.5 
-528.505 874.499 
214.5 873.493 
659.49 870.502 
479.495 858.502 
959.498 856.499 
22.5092 854.498 
-108.506 851.502 
268.5 827.51 
-370.894 818.226 
-366.28 817.881 
-413.356 803.947 
406.487 793.493 
710.507 775.503 
1378.5 774.506 
-1319.5 772.501 
258.499 767.493 
-1027.5 749.496 
954.5 747.498 
917.428 731.804 
845.504 731.502 
-52.4996 709.496 
113.506 682.497 
-488.508 674.5 
-1117.49 667.501 
-1483.5 656.501 
-1070.5 647.497 
1471.5 623.488 
569.498 619.499 
-343.492 618.498 
-387.497 610.504 
1113.5 603.502 
376.491 601.504 
1332.5 600.496 
682.504 583.498 
1406.5 578.493 
-202.507 574.497 
-791.502 571.499 
-151.504 556.496 
-255.501 521.498 
-481.502 519.494 
610.499 510.491 
-1072.5 499.5 
-700.502 494.502 
616.307 493.951 
-738.498 488.503 
-340.497 482.495 
-240.504 483.501 
107.499 467.493 
398.498 427.494 
1580.49 414.506 
1387.85 392.097 
1392.87 389.679 
-1130.5 377.505 
-78.4988 364.497 
-23.4994 359.5 
1330.5 358.499 
-192.501 357.503 
-1226.51 345.497 
201.504 345.502 
-780.508 321.496 
31.4993 318.498 
-696.505 316.501 
-1612.5 311.498 
-195.497 311.493 
408.495 311.505 
-816.499 284.509 
16.4958 277.504 
-769.503 264.498 
1055.49 262.499 
-8.5061 261.497 
-145.501 243.503 
599.5 240.502 
1072.5 238.499 
-507.503 223.495 
1170.5 223.496 
322.503 220.497 
-404.499 179.499 
396.489 149.498 
1192.5 148.493 
852.5 139.504 
-1495.49 137.495 
-1169.5 135.507 
-377.497 132.496 
827.5 130.5 
-202.504 130.506 
202.507 129.502 
-1537.5 127.503 
738.503 123.501 
785.51 122.504 
444.503 117.501 
-1368.5 102.498 
-308.507 99.505 
223.5 98.5067 
617.503 75.4996 
-433.503 74.496 
273.498 70.5056 
1207.5 66.4994 
-1190.5 63.4912 
-819.497 48.5035 
588.5 39.5013 
-1539.5 39.4952 
178.503 35.5037 
-749.499 18.5027 
-1367.5 15.5045 
0.508179 -0.502075 
303.497 -5.5 
-221.496 -13.501 
121.504 -22.5049 
-73.5017 -34.5081 
-1370.5 -36.5045 
-701.498 -40.5018 
295.506 -52.4974 
-928.509 -54.5004 
-1152.5 -59.5073 
261.491 -61.4966 
-762.505 -62.5032 
-645.154 -69.7361 
-509.499 -79.5004 
-640.497 -74.4977 
-649.505 -111.5 
-85.4993 -113.507 
-766.504 -133.501 
-1219.5 -135.503 
1495.5 -139.498 
154.498 -143.496 
-985.499 -149.5 
425.493 -171.501 
-212.5 -176.506 
-501.497 -178.494 
981.497 -179.502 
65.501 -202.499 
1580.49 -208.5 
-421.5 -213.503 
-855.495 -221.5 
623.497 -223.494 
1325.5 -225.501 
-93.5021 -228.503 
-317.498 -234.491 
1593.49 -234.504 
-1009.5 -238.494 
615.51 -258.498 
364.501 -266.496 
-528.5 -268.498 
733.504 -268.501 
504.501 -279.5 
-449.505 -303.498 
35.5051 -305.503 
-1218.5 -315.502 
1508.51 -315.496 
609.499 -323.502 
566.5 -342.499 
-674.497 -345.5 
-318.493 -352.498 
-1251.5 -384.5 
-673.498 -386.497 
-1101.49 -412.501 
569.502 -419.499 
511.501 -426.502 
1198.5 -434.5 
43.5016 -442.506 
195.505 -465.496 
171.499 -468.5 
1075.51 -468.495 
634.504 -471.495 
466.502 -485.51 
255.5 -486.495 
541.502 -487.506 
-1417.5 -490.502 
1115.5 -492.492 
1480.5 -496.491 
-1326.5 -497.497 
-484.498 -500.496 
1179.51 -501.501 
192.504 -506.506 
272.502 -539.504 
-1094.5 -568.5 
-49.495 -568.499 
25.5031 -579.501 
1347.5 -578.494 
-51.291 -577.264 
448.499 -584.501 
1124.5 -584.499 
1437.5 -588.5 
937.498 -597.501 
155.504 -613.503 
308.504 -619.498 
-1522.5 -621.503 
-42.4963 -639.499 
142.499 -640.499 
1436.5 -652.492 
1173.5 -673.506 
-1548.5 -673.499 
1142.5 -674.502 
861.495 -677.504 
-1380.5 -697.498 
-1556.5 -702.5 
1257.5 -708.5 
724.498 -711.497 
402.494 -716.506 
55.5074 -729.497 
249.505 -736.498 
630.501 -736.501 
-995.497 -739.502 
-379.495 -743.501 
1199.2 -746.32 
652.504 -746.503 
1200.99 -747.419 
-58.5013 -755.504 
-760.5 -759.5 
731.496 -766.51 
448.498 -770.5 
-1107.5 -771.495 
1302.5 -771.496 
-1235.5 -786.495 
680.5 -786.493 
-82.4965 -794.505 
-478.502 -795.501 
436.501 -797.506 
-189.498 -800.505 
-329.508 -806.507 
-535.494 -814.501 
940.504 -823.503 
-926.506 -826.506 
524.502 -829.496 
-1326.49 -855.501 
-167.492 -859.503 
544.501 -862.502 
1284.5 -880.501 
264.032 -885.28 
370.502 -887.502 
271.392 -888.004 
664.498 -890.497 
-1293.5 -893.495 
271.896 -894.313 
-903.489 -908.504 
-204.501 -924.496 
744.5 -923.501 
-647.491 -925.496 
-1108.5 -935.506 
143.198 -958.008 
-648.501 -967.501 
150.01 -963.362 
-126.5 -969.513 
111.504 -974.495 
-728.503 -976.503 
-906.507 -981.499 
1505.5 -985.506 
-1198.5 -994.504 
1080.5 -995.503 
-465.498 -1004.5 
-506.501 -1017.5 
-738.502 -1019.5 
-1071.5 -1028.5 
1009.5 -1032.5 
-97.4976 -1034.5 
1184.5 -1044.49 
-681.499 -1048.51 
569.497 -1052.5 
171.499 -1054.5 
-874.501 -1076.5 
-809.496 -1076.5 
1193.5 -1082.5 
-173.501 -1083.5 
-483.494 -1088.5 
668.495 -1088.5 
-323.499 -1095.5 
-356.505 -1098.5 
-393.495 -1114.5 
41.5052 -1120.5 
765.495 -1127.5 
875.494 -1135.5 
598.493 -1137.5 
302.374 -1152.63 
610.698 -1151.52 
-518.498 -1157.5 
1469.5 -1160.51 
302.392 -1152.73 
-1496.5 -1167.5 
-1233.49 -1170.5 
580.492 -1187.49 
701.366 -1190.34 
702.048 -1192.63 
960.5 -1201.49 
891.496 -1204.5 
529.503 -1205.5 
-969.497 -1206.5 
