-1279.5 1210.49 
1526.49 1204.5 
227.496 1194.5 
-1121.5 1194.49 
204.495 1193.5 
1464.5 1185.5 
-285.494 1179.5 
-829.501 1172.5 
691.498 1168.5 
1441.5 1161.49 
-96.4996 1148.49 
1206.5 1130.5 
-1129.5 1118.49 
698.495 1110.5 
-58.5062 1098.5 
-83.5013 1094.5 
-254.498 1087.5 
691.504 1082.5 
-215.499 1080.5 
-67.5051 1055.49 
-724.497 1050.49 
-501.491 1047.49 
-901.507 1034.5 
1032.5 1023.49 
-99.4993 1001.5 
-336.493 996.503 
1448.5 984.501 
332.498 970.504 
1353.51 967.5 
-1147.5 963.5 
-611.491 962.501 
775.506 951.509 
-421.501 943.499 
656.497 940.497 
-244.497 938.499 
-1326.5 934.5 
-307.494 919.496 
-1549.51 917.504 
1057.5 917.504 
1122.5 907.5 
-1471.49 902.497 
-1382.5 889.5 
268.5 872.5 
-1611.5 873.503 
707.502 866.503 
-969.5 859.502 
-106.5 831.889 
-1509.5 828.501 
778.508 828.506 
658.5 825.5 
-106.499 831.499 
265.505 820.502 
-1370.5 804.501 
-903.489 799.496 
-154.5 779.503 
777.499 761.5 
-874.502 750.497 
-1287.5 748.502 
-575.503 746.503 
58.4888 743.499 
515.49 741.495 
-1172.5 737.498 
261.498 719.497 
746.506 704.5 
-895.501 702.497 
-1186.5 688.499 
-389.495 686.501 
981.501 683.501 
741.497 681.497 
-306.501 675.503 
-665.495 659.5 
-1003.5 640.501 
-603.5 637.502 
130.498 633.5 
-767.502 620.5 
442.501 619.496 
262.501 617.507 
-1236.5 612.499 
-358.496 605.496 
629.503 601.496 
888.492 601.505 
-875.5 588.496 
1088.5 581.493 
-771.495 576.503 
-546.498 564.497 
-548.844 556.622 
-919.496 549.499 
-170.504 544.499 
-959.982 542.626 
-971.197 537.373 
-970.471 537.577 
-639.504 524.5 
-527.506 524.497 
-1482.51 521.501 
972.5 513.499 
1596.5 505.5 
860.494 486.499 
-710.498 484.505 
-966.5 480.494 
-241.491 475.502 
930.501 471.497 
-981.496 470.493 
1073.5 470.501 
-1107.5 469.485 
-945.498 463.502 
-772.493 461.502 
-1246.5 458.491 
-1001.5 456.494 
1029.5 452.501 
-357.502 448.503 
-941.502 445.5 
1198.5 441.499 
-1326.49 439.509 
944.501 439.497 
-228.501 433.501 
-976.502 429.498 
-353.499 429.5 
373.501 421.503 
49.4993 410.505 
779.497 408.51 
210.501 405.499 
-1010.49 398.794 
-405.501 398.493 
-1010.49 396.562 
-516.5 388.5 
-1101.5 384.503 
794.499 363.49 
-234.5 358.501 
853.492 352.493 
1031.5 352.501 
-1010.5 351.498 
170.497 340.495 
-1306.5 294.504 
-271.495 281.498 
375.496 279.499 
-39.5013 261.501 
-444.502 259.505 
-1573.5 245.503 
440.496 235.494 
-1082.5 229.502 
-789.501 223.499 
-678.503 217.497 
-1611.5 210.506 
495.503 204.5 
762.505 204.505 
1178.5 204.499 
-1022.5 193.496 
-802.495 191.495 
-457.5 188.496 
-144.496 188.497 
-1117.5 184.502 
381.503 185.501 
353.508 179.503 
245.502 174.505 
-1428.5 161.496 
979.502 161.49 
303.507 160.504 
-1408.5 156.499 
149.508 141.498 
314.501 140.496 
842.499 140.505 
-601.504 138.5 
-1448.51 137.501 
540.497 125.508 
-154.501 117.5 
271.505 118.507 
-516.502 106.498 
457.502 100.499 
498.497 87.494 
-853.5 72.5033 
-393.502 62.4989 
1227.51 60.5042 
-1465.5 58.4939 
-928.505 56.5032 
-94.5078 55.4937 
270.5 45.5033 
-726.502 38.4982 
-1118.5 37.4993 
-1044.5 35.5032 
627.494 28.4987 
-629.514 22.5004 
380.496 20.4955 
-52.496 18.496 
-406.506 3.50378 
1349.5 3.48877 
-527.51 2.49805 
0.500366 -0.498169 
805.498 -8.49878 
-708.496 -10.4983 
1316.5 -18.4946 
1054.5 -26.5066 
-200.5 -34.4965 
36.4929 -52.4952 
-275.498 -83.4967 
901.495 -84.4996 
975.505 -84.4944 
-492.497 -85.494 
-1222.5 -86.4957 
1050.5 -106.499 
-1585.5 -108.497 
-529.494 -111.496 
-546.495 -120.501 
-568.506 -123.499 
59.5043 -127.506 
1596.5 -127.498 
-1399.5 -137.495 
866.499 -138.494 
-344.505 -142.494 
206.493 -146.5 
-172.497 -166.507 
976.501 -168.499 
-848.495 -178.501 
1443.5 -194.501 
-488.506 -210.499 
-1434.5 -219.502 
-626.503 -224.502 
-722.5 -248.51 
-1204.51 -250.502 
790.503 -253.505 
1529.51 -258.505 
1003.5 -263.505 
360.5 -278.503 
-623.501 -281.504 
888.497 -289.506 
-473.497 -292.496 
651.499 -303.499 
201.5 -320.495 
351.496 -342.496 
1401.5 -348.498 
1435.49 -381.497 
226.504 -386.502 
511.508 -392.496 
-1386.5 -396.495 
1069.5 -409.509 
-1126.5 -415.497 
-1394.5 -434.501 
922.492 -437.496 
348.505 -441.502 
869.502 -445.505 
-392.496 -451.503 
-1245.49 -452.507 
893.499 -458.505 
-1349.5 -460.504 
-713.497 -467.501 
-380.496 -470.496 
-207.496 -475.506 
-1001.5 -488.505 
-654.502 -489.509 
-46.5093 -489.509 
1186.5 -492.499 
674.49 -499.498 
-1065.5 -501.495 
-788.5 -500.491 
-982.507 -507.51 
776.508 -508.496 
-1465.5 -511.5 
-1006.5 -511.501 
980.498 -514.504 
-64.495 -523.504 
-89.5 -531.497 
-1341.5 -537.504 
-1086.5 -538.511 
1082.5 -542.501 
1542.5 -552.507 
-1519.5 -585.503 
1185.5 -630.501 
-127.504 -630.5 
1464.5 -633.503 
1578.5 -633.498 
934.501 -638.501 
883.498 -639.498 
931.152 -652.247 
-861.496 -662.5 
-438.499 -671.499 
-583.498 -681.503 
472.499 -684.505 
-1525.5 -687.5 
-1396.5 -691.5 
-1544.5 -694.494 
-932.505 -694.49 
-1367.5 -699.499 
-757.502 -715.496 
-1461.5 -716.493 
235.492 -723.504 
-1443.5 -725.499 
-1211.5 -728.495 
-1171.5 -747.505 
169.49 -753.505 
-1436.5 -757.505 
-695.502 -762.498 
-981.502 -765.501 
-824.496 -771.496 
-25.4974 -787.502 
467.504 -799.508 
-333.494 -803.494 
-872.499 -804.494 
889.497 -832.502 
159.501 -835.492 
-1280.5 -842.499 
-1148.5 -848.505 
-996.496 -849.507 
937.497 -849.493 
-1544.5 -850.503 
707.499 -853.498 
-735.498 -860.502 
-552.508 -882.492 
-1587.5 -886.493 
-132.503 -886.498 
-167.499 -890.504 
-65.4983 -892.5 
-319.506 -896.496 
784.502 -897.504 
319.5 -921.502 
-1408.5 -923.498 
-509.495 -924.496 
800.499 -928.498 
-1206.5 -931.505 
1242.5 -935.499 
-1498.5 -958.499 
1234.5 -978.499 
-253.495 -980.495 
1324.51 -994.504 
803.506 -1001.5 
-1541.5 -1007.5 
-291.494 -1007.5 
182.511 -1010.5 
-97.4976 -1014.5 
1057.5 -1018.51 
-860.501 -1032.49 
-94.504 -1039.49 
-351.508 -1056.5 
-754.397 -1077.72 
1270.5 -1086.5 
-753.024 -1082.39 
-1591.51 -1090.49 
-1532.5 -1107.5 
-1410.49 -1114.5 
-1606.5 -1115.5 
-492.502 -1116.51 
1117.5 -1120.51 
-139.504 -1123.5 
1084.5 -1134.51 
1104.5 -1139.5 
382.505 -1145.5 
-1239.51 -1157.51 
-1306.5 -1158.5 
718.498 -1186.51 
1563.5 -1191.5 
-72.4954 -1194.49 
