-766.499 1195.5 
-810.495 1183.5 
-206.492 1179.51 
-958.496 1176.5 
963.499 1168.5 
410.5 1165.5 
666.503 1162.5 
-82.5013 1147.5 
-357.497 1138.5 
-1600.5 1138.5 
1088.5 1129.51 
1604.5 1125.5 
-1415.5 1122.49 
-1494.5 1112.64 
-1327.5 1108.5 
-1494.85 1111.5 
-891.507 1102.5 
-470.5 1097.5 
1407.5 1094.5 
373.499 1084.5 
1130.5 1078.5 
203.499 1074.5 
-598.501 1040.5 
-199.503 1040.51 
-1131.5 1035.5 
-994.505 1029.49 
-1213.5 1010.5 
-923.501 1011.5 
-1433.49 1009.5 
-1479.5 994.503 
-1037.5 988.499 
-351.502 973.502 
-1465.5 970.507 
-1584.5 969.496 
245.5 961.503 
501.491 954.498 
39.5042 949.507 
-303.499 947.498 
-715.496 941.496 
-859.492 938.493 
-1323.5 931.503 
911.495 927.501 
-971.497 913.5 
1476.5 910.505 
1579.5 910.497 
-563.495 908.498 
-800.501 907.503 
-771.497 903.499 
-644.499 898.501 
-150.501 897.497 
763.5 888.497 
470.505 885.504 
-914.509 874.5 
-570.495 858.504 
1598.5 856.497 
-336.498 843.497 
1095.5 843.492 
1560.51 839.495 
1165.51 835.499 
95.5021 823.504 
-1349.5 819.502 
1171.51 810.502 
-328.494 797.503 
-242.508 779.5 
-141.506 772.496 
-617.498 771.499 
18.5006 768.499 
371.499 766.506 
-1166.5 760.503 
-876.5 753.505 
-1076.5 751.507 
501.498 750.499 
-1461.5 720.496 
-1056.5 699.499 
-855.499 687.501 
-1533.49 672.496 
-836.499 657.503 
-1444.5 656.495 
-701.501 638.5 
-115.502 631.506 
508.499 626.503 
-588.495 614.507 
-386.503 611.501 
-1253.51 609.503 
-818.49 609.502 
1170.5 595.504 
596.495 584.5 
374.124 585.262 
461.502 584.494 
1265.5 582.504 
363.762 575.82 
-708.496 568.493 
917.498 566.501 
-36.5034 543.499 
-852.5 542.501 
-324.498 536.499 
1383.5 533.508 
61.4943 506.493 
155.501 503.498 
407.5 502.494 
-638.498 494.504 
-944.503 465.498 
459.495 465.504 
-1227.5 463.502 
-1612.49 454.503 
596.498 454.506 
681.495 447.501 
-1196.5 441.497 
-553.499 425.496 
188.5 418.496 
566.498 406.503 
-1212.49 384.492 
-166.489 384.5 
-1109.5 381.498 
895.496 368.505 
-748.5 364.5 
-149.886 347.189 
-155.504 345.005 
-467.501 338.5 
-167.493 338.498 
128.503 322.501 
-1325.5 311.497 
-359.503 302.497 
1432.49 300.505 
610.501 291.499 
-1409.49 285.496 
613.497 263.499 
-54.4962 260.507 
-850.497 256.499 
88.5024 255.5 
102.157 248.714 
-1422.5 234.494 
-448.501 226.496 
-1331.51 222.506 
645.497 213.5 
744.501 211.505 
-1383.5 191.499 
-1082.5 187.499 
1440.5 186.495 
277.506 180.494 
-1084.49 184.181 
1116.5 172.499 
-944.498 152.511 
-1531.5 136.5 
-564.504 74.502 
-811.503 66.511 
825.507 66.5 
-155.491 58.4971 
-482.495 52.4983 
-434.505 47.5006 
425.498 45.5024 
-1424.5 34.4945 
900.492 32.5026 
-1045.5 3.50171 
0.499756 -0.497559 
-796.498 -1.49573 
53.4944 -3.49927 
-782.873 -5.37366 
-689.506 -16.4989 
-1259.5 -25.4989 
-1486.5 -49.4989 
721.491 -72.5068 
-446.507 -74.4985 
1177.5 -84.5051 
322.499 -86.4943 
-1142.51 -90.494 
-716.731 -96.0602 
-713.69 -96.2994 
-717.463 -96.4977 
-12.5004 -112.496 
73.504 -111.509 
114.499 -119.501 
196.497 -125.503 
-1076.5 -126.502 
-751.502 -127.495 
94.4952 -146.493 
-34.4962 -155.495 
817.501 -177.489 
703.504 -179.499 
-860.494 -184.503 
-968.499 -198.499 
-151.502 -200.499 
-1130.49 -221.501 
1495.5 -224.498 
-1022.51 -242.494 
593.501 -242.507 
-53.4982 -243.507 
-870.498 -252.501 
999.498 -252.498 
-1424.51 -267.505 
-514.506 -268.498 
-262.497 -279.504 
-1342.5 -280.503 
-857.501 -283.497 
592.503 -284.498 
948.501 -295.501 
-1435.49 -298.497 
-20.5067 -300.504 
-889.5 -302.5 
-1191.5 -311.5 
-1158.5 -312.499 
1348.5 -313.495 
1495.51 -316.502 
635.498 -318.496 
69.5024 -321.507 
750.499 -332.503 
1460.5 -349.504 
341.501 -354.5 
1101.5 -359.504 
-1287.5 -361.502 
-627.504 -365.491 
1382.5 -368.493 
-1518.51 -375.5 
634.503 -397.496 
200.491 -398.508 
-261.498 -402.494 
-1184.5 -406.506 
230.498 -409.5 
830.503 -414.501 
94.51 -419.494 
-896.502 -424.497 
814.496 -432.5 
-834.499 -437.504 
-142.499 -445.504 
50.4989 -447.497 
-1033.5 -456.508 
1104.5 -462.499 
-398.494 -473.494 
967.497 -476.499 
-120.495 -521.498 
-1447.5 -534.502 
-1309.5 -536.497 
-678.5 -540.507 
778.498 -542.507 
-1531.5 -548.504 
-1466.5 -555.5 
-1370.5 -555.504 
1217.5 -566.5 
427.5 -568.499 
214.498 -579.501 
216.672 -586.82 
-494.499 -610.499 
1441.5 -614.495 
-782.506 -629.504 
-1198.5 -641.49 
-440.505 -641.5 
692.497 -660.502 
-1113.5 -665.495 
-1045.5 -670.505 
191.502 -674.504 
-982.5 -684.496 
-1225.5 -685.497 
-448.499 -685.504 
-804.493 -697.502 
-312.501 -697.495 
-1375.5 -710.505 
-1192.5 -714.496 
1083.5 -715.504 
-85.5038 -715.506 
66.4943 -718.5 
-708.5 -720.503 
-181.503 -728.498 
-1557.5 -746.503 
-625.503 -757.497 
-1483.51 -807.501 
-509.499 -821.497 
-72.5078 -835.5 
-216.497 -853.504 
-864.502 -871.498 
1250.5 -887.502 
-928.507 -889.497 
49.5039 -889.503 
-364.504 -903.504 
1252.94 -909.498 
-1166.51 -927.494 
848.504 -927.507 
353.5 -930.508 
-853.497 -935.493 
-950.504 -977.496 
1015.49 -992.506 
620.502 -1000.49 
-1341.5 -1024.49 
-906.502 -1025.5 
-214.501 -1027.5 
-87.495 -1028.5 
-1147.5 -1042.5 
274.499 -1055.49 
794.505 -1065.5 
-707.501 -1073.51 
-642.502 -1076.5 
1209.5 -1090.49 
1200.51 -1107.66 
870.503 -1110.5 
-1049.5 -1114.49 
-331.501 -1114.5 
-444.493 -1115.5 
1199.92 -1108.92 
-1332.49 -1131.5 
-1185.5 -1141.5 
-904.5 -1145.5 
-1018.5 -1153.5 
-646.497 -1155.51 
532.501 -1171.5 
1593.5 -1172.49 
344.501 -1181.5 
-532.494 -1200.5 
879.5 -1205.5 
-219.502 -1205.5 
