632.505 1206.5 
705.5 1206.51 
1339.51 1207.5 
685.5 1188.5 
264.495 1184.5 
827.507 1181.49 
-1068.5 1180.5 
-690.497 1179.5 
-1490.5 1176.5 
-33.499 1174.5 
769.49 1172.51 
310.503 1171.5 
24.5017 1159.49 
268.497 1152.51 
0.498901 1151.5 
-206.498 1150.51 
543.507 1143.5 
-1035.51 1142.5 
-40.5056 1141.51 
345.5 1139.51 
-1347.5 1133.5 
-734.502 1133.5 
369.505 1123.49 
-648.5 1122.49 
212.5 1122.5 
436.506 1116.51 
-1149.5 1111.51 
-1179.5 1110.5 
-685.496 1091.49 
-247.492 1091.49 
-977.503 1081.5 
-1052.5 1080.49 
-1077.5 1079.5 
-570.495 1077.5 
-504.504 1069.5 
-45.5026 1067.5 
-278.491 1062.5 
1481.5 1050.5 
-1155.5 1049.5 
906.491 1048.5 
-477.5 1046.5 
263.5 1045.5 
305.5 1043.5 
-894.15 1030.05 
-1013.93 1029.97 
-111.497 1028.5 
-1069.5 1027.49 
-1337.51 1025.49 
-991.502 1021.5 
-895.544 1027.88 
-1159.51 1017.5 
-904.54 1021.28 
580.499 1015.5 
-1034.5 1013.95 
735.508 1014.49 
871.508 1009.5 
979.496 1006.51 
-1034.5 1013.07 
-162.503 1001.5 
-1005.5 999.502 
-220.502 999.5 
-930.497 988.5 
-271.507 988.503 
-1031.5 987.502 
1043.49 986.494 
-314.5 979.499 
-649.499 975.496 
894.499 973.506 
1327.5 971.5 
-36.5027 964.501 
1101.5 957.498 
-1093.5 956.501 
-279.499 949.507 
287.501 948.501 
629.503 942.504 
-1076.94 919.651 
-201.499 920.499 
-217.51 917.498 
-1089.5 913.503 
-515.5 902.499 
1281.5 902.498 
-1050.5 895.502 
286.507 882.502 
-710.504 878.505 
-1508.51 869.497 
151.494 859.497 
51.4941 857.499 
1378.5 852.498 
21.5029 851.506 
251.501 850.497 
-1107.5 842.5 
-1382.51 835.501 
61.496 835.504 
155.501 835.496 
-1043.5 833.507 
-994.499 831.497 
44.4967 830.502 
449.498 818.498 
-500.503 809.504 
-25.5 800.502 
1456.49 789.502 
-148.502 785.501 
-1244.49 773.503 
-855.497 764.501 
870.494 759.502 
-548.504 744.504 
-491.499 742.5 
-262.5 741.499 
-1123.49 736.5 
1097.51 735.503 
1165.5 735.503 
-357.495 729.505 
215.496 728.499 
-1037.5 725.501 
706.501 714.501 
275.501 709.498 
-1087.5 709.498 
-1619.5 705.496 
367.499 703.497 
-972.495 699.507 
1565.5 686.505 
-1094.5 684.503 
214.502 681.509 
-1076.5 676.502 
151.5 675.504 
1158.5 669.496 
-997.974 661.92 
393.503 660.506 
1053.5 656.497 
-997.965 661.816 
-785.502 650.503 
862.495 648.506 
-1562.5 641.506 
-168.493 638.499 
-1261.34 631.812 
-979.501 633.5 
69.5022 628.505 
-965.914 625.807 
-1261.4 631.711 
-850.493 622.504 
695.508 619.499 
-594.49 618.502 
231.496 614.492 
-18.5051 613.502 
-475.5 612.505 
1082.5 599.505 
-1361.51 588.496 
-1460.49 583.495 
-235.501 580.5 
811.504 572.508 
-583.494 563.496 
931.501 559.5 
590.498 551.502 
-1347.5 551.506 
-119.503 546.499 
79.4962 543.498 
717.5 524.5 
-1236.5 520.491 
949.503 516.502 
-1459.49 515.503 
-145.502 495.499 
1261.5 495.503 
1053.5 489.497 
-1435.97 482.396 
-1476.5 480.5 
-990.509 480.509 
-1457.5 475.503 
-1435.86 481.95 
1325.5 471.505 
-1492.51 467.499 
27.5015 462.499 
-1490.83 462.911 
-1475.73 455.563 
-1482.14 454.406 
-1474.66 452.638 
2.50562 445.504 
-1474.38 429.957 
-436.499 426.503 
887.506 422.504 
474.501 418.497 
-622.493 415.497 
-1121.49 411.5 
-257.498 409.502 
-1392.5 405.504 
519.499 401.504 
1297.5 400.506 
-995.5 388.497 
-119.497 384.502 
502.497 368.5 
1522.5 368.499 
1177.5 365.502 
-743.497 363.5 
256.509 363.501 
927.501 361.501 
-308.496 360.503 
571.499 360.502 
1030.5 355.499 
1040.96 346.131 
-1155.5 344.503 
-814.503 335.494 
-244.505 332.501 
1087.12 327.325 
-125.499 322.504 
1398.5 320.499 
1083.17 322.932 
771.493 313.5 
389.502 305.5 
105.496 295.496 
-267.507 286.508 
1273.5 281.499 
-103.505 281.496 
-1130.5 274.494 
42.4961 265.5 
846.5 254.496 
1234.5 243.506 
-182.506 239.503 
-634.498 237.497 
1506.5 233.502 
215.507 211.497 
419.499 206.501 
-356.501 205.5 
914.495 205.495 
-882.499 196.5 
-624.498 181.502 
595.507 177.502 
-325.494 175.504 
-540.495 164.499 
1105.5 162.497 
-314.869 157.038 
-308.271 151.898 
-1235.5 139.5 
1025.5 137.499 
-232.573 130.632 
-340.506 128.5 
-230.386 129.938 
-168.501 119.503 
1086.5 117.502 
661.499 114.499 
616.501 107.499 
1590.5 100.498 
-1236.5 93.499 
-869.503 69.3024 
-869.502 65.9398 
748.497 59.4993 
-1020.5 56.5022 
-1344.5 41.5026 
-907.498 31.4965 
-1268.5 18.4945 
82.495 2.50061 
1206.5 3.5094 
1250.5 1.49255 
0.495239 -0.50769 
1143.5 -9.50293 
-559.502 -11.5016 
-248.495 -11.4872 
1095.49 -27.4918 
-1220.49 -36.5078 
1081.5 -48.5056 
-1335.5 -49.5016 
-580.495 -52.4939 
-1157.49 -57.4983 
-487.495 -59.4996 
144.5 -60.5023 
-350.498 -72.4984 
424.501 -83.5051 
-1119.5 -85.4982 
4.50098 -87.5054 
884.498 -86.5023 
-17.5033 -89.5031 
-1504.5 -95.5004 
-1557.5 -97.5073 
-652.501 -104.505 
-468.498 -129.503 
438.497 -131.498 
-290.501 -144.506 
436.506 -155.499 
-1612.51 -157.499 
-1418.5 -160.501 
-1265.5 -165.499 
-985.499 -167.5 
-253.501 -185.501 
751.499 -185.5 
-276.497 -190.496 
1128.5 -194.509 
-437.497 -207.496 
-400.501 -210.504 
1048.5 -214.496 
-260.496 -223.49 
-1282.5 -233.498 
-673.499 -257.503 
532.504 -263.5 
-890.5 -268.501 
-288.499 -273.5 
120.504 -273.499 
794.494 -275.493 
424.499 -279.497 
855.503 -280.502 
-515.498 -292.503 
-1065.5 -294.496 
-425.498 -339.5 
-783.502 -341.505 
482.5 -342.493 
-598.499 -346.496 
-486.505 -360.497 
70.504 -366.503 
555.503 -372.498 
-1318.51 -376.505 
443.503 -382.497 
72.4945 -413.501 
-1504.5 -415.501 
-288.502 -429.108 
565.502 -434.494 
-288.502 -429.498 
-1149.5 -463.496 
-1570.5 -463.5 
319.502 -471.509 
-334.504 -482.495 
545.5 -489.501 
771.504 -493.51 
-122.5 -501.504 
77.495 -510.503 
544.502 -511.5 
-1086.49 -516.501 
-754.501 -544.5 
-1571.5 -546.502 
-1060.5 -562.505 
699.501 -578.499 
893.501 -583.503 
-567.501 -590.501 
264.507 -593.504 
-483.497 -594.501 
-1492.5 -596.495 
450.5 -597.501 
-1372.5 -598.503 
-43.4973 -603.501 
88.4982 -609.493 
-1086.5 -612.508 
1392.5 -618.501 
-850.503 -638.5 
-1394.51 -649.503 
-787.503 -655.5 
798.495 -658.496 
-536.498 -669.497 
-1206.5 -684.504 
-959.506 -685.497 
904.502 -693.496 
695.501 -694.503 
766.496 -703.496 
1032.5 -713.5 
866.499 -715.499 
-341.502 -716.503 
-731.501 -725.499 
-1076.5 -727.503 
-1458.5 -732.503 
-966.5 -732.506 
786.5 -735.501 
-734.492 -737.132 
-712.498 -767.503 
-1126.5 -773.499 
-830.5 -775.503 
630.5 -780.509 
-1169.93 -782.693 
-1182.72 -789.605 
-413.497 -794.506 
-1182.61 -790.158 
221.497 -800.508 
891.499 -817.5 
-907.492 -824.505 
654.506 -825.497 
56.5029 -830.5 
-534.497 -832.502 
715.502 -832.499 
-398.501 -838.498 
-108.505 -838.491 
1510.5 -843.499 
-1184.5 -851.501 
-530.509 -852.504 
-976.498 -854.504 
-1201.51 -863.499 
-1163.5 -868.497 
-1338.5 -876.493 
-1224.51 -880.497 
-1160.5 -887.493 
-585.504 -891.495 
-1494.5 -900.501 
21.5012 -903.502 
-1200.5 -907.498 
-704.5 -912.499 
-404.496 -919.504 
-1586.5 -929.507 
-1240.83 -944.634 
241.5 -952.503 
-1241.48 -947.915 
1074.5 -963.501 
-1344.5 -969.502 
315.503 -995.504 
-1246.5 -999.497 
653.494 -1000.5 
-441.495 -1010.51 
-192.508 -1010.49 
376.5 -1025.5 
883.499 -1028.5 
-629.496 -1050.51 
260.501 -1057.5 
748.5 -1064.5 
232.502 -1066.5 
118.499 -1082.51 
-1589.5 -1093.5 
181.498 -1092.5 
-301.505 -1103.5 
436.505 -1110.51 
195.495 -1114.51 
1162.5 -1118.5 
-888.499 -1122.5 
-1012.5 -1126.5 
18.4957 -1129.5 
-644.494 -1134.5 
151.498 -1144.5 
353.504 -1147.5 
-1344.49 -1148.5 
398.501 -1158.49 
-1030.5 -1165.5 
1304.5 -1172.5 
-1279.5 -1185.5 
-309.502 -1188.5 
1278.5 -1201.5 
-1390.5 -1206.5 
-806.502 -1209.5 
