-421.499 1210.5 
-328.503 1208.5 
704.497 1199.5 
1534.5 1200.5 
-1019.5 1194.5 
-628.501 1193.5 
-156.498 1193.5 
-1120.5 1187.5 
1140.5 1182.49 
-203.502 1181.51 
333.501 1177.5 
225.5 1158.49 
-564.503 1155.5 
-799.502 1151.5 
525.502 1150.5 
1133.5 1139.5 
1103.5 1131.5 
-467.505 1124.49 
535.655 1115.78 
-803.492 1115.5 
359.498 1113.5 
535.13 1114.67 
535.553 1114.62 
-563.498 1097.5 
1572.49 1089.5 
198.507 1087.5 
535.434 1082.9 
-188.505 1078.5 
1503.5 1068.5 
1586.5 1067.51 
1058.49 1052.5 
318.499 1050.49 
547.501 1047.51 
513.502 1045.5 
-800.503 1039.5 
-950.502 1038.5 
-400.496 1038.5 
-507.504 1030.5 
13.5032 1028.5 
448.497 1014.49 
996.494 1011.51 
-218.502 1003.5 
-480.506 999.502 
-375.5 997.503 
731.5 993.5 
1271.5 992.506 
-352.501 987.501 
-1401.49 985.494 
-868.497 980.497 
1372.5 976.498 
1162.5 968.501 
1354.5 963.498 
-991.5 956.501 
-231.5 945.506 
1083.5 939.494 
474.498 938.5 
-321.497 933.494 
-1327.49 926.503 
945.503 921.502 
978.497 919.496 
-1162.5 916.498 
-705.504 912.493 
-1012.5 911.501 
251.492 903.508 
653.496 902.502 
1214.5 902.493 
-468.505 901.497 
-761.5 897.5 
860.506 896.497 
-187.492 893.503 
929.491 888.503 
-318.495 881.499 
533.923 876.013 
-1392.5 875.501 
-648.501 875.496 
-561.503 875.503 
1227.15 864.278 
52.5004 862.499 
-1502.5 859.498 
1214.83 855.812 
20.4979 851.5 
1244.5 845.498 
1219.5 834.505 
64.5022 824.501 
260.498 818.505 
-1457.51 812.504 
-782.496 811.51 
-150.492 802.501 
298.498 801.501 
-1379.5 786.501 
-997.501 785.495 
-344.501 785.498 
632.491 780.504 
-303.504 777.507 
87.4517 769.52 
833.506 768.503 
-359.495 756.503 
-759.503 755.502 
-747.561 754.691 
-5.50745 737.488 
-1374.5 723.497 
386.501 711.5 
1487.5 701.495 
687.5 694.501 
804.5 686.504 
1029.5 683.503 
532.504 679.497 
336.495 678.502 
1210.5 679.495 
1434.5 668.497 
-638.497 666.495 
-152.505 664.499 
-112.503 662.495 
-1596.5 650.499 
-182.495 650.499 
829.504 644.494 
-652.499 639.505 
610.502 637.496 
-10.506 625.504 
785.496 624.499 
1434.5 620.506 
1614.5 618.492 
448.499 610.501 
-70.4941 608.504 
121.502 606.499 
-566.505 594.49 
666.493 589.493 
1489.5 571.506 
1360.5 555.5 
-447.498 524.498 
968.444 522.388 
-1129.5 517.497 
752.501 513.501 
968.728 521.827 
1343.5 512.502 
-535.505 503.504 
617.496 502.499 
-971.496 496.498 
224.493 481.507 
1229.5 472.5 
-1305.49 455.494 
-417.496 454.492 
-1544.5 438.504 
933.505 428.502 
280.504 425.501 
-199.499 422.501 
-1044.5 419.5 
-1174.5 418.5 
-1261.5 405.505 
138.501 404.495 
-9.49988 392.499 
500.5 385.497 
-726.505 379.505 
-595.501 368.495 
215.5 368.497 
403.498 361.5 
152.499 356.501 
-634.495 352.498 
1047.5 352.497 
-218.495 343.501 
-244.505 340.493 
1480.14 338.703 
-1381.5 337.503 
-1360.5 335.492 
850.5 335.498 
153.497 333.502 
1468.81 332.711 
-1109.5 330.499 
1600.51 329.509 
-760.502 317.492 
-34.5078 301.505 
1432.5 298.501 
-765.498 290.502 
-511.497 274.499 
339.5 270.5 
939.498 268.501 
-772.497 268.496 
-1045.5 266.503 
-472.507 264.5 
-789.499 261.502 
110.498 255.5 
-216.502 254.509 
-23.4979 250.499 
1473.5 249.493 
11.5 243.5 
-824.496 243.504 
683.494 235.089 
998.499 235.501 
1062.5 235.498 
-584.502 230.503 
60.5022 231.497 
-72.4984 226.506 
252.503 225.496 
683.512 234.989 
897.497 225.498 
-697.499 210.507 
351.491 207.505 
-43.0454 204.906 
-35.7434 202.747 
-757.494 197.5 
9.49597 182.509 
-41.5023 167.495 
248.501 156.498 
-800.496 148.494 
1235.5 145.506 
-40.5057 141.499 
655.502 138.5 
-189.51 135.503 
120.504 129.509 
304.504 125.502 
91.5011 124.503 
-216.501 104.493 
998.504 95.4989 
-456.503 80.5022 
29.4993 77.4988 
954.502 72.4973 
-676.495 48.4918 
382.502 34.4961 
-214.497 3.50696 
629.5 2.4978 
0.510498 -0.503296 
-1578.5 -1.50354 
107.235 -5.73706 
-1618.5 -10.4989 
103.04 -11.9468 
-1172.51 -30.5043 
498.501 -31.4927 
295.505 -38.5045 
-47.501 -39.4958 
-510.962 -41.8489 
-502.787 -46.9678 
-1219.49 -51.4979 
87.5027 -55.4983 
-279.5 -58.501 
-174.491 -61.5061 
160.5 -70.5062 
-28.5018 -76.5011 
-209.499 -78.4979 
964.503 -95.4993 
332.5 -112.504 
1472.5 -132.497 
502.506 -137.503 
-1298.5 -141.501 
1213.27 -181.97 
1213.9 -185.8 
-280.504 -193.501 
823.493 -193.504 
-334.49 -198.499 
384.501 -198.497 
-42.5005 -202.501 
-307.504 -204.504 
-781.223 -207.017 
-589.498 -208.502 
858.499 -209.504 
32.4915 -211.497 
-154.505 -252.498 
-254.497 -292.497 
374.502 -298.499 
-809.503 -299.498 
-1210.51 -306.501 
1290.5 -314.499 
7.50269 -319.496 
1011.5 -342.502 
118.498 -392.496 
-395.501 -407.502 
1212.5 -409.495 
-757.499 -415.501 
1262.51 -422.496 
192.5 -435.497 
-730.507 -441.493 
-704.503 -456.507 
1582.5 -457.502 
81.4996 -459.503 
-1324.5 -463.502 
882.499 -471.501 
628.499 -472.504 
474.496 -489.495 
-396.499 -507.493 
-1424.49 -509.506 
-277.506 -522.502 
173.503 -522.499 
-486.498 -552.502 
-275.508 -566.504 
1283.5 -573.501 
-690.499 -590.507 
176.507 -597.506 
366.501 -602.504 
40.5044 -605.498 
218.493 -605.498 
367.499 -641.509 
-1128.5 -658.497 
498.499 -692.5 
-1318.5 -700.501 
710.501 -706.506 
1242.5 -707.503 
-939.5 -732.503 
-445.507 -734.501 
1150.51 -747.495 
-732.504 -773.505 
1616.5 -786.496 
258.502 -791.501 
805.496 -805.503 
-758.503 -807.502 
-103.504 -839.503 
211.506 -843.497 
155.501 -856.503 
-95.4955 -859.509 
-1337.51 -859.501 
-75.4984 -877.497 
-711.501 -893.494 
491.492 -913.493 
-1300.5 -914.498 
-851.505 -916.51 
-1172.5 -917.509 
-140.501 -945.495 
1240.51 -973.504 
922.509 -976.501 
-307.509 -978.498 
886.505 -987.498 
-1404.5 -997.503 
1044.51 -1011.5 
-496.507 -1018.5 
-774.504 -1035.51 
-717.502 -1036.5 
1229.5 -1055.5 
-532.499 -1064.5 
401.506 -1076.5 
893.497 -1077.51 
-465.5 -1083.5 
-946.495 -1086.5 
-1173.5 -1095.5 
625.504 -1095.51 
318.502 -1096.51 
575.497 -1104.5 
705.5 -1106.51 
1056.5 -1107.5 
-491.505 -1142.5 
-369.496 -1145.5 
436.502 -1150.5 
-943.501 -1155.5 
652.503 -1155.51 
-712.506 -1163.5 
-89.5044 -1163.51 
1059.5 -1164.5 
-170.5 -1181.49 
-1460.5 -1196.5 
1290.5 -1200.5 
1554.5 -1204.49 
