250.496 1191.5 
-1155.5 1187.5 
318.501 1177.5 
927.499 1171.5 
-132.497 1167.5 
1291.5 1159.5 
-925.51 1153.5 
279.497 1153.5 
813.496 1138.5 
460.499 1085.5 
-88.4945 1080.5 
817.497 1047.5 
695.496 1029.5 
1120.5 1028.51 
693.243 1018.82 
1339.5 1012.5 
-1196.5 1005.51 
34.5027 1002.51 
739.498 997.506 
-1036.5 975.506 
-435.501 974.497 
-164.507 972.498 
1075.5 966.496 
621.501 950.503 
-1091.5 943.498 
1405.5 905.502 
-1591.5 896.504 
-115.496 873.504 
161.495 871.506 
-1533.51 856.507 
-252.504 853.498 
956.499 839.498 
331.504 832.488 
-1513.5 830.494 
62.4993 812.491 
-54.4984 795.502 
-1331.5 788.498 
1100.5 784.5 
-89.4999 749.499 
-956.5 728.497 
-38.4944 725.498 
-804.494 724.5 
1067.5 718.501 
1214.5 718.498 
800.499 716.505 
1294.51 700.505 
-1417.5 699.498 
-1223.5 699.507 
958.496 699.507 
-626.492 698.502 
-1311.5 679.493 
-1168.5 650.504 
1351.5 642.494 
-728.508 639.505 
357.5 631.502 
-1314.51 616.499 
-956.498 610.493 
-828.5 603.5 
-743.497 599.5 
-1143.5 587.501 
-10.5012 571.505 
-1128.5 568.495 
169.499 560.499 
1590.5 548.498 
-824.496 547.503 
182.496 541.499 
-789.496 534.499 
-665.496 533.5 
-465.505 528.499 
-883.491 511.506 
-226.499 506.497 
-229.496 471.504 
-334.503 466.501 
-1354.5 452.503 
41.4938 452.5 
995.497 451.511 
-44.4915 440.506 
-1144.5 432.498 
293.504 427.501 
383.496 420.505 
-782.506 415.503 
1278.5 409.505 
-877.496 402.508 
-831.502 382.496 
-555.498 371.486 
628.499 366.506 
35.5017 321.5 
73.4896 321.505 
1124.51 317.507 
-1306.51 309.504 
-372.503 299.501 
321.49 287.496 
710.501 287.5 
232.501 286.498 
532.501 276.491 
-626.497 264.504 
298.493 261.497 
-727.504 252.491 
-317.501 246.501 
-1546.49 244.504 
544.496 216.504 
-377.508 209.498 
655.496 202.497 
246.499 191.501 
596.498 192.505 
727.501 183.501 
1497.49 182.502 
-1450.51 169.5 
-421.493 159.507 
-316.503 156.495 
982.501 145.494 
-536.498 141.503 
893.503 131.501 
-233.494 115.502 
1139.5 115.504 
-1186.5 115.5 
-403.501 100.501 
20.5029 98.5006 
603.5 78.5024 
-1579.5 76.4973 
-96.4972 70.4976 
1033.49 63.5004 
-912.509 57.4949 
1423.5 53.4949 
-977.496 37.4957 
-816.5 37.4979 
-679.504 37.5027 
1314.5 23.5026 
-280.5 21.5 
-1063.49 17.5061 
111.498 15.5011 
0.493652 -0.501465 
1058.5 -14.5055 
-814.502 -19.4952 
-1302.5 -25.5103 
-364.499 -26.4993 
-853.507 -41.4908 
-978.503 -43.5022 
-157.5 -47.4963 
-72.4958 -53.5066 
623.501 -59.5 
-994.499 -69.5059 
-158.507 -80.4979 
-180.496 -89.4954 
405.501 -102.506 
-1276.5 -104.494 
791.497 -112.498 
1158.5 -117.504 
-1015.5 -121.505 
332.502 -123.502 
-990.493 -126.502 
1279.5 -126.499 
755.512 -131.5 
355.502 -152.503 
1223.5 -153.494 
-1441.49 -154.5 
-842.508 -155.5 
-1071.49 -158.496 
-411.495 -158.495 
-12.5083 -159.503 
-7.19189 -167.337 
1158.5 -174.512 
-1004.5 -176.5 
437.504 -188.505 
-188.502 -194.505 
-38.4994 -196.498 
659.499 -220.501 
-943.503 -227.497 
1521.5 -231.504 
1187.5 -238.501 
-1116.5 -260.504 
-253.499 -264.495 
1422.5 -281.499 
130.504 -282.502 
298.494 -294.502 
95.5033 -306.494 
1178.5 -308.505 
389.5 -310.507 
-431.497 -321.5 
395.5 -330.504 
1441.5 -334.499 
-1378.49 -338.498 
386.87 -338.716 
-616.501 -367.498 
682.503 -375.502 
1204.5 -397.497 
-829.503 -407.493 
-571.498 -416.497 
85.5011 -420.492 
114.501 -426.5 
1073.5 -443.496 
567.496 -451.504 
14.4956 -451.501 
585.506 -462.498 
164.5 -466.495 
1095.5 -472.495 
-496.499 -480.497 
-1399.51 -484.501 
-1108.5 -486.499 
-1034.5 -490.505 
-1167.5 -519.502 
-952.498 -520.499 
-689.498 -525.501 
-1234.5 -532.504 
-236.499 -532.496 
-1600.51 -536.499 
-1341.5 -543.499 
-619.498 -547.501 
1120.51 -568.5 
1017.51 -594.504 
933.505 -603.494 
-156.499 -605.498 
695.502 -605.503 
1402.5 -609.5 
779.507 -618.498 
243.499 -634.494 
769.506 -650.505 
984.503 -650.499 
767.7 -655.116 
-1240.51 -691.509 
-350.501 -749.5 
-1097.5 -755.503 
1407.5 -780.499 
533.507 -795.503 
-1257.5 -796.507 
-152.495 -797.5 
1205.49 -805.5 
-1497.5 -809.492 
-368.499 -823.493 
442.5 -829.498 
-723.504 -849.497 
1241.5 -858.501 
-1452.5 -863.503 
433.505 -870.492 
43.5039 -875.502 
-312.506 -881.499 
-708.503 -888.498 
-1259.51 -903.509 
-719.493 -916.498 
1298.5 -927.5 
879.502 -930.496 
121.499 -962.499 
-167.499 -965.502 
-1560.49 -986.499 
-853.499 -990.504 
-1442.5 -1012.5 
-664.503 -1013.5 
-467.503 -1016.49 
91.4996 -1047.5 
1043.5 -1052.5 
-1450.5 -1067.5 
517.503 -1071.5 
1438.5 -1077.51 
-1456.5 -1092.51 
-1318.5 -1094.5 
-410.497 -1116.5 
-1474.5 -1117.5 
-1228.5 -1133.5 
268.026 -1135.5 
-1016.5 -1155.5 
-989.502 -1155.49 
618.503 -1163.5 
-459.501 -1175.49 
-67.4973 -1193.5 
733.501 -1199.5 
-478.5 -1210.49 
