91.5032 1211.5 
1428.11 1209.5 
1428.5 1209.5 
-751.502 1186.51 
1220.5 1185.49 
891.509 1179.49 
1293.49 1175.5 
125.496 1159.5 
999.501 1154.5 
-489.502 1150.5 
600.505 1141.49 
894.499 1136.5 
-1618.51 1117.5 
-959.505 1117.5 
1182.5 1092.5 
1545.49 1078.5 
1079.5 1073.5 
1452.5 1064.51 
-808.503 1030.49 
628.504 1026.5 
-1379.5 1021.5 
652.496 1003.5 
1169.49 986.491 
336.506 984.503 
-355.499 983.499 
1540.5 978.496 
-723.503 972.499 
1057.5 956.494 
51.4891 930.503 
520.499 929.496 
-1334.5 920.505 
1043.49 915.5 
-972.504 914.496 
1146.5 912.503 
318.496 907.502 
-421.501 900.494 
-512.504 900.491 
350.977 897.973 
740.5 891.5 
-1067.5 883.494 
160.503 873.497 
1344.5 868.506 
454.499 856.506 
-186.501 843.496 
-187.494 823.494 
-481.507 819.497 
-1278.5 805.503 
574.499 803.497 
954.5 802.495 
548.496 794.491 
1118.49 780.503 
1491.5 772.501 
1311.5 750.505 
-1378.5 747.506 
1024.5 736.504 
-1298.51 728.499 
608.5 728.504 
-363.505 723.5 
481.5 714.495 
-937.498 707.499 
723.495 705.494 
-1224.5 698.502 
-242.494 688.494 
1545.5 682.503 
-409.496 677.495 
979.498 663.499 
1326.89 661.565 
-350.498 652.501 
1326.43 659.206 
457.503 637.499 
-576.495 636.501 
292.654 632.349 
-605.497 631.493 
207.495 628.5 
291.025 629.049 
1617.5 619.502 
419.509 611.505 
-901.497 610.496 
977.499 606.494 
1196.5 598.499 
-1274.5 592.497 
218.5 589.504 
-515.502 587.496 
1133.51 579.496 
1229.5 578.501 
292.507 570.498 
-609.498 564.496 
752.503 564.5 
1284.5 558.498 
-1006.5 556.496 
9.50562 555.507 
-148.5 548.492 
354.5 545.509 
-1390.02 532.122 
-362.353 530.286 
-1389.1 530.129 
-360.122 525.734 
-600.847 504.045 
574.502 506.507 
934.542 502.296 
-358.504 499.506 
-605.982 498.179 
211.509 486.502 
-1607.5 484.501 
1587.5 483.496 
-100.5 479.503 
-15.4993 479.496 
899.499 476.495 
-225.498 473.501 
1585.88 472.396 
-1555.51 466.506 
-1240.51 462.507 
1583.93 465.473 
909.499 449.497 
248.497 446.497 
1120.5 435.5 
-725.5 432.494 
1542.5 430.495 
1047.5 416.495 
1412.5 413.497 
-1008.5 401.495 
219.5 397.511 
-1387.5 395.508 
1059.5 393.505 
850.494 383.504 
896.503 382.499 
-231.493 382.5 
527.5 373.504 
-315.507 362.499 
571.5 320.504 
1095.5 320.502 
657.501 317.495 
1396.51 314.501 
716.499 315.5 
1138.5 315.496 
-1441.49 306.497 
-1030.5 304.505 
1110.51 295.503 
1334.5 271.495 
1554.5 264.501 
124.497 261.498 
1077.49 237.496 
665.504 231.5 
-1267.5 219.495 
1284.5 211.5 
405.425 206.109 
-454.503 204.5 
959.501 195.503 
290.496 189.505 
1360.1 179.667 
1352.75 175.688 
1287.49 163.501 
1493.51 161.503 
1135.5 141.504 
471.494 138.501 
1228.5 137.495 
1393.5 133.509 
-415.495 131.502 
823.491 129.504 
1135.49 131.481 
1341.51 128.491 
-148.503 116.502 
-223.492 113.502 
300.514 113.502 
-708.497 112.495 
-1045.5 109.499 
1302.5 105.503 
1075.5 104.5 
651.508 103.5 
290.495 95.5048 
1368.5 93.5017 
-1444.5 76.5059 
1195.5 76.5 
-406.502 71.506 
-465.498 69.4976 
1099.5 67.5022 
-601.506 65.4973 
-267.493 64.4979 
1363.5 50.4957 
1444.51 47.5012 
190.501 41.5079 
646.502 39.5015 
858.493 39.5024 
1380.5 28.5012 
-1000.26 24.2344 
1316.5 15.4979 
-1000.49 23.0392 
-944.498 11.4912 
1388.5 7.50037 
-121.499 4.50769 
259.505 1.5083 
0.498657 -0.501343 
1417.1 -8.88782 
-1362.5 -13.5017 
457.504 -13.4994 
636.499 -14.4982 
1184.5 -13.4901 
1425.43 -14.1339 
683.497 -18.4944 
1241.5 -21.501 
263.5 -25.5024 
-710.499 -53.5004 
-109.497 -54.4968 
732.491 -55.506 
-297.496 -62.5015 
34.5051 -66.4966 
-922.497 -69.4991 
1399.49 -74.4928 
1506.55 -75.5262 
99.5094 -75.5027 
1199.5 -84.4976 
-516.501 -100.501 
-937.501 -110.497 
248.506 -111.497 
253.5 -138.498 
453.611 -139.796 
-806.502 -148.498 
453.896 -140.378 
1271.51 -158.5 
1302.5 -158.5 
770.501 -167.501 
1402.5 -175.497 
544.493 -177.498 
-193.508 -179.499 
1443.5 -186.493 
-1357.49 -195.508 
-320.508 -199.501 
1110.6 -205.098 
-753.503 -206.497 
1114.77 -207.155 
-1120.5 -215.502 
1060.5 -215.498 
1100.05 -223.798 
1125.5 -230.503 
1462.51 -232.498 
926.499 -233.504 
1264.51 -237.503 
579.498 -243.5 
482.5 -252.5 
-1151.5 -258.5 
-1060.5 -267.5 
-1618.5 -272.491 
364.497 -276.494 
-101.499 -280.502 
918.503 -286.503 
330.5 -289.497 
1065.5 -293.498 
-224.495 -300.499 
-848.501 -320.5 
924.5 -323.501 
1414.5 -327.497 
1288.5 -332.494 
541.5 -335.496 
-452.494 -349.496 
591.501 -351.498 
1191.5 -357.506 
-375.508 -368.504 
208.492 -369.5 
358.981 -377.5 
1353.5 -378.504 
1496.49 -380.497 
637.5 -382.498 
452.503 -395.503 
-1059.01 -402.546 
1339.5 -401.498 
1310.5 -402.503 
577.501 -422.508 
1356.5 -423.496 
-1244.5 -427.5 
-864.497 -429.504 
414.495 -429.495 
1499.5 -429.501 
873.504 -431.496 
-996.498 -439.494 
1148.5 -441.5 
690.502 -447.497 
-1614.5 -455.503 
1106.5 -470.502 
31.5024 -471.502 
1407.49 -472.497 
1314.5 -476.495 
100.505 -490.503 
5.4989 -497.504 
978.504 -505.499 
-86.5042 -514.5 
1527.5 -515.501 
646.502 -517.505 
1366.5 -516.5 
-864.495 -525.497 
365.503 -527.506 
585.494 -529.496 
-77.8777 -528.524 
962.504 -536.492 
1137.49 -550.501 
-1320.49 -559.499 
-152.5 -562.503 
-416.501 -574.506 
893.509 -575.5 
583.504 -586.501 
-889.506 -595.5 
980.497 -607.504 
895.508 -609.507 
149.497 -611.501 
1414.5 -611.498 
491.499 -613.505 
-750.501 -616.496 
-927.501 -618.505 
1503.5 -619.499 
72.502 -620.5 
-815.5 -631.5 
853.5 -631.501 
1589.5 -632.502 
891.502 -634.505 
1112.49 -634.5 
-257.499 -640.503 
-926.5 -642.493 
-818.304 -637.151 
467.497 -652.506 
894.5 -652.495 
1458.5 -657.497 
809.492 -667.496 
320.496 -669.503 
-748.511 -673.498 
-711.501 -677.495 
524.509 -685.502 
-296.497 -691.495 
-188.503 -699.502 
1034.5 -715.503 
511.503 -718.503 
-802.495 -721.498 
-716.508 -721.504 
-166.499 -725.501 
-525.507 -740.494 
622.504 -741.504 
1116.5 -741.499 
-378.503 -748.503 
797.501 -763.494 
1045.5 -770.497 
1147.5 -771.495 
-911.504 -777.495 
940.5 -782.503 
413.505 -783.497 
504.49 -788.506 
912.503 -792.501 
775.5 -796.501 
1354.5 -806.503 
777.065 -810.512 
916.505 -819.503 
1101.5 -825.497 
1592.49 -827.494 
-403.499 -836.5 
-281.501 -835.497 
1619.5 -849.5 
-742.502 -853.5 
1561.51 -853.492 
846.492 -855.49 
828.505 -856.503 
995.503 -865.5 
501.494 -881.5 
718.495 -881.502 
-218.496 -898.494 
1305.5 -907.5 
449.499 -924.502 
20.4976 -928.499 
454.4 -930.431 
1102.51 -937.497 
617.5 -942.496 
439.831 -944.729 
1273.51 -951.503 
843.501 -952.496 
448.62 -951 
-1550.5 -959.493 
1123.49 -960.5 
1053.5 -967.5 
400.498 -968.503 
726.499 -973.493 
1497.5 -976.494 
729.629 -979.23 
882.499 -995.499 
-509.502 -1005.49 
-128.509 -1010.5 
838.5 -1011.49 
1549.5 -1012.51 
465.491 -1016.5 
1214.5 -1019.5 
-672.496 -1028.5 
-947.498 -1047.5 
948.497 -1073.49 
119.502 -1074.5 
1357.5 -1083.5 
106.854 -1087.04 
-1127.5 -1092.5 
1317.51 -1092.5 
-85.4954 -1097.5 
482.498 -1118.5 
884.501 -1125.5 
-121.503 -1136.5 
-366.5 -1147.5 
1234.5 -1147.51 
-1199.5 -1150.5 
605.511 -1153.5 
1462.5 -1164.5 
457.5 -1177.5 
1250.51 -1177.5 
1029.5 -1186.5 
-1614.5 -1188.5 
1087.5 -1192.51 
-879.499 -1193.5 
-397.496 -1198.5 
1455.49 -1200.5 
-110.503 -1202.5 
136.496 -1208.5 
883.496 -1211.49 
