1470.9 1229.14 
1471.57 1229.47 
1472.4 1229.64 
1473.39 1229.64 
1474.41 1229.64 
1475.4 1229.64 
1476.23 1229.47 
1471.57 1228.81 
1472.4 1228.65 
1473.41 1228.64 
1474.4 1228.64 
1475.4 1228.64 
1472.19 1228.28 
1473.44 1227.99 
1475 1228.05 
1061.9 1216.14 
1061.33 1215.14 
1062.01 1215.14 
92.9034 1205.14 
-240.438 1203.19 
1218.92 1202.14 
-238.138 1202.1 
92.3312 1204.13 
93.0073 1204.13 
-242.634 1201 
1218.34 1201.13 
1219.02 1201.14 
-240.549 1199.69 
-238.072 1199.74 
-240.478 1197.61 
-1290.1 1189.15 
-1290.66 1188.14 
-1289.99 1188.14 
-1601.11 1181.14 
-1601.67 1180.14 
-1601 1180.14 
1194.91 1173.14 
1194.34 1172.14 
1195.01 1172.14 
-1336.11 1167.14 
-1336.67 1166.14 
-1336 1166.14 
-1595.09 1142.14 
-1595.66 1141.14 
-1594.99 1141.14 
-76.0879 1127.14 
-76.6615 1126.13 
-75.9899 1126.13 
-1136.1 1115.14 
-1136.66 1114.14 
-1135.99 1114.14 
-1267.1 1096.14 
-1267.66 1095.14 
-1266.99 1095.14 
1049.92 1074.15 
1049.35 1073.14 
1050.02 1073.14 
-720.103 1068.14 
-720.667 1067.14 
-719.994 1067.14 
1086.92 1062.14 
1086.34 1061.14 
1087.02 1061.15 
480.908 1054.14 
480.342 1053.14 
481.011 1053.15 
-615.119 1037.15 
-617.105 1035.15 
-615.192 1035.23 
-613.674 1035.28 
-615.24 1033.72 
-915.106 1025.13 
-915.674 1024.14 
-915 1024.14 
744.911 1005.14 
744.339 1004.14 
745.005 1004.14 
720.895 996.142 
720.328 995.151 
721.004 995.148 
-930.102 977.137 
-930.669 976.135 
-929.998 976.135 
-718.094 969.142 
-720.097 967.131 
-718.18 967.224 
-716.671 967.288 
-718.239 965.709 
-1207.11 958.141 
576.891 955.137 
-1207.66 957.149 
-1206.99 957.143 
409.911 953.13 
576.333 954.145 
577.002 954.142 
409.334 952.131 
410.014 952.133 
-1531.1 921.149 
-1531.66 920.154 
-1530.99 920.151 
-598.112 914.138 
-598.665 913.142 
-597.996 913.139 
1061.89 906.142 
-747.099 904.138 
1061.33 905.147 
1062 905.143 
-747.67 903.136 
-746.999 903.135 
-391.094 870.146 
-391.663 869.14 
-390.988 869.139 
465.903 849.142 
955.89 846.139 
1514.91 846.132 
463.903 847.134 
465.812 847.223 
467.329 847.284 
953.901 844.151 
955.814 844.229 
957.33 844.282 
1514.34 845.134 
1515.01 845.134 
465.751 845.711 
955.763 842.709 
-1478.09 779.141 
-1478.66 778.138 
-1477.99 778.14 
1184.91 773.136 
1184.33 772.139 
1185.01 772.138 
201.886 768.134 
201.329 767.128 
201.993 767.134 
-261.086 762.14 
-261.662 761.136 
-260.989 761.14 
-894.111 752.147 
-894.677 751.144 
-894.002 751.145 
792.896 745.138 
792.337 744.133 
793.008 744.129 
21.8922 736.147 
21.3331 735.143 
22.0024 735.14 
52.8966 731.131 
52.3371 730.138 
53.0121 730.137 
251.9 718.143 
251.34 717.141 
252.004 717.141 
-577.102 705.147 
-577.661 704.155 
-576.993 704.154 
-317.108 686.145 
-317.666 685.141 
-316.996 685.144 
-831.109 680.142 
-833.107 678.148 
-831.188 678.228 
-829.674 678.282 
291.897 675.14 
1230.91 675.135 
-1486.09 672.137 
-831.242 676.715 
291.332 674.143 
292.007 674.142 
1228.9 673.124 
1230.82 673.22 
1232.33 673.287 
-472.109 669.137 
-1486.66 671.13 
-1485.99 671.131 
1527.89 668.138 
1230.76 671.711 
-898.103 665.138 
-472.66 668.142 
-471.997 668.142 
1525.9 666.137 
1527.81 666.224 
1529.33 666.283 
1462.9 663.147 
-898.671 664.125 
-897.994 664.125 
1527.75 664.709 
1460.9 661.134 
1462.81 661.227 
1464.32 661.29 
1462.75 659.708 
88.9126 631.134 
88.3329 630.14 
89.0183 630.141 
-1472.11 617.143 
1385.9 614.141 
-1472.67 616.148 
-1471.99 616.146 
1383.9 612.14 
1385.81 612.225 
1387.32 612.284 
1067.9 608.137 
1385.75 610.714 
1067.33 607.132 
1068.01 607.133 
1579.9 599.142 
1487.9 597.139 
1579.34 598.144 
1580.01 598.143 
1487.34 596.132 
1488.01 596.135 
-1630.1 590.142 
-1630.67 589.139 
-1629.99 589.138 
770.899 586.134 
770.34 585.141 
771.014 585.14 
1581.89 572.142 
1581.34 571.143 
1582 571.14 
964.906 567.138 
964.342 566.143 
965.012 566.137 
1339.9 558.136 
1339.33 557.137 
1340.01 557.139 
-368.097 551.144 
-368.664 550.148 
-367.993 550.143 
-451.094 539.139 
-453.101 537.134 
-451.183 537.221 
-449.67 537.28 
-451.243 535.714 
1065.91 525.139 
457.884 523.139 
1262.88 522.137 
1063.9 523.133 
1065.82 523.224 
1067.33 523.286 
-1399.1 519.144 
457.327 522.14 
457.999 522.138 
1262.32 521.14 
1263 521.135 
1065.76 521.712 
1047.9 516.141 
-1399.67 518.142 
-1398.99 518.14 
1047.34 515.145 
1048.01 515.143 
-813.107 484.135 
-813.67 483.136 
-813 483.139 
839.905 476.135 
483.897 473.15 
-1395.09 472.135 
839.334 475.132 
840.01 475.131 
-550.096 469.139 
483.339 472.149 
484.001 472.149 
-1395.67 471.142 
-1394.99 471.148 
-550.663 468.139 
-549.992 468.139 
1295.89 462.136 
1295.33 461.133 
1296.01 461.133 
1059.9 445.141 
1081.91 443.138 
1059.33 444.136 
1060.01 444.137 
1081.33 442.129 
1082 442.13 
61.8977 437.144 
59.8984 435.142 
61.8113 435.232 
63.3242 435.294 
61.7521 433.716 
-334.105 427.129 
-880.088 425.138 
-334.675 426.131 
-333.997 426.131 
1613.9 423.14 
-880.661 424.134 
-879.988 424.137 
1613.33 422.145 
1614.01 422.141 
-1052.11 411.138 
-1052.66 410.128 
-1052 410.132 
264.572 405.188 
266.859 404.104 
262.362 402.992 
264.454 401.695 
266.925 401.74 
264.523 399.614 
1475.91 391.136 
1531.91 390.141 
1306.89 388.144 
1475.33 390.134 
1476.01 390.134 
1531.33 389.15 
1532 389.151 
1306.34 387.143 
1307.01 387.139 
-1260.09 359.139 
-1261.3 357.625 
-1259.98 358.136 
-1266.71 352.752 
-1265.37 352.861 
-958.093 350.139 
-1266.09 351.569 
-958.662 349.14 
-957.986 349.137 
-1036.09 343.142 
-1036.67 342.145 
-1035.99 342.148 
-1515.11 331.146 
-1515.66 330.151 
-1515 330.146 
-537.101 319.14 
-537.667 318.133 
-536.994 318.129 
-1397.09 314.132 
1309.89 312.138 
-1397.66 313.117 
-1396.98 313.122 
1309.33 311.137 
1310 311.139 
86.9112 302.141 
1301.9 299.133 
86.337 301.144 
87.0133 301.147 
1301.33 298.142 
1302.01 298.139 
-345.09 287.137 
655.892 287.143 
106.887 286.138 
-1153.1 284.142 
-345.668 286.151 
-344.987 286.149 
655.335 286.139 
656.005 286.134 
106.328 285.142 
106.999 285.143 
-1155.1 282.136 
-1153.19 282.224 
-1151.67 282.284 
1606.9 277.139 
-1153.24 280.713 
-1032.1 276.135 
1606.33 276.139 
1607 276.143 
-1032.67 275.135 
-1031.99 275.138 
72.9125 255.136 
466.9 255.149 
72.337 254.138 
73.0105 254.143 
466.334 254.149 
467.011 254.148 
-131.097 241.138 
1193.9 240.138 
1140.89 239.135 
1377.9 239.138 
-131.662 240.143 
-130.985 240.137 
1193.33 239.136 
1194.01 239.137 
1140.33 238.127 
1141.01 238.129 
1377.33 238.142 
1378.01 238.143 
637.896 222.145 
637.332 221.143 
638.006 221.14 
-242.094 217.137 
-1266.11 213.141 
-244.1 215.137 
-242.179 215.221 
-240.669 215.279 
1457.89 213.143 
-799.087 210.141 
-1266.67 212.143 
-1265.99 212.142 
-242.237 213.712 
1457.34 212.147 
1458.01 212.142 
301.896 208.135 
-799.66 209.135 
-798.989 209.137 
338.89 206.137 
301.326 207.141 
302.003 207.144 
338.33 205.15 
339.009 205.147 
-560.098 198.141 
-560.665 197.134 
-559.993 197.137 
656.904 192.147 
656.339 191.144 
657.011 191.143 
884.91 186.135 
884.34 185.142 
885.01 185.14 
357.905 169.14 
1402.91 166.149 
357.336 168.14 
358.018 168.14 
817.895 162.145 
1402.34 165.144 
1403.02 165.144 
817.33 161.14 
818.007 161.14 
-1535.11 153.139 
-1535.66 152.149 
-1534.99 152.145 
-732.1 145.142 
-732.661 144.136 
-731.994 144.135 
1285.89 107.145 
1143.91 105.137 
1284.92 105.817 
1286 106.146 
1143.33 104.139 
1144.01 104.139 
1278.9 101.135 
1278.33 100.138 
1279.01 100.141 
827.892 96.1421 
827.335 95.1465 
828.007 95.1387 
-80.0919 90.1431 
-82.1011 88.1384 
-80.1785 88.227 
-78.6693 88.2868 
1409.89 86.1313 
889.893 83.1405 
-80.2374 86.7125 
1409.34 85.1256 
1410.01 85.1264 
889.339 82.1341 
890.006 82.1372 
-416.096 62.1406 
1298.9 62.1384 
-82.0924 59.147 
-416.67 61.1374 
-415.986 61.1393 
1296.9 60.1451 
1298.82 60.2261 
1300.33 60.2803 
1620.9 57.1384 
-564.09 55.1382 
-82.6642 58.1354 
-81.9925 58.1349 
1298.77 58.7063 
1221.9 53.14 
1620.34 56.1395 
1621.01 56.1361 
-564.662 54.1301 
-563.986 54.1323 
-1071.1 50.14 
1221.33 52.14 
1222.01 52.1422 
-899.106 47.1394 
-1071.66 49.1374 
-1071 49.1421 
-899.658 46.1367 
-898.995 46.1357 
-326.121 38.1438 
1630.89 37.1388 
-326.672 37.15 
-325.999 37.1441 
1630.34 36.139 
1631.01 36.1344 
1445.89 12.1477 
1445.33 11.1409 
1446 11.1439 
1190.89 7.14439 
1190.33 6.14854 
1191 6.14781 
1135.9 0.14 
1133.9 -1.85512 
1135.82 -1.77101 
1137.33 -1.71449 
-1227.1 -4.8611 
-160.101 -4.8683 
1135.76 -3.29079 
-1227.66 -5.86378 
-1226.99 -5.86134 
-160.666 -5.86647 
-159.99 -5.86183 
61.9077 -10.8593 
-279.097 -14.8651 
59.902 -12.8642 
61.8166 -12.7752 
63.3316 -12.7144 
-973.103 -17.8695 
-279.664 -15.8616 
-278.989 -15.8613 
61.7549 -14.2858 
-973.668 -18.8644 
-972.99 -18.8657 
-1338.1 -23.8621 
-1338.67 -24.864 
-1337.99 -24.86 
-574.103 -31.8524 
-574.671 -32.8532 
-573.997 -32.8478 
1532.9 -49.8584 
1532.34 -50.8511 
1533.01 -50.8491 
60.9 -60.8573 
37.8779 -62.8606 
60.3382 -61.8621 
62.0113 -62.6308 
65.2716 -64.5358 
37.3247 -63.8605 
37.9955 -63.8643 
1371.91 -67.8615 
64.5049 -65.609 
66.0085 -65.9682 
1371.33 -68.8555 
1372.01 -68.8534 
-1560.09 -88.858 
166.885 -89.8701 
-1560.66 -89.8559 
-1559.99 -89.8566 
166.328 -90.8754 
166.996 -90.8742 
525.901 -102.86 
525.332 -103.867 
526.006 -103.865 
0.904639 -147.856 
-329.104 -151.858 
0.328711 -148.866 
1.00303 -148.861 
-329.672 -152.841 
-328.999 -152.848 
1524.9 -159.86 
1524.34 -160.861 
1525.01 -160.857 
-1636.11 -166.855 
-1637.16 -168.03 
-1636.11 -167.857 
464.89 -186.863 
464.33 -187.865 
465 -187.862 
1173.9 -190.858 
735.902 -192.855 
1171.9 -192.86 
1173.81 -192.773 
1175.33 -192.714 
735.337 -193.849 
736.008 -193.851 
1173.75 -194.292 
213.9 -203.859 
213.337 -204.86 
214.005 -204.858 
108.902 -208.85 
108.336 -209.848 
109.012 -209.852 
-1629.09 -224.856 
-1631.09 -226.854 
-1629.18 -226.769 
-1627.67 -226.712 
-540.102 -228.854 
-1629.24 -228.288 
-540.669 -229.85 
-539.995 -229.855 
846.901 -237.861 
-1068.1 -239.86 
846.334 -238.864 
847.009 -238.867 
-1068.67 -240.853 
-1067.99 -240.86 
-820.105 -260.852 
-820.667 -261.849 
-819.998 -261.849 
-124.107 -273.858 
356.899 -276.854 
-126.104 -275.849 
-124.191 -275.774 
-122.673 -275.723 
356.34 -277.858 
357.007 -277.859 
-124.247 -277.288 
166.89 -281.86 
-802.096 -283.855 
-885.098 -285.864 
166.333 -282.857 
167.005 -282.86 
373.897 -285.863 
391.891 -285.858 
-802.668 -284.852 
-801.987 -284.856 
-82.0967 -287.85 
-595.087 -288.859 
-885.67 -286.866 
-884.992 -286.863 
373.331 -286.863 
374.01 -286.865 
391.333 -286.865 
392.001 -286.862 
-82.6669 -288.857 
-81.9947 -288.854 
521.904 -291.852 
-595.658 -289.864 
-594.99 -289.86 
247.902 -295.865 
521.337 -292.858 
522.008 -292.858 
245.9 -297.847 
247.823 -297.776 
249.333 -297.729 
-499.109 -303.86 
247.768 -299.282 
-501.1 -305.857 
-499.188 -305.775 
-497.669 -305.72 
-499.242 -307.287 
170.894 -313.864 
578.905 -315.86 
-948.106 -316.864 
170.34 -314.873 
171.007 -314.87 
576.903 -317.861 
578.819 -317.777 
580.327 -317.72 
-950.105 -318.854 
-948.188 -318.778 
-946.674 -318.726 
-935.103 -321.849 
578.762 -319.287 
-948.243 -320.289 
-400.1 -324.859 
-935.668 -322.849 
-935 -322.849 
-400.668 -325.863 
-399.994 -325.858 
-820.102 -358.861 
-820.664 -359.856 
-819.989 -359.86 
1045.91 -375.862 
1045.34 -376.867 
1046.01 -376.87 
527.906 -387.854 
1481.9 -388.86 
1300.89 -389.853 
527.334 -388.846 
528.005 -388.849 
1481.34 -389.857 
1482.01 -389.859 
1300.33 -390.845 
1301 -390.85 
587.9 -394.856 
1157.9 -395.856 
587.335 -395.86 
588.007 -395.863 
1157.33 -396.847 
1158.01 -396.851 
-1403.11 -402.858 
-1403.67 -403.859 
-1403 -403.861 
-688.096 -410.863 
-688.664 -411.858 
-687.992 -411.861 
1273.9 -423.863 
1273.34 -424.865 
1274.01 -424.863 
-625.114 -430.863 
-625.671 -431.862 
-624.995 -431.865 
515.909 -434.868 
515.341 -435.867 
516.012 -435.867 
106.892 -451.858 
104.898 -453.865 
106.809 -453.78 
108.323 -453.722 
106.753 -455.289 
1550.9 -462.862 
1300.89 -466.863 
1550.33 -463.865 
1551.01 -463.868 
717.903 -470.859 
1298.9 -468.86 
1300.81 -468.776 
1302.33 -468.718 
-682.097 -472.865 
717.332 -471.868 
718.005 -471.868 
1300.75 -470.286 
-684.101 -474.865 
-682.187 -474.777 
-680.672 -474.718 
1033.9 -478.859 
-682.247 -476.289 
1033.34 -479.855 
1034.01 -479.855 
1464.92 -514.864 
1464.34 -515.858 
1465.01 -515.859 
-802.099 -520.853 
-802.659 -521.857 
-801.99 -521.859 
1273.9 -526.859 
-438.109 -528.868 
1176.89 -529.863 
-1406.1 -530.862 
-810.091 -530.858 
1273.33 -527.868 
1274 -527.865 
-438.671 -529.856 
-437.996 -529.862 
1176.33 -530.863 
1177.01 -530.86 
-1406.67 -531.861 
-1405.99 -531.862 
-810.668 -531.864 
-809.991 -531.859 
-455.103 -537.857 
-830.103 -540.858 
-455.664 -538.857 
-454.991 -538.863 
-830.666 -541.864 
-830 -541.863 
16.9065 -544.861 
1527.89 -546.865 
16.3347 -545.858 
17.0105 -545.861 
1527.33 -547.86 
1528 -547.861 
-599.097 -552.854 
-599.663 -553.855 
-598.993 -553.858 
1020.91 -556.854 
1020.33 -557.854 
1021.02 -557.855 
510.904 -568.859 
508.897 -570.862 
510.815 -570.779 
512.325 -570.723 
510.754 -572.288 
1008.9 -583.86 
1006.9 -585.857 
1008.81 -585.773 
1010.33 -585.715 
963.892 -591.86 
1008.76 -587.29 
-17.1006 -595.854 
961.903 -593.859 
963.808 -593.777 
965.324 -593.722 
-17.6624 -596.852 
-16.9945 -596.852 
963.751 -595.288 
-1179.1 -600.864 
732.905 -600.861 
58.8971 -601.865 
-1179.66 -601.858 
-1179 -601.859 
730.906 -602.867 
732.817 -602.771 
734.327 -602.706 
58.3384 -602.867 
59.0099 -602.866 
732.756 -604.29 
960.898 -610.86 
960.337 -611.861 
961.007 -611.859 
883.89 -626.86 
883.332 -627.858 
884.005 -627.86 
1413.9 -634.861 
1413.33 -635.862 
1414.01 -635.857 
744.896 -643.861 
-39.1034 -647.865 
744.336 -644.875 
745.005 -644.875 
-945.104 -649.848 
-39.6708 -648.862 
-38.9964 -648.86 
-945.664 -650.861 
-944.997 -650.859 
634.895 -666.865 
802.879 -666.856 
634.331 -667.859 
635.007 -667.857 
802.325 -667.855 
802.991 -667.854 
-791.101 -676.851 
957.897 -677.858 
-791.669 -677.855 
-790.998 -677.855 
957.329 -678.861 
958.008 -678.867 
-253.096 -693.86 
-253.667 -694.873 
-252.987 -694.871 
-683.096 -708.855 
-683.667 -709.861 
-682.988 -709.856 
-884.093 -719.861 
394.897 -721.858 
-884.659 -720.855 
-883.984 -720.857 
394.339 -722.861 
395.012 -722.86 
1177.9 -738.858 
279.9 -742.866 
1177.34 -739.856 
1178 -739.858 
279.328 -743.866 
280.004 -743.866 
928.914 -753.854 
928.341 -754.864 
929.014 -754.861 
431.905 -759.856 
431.337 -760.868 
432.008 -760.864 
1187.9 -766.855 
1337.9 -766.857 
1105.9 -769.861 
1185.9 -768.857 
1187.81 -768.777 
1189.33 -768.722 
1337.34 -767.86 
1338.01 -767.859 
1105.33 -770.857 
1106.01 -770.857 
1187.75 -770.284 
1030.9 -786.859 
-725.093 -790.859 
1028.9 -788.865 
1030.82 -788.776 
1032.32 -788.715 
-725.656 -791.866 
-724.983 -791.867 
1030.76 -790.291 
-246.102 -818.857 
-246.669 -819.859 
-245.994 -819.861 
930.899 -828.87 
930.337 -829.868 
931.005 -829.867 
337.895 -836.858 
337.332 -837.862 
338.004 -837.864 
-598.1 -851.857 
-598.67 -852.855 
-597.995 -852.856 
873.902 -861.866 
871.901 -863.867 
873.817 -863.776 
875.335 -863.714 
873.759 -865.293 
-683.083 -870.852 
-683.666 -871.859 
-682.988 -871.856 
913.898 -878.862 
913.329 -879.858 
914.01 -879.858 
354.562 -885.816 
905.905 -885.854 
356.862 -886.903 
352.36 -888.004 
905.342 -886.864 
906.008 -886.866 
354.453 -889.303 
356.924 -889.26 
1210.91 -892.848 
452.894 -894.856 
354.529 -891.392 
1210.34 -893.854 
1211.01 -893.855 
452.329 -895.865 
453.003 -895.864 
-70.1017 -916.865 
1426.9 -918.858 
-72.0991 -918.861 
-70.1902 -918.779 
-68.6739 -918.723 
393.899 -921.865 
1483.9 -921.864 
1426.34 -919.861 
1427.02 -919.862 
-70.2503 -920.289 
393.333 -922.855 
394.008 -922.857 
1483.34 -922.864 
1484 -922.861 
-140.103 -941.862 
-142.103 -943.868 
-140.186 -943.778 
-138.673 -943.717 
-140.243 -945.294 
257.893 -952.869 
538.903 -953.855 
257.332 -953.865 
258.005 -953.865 
538.337 -954.86 
539.009 -954.858 
-131.8 -976.716 
-130.671 -977.872 
-132.558 -977.868 
302.901 -980.866 
302.333 -981.861 
303.007 -981.863 
744.9 -990.863 
744.334 -991.852 
745.012 -991.854 
-433.101 -997.857 
-433.665 -998.863 
-432.996 -998.861 
615.889 -1001.86 
615.325 -1002.86 
615.997 -1002.86 
958.911 -1008.87 
958.333 -1009.87 
959.013 -1009.87 
911.895 -1017.86 
911.323 -1018.86 
911.998 -1018.86 
-463.096 -1030.86 
-463.662 -1031.87 
-462.988 -1031.87 
178.911 -1065.87 
1582.9 -1067.86 
178.338 -1066.87 
179.018 -1066.87 
1582.33 -1068.86 
1583.01 -1068.86 
-396.1 -1076.87 
-385.1 -1076.86 
635.896 -1078.86 
-396.668 -1077.86 
-395.983 -1077.87 
-385.665 -1077.86 
-384.994 -1077.86 
633.901 -1080.85 
635.816 -1080.77 
637.331 -1080.72 
-562.111 -1086.85 
635.762 -1082.29 
-562.667 -1087.85 
-561.995 -1087.86 
1113.91 -1093.86 
-114.109 -1095.86 
1113.34 -1094.87 
1114.01 -1094.87 
-114.68 -1096.87 
-113.997 -1096.87 
1455.89 -1105.86 
1455.33 -1106.86 
1456 -1106.86 
-443.106 -1112.86 
-21.0952 -1113.86 
953.901 -1113.87 
-445.094 -1114.85 
-443.182 -1114.77 
-441.672 -1114.72 
-21.6703 -1114.86 
-20.9864 -1114.86 
953.332 -1114.87 
954.004 -1114.87 
-443.234 -1116.29 
1420.89 -1127.86 
1418.9 -1129.86 
1420.81 -1129.78 
1422.32 -1129.72 
1194.91 -1133.86 
1420.76 -1131.29 
1194.33 -1134.85 
1195.02 -1134.85 
367.892 -1149.86 
1092.88 -1150.86 
367.332 -1150.86 
368.001 -1150.87 
1092.33 -1151.86 
1093 -1151.86 
108.919 -1155.86 
1146.9 -1156.86 
1428.91 -1156.86 
108.341 -1156.86 
109.021 -1156.86 
1146.34 -1157.86 
1147.01 -1157.86 
1428.33 -1157.85 
1429.01 -1157.85 
952.922 -1164.86 
1204.89 -1165.86 
556.902 -1168.86 
952.336 -1165.87 
953.014 -1165.86 
1204.33 -1166.86 
1205 -1166.86 
556.329 -1169.87 
557.017 -1169.87 
-434.106 -1189.86 
102.897 -1190.85 
-434.668 -1190.85 
-433.998 -1190.85 
102.342 -1191.85 
103 -1191.85 
1608.88 -1195.86 
1608.33 -1196.86 
1609 -1196.86 
-218.101 -1205.86 
640.894 -1208.86 
-220.102 -1207.86 
-218.181 -1207.78 
-216.674 -1207.72 
960.899 -1210.86 
-340.09 -1211.86 
638.904 -1210.87 
640.815 -1210.78 
642.326 -1210.73 
-218.235 -1209.29 
960.332 -1211.87 
961.007 -1211.87 
-340.665 -1212.86 
-339.987 -1212.86 
640.761 -1212.29 
-116.106 -1220.85 
-116.67 -1221.86 
-115.997 -1221.85 
527.88 -1228.86 
-297.508 -1230.66 
-296.242 -1231.15 
526.231 -1230.28 
527.407 -1230.35 
529.05 -1230.33 
-299.1 -1231.36 
-298.6 -1231.36 
