1448.5 1210.5 
-895.499 1203.5 
-1271.5 1189.5 
1270.5 1179.5 
-852.493 1176.5 
797.502 1168.5 
-63.5038 1166.5 
-663.494 1165.5 
1452.5 1157.5 
60.5045 1157.5 
-922.502 1151.5 
545.503 1140.51 
717.497 1137.5 
1201.5 1128.5 
-98.5035 1119.5 
844.494 1109.5 
916.501 1109.5 
344.501 1101.5 
-425.5 1096.5 
-554.501 1091.5 
158.496 1065.5 
-347.502 1064.5 
-49.5032 1054.5 
788.502 1043.5 
1062.49 1025.49 
-59.4962 1017.51 
-909.502 1010.5 
1479.5 984.501 
-1526.51 963.504 
-354.495 961.503 
-69.502 958.504 
235.494 956.504 
800.509 956.505 
-1380.5 954.498 
1303.5 926.501 
-971.5 926.496 
-1314.5 914.496 
512.5 914.505 
-419.502 910.506 
-170.5 900.503 
-216.499 890.501 
-630.497 883.503 
-830.5 881.499 
-541.506 881.497 
867.5 880.498 
-805.497 877.507 
-1030.51 872.509 
-708.5 869.505 
820.502 854.496 
1106.5 841.508 
730.5 832.501 
1457.5 823.501 
-143.5 817.498 
-315.5 790.498 
224.501 786.506 
268.498 786.499 
17.5052 775.496 
-1190.5 770.498 
546.512 769.502 
-536.503 764.5 
-1423.5 760.497 
1105.5 755.5 
-1399.5 752.491 
-1303.5 742.501 
-74.5006 737.5 
-834.504 737.499 
609.501 733.505 
-1139.5 725.504 
-518.498 724.5 
-1162.5 709.498 
91.5039 707.501 
906.496 707.5 
-510.503 703.505 
1086.5 701.5 
1032.5 681.5 
1471.51 680.5 
454.506 661.503 
-741.505 661.504 
705.493 655.499 
-1561.5 649.503 
291.5 648.503 
263.498 645.494 
-1034.5 642.497 
-541.493 639.496 
-27.5034 634.502 
295.953 639.224 
-1436.51 633.495 
-1538.5 631.49 
38.4987 628.504 
-1011.49 627.5 
848.599 615.101 
857.184 613.292 
-1105.5 609.498 
847.612 614.832 
201.499 605.503 
645.503 594.504 
892.501 589.507 
954.504 588.502 
-503.502 587.503 
764.503 578.507 
-446.504 576.496 
788.5 575.503 
27.5015 572.507 
806.5 572.498 
807.5 547.501 
-1614.5 546.499 
712.554 544.534 
760.5 544.496 
1058.5 537.501 
797.791 534.332 
1614.5 530.505 
678.504 513.505 
1018.5 509.498 
1165.5 494.505 
1310.5 494.504 
-1541.49 488.504 
-1360.49 483.51 
-615.495 479.499 
541.501 479.503 
487.499 471.502 
-1616.5 455.498 
-549.498 455.503 
104.505 444.499 
-819.503 443.501 
1194.5 435.5 
-1190.5 433.502 
-593.489 432.509 
924.498 430.496 
-985.509 424.51 
552.503 416.505 
-496.498 414.5 
32.4976 414.498 
-1191.51 408.498 
-270.494 406.504 
987.498 403.505 
-497.408 407.4 
-247.5 399.499 
1072.5 381.502 
381.493 377.505 
-524.502 375.499 
-1219.5 367.501 
-422.497 365.498 
234.499 365.505 
-1260.5 350.5 
1176.5 342.506 
1161.5 335.502 
423.506 328.499 
-1364.5 326.499 
1407.5 314.499 
-1262.5 300.494 
1156.5 299.501 
-438.501 295.502 
724.501 279.502 
-58.5015 278.504 
-1331.5 277.495 
690.502 266.504 
509.502 264.501 
-87.5029 260.496 
-170.493 258.501 
132.503 251.503 
-369.503 247.501 
-242.501 248.498 
-724.188 243.03 
1466.5 242.501 
-735.12 240.611 
1359.5 231.5 
567.495 223.501 
-81.4956 217.504 
-1071.5 215.5 
-1620.51 216.492 
-319.828 201.07 
794.5 196.503 
1049.5 196.497 
-311.293 195.664 
-127.504 166.498 
-711.379 157.509 
-24.5022 156.5 
-713.341 154.679 
-296.498 137.505 
-761.509 133.496 
-293.909 123.471 
-1497.5 120.499 
1141.5 119.501 
-455.516 118.489 
1222.5 117.502 
-593.496 113.498 
-1581.5 113.509 
-414.501 112.499 
-251.507 111.502 
622.501 111.502 
-1402.5 102.506 
1209.49 101.5 
62.5026 100.51 
-310.503 97.5006 
-243.502 88.5073 
784.508 86.491 
-734.492 80.5004 
596.505 66.5076 
384.502 57.5017 
995.503 52.5048 
1339.5 45.5007 
1462.5 38.5016 
-836.504 33.4924 
-976.499 32.4993 
674.51 30.4993 
-459.5 23.496 
-506.506 22.5054 
926.496 13.5054 
35.5017 7.49683 
-575.49 7.50146 
1312.5 4.505 
-596.496 3.49329 
817.503 2.50134 
0.502441 -0.505371 
-1469.5 -1.50391 
-1061.5 -9.50269 
-1158.51 -11.4989 
-399.502 -13.4935 
-1617.5 -21.496 
78.5062 -28.5035 
-186.496 -29.501 
-562.502 -37.5026 
60.501 -38.4938 
1241.5 -42.4958 
-291.501 -50.4955 
76.5048 -52.4978 
-837.497 -58.4941 
727.5 -58.5049 
-179.494 -67.5044 
1143.49 -68.4983 
-930.496 -69.4987 
-644.495 -70.4987 
409.491 -76.4939 
-945.501 -84.4974 
-1193.5 -98.4935 
600.501 -109.504 
-1228.49 -115.492 
-514.497 -118.494 
868.494 -122.503 
617.493 -125.502 
486.499 -131.504 
636.494 -132.506 
-766.497 -140.504 
-233.499 -140.501 
680.504 -143.503 
-312.508 -148.503 
810.497 -150.504 
-1582.5 -156.502 
445.501 -170.502 
187.495 -185.503 
-24.4969 -199.499 
-1185.5 -204.5 
-96.5073 -207.499 
-496.505 -210.497 
254.494 -219.49 
-1302.49 -225.496 
-1318.5 -227.499 
584.5 -227.502 
35.4988 -230.499 
1162.5 -236.505 
-1344.5 -237.497 
1527.5 -244.499 
-159.499 -245.497 
-466.503 -253.496 
-553.506 -274.499 
1312.51 -274.504 
1092.5 -277.506 
272.501 -277.506 
-1291.49 -289.503 
531.506 -291.499 
734.502 -296.498 
-67.5004 -307.5 
831.504 -313.505 
-525.504 -315.497 
-1502.49 -317.5 
-19.5031 -322.503 
-1448.5 -326.502 
-1237.5 -327.494 
-1346.5 -330.504 
54.4982 -338.507 
927.501 -342.5 
-947.499 -353.492 
-1178.5 -371.502 
1084.51 -371.495 
-1061.5 -377.5 
-637.492 -398.497 
1567.5 -403.498 
-723.492 -405.491 
-811.503 -411.496 
55.5063 -411.497 
-1067.5 -411.49 
1084.5 -431.499 
-33.5007 -439.499 
-212.501 -447.51 
175.502 -448.501 
-1488.5 -451.51 
836.503 -453.501 
-1146.5 -455.494 
-940.499 -455.498 
460.5 -456.504 
-1403.5 -461.497 
-544.487 -470.501 
-1125.5 -472.497 
454.497 -478.505 
-1118.06 -486.095 
1109.5 -491.497 
-1294.5 -496.506 
-571.501 -519.501 
-1283.51 -520.504 
1360.5 -526.497 
-1053.51 -536.495 
-1124.5 -538.5 
-190.838 -553.196 
266.503 -555.498 
1091.49 -558.501 
-1224.5 -562.493 
-192.048 -555.489 
-1378.5 -584.5 
-1270.5 -589.507 
49.4996 -592.496 
1475.5 -592.496 
-1055.49 -595.501 
-744.503 -601.502 
-1523.51 -609.499 
562.495 -623.502 
1043.5 -629.506 
43.5046 -650.496 
-735.506 -654.501 
-383.506 -655.498 
1444.51 -655.51 
-479.5 -656.497 
1513.5 -657.506 
1504.5 -682.503 
-806.502 -684.506 
-1482.5 -691.498 
1576.5 -692.505 
1373.49 -706.506 
-1320.5 -711.5 
1607.5 -715.504 
-463.502 -717.502 
232.5 -720.496 
-604.506 -726.501 
-325.5 -757.498 
-721.501 -758.495 
595.503 -760.509 
-1562.51 -762.486 
-1201.5 -762.505 
-1081.5 -767.498 
659.499 -772.506 
-81.5018 -775.501 
619.496 -777.502 
1143.51 -777.5 
171.505 -788.501 
491.501 -789.499 
-713.5 -817.502 
-835.505 -824.495 
-520.494 -826.497 
1446.5 -830.504 
-788.501 -847.506 
1595.49 -851.504 
-902.501 -856.5 
37.4937 -855.491 
106.493 -876.501 
983.497 -888.498 
-1049.5 -892.507 
148.495 -892.506 
1619.5 -901.497 
-1476.49 -904.499 
266.502 -913.505 
-1570.5 -917.495 
-433.861 -925.852 
-433.922 -925.948 
290.494 -940.499 
944.506 -955.496 
-910.499 -967.505 
435.503 -975.506 
-76.5013 -988.498 
-1209.5 -995.507 
327.496 -1003.5 
1148.5 -1013.5 
-1453.51 -1027.5 
215.494 -1047.5 
1082.5 -1047.5 
-251.499 -1057.5 
198.503 -1065.5 
109.494 -1074.51 
-1525.5 -1087.5 
-1415.5 -1094.5 
-203.497 -1097.5 
-584.499 -1101.51 
991.499 -1110.51 
-37.5002 -1122.5 
592.496 -1134.5 
-1556.5 -1144.51 
-427.493 -1146.5 
-1131.51 -1148.5 
-783.506 -1161.5 
95.495 -1175.5 
518.501 -1175.5 
663.497 -1179.5 
-1576.5 -1188.51 
-481.502 -1188.5 
-167.497 -1198.5 
-85.5038 -1205.5 
