-288.501 1209.51 
-710.497 1190.5 
-591.502 1183.5 
265.496 1181.5 
-1323.49 1180.5 
1466.5 1176.5 
115.501 1166.5 
337.497 1164.5 
1170.49 1158.49 
-275.505 1155.5 
-1062.5 1150.5 
305.5 1140.5 
-38.5049 1134.5 
363.5 1127.49 
227.496 1123.5 
-107.478 1116.45 
229.082 1114.65 
148.497 1096.5 
1472.51 1094.5 
-1409.5 1071.5 
717.496 1067.51 
299.497 1066.5 
929.494 1064.5 
-446.5 1058.5 
1362.5 1058.5 
137.497 1053.5 
1518.49 1046.5 
154.495 1037.51 
-1059.5 1035.5 
1567.5 1035.5 
1111.5 1030.5 
-804.499 1021.89 
432.498 1014.51 
-804.5 1021.5 
932.502 1005.5 
1279.5 986.893 
1365.51 983.499 
1279.5 986.503 
-206.494 973.499 
-809.504 962.501 
1290.51 959.5 
257.498 953.499 
598.504 938.497 
-1549.51 922.507 
-1311.5 915.502 
950.5 906.507 
-1578.5 900.5 
1398.5 899.502 
-1534.5 858.497 
1539.5 853.498 
1044.49 851.499 
-530.497 841.494 
-159.497 840.492 
-834.499 831.506 
-810.503 809.499 
1024.5 809.511 
1124.5 806.494 
-1452.51 779.502 
1418.49 779.504 
405.496 755.491 
1016.5 745.497 
-1538.5 734.495 
-397.502 733.496 
542.499 704.495 
-766.503 685.501 
733.496 686.504 
-1592.5 681.497 
-856.5 676.495 
-1010.5 643.502 
-438.5 639.499 
-1284.5 635.503 
-1323.5 635.497 
-827.5 632.5 
797.503 631.507 
-607.498 628.502 
308.504 626.493 
-562.493 594.506 
296.501 556.497 
-1602.5 551.496 
-413.494 545.5 
695.501 544.505 
509.501 542.491 
-1228.5 538.5 
1298.5 528.497 
1096.5 526.496 
990.493 523.501 
683.503 518.505 
943.5 492.502 
-31.4927 483.497 
-819.5 477.496 
1263.5 451.499 
975.505 442.494 
-865.5 435.499 
-565.502 421.5 
1398.5 401.501 
1294.5 394.495 
-1149.5 377.501 
-1394.5 376.497 
-155.503 361.497 
942.505 339.5 
-50.5045 338.507 
68.5017 337.5 
-818.503 336.491 
-276.49 335.499 
1466.5 324.502 
136.501 317.499 
-1222.5 304.501 
-1527.5 283.5 
-767.501 260.504 
456.497 257.494 
-917.499 251.503 
1313.5 238.501 
1609.5 229.5 
1133.5 214.496 
-874.491 213.504 
361.503 210.503 
-207.49 205.504 
1014.5 188.497 
-1427.49 178.49 
-499.509 169.497 
1512.5 160.503 
-149.496 137.494 
-746.502 135.501 
566.5 124.501 
997.503 116.5 
660.503 115.501 
1337.5 115.503 
-61.5039 112.496 
325.499 111.495 
1380.51 102.495 
298.503 94.4984 
1112.5 88.4928 
1530.51 64.5018 
784.501 62.5004 
-1228.5 49.5 
721.498 43.4996 
-516.506 23.5055 
-351.503 22.4939 
1358.5 18.5013 
1444.5 19.5046 
-1132.5 16.5 
-1175.5 13.5026 
638.503 13.5011 
1085.51 12.4962 
1579.5 11.5022 
156.498 6.50073 
0.501465 -0.504272 
1519.5 -33.5034 
-514.493 -48.5 
-405.507 -61.4938 
1146.5 -64.4946 
1282.51 -68.4994 
1425.5 -71.5062 
1172.5 -75.4946 
961.496 -87.4996 
621.491 -98.502 
1264.5 -106.502 
1598.5 -109.502 
107.497 -125.496 
1008.5 -132.496 
863.505 -135.499 
53.4994 -140.497 
1233.5 -170.499 
1372.5 -173.503 
1294.49 -178.501 
-453.645 -183.31 
1517.5 -182.502 
520.506 -186.501 
736.506 -190.5 
118.5 -192.503 
-452.965 -185.59 
-1211.5 -205.502 
-1458.5 -210.501 
-634.505 -213.5 
-92.5082 -216.494 
-595.503 -223.498 
-694.502 -245.501 
161.497 -261.499 
465.499 -273.498 
-1372.51 -274.504 
405.499 -290.5 
-1327.5 -308.509 
887.505 -321.507 
-489.499 -345.504 
1461.5 -358.498 
-890.497 -366.5 
-1031.51 -376.501 
1344.5 -386.502 
50.4972 -398.498 
689.504 -406.506 
-1004.49 -419.499 
609.503 -427.494 
1354.5 -430.505 
-619.501 -439.503 
-644.501 -443.5 
242.507 -463.508 
594.497 -469.5 
-1475.5 -482.496 
110.497 -483.507 
1143.5 -505.49 
96.5 -524.494 
-686.496 -530.5 
-267.493 -533.497 
751.496 -535.495 
1101.5 -537.496 
-204.506 -546.49 
-511.497 -566.501 
-383.51 -570.501 
-1301.5 -590.505 
304.498 -600.505 
953.504 -600.499 
991.501 -600.504 
-118.496 -623.502 
1214.5 -636.499 
490.502 -685.499 
998.491 -695.499 
1561.5 -702.495 
-421.505 -710.499 
1532.5 -713.5 
513.509 -727.501 
713.493 -729.499 
-1588.5 -732.509 
-863.501 -738.502 
-1204.5 -755.495 
182.498 -759.499 
-1466.5 -779.492 
-454.496 -781.497 
-200.503 -782.504 
1005.5 -782.499 
254.492 -787.499 
-450.759 -788.711 
-398.498 -797.503 
115.497 -798.499 
1045.5 -800.502 
-181.501 -808.507 
1409.5 -828.494 
107.504 -831.508 
1257.5 -832.497 
1371.5 -841.499 
-1185.51 -842.502 
-1188.77 -849.657 
-219.507 -865.501 
-1017.49 -872.497 
804.497 -892.504 
-208.501 -905.501 
1360.5 -907.494 
-42.499 -915.498 
-548.504 -925.501 
1025.51 -935.501 
-857.503 -948.494 
512.498 -953.501 
404.505 -974.505 
762.502 -986.5 
1493.5 -1001.5 
1289.5 -1013.5 
819.499 -1038.5 
-640.502 -1052.5 
-1356.5 -1065.5 
1390.5 -1070.5 
-945.504 -1075.5 
-227.503 -1077.5 
-1503.5 -1106.5 
884.496 -1132.5 
986.507 -1134.5 
1239.5 -1138.5 
-15.4996 -1141.49 
1044.5 -1150.51 
993.5 -1152.49 
903.497 -1166.51 
927.506 -1171.5 
-1242.5 -1182.5 
396.496 -1195.5 
