-264.502 1206.5 
522.495 1204.49 
966.496 1193.5 
-1011.5 1180.5 
-260.502 1174.5 
-840.501 1171.5 
849.505 1171.5 
-822.495 1162.5 
-1505.5 1141.49 
-225.501 1117.5 
-124.505 1114.5 
1481.5 1097.5 
525.506 1085.5 
-615.507 1079.49 
234.504 1070.5 
1120.5 1052.5 
859.497 1007.5 
1258.5 964.498 
-39.5032 955.494 
1181.5 951.496 
1006.5 936.506 
-1100.5 933.496 
1154.5 931.497 
-444.494 926.5 
-1510.5 920.503 
32.4974 919.491 
-1447.5 915.501 
1303.5 879.493 
-908.5 866.505 
-847.505 864.5 
1398.5 865.497 
907.504 846.5 
-137.496 805.5 
286.506 804.497 
-542.499 778.502 
-1436.5 766.492 
-810.497 742.5 
-908.506 738.501 
-764.504 735.501 
-674.5 731.501 
894.502 712.498 
831.494 710.497 
1175.5 705.5 
-783.499 704.497 
-42.5018 700.502 
-150.501 693.494 
-927.501 688.499 
554.5 679.498 
1538.5 657.505 
943.5 645.495 
-1055.5 633.497 
127.496 632.499 
-255.496 624.496 
1060.51 600.496 
550.494 592.497 
-937.499 591.501 
429.498 589.496 
81.5066 588.496 
-254.5 581.502 
1407.5 575.501 
520.503 560.498 
1509.5 560.501 
1550.5 558.502 
-211.497 549.496 
-101.504 541.5 
-1173.51 539.492 
456.502 539.509 
-1481.49 536.504 
217.501 533.5 
-892.504 530.5 
-790.505 513.507 
-501.505 495.499 
720.499 489.497 
-209.504 471.507 
-25.4994 465.501 
1176.5 461.495 
-38.5007 447.492 
-643.511 442.508 
219.5 437.503 
-610.496 432.496 
-1602.5 418.498 
99.4965 415.497 
-752.496 412.497 
1183.51 412.499 
-1152.49 405.501 
-796.497 381.498 
-1008.5 368.505 
314.502 349.506 
-69.5045 340.498 
1045.51 325.5 
496.506 322.5 
-1299.5 318.502 
667.497 309.496 
-973.496 290.5 
-399.496 289.494 
-611.495 260.501 
-609.032 254.53 
1492.5 225.504 
-144.503 223.507 
1008.5 219.5 
1495.27 209.695 
200.501 206.493 
1213.5 198.506 
-626.492 166.499 
-1387.5 164.505 
1149.5 151.504 
-1318.5 137.497 
1580.5 137.509 
1479.5 119.505 
1268.5 118.506 
-750.499 111.498 
-910.507 99.5013 
-1162.49 93.494 
-1319.51 91.5043 
645.502 80.4955 
-1012.5 76.5081 
336.501 72.5032 
337.481 54.7596 
1197.5 42.4989 
0.501465 -0.499268 
829.5 -1.50061 
-1514.5 -2.50061 
-882.494 -15.5103 
970.498 -35.5 
143.495 -38.5049 
-1033.51 -49.4956 
-750.498 -52.5002 
-1365.5 -53.4969 
-447.502 -55.5062 
-197.499 -87.4998 
1417.5 -88.5009 
300.503 -99.5066 
294.279 -112.921 
-1187.49 -115.502 
-43.5 -123.501 
292.964 -115.579 
592.498 -124.5 
1307.5 -129.504 
22.496 -153.502 
966.496 -165.497 
-514.5 -176.507 
-874.496 -197.498 
289.499 -207.502 
-1007.51 -213.5 
724.499 -215.493 
31.5004 -229.503 
878.498 -231.49 
-269.502 -243.498 
-440.497 -276.501 
574.502 -276.502 
-1120.5 -309.501 
-1470.5 -319.498 
-1546.5 -326.501 
-1241.5 -326.501 
-512.503 -344.502 
-579.503 -352.502 
-989.503 -375.501 
-1459.5 -394.497 
-909.499 -396.498 
275.498 -396.5 
-674.498 -405.497 
101.502 -405.504 
-1323.5 -417.5 
-65.4894 -420.492 
-439.497 -423.499 
-1186.5 -443.493 
1186.5 -449.5 
-1558.5 -480.499 
-136.496 -479.499 
-583.503 -484.497 
-407.498 -485.503 
586.496 -493.498 
-1417.51 -509.498 
-1053.5 -514.504 
113.495 -517.492 
504.495 -548.504 
-500.502 -559.504 
-1434.5 -561.497 
430.499 -560.496 
-519.501 -569.497 
-593.493 -581.499 
939.499 -596.49 
-545.494 -597.498 
-194.493 -605.497 
345.24 -620.324 
364.496 -625.503 
335.773 -628.199 
-417.504 -632.499 
-291.502 -647.506 
677.494 -651.498 
-349.492 -664.49 
1212.5 -671.501 
-72.5033 -673.501 
666.495 -676.496 
930.495 -677.503 
-184.498 -677.502 
648.503 -683.502 
174.495 -685.501 
438.502 -693.495 
-315.501 -698.496 
-1517.51 -703.498 
-141.497 -711.504 
-565.494 -735.498 
-156.505 -741.503 
-1512.5 -756.504 
-1286.5 -767.494 
-308.5 -771.505 
-1587.49 -773.497 
375.502 -775.5 
-1328.5 -789.499 
1181.5 -800.502 
1417.5 -811.497 
-761.494 -815.506 
805.506 -823.496 
-1381.5 -839.502 
-283.501 -841.497 
484.49 -851.492 
-425.499 -869.506 
1276.5 -870.504 
-1418.5 -885.498 
390.505 -893.499 
-770.502 -903.504 
-144.498 -908.504 
-1420.5 -913.509 
-77.5017 -913.493 
-111.496 -939.499 
896.503 -947.503 
697.493 -958.502 
-518.502 -975.505 
415.5 -976.502 
1410.5 -979.502 
72.5004 -982.504 
305.503 -1007.5 
-1291.5 -1017.5 
306.254 -1018.18 
675.493 -1021.5 
355.503 -1032.5 
994.498 -1039.51 
-470.506 -1055.5 
-1609.5 -1086.5 
-1357.5 -1090.51 
252.501 -1094.5 
-339.5 -1117.5 
604.5 -1162.5 
-546.5 -1177.5 
758.496 -1199.5 
