-1346.1 1206.15 
293.901 1197.13 
86.9094 1192.14 
180.907 1190.14 
-1222.1 1186.15 
-868.095 1180.14 
-347.097 1169.14 
-720.104 1167.14 
1531.9 1162.14 
837.893 1161.14 
-1566.1 1159.13 
-1528.1 1155.13 
328.895 1147.14 
-791.102 1142.15 
1122.9 1135.15 
28.8965 1131.14 
-374.1 1131.14 
430.889 1111.14 
411.897 1109.14 
330.907 1105.12 
334.376 1096.4 
392.906 1089.14 
837.903 1077.14 
441.902 1073.14 
399.149 1077.53 
233.896 1072.13 
-394.101 1070.15 
-964.097 1064.13 
-1232.1 1061.14 
-570.105 1058.13 
-524.098 1057.14 
412.899 1051.14 
-1077.04 1043.08 
470.83 1034.65 
-1076.21 1041.7 
516.904 1029.13 
-448.101 1024.14 
-266.088 1024.14 
-201.102 1008.14 
675.903 997.14 
-1478.1 974.144 
-66.095 972.15 
-1592.1 965.146 
-379.104 961.142 
-977.11 958.128 
-467.1 955.143 
834.902 953.14 
389.892 949.141 
-1012.1 945.149 
471.907 943.134 
628.904 941.14 
1458.9 941.136 
-1264.09 928.134 
1429.89 923.145 
134.895 922.131 
1453.91 915.136 
-822.101 914.134 
178.899 903.144 
667.898 901.143 
-272.095 886.138 
817.896 880.141 
-891.927 876.725 
-882.998 858.477 
-921.112 856.149 
-989.1 855.146 
1419.9 854.136 
244.901 848.139 
-857.818 843.013 
-834.115 842.137 
-884.121 845.003 
-859.587 841.301 
-857.526 838.767 
-1589.1 832.149 
-865.051 830.718 
1453.89 827.148 
120.896 821.147 
385.902 818.142 
-1267.09 814.136 
-333.101 813.144 
-41.1015 811.15 
1300.9 806.14 
-330.1 769.136 
-1028.11 767.135 
921.897 763.148 
-2.09255 758.137 
69.8955 757.136 
1096.9 755.141 
395.901 745.147 
531.895 742.142 
-275.094 725.138 
-1079.09 720.147 
-801.098 712.138 
-14.0973 687.14 
1299.89 685.137 
-359.106 665.146 
46.8969 648.144 
-519.094 644.132 
-1583.1 639.145 
-594.095 636.141 
647.896 633.143 
-26.1015 628.132 
308.903 626.137 
-427.107 621.137 
643.125 623.775 
-739.106 605.142 
-608.103 602.14 
659.894 597.127 
931.902 596.137 
1275.9 588.142 
1359.9 583.133 
8.90964 575.144 
730.905 571.159 
1197.9 567.142 
-151.095 557.141 
1234.9 554.141 
1005.9 553.147 
20.8974 547.139 
-468.102 535.132 
-927.089 532.137 
1526.89 532.141 
-563.101 526.147 
136.892 518.137 
542.9 513.138 
-921.092 512.139 
1505.92 508.136 
-893.095 502.14 
-124.096 486.146 
1292.9 479.139 
569.899 478.14 
-285.092 473.139 
1524.9 462.147 
1562.89 462.138 
-1366.1 452.139 
864.903 448.133 
1508.9 448.14 
96.8996 440.135 
-864.098 431.144 
1351.89 422.146 
809.901 421.137 
711.886 417.141 
-620.102 416.14 
-1450.09 414.139 
-548.102 405.136 
-1575.11 400.145 
1455.9 399.147 
41.8989 397.133 
271.895 389.141 
433.899 387.131 
1455.18 387.136 
-909.104 368.133 
844.902 364.141 
-1517.1 339.142 
9.89902 340.142 
-69.1034 338.133 
-358.1 328.135 
1200.91 319.14 
698.894 317.141 
-61.1048 310.147 
1438.89 308.141 
-454.09 304.134 
-1540.1 295.136 
1208.89 295.131 
-765.104 270.136 
397.902 267.136 
785.907 264.135 
-402.108 252.144 
-538.099 247.128 
-790.096 243.148 
229.904 236.133 
1433.9 214.142 
-415.102 211.152 
-149.108 199.143 
-1291.1 188.14 
192.901 187.135 
1349.89 186.146 
-1197.1 169.135 
-885.101 168.147 
-903.095 167.136 
-233.1 167.142 
2.90134 166.138 
759.898 163.14 
-14.1006 160.143 
-237.278 160.876 
604.895 147.138 
385.905 145.137 
-27.1004 136.138 
553.891 125.138 
71.9012 123.142 
521.894 113.132 
708.898 98.1448 
1364.9 97.1394 
1347.89 91.1399 
-845.097 90.1456 
1406.89 89.135 
-1585.1 87.1439 
-887.099 79.139 
-625.107 76.14 
231.896 74.1332 
-439.097 73.1345 
-731.093 67.1432 
742.899 66.1282 
-1012.1 47.1372 
-235.102 47.1354 
446.897 46.1456 
499.899 43.1356 
1156.89 44.1416 
883.903 38.1443 
299.901 34.14 
-132.098 30.1333 
37.9054 25.1448 
1340.9 21.1478 
1393.9 -4.85365 
-1373.1 -8.85573 
1181.9 -11.8566 
-958.103 -21.8624 
1359.9 -50.8587 
-334.096 -51.8672 
-365.105 -69.8683 
1156.9 -71.8621 
1078.9 -77.8609 
764.896 -79.8626 
-1097.1 -87.861 
230.899 -91.8556 
1064.9 -94.8634 
351.896 -95.8707 
-292.094 -105.867 
843.904 -106.856 
93.9046 -107.862 
679.898 -123.867 
1038.9 -131.857 
-287.097 -134.865 
-1212.1 -146.859 
-53.1055 -154.865 
-259.102 -157.854 
-150.103 -161.852 
432.898 -161.855 
-594.102 -176.853 
-1044.1 -177.86 
-380.099 -189.86 
939.909 -191.868 
-507.102 -194.855 
698.902 -198.85 
1530.9 -211.862 
-410.101 -216.858 
31.8985 -238.862 
1260.91 -252.864 
510.899 -254.853 
-566.1 -259.877 
990.887 -264.868 
-320.098 -271.868 
-1497.1 -286.863 
-308.097 -290.873 
775.899 -297.859 
-1276.1 -302.859 
1049.9 -322.862 
441.897 -330.861 
-1316.1 -333.868 
633.902 -334.87 
-764.101 -348.865 
-1564.1 -352.86 
-1054.1 -352.867 
1246.9 -367.862 
-1382.1 -370.866 
-1181.11 -375.864 
-413.098 -377.868 
1099.91 -405.859 
777.906 -413.858 
1111.9 -428.858 
-468.096 -429.865 
-554.099 -434.861 
110.896 -448.861 
277.897 -449.859 
1463.91 -469.859 
223.891 -486.864 
1463.9 -496.865 
347.893 -504.87 
-357.104 -506.86 
65.8949 -507.867 
-1530.1 -519.852 
-1059.1 -529.865 
1543.89 -543.859 
1044.91 -545.865 
-531.098 -548.861 
-1061.1 -555.855 
1155.9 -563.863 
875.899 -566.859 
660.901 -582.856 
1239.9 -589.858 
877.905 -609.863 
934.901 -611.854 
1446.91 -622.862 
-380.096 -632.856 
1477.9 -635.851 
279.903 -636.859 
3.90513 -639.86 
604.899 -645.861 
-429.092 -653.851 
858.894 -674.859 
-351.11 -683.857 
1433.9 -684.861 
-293.096 -689.817 
-1564.09 -692.851 
-1458.1 -693.859 
-805.091 -698.856 
-293.096 -689.926 
227.895 -710.844 
484.901 -725.859 
-485.101 -761.861 
1532.9 -770.866 
-116.096 -773.861 
435.898 -785.854 
704.898 -800.853 
-661.099 -806.866 
-58.1072 -812.845 
-853.106 -815.856 
-102.095 -815.859 
77.9037 -825.862 
-158.106 -833.864 
102.899 -838.857 
517.895 -840.862 
-1286.1 -843.861 
1371.89 -843.858 
-1254.1 -853.85 
1583.9 -856.857 
674.902 -870.858 
639.899 -877.861 
1590.91 -881.861 
183.899 -885.858 
-1613.1 -892.858 
1100.9 -900.854 
-329.097 -907.867 
1374.9 -911.862 
-1436.1 -921.85 
242.912 -924.863 
-1201.1 -925.869 
-1467.09 -931.866 
918.896 -937.854 
-1138.09 -966.863 
-997.1 -981.86 
-63.1061 -994.86 
1453.91 -1036.86 
-311.099 -1038.86 
680.902 -1049.86 
137.908 -1054.86 
-883.106 -1083.86 
-106.11 -1129.86 
1157.9 -1146.87 
155.901 -1167.86 
669.906 -1185.86 
-145.102 -1208.86 
