54.5046 1194.5 
1246.5 1172.51 
1296.5 1168.5 
1261.49 1153.51 
268.501 1140.5 
935.497 1141.5 
-1340.5 1132.5 
-407.498 1131.5 
123.497 1127.5 
612.505 1112.5 
-1000.5 1111.5 
562.508 1108.51 
134.496 1101.49 
-89.4987 1098.5 
1139.51 1091.5 
988.502 1073.5 
-769.503 1061.5 
355.493 1053.5 
-1439.5 1051.51 
845.494 1047.5 
330.494 1023.49 
-772.491 1020.5 
-646.497 1017.5 
65.5071 1016.49 
-1053.5 994.495 
-890.492 988.497 
847.507 961.496 
-769.496 946.5 
1048.5 935.505 
-812.499 922.497 
-1448.5 919.503 
1228.5 891.497 
241.502 882.502 
614.493 881.503 
191.422 878.866 
-192.5 878.505 
191.404 878.763 
44.4955 840.502 
-797.493 838.504 
-299.497 833.499 
589.499 831.501 
-858.497 824.503 
1567.5 825.496 
-262.502 813.498 
-206.507 810.495 
852.501 789.5 
-722.501 788.498 
1387.5 781.503 
947.5 770.497 
441.493 767.503 
-816.498 761.504 
765.5 757.497 
-1399.5 755.504 
-896.501 755.5 
-61.5049 752.5 
10.4983 751.497 
-1207.5 747.501 
-1235.5 741.501 
-1132.5 731.493 
1088.5 728.493 
-249.499 724.492 
-1201.49 700.504 
1446.5 698.501 
811.499 698.499 
10.5004 693.5 
-415.492 692.499 
-1101.5 674.492 
-899.496 649.505 
-202.506 646.5 
-229.505 641.498 
-132.494 623.499 
-478.498 606.5 
-1479.5 599.507 
-1383.5 597.495 
-1045.5 594.501 
-177.755 582.443 
-1479.51 586.021 
-1220.51 578.503 
-176.804 582.153 
1330.5 575.5 
-93.5018 572.498 
-603.508 556.496 
-1229.49 547.501 
-1450.5 520.493 
-691.495 519.497 
-669.502 513.501 
-925.5 507.503 
-590.495 504.498 
580.497 495.499 
648.5 494.491 
-395.491 480.504 
-637.502 478.503 
-105.504 475.507 
-1087.5 464.498 
-869.503 460.503 
-1308.5 440.5 
-877.503 431.504 
1473.5 428.506 
65.5063 416.494 
-783.505 414.495 
491.509 403.503 
-1437.5 393.495 
309.498 388.504 
-759.503 386.506 
-640.5 379.5 
676.503 372.501 
651.504 366.497 
844.498 366.505 
-562.499 360.5 
502.5 355.496 
-1457.5 348.507 
-265.489 348.502 
-930.496 334.502 
-1587.5 322.496 
-179.491 322.505 
-1044.5 318.498 
-1030.93 315.375 
1242.51 314.497 
-322.508 307.49 
-1033.13 311.537 
-171.504 293.501 
40.4927 271.495 
-1541.49 264.498 
831.496 255.496 
-1158.5 226.497 
-1144.81 220.676 
570.498 219.508 
-710.503 217.493 
1479.5 207.503 
-1189.5 204.493 
-614.494 203.501 
-428.506 199.495 
386.496 198.502 
288.498 193.501 
-1568.5 190.5 
-524.5 186.499 
-174.509 183.504 
319.496 171.507 
-1461.5 162.502 
1616.5 160.502 
-352.495 159.499 
-673.499 148.503 
-409.499 144.502 
-1107.5 140.502 
-662.589 140.429 
-103.504 130.506 
-574.114 120.988 
-573.942 120.386 
-1410.5 105.502 
-684.496 102.497 
-422.499 98.5016 
541.505 90.4974 
1294.49 88.5031 
-955.717 78.7185 
320.5 80.5017 
794.499 77.4979 
-729.504 77.4978 
-185.504 71.4979 
633.502 67.5 
806.153 68.0983 
-1233.49 53.4979 
-454.493 53.5037 
-773.499 52.4956 
-25.499 44.4957 
-1485.49 41.5033 
-456.753 38.8094 
-468.182 31.6903 
1326.51 26.4996 
764.504 14.496 
349.503 10.499 
0.501587 -0.497681 
-408.495 -6.49976 
-31.4952 -9.49866 
-1011.5 -10.4966 
-908.498 -10.4996 
-566.503 -19.5067 
1042.5 -33.4915 
-421.499 -50.499 
520.502 -58.5037 
-1275.5 -64.5 
-1295.5 -65.4954 
1541.5 -68.502 
610.495 -70.4989 
-903.475 -77.5221 
845.494 -93.5063 
935.504 -94.5038 
752.494 -97.5013 
145.496 -103.503 
189.496 -106.496 
-158.497 -111.497 
-257.5 -118.503 
-528.499 -119.501 
-89.5001 -127.497 
-1466.5 -129.507 
574.499 -133.5 
-843.496 -143.5 
122.506 -149.5 
-1342.49 -167.497 
-1179.5 -167.506 
-787.495 -168.498 
-963.502 -173.509 
-574.511 -177.505 
1164.5 -190.502 
1456.5 -194.499 
-134.49 -204.496 
-308.502 -208.496 
340.5 -210.5 
270.501 -224.494 
-505.499 -229.507 
1168.5 -240.502 
-5.50427 -256.505 
-733.504 -273.508 
-81.4989 -282.497 
-647.5 -283.494 
-1087.5 -287.502 
-388.5 -290.501 
-70.499 -301.504 
765.723 -310.034 
767.101 -310.157 
993.501 -324.501 
-1160.5 -329.505 
-684.503 -330.499 
230.497 -331.498 
-350.499 -347.5 
-199.493 -349.5 
-708.501 -356.498 
-1122.5 -360.499 
-106.497 -361.507 
-1213.5 -364.501 
-574.497 -379.499 
-1576.5 -381.504 
-1364.49 -385.496 
788.498 -386.501 
-1219.5 -395.503 
-833.503 -394.5 
-66.5012 -403.503 
-1412.5 -409.506 
-468.499 -409.494 
-241.501 -410.5 
-1238.5 -412.489 
183.508 -413.503 
-1329.5 -419.505 
303.498 -422.506 
-1327.71 -428.265 
-562.501 -436.5 
-384.504 -440.498 
-344.495 -445.502 
317.504 -445.502 
-433.501 -447.498 
-1314.5 -460.495 
-292.503 -464.512 
-526.502 -470.499 
-577.502 -476.499 
194.505 -482.498 
-827.498 -485.501 
237.5 -494.506 
-347.502 -496.498 
-875.5 -500.494 
-252.503 -508.51 
-769.5 -509.503 
-680.495 -512.497 
115.5 -512.506 
-1477.5 -517.499 
468.496 -519.5 
383.503 -522.505 
-1080.5 -541.503 
515.501 -544.498 
-557.501 -547.503 
794.496 -549.5 
216.501 -550.499 
-640.508 -558.501 
-607.507 -568.498 
-1477.49 -575.492 
1238.5 -591.499 
-297.499 -602.498 
-135.505 -606.502 
-346.502 -613.501 
-1250.5 -617.503 
-959.497 -617.505 
396.496 -617.51 
1139.5 -620.5 
-1214.95 -627.604 
1220.49 -626.499 
-333.494 -630.496 
26.4994 -632.497 
-1216.43 -629.159 
-532.501 -639.493 
438.499 -642.504 
757.499 -643.494 
446.52 -657.53 
-594.502 -662.503 
-111.497 -662.499 
448.009 -660.01 
39.5022 -671.5 
1023.49 -675.507 
-975.495 -677.495 
-1154.5 -683.499 
944.491 -693.504 
981.497 -695.504 
-1312.5 -699.643 
-651.504 -735.502 
1032.5 -743.506 
413.499 -766.5 
95.4976 -773.502 
-36.499 -779.505 
215.496 -780.501 
-732.5 -788.502 
-1383.5 -793.109 
1503.5 -790.494 
1164.5 -794.495 
-7.49329 -795.507 
-683.499 -798.503 
36.5079 -800.499 
-1383.5 -793.5 
-1284.5 -806.92 
738.511 -811.495 
21.4955 -823.495 
1040.5 -834.504 
-1354.49 -835.503 
-7.50562 -836.499 
-110.498 -844.502 
888.499 -860.502 
1103.5 -863.501 
-826.503 -866.495 
1171.5 -866.493 
-1141.5 -867.495 
367.495 -869.506 
613.499 -874.495 
348.496 -879.495 
-332.503 -880.505 
-278.504 -884.502 
-44.5 -886.502 
61.4967 -887.499 
-1518.5 -892.507 
-1235.5 -893.504 
1609.5 -898.498 
639.501 -899.497 
-693.496 -902.499 
-613.502 -906.497 
-479.499 -913.498 
-173.498 -922.497 
304.501 -924.5 
1219.5 -926.498 
268.496 -929.506 
-647.502 -936.499 
707.507 -939.497 
1102.49 -940.501 
-349.1 -945.658 
973.499 -952.501 
1220.5 -952.502 
-349.118 -945.736 
15.4996 -954.496 
49.5016 -959.496 
106.499 -968.499 
1409.5 -969.502 
-52.5107 -977.499 
1026.51 -985.499 
-1102.5 -989.504 
-327.502 -993.504 
-535.506 -993.499 
1420.49 -993.503 
763.5 -1015.5 
1098.5 -1023.5 
1291.5 -1028.5 
-419.5 -1036.5 
-528.501 -1041.5 
274.505 -1044.5 
-199.499 -1046.5 
20.4978 -1049.5 
-191.45 -1056.66 
232.501 -1070.49 
-223.494 -1072.5 
211.501 -1075.49 
1486.5 -1075.5 
-853.496 -1078.5 
-1565.5 -1081.5 
440.5 -1094.5 
829.501 -1102.5 
321.502 -1113.49 
-95.4996 -1115.49 
37.4973 -1119.5 
-999.497 -1128.5 
20.4939 -1134.5 
-434.503 -1143.5 
1606.49 -1156.5 
1214.5 -1170.5 
765.503 -1185.5 
391.5 -1192.51 
-643.127 -1200.58 
326.495 -1211.5 
