234.502 1208.5 
273.491 1194.5 
-635.504 1172.5 
-1250.5 1170.49 
-728.5 1164.5 
-767.499 1137.5 
-1308.5 1131.51 
-42.5023 1096.5 
1535.5 1093.5 
-410.501 1044.5 
-476.5 1035.51 
-128.498 1035.5 
-498.5 1014.51 
-530.495 1002.5 
1103.51 992.502 
-529.458 996.773 
269.498 991.504 
219.499 986.5 
-157.506 982.501 
1595.5 962.506 
-1145.5 960.503 
-259.496 952.503 
-1146.5 935.496 
983.498 924.506 
1245.5 915.501 
-252.501 909.498 
855.5 897.496 
873.503 884.503 
-518.506 863.5 
-769.503 857.498 
-1597.51 856.499 
-502.496 853.496 
-168.508 851.502 
-1243.5 846.5 
738.496 830.502 
-1216.5 817.495 
-515.495 815.506 
-418.501 803.499 
-551.502 800.499 
-395.505 795.497 
1591.5 781.496 
-814.501 776.506 
288.506 755.506 
753.496 749.502 
-577.501 741.502 
-1159.5 703.503 
-174.507 703.495 
1527.51 687.504 
-1496.5 680.496 
-458.494 677.502 
947.5 670.499 
401.5 647.495 
1053.5 644.5 
368.498 641.501 
1078.5 627.504 
296.498 608.504 
225.501 605.505 
-249.498 600.497 
521.495 591.502 
-814.497 574.495 
490.5 572.5 
511.501 570.503 
-827.497 553.501 
-124.498 552.503 
-854.504 549.501 
1202.5 538.5 
-389.507 528.505 
-70.4905 515.502 
714.503 496.503 
-1168.5 487.503 
-995.51 484.494 
593.498 480.49 
-840.494 479.496 
-129.5 464.494 
363.505 446.5 
838.501 442.503 
1444.5 438.493 
717.499 433.507 
-873.498 395.5 
1000.5 382.49 
-279.499 380.505 
-238.501 365.497 
-1593.49 359.496 
-1130.5 349.509 
-806.494 346.501 
-178.512 342.497 
452.505 324.492 
-1381.5 317.5 
1245.49 305.499 
55.4967 279.5 
955.5 277.502 
-855.503 266.495 
117.501 262.5 
-318.506 261.496 
1477.5 251.501 
-280.498 236.499 
-448.496 224.501 
1377.5 218.506 
618.504 212.498 
1359.5 187.498 
-1435.49 176.503 
-617.494 152.501 
329.496 145.498 
595.496 138.496 
1519.5 138.503 
120.498 115.497 
657.498 115.5 
1244.5 108.494 
-1414.5 98.4976 
-1513.5 93.4983 
-364.499 86.5026 
1235.49 84.5017 
1513.5 69.4983 
-1067.5 42.5021 
-428.497 39.5026 
-1129.5 37.5004 
-707.501 30.5038 
-1568.5 16.5048 
-518.499 5.49792 
0.500732 -0.501465 
1451.5 -3.50183 
-588.5 -10.5021 
-943.5 -14.4955 
-397.504 -48.4971 
1216.5 -52.4962 
-1049.49 -61.5018 
-831.5 -70.4982 
1189.5 -69.4978 
1097.5 -72.5 
-465.5 -75.4944 
631.495 -84.4957 
1027.5 -95.4937 
-1006.5 -101.504 
-1543.5 -147.495 
-1491.51 -147.502 
272.492 -161.493 
-1524.5 -163.494 
-789.503 -173.497 
-543.499 -180.498 
514.499 -181.502 
932.501 -184.491 
785.502 -212.501 
-692.507 -220.504 
-308.501 -236.503 
82.5018 -238.503 
-518.503 -258.507 
275.498 -270.494 
578.5 -276.495 
447.499 -288.5 
-56.4961 -297.5 
-270.494 -313.496 
-122.501 -328.502 
-928.499 -344.498 
-899.5 -345.498 
-1120.5 -361.495 
1346.5 -364.504 
982.498 -372.495 
1602.5 -376.503 
1370.5 -380.495 
-961.496 -383.5 
34.4989 -394.504 
-920.5 -402.5 
-1500.51 -404.496 
-500.502 -408.502 
-1159.5 -417.503 
-388.507 -435.5 
-180.501 -441.5 
-875.501 -462.504 
1055.5 -474.504 
-1314.5 -482.503 
255.495 -483.499 
1547.51 -492.494 
-1064.49 -510.499 
872.496 -518.5 
-751.499 -519.494 
-674.493 -537.498 
-1237.5 -548.495 
-231.499 -552.496 
-1615.51 -587.503 
470.495 -638.505 
-142.506 -640.5 
133.503 -642.501 
249.499 -657.506 
797.502 -679.504 
-1319.5 -685.499 
-987.508 -687.499 
580.493 -705.506 
277.486 -732.496 
1364.49 -733.502 
31.5073 -776.508 
1014.5 -785.493 
-1145.5 -792.503 
-192.495 -794.5 
853.498 -794.503 
-907.496 -807.503 
-564.503 -821.499 
775.499 -836.499 
1138.5 -846.504 
838.502 -848.497 
-388.498 -849.492 
343.501 -850.504 
732.437 -878.459 
526.508 -886.497 
-126.499 -897.503 
84.5021 -901.5 
1085.51 -922.497 
503.495 -942.5 
937.495 -958.501 
545.501 -961.497 
170.495 -963.499 
1324.5 -968.504 
-1343.5 -971.499 
475.498 -979.504 
-1081.5 -1004.5 
-947.503 -1007.5 
-122.503 -1008.49 
1098.5 -1010.5 
1435.5 -1010.51 
-617.493 -1046.49 
1354.5 -1074.5 
373.5 -1079.5 
346.5 -1089.5 
-717.493 -1107.51 
256.496 -1120.5 
-776.504 -1133.51 
189.496 -1138.5 
1263.5 -1143.5 
572.509 -1160.5 
-324.494 -1172.51 
1113.5 -1173.5 
1141.5 -1179.5 
-1230.5 -1191.5 
1271.49 -1194.5 
-687.504 -1205.5 
