239.502 1209.5 
877.501 1208.5 
178.504 1198.5 
1326.34 1179.87 
1389.5 1179.5 
1326.31 1179.76 
-320.503 1167.5 
750.502 1166.5 
303.503 1151.5 
1139.5 1147.5 
-155.503 1145.49 
785.503 1141.5 
-181.495 1141.5 
847.5 1133.49 
130.502 1130.5 
207.496 1130.5 
-91.4932 1124.5 
-156.501 1098.51 
-894.499 1084.5 
-71.5007 1064.5 
995.503 1056.51 
1078.51 1048.5 
780.492 1042.51 
1609.5 1024.51 
596.494 1023.5 
-409.499 1022.5 
109.493 1021.5 
-329.504 1012.5 
-411.628 1011.39 
-1571.5 985.5 
1064.5 982.506 
-191.502 979.502 
-34.495 979.497 
814.501 952.499 
-204.496 950.494 
784.498 950.496 
-396.504 944.506 
514.499 937.495 
886.501 920.507 
378.498 897.498 
827.613 879.815 
61.5035 881.496 
827.64 879.74 
285.499 868.494 
306.499 860.495 
918.497 859.5 
-92.5056 855.5 
-288.501 854.501 
381.504 842.495 
105.505 828.499 
-737.497 822.509 
-402.503 822.496 
331.5 821.508 
-1404.5 801.502 
93.4924 800.496 
574.505 795.495 
-1141.5 789.503 
-424.496 782.497 
178.504 772.501 
-533.497 772.497 
-833.501 765.491 
-1518.49 762.505 
-676.494 759.503 
883.498 754.498 
-889.51 742.497 
196.499 741.503 
309.505 720.496 
-503.502 714.505 
-1303.5 713.5 
29.4996 710.493 
-73.1183 707.232 
-68.5868 705.361 
-67 699.131 
382.508 691.496 
1061.5 667.502 
-534.496 649.495 
683.503 640.507 
-188.466 632.16 
-1256.5 632.501 
-985.489 627.495 
-182.997 628.95 
-219.493 616.498 
-452.495 610.497 
615.497 604.5 
1341.5 600.5 
769.498 600.504 
-1468.5 596.504 
1570.5 590.497 
-978.498 587.5 
-1057.5 575.505 
772.5 568.503 
213.501 566.502 
-785.498 561.504 
-1242.5 560.495 
-418.504 551.5 
-824.494 546.503 
-158.498 545.5 
303.507 538.496 
1570.5 534.498 
-1546.5 533.507 
-1059.5 533.505 
999.5 513.503 
-995.5 509.505 
387.505 509.491 
-1401.51 508.496 
485.502 508.495 
-487.505 502.499 
236.498 492.498 
-632.506 484.502 
-790.501 482.496 
-663.502 480.49 
-278.502 480.503 
243.483 485.279 
-1119.5 477.501 
-1185.5 473.505 
-34.1871 465.356 
-698.502 463.502 
-34.1609 465.265 
554.509 455.502 
327.301 451.105 
745.504 453.503 
493.507 449.508 
218.495 448.497 
327.536 449.88 
172.494 431.497 
-814.503 419.496 
127.502 413.506 
472.506 405.505 
-97.5012 388.502 
1266.49 387.504 
809.499 386.505 
-346.5 379.499 
-329.504 377.492 
1385.5 376.498 
-5.5022 373.503 
-1528.5 369.499 
1618.5 366.498 
432.498 364.499 
1297.5 358.505 
-1250.5 351.495 
428.83 350.689 
-493.497 345.495 
414.506 345.496 
709.499 338.502 
-1325.5 336.504 
-1256.34 340.113 
-929.495 316.496 
309.497 310.503 
-12.671 308.506 
-1163.5 298.497 
466.505 296.499 
-398.499 293.498 
-1077.5 292.499 
875.499 283.497 
-1542.5 276.499 
-264.502 268.51 
1275.5 258.497 
445.495 255.496 
-1616.5 238.499 
31.4939 236.496 
893.507 231.5 
-79.4974 227.499 
856.499 227.494 
1545.5 226.504 
-1382.5 223.495 
-1532.5 219.504 
328.494 205.505 
-752.499 204.501 
77.5068 203.504 
-1161.5 185.499 
-903.5 183.498 
1292.5 176.494 
-689.506 165.498 
597.499 158.498 
273.504 157.499 
-743.506 155.508 
700.502 146.502 
-203.503 144.504 
-610.506 140.501 
-1009.5 138.5 
-271.506 118.493 
768.5 116.498 
-1093.51 116.503 
-1329.5 109.496 
-444.499 102.5 
-319.502 95.5067 
1029.5 95.4993 
-889.501 94.5013 
109.495 94.4945 
330.499 94.5082 
-988.502 93.4946 
-485.497 89.4987 
1078.5 83.4989 
-243.505 83.4917 
527.496 77.4973 
187.503 69.5001 
-328.505 68.5001 
-420.499 66.4932 
1480.5 66.4979 
-827.496 63.501 
-346.496 56.5013 
-420.499 59.2827 
993.5 51.4996 
705.494 47.5004 
-1486.5 44.5018 
1588.5 33.4983 
144.496 31.5029 
-414.503 28.4987 
432.491 13.5068 
118.5 12.5004 
-884.501 10.5022 
-550.498 6.50037 
-1233.5 4.5011 
0.504761 -0.490234 
1526.5 -28.5081 
831.501 -30.5024 
-1294.5 -32.5032 
-807.496 -35.4996 
238.5 -36.502 
745.502 -41.4996 
-557.505 -42.4974 
458.501 -50.4996 
1142.5 -57.5063 
1225.5 -57.495 
752.501 -63.4967 
609.502 -82.5 
-8.50562 -84.5004 
334.497 -85.5031 
-233.493 -87.4984 
-52.5006 -89.4996 
240.499 -92.5078 
702.505 -114.505 
39.5 -118.501 
-383.494 -121.5 
219.506 -126.502 
360.505 -129.499 
268.497 -131.496 
409.501 -132.495 
555.498 -133.506 
-1393.51 -135.504 
-356.764 -137.36 
119.501 -139.501 
-698.502 -145.496 
446.5 -146.495 
1072.5 -160.498 
735.496 -165.5 
494.494 -175.498 
-1422.5 -178.491 
-142.494 -178.5 
-443.452 -180.456 
-794.497 -185.497 
-815.491 -186.503 
147.502 -190.5 
434.491 -194.496 
-313.501 -197.496 
225.498 -198.49 
-912.5 -203.501 
175.501 -206.504 
-1282.5 -223.502 
525.494 -226.497 
-164.499 -228.498 
1001.49 -233.491 
-510.502 -247.111 
-510.502 -247.503 
-926.498 -257.497 
-1604.5 -269.5 
1132.5 -270.501 
-435.502 -277.933 
-493.502 -288.509 
233.493 -288.499 
-740.5 -290.499 
172.502 -296.502 
1142.5 -298.498 
-625.505 -303.502 
997.499 -305.499 
414.495 -305.494 
463.505 -307.501 
905.5 -316.493 
-1549.5 -320.493 
423.499 -324.505 
1041.49 -328.495 
623.505 -349.494 
109.495 -350.496 
-1273.5 -356.498 
-1475.5 -360.501 
-328.495 -360.498 
-407.505 -362.506 
-1376.5 -373.501 
1006.5 -379.505 
28.4987 -380.502 
-1337.5 -387.493 
1199.5 -393.505 
-920.502 -399.501 
70.4956 -400.501 
636.5 -408.49 
785.499 -413.497 
1297.5 -412.5 
-65.4904 -428.504 
-682.497 -449.495 
1346.5 -451.502 
789.501 -454.504 
-1301.5 -459.51 
-313.497 -473.499 
44.5006 -491.5 
1191.5 -494.501 
-1244.5 -504.496 
115.5 -513.498 
-1104.5 -524.488 
-744.507 -531.505 
1233.51 -531.501 
79.5006 -532.496 
690.501 -539.506 
1238.59 -548.091 
236.499 -552.499 
379.505 -558.496 
1240.01 -551.009 
715.502 -562.506 
827.494 -568.5 
430.501 -576.504 
760.5 -578.503 
601.494 -582.502 
-1358.5 -595.501 
740.503 -597.499 
708.506 -602.495 
954.493 -607.5 
-119.502 -608.499 
171.497 -610.496 
351.588 -614.411 
-247.504 -615.498 
1612.5 -622.5 
525.506 -639.506 
660.501 -639.502 
1175.5 -649.498 
-789.504 -651.504 
170.506 -655.495 
363.501 -664.503 
767.504 -669.502 
270.49 -679.505 
-293.508 -718.5 
-347.502 -720.501 
707.49 -720.492 
634.502 -722.5 
740.496 -734.502 
-968.505 -739.499 
1099.5 -738.49 
1076.5 -742.505 
476.496 -746.501 
797.499 -758.5 
483.014 -759.926 
448.496 -764.506 
42.8864 -766.037 
977.501 -768.503 
1.50037 -771.497 
238.502 -771.501 
1018.5 -773.499 
-563.498 -782.502 
1543.5 -791.5 
-242.501 -797.496 
692.498 -811.495 
-297.502 -814.5 
1379.51 -817.501 
24.4962 -819.506 
-1142.5 -822.506 
564.496 -839.5 
-10.5006 -844.502 
1402.5 -850.501 
215.5 -870.504 
-27.5046 -875.502 
-952.496 -879.496 
696.501 -881.503 
959.499 -881.502 
186.505 -888.498 
-172.495 -889.5 
676.507 -890.499 
884.497 -891.505 
908.498 -893.508 
-1046.5 -899.505 
-392.495 -908.503 
1473.49 -912.496 
147.504 -914.502 
-436.494 -926.494 
-297.499 -933.496 
-104.494 -934.502 
264.498 -934.503 
-334.506 -940.501 
-195.5 -943.508 
-813.504 -950.501 
-1453.51 -958.5 
993.504 -961.503 
-741.503 -965.5 
1128.51 -981.511 
1520.5 -1008.5 
56.4971 -1016.5 
-1153.51 -1038.5 
977.503 -1056.51 
1051.5 -1059.5 
-1571.5 -1066.5 
343.498 -1067.49 
-216.506 -1068.5 
-597.496 -1075.5 
752.494 -1075.5 
-347.503 -1082.5 
-943.498 -1093.51 
893.499 -1092.5 
799.502 -1118.5 
1576.5 -1118.5 
418.499 -1120.51 
300.502 -1125.5 
-809.503 -1125.51 
-134.499 -1125.5 
155.499 -1162.5 
-1481.51 -1168.5 
-116.496 -1171.5 
1317.5 -1174.5 
1477.5 -1179.5 
-408.494 -1181.5 
-993.504 -1186.51 
-234.501 -1191.5 
