1033.5 1207.5 
673.503 1183.5 
952.501 1183.49 
842.494 1180.5 
-363.502 1174.5 
811.497 1173.5 
1053.5 1172.5 
669.501 1164.5 
807.502 1143.5 
376.503 1120.5 
988.494 1119.5 
-117.499 1118.5 
1243.49 1115.5 
709.504 1114.5 
727.501 1113.49 
593.499 1099.5 
-662.493 1090.49 
-1114.5 1088.5 
871.498 1088.5 
-830.505 1081.5 
317.503 1080.5 
1464.5 1071.5 
320.75 1073.96 
303.83 1061.27 
-1294.5 1059.5 
308.459 1056.54 
-273.506 1048.5 
479.502 1046.51 
1423.5 1047.51 
1480.49 1045.51 
260.498 1040.51 
1157.51 1018.5 
698.494 1016.5 
-1356.51 1008.5 
952.498 1006.5 
578.498 1005.49 
580.583 999.763 
316.497 986.504 
965.5 982.496 
895.501 982.502 
1111.49 977.501 
723.504 969.502 
-29.5 962.497 
-233.496 958.504 
677.507 958.502 
-44.5059 950.5 
-1021.5 936.501 
-512.499 935.495 
1311.5 933.497 
-270.501 923.503 
1031.5 918.49 
1344.5 895.503 
765.5 890.5 
-541.499 889.5 
315.501 888.502 
-261.509 861.506 
692.498 848.501 
1141.5 846.504 
425.503 845.507 
-309.496 843.498 
1101.5 842.509 
281.506 836.501 
-25.4954 834.499 
-1154.49 826.501 
1530.5 819.497 
-581.503 804.493 
1007.5 799.505 
-409.501 790.5 
-869.5 781.492 
809.494 781.497 
-144.498 778.504 
1012.5 772.499 
670.495 771.495 
860.501 771.505 
1207.5 765.497 
697.041 762.036 
379.499 753.505 
682.139 750.769 
617.492 742.502 
682.361 749.825 
317.514 735.508 
1188.5 735.496 
378.5 734.5 
585.5 727.501 
159.498 719.507 
1393.5 714.506 
-545.496 701.496 
1412.51 701.5 
-849.497 693.496 
-986.498 692.498 
417.507 688.499 
-581.498 683.504 
1418.49 682.504 
-132.496 680.507 
-1012.5 679.497 
356.498 670.496 
560.503 669.495 
-327.499 656.888 
-244.502 658.497 
584.501 655.495 
1471.5 653.497 
1417.5 652.502 
-327.5 656.497 
-1532.5 645.502 
-621.501 640.502 
674.504 640.49 
-333.502 631.506 
160.497 630.503 
202.502 628.5 
-165.498 621.498 
-514.498 619.491 
52.5071 618.49 
-1398.5 616.498 
-277.501 605.499 
751.495 603.502 
92.4979 599.505 
-8.50439 592.498 
1407.5 588.504 
677.502 587.497 
887.504 582.499 
1044.5 574.505 
-56.4974 565.497 
-162.495 564.503 
433.506 562.502 
506.505 557.496 
136.505 548.5 
1148.51 545.503 
323.5 540.5 
-141.505 530.507 
965.501 530.503 
1039.49 530.496 
-297.498 528.499 
916.501 520.493 
868.502 519.497 
762.498 515.495 
349.498 499.505 
594.499 490.502 
-814.494 489.498 
392.504 488.498 
-760.502 485.5 
483.498 476.501 
654.492 476.496 
-35.5039 475.498 
763.496 475.493 
1360.5 473.505 
502.502 468.502 
1112.49 465.499 
854.501 461.499 
223.493 446.509 
1066.5 446.501 
18.4978 442.493 
767.498 441.503 
494.5 440.496 
237.152 436.809 
1126.5 436.499 
-96.5048 435.497 
827.651 431.857 
-342.5 432.497 
-818.504 430.499 
359.498 426.501 
-681.501 425.497 
824.352 425.727 
1107.49 422.496 
-1376.5 421.498 
-238.499 421.504 
825.682 426.275 
497.5 411.501 
49.4974 410.492 
534.492 401.503 
865.5 400.502 
1102.5 390.498 
794.509 384.495 
1127.5 378.505 
324.734 371.308 
788.389 374.953 
-902.501 368.497 
1062.5 366.503 
328.535 367.016 
1220.49 356.495 
-1289.49 352.505 
320.795 348.886 
551.494 347.499 
50.8547 342.353 
335.5 338.5 
61.7072 339.163 
32.4977 337.497 
-152.496 336.505 
1359.51 324.498 
692.496 322.499 
-541.502 315.498 
412.494 310.503 
1346.5 308.502 
489.497 307.503 
425.093 295.023 
695.505 294.497 
-603.497 276.494 
-1378.5 275.496 
288.5 274.5 
1025.49 269.496 
38.5012 262.499 
852.503 258.5 
786.501 257.503 
524.497 257.5 
-1277.51 251.494 
417.495 239.503 
41.5026 236.497 
1022.5 235.503 
-1206.5 229.501 
406.244 225.489 
-611.498 216.5 
417.848 210.298 
80.4952 205.501 
549.498 205.494 
-931.5 204.497 
1224.51 202.499 
687.504 191.499 
-40.5054 187.501 
-1472.5 184.503 
-267.496 181.506 
177.497 176.504 
-538.498 169.501 
-823.499 161.503 
934.499 160.502 
424.499 157.494 
1226.51 157.5 
-987.497 154.494 
845.499 133.502 
-124.505 131.494 
-40.495 127.499 
484.503 112.503 
1239.22 106.517 
1247.05 102.915 
989.509 92.4974 
-679.505 89.4962 
595.504 83.5027 
-533.5 80.4976 
1429.5 80.4976 
1460.5 78.5018 
313.495 73.4996 
-910.499 71.4928 
392.499 64.5001 
355.502 64.5 
-14.5004 58.4971 
501.497 51.5011 
797.502 49.4996 
576.499 44.495 
31.4993 39.5074 
-1415.5 33.4911 
-975.504 22.4966 
-1258.5 13.4951 
467.504 12.493 
-1139.5 2.49536 
0.5 -0.501831 
930.501 -5.49536 
406.508 -16.4985 
-726.5 -17.4938 
89.4996 -20.4905 
187.501 -36.4996 
359.503 -38.5065 
301.502 -42.4958 
-703.496 -47.499 
-489.507 -54.5021 
287.143 -56.3199 
-297.495 -57.5067 
-1125.5 -59.5072 
-584.501 -63.4965 
71.4946 -63.5076 
341.429 -66.1833 
287.45 -57.9324 
346.108 -65.9244 
-970.498 -71.4987 
-343.499 -74.5023 
-201.501 -75.4983 
1611.49 -76.5017 
-491.498 -77.4929 
501.492 -80.4919 
672.5 -84.5029 
292.502 -88.5011 
701.496 -88.4965 
-955.495 -92.4993 
-763.5 -103.502 
905.499 -106.498 
629.505 -108.506 
-428.503 -112.502 
-300.504 -112.498 
1548.5 -115.502 
-318.497 -120.501 
78.4979 -121.496 
628.503 -130.498 
424.495 -134.499 
-865.504 -137.492 
90.6997 -137.626 
-1612.5 -140.497 
-701.496 -140.5 
285.499 -140.499 
782.503 -142.501 
-620.495 -143.497 
680.5 -143.502 
-336.498 -145.494 
75.5026 -145.497 
33.5074 -148.51 
639.509 -148.497 
238.502 -151.5 
438.5 -156.496 
335.068 -157.999 
-164.494 -158.495 
-900.506 -160.497 
331.646 -158.33 
-1354.5 -164.493 
-512.504 -177.499 
-367.495 -189.507 
-961.498 -198.5 
970.496 -201.498 
-762.501 -203.496 
-614.497 -203.495 
1045.5 -206.498 
-677.497 -213.496 
277.496 -214.497 
425.499 -214.497 
-486.502 -217.495 
-917.502 -231.501 
-482.124 -226.625 
362.507 -245.498 
-177.496 -246.502 
569.494 -253.498 
735.503 -254.505 
174.5 -259.503 
-855.498 -261.5 
-103.494 -262.502 
-468.505 -266.492 
1316.5 -269.505 
841.501 -281.504 
406.499 -285.513 
1557.5 -293.496 
560.496 -299.503 
-662.501 -302.501 
1511.49 -304.501 
552.193 -307.332 
-346.505 -314.498 
-412.388 -315.695 
-410.679 -320.04 
-754.502 -327.504 
-193.498 -335.497 
-315.499 -335.493 
-369.495 -346.496 
146.503 -353.504 
-240.508 -367.503 
144.013 -362.574 
159.506 -372.497 
1095.51 -372.503 
-189.5 -374.498 
204.502 -388.5 
975.502 -391.503 
-250.275 -402.976 
-246.229 -405.601 
222.499 -411.498 
1112.5 -414.51 
507.504 -421.502 
-994.5 -422.496 
-665.502 -424.495 
-510.499 -428.497 
-304.501 -427.498 
64.505 -428.497 
-1232.5 -443.494 
-888.51 -445.494 
-1471.5 -447.498 
1188.5 -449.501 
-1289.5 -453.497 
1128.5 -460.496 
1551.49 -462.499 
-1011.49 -463.502 
-1433.5 -464.497 
157.504 -494.496 
199.506 -500.506 
367.502 -501.495 
-110.502 -510.496 
1377.5 -510.505 
367.502 -528.505 
-165.502 -530.497 
279.5 -535.495 
961.501 -538.496 
-412.498 -553.501 
-1488.5 -554.495 
-639.5 -560.502 
-79.5005 -562.502 
997.503 -563.504 
79.5028 -566.501 
153.504 -567.501 
-1248.5 -585.501 
12.4993 -585.503 
819.499 -586.495 
48.504 -592.503 
1106.5 -592.507 
-730.505 -593.506 
-638.508 -595.503 
275.503 -603.498 
61.1328 -608.042 
127.493 -610.499 
322.5 -611.501 
61.5005 -617.599 
105.498 -630.5 
368.499 -632.503 
-762.5 -634.506 
-1538.5 -638.502 
-8.49792 -640.502 
55.5 -642.498 
-463.503 -645.493 
429.496 -648.501 
-501.501 -656.5 
33.4945 -662.499 
-1510.5 -670.502 
322.497 -684.5 
-116.504 -687.499 
179.498 -697.503 
-89.4954 -698.499 
5.50037 -698.497 
447.733 -701.957 
871.495 -701.499 
-721.504 -704.497 
105.504 -712.501 
661.498 -713.497 
396.51 -715.499 
267.499 -720.507 
-129.494 -726.502 
105.496 -732.501 
-925.502 -743.495 
-169.503 -748.495 
879.497 -749.499 
1062.5 -750.495 
-1027.5 -760.505 
-998.502 -761.501 
-849.498 -760.498 
-723.499 -762.498 
-335.504 -765.497 
-69.5007 -768.497 
-20.4954 -769.495 
570.493 -773.502 
-1328.5 -774.508 
-425.5 -774.497 
284.503 -783.499 
-687.494 -784.498 
-1619.49 -789.495 
-602.497 -796.5 
83.501 -796.499 
547.495 -798.499 
-390.503 -800.506 
-700.497 -801.504 
202.502 -805.496 
234.498 -808.498 
-153.497 -812.498 
206.499 -811.554 
-1233.5 -819.503 
-1193.5 -820.498 
437.501 -825.501 
1555.5 -838.503 
285.5 -844.495 
-933.5 -858.498 
908.499 -861.498 
185.498 -863.498 
-1281.51 -874.498 
498.504 -892.504 
-593.502 -893.505 
-260.496 -909.487 
690.494 -911.503 
870.5 -920.503 
-645.496 -923.495 
28.4989 -923.502 
1543.5 -929.5 
1006.5 -932.494 
-610.501 -943.498 
-167.507 -945.502 
-1410.5 -947.495 
-185.494 -954.502 
-162.967 -957.24 
1346.5 -965.495 
-1067.5 -972.5 
-747.503 -975.498 
325.496 -980.503 
723.498 -981.502 
-1222.5 -995.497 
-390.507 -998.504 
286.501 -997.497 
-191.502 -1018.49 
154.5 -1022.5 
-1352.5 -1027.5 
-397.5 -1030.49 
616.501 -1036.5 
-1536.5 -1048.5 
-381.499 -1054.5 
-570.5 -1058.5 
905.498 -1058.49 
1436.5 -1083.5 
216.5 -1084.5 
-500.497 -1090.5 
497.497 -1109.5 
-642.498 -1117.51 
-809.499 -1122.5 
-233.498 -1124.5 
1196.51 -1125.5 
-664.505 -1127.5 
-162.5 -1128.5 
-379.498 -1130.5 
-298.501 -1142.36 
757.503 -1149.5 
-298.848 -1143.5 
124.503 -1167.51 
812.493 -1171.5 
2.50037 -1176.5 
189.496 -1177.5 
-1073.5 -1195.5 
-70.5005 -1209.5 
991.505 -1208.5 
-1426.5 -1211.5 
