-189.099 1210.14 
-294.1 1201.14 
758.893 1188.14 
962.9 1172.14 
1084.89 1172.14 
260.886 1171.14 
-1087.1 1166.14 
1376.9 1166.14 
729.899 1165.14 
-80.0979 1163.14 
1157.9 1164.15 
706.905 1160.13 
-756.095 1154.13 
-1101.62 1153.7 
-41.1056 1152.14 
586.908 1147.14 
-186.101 1136.14 
-1.09524 1130.13 
1246.9 1125.14 
347.909 1121.14 
843.901 1121.15 
-763.092 1118.14 
1429.9 1111.14 
-411.103 1106.14 
737.905 1103.13 
1062.9 1099.15 
681.902 1097.14 
301.903 1085.13 
-590.102 1081.14 
-967.097 1079.15 
1149.9 1070.14 
-1567.1 1069.14 
-136.108 1069.15 
-523.101 1063.13 
896.905 1062.15 
1459.9 1059.15 
-274.097 1052.13 
343.897 1050.14 
883.895 1036.15 
1374.9 1033.15 
-879.091 1029.13 
-814.103 1024.14 
988.896 1017.14 
1325.89 1017.14 
-856.111 1010.14 
1198.91 1009.14 
-142.099 1009.15 
-439.094 997.139 
-1116.1 995.136 
-133.092 990.142 
-260.111 989.146 
-866.105 978.126 
-148.098 977.132 
109.901 976.137 
-886.102 969.143 
-442.107 967.141 
348.903 966.138 
1108.9 964.14 
-1526.1 962.147 
-828.102 942.152 
-542.101 942.131 
1398.89 938.136 
433.901 937.134 
-875.09 934.14 
-626.087 933.143 
-551.411 933.256 
-237.097 925.149 
1119.91 923.149 
-169.114 921.13 
200.904 916.133 
1404.9 910.144 
-1505.1 903.145 
-28.0963 903.135 
-589.087 898.475 
-306.089 901.137 
328.898 901.143 
-161.098 900.139 
-1171.1 890.13 
-590.969 895.207 
230.897 872.138 
874.9 873.141 
-625.1 867.137 
-537.097 864.138 
-920.103 863.128 
-91.0937 849.134 
1564.9 850.142 
-814.093 848.148 
225.908 844.135 
-1236.1 843.14 
562.901 841.141 
-301.096 840.134 
-82.199 840.083 
-1185.1 829.138 
-742.099 828.144 
-539.097 828.139 
-694.096 825.134 
-94.0982 824.144 
-268.099 819.139 
1023.9 820.139 
-648.103 813.137 
-90.7965 817.527 
-824.099 805.139 
1363.9 805.143 
-1188.1 800.143 
-433.092 797.144 
-271.088 788.138 
-545.105 787.137 
-1184.1 781.138 
1546.9 777.134 
844.893 775.141 
183.447 769.069 
1271.9 771.14 
-378.102 766.142 
-136.098 765.137 
186.945 767.518 
209.895 764.13 
-1167.1 762.151 
-284.105 762.142 
-676.107 755.135 
-268.099 750.144 
-18.1007 721.134 
-182.103 713.132 
394.9 712.141 
-12.4508 713.058 
899.9 704.134 
1140.9 701.137 
-1301.1 698.135 
-549.097 697.142 
172.905 694.134 
-476.092 693.134 
-143.083 689.138 
-978.11 688.139 
-307.104 676.136 
-999.099 664.142 
1311.9 660.131 
193.902 654.147 
-238.099 650.14 
868.896 645.144 
-127.091 641.139 
-482.108 640.131 
-1422.1 637.146 
308.901 629.134 
-1562.1 628.146 
790.893 624.139 
1231.89 624.141 
236.899 607.148 
-819.107 606.14 
451.9 603.147 
-400.096 602.123 
49.9 583.144 
-380.103 582.138 
-1136.11 579.149 
-818.112 579.133 
-947.099 571.133 
-678.107 566.134 
-910.094 564.133 
550.9 562.136 
-1563.1 547.144 
-632.101 543.149 
-509.518 539.266 
-1109.1 535.136 
-415.097 534.142 
-524.743 531.907 
-509.627 538.684 
-448.1 528.141 
-189.097 526.141 
-249.104 526.139 
-33.0994 524.141 
323.902 523.142 
-1443.09 522.132 
79.9059 522.147 
1499.9 519.14 
-502.096 515.136 
231.897 513.15 
6.90769 510.145 
177.906 501.142 
112.901 492.143 
333.913 485.137 
475.893 482.138 
-1269.1 478.137 
-854.092 476.145 
1561.9 476.139 
886.903 475.146 
-223.089 472.134 
1129.9 468.136 
-1218.1 462.14 
-165.09 455.138 
-227.937 454.655 
-535.103 451.139 
-1257.1 452.143 
-1608.1 448.139 
-933.1 444.152 
-609.105 432.142 
1019.91 431.143 
319.899 430.14 
-14.1007 427.142 
-979.1 420.134 
431.906 415.143 
-802.102 401.143 
941.887 394.136 
-740.097 384.144 
271.896 384.146 
-289.095 383.129 
-794.108 377.143 
476.899 375.142 
991.9 375.132 
383.897 374.144 
1523.9 373.142 
-1065.1 357.134 
462.899 353.197 
-155.103 353.137 
-583.096 350.138 
-539.098 348.139 
462.899 353.144 
653.895 336.139 
-197.099 315.14 
-568.113 303.13 
-1346.1 297.134 
-459.076 291.886 
254.893 291.143 
-840.099 288.138 
748.9 288.139 
-732.097 285.143 
1575.91 282.141 
-458.624 286.864 
-1222.09 273.135 
128.903 273.138 
-903.105 260.137 
694.894 259.143 
-1279.1 257.142 
654.903 253.144 
-218.1 230.153 
-609.107 227.15 
-890.103 226.137 
-816.1 225.135 
-683.1 222.143 
-592.098 222.136 
-377.101 220.14 
-1206.09 221.147 
497.897 210.149 
-487.098 205.143 
-719.099 200.138 
-691.099 198.141 
388.901 190.136 
339.887 187.141 
-1349.09 180.146 
-830.095 177.143 
945.902 177.137 
-228.847 173.863 
-565.097 170.139 
-179.102 169.144 
116.901 167.143 
-240.38 164.045 
-225.562 168.596 
100.909 161.131 
-569.533 158.905 
654.898 152.132 
-240.213 156.488 
1106.91 145.14 
1076.91 141.142 
-933.1 136.134 
-603.109 135.143 
-298.092 132.145 
329.896 131.149 
-1209.11 126.138 
286.903 111.143 
-1266.09 103.141 
-1368.1 99.1349 
1503.91 96.1413 
931.896 95.1459 
588.913 88.1452 
-734.1 77.1439 
-1183.1 74.1351 
-992.095 75.1437 
-828.099 69.1461 
-736.883 65.5196 
-653.097 60.136 
-458.109 58.1319 
547.897 57.1426 
-1390.09 56.1372 
-336.104 56.1485 
-707.093 45.1396 
-1245.09 43.1379 
-753.097 40.1418 
297.904 25.1393 
-258.1 21.1396 
-1240.1 19.1294 
-766.107 11.1389 
-1214.1 9.14891 
139.899 8.14378 
-1264.1 4.13927 
-844.098 2.13573 
-369.094 0.139634 
-1001.11 -3.85927 
-1051.09 -13.8648 
-1344.1 -18.8532 
-872.093 -19.8655 
1180.9 -19.8693 
-393.109 -23.8711 
-1614.1 -58.8529 
-1229.1 -58.8612 
-1130.1 -71.8528 
-355.1 -71.8495 
1013.9 -77.8551 
-1435.1 -84.8563 
-485.108 -87.8596 
-392.101 -96.8578 
343.896 -99.8584 
-217.095 -108.856 
634.905 -109.859 
-811.092 -120.866 
-570.095 -125.855 
-1441.1 -132.857 
-510.098 -136.862 
787.909 -145.86 
-1254.09 -151.86 
-1410.09 -157.858 
-639.101 -171.86 
-1047.1 -173.857 
380.895 -175.866 
-906.099 -197.865 
-1557.13 -210.315 
-1132.1 -208.863 
-1328.11 -209.858 
-312.099 -216.849 
490.897 -217.858 
-84.1079 -219.858 
-1300.1 -220.865 
-1112.29 -224.167 
1040.9 -224.861 
1291.89 -223.86 
-1134.37 -233.252 
242.889 -231.866 
-917.103 -233.865 
-547.101 -234.851 
-11.1055 -239.876 
-1132.5 -235.157 
-1079.1 -245.867 
1214.9 -248.857 
-618.099 -249.857 
-1460.1 -250.854 
253.897 -262.867 
-949.101 -278.857 
442.895 -286.865 
-395.102 -287.863 
-590.098 -294.861 
-1517.1 -293.866 
-443.104 -304.863 
-1513.94 -300.182 
349.899 -307.86 
-1272.1 -315.858 
805.904 -322.861 
-551.092 -326.845 
-1494.09 -331.863 
297.899 -339.85 
-84.0989 -345.861 
-1567.1 -347.856 
574.905 -346.859 
-1497.1 -353.856 
-365.576 -355.862 
-1343.09 -358.863 
-1432.1 -365.855 
175.898 -372.852 
6.8989 -374.862 
93.8886 -374.855 
-1494.1 -381.854 
-1294.1 -387.858 
-26.101 -388.858 
97.7594 -392.337 
-836.102 -398.86 
-624.107 -398.861 
-228.096 -417.854 
-1522.1 -420.852 
-531.091 -426.854 
746.896 -432.849 
-411.103 -447.856 
-374.106 -447.861 
-1567.11 -449.864 
942.903 -451.859 
-1467.1 -456.861 
424.895 -458.857 
825.906 -463.863 
-1516.09 -464.859 
-1351.1 -469.867 
729.901 -470.868 
-621.095 -473.855 
763.891 -488.859 
-1257.09 -497.854 
-1556.06 -506.384 
-1564.11 -507.499 
-1415.09 -516.86 
1578.9 -516.863 
-852.095 -518.86 
-1485.09 -519.858 
-552.174 -542.845 
-1322.1 -542.863 
749.895 -541.868 
-1253.09 -542.863 
821.477 -545.465 
-552.059 -543.517 
815.574 -551.998 
-1325.03 -549.251 
-1016.1 -562.848 
-1508.1 -567.858 
-823.11 -573.852 
922.903 -583.858 
-781.108 -596.864 
917.903 -605.864 
-1589.1 -607.857 
875.896 -613.861 
28.8896 -619.861 
-363.11 -622.862 
319.894 -638.864 
-815.093 -644.851 
152.902 -646.858 
-370.098 -650.863 
-1027.1 -665.869 
-611.1 -665.851 
832.915 -671.862 
-1325.1 -675.853 
-1191.11 -678.853 
387.903 -686.859 
-850.101 -707.863 
-1389.1 -720.864 
-1426.1 -729.864 
-420.101 -729.866 
-242.099 -744.87 
-1388.09 -751.858 
80.8994 -754.862 
-428.102 -758.854 
806.901 -764.863 
-182.105 -778.858 
209.896 -783.863 
937.898 -805.855 
1279.9 -811.864 
-693.105 -815.859 
-378.099 -827.855 
-926.102 -832.854 
-1394.1 -842.867 
-498.089 -842.859 
-48.1007 -847.854 
-515.106 -856.854 
-176.104 -859.858 
-1476.11 -862.858 
988.923 -866.823 
760.903 -867.861 
-1394.1 -872.872 
-1228.1 -897.856 
-1018.1 -900.849 
-659.562 -911.985 
-58.1117 -912.864 
138.899 -913.86 
1175.89 -913.866 
-1185.1 -917.859 
-961.098 -925.876 
-540.098 -940.856 
634.906 -946.858 
367.897 -961.858 
-1278.1 -964.854 
-877.097 -964.858 
-1282.11 -996.852 
954.914 -1004.86 
-1331.45 -1010.42 
669.917 -1027.87 
1545.9 -1030.86 
62.8987 -1034.84 
-860.102 -1039.86 
-75.1088 -1041.86 
1042.92 -1051.87 
0.902197 -1068.86 
1000.9 -1083.86 
-407.104 -1085.87 
544.904 -1088.87 
198.902 -1098.85 
257.903 -1120.86 
788.897 -1120.87 
762.901 -1158.85 
185.901 -1168.87 
396.902 -1172.86 
-563.107 -1195.86 
1233.91 -1200.86 
