1386.5 1209.5 
48.5037 1205.5 
-673.504 1195.5 
-203.501 1191.49 
-550.5 1189.5 
322.5 1157.5 
-1456.5 1151.51 
775.497 1140.5 
-1333.5 1134.5 
-994.5 1123.5 
-459.504 1105.5 
-662.505 1104.5 
1487.5 1103.5 
781.499 1087.49 
-472.501 1083.5 
-193.5 1081.5 
-1148.51 1055.5 
-319.5 1052.5 
-1109.5 1044.5 
-1270.49 1015.5 
647.5 990.496 
-88.5046 986.501 
-1316.49 977.494 
101.504 964.499 
-494.496 961.503 
274.501 957.501 
-1563.5 952.5 
1069.5 902.505 
-850.501 889.493 
1071.35 886.694 
612.497 876.5 
-1506.5 863.5 
807.499 862.503 
-1083.5 846.501 
-1079.28 837.662 
-563.501 827.501 
-197.503 825.5 
1445.5 823.508 
1147.51 816.502 
747.498 811.493 
1053.5 793.499 
859.502 783.502 
-1085.51 739.515 
260.498 713.502 
791.501 702.5 
-48.5089 688.496 
-1216.5 671.497 
-45.5021 669.498 
1463.5 649.508 
-1397.5 648.501 
441.495 639.5 
-1509.5 617.504 
577.498 611.502 
-388.501 593.504 
991.499 583.501 
-237.505 561.496 
890.496 536.5 
-1344.5 523.496 
1300.5 519.497 
-857.495 508.503 
-74.5068 507.501 
215.495 499.501 
-79.8928 494.091 
-1189.49 491.503 
-587.501 489.5 
1183.5 488.492 
-81.0354 491.428 
573.494 481.498 
-1509.5 476.497 
-422.499 461.5 
1535.5 455.5 
-352.502 435.507 
345.499 417.498 
492.503 410.5 
-79.4993 397.504 
-913.497 375.498 
-336.5 357.497 
203.502 347.498 
1574.5 346.505 
1302.5 329.496 
-1303.5 328.494 
-645.507 322.503 
-1449.5 301.496 
1472.5 284.505 
-821.498 277.5 
1365.5 271.491 
1485.5 255.503 
1217.5 242.505 
776.508 222.505 
1351.5 214.498 
-80.4923 208.504 
-888.51 202.5 
1370.5 196.502 
-1557.5 191.495 
1433.5 191.495 
-958.501 188.505 
-252.497 186.495 
1311.5 180.498 
1183.5 173.508 
-418.506 159.501 
1392.5 150.501 
222.495 137.506 
-1400.5 132.498 
1377.49 129.502 
-1053.5 127.502 
-802.495 127.51 
-1308.5 117.501 
-484.503 95.4985 
147.5 79.4996 
-232.5 78.4989 
1367.51 76.4957 
1240.5 71.5004 
-761.505 68.4946 
552.503 67.5004 
77.5035 62.4972 
-945.498 54.4927 
-1606.5 46.4988 
798.505 19.4946 
-0.915771 -1.50647 
313.501 -3.49634 
17.4944 -4.50183 
545.496 -7.4967 
-8.16223 -7.97058 
-849.505 -11.505 
-1445.49 -14.4983 
-867.498 -23.5011 
303.501 -27.5 
-531.501 -30.5007 
286.497 -35.4984 
-942.503 -41.4972 
-890.499 -53.5017 
91.5038 -61.5049 
-161.501 -75.4985 
-754.495 -76.4948 
-624.5 -79.4933 
-403.495 -85.4926 
974.505 -88.4978 
768.508 -98.4958 
-514.498 -99.4979 
-682.497 -100.495 
-468.502 -127.495 
-643.506 -130.499 
1167.5 -131.495 
35.5012 -142.499 
434.498 -149.494 
851.505 -152.503 
-480.497 -157.502 
-893.49 -188.497 
-628.502 -199.498 
1362.51 -198.504 
140.501 -202.501 
964.506 -235.503 
55.4956 -248.498 
518.498 -252.503 
-597.499 -262.501 
339.496 -279.501 
-1086.5 -283.505 
-736.5 -301.497 
-388.496 -309.496 
-453.502 -311.502 
82.4963 -320.499 
604.494 -323.492 
321.497 -336.501 
-419.508 -337.494 
-239.495 -358.505 
-17.4993 -358.5 
-1082.5 -367.499 
-16.7886 -367.815 
29.5011 -376.505 
-816.501 -409.505 
-62.4995 -440.499 
1177.5 -457.488 
261.498 -465.502 
-759.502 -477.498 
1474.5 -481.506 
399.501 -482.501 
1051.49 -505.495 
587.494 -513.503 
515.504 -515.501 
-624.504 -520.498 
-1611.5 -528.503 
392.501 -546.501 
1380.5 -546.503 
1525.5 -549.492 
654.495 -551.495 
881.503 -580.496 
306.505 -586.495 
-820.502 -594.506 
1220.51 -604.5 
162.5 -607.505 
-301.497 -608.497 
-474.5 -612.505 
1099.5 -625.506 
-1107.5 -658.503 
-754.502 -677.496 
-561.499 -692.5 
-895.499 -731.5 
-678.51 -738.501 
681.498 -776.501 
-706.501 -793.504 
-227.496 -794.498 
-649.505 -803.5 
421.501 -805.495 
1258.5 -858.507 
584.497 -903.502 
-399.494 -916.5 
-381.503 -933.495 
958.503 -937.498 
1473.5 -952.497 
-590.5 -955.501 
109.499 -989.505 
1318.5 -994.512 
-1300.5 -1000.5 
-147.499 -1002.5 
-239.498 -1020.51 
-1515.5 -1025.5 
214.497 -1047.5 
-510.503 -1068.5 
952.506 -1086.5 
-814.497 -1091.5 
-1419.5 -1099.5 
676.502 -1104.5 
-600.498 -1109.5 
44.5024 -1112.5 
521.498 -1118.5 
-812.502 -1131.5 
-1093.5 -1142.5 
871.497 -1149.51 
-1436.49 -1150.5 
266.501 -1154.5 
189.499 -1155.5 
444.5 -1159.5 
-173.493 -1165.51 
-932.502 -1172.49 
-1541.5 -1173.5 
74.5037 -1174.5 
134.504 -1185.5 
601.502 -1191.51 
-266.499 -1194.49 
-190.507 -1201.5 
-1335.51 -1203.5 
-445.499 -1205.49 
