124.511 1208.5 
-821.504 1199.5 
-717.498 1188.51 
-912.507 1183.5 
291.505 1180.5 
853.495 1180.49 
1556.5 1178.5 
-47.4976 1172.5 
-176.503 1154.5 
-246.499 1152.5 
223.498 1145.51 
-1589.5 1137.5 
713.5 1137.49 
-918.503 1134.5 
-1180.5 1128.5 
-1101.5 1122.5 
-104.494 1123.5 
109.502 1115.5 
670.503 1116.5 
-928.493 1113.5 
-295.495 1108.5 
1537.5 1101.5 
-1100.5 1100.5 
-229.501 1091.5 
1132.5 1085.5 
-462.502 1061.51 
329.505 1052.49 
655.499 1051.5 
-573.502 1047.5 
-739.497 1023.51 
-1172.5 1022.51 
-343.502 1006.89 
-1492.5 1000.49 
-343.502 1006.5 
-499.501 996.5 
-116.414 978.585 
708.505 976.501 
-782.498 974.492 
-78.4987 961.505 
125.5 956.496 
-105.497 954.499 
-251.501 949.506 
475.495 948.497 
123.02 942.89 
-1518.51 934.5 
-1246.51 929.494 
462.443 912.268 
588.504 912.504 
-476.506 909.501 
464.856 910.148 
735.508 902.499 
753.501 901.495 
516.499 898.506 
667.5 895.504 
-78.5056 890.502 
340.494 889.502 
-1096.5 884.5 
-117.495 865.5 
767.501 859.5 
-543.499 854.508 
991.501 853.497 
798.501 852.509 
879.501 850.499 
357.502 848.495 
263.5 838.503 
-634.496 835.505 
220.505 833.504 
-1237.5 824.504 
1557.49 823.497 
183.508 820.502 
1424.5 817.496 
-815.499 813.492 
572.505 811.502 
-514.496 807.498 
-1482.5 798.499 
-1434.5 797.497 
-1010.5 797.495 
-1433.07 792.748 
-848.498 765.501 
1435.51 762.494 
1202.5 753.497 
600.5 745.497 
979.499 743.495 
1490.49 737.495 
-1330.5 736.498 
-1113.5 727.508 
-1186.5 717.503 
261.497 715.51 
-1224.5 714.496 
-435.505 714.498 
843.489 709.496 
313.496 703.494 
-766.499 696.509 
-169.494 691.503 
-972.501 688.499 
-596.502 686.5 
1550.53 684.152 
640.502 685.501 
-623.499 682.493 
1550.93 683.562 
108.5 674.506 
615.499 673.505 
267.499 669.5 
-1518.5 665.513 
1498.5 661.5 
-752.495 656.497 
-1225.5 651.495 
-830.499 645.499 
-523.496 641.503 
504.506 641.508 
-1140.5 638.497 
959.501 633.505 
295.498 632.503 
856.503 622.5 
271.503 621.495 
996.499 612.499 
917.501 605.501 
-456.508 599.501 
-908.506 594.506 
-840.498 588.493 
106.509 582.504 
1348.5 578.503 
-287.495 576.496 
-358.5 566.503 
1526.5 558.491 
637.502 547.495 
98.49 543.502 
24.4962 537.497 
-171.501 529.495 
-551.496 524.505 
1438.5 519.5 
-1129.49 514.494 
-1438.5 498.503 
767.504 495.505 
-482.497 492.5 
517.498 465.493 
886.499 462.497 
342.499 456.499 
1011.5 457.5 
-508.506 450.497 
321.497 449.494 
-1467.5 437.501 
1369.5 437.501 
1249.5 436.503 
-449.509 434.501 
-991.497 433.507 
366.505 431.493 
523.49 422.503 
-820.503 419.502 
-836.489 416.497 
-858.505 411.507 
863.498 409.507 
217.494 395.5 
945.496 395.502 
-1225.5 390.504 
-218.503 386.492 
-1295.5 385.5 
-823.504 384.502 
115.492 372.5 
1487.51 368.497 
-184.503 366.501 
1464.49 359.504 
-106.495 341.5 
419.498 341.496 
-310.5 336.502 
-1323.5 331.499 
-432.498 330.5 
-394.492 326.502 
-1034.5 325.51 
-790.5 322.497 
-105.503 322.496 
-134.497 321.506 
-1384.5 320.504 
323.501 317.499 
-1560.5 315.502 
1319.49 315.493 
949.51 307.496 
-632.494 304.5 
1092.5 295.184 
-828.498 292.497 
-565.504 293.497 
1095.61 294.675 
-244.5 289.497 
821.504 286.501 
-484.817 281.199 
450.505 282.499 
-483.995 279.992 
-47.5026 264.503 
-630.504 260.499 
-582.039 257.779 
-547.499 249.5 
-582.491 255.543 
1277.5 243.507 
-1181.5 233.497 
853.502 227.504 
-945.501 206.499 
1277.5 204.505 
262.501 203.503 
-220.497 202.504 
1250.5 196.493 
505.495 184.501 
5.49658 179.497 
-1026.5 174.5 
688.498 173.503 
-958.5 168.506 
-105.5 168.499 
-869.506 164.503 
50.5021 165.497 
-189.507 163.498 
405.498 160.505 
-657.502 159.495 
-1223.5 152.501 
8.50098 152.509 
702.913 144.872 
702.728 143.682 
-375.499 136.503 
535.498 131.498 
1220.5 123.496 
-1079.5 119.496 
-1179.5 117.493 
705.962 116.422 
-1414.5 112.504 
-719.502 112.499 
-317.503 108.497 
-808.503 100.499 
386.499 98.5056 
-527.502 90.4978 
-230.503 87.5056 
722.498 86.4967 
1166.5 83.5004 
1444.51 84.5018 
689.501 82.5067 
1550.5 76.4993 
502.5 74.5007 
25.5031 66.5012 
1535.5 63.4971 
-532.503 59.5011 
-316.499 58.5007 
1340.5 55.4971 
630.494 50.4985 
908.5 49.4993 
-1519.5 39.5021 
215.5 35.4951 
-1344.51 24.5007 
1266.5 23.4972 
-168.504 18.499 
-266.497 4.50134 
0.498535 -0.499023 
1164.5 -1.50159 
1131.5 -1.49915 
1406.5 -1.50293 
-531.505 -4.5022 
-666.499 -14.4991 
-144.502 -15.5093 
665.5 -15.5004 
-242.503 -20.5007 
-123.5 -23.4978 
1050.5 -29.4951 
1121.5 -32.4948 
1427.16 -35.7139 
844.5 -36.4948 
1416.79 -45.146 
-9.51196 -52.4905 
1449.5 -52.4993 
-595.502 -59.4893 
452.499 -61.4919 
1426.5 -64.4932 
730.922 -68.9875 
-93.5013 -68.5004 
-1069.5 -86.4971 
-707.5 -88.5037 
33.4958 -96.4985 
-230.491 -106.504 
-448.501 -109.499 
263.501 -110.502 
-89.4998 -115.492 
233.5 -122.496 
-500.5 -127.502 
-727.509 -128.5 
-862.496 -132.498 
-1009.5 -133.495 
-316.503 -134.499 
468.494 -138.506 
-396.5 -139.501 
277.497 -144.494 
1044.5 -150.504 
507.496 -151.503 
840.505 -151.506 
72.505 -176.499 
-1071.5 -182.504 
303.776 -194.149 
-1170.5 -202.499 
-112.502 -203.5 
-522.498 -205.499 
-73.5034 -208.503 
1450.51 -213.499 
1261.5 -220.502 
-1503.5 -222.5 
215.5 -229.495 
908.498 -229.508 
-126.502 -231.505 
603.495 -231.504 
1028.51 -230.506 
-1135.49 -241.492 
-721.504 -241.494 
753.502 -253.502 
-502.32 -255.496 
-493.028 -255.502 
-1068.5 -260.501 
557.501 -265.495 
1061.49 -270.497 
838.503 -289.504 
1020.5 -292.497 
75.5056 -306.493 
115.489 -306.495 
-1069.49 -317.5 
47.5015 -321.504 
678.497 -324.505 
-390.5 -331.499 
903.504 -333.501 
217.503 -336.494 
349.505 -347.499 
159.498 -355.496 
-404.502 -357.498 
1229.44 -383.604 
1229.72 -384.16 
-322.499 -396.497 
-1278.5 -397.501 
1003.49 -404.504 
1518.5 -419.501 
-1369.5 -423.497 
865.496 -423.505 
-207.496 -457.496 
464.498 -465.493 
1210.5 -481.499 
-292.492 -483.499 
-860.505 -499.502 
-712.495 -512.496 
527.497 -519.498 
-177.496 -526.5 
40.5016 -546.499 
383.496 -548.501 
760.5 -549.498 
-1360.5 -552.497 
1349.5 -555.502 
233.491 -568.508 
-1030.5 -568.502 
661.503 -578.502 
466.497 -581.497 
1140.5 -583.501 
-786.498 -591.508 
401.499 -596.502 
-1255.5 -597.497 
-911.5 -598.503 
-993.496 -616.505 
-481.501 -617.501 
-352.5 -621.492 
405.494 -621.507 
23.5026 -628.495 
-1.49963 -633.496 
-391.502 -639.5 
1249.5 -650.502 
213.495 -663.505 
605.499 -678.497 
1391.5 -680.496 
-515.498 -681.501 
1321.5 -683.504 
-854.509 -684.504 
-1113.51 -689.5 
-1094.5 -690.489 
977.99 -699.923 
1211.51 -699.496 
-1521.5 -706.502 
367.501 -705.496 
978.018 -700.022 
-522.495 -709.501 
-269.492 -713.5 
228.504 -717.5 
29.4974 -721.503 
265.501 -722.498 
-229.497 -722.499 
518.505 -731.5 
316.499 -732.5 
-529.501 -733.499 
-546.497 -741.499 
179.502 -745.5 
625.496 -745.498 
-798.504 -747.499 
-581.496 -761.504 
-342.503 -764.51 
211.953 -766.086 
219.252 -768.249 
1606.49 -772.503 
267.5 -788.501 
-456.503 -790.497 
522.498 -805.498 
-516.504 -806.499 
215.496 -806.494 
963.502 -806.498 
217.5 -835.498 
585.495 -837.496 
1351.51 -839.5 
388.491 -841.507 
63.502 -847.504 
358.494 -847.497 
-561.503 -860.497 
1308.51 -867.5 
35.5074 -883.509 
296.5 -903.499 
-211.494 -920.502 
681.506 -935.5 
958.496 -962.5 
-439.498 -964.496 
-1590.5 -976.499 
271.504 -991.497 
387.292 -992.751 
42.5029 -996.502 
383.539 -999.693 
817.498 -1007.5 
595.5 -1023.5 
222.502 -1038.5 
369.503 -1051.5 
-1345.5 -1054.5 
-267.969 -1059.84 
451.502 -1065.5 
1357.5 -1064.5 
-1385.49 -1065.5 
-259.803 -1064.95 
87.5016 -1068.5 
-24.4958 -1069.5 
-945.496 -1071.5 
245.495 -1080.51 
51.4962 -1089.5 
-995.5 -1096.5 
645.504 -1108.49 
838.502 -1131.5 
-1462.5 -1161.5 
1216.5 -1188.49 
-1083.5 -1201.49 
1260.5 -1205.5 
715.49 -1209.5 
