-571.502 1211.5 
-932.505 1204.5 
454.501 1201.5 
641.49 1198.49 
-1290.5 1190.5 
-101.509 1190.5 
839.505 1187.5 
80.5017 1168.5 
368.502 1141.5 
-21.4982 1097.5 
-41.4944 1088.5 
-116.497 1084.49 
630.5 1067.5 
-991.503 1065.5 
-1410.51 1063.49 
-68.4951 1061.5 
-1292.5 1037.51 
1163.49 1033.5 
-1192.5 1018.5 
-981.498 1012.5 
288.5 1009.5 
57.5042 1008.51 
-1046.5 1003.5 
1052.51 981.507 
183.5 976.503 
967.498 977.502 
-775.501 974.497 
122.497 966.506 
-811.499 957.497 
288.503 931.493 
153.504 926.501 
858.507 923.502 
404.508 921.494 
-96.494 919.501 
-854.5 915.493 
844.502 915.503 
876.5 915.502 
327.503 890.488 
-883.497 876.493 
658.499 876.501 
1528.5 868.5 
-287.494 864.503 
308.503 861.497 
153.498 850.501 
-882.504 849.503 
1212.5 844.501 
937.502 832.502 
-1487.51 825.499 
1191.5 819.501 
1168.5 814.502 
-1371.49 795.49 
-1247.5 786.502 
1485.5 781.497 
-297.494 779.503 
169.501 777.499 
29.5043 768.503 
-1412.49 764.502 
849.498 756.504 
-760.496 738.497 
-1025.5 716.503 
297.501 694.503 
-812.496 682.504 
-65.5029 680.506 
362.505 680.495 
942.498 664.503 
325.5 660.503 
1292.5 647.494 
835.497 637.501 
-26.5009 601.5 
498.495 595.498 
840.506 554.497 
-1079.5 553.498 
723.506 540.498 
1133.51 530.501 
89.4973 528.5 
721.355 531.17 
-930.493 523.504 
1346.5 512.503 
-359.506 511.496 
766.492 510.499 
-101.5 504.504 
-984.506 495.504 
1092.5 475.5 
653.505 468.504 
-1461.51 462.495 
-1411.5 424.499 
-57.5011 412.5 
1416.49 412.498 
209.495 404.499 
-1395.5 400.504 
-189.506 396.501 
373.502 365.501 
981.507 358.5 
-1225.5 357.501 
113.503 352.501 
-0.498047 338.499 
1124.5 304.501 
-35.4988 296.502 
-872.506 293.499 
-726.497 287.495 
-1316.5 276.503 
-1131.5 272.504 
13.5021 272.498 
-557.506 259.499 
-1217.49 255.494 
831.5 246.505 
1093.5 242.494 
1238.49 239.501 
987.497 227.505 
-1082.5 224.503 
1318.5 221.5 
-659.495 205.499 
-1226.5 196.498 
-881.504 182.505 
-757.503 174.507 
398.502 174.498 
-676.496 167.495 
-1064.51 165.505 
1377.51 164.497 
-1050.5 146.49 
37.5009 125.501 
-757.494 120.498 
213.504 110.497 
-725.5 106.504 
-604.494 103.507 
-409.5 94.5004 
225.505 92.4991 
-817.499 86.4932 
-176.492 67.4989 
-1280.51 40.5071 
-180.499 34.5018 
-284.495 31.5011 
-1077.5 17.5063 
85.499 9.50037 
0.502197 -0.508911 
-725.503 -8.50366 
1032.51 -12.4958 
-820.505 -18.506 
334.498 -20.4998 
423.501 -29.5015 
-1609.5 -35.5021 
-776.504 -38.5029 
-505.491 -55.5022 
1317.5 -61.5016 
-1569.5 -77.5006 
667.502 -88.4989 
-1247.49 -99.4974 
76.5027 -119.501 
115.498 -119.494 
-328.503 -131.495 
1167.5 -148.497 
-1489.5 -157.499 
273.503 -158.496 
-581.503 -159.498 
361.494 -159.509 
751.502 -168.504 
-682.499 -169.494 
573.501 -175.497 
339.496 -184.499 
-276.503 -185.501 
-337.506 -220.503 
-1403.5 -233.5 
585.496 -235.497 
286.498 -253.495 
697.504 -252.504 
638.499 -261.504 
-383.503 -269.502 
770.499 -273.492 
-278.501 -274.503 
-499.5 -284.495 
-1148.51 -294.502 
1553.5 -294.502 
-197.495 -318.502 
1030.5 -318.497 
-1541.5 -324.499 
-368.497 -329.512 
940.5 -329.501 
57.4932 -342.503 
1191.5 -352.5 
-880.498 -360.504 
-61.4989 -367.497 
647.501 -377.502 
-946.505 -378.496 
-785.499 -382.499 
-648.498 -385.499 
-1034.5 -397.502 
1085.5 -403.494 
-248.503 -412.5 
1485.5 -424.5 
147.494 -428.502 
-1277.5 -434.497 
-788.494 -440.493 
34.4991 -442.497 
1375.51 -452.499 
-334.491 -459.495 
-954.504 -460.497 
-829.504 -462.498 
1113.5 -483.496 
-972.5 -486.505 
-126.492 -486.502 
-40.4972 -495.504 
-1259.5 -515.503 
668.503 -519.499 
-128.501 -520.5 
-151.494 -529.501 
-998.501 -540.504 
-973.5 -545.499 
446.502 -558.491 
-1429.5 -563.503 
-1057.5 -576.503 
371.5 -577.501 
-826.49 -579.506 
842.499 -579.499 
1221.5 -594.499 
-388.502 -595.499 
-991.499 -597.497 
806.492 -597.489 
17.5023 -607.497 
1348.5 -607.49 
395.498 -609.509 
24.0228 -615.906 
1290.49 -634.499 
-163.497 -638.501 
-10.499 -644.501 
479.505 -649.497 
-933.493 -652.508 
1224.5 -654.503 
-1113.49 -682.497 
709.502 -689.498 
-232.502 -710.503 
1257.51 -722.494 
1606.5 -725.498 
162.49 -739.496 
-1386.5 -757.501 
335.499 -758.5 
125.5 -764.499 
-417.507 -765.501 
1506.5 -775.5 
430.508 -778.497 
1251.5 -797.5 
436.499 -799.497 
-610.502 -810.503 
426.036 -808.786 
1529.5 -833.503 
-831.495 -846.502 
735.496 -855.508 
-567.504 -863.501 
112.504 -886.502 
142.493 -894.494 
1283.5 -895.51 
-1424.5 -912.504 
38.496 -918.504 
-1125.5 -922.501 
-1049.5 -929.501 
616.495 -934.504 
-493.499 -934.502 
194.501 -938.506 
1148.5 -941.496 
634.498 -947.502 
-1189.49 -957.496 
-968.5 -964.501 
-1260.5 -969.502 
1172.5 -973.495 
-1372.5 -977.5 
-696.502 -978.506 
-226.501 -999.501 
-625.506 -1003.5 
1203.5 -1080.49 
-144.506 -1081.5 
1095.5 -1106.5 
753.497 -1108.5 
1005.49 -1113.51 
843.495 -1125.5 
275.498 -1126.51 
1507.5 -1135.5 
-1282.5 -1142.5 
832.499 -1160.5 
1062.5 -1166.5 
830.476 -1166.3 
