542.501 1202.5 
-364.496 1200.51 
840.497 1198.5 
-1316.49 1157.5 
474.505 1154.5 
686.492 1148.49 
-1442.5 1139.5 
-906.492 1131.5 
-1389.5 1110.5 
536.504 1110.5 
-1033.5 1105.5 
662.5 1077.5 
-480.504 1075.5 
-141.503 1074.5 
109.505 1074.5 
1383.5 1074.5 
499.493 1062.5 
1104.5 1051.51 
1432.5 1045.5 
-1294.5 1034.5 
-940.494 1034.5 
-487.499 1027.5 
674.498 1026.5 
108.49 1011.5 
1398.5 1007.5 
910.504 1001.5 
-591.501 992.497 
577.503 993.498 
386.501 988.495 
1478.5 985.499 
188.5 977.502 
829.511 978.496 
-526.498 956.5 
1240.5 955.497 
-295.495 951.503 
410.496 948.496 
-899.498 947.497 
-1530.49 940.504 
-151.677 937.304 
-1514.5 928.497 
-152.007 933.954 
416.492 927.505 
421.26 921.171 
-1122.51 911.502 
-193.499 904.496 
384.502 901.497 
-594.502 899.499 
-791.501 891.496 
-490.499 891.499 
-746.501 884.503 
496.766 881.966 
1006.5 882.5 
497.167 881.36 
-437.494 859.505 
560.5 856.506 
-843.503 842.494 
1239.5 834.494 
-406.498 824.498 
-1477.5 818.502 
-679.504 804.506 
132.494 793.495 
-547.5 772.5 
1436.5 762.507 
103.504 754.499 
-1038.5 742.495 
444.502 731.501 
193.495 729.5 
-1122.5 726.502 
-296.5 717.501 
24.4921 716.493 
-569.5 709.491 
-1304.5 693.5 
707.493 691.502 
-1340.49 690.497 
327.503 688.502 
-1570.5 685.495 
796.501 677.5 
1434.5 677.496 
1490.5 674.496 
-1538.5 665.497 
197.495 653.499 
-1531.5 643.502 
-387.503 608.496 
-1308.5 603.501 
370.5 601.505 
664.5 600.499 
-226.5 599.5 
687.502 597.503 
844.502 596.502 
-970.506 593.501 
1573.5 591.503 
-617.502 580.499 
-777.503 579.498 
-908.501 571.501 
-1594.49 569.498 
210.499 568.497 
-24.5029 567.504 
-1032.5 564.497 
246.502 557.501 
-1241.5 557.497 
-1064.5 555.499 
373.497 551.502 
397.498 551.504 
-835.506 548.498 
382.504 514.502 
-957.499 512.502 
1145.49 508.497 
-140.504 507.503 
118.496 499.502 
-1194.5 489.499 
-844.505 473.495 
343.506 469.497 
-482.501 466.503 
30.5052 463.503 
1144.5 454.502 
-1108.5 435.496 
194.5 433.499 
1134.5 428.499 
132.51 426.504 
-1516.5 417.499 
-784.498 413.514 
-435.499 404.502 
-686.504 388.499 
758.504 378.5 
-1455.51 370.502 
-419.491 356.493 
-709.502 346.505 
1481.5 321.497 
308.503 316.888 
-448.497 316.497 
-147.501 309.5 
308.503 316.498 
-1269.51 305.504 
1080.5 301.502 
680.499 297.501 
1205.5 292.502 
-770.499 287.496 
-558.508 277.502 
253.492 276.5 
670.5 249.5 
-247.496 243.504 
-1004.5 242.497 
13.5063 226.498 
-348.498 224.5 
1123.5 222.502 
-195.495 214.489 
1497.5 215.497 
-454.498 211.497 
454.5 209.493 
90.5065 203.497 
-1584.49 202.493 
1565.5 194.494 
1068.49 191.5 
-361.502 184.497 
-542.126 182.304 
-502.498 182.5 
-550.901 180.438 
-1427.5 178.5 
1193.51 174.496 
-550.079 180.593 
650.502 154.499 
-813.507 150.506 
27.5039 146.498 
-888.499 145.506 
-687.5 139.494 
-156.503 138.492 
910.5 133.497 
-1284.5 130.505 
-559.499 127.497 
-159.747 131.956 
-575.503 120.503 
-250.501 116.503 
-595.493 110.495 
1183.5 109.506 
-543.495 108.501 
-146.501 97.5061 
507.494 93.4949 
-543.499 92.0354 
-324.502 91.501 
-578.499 82.4958 
-386.503 79.5044 
-701.496 61.5015 
-616.257 59.2422 
197.508 59.5051 
1144.51 59.5032 
636.501 56.4944 
-616.49 58.0535 
1136.5 37.4918 
818.5 28.4961 
-626.509 15.4969 
-903.505 11.4995 
-1148.5 9.50513 
116.5 5.49646 
0.494019 -0.496948 
1391.51 -2.49719 
-1190.5 -16.4985 
0.497681 -19.4977 
1009.49 -22.5013 
-162.501 -31.4965 
121.497 -36.495 
-54.493 -40.4971 
-1594.5 -42.5033 
1282.5 -67.4983 
-718.505 -85.5013 
-1042.5 -90.5062 
-1026.51 -98.4962 
390.506 -106.499 
101.495 -107.508 
-1065.51 -109.495 
-759.495 -121.498 
1495.51 -124.502 
-671.5 -129.502 
550.502 -140.502 
-451.494 -140.498 
-1387.5 -147.494 
719.504 -154.502 
-1270.49 -160.499 
-348.502 -165.502 
-118.5 -166.498 
-470.499 -168.503 
1362.5 -172.498 
51.5046 -176.498 
1238.5 -178.501 
-1099.49 -179.499 
499.499 -197.497 
1312.49 -206.496 
-1583.5 -211.498 
-145.506 -232.502 
1467.5 -234.496 
-1457.5 -237.501 
276.506 -236.503 
1142.5 -242.499 
1323.5 -242.499 
1417.5 -244.499 
-292.507 -255.492 
-1272.5 -260.498 
-794.49 -260.49 
-727.498 -274.503 
-543.503 -273.506 
-616.499 -275.499 
1602.49 -288.489 
159.496 -289.497 
1153.5 -290.505 
-1342.5 -297.497 
699.499 -296.506 
-218.496 -302.497 
1215.5 -313.502 
-1246.49 -315.489 
-432.502 -329.495 
1409.5 -348.497 
761.497 -353.504 
136.497 -358.493 
-917.498 -359.503 
-343.496 -363.503 
-108.501 -368.501 
-1089.5 -376.514 
549.501 -377.502 
-425.501 -381.499 
445.503 -392.5 
691.498 -393.504 
662.496 -394.5 
813.501 -396.501 
-249.498 -401.495 
607.498 -403.503 
-132.499 -424.502 
615.498 -425.503 
184.504 -432.498 
566.5 -439.493 
-1141.5 -448.503 
1098.51 -449.503 
219.502 -477.496 
849.501 -486.499 
758.5 -495.5 
-234.496 -496.5 
62.5007 -502.504 
270.502 -507.497 
-275.497 -514.49 
553.491 -514.5 
799.503 -517.5 
-594.499 -519.505 
-315.5 -519.5 
-940.5 -521.494 
-293.506 -521.498 
1175.5 -532.499 
1556.5 -535.496 
-21.493 -537.499 
1328.5 -538.502 
665.508 -562.494 
297.5 -568.507 
-101.499 -583.505 
928.502 -606.505 
-392.489 -609.498 
-490.504 -614.494 
-256.497 -623.496 
-1142.49 -629.503 
64.5006 -642.505 
306.495 -650.494 
-1419.5 -657.499 
-1159.5 -666.506 
-1448.5 -667.499 
-402.493 -668.497 
1116.5 -683.502 
-1125.5 -700.503 
-909.502 -700.502 
1595.5 -700.493 
455.492 -701.505 
-259.501 -710.497 
-1028.5 -713.493 
-1243.49 -728.501 
1390.5 -757.501 
-1138.5 -779.498 
1212.5 -787.5 
-1312.5 -791.5 
-873.497 -800.498 
-810.496 -800.499 
1294.51 -803.499 
-1589.5 -821.503 
-820.496 -822.496 
-796.505 -823.496 
-902.495 -833.498 
1166.49 -838.494 
-530.493 -839.495 
1377.5 -844.497 
-610.499 -857.495 
-478.501 -875.494 
595.5 -875.501 
420.505 -885.504 
-1448.5 -890.503 
-1344.5 -892.499 
-212.503 -892.498 
-1362.5 -894.5 
1285.5 -896.492 
-1559.5 -899.496 
-203.504 -915.504 
-1228.5 -923.505 
-1294.5 -934.505 
-1204.5 -938.499 
575.487 -942.5 
-1279.5 -948.499 
1066.5 -947.507 
-30.504 -959.493 
435.492 -962.504 
906.504 -969.494 
-1282.5 -982.495 
-1066.5 -1001.5 
1304.5 -1008.5 
-718.497 -1010.51 
1171.5 -1010.51 
131.5 -1011.5 
-794.497 -1028.51 
-1033.5 -1031.5 
739.496 -1034.5 
106.5 -1044.5 
78.4989 -1047.51 
556.5 -1050.5 
-1405.5 -1054.5 
-1455.49 -1082.49 
-630.499 -1090.5 
-858.5 -1092.5 
-451.496 -1093.5 
-1160.5 -1105.5 
-305.5 -1117.5 
-708.506 -1135.5 
-1038.49 -1141.5 
19.5071 -1145.5 
-581.5 -1154.5 
-1301.5 -1160.5 
-763.506 -1159.5 
-1393.5 -1176.51 
-893.501 -1177.5 
1129.5 -1182.49 
1190.49 -1186.5 
1361.49 -1190.49 
902.501 -1195.51 
1154.51 -1202.5 
