-578.497 1192.5 
1483.5 1192.5 
-1582.5 1186.5 
-941.5 1177.5 
-922.498 1157.5 
-1468.5 1138.5 
1193.51 1133.5 
455.502 1128.5 
-476.5 1104.49 
1465.5 1100.49 
-1295.5 1093.49 
441.502 1089.5 
-604.496 1087.51 
-455.5 1082.5 
-940.497 1078.5 
40.4995 1077.5 
368.507 1078.5 
-1050.5 1069.5 
-880.5 1038.5 
-1613.5 1035.49 
-284.505 1035.5 
-1225.5 1033.5 
-231.502 1020.5 
-573.502 1012.5 
-368.5 1013.5 
1022.51 1011.5 
-525.495 1009.5 
268.505 997.498 
-1072.5 988.494 
692.499 986.499 
19.5018 971.498 
232.499 968.5 
198.496 962.499 
-647.507 961.499 
-531.498 943.502 
-1473.5 938.503 
283.501 932.496 
-1333.5 931.5 
-1175.5 921.499 
-1222.5 918.499 
-333.502 915.5 
-1107.5 914.5 
403.506 911.487 
780.506 907.502 
-286.505 899.504 
-1275.5 896.493 
1321.5 892.497 
-276.604 887.044 
1576.5 885.498 
-1431.5 876.5 
-1045.51 875.498 
-1156.5 863.492 
-1372.49 847.502 
298.498 846.496 
796.5 846.501 
414.505 844.503 
355.501 833.494 
-1428.5 827.506 
1317.5 817.497 
-703.504 811.499 
26.5057 801.494 
618.506 801.496 
459.499 799.503 
-882.499 798.505 
1255.51 796.496 
167.501 788.504 
628.496 782.494 
461.502 776.496 
-679.499 774.497 
1330.5 773.5 
-284.503 770.502 
-1057.51 762.496 
360.496 761.496 
-1530.5 759.503 
-1371.5 753.501 
-838.499 746.502 
-1107.49 738.495 
683.499 725.502 
-1086.51 724.504 
524.485 724.503 
252.501 723.501 
-1461.5 719.5 
-1418.5 717.501 
-77.5055 713.495 
-472.498 709.5 
300.5 704.497 
-49.4969 695.501 
-592.503 686.501 
1157.5 687.507 
364.506 686.501 
778.507 682.499 
17.4969 674.503 
1046.5 665.499 
-1301.51 662.502 
963.497 660.497 
-306.498 659.502 
1479.5 652.502 
-723.497 648.506 
-322.496 646.502 
-643.509 646.509 
-689.505 639.5 
753.499 625.503 
780.501 623.502 
-1359.5 622.501 
-652.504 619.501 
77.5006 619.495 
-677.503 599.493 
-353.496 594.497 
469.498 586.493 
-386.492 580.504 
-778.498 566.504 
-595.499 568.502 
144.501 558.505 
1119.51 549.502 
-699.498 543.505 
-1389.5 532.509 
1135.5 530.496 
1511.5 528.501 
719.5 524.502 
-531.507 505.502 
791.497 505.496 
-588.504 498.503 
-622.5 495.504 
361.497 487.497 
-934.503 485.501 
797.501 481.505 
-355.501 478.492 
-816.51 477.499 
-991.5 476.5 
-195.494 474.499 
100.499 473.505 
1204.5 464.5 
-1396.5 461.509 
-1454.5 458.499 
-681.507 457.507 
540.501 457.499 
1005.5 450.504 
-389.505 445.493 
439.504 444.502 
521.498 441.501 
347.503 437.507 
-407.505 435.508 
150.507 431.498 
476.499 431.5 
-299.5 429.503 
1278.5 424.505 
-984.773 411.349 
404.497 412.502 
-591.497 411.499 
-4.50476 409.495 
-1130.5 406.506 
-984.828 410.892 
-221.502 379.501 
-1273.5 377.498 
-947.5 372.503 
191.502 366.501 
1351.5 364.498 
-1360.5 359.496 
-803.501 358.501 
-1520.5 356.5 
-558.495 354.502 
-788.501 349.506 
-275.505 348.501 
-1297.49 340.501 
87.5033 340.501 
-570.5 337.497 
1017.49 337.5 
-819.501 329.497 
667.5 328.5 
-684.502 324.502 
-1158.5 318.499 
-1023.5 310.51 
-70.5021 308.502 
1480.5 303.499 
1580.5 296.505 
-322.503 282.498 
-1131.5 277.497 
1260.5 276.501 
463.509 242.502 
795.5 236.501 
1242.5 233.5 
-433.503 228.502 
-381.5 218.504 
-1001.5 213.5 
1232.5 213.498 
1156.5 188.498 
-130.501 165.497 
-1451.5 155.495 
254.5 149.5 
1470.5 139.493 
-108.504 128.491 
144.509 126.494 
971.496 125.505 
1144.49 124.495 
1.50537 121.497 
-967.501 117.498 
175.499 115.506 
23.1271 111.084 
-1186.59 109.411 
27.183 108.034 
-890.498 91.4985 
313.499 89.4979 
-983.501 87.5067 
-1223.5 81.5024 
-207.499 77.5015 
952.499 76.506 
1182.51 76.5012 
-1582.5 71.4971 
-450.499 70.4976 
-59.4966 65.4996 
395.5 63.5013 
1004.5 62.4961 
-3.50281 56.5062 
-1172.5 54.5028 
-1004.5 44.4974 
109.499 43.5042 
704.79 41.6167 
710.959 37.3308 
-757.505 29.5015 
-672.497 28.5018 
-171.499 19.5062 
-1190.5 12.5018 
-321.497 4.49854 
0.498657 -0.498413 
1012.5 -3.5033 
-544.501 -3.50305 
960.497 -11.5012 
606.497 -12.5065 
1001.46 -10.7047 
-1188.51 -22.5011 
483.502 -28.494 
655.729 -32.0383 
331.511 -33.4984 
351.499 -33.493 
652.499 -32.3508 
-765.496 -37.5005 
-1557.5 -47.4982 
-431.495 -62.5007 
3.49866 -64.5078 
585.493 -67.5032 
-138.496 -68.5007 
-351.5 -69.4955 
-235.505 -69.4949 
-1612.5 -83.5063 
-1449.5 -84.5052 
-1030.5 -87.5022 
-148.5 -89.5033 
418.511 -89.4993 
1031.5 -92.5024 
-1225.5 -114.498 
-1318.5 -118.505 
963.5 -130.499 
-1493.5 -131.506 
-34.499 -136.505 
-185.503 -139.494 
-867.505 -142.506 
708.497 -144.503 
64.5042 -144.501 
-527.503 -147.501 
-144.506 -153.507 
-34.501 -160.501 
37.4895 -161.499 
-1307.5 -175.499 
-39.3324 -177.025 
1187.5 -177.502 
-287.499 -181.504 
-818.497 -190.502 
403.5 -192.5 
-478.501 -197.497 
1201.51 -200.501 
1599.5 -201.497 
-76.4988 -202.507 
144.504 -205.503 
978.504 -216.498 
622.495 -216.499 
640.505 -229.497 
-1414.51 -230.498 
534.494 -232.503 
-810.5 -235.49 
811.499 -242.495 
-37.5 -248.496 
-1446.5 -258.5 
-1526.5 -269.509 
615.5 -270.496 
700.499 -270.494 
-608.498 -272.499 
79.4985 -274.495 
836.504 -277.497 
-1140.51 -280.502 
-541.496 -282.502 
-77.5037 -284.493 
-655.494 -285.495 
-1250.5 -286.501 
979.508 -287.498 
-260.498 -288.5 
1596.5 -294.504 
-689.496 -297.502 
982.422 -298.896 
-1098.49 -304.5 
735.503 -305.496 
-1560.5 -311.495 
1080.5 -314.496 
185.5 -336.501 
-565.499 -345.497 
947.504 -351.504 
588.509 -360.5 
937.576 -363.939 
1148.5 -364.506 
904.502 -368.502 
-203.498 -371.496 
750.498 -376.496 
-1367.5 -377.498 
-688.505 -384.505 
-1194.5 -388.498 
242.497 -396.503 
961.502 -406.504 
1460.51 -417.499 
-411.494 -421.504 
949.504 -429.497 
-643.509 -431.502 
1220.5 -432.499 
444.503 -435.497 
530.5 -436.505 
1260.51 -443.498 
300.503 -455.496 
1554.5 -458.505 
1107.51 -467.5 
1188.5 -468.503 
-268.501 -470.496 
-1165.5 -474.499 
433.498 -485.502 
801.504 -487.491 
-1363.5 -488.499 
518.498 -488.503 
91.4922 -507.501 
-0.497925 -514.495 
708.501 -539.499 
60.5018 -547.502 
-168.503 -551.499 
-564.499 -559.499 
899.49 -559.497 
1185.51 -562.499 
-470.503 -566.494 
307.499 -572.5 
-111.503 -579.501 
255.5 -584.495 
873.496 -591.494 
-803.498 -592.496 
-1334.49 -597.499 
773.5 -598.507 
-246.494 -614.503 
-3.5 -623.502 
1408.5 -628.499 
-101.508 -629.501 
1609.5 -635.503 
-1086.5 -643.499 
-1110.51 -651.5 
-923.496 -665.496 
-39.4971 -666.504 
-601.494 -668.497 
1212.5 -679.499 
86.5 -692.504 
-774.5 -696.501 
-561.498 -698.503 
1073.5 -698.504 
-636.499 -715.495 
1110.5 -723.504 
-1588.5 -729.499 
745.5 -733.497 
212.489 -746.498 
-997.503 -758.505 
824.496 -760.49 
1092.49 -779.494 
1116.51 -788.503 
178.504 -798.507 
1093.49 -804.503 
-1034.5 -807.493 
887.503 -819.496 
65.4954 -823.504 
274.5 -823.501 
-308.496 -826.503 
547.492 -827.505 
-1132.5 -829.504 
765.507 -857.5 
-711.498 -892.501 
909.497 -894.5 
-576.5 -908.499 
789.499 -910.498 
479.404 -918.371 
474.885 -919.151 
235.499 -938.5 
-163.504 -945.502 
45.4821 -957.014 
46.9032 -957.387 
684.498 -979.498 
-1410.5 -984.498 
-310.496 -988.502 
835.5 -989.502 
1074.5 -1004.5 
-1549.51 -1005.49 
-808.495 -1010.5 
1470.5 -1015.5 
-631.496 -1018.5 
-455.501 -1022.51 
775.497 -1041.5 
-484.498 -1049.5 
-748.497 -1053.5 
-578.503 -1064.51 
-166.495 -1084.5 
1101.5 -1093.5 
-106.494 -1102.5 
-844.496 -1128.5 
-1048.5 -1130.5 
-1093.5 -1142.5 
1371.5 -1142.5 
-186.495 -1145.49 
-356.5 -1147.49 
-1437.5 -1153.5 
1067.5 -1153.51 
623.502 -1162.5 
384.508 -1165.5 
-528.502 -1179.49 
840.499 -1182.5 
-867.503 -1186.5 
-140.499 -1190.5 
572.497 -1197.5 
61.501 -1198.5 
-862.504 -1212.5 
