-1046.43 1217.18 
-1043.92 1216.06 
-1049.55 1215.23 
-1047.39 1215.07 
-1044.08 1213.57 
-1049.57 1212 
-1047.36 1210.7 
-1044.24 1210.77 
878.905 1192.14 
876.901 1190.14 
878.821 1190.22 
880.332 1190.28 
-132.097 1185.15 
878.765 1188.71 
430.908 1183.14 
-132.662 1184.14 
-131.993 1184.14 
430.335 1182.14 
431.011 1182.14 
-298.097 1171.14 
-298.656 1170.13 
-297.989 1170.13 
1114.56 1151.18 
1116.86 1150.1 
1112.36 1149 
1114.45 1147.7 
1116.92 1147.74 
1114.52 1145.61 
-493.1 1117.14 
-494.339 1115.51 
-492.991 1116.14 
-1624.1 1111.14 
-498.711 1110.76 
-497.094 1111.19 
-1624.67 1110.14 
-1623.99 1110.14 
-498.093 1109.58 
-210.102 1103.15 
-210.658 1102.15 
-209.994 1102.15 
-284.105 1097.14 
-284.671 1096.15 
-283.995 1096.15 
-719.103 1092.14 
-719.668 1091.14 
-718.994 1091.14 
-616.085 1073.14 
-616.663 1072.14 
-615.99 1072.14 
-1347.11 1066.14 
206.89 1063.14 
-1347.67 1065.14 
-1346.99 1065.14 
206.332 1062.14 
207.005 1062.14 
-395.098 1036.14 
-397.095 1034.14 
-395.185 1034.22 
-393.672 1034.28 
887.901 1031.14 
-395.244 1032.72 
887.343 1030.14 
888.009 1030.14 
-282.088 1025.14 
-936.095 1023.14 
405.895 1023.13 
-282.657 1024.14 
-281.988 1024.14 
-936.665 1022.15 
-935.989 1022.14 
405.326 1022.14 
406.004 1022.14 
908.905 1012.14 
908.341 1011.15 
909.018 1011.14 
-1531.1 1002.14 
-1531.67 1001.14 
-1530.99 1001.14 
1582.9 998.139 
1582.34 997.139 
1583.02 997.137 
863.899 976.14 
863.336 975.144 
864.013 975.141 
-498.104 965.133 
633.915 965.139 
1335.91 964.142 
-498.669 964.137 
-497.989 964.138 
633.34 964.13 
634.008 964.129 
1335.34 963.151 
1336.01 963.15 
-62.1072 949.141 
-62.671 948.145 
-61.9956 948.143 
508.904 941.143 
506.902 939.138 
508.817 939.224 
510.332 939.283 
508.758 937.71 
175.893 930.139 
175.327 929.135 
176.002 929.135 
-991.1 920.145 
1543.92 919.139 
-993.103 918.139 
-991.185 918.227 
-989.675 918.287 
1543.34 918.137 
1544.02 918.14 
1125.89 914.14 
-991.243 916.713 
-733.106 912.143 
1125.33 913.138 
1126 913.139 
1169.9 910.148 
-733.663 911.144 
-732.996 911.144 
1169.34 909.144 
1170 909.144 
1562.9 882.134 
0.907202 878.137 
1562.33 881.144 
1563.01 881.141 
0.33103 877.152 
1.01157 877.152 
1185.9 865.145 
1185.34 864.137 
1186 864.138 
-1167.1 855.149 
-1167.66 854.152 
-1166.99 854.149 
670.897 793.145 
-323.098 792.139 
668.901 791.136 
670.808 791.226 
672.322 791.288 
-323.671 791.14 
-322.989 791.14 
670.747 789.714 
-164.1 782.135 
-164.674 781.148 
-163.992 781.148 
312.897 777.141 
161.904 776.139 
312.333 776.13 
313.001 776.135 
161.338 775.136 
162.013 775.139 
665.906 759.146 
665.336 758.153 
666.012 758.149 
402.905 747.137 
-464.097 743.141 
402.335 746.136 
403.008 746.137 
-464.662 742.142 
-463.991 742.142 
-561.093 730.148 
-561.655 729.149 
-560.99 729.146 
-235.102 719.144 
-235.669 718.14 
-234.995 718.139 
-1523.09 694.146 
573.879 692.147 
-1523.65 693.154 
-1522.98 693.148 
446.902 688.132 
573.329 691.149 
574.005 691.146 
145.904 685.136 
446.333 687.137 
447.006 687.138 
145.335 684.15 
146.008 684.147 
-748.085 677.141 
814.893 674.144 
-748.664 676.142 
-747.984 676.142 
-1356.09 670.139 
812.903 672.144 
814.816 672.221 
816.331 672.273 
-1356.66 669.143 
-1355.99 669.147 
814.764 670.71 
-1148.11 645.141 
-1148.67 644.143 
-1148 644.138 
-1094.1 631.149 
-1094.66 630.155 
-1093.98 630.147 
807.891 620.148 
781.9 619.132 
807.334 619.143 
808.477 618.711 
781.334 618.133 
782.006 618.13 
812.462 614.442 
812.303 613.005 
813.015 613.031 
-809.089 607.145 
-817.103 606.14 
-810.738 605.943 
-808.987 606.144 
-817.666 605.131 
921.901 580.145 
921.338 579.146 
922.003 579.143 
-1121.09 557.141 
-1121.66 556.134 
-1121 556.137 
-802.099 553.14 
-804.097 551.13 
-802.184 551.225 
-800.679 551.29 
383.901 546.14 
-802.241 549.706 
383.326 545.15 
384.006 545.148 
1336.91 542.143 
1336.34 541.14 
1337.01 541.139 
730.898 529.139 
730.328 528.133 
731.01 528.136 
-1259.8 507.188 
-1255.9 507.185 
-325.098 505.137 
-872.105 504.14 
-1260.66 506.136 
-1258.54 506.137 
-1255.48 506.138 
-918.104 502.146 
-325.669 504.136 
-324.994 504.14 
-874.1 502.145 
-872.192 502.23 
-870.675 502.288 
-918.67 501.144 
-917.996 501.147 
-872.251 500.717 
167.905 481.139 
167.341 480.132 
168.008 480.13 
-101.096 469.143 
-101.663 468.142 
-100.994 468.141 
840.886 457.139 
840.33 456.133 
841.002 456.135 
957.899 453.142 
1249.89 453.136 
-161.108 449.135 
957.337 452.141 
958.008 452.145 
1249.33 452.135 
1250.01 452.134 
-161.671 448.134 
-160.999 448.135 
-84.0902 445.134 
-84.6685 444.125 
-83.9921 444.132 
-1269.1 435.138 
-1269.67 434.141 
-1268.99 434.142 
110.899 426.134 
1575.91 425.134 
-219.095 424.144 
110.332 425.136 
111.006 425.131 
1575.34 424.134 
1576.01 424.134 
-221.095 422.143 
-219.179 422.23 
-217.67 422.288 
-207.106 418.14 
-219.237 420.716 
-207.669 417.144 
-206.996 417.146 
582.901 405.14 
202.895 404.143 
580.903 403.151 
582.817 403.233 
584.328 403.287 
200.898 402.146 
202.809 402.226 
204.33 402.28 
582.759 401.716 
202.751 400.708 
625.903 387.132 
625.336 386.136 
626.012 386.136 
-613.095 375.151 
298.902 375.142 
-104.113 374.14 
894.9 374.144 
-613.655 374.146 
-612.996 374.146 
298.333 374.144 
299.009 374.142 
-104.669 373.148 
-103.995 373.146 
894.336 373.136 
895.012 373.139 
-903.098 367.15 
1108.91 364.145 
-903.661 366.151 
-902.992 366.146 
1108.34 363.149 
1109.01 363.146 
1126.9 353.137 
981.907 352.143 
1146.9 351.141 
1126.33 352.137 
1127.01 352.135 
979.897 350.137 
981.822 350.227 
983.337 350.287 
1146.33 350.145 
1147.01 350.145 
981.764 348.716 
-1090.1 341.138 
893.897 341.133 
-1090.66 340.139 
-1089.99 340.14 
893.335 340.147 
894.014 340.143 
1296.9 334.137 
1296.33 333.14 
1297.01 333.138 
-1206.09 315.142 
-772.097 315.133 
16.8923 314.141 
-1208.1 313.143 
-1206.18 313.23 
-1204.67 313.289 
-772.663 314.126 
-771.994 314.123 
16.327 313.147 
17.0022 313.149 
-1206.24 311.713 
1358.89 302.143 
-1427.09 301.14 
1356.9 300.14 
1358.81 300.227 
1360.33 300.287 
-1427.66 300.143 
-1426.99 300.146 
-938.106 297.138 
1358.75 298.711 
-938.679 296.142 
-937.999 296.142 
-1452.09 291.141 
74.8943 289.139 
-1452.66 290.14 
-1451.99 290.142 
74.329 288.131 
75.0077 288.13 
-1305.09 278.132 
-1388.1 274.138 
-1305.67 277.134 
-1304.98 277.136 
-1388.67 273.13 
-1387.99 273.133 
-615.107 260.146 
-615.66 259.145 
-614.997 259.141 
18.9072 254.147 
16.9029 252.13 
18.8214 252.22 
20.3258 252.281 
18.7635 250.703 
1285.89 230.145 
1285.33 229.146 
1286 229.143 
-1589.1 222.135 
-93.0938 219.138 
-1589.66 221.132 
-1588.99 221.131 
1354.91 216.144 
-93.6619 218.135 
-92.9904 218.137 
1354.34 215.143 
1355.01 215.14 
-100.11 210.143 
-100.662 209.149 
-99.996 209.144 
-119.11 203.133 
806.894 203.144 
-119.669 202.131 
-118.997 202.127 
804.895 201.153 
806.81 201.231 
808.33 201.283 
806.753 199.718 
-1412.09 190.137 
-1395.1 190.139 
-1412.66 189.133 
-1411.99 189.14 
-1397.1 188.139 
-1395.18 188.225 
-1393.68 188.283 
-1395.24 186.713 
1263.9 180.144 
-425.083 179.142 
246.898 179.134 
1263.33 179.133 
1264.01 179.136 
-425.653 178.14 
-424.987 178.139 
246.338 178.135 
247.006 178.137 
229.899 172.143 
92.8829 171.149 
229.327 171.136 
230.009 171.137 
92.3281 170.148 
92.9992 170.147 
-1485.09 140.145 
-556.103 137.137 
-1485.66 139.133 
-1484.99 139.134 
-1354.1 133.138 
-556.668 136.134 
-555.995 136.131 
-1354.67 132.138 
-1353.99 132.135 
1493.9 122.137 
-739.099 119.144 
700.903 119.136 
1493.33 121.143 
1494.02 121.14 
-477.09 116.133 
-741.099 117.145 
-739.182 117.233 
-737.67 117.293 
700.338 118.133 
701.011 118.132 
-225.094 113.146 
-477.665 115.127 
-476.992 115.129 
-739.239 115.711 
-225.665 112.141 
-224.993 112.139 
-1412.1 108.145 
-1412.66 107.141 
-1411.99 107.141 
-530.099 84.1445 
-530.665 83.14 
-529.992 83.1429 
-89.1063 75.1383 
659.89 73.1394 
-89.6703 74.1315 
-88.997 74.1297 
-1402.1 70.1352 
659.329 72.1461 
660.01 72.145 
-1402.66 69.1308 
-1402 69.1321 
-1450.11 58.1365 
737.903 58.1482 
-1450.67 57.1365 
-1449.99 57.1339 
737.338 57.1515 
738.011 57.149 
-173.093 45.1455 
1233.89 42.1438 
-173.661 44.1553 
-172.983 44.1518 
1231.9 40.1457 
1233.81 40.2246 
1235.33 40.2781 
6.90171 34.1366 
1233.76 38.7088 
6.33982 33.1324 
7.0106 33.1323 
-1602.11 27.1373 
630.892 24.1366 
-1602.67 26.1434 
-1602 26.1435 
630.331 23.1454 
631.003 23.1444 
413.897 3.13829 
413.338 2.12633 
414.007 2.12645 
1484.9 -16.8607 
1482.9 -18.8648 
1484.82 -18.7772 
1486.33 -18.7178 
1484.76 -20.2909 
-34.105 -34.8594 
-34.6698 -35.8587 
-33.9989 -35.8582 
-958.104 -41.8572 
-958.665 -42.8462 
-957.992 -42.8468 
-481.082 -46.8611 
-481.656 -47.8649 
-480.982 -47.8622 
1489.9 -61.8631 
1489.33 -62.8666 
1490 -62.8639 
-418.107 -67.8577 
-614.095 -70.8537 
-418.665 -68.86 
-417.987 -68.8567 
1357.89 -71.8688 
-614.664 -71.8513 
-613.987 -71.8529 
1357.33 -72.8788 
1358 -72.8748 
1553.9 -93.8552 
1079.89 -97.8683 
1553.33 -94.8516 
1554 -94.8519 
1079.33 -98.8642 
1080.01 -98.866 
76.9 -103.863 
952.896 -103.859 
-756.095 -104.862 
76.334 -104.858 
77.0039 -104.859 
952.331 -104.855 
953.009 -104.856 
-756.67 -105.863 
-755.991 -105.859 
-0.102197 -110.867 
409.898 -113.859 
-0.668359 -111.868 
0.00266113 -111.87 
409.334 -114.863 
410 -114.862 
-946.105 -122.857 
-946.669 -123.848 
-945.987 -123.853 
-1391.1 -135.862 
-384.094 -135.858 
-1391.66 -136.862 
-1390.99 -136.864 
-384.669 -136.864 
-383.991 -136.862 
1113.9 -139.858 
1113.34 -140.87 
1114.01 -140.871 
-1173.1 -169.856 
-1173.66 -170.853 
-1172.99 -170.853 
1000.89 -202.85 
-479.113 -206.859 
1000.33 -203.865 
1001 -203.868 
-479.675 -207.854 
-479.002 -207.852 
-685.093 -215.858 
-685.66 -216.863 
-684.995 -216.862 
572.905 -224.863 
570.895 -226.863 
572.812 -226.774 
574.326 -226.713 
572.749 -228.286 
-817.108 -237.867 
501.911 -238.86 
-817.666 -238.864 
-816.994 -238.866 
-530.112 -242.856 
499.899 -240.862 
501.817 -240.775 
503.326 -240.716 
-530.668 -243.854 
-529.997 -243.855 
501.754 -242.291 
1011.56 -250.818 
219.903 -251.855 
1013.87 -251.9 
1009.37 -253 
219.341 -252.86 
220.008 -252.857 
1011.46 -254.306 
1013.93 -254.266 
1011.53 -256.393 
506.238 -271.706 
507.936 -272.16 
1115.91 -272.862 
505.305 -272.849 
506.966 -273.02 
1115.34 -273.852 
1116.01 -273.852 
190.909 -277.854 
190.33 -278.854 
191.011 -278.854 
-1340.09 -283.861 
-1340.66 -284.864 
-1339.99 -284.858 
1047.9 -290.859 
1047.33 -291.857 
1048.01 -291.857 
-1444.1 -296.86 
1596.9 -299.858 
-1446.11 -298.86 
-1444.19 -298.777 
-1442.67 -298.721 
900.923 -301.86 
1594.9 -301.869 
1596.81 -301.777 
1598.33 -301.715 
-1444.25 -300.288 
900.345 -302.864 
901.011 -302.859 
1596.75 -303.29 
97.8994 -312.857 
97.3398 -313.861 
98.0042 -313.859 
-433.103 -321.861 
-433.664 -322.86 
-432.989 -322.859 
-139.102 -326.858 
248.901 -326.864 
258.887 -327.862 
1629.9 -328.853 
-139.67 -327.866 
-138.997 -327.864 
248.339 -327.869 
249.009 -327.869 
258.331 -328.863 
258.999 -328.864 
1629.33 -329.867 
1630 -329.863 
943.905 -333.86 
-1246.11 -337.861 
943.329 -334.858 
944.007 -334.86 
-1246.67 -338.856 
-1246 -338.857 
1200.91 -341.859 
-745.091 -345.857 
1200.34 -342.865 
1201.01 -342.864 
-745.655 -346.855 
-744.99 -346.855 
203.89 -350.86 
-1176.08 -353.863 
201.897 -352.849 
203.811 -352.77 
205.322 -352.717 
-1176.66 -354.859 
-1175.99 -354.857 
21.9006 -357.865 
203.757 -354.293 
21.3309 -358.872 
22.0064 -358.873 
77.8869 -362.859 
77.3329 -363.852 
78.0028 -363.855 
512.919 -380.861 
-482.113 -381.862 
512.338 -381.866 
513.014 -381.859 
-482.658 -382.867 
-481.993 -382.867 
805.9 -394.857 
805.332 -395.857 
806.004 -395.854 
1276.9 -398.863 
1276.34 -399.865 
1277.01 -399.86 
1422.9 -407.859 
600.902 -408.856 
1422.34 -408.857 
1423.01 -408.855 
600.337 -409.851 
601.008 -409.852 
-1392.09 -417.863 
206.885 -418.855 
-1052.1 -420.861 
-1392.67 -418.863 
-1391.99 -418.862 
206.332 -419.853 
207.001 -419.855 
-1052.66 -421.845 
-1051.99 -421.852 
-1209.1 -447.865 
-464.093 -447.852 
290.895 -449.865 
-1209.67 -448.86 
-1208.99 -448.863 
-464.666 -448.86 
-463.989 -448.856 
290.332 -450.854 
291.01 -450.857 
1608.9 -458.858 
404.895 -461.864 
1608.33 -459.863 
1609.01 -459.862 
-975.089 -463.865 
402.898 -463.859 
404.81 -463.776 
406.329 -463.72 
724.903 -465.865 
-975.658 -464.872 
-974.985 -464.871 
404.752 -465.285 
724.338 -466.855 
725.017 -466.853 
328.906 -473.859 
1284.89 -473.858 
328.343 -474.853 
329.007 -474.853 
1282.9 -475.863 
1284.82 -475.773 
1286.33 -475.711 
-1228.11 -480.859 
-987.094 -480.865 
-315.109 -481.85 
1284.76 -477.289 
-1228.67 -481.854 
-1228 -481.853 
-987.671 -481.869 
-986.991 -481.864 
-315.672 -482.85 
-315 -482.853 
499.895 -489.86 
499.339 -490.863 
500.004 -490.863 
714.903 -495.859 
987.901 -497.852 
714.337 -496.867 
715.008 -496.868 
987.33 -498.855 
988.007 -498.851 
-1434.11 -508.863 
517.895 -508.858 
-137.112 -511.854 
-1434.67 -509.863 
-1434 -509.862 
517.337 -509.868 
518.007 -509.866 
-137.666 -512.846 
-136.996 -512.853 
1184.92 -544.858 
-920.084 -545.861 
1184.34 -545.857 
1185.02 -545.856 
-920.66 -546.868 
-919.979 -546.867 
-224.088 -551.862 
-204.106 -553.862 
-224.666 -552.865 
-223.989 -552.862 
-204.674 -554.861 
-203.994 -554.858 
-883.093 -558.865 
1635.23 -559.42 
-883.661 -559.864 
-882.991 -559.861 
1635.26 -559.864 
-325.09 -564.856 
-325.663 -565.856 
-324.995 -565.855 
467.898 -571.855 
467.336 -572.865 
468.002 -572.861 
-349.092 -580.864 
-349.665 -581.859 
-348.99 -581.86 
1143.9 -594.856 
1268.9 -594.856 
1143.34 -595.854 
1144 -595.855 
1266.9 -596.856 
1268.81 -596.773 
1270.33 -596.717 
1268.76 -598.285 
-437.092 -603.858 
1624.91 -605.858 
-439.101 -605.866 
-437.18 -605.777 
-435.673 -605.718 
-74.1073 -608.862 
1624.34 -606.857 
1625.02 -606.855 
-437.239 -607.297 
-75.2631 -610.982 
-74.1446 -610.45 
-76.5741 -613.69 
-75.4479 -613.316 
-461.1 -620.856 
658.907 -620.859 
-463.102 -622.858 
-461.181 -622.769 
-459.677 -622.71 
658.335 -621.863 
659.007 -621.86 
-461.236 -624.282 
1075.9 -630.864 
952.903 -632.858 
-873.098 -634.861 
1073.9 -632.859 
1075.82 -632.773 
1077.33 -632.715 
262.898 -635.862 
952.336 -633.861 
953.008 -633.86 
-875.1 -636.857 
-873.185 -636.774 
-871.665 -636.718 
1075.76 -634.287 
262.336 -636.863 
263.005 -636.867 
-873.244 -638.283 
1442.92 -648.862 
125.916 -649.862 
1624.9 -650.86 
-1519.1 -652.865 
1442.34 -649.865 
1443.01 -649.863 
125.338 -650.854 
126.012 -650.854 
919.895 -653.858 
1624.34 -651.867 
1625.01 -651.865 
-1519.67 -653.865 
-1518.99 -653.861 
917.901 -655.852 
919.819 -655.771 
921.326 -655.717 
1459.9 -658.856 
919.768 -657.29 
1459.34 -659.853 
1460.01 -659.855 
-1018.11 -667.856 
-1018.66 -668.854 
-1018 -668.855 
-706.101 -682.864 
495.893 -684.86 
-708.104 -684.862 
-706.188 -684.781 
-704.673 -684.726 
495.332 -685.86 
496.005 -685.86 
-706.247 -686.285 
-109.106 -701.863 
-111.1 -703.863 
-109.186 -703.778 
-107.669 -703.721 
-109.241 -705.284 
96.9077 -714.868 
96.3354 -715.874 
97.0115 -715.871 
1150.9 -721.868 
1150.33 -722.862 
1151.01 -722.859 
-1597.1 -738.862 
-977.105 -738.86 
976.901 -738.859 
-1597.67 -739.86 
-1596.99 -739.859 
-979.104 -740.858 
-977.189 -740.776 
-975.673 -740.721 
976.326 -739.865 
977.007 -739.861 
-977.245 -742.286 
-258.088 -758.857 
-1366.09 -762.856 
-258.664 -759.861 
-257.985 -759.859 
-576.1 -764.855 
-1368.1 -764.86 
-1366.18 -764.77 
-1364.67 -764.709 
-576.663 -765.852 
-575.996 -765.851 
-1366.25 -766.287 
386.904 -772.859 
386.332 -773.863 
387.003 -773.86 
-549.093 -791.864 
-549.661 -792.871 
-548.985 -792.867 
129.903 -796.865 
1062.89 -798.866 
1174.9 -798.864 
129.324 -797.867 
130.004 -797.865 
1062.33 -799.866 
1063 -799.865 
1174.33 -799.864 
1175 -799.865 
-378.092 -810.856 
-378.786 -812.013 
-377.99 -811.858 
-382.71 -818.257 
-380.899 -816.804 
-382.689 -819.013 
-381.99 -818.984 
-651.103 -833.848 
-652.196 -835.339 
-651.103 -835.339 
55.9074 -842.863 
944.914 -844.871 
55.3414 -843.866 
56.0146 -843.865 
944.338 -845.862 
945.011 -845.866 
152.898 -851.861 
671.9 -851.852 
1352.89 -851.857 
1116.9 -852.866 
152.33 -852.859 
153.005 -852.859 
671.343 -852.869 
671.999 -852.868 
1352.33 -852.856 
1353.01 -852.857 
1116.33 -853.862 
1117 -853.86 
840.904 -876.858 
840.337 -877.857 
841.005 -877.857 
1317.9 -880.857 
801.918 -882.854 
1348.89 -882.869 
1317.44 -882.323 
1318.78 -882.798 
801.335 -883.85 
802.009 -883.85 
1348.33 -883.867 
1349 -883.87 
-68.0976 -887.859 
1318.81 -884.675 
1319.97 -884.922 
1430.89 -889.863 
-68.6707 -888.858 
-67.9968 -888.854 
1430.33 -890.858 
1431.01 -890.861 
-476.107 -894.861 
-476.665 -895.861 
-475.997 -895.864 
-800.102 -912.865 
-680.102 -913.857 
-129.096 -913.856 
-800.668 -913.861 
-799.999 -913.865 
-680.667 -914.86 
-679.996 -914.86 
-129.656 -914.863 
-128.99 -914.863 
-377.096 -918.859 
1090.9 -921.849 
-377.669 -919.855 
-376.992 -919.858 
1090.34 -922.852 
1091.01 -922.849 
1001.91 -927.866 
-183.098 -928.855 
-1505.1 -930.86 
999.905 -929.865 
1001.82 -929.775 
1003.33 -929.714 
-185.095 -930.856 
-183.183 -930.773 
-181.668 -930.717 
-630.103 -933.862 
-1505.67 -931.859 
-1504.99 -931.86 
1001.76 -931.288 
1156.91 -935.868 
-1484.11 -936.871 
-964.108 -936.863 
-183.241 -932.288 
564.902 -936.861 
-630.669 -934.861 
-629.997 -934.859 
1156.33 -936.862 
1157.01 -936.863 
-1484.67 -937.872 
-1483.99 -937.874 
-964.663 -937.866 
-963.995 -937.869 
564.324 -937.865 
565 -937.865 
1442.9 -942.856 
268.9 -945.85 
645.891 -945.858 
1440.9 -944.843 
1442.81 -944.771 
1444.33 -944.722 
370.903 -948.859 
268.339 -946.855 
269.01 -946.855 
645.335 -946.862 
646.005 -946.863 
1442.76 -946.285 
370.339 -949.859 
371.014 -949.863 
514.899 -960.853 
514.336 -961.85 
515.003 -961.849 
910.897 -964.866 
405.895 -967.858 
910.334 -965.868 
911.007 -965.868 
351.904 -969.856 
409.24 -969.936 
403.901 -969.861 
405.795 -969.794 
351.335 -970.859 
352.011 -970.857 
409.062 -971.42 
-168.111 -976.857 
841.899 -976.855 
-168.668 -977.863 
-168.005 -977.864 
841.338 -977.863 
842.006 -977.86 
-427.097 -983.868 
-427.673 -984.863 
-426.995 -984.863 
286.899 -988.861 
1112.91 -990.86 
-532.09 -991.865 
284.901 -990.859 
286.814 -990.774 
288.335 -990.716 
1112.34 -991.859 
1113.01 -991.861 
-532.66 -992.866 
-531.986 -992.863 
286.757 -992.29 
720.902 -1010.86 
720.338 -1011.86 
721.01 -1011.86 
-1628.1 -1023.87 
-1628.67 -1024.86 
-1627.99 -1024.86 
1292.9 -1034.86 
1292.33 -1035.85 
1293.01 -1035.86 
27.9 -1039.86 
-182.104 -1041.85 
27.3316 -1040.86 
28.0082 -1040.87 
-182.665 -1042.85 
-181.994 -1042.86 
-527.433 -1046.82 
-525.14 -1047.9 
-529.636 -1049.01 
-527.547 -1050.31 
-525.077 -1050.26 
-527.481 -1052.39 
-604.11 -1069.85 
-604.661 -1070.85 
-604.001 -1070.86 
-885.102 -1075.86 
-834.106 -1078.86 
-885.664 -1076.86 
-884.992 -1076.86 
-836.095 -1080.86 
-834.179 -1080.77 
-832.67 -1080.72 
-834.228 -1082.29 
-1045.09 -1087.86 
-1045.66 -1088.86 
-1044.99 -1088.85 
1194.57 -1092.82 
1197.07 -1093.93 
1191.45 -1094.77 
1193.61 -1094.93 
1196.91 -1096.44 
1191.44 -1098 
1193.64 -1099.3 
1196.75 -1099.23 
1629.9 -1103.86 
1629.34 -1104.87 
1630.01 -1104.87 
-539.102 -1108.86 
-539.667 -1109.87 
-538.995 -1109.87 
379.905 -1113.85 
-41.111 -1116.86 
556.893 -1116.85 
379.34 -1114.86 
380.014 -1114.86 
-41.6707 -1117.86 
-40.9976 -1117.86 
556.334 -1117.85 
557 -1117.85 
-708.095 -1131.86 
-272.096 -1131.86 
-708.662 -1132.86 
-707.99 -1132.86 
-274.102 -1133.87 
-272.189 -1133.78 
-270.671 -1133.72 
364.904 -1135.87 
144.899 -1137.86 
-272.252 -1135.29 
362.896 -1137.86 
364.816 -1137.78 
366.329 -1137.72 
144.336 -1138.86 
145.006 -1138.87 
364.757 -1139.29 
-895.095 -1149.87 
-935.102 -1153.85 
-895.657 -1150.87 
-894.985 -1150.87 
-935.66 -1154.86 
-934.993 -1154.86 
-768.108 -1158.86 
-768.67 -1159.87 
-768.001 -1159.87 
598.9 -1166.86 
-1249.1 -1170.86 
598.337 -1167.86 
599.004 -1167.85 
426.906 -1172.86 
-1249.66 -1171.85 
-1248.99 -1171.85 
424.898 -1174.87 
426.812 -1174.78 
428.331 -1174.71 
886.903 -1176.86 
426.748 -1176.29 
886.342 -1177.86 
887.009 -1177.86 
-1011.09 -1182.86 
1089.9 -1183.86 
-670.095 -1184.86 
-1011.66 -1183.86 
-1010.98 -1183.86 
1089.33 -1184.86 
1090.01 -1184.86 
-672.094 -1186.86 
-670.181 -1186.77 
-668.672 -1186.71 
-670.241 -1188.29 
-581.087 -1193.86 
-1206.1 -1197.86 
-1180.11 -1197.86 
-581.661 -1194.86 
-580.984 -1194.85 
-1206.66 -1198.86 
-1206 -1198.86 
-1180.66 -1198.85 
-1180 -1198.85 
774.912 -1201.86 
314.903 -1205.86 
774.342 -1202.86 
775.015 -1202.86 
595.906 -1206.86 
314.344 -1206.86 
315.018 -1206.86 
595.331 -1207.85 
596.015 -1207.86 
-1188.1 -1212.86 
-1210.1 -1215.86 
-1188.67 -1213.86 
-1187.99 -1213.87 
-1210.66 -1216.86 
-1209.99 -1216.86 
-1112.1 -1227.86 
232.905 -1228.86 
298.654 -1230.28 
-1113.77 -1229.29 
-1112.59 -1229.35 
-1110.95 -1229.32 
231.239 -1230.31 
232.403 -1230.35 
234.055 -1230.31 
300.77 -1230.98 
-1112.41 -1231.21 
295.9 -1231.36 
296.402 -1231.35 
297.401 -1231.35 
298.399 -1231.35 
