-816.499 1199.51 
-1175.51 1192.5 
958.506 1191.49 
360.501 1188.5 
108.499 1180.51 
284.509 1170.5 
-1262.49 1165.5 
249.497 1156.5 
712.501 1154.5 
-1106.5 1150.5 
-631.504 1151.5 
-1240.5 1143.5 
166.502 1120.5 
-1435.49 1117.5 
-1149.5 1113.5 
-14.4963 1089.49 
647.501 1076.5 
176.496 1074.49 
1415.5 1069.5 
-86.4979 1057.5 
75.1476 1024.2 
-518.505 1024.5 
-553.507 1016.5 
75.1036 1024.11 
-1604.5 1012.51 
596.501 1009.5 
622.5 1008.5 
312.494 997.499 
-40.4952 986.504 
-1007.5 980.506 
1295.5 920.497 
1341.5 914.5 
-446.494 914.502 
-568.499 886.496 
1125.5 886.5 
785.492 861.499 
768.504 859.495 
-569.494 856.495 
1043.5 825.501 
-568.504 803.5 
774.501 803.504 
1109.5 803.5 
382.511 798.498 
-1224.5 786.501 
796.506 784.503 
-51.4968 770.497 
519.496 766.501 
1393.5 760.497 
1163.5 760.496 
1421.5 758.498 
1547.5 756.497 
-150.499 754.495 
-31.5045 739.501 
1312.49 734.497 
-731.502 732.505 
1450.5 731.509 
-1257.5 729.503 
-531.497 712.501 
117.492 699.499 
237.501 696.503 
65.5009 693.495 
-141.495 661.509 
557.508 661.495 
-961.499 658.502 
-1510.5 627.501 
-1221.51 598.498 
115.498 588.498 
1197.5 569.494 
-1002.5 566.499 
-1385.5 559.501 
713.497 556.499 
871.495 546.495 
1060.5 545.487 
1472.5 526.507 
-1542.5 522.491 
-313.499 522.51 
-943.5 510.504 
-563.498 495.49 
-1154.49 490.499 
764.5 481.505 
-629.495 475.501 
1580.5 471.499 
195.505 467.505 
-1302.5 461.495 
-1130.5 451.504 
-427.503 450.495 
-645.501 434.496 
-32.499 429.5 
73.5015 428.5 
-610.495 425.5 
879.493 414.502 
447.501 412.504 
1000.5 411.496 
20.5004 399.501 
1157.5 398.495 
-1014.51 392.497 
-876.451 389.516 
-1404.5 390.504 
-881.174 385.861 
-1548.5 376.507 
-60.5024 374.5 
-1432.07 371.682 
-1424.34 368.146 
-1014.5 364.503 
-1377.5 350.496 
-94.5013 349.496 
132.502 338.496 
-1448.5 299.49 
-1298.5 293.496 
-1085.5 294.5 
-1399.5 276.496 
521.502 276.498 
-1520.5 255.504 
-1408.5 254.505 
-1018.49 252.499 
997.497 248.507 
-1236.5 245.497 
310.497 233.498 
1170.5 227.496 
351.498 223.499 
-963.509 221.507 
910.501 209.504 
1351.5 198.5 
375.504 195.499 
-408.496 194.503 
-95.4982 170.507 
-1341.5 167.496 
360.5 165.511 
-1269.5 158.503 
152.492 156.495 
1304.5 149.499 
326.49 146.498 
231.5 133.502 
-1147.5 124.5 
-782.495 123.498 
449.498 117.5 
107.502 92.499 
477.495 89.4994 
-1097.5 84.5007 
-715.501 82.5038 
859.506 75.5067 
-398.503 64.5 
543.5 64.5006 
-1102.51 61.5034 
-904.493 59.4963 
1485.5 38.5039 
-1473.49 31.4987 
-310.502 17.4941 
1487.49 13.4972 
-165.5 10.5006 
262.497 7.50134 
-1313.51 2.49854 
0.503296 -0.501831 
-293.499 -1.49683 
-1492.5 -8.50122 
146.505 -20.5018 
-1334.5 -25.4989 
126.505 -31.501 
-1113.5 -34.507 
-868.495 -41.5 
520.501 -43.5032 
313.502 -45.4962 
-846.502 -51.502 
604.503 -64.5043 
-837.492 -84.5031 
-161.502 -84.4978 
-1061.5 -86.5028 
33.4982 -89.4971 
1403.5 -92.4996 
-660.496 -96.5006 
1434.49 -114.505 
241.501 -127.507 
573.499 -133.501 
-918.498 -137.496 
-177.509 -140.499 
-389.505 -143.494 
-1079.5 -144.497 
563.841 -150.022 
1086.5 -154.502 
851.503 -157.495 
45.5015 -163.497 
-1448.5 -164.5 
546.495 -168.498 
689.498 -184.496 
-618.501 -189.508 
990.502 -198.5 
-1254.5 -212.494 
1510.51 -213.508 
343.504 -233.495 
-397.496 -240.494 
-495.502 -244.499 
-430.169 -250.834 
-46.5033 -256.5 
917.502 -268.502 
1190.5 -294.491 
615.499 -296.498 
174.498 -310.499 
-1605.51 -318.506 
-969.501 -323.502 
-767.499 -323.49 
-657.502 -369.505 
-263.499 -383.492 
362.504 -385.504 
26.4965 -392.506 
-82.5011 -402.502 
605.498 -409.5 
-23.496 -427.496 
-733.504 -435.496 
1537.5 -436.498 
-1295.5 -441.508 
-729.623 -452.046 
1066.51 -452.499 
1021.5 -456.502 
519.502 -473.501 
-965.497 -505.499 
848.497 -529.501 
-1548.5 -544.504 
-1477.5 -553.502 
1603.51 -579.497 
114.509 -581.494 
-1201.5 -582.501 
1039.5 -582.499 
449.496 -589.499 
-35.1201 -594.671 
-32.4108 -596.318 
-1415.5 -604.497 
1140.5 -607.499 
-82.5006 -622.493 
-966.505 -630.502 
1342.5 -633.508 
323.495 -642.502 
287.5 -645.506 
740.508 -649.497 
-1442.51 -651.502 
-1477.5 -669.504 
500.501 -669.485 
377.498 -692.496 
-320.499 -705.498 
-767.502 -715.494 
-1075.51 -728.498 
-306.501 -729.501 
-218.511 -747.496 
871.503 -758.498 
1309.5 -783.497 
1129.5 -796.501 
-1000.5 -811.495 
-200.502 -821.495 
898.496 -825.504 
-516.502 -826.497 
-1233.5 -832.499 
-541.496 -836.497 
-631.495 -842.502 
-584.502 -844.503 
-948.499 -847.501 
914.503 -857.503 
1341.5 -866.502 
-1211.49 -868.507 
1244.5 -872.504 
-762.494 -896.499 
-1155.5 -901.494 
-188.494 -904.505 
855.502 -908.494 
-796.506 -936.502 
-1278.5 -945.509 
606.502 -945.491 
1202.5 -952.5 
-1518.5 -993.503 
-1129.5 -993.499 
575.498 -997.501 
-1362.5 -1018.5 
679.498 -1022.5 
-1146.5 -1050.51 
-1189.5 -1062.5 
59.5056 -1109.51 
1246.5 -1130.5 
1297.5 -1134.5 
1267.5 -1149.5 
275.497 -1162.51 
944.501 -1162.5 
-1339.5 -1170.5 
-403.498 -1171.5 
130.504 -1176.5 
-1004.5 -1191.51 
624.504 -1191.51 
574.497 -1195.49 
142.498 -1202.5 
-85.5052 -1205.51 
1164.51 -1212.5 
