920.5 1208.49 
1345.5 1208.5 
-1121.5 1203.5 
550.5 1183.5 
570.455 1152.98 
-834.496 1136.5 
1289.5 1130.5 
-1147.5 1110.5 
-1427.49 1107.5 
-322.501 1104.5 
870.5 1089.5 
-1483.5 1088.5 
1398.5 1085.5 
-1184.5 1082.5 
725.504 1072.5 
-236.506 1067.5 
1166.5 1057.5 
874.493 1053.5 
-542.499 1051.51 
627.496 1049.5 
1450.5 1024.49 
-760.491 1020.5 
-1395.49 1017.5 
1141.5 1016.5 
287.5 1004.5 
-931.498 982.504 
1230.5 968.498 
272.5 962.494 
-549.497 959.504 
1337.51 959.497 
-1078.5 958.497 
357.361 951.745 
352.866 950.197 
1411.5 938.495 
664.508 935.499 
-631.504 934.503 
690.5 927.504 
562.497 907.497 
872.505 900.506 
322.499 898.505 
-576.505 898.499 
-1469.54 889.961 
1478.49 883.508 
205.492 876.502 
-1059.5 870.5 
1408.51 859.5 
449.5 856.502 
496.498 854.5 
1237.5 849.497 
670.505 840.5 
357.499 838.499 
-1215.51 827.501 
-387.512 819.498 
212.5 818.497 
-1427.5 814.5 
-776.5 813.504 
1454.5 807.499 
1324.5 804.499 
-454.506 802.496 
158.503 792.501 
-319.498 774.504 
1149.51 764.491 
1569.5 756.89 
745.503 751.5 
1569.5 756.499 
-1291.5 737.505 
1114.5 737.502 
-0.497314 733.495 
1249.5 722.503 
-554.495 708.504 
979.506 696.499 
1187.51 675.498 
510.507 671.505 
-360.506 659.501 
-1343.51 651.502 
1496.5 623.502 
683.496 615.495 
-1456.5 607.507 
-1406.5 604.494 
-652.498 603.501 
-383.5 600.501 
991.501 599.504 
394.499 586.504 
-1468.5 585.501 
1086.5 582.507 
1568.51 582.503 
-257.498 581.496 
95.4951 570.509 
914.503 565.507 
-857.495 552.501 
-528.506 543.498 
-1353.5 526.503 
1301.5 525.497 
198.501 517.635 
877.494 519.499 
-1367.08 518.839 
397.5 516.505 
1503.5 504.498 
-266.502 504.502 
-72.4972 504.502 
58.4974 500.498 
-1283.5 499.504 
41.4996 491.497 
-797.506 489.496 
463.498 464.497 
783.837 458.774 
-215.502 458.502 
-623.494 457.501 
742.51 457.499 
-1525.5 455.498 
-1312.5 448.496 
1205.5 448.499 
-1389.5 438.494 
-38.5079 430.502 
508.496 429.506 
734.501 429.499 
212.509 423.503 
-1278.5 421.491 
976.504 410.5 
651.5 409.5 
-51.4917 404.497 
-503.498 402.504 
1032.5 390.502 
419.494 388.504 
-1307.49 387.498 
684.502 382.503 
1162.34 367.927 
1344.51 367.495 
1162.29 367.829 
1045.5 356.496 
-111.504 342.499 
-947.497 336.504 
1517.5 330.509 
816.496 326.499 
-122.499 317.497 
1071.51 309.502 
114.503 304.495 
812.496 301.504 
881.503 301.502 
334.502 292.507 
-1402.5 287.493 
1569.51 281.499 
1328.5 267.5 
-1137.5 258.5 
294.508 242.51 
795.498 222.505 
481.499 218.502 
39.5009 204.322 
255.496 204.496 
-621.499 197.505 
623.505 197.493 
792.506 195.502 
39.5034 203.15 
824.502 195.499 
-705.501 194.501 
-839.504 188.503 
1340.5 180.495 
-620.497 178.502 
289.5 175.504 
-902.497 168.498 
1388.5 168.504 
734.5 167.495 
-1007.5 166.501 
-496.502 166.504 
-532.494 159.507 
1409.5 155.508 
-290.497 152.499 
-144.501 150.502 
-109.506 141.504 
1077.51 128.493 
457.502 127.499 
91.5007 123.504 
307.501 119.498 
-447.5 112.498 
-1076.5 107.495 
-810.496 101.504 
-1428.5 98.5037 
-0.49707 97.4988 
1239.22 90.2773 
1228.38 80.8785 
1177.49 73.4924 
-805.502 67.5018 
-170.017 63.5026 
656.499 63.5011 
721.204 61.2448 
1008.5 59.5046 
939.502 59.4978 
1299.5 60.4988 
81.5 52.5051 
715.235 53.2241 
1243.5 41.5004 
-966.495 40.5042 
869.497 38.5037 
-1263.49 26.5077 
-542.503 22.4968 
653.499 22.5018 
273.497 11.4949 
1216.5 12.4971 
786.499 10.4958 
-104.504 -0.501343 
0.492798 -0.491821 
844.499 -0.498901 
1390.58 -3.57849 
-153.497 -7.50171 
1413.5 -7.50452 
-472.499 -12.5057 
728.498 -20.5035 
899.945 -24.7621 
904.516 -25.1024 
31.4991 -39.4995 
-943.498 -44.501 
1178.5 -46.5004 
822.497 -52.4991 
862.497 -54.5026 
1089.5 -58.4984 
-247.494 -59.5027 
1380.5 -73.4982 
902.502 -76.4979 
1175.5 -82.4886 
669.503 -83.5015 
49.4987 -87.5004 
1488.5 -87.5048 
-19.4968 -88.5004 
861.502 -94.5024 
988.502 -106.503 
706.496 -118.5 
355.494 -120.493 
833.497 -124.495 
780.503 -127.501 
1272.5 -132.501 
639.496 -144.499 
-361.496 -147.5 
1121.49 -148.501 
833.49 -149.495 
1204.5 -153.5 
319.496 -157.504 
1290.51 -160.508 
55.4967 -165.504 
889.503 -167.495 
-1206.5 -167.497 
827.497 -169.505 
464.492 -174.502 
-71.502 -175.502 
1582.5 -176.499 
-923.501 -183.504 
303.503 -189.497 
507.53 -191.97 
-1260.5 -191.501 
-192.508 -192.497 
-750.5 -196.503 
-16.4993 -196.497 
837.504 -195.499 
489.39 -200.941 
508.525 -194.823 
1252.5 -206.496 
839.43 -201.341 
-232.498 -210.5 
-104.503 -218.498 
504.501 -218.5 
424.494 -236.506 
650.499 -236.505 
788.494 -236.504 
205.494 -245.496 
-1352.51 -246.499 
672.501 -251.494 
-204.49 -264.5 
1285.5 -269.499 
-931.505 -274.512 
-233.495 -283.501 
-346.502 -284.507 
-983.501 -287.503 
863.528 -289.041 
601.493 -292.494 
1006.5 -307.499 
734.5 -312.497 
1058.5 -317.501 
1117.5 -319.497 
-275.495 -333.503 
-1062.5 -337.49 
-1188.49 -339.498 
757.504 -340.507 
-1007.5 -344.505 
482.496 -345.499 
244.497 -352.5 
-1427.49 -354.501 
-1378.5 -355.506 
-157.501 -356.5 
-743.507 -361.507 
142.498 -363.496 
-761.502 -365.495 
214.501 -368.501 
-1497.5 -375.5 
566.499 -374.499 
1490.5 -375.508 
744.501 -383.497 
81.4982 -386.497 
404.498 -387.5 
358.501 -388.501 
125.499 -390.501 
27.501 -392.497 
-328.51 -403.499 
108.494 -407.5 
-392.504 -410.494 
1556.5 -416.494 
1352.51 -419.5 
-455.506 -419.499 
-410.502 -420.501 
103.242 -419.181 
-391.323 -418.39 
658.498 -429.499 
189.499 -429.504 
-407.74 -427.936 
543.506 -435.502 
889.495 -435.499 
587.507 -438.503 
-1399.5 -446.497 
564.503 -448.499 
-32.5035 -457.501 
337.501 -462.501 
-938.499 -469.502 
-66.4984 -471.496 
565.508 -472.502 
-798.5 -473.5 
-70.4937 -478.798 
-427.503 -488.501 
506.501 -491.493 
1087.5 -494.497 
-1184.5 -499.11 
-267.502 -505.505 
1039.5 -505.499 
1396.75 -507.568 
687.498 -506.505 
-1184.5 -499.5 
-156.504 -508.496 
274.492 -512.501 
1396.8 -507.997 
-1205.5 -520.495 
574.501 -532.499 
39.5035 -534.498 
172.509 -535.5 
-1100.51 -535.497 
65.5012 -540.5 
-58.4983 -541.5 
662.498 -543.505 
521.498 -545.504 
940.504 -546.5 
-43.5023 -549.496 
28.4988 -556.502 
-979.504 -566.501 
-1164.5 -571.501 
-466.498 -572.511 
-198.502 -579.495 
151.497 -580.496 
1019.5 -586.5 
-199.541 -585.231 
219.494 -592.503 
1480.5 -597.498 
-518.499 -604.502 
-1043.5 -606.501 
635.495 -617.5 
-96.4972 -619.5 
63.5026 -626.492 
226.492 -627.496 
925.496 -631.503 
504.499 -634.501 
-1231.5 -636.503 
163.498 -645.499 
-387.5 -656.504 
-681.495 -658.494 
-132.5 -659.499 
-1072.5 -663.501 
-90.4993 -668.501 
563.491 -680.492 
511.5 -687.5 
-1069.5 -707.502 
-903.5 -706.499 
-830.505 -707.492 
-965.496 -711.507 
-528.496 -711.499 
-1338.49 -713.499 
-463.493 -720.503 
53.5013 -725.497 
105.496 -726.504 
615.498 -728.498 
-472.194 -737.028 
-721.501 -742.492 
1207.5 -742.507 
-802.494 -743.497 
357.498 -746.495 
109.501 -752.498 
-80.5007 -754.498 
-155.5 -762.505 
-682.504 -763.494 
-1235.5 -773.507 
-519.498 -789.499 
269.5 -795.501 
-456.497 -798.502 
1276.5 -798.498 
-993.501 -811.5 
1270.67 -806.816 
223.495 -812.499 
-784.499 -814.496 
-1079.5 -824.499 
-201.504 -824.494 
1271.37 -828.025 
-256.505 -829.501 
-290.495 -831.492 
144.499 -834.499 
1032.51 -836.5 
-180.96 -843.5 
-198.137 -847.469 
-197.971 -849.042 
1488.49 -858.498 
1421.5 -861.497 
514.498 -864.503 
-957.498 -868.501 
479.498 -869.508 
-78.4969 -870.503 
-334.504 -875.501 
521.494 -891.504 
-319 -899.5 
-38.4977 -900.502 
-608.5 -902.5 
-1197.5 -903.495 
818.497 -906.503 
-943.499 -916.494 
369.509 -926.501 
-494.492 -927.506 
181.501 -929.495 
92.4993 -932.504 
1006.5 -938.494 
214.5 -940.495 
-244.495 -950.508 
-749.487 -955.504 
-602.5 -955.502 
667.491 -956.498 
89.507 -959.504 
-429.504 -963.502 
-741.767 -972.044 
387.507 -973.493 
-566.495 -985.496 
-1001.5 -987.501 
-980.506 -990.499 
766.494 -995.5 
-973.222 -996.777 
-260.499 -1003.5 
-189.497 -1018.49 
1484.5 -1018.5 
-1427.5 -1024.5 
-625.501 -1036.5 
-484.498 -1036.5 
247.495 -1040.5 
-470.494 -1052.5 
224.502 -1062.5 
632.498 -1065.5 
-374.501 -1068.5 
754.502 -1072.5 
-1039.5 -1074.5 
-489.501 -1078.5 
-686.498 -1079.5 
1179.51 -1080.5 
-684.797 -1087.87 
-75.5018 -1093.49 
-1051.5 -1104.5 
-702.497 -1103.5 
1380.5 -1105.5 
-324.503 -1107.5 
-499.501 -1110.5 
-210.499 -1111.49 
516.499 -1111.5 
-692.175 -1119.52 
-1169.5 -1123.5 
-468.494 -1137.5 
-113.498 -1150.5 
-1300.5 -1151.49 
-224.503 -1153.5 
-1028.5 -1157.49 
385.505 -1159.5 
58.4912 -1163.5 
1074.5 -1164.51 
-70.5059 -1168.51 
-771.498 -1171.51 
-24.5027 -1177.5 
398.499 -1179.5 
-629.501 -1185.5 
-233.498 -1190.5 
-1209.5 -1195.5 
1509.5 -1197.5 
398.505 -1200.5 
1177.5 -1201.5 
-476.511 -1203.49 
-146.496 -1204.5 
41.5022 -1206.5 
798.51 -1206.5 
-624.495 -1208.5 
1508.4 -1204.89 
