-622.503 1208.5 
997.502 1204.5 
1071.5 1202.5 
753.621 1204.54 
1385.5 1193.5 
917.508 1181.5 
1320.5 1173.5 
681.504 1170.51 
269.5 1168.5 
-543.494 1165.5 
-142.502 1166.5 
-28.501 1163.49 
-196.495 1159.5 
823.498 1151.5 
-1056.51 1141.5 
1285.5 1140.5 
884.499 1137.5 
4.5 1117.5 
756.491 1117.5 
1467.5 1115.5 
1490.5 1110.5 
939.935 1107.24 
944.498 1106.9 
-297.498 1101.5 
851.498 1077.5 
894.5 1073.5 
1231.5 1072.5 
-51.5011 1062.5 
1134.5 1061.5 
22.4952 1060.5 
933.5 1046.5 
684.5 1045.51 
1438.5 1035.5 
1220.49 1032.51 
887.501 1027.5 
1548.51 1016.49 
346.501 1013.5 
1018.5 1010.5 
-1323.5 1007.5 
719.497 1005.49 
-417.503 1004.5 
852.501 994.505 
796.496 992.499 
-1377.5 981.502 
-1016.5 980.499 
645.503 977.501 
1310.5 972.499 
26.4974 972.504 
305.499 972.503 
847.494 966.501 
-108.502 964.503 
-830.501 960.503 
1150.5 959.498 
1235.5 951.5 
-236.494 948.501 
457.498 949.503 
903.498 945.5 
838.503 944.495 
1323.51 940.495 
-50.4951 938.5 
286.503 937.492 
501.038 929.012 
-279.497 930.498 
-1465.5 922.499 
480.99 919.392 
501.881 925.81 
-143.494 916.499 
845.501 915.498 
846.562 908.337 
495.504 899.504 
1273.49 891.506 
410.5 881.499 
-1013.5 879.501 
180.501 878.504 
645.502 876.504 
788.499 872.494 
-249.496 869.496 
-1066.5 867.494 
665.496 858.499 
-397.499 851.493 
-278.495 849.499 
1293.49 822.494 
586.505 816.512 
-1275.5 815.505 
857.013 812.963 
-1142.5 813.498 
-1523.49 806.504 
-1083.5 805.502 
-1472.49 804.506 
-321.499 796.501 
721.505 791.503 
1000.51 789.501 
-1592.5 785.497 
-806.498 780.504 
1051.5 777.495 
-825.499 776.499 
1111.5 773.503 
-199.499 768.5 
458.499 762.495 
214.498 762.495 
740.495 761.512 
109.498 753.498 
183.501 745.504 
45.5012 730.496 
542.505 730.502 
-9.49731 725.502 
90.5044 725.503 
-374.505 724.495 
375.498 721.502 
328.5 721.504 
-439.493 718.499 
722.503 716.503 
-504.499 710.499 
-458.494 708.495 
72.5022 708.503 
-1476.49 707.496 
-438.911 710.629 
1477.5 704.5 
-455.449 699.563 
65.7074 694.592 
154.499 682.502 
629.504 670.497 
-997.505 670.499 
512.496 667.506 
1328.5 663.506 
-852.506 663.494 
556.504 663.497 
1533.49 660.501 
-72.4985 659.502 
861.512 657.497 
532.499 653.498 
-1245.5 647.89 
-106.499 645.498 
302.504 645.499 
-1245.5 647.498 
-473.511 638.506 
-111.144 639.033 
530.499 629.506 
-1263.5 625.494 
-310.502 617.5 
469.5 611.499 
-197.494 611.496 
-1153.51 607.496 
235.503 596.5 
1049.5 593.497 
649.502 591.5 
999.505 583.495 
-0.496216 580.498 
132.501 575.497 
24.5039 573.497 
-99.5013 574.496 
1353.25 572.468 
-1214.5 573.506 
-1026.5 573.506 
533.499 568.5 
-84.5 566.5 
1353.24 572.393 
-13.4988 558.493 
479.498 556.501 
-509.504 554.495 
619.496 554.496 
895.501 544.5 
-240.498 540.501 
-1086.49 534.503 
109.502 531.496 
-241.02 534.749 
-559.498 523.502 
176.496 517.5 
-1271.5 509.5 
965.505 503.494 
-138.505 499.497 
19.4979 487.498 
181.497 482.494 
584.496 482.499 
1415.5 482.499 
-1107.5 478.497 
-717.502 474.495 
-426.499 469.499 
454.505 468.503 
118.5 466.502 
867.502 462.501 
-174.495 459.496 
-132.507 450.499 
-1099.5 436.496 
-1366.5 436.506 
-934.501 433.5 
-995.495 430.5 
-862.506 430.504 
507.501 423.502 
-563.505 419.504 
455.502 418.495 
-499.499 409.489 
-830.498 394.496 
-751.498 393.503 
-507.237 392.966 
7.5033 392.495 
58.5021 390.502 
1562.5 379.499 
-1254.5 376.501 
553.498 376.498 
-711.503 373.498 
-123.496 367.504 
60.5021 365.5 
302.497 365.506 
-197.501 361.5 
1121.51 349.507 
-550.502 345.5 
-1011.5 335.498 
-489.51 335.497 
-806.497 328.496 
-1093.5 324.498 
213.498 321.494 
168.502 306.5 
-240.5 305.493 
-294.496 301.502 
-327.495 300.498 
1176.5 295.501 
92.4987 288.507 
-220.964 287.041 
1559.51 287.505 
-237.571 283.513 
1168.04 287.481 
-969.504 280.496 
-237.551 281.965 
1165.5 270.938 
938.504 266.499 
-368.503 261.499 
-122.501 259.503 
-1198.49 253.497 
443.501 252.497 
409.501 248.501 
-629.494 242.498 
-352.493 238.5 
-951.498 237.5 
1364.5 236.5 
1301.5 235.501 
-84.501 231.502 
447.503 227.5 
-519.496 217.497 
726.5 208.503 
39.5015 200.507 
123.504 200.5 
301.499 199.502 
-761.493 197.493 
-620.504 194.5 
-280.498 191.502 
154.497 189.497 
-455.501 183.504 
-754.902 186.067 
35.5017 175.503 
898.498 175.508 
-998.501 173.495 
1566.5 171.506 
-977.829 170.063 
-584.497 166.496 
578.504 166.494 
-969.258 164.632 
314.498 157.496 
-1400.5 149.497 
-295.501 143.497 
667.501 130.508 
-227.501 129.496 
-638.5 123.504 
-505.505 119.502 
-491.861 105.958 
180.497 101.497 
-1024.49 97.5022 
1327.51 95.5011 
-400.497 89.4932 
-692.498 85.4973 
-508.5 83.5073 
157.502 82.5023 
-690.669 79.9548 
-1033.5 71.4985 
535.494 71.4927 
-705.501 65.4957 
646.495 63.4996 
-121.499 61.5011 
-1142.49 57.5076 
-515.501 55.5002 
-353.498 54.5 
-696.121 52.782 
-247.505 49.4996 
1036.5 47.5046 
-1261.5 36.4978 
424.498 34.5004 
-485.503 32.5037 
-1005.5 25.5007 
1215.5 22.5023 
-259.5 13.501 
-157.498 13.495 
-765.5 9.50757 
0.501465 -0.498169 
-1169.5 -2.50134 
-117.505 -2.49744 
301.495 -3.49402 
1449.5 -3.50635 
-632.504 -5.49902 
-75.5017 -10.5022 
-267.504 -17.5012 
311.234 -20.1278 
927.502 -20.5033 
-490.507 -23.4915 
-626.5 -25.4922 
-187.497 -31.5026 
-16.5 -36.5015 
-561.5 -37.4984 
310.547 -36.946 
-916.495 -41.4961 
-220.475 -48.8451 
672.498 -50.4982 
-225.579 -52.9344 
1015.51 -53.4921 
1314.5 -56.5031 
301.501 -60.4987 
72.5004 -61.5093 
-225.114 -53.3391 
1312.05 -61.8981 
-655.495 -73.4987 
-264.128 -77.9242 
340.501 -77.4978 
-1171.5 -82.5007 
-671.5 -83.4989 
-1618.5 -85.4969 
-1552.49 -86.5049 
-273.71 -84.8599 
-198.497 -88.5038 
956.499 -95.4951 
-548.505 -96.5043 
-372.496 -97.5023 
-665.505 -101.505 
277.499 -110.5 
20.5052 -116.499 
-21.4972 -117.504 
-1130.49 -120.499 
-379.498 -123.496 
-1584.5 -144.501 
-1611.5 -145.495 
-1446.51 -145.496 
23.4965 -146.505 
-1181.5 -148.507 
4.49561 -151.504 
-679.503 -153.509 
-543.501 -153.498 
540.496 -153.503 
-9.49402 -177.501 
-48.5022 -185.498 
-313.496 -188.504 
211.497 -190.503 
-821.505 -193.504 
6.49487 -195.503 
542.505 -201.497 
-1093.5 -203.497 
-255.499 -210.498 
615.501 -211.5 
-422.503 -215.504 
-783.497 -218.5 
-639.503 -218.504 
1298.51 -226.5 
-746.504 -231.496 
-1132.5 -240.509 
72.5078 -244.502 
-1444.5 -248.499 
-996.501 -256.502 
-109.5 -258.503 
-646.504 -282.498 
-545.499 -284.499 
-121.503 -286.502 
760.501 -286.506 
550.504 -288.501 
-1150.5 -302.498 
-880.497 -303.499 
-693.506 -308.495 
-901.246 -311.433 
1337.49 -310.501 
-1212.5 -313.498 
1310.5 -313.499 
-765.492 -314.501 
-577.503 -314.506 
168.039 -315.8 
1537.5 -316.498 
-820.501 -319.494 
-901.59 -313.522 
-304.496 -321.498 
154.504 -324.502 
-1144.58 -324.5 
-1164.51 -326.497 
-218.502 -326.497 
-1503.5 -338.502 
-852.711 -341.194 
-849.146 -342.11 
-908.493 -346.504 
1010.5 -351.503 
29.495 -378.499 
-1423.49 -382.505 
-374.513 -383.5 
666.497 -385.497 
-991.499 -391.501 
1526.5 -392.49 
1120.5 -393.495 
-938.499 -396.504 
-195.499 -405.499 
-697.507 -410.503 
17.4968 -419.498 
1618.5 -425.5 
-1567.49 -429.504 
-896.097 -431.257 
-892.994 -431.727 
-794.496 -438.507 
-789.51 -464.505 
12.9218 -467.887 
-978.505 -469.502 
-537.495 -470.502 
343.498 -471.5 
-1583.5 -473.495 
-277.506 -476.499 
15.3558 -471.458 
-585.502 -480.067 
-1107.5 -480.5 
-511.5 -483.497 
1529.5 -496.5 
-594.499 -500.495 
1097.51 -515.498 
-825.496 -518.499 
-591.511 -521.502 
991.499 -523.499 
443.496 -525.5 
-903.504 -528.497 
-550.501 -529.504 
1548.5 -537.499 
151.498 -544.492 
1244.5 -553.494 
174.5 -555.506 
-456.497 -559.501 
-333.502 -563.497 
-1180.5 -569.495 
-1189.33 -579.577 
-874.508 -584.491 
-1174.5 -593.499 
-699.498 -603.495 
933.496 -610.508 
-1307.5 -622.498 
-1131.51 -625.499 
1590.5 -638.505 
-725.499 -645.496 
1011.49 -649.505 
-1555.5 -653.502 
437.503 -651.499 
-740.501 -654.496 
-540.508 -654.501 
-1122.5 -655.503 
-309.496 -672.504 
-247.491 -697.502 
-452.503 -711.506 
-1543.5 -722.499 
-1232.5 -724.499 
785.499 -727.502 
242.495 -730.501 
-1189.5 -743.497 
818.5 -747.496 
184.501 -748.5 
-827.499 -753.5 
-1356.5 -777.499 
-1444.5 -778.504 
1322.5 -785.496 
-1006.5 -796.499 
-1405.49 -797.499 
829.505 -797.499 
-1271.5 -802.495 
-1115.5 -806.503 
-1397.5 -818.501 
-1018.49 -824.501 
-42.4923 -828.501 
-1497.5 -833.502 
-1402.98 -830.461 
1300.31 -838.55 
-1322.5 -842.492 
709.495 -852.504 
-1421.5 -855.5 
-371.5 -855.499 
-1356.5 -856.496 
-259.505 -867.496 
875.5 -868.495 
-1458.5 -871.502 
-1151.5 -878.5 
-1103 -901.001 
951.497 -902.491 
-1509.51 -904.504 
101.501 -908.501 
140.494 -909.5 
-259.498 -912.499 
-1062.5 -935.499 
-1396.5 -949.504 
-1303.49 -953.499 
337.505 -955.497 
-260.499 -960.501 
-205.49 -965.501 
-1004.5 -970.501 
-1406.5 -971.495 
-1577.5 -977.501 
-1135.49 -980.499 
-435.496 -995.507 
-1213.5 -1004.51 
-585.505 -1008.5 
180.499 -1026.5 
-412.505 -1029.51 
-1008.05 -1032.74 
-1069.5 -1034.5 
-1464.5 -1038.5 
462.496 -1047.5 
85.5044 -1062.5 
-67.4963 -1067.5 
-1223.5 -1078.5 
1482.5 -1078.5 
-1329.49 -1082.49 
-325.496 -1083.5 
-1292.51 -1093.5 
266.5 -1094.5 
-1325.9 -1093.74 
-790.503 -1099.5 
967.504 -1114.5 
595.501 -1128.5 
-580.498 -1139.51 
-908.5 -1142.49 
-1376.49 -1143.5 
-1251.5 -1147.51 
-943.502 -1162.5 
-1073.5 -1164.5 
334.504 -1168.5 
-1597.5 -1170.5 
324.5 -1187.51 
-590.499 -1189.49 
