-1182.5 1208.5 
-16.4996 1208.5 
1024.5 1211.49 
1204.5 1212.49 
-1021.5 1199.49 
1084.5 1199.51 
-901.502 1198.5 
88.5017 1196.51 
-221.496 1193.5 
1035.5 1189.5 
787.503 1185.5 
-64.5004 1183.5 
-446.504 1180.5 
-320.501 1174.5 
397.499 1168.51 
-220.497 1165.49 
629.506 1164.5 
801.499 1160.51 
1421.5 1157.5 
1509.5 1158.5 
685.274 1149.15 
411.938 1149.5 
576.497 1147.49 
680.827 1148.01 
-14.4982 1143.5 
395.498 1139.51 
349.498 1132.5 
-150.507 1131.51 
-33.493 1131.5 
-715.496 1129.5 
-872.5 1128.5 
-499.496 1111.5 
-695.503 1107.5 
134.492 1102.51 
-50.4962 1101.5 
785.502 1090.5 
-346.496 1079.5 
619.502 1076.5 
-430.504 1075.5 
1136.51 1071.5 
-597.499 1064.5 
945.501 1057.51 
-230.499 1049.5 
1257.5 1049.5 
-77.4961 1048.51 
712.5 1048.5 
-627.498 1036.5 
-1423.5 1015.5 
505.499 1015.5 
-331.495 1012.5 
-199.497 1007.5 
761.499 1005.5 
933.494 1003.5 
-482.497 1000.5 
126.503 1000.5 
-1320.5 999.503 
-394.509 996.506 
-1069.5 994.496 
-192.503 997.646 
-680.499 989.507 
205.501 989.502 
919.503 989.503 
-1458.5 977.506 
1541.5 965.499 
-631.5 957.502 
-174.491 954.496 
1398.5 932.5 
-564.501 930.495 
1553.5 917.503 
-44.5007 911.499 
476.506 907.503 
-111.506 906.494 
116.504 901.505 
-365.5 900.492 
-109.687 901.508 
472.857 896.129 
-10.5057 891.504 
490.496 888.502 
-65.5056 876.503 
538.509 874.498 
-453.507 867.498 
1564.5 866.504 
69.507 862.502 
866.502 861.498 
122.502 859.495 
557.495 850.496 
-1298.49 838.493 
61.4928 824.309 
66.3441 821.984 
390.496 819.495 
9.50427 794.5 
-198.5 778.502 
-351.502 773.5 
1361.51 767.497 
711.506 763.505 
488.502 756.496 
532.495 753.495 
-669.5 752.5 
1398.5 741.501 
-564.491 736.497 
710.501 735.504 
211.494 721.502 
617.501 721.497 
1516.5 718.497 
-889.496 715.505 
-677.488 710.509 
1196.49 705.509 
-939.504 701.501 
157.504 697.499 
-1107.5 696.492 
-1068.5 682.506 
485.496 680.493 
408.506 676.504 
246.503 670.498 
-1411.5 660.492 
-87.4982 658.505 
340.506 652.493 
612.501 650.501 
376.501 648.5 
661.497 645.499 
-308.5 637.499 
458.494 634.501 
391.505 632.501 
708.496 627.5 
391.502 623.401 
771.503 614.498 
436.501 613.495 
-302.496 603.503 
-390.504 599.496 
320.503 596.499 
385.498 598.495 
-1096.5 592.501 
1240.5 587.499 
-873.503 576.501 
363.501 576.496 
659.498 571.501 
-128.502 564.5 
1013.5 563.499 
788.648 561.348 
-415.498 557.507 
-164.504 551.494 
512.502 550.496 
1442.5 549.501 
734.505 544.495 
214.501 543.502 
337.498 539.502 
1244.5 539.505 
241.498 534.502 
602.495 532.503 
437.505 531.504 
-1120.51 512.505 
438.501 511.5 
203.498 504.502 
913.497 497.498 
-367.497 493.504 
-1088.5 484.503 
166.503 481.5 
-1367.5 473.497 
618.491 472.498 
888.508 471.496 
312.499 469.503 
264.497 467.499 
6.50256 456.491 
417.507 449.506 
-549.496 447.5 
535.784 445.274 
568.5 445.502 
-79.4954 443.498 
-360.506 439.499 
773.51 439.491 
-477.491 434.5 
539.922 440.58 
1262.5 429.501 
-613.498 426.499 
-640.498 426.496 
-324.5 421.499 
-44.5012 421.502 
184.496 421.495 
-243.498 414.508 
619.501 413.499 
-334.185 404.947 
-905.505 399.493 
-1444.5 398.507 
518.507 390.503 
832.502 378.496 
-1154.5 372.5 
1214.5 370.493 
1028.5 369.502 
-812.497 363.505 
-777.492 364.494 
1356.5 364.497 
-539.504 342.505 
-1399.51 336.499 
365.5 327.498 
-224.501 326.506 
88.4966 326.499 
-844.496 313.498 
1057.5 305.5 
178.494 298.499 
-268.493 297.499 
161.502 289.503 
657.502 288.504 
182.098 290.473 
-234.504 281.505 
618.498 270.501 
944.501 249.503 
-354.495 247.499 
-940.501 245.505 
-27.4958 242.502 
489.503 243.5 
1236.5 241.501 
-1363.5 237.502 
-639.495 237.506 
159.497 232.497 
-31.4985 214.506 
-769.501 212.5 
-1259.5 212.508 
-1354.49 203.502 
-1259.5 195.959 
-1331.5 194.498 
-14.4955 193.501 
1529.5 192.499 
549.502 190.496 
-1208.5 187.505 
-186.499 183.5 
-874.501 180.496 
822.501 179.497 
-119.502 158.498 
-1025.51 156.501 
1077.5 153.496 
126.499 139.503 
192.5 138.504 
1131.5 135.493 
-244.505 130.504 
-6.5072 128.502 
68.5021 121.641 
-262.493 121.501 
-391.497 120.503 
-1519.51 116.501 
-1502.49 116.498 
462.498 115.502 
68.1525 120.502 
1308.5 110.502 
523.496 108.502 
-1210.5 105.495 
347.501 103.493 
-1239.5 78.5004 
426.502 74.5048 
714.499 74.5016 
281.495 72.4933 
1619.5 71.4954 
863.513 63.5043 
-607.496 52.4952 
582.501 53.4956 
111.505 46.4996 
-380.496 45.5 
785.499 44.4996 
-577.505 34.5038 
636.499 33.5012 
664.504 33.5101 
77.5046 30.4937 
1105.5 30.5007 
-900.495 29.4963 
-341.492 27.4976 
483.504 18.4979 
860.496 16.5033 
-977.493 15.4972 
-497.498 14.5035 
87.4987 12.5006 
1530.5 1.50256 
0.50061 -0.494019 
-1526.49 -2.49902 
-954.499 -3.49951 
194.502 -4.49902 
-1038.5 -8.49585 
534.489 -9.50146 
-1219.5 -12.5056 
1118.5 -12.4991 
1334.5 -14.4976 
-271.51 -16.5004 
1216.5 -20.5018 
-953.5 -46.4973 
-172.497 -54.5045 
-1066.51 -61.5009 
-1058.93 -61.4945 
818.494 -70.5013 
-91.4963 -82.495 
-737.499 -88.4982 
-523.496 -99.4924 
173.497 -100.495 
-207.5 -110.502 
572.497 -113.505 
-175.5 -122.504 
-1234.49 -130.506 
319.508 -133.499 
396.501 -133.502 
-896.499 -150.492 
-614.502 -156.499 
1382.5 -158.501 
-440.501 -159.509 
593.495 -172.506 
-398.496 -178.496 
413.504 -178.506 
85.5017 -192.503 
-613.501 -198.503 
612.502 -199.493 
742.498 -205.493 
-1475.5 -205.499 
1071.51 -205.507 
-476.498 -208.499 
-1117.68 -218.343 
857.502 -218.493 
-1124.93 -220.69 
-240.502 -223.501 
-561.492 -230.503 
30.4994 -237.496 
-281.502 -239.51 
630.499 -242.496 
-927.494 -245.504 
97.502 -245.494 
-1044.5 -249.108 
1493.49 -246.496 
-1044.5 -249.5 
248.496 -272.494 
738.509 -273.507 
-921.496 -276.499 
1148.49 -277.506 
-88.5007 -284.504 
-1231.5 -292.496 
-232.495 -298.505 
-575.495 -305.508 
-820.508 -306.498 
600.499 -308.496 
-732.492 -314.5 
-1010.5 -321.501 
-830.499 -336.493 
-682.496 -337.507 
-125.498 -338.501 
812.494 -341.509 
-737.499 -346.496 
-420.503 -348.501 
-337.16 -348.764 
-1079.49 -358.503 
-332.682 -353.853 
-1428.5 -362.506 
-763.732 -371.665 
-292.497 -372.509 
-782.697 -375.588 
-1366.5 -377.502 
-758.383 -374.777 
-782.326 -376.505 
517.503 -387.497 
-83.4993 -394.5 
-1316.5 -395.5 
-783.995 -403.478 
269.491 -402.502 
-1153.5 -406.502 
905.494 -407.503 
295.503 -421.499 
-33.4996 -427.501 
-1171.5 -428.497 
-783.615 -432.026 
1352.5 -431.505 
-287.509 -438.499 
-1144.5 -440.498 
-137.499 -448.495 
-531.496 -449.496 
-332.506 -450.503 
-298.49 -455.493 
1379.65 -472.784 
-395.498 -472.497 
-619.502 -473.509 
282.496 -474.5 
371.499 -474.498 
1373.23 -475.618 
708.501 -477.505 
1358.5 -483.506 
-1493.5 -493.503 
1005.5 -495.505 
-308.502 -496.51 
-736.499 -497.492 
-1206.5 -513.501 
-479.496 -527.502 
1131.5 -529.504 
-235.501 -536.499 
-1119.49 -545.503 
-750.499 -546.501 
187.503 -545.501 
-939.495 -553.499 
1513.5 -569.503 
118.501 -571.501 
-202.504 -573.506 
-726.498 -580.498 
613.5 -590.493 
-833.496 -597.501 
-155.499 -608.5 
1036.5 -615.503 
-788.505 -618.495 
107.504 -619.502 
-824.503 -620.503 
-874.499 -622.495 
-728.494 -622.502 
-71.5026 -623.501 
181.498 -628.504 
-946.502 -632.503 
-173.499 -636.496 
-986.872 -658.591 
-292.494 -657.499 
138.508 -658.506 
397.504 -661.502 
-847.497 -664.498 
-149.501 -669.506 
-960.5 -671.499 
395.505 -664.828 
526.503 -696.495 
-730.501 -698.498 
-150.498 -698.504 
-1377.5 -704.501 
-934.506 -707.511 
19.4989 -709.491 
-503.5 -710.494 
-52.4985 -729.498 
-1225.5 -743.503 
-716.502 -758.503 
-1330.5 -774.505 
-884.498 -775.506 
-588.501 -777.503 
-955.504 -778.497 
919.497 -783.5 
659.506 -787.506 
102.498 -808.503 
1013.5 -809.505 
-380.498 -811.491 
1411.5 -811.5 
-1401.67 -816.562 
1068.49 -817.495 
-1415.09 -820.335 
-1036.51 -820.501 
-151.499 -832.5 
-1121.5 -836.494 
-932.5 -846.489 
433.5 -847.492 
-873.501 -856.497 
677.495 -861.496 
691.13 -865.364 
240.496 -871.504 
-990.501 -872.502 
-834.495 -881.497 
789.493 -881.501 
50.4961 -886.498 
-434.496 -898.497 
-769.499 -900.501 
-197.498 -920.503 
-90.4996 -934.504 
345.503 -941.502 
-279.504 -947.495 
1066.5 -959.5 
-1113.5 -965.498 
-436.501 -966.498 
765.001 -969.133 
768.506 -969.504 
764.501 -969.504 
406.508 -982.504 
-301.49 -1000.5 
-891.5 -1003.5 
730.504 -1002.5 
-1472.5 -1004.5 
-971.501 -1028.5 
-660.504 -1026.5 
-182.495 -1054.51 
619.496 -1058.49 
511.496 -1066.49 
-85.5033 -1068.5 
-569.502 -1077.11 
357.501 -1081.5 
-569.502 -1077.5 
-1505.51 -1088.5 
1610.49 -1089.5 
-798.504 -1091.5 
97.4946 -1107.5 
459.503 -1111.51 
166.501 -1127.5 
611.502 -1134.5 
-1432.5 -1134.5 
1454.5 -1137.5 
87.4954 -1138.5 
-1030.5 -1151.5 
-1235.5 -1166.51 
626.496 -1171.5 
301.5 -1172.5 
332.497 -1176.5 
1003.5 -1186.5 
594.498 -1189.5 
-821.498 -1192.5 
-558.503 -1196.51 
-686.5 -1200.5 
-480.499 -1201.5 
1597.5 -1203.5 
-851.503 -1205.49 
-1508.5 -1208.5 
16.4988 -1211.5 
