-827.502 1208.5 
-629.499 1209.5 
-1598.5 1198.5 
-263.495 1196.51 
1087.5 1191.5 
-1048.5 1189.5 
-266.499 1173.51 
1062.5 1168.5 
-1137.49 1167.5 
-577.501 1158.5 
-79.4966 1160.49 
860.493 1154.51 
192.501 1152.5 
-1006.5 1149.5 
-652.506 1141.5 
-593.5 1129.5 
-411.501 1116.6 
1406.49 1104.51 
-103.493 1096.5 
-404.505 1095.5 
-475.499 1092.5 
-690.507 1082.5 
145.495 1071.5 
1426.5 1058.51 
558.497 1055.5 
885.513 1053.49 
185.499 1036.51 
-1358.5 1030.5 
1194.5 1018.5 
67.4978 1018.51 
887.501 1009.49 
-1472.5 1002.5 
1171.5 1000.5 
1231.49 1000.49 
-440.501 998.498 
286.501 974.503 
808.504 973.502 
-785.507 958.503 
-87.4966 930.496 
-1151.5 925.499 
1321.5 922.503 
1066.5 899.502 
-343.502 898.503 
471.506 892.501 
601.505 888.5 
-474.491 888.499 
143.502 887.505 
-837.263 882.953 
-103.499 873.497 
119.499 873.504 
-678.5 870.502 
223.497 869.499 
1376.51 869.492 
1212.5 856.497 
403.502 855.499 
298.496 852.505 
-249.5 847.507 
-1172.5 845.505 
-1155.5 844.495 
-12.5054 836.498 
-1182.76 837.274 
955.498 833.5 
-680.5 804.502 
10.5057 803.503 
-439.504 796.496 
-1467.51 789.502 
1474.49 782.501 
-866.503 781.5 
-54.4994 766.499 
-187.497 759.491 
-314.493 749.503 
229.498 745.495 
303.5 737.502 
1528.5 735.503 
-1574.51 734.507 
594.504 724.495 
723.498 719.507 
-370.501 717.498 
635.504 716.499 
1357.5 717.498 
-583.5 710.5 
-47.5038 709.5 
1173.5 709.495 
-1118.5 708.497 
-399.5 702.502 
-581.276 708.387 
730.5 700.502 
-618.498 697.501 
351.496 692.498 
-108.501 692.499 
-488.503 688.506 
290.502 688.498 
700.504 688.51 
-1075.5 662.498 
-312.503 660.511 
808.506 660.503 
1503.5 659.498 
-383.5 645.499 
514.491 642.496 
1352.5 641.498 
-1346.51 630.501 
594.493 617.499 
-856.501 615.501 
434.507 604.5 
-1208.5 596.494 
397.5 595.499 
943.506 592.501 
890.499 591.496 
-610.5 570.496 
900.493 564.495 
-922.508 561.493 
15.3514 557.423 
-270.501 551.496 
4.78381 551.357 
773.499 541.501 
-15.5088 538.5 
643.496 538.501 
359.811 530.715 
363.056 529.414 
22.4952 523.5 
-135.505 518.506 
280.503 517.499 
-683.503 512.498 
1167.5 512.49 
687.497 508.503 
215.501 506.505 
-1339.25 503.439 
-1346.77 501.204 
1479.5 490.506 
-999.499 484.494 
944.502 480.5 
309.495 480.493 
275.5 477.775 
67.4988 476.502 
275.497 475.528 
229.509 465.5 
-1201.5 448.504 
-508.507 448.507 
42.4983 436.505 
506.499 423.501 
666.503 420.507 
571.497 413.503 
-314.495 412.502 
1522.5 411.503 
-965.503 409.501 
1574.5 409.496 
-142.499 407.498 
935.5 403.503 
-1485.5 398.504 
-368.503 389.491 
-514.498 388.493 
-757.497 379.504 
1265.5 372.502 
748.499 369.501 
586.501 364.501 
232.506 361.499 
1233.49 349.498 
939.505 346.505 
783.502 342.502 
808.503 341.497 
1292.49 340.494 
-376.5 334.502 
372.504 332.501 
-710.497 332.501 
-1547.5 329.498 
652.496 326.494 
-35.5044 323.505 
-1522.5 314.502 
999.497 314.498 
-421.499 308.499 
684.501 308.495 
41.5046 306.508 
852.502 304.491 
375.504 301.505 
187.5 299.494 
1337 295.817 
1338.84 295.948 
-36.5007 286.497 
-238.504 285.502 
-951.499 284.497 
-718.492 275.503 
-680.497 273.499 
-95.5018 273.499 
111.503 263.502 
-551.499 259.505 
870.5 258.5 
-848.496 257.496 
-801.498 252.499 
1064.5 242.505 
393.5 240.505 
1242.5 230.503 
719.499 226.499 
-125.495 209.506 
-251.491 202.501 
270.502 193.502 
-1377.5 187.5 
-206.495 182.502 
640.496 173.495 
348.499 170.498 
914.5 167.498 
502.504 161.505 
870.498 161.499 
561.5 147.506 
1435.5 146.502 
-1442.5 142.505 
456.499 131.5 
863.495 129.495 
-390.506 121.509 
1150.5 121.494 
1276.49 119.502 
253.5 114.497 
1105.5 110.504 
-1245.5 100.5 
-890.498 87.4966 
1077.5 86.5009 
1214.5 82.4967 
-874.505 72.5046 
245.501 71.4993 
-1521.5 69.4933 
-1401.5 68.4987 
-313.501 61.5016 
457.495 51.5032 
1611.5 51.4948 
126.5 35.4995 
-450.499 34.5004 
-1538.5 30.5 
-62.5013 27.5016 
498.978 10.4907 
489.677 8.55054 
0.496582 -0.497559 
281.497 -31.4968 
-624.502 -32.4978 
620.504 -37.5033 
-885.509 -45.5035 
-1312.51 -49.5033 
-39.5 -57.5023 
-670.5 -59.5042 
1534.5 -59.499 
-1585.51 -61.0055 
613.505 -65.4982 
705.502 -83.4966 
-115.494 -97.5052 
1570.5 -106.503 
840.5 -116.5 
1359.5 -119.506 
-77.496 -124.498 
-16.4979 -127.5 
1581.5 -131.501 
1132.5 -145.501 
759.501 -160.5 
890.499 -176.5 
-2.50122 -177.498 
-371.5 -183.503 
-778.502 -186.502 
1363.5 -223.493 
1559.5 -230.495 
1136.5 -232.504 
1109.5 -242.505 
-1420.5 -249.496 
1441.5 -272.498 
1505.5 -271.501 
1395.5 -275.504 
361.501 -279.498 
-152.494 -288.504 
-743.505 -297.502 
224.502 -298.501 
737.502 -308.501 
1346.5 -315.495 
-1362.49 -321.495 
1169.5 -324.496 
-218.503 -328.507 
607.5 -330.502 
1387.5 -330.5 
1402.5 -331.496 
702.501 -333.499 
-699.498 -340.499 
1462.51 -341.506 
-825.5 -346.491 
315.499 -367.495 
1405.51 -370.498 
846.494 -379.498 
889.502 -380.502 
1588.5 -382.496 
95.5018 -392.504 
206.499 -396.497 
591.504 -397.498 
1416.51 -400.505 
-1204.51 -408.503 
593.503 -425.492 
139.501 -427.503 
-1018.5 -435.494 
-178.497 -436.497 
784.509 -442.501 
1241.5 -445.501 
592.496 -448.506 
1528.5 -453.501 
-83.5015 -456.494 
578.495 -459.503 
278.501 -463.504 
-1186.5 -473.503 
549.487 -484.501 
1219.49 -486.505 
678.508 -488.507 
-948.503 -506.504 
72.4968 -510.503 
345.496 -510.501 
56.499 -512.501 
624.491 -514.494 
-1213.49 -522.497 
-901.501 -529.499 
1523.5 -551.508 
-1085.5 -565.505 
961.495 -569.494 
595.495 -573.5 
-498.497 -586.502 
-386.499 -591.499 
-263.499 -591.497 
1258.49 -598.5 
1477.49 -607.5 
-1175.5 -627.503 
1516.5 -646.491 
741.501 -649.501 
-1383.5 -661.493 
1329.49 -662.508 
1204.5 -682.498 
1294.49 -689.499 
-575.507 -710.5 
939.504 -712.5 
955.509 -718.506 
-1137.49 -721.494 
-848.502 -729.495 
-455.499 -752.495 
-434.497 -753.504 
-1497.5 -791.5 
1550.5 -800.498 
-1212.5 -808.498 
297.501 -821.496 
-249.507 -823.503 
1250.5 -837.499 
-412.498 -840.498 
261.498 -849.503 
1188.5 -853.494 
1223.5 -855.501 
-40.5013 -857.499 
-1207.5 -858.497 
-360.5 -871.494 
-69.4976 -872.501 
1427.5 -883.492 
-1037.5 -888.505 
-1011.5 -908.5 
906.504 -911.502 
706.082 -940.919 
-501.503 -947.498 
1319.5 -950.501 
211.501 -951.506 
-106.496 -960.501 
-313.5 -967.508 
-249.503 -1002.5 
-1032.5 -1041.5 
-1198.5 -1043.5 
702.491 -1046.5 
-924.505 -1099.49 
-1031.5 -1102.5 
322.496 -1107.5 
1190.51 -1110.5 
-232.498 -1120.51 
-334.502 -1146.5 
-1165.5 -1165.51 
-92.4993 -1165.5 
788.499 -1169.5 
-762.499 -1189.5 
825.508 -1196.5 
-1554.49 -1205.51 
857.505 -1210.49 
