1131.9 1196.14 
1084.9 1180.14 
-365.089 1155.15 
850.899 1153.14 
-240.105 1149.14 
284.903 1137.14 
-326.099 1109.15 
-534.104 1103.14 
-235.11 1100.14 
547.896 1095.14 
118.89 1088.14 
281.894 1058.14 
-1389.1 1054.15 
-1325.1 1054.14 
-698.094 1052.13 
-208.101 1043.14 
881.898 1037.14 
-1026.1 1034.14 
-1002.09 1001.13 
272.889 1000.14 
-985.104 978.126 
-235.572 974.945 
-236.709 971.328 
16.9013 964.145 
-1025.11 962.135 
-509.095 954.141 
947.895 945.146 
-1119.09 930.135 
1247.89 929.143 
589.894 915.157 
-1275.1 892.147 
-742.1 862.14 
-1582.09 841.145 
966.901 815.137 
-176.096 790.147 
181.897 782.137 
-1119.1 777.14 
329.901 766.132 
-288.099 762.139 
-638.116 757.149 
-196.102 743.138 
270.901 745.139 
1218.91 716.137 
-1159.11 714.139 
17.9011 706.133 
335.901 703.136 
138.901 700.136 
-723.101 669.138 
135.895 666.14 
-1053.09 661.134 
492.571 646.364 
486.049 643.237 
-20.0979 628.146 
456.908 626.137 
762.899 613.132 
894.903 610.135 
858.911 584.135 
-70.0994 583.15 
511.895 566.148 
-199.097 556.134 
-926.1 553.134 
1558.9 551.14 
-145.093 544.132 
1308.9 536.132 
-90.0972 522.131 
-1382.1 521.148 
-397.097 511.144 
1219.89 487.13 
-125.104 481.136 
-311.09 471.143 
-1040.1 464.139 
-519.098 464.146 
-850.107 463.15 
498.9 393.136 
368.907 388.136 
-935.108 378.141 
503.806 374.428 
1225.9 368.142 
-123.097 350.138 
-1355.11 327.135 
883.9 310.148 
-256.102 307.139 
-1608.1 306.143 
1479.88 300.14 
-155.096 281.139 
-785.105 269.149 
119.9 261.136 
283.893 260.141 
156.905 253.141 
-1150.09 195.135 
-173.104 192.145 
-521.109 184.136 
569.895 176.139 
553.894 175.137 
1340.9 175.138 
-370.105 157.132 
545.196 157.627 
-106.101 148.143 
-1304.1 140.149 
1550.9 132.141 
830.906 128.148 
204.901 119.138 
425.904 96.14 
604.905 85.1407 
-702.1 68.1407 
842.896 64.1427 
-1178.1 60.145 
1557.88 45.1444 
862.894 39.1326 
1201.9 19.1379 
463.903 16.146 
943.895 16.1327 
392.911 11.1471 
-26.0984 8.13695 
127.897 6.14281 
1484.91 -2.85963 
-703.103 -4.86623 
-371.097 -14.8604 
460.902 -21.855 
728.9 -36.8703 
-1190.1 -38.8693 
773.893 -41.8649 
11.9071 -50.8546 
-665.103 -64.8549 
-1328.09 -68.8511 
-886.104 -76.8513 
-81.0987 -76.8519 
58.9072 -81.85 
1218.89 -95.8673 
79.8957 -132.862 
-577.099 -154.871 
-637.1 -178.859 
48.9031 -183.862 
-911.099 -186.862 
-75.1011 -186.857 
-1540.09 -191.865 
-499.094 -209.864 
758.9 -212.848 
804.891 -219.859 
758.18 -224.79 
536.898 -276.858 
-1170.1 -287.86 
-582.096 -306.856 
-968.109 -313.861 
312.905 -314.863 
-731.103 -318.859 
-1253.11 -320.87 
1034.91 -320.856 
-409.1 -322.863 
1414.91 -327.858 
928.903 -328.854 
226.907 -330.86 
-794.097 -332.854 
192.905 -333.865 
634.903 -341.861 
731.892 -352.86 
1581.9 -366.867 
60.8944 -388.86 
258.89 -394.858 
821.902 -394.864 
549.897 -402.852 
845.902 -403.859 
1233.9 -406.862 
796.892 -419.868 
1435.9 -437.849 
119.9 -455.853 
662.893 -465.862 
-1024.1 -500.857 
-1054.1 -504.856 
-1007.1 -511.854 
1439.9 -511.866 
1094.91 -521.855 
354.909 -532.865 
-623.1 -540.858 
-765.096 -553.85 
-544.107 -557.85 
-59.1132 -559.872 
384.908 -560.862 
849.899 -563.87 
-1608.09 -575.856 
955.899 -589.865 
-525.804 -602.312 
742.909 -601.859 
-440.1 -604.859 
-676.082 -605.867 
-532.781 -607.323 
124.895 -617.862 
120.906 -640.866 
289.904 -654.862 
-1154.09 -673.854 
-877.1 -679.864 
-768.104 -684.86 
781.893 -696.858 
363.904 -707.86 
-1051.1 -711.86 
895.898 -718.851 
-172.111 -722.858 
-1535.1 -726.858 
717.904 -766.858 
-996.109 -767.865 
868.902 -779.869 
246.901 -780.851 
-896.098 -783.851 
794.903 -783.864 
-889.712 -803.035 
-878.145 -807.001 
-421.112 -810.853 
-1377.11 -824.864 
725.893 -849.856 
980.898 -856.87 
1488.91 -867.869 
485.903 -871.86 
-79.0972 -873.853 
1186.9 -888.86 
458.909 -895.859 
29.8979 -904.862 
-728.102 -910.857 
-1563.1 -914.859 
162.9 -916.855 
573.894 -949.866 
1355.9 -954.857 
1409.9 -968.856 
184.904 -972.855 
-386.109 -977.859 
126.898 -980.86 
-344.095 -989.855 
1312.9 -1002.86 
1609.9 -1015.85 
-1065.1 -1017.86 
966.904 -1026.86 
-349.103 -1037.86 
826.907 -1052.85 
-77.1056 -1063.86 
1566.9 -1065.86 
1531.9 -1073.86 
-845.087 -1080.87 
119.9 -1083.87 
1066.9 -1099.86 
1387.9 -1099.86 
635.907 -1100.87 
-587.1 -1136.86 
1465.9 -1138.86 
-1278.1 -1147.86 
-477.089 -1162.86 
-511.091 -1171.86 
-947.102 -1175.87 
235.889 -1176.86 
88.9039 -1195.85 
1566.9 -1197.87 
-316.105 -1204.85 
