-918.5 1206.5 
-82.4895 1196.5 
-299.506 1178.5 
651.502 1166.5 
-922.501 1162.51 
1551.5 1130.5 
-699.499 1109.5 
1081.5 1103.5 
245.499 1101.51 
1503.5 1093.5 
1383.5 1081.5 
-936.502 1059.51 
917.5 1059.5 
-1242.51 1053.49 
-168.494 1037.5 
-1288.82 1016.57 
491.506 1014.5 
-1287.34 1016.31 
1357.5 997.502 
1024.5 992.5 
1597.5 972.498 
1357.49 964.502 
423.506 960.499 
897.501 942.499 
1354.5 937.497 
770.503 932.501 
-114.506 923.5 
1336.5 922.494 
1458.5 902.505 
821.499 898.5 
-744.5 889.504 
1300.5 889.498 
-65.5054 884.499 
979.506 876.503 
1388.5 864.506 
-184.498 863.498 
474.495 848.495 
576.503 837.497 
1057.49 833.509 
-676.504 826.5 
-985.506 800.504 
749.504 799.501 
731.502 794.501 
1349.51 794.507 
-518.503 758.495 
-347.496 751.5 
-1227.5 750.5 
1521.51 726.492 
-1518.5 714.499 
-489.499 698.502 
-270.499 689.499 
398.5 676.507 
-224.496 672.5 
275.498 664.5 
164.5 657.496 
-502.498 648.494 
-1496.5 647.504 
-382.505 620.5 
-448.492 555.502 
-1413.51 530.495 
106.498 530.504 
-1086.5 511.499 
-616.493 507.496 
-1612.5 505.504 
245.494 502.505 
224.5 501.497 
999.499 499.5 
-141.497 490.499 
-396.496 473.5 
959.503 468.503 
-814.496 459.497 
-1070.5 451.502 
431.504 450.5 
-1575.49 438.5 
643.502 435.501 
275.5 422.5 
614.504 419.497 
1452.99 414.777 
328.501 397.499 
-443.5 392.498 
-679.502 387.505 
-966.5 368.503 
907.502 365.504 
-429.501 349.499 
-280.5 335.503 
582.498 334.5 
-255.507 319.5 
203.493 318.5 
381.499 313.507 
-1155.5 309.501 
1440.49 310.503 
-1517.5 295.499 
446.494 286.496 
1023.5 226.5 
-251.495 207.5 
-905.506 206.493 
1527.5 197.5 
-388.498 196.503 
470.506 183.495 
-1058.5 175.496 
1566.5 174.504 
-150.5 165.499 
1601.5 163.498 
-240.502 157.492 
377.5 156.502 
607.49 151.496 
-1396.5 149.497 
-1097.5 101.493 
-339.497 101.498 
-0.504395 99.5007 
-1608.5 89.4944 
360.502 81.4984 
951.504 64.5059 
158.508 57.5004 
-635.501 55.5087 
-940.492 38.5022 
-1604.5 36.5046 
454.5 36.5031 
874.503 12.4983 
0.497559 -0.496582 
-240.504 -3.49939 
166.503 -25.5056 
561.501 -30.5013 
-176.495 -73.4978 
-1216.5 -83.4944 
1176.5 -94.4965 
459.507 -106.495 
1006.5 -148.502 
1387.5 -150.503 
448.501 -151.5 
-207.503 -175.495 
185.501 -189.496 
-767.504 -190.501 
492.508 -192.5 
359.503 -205.499 
1611.5 -211.501 
345.498 -217.505 
-314.501 -233.51 
-1234.5 -264.501 
63.5051 -272.497 
1021.51 -290.494 
-1046.5 -302.505 
-1458.5 -322.493 
1525.5 -327.5 
1066.49 -337.509 
1187.51 -337.497 
-1586.51 -339.506 
739.5 -380.495 
-150.499 -386.503 
384.511 -397.499 
990.504 -411.492 
-963.503 -415.497 
-430.499 -418.503 
-414.505 -424.499 
489.498 -426.502 
-1290.5 -454.5 
1454.5 -494.494 
-1570.51 -499.495 
1222.5 -499.503 
768.5 -509.505 
-1148.5 -532.495 
837.503 -534.497 
-1222.5 -546.496 
-788.502 -547.5 
-192.496 -547.514 
333.507 -559.506 
1472.49 -560.503 
-1401.51 -565.502 
-1247.5 -566.5 
981.502 -581.5 
-1098.5 -608.499 
-1009.5 -618.502 
-414.499 -622.495 
16.4972 -623.508 
601.505 -634.498 
489.503 -639.503 
-672.499 -642.504 
-1508.51 -661.502 
342.498 -713.496 
286.501 -729.498 
-546.5 -751.502 
1160.51 -768.5 
-1207.5 -785.5 
-666.5 -796.505 
-863.496 -798.502 
-150.499 -797.491 
-1517.5 -804.5 
-1594.5 -813.504 
-105.497 -841.5 
-1456.5 -872.499 
-969.501 -890.501 
-840.495 -890.498 
-876.504 -892.499 
-746.499 -897.503 
1167.5 -904.507 
-1321.5 -906.501 
-613.495 -907.499 
1163.2 -910.359 
1431.5 -915.506 
853.499 -924.496 
279.498 -935.501 
-97.4967 -940.507 
185.502 -965.5 
-153.501 -977.496 
-510.5 -987.494 
1043.5 -1002.5 
437.502 -1013.51 
98.5034 -1015.5 
570.499 -1014.5 
252.494 -1037.49 
-1184.51 -1039.5 
228.503 -1049.5 
-87.5056 -1069.5 
-1172.51 -1091.5 
740.501 -1101.5 
1451.5 -1126.5 
1042.51 -1167.5 
289.51 -1168.5 
1117.49 -1176.5 
432.501 -1178.5 
-66.4979 -1190.5 
