-687.089 1207.14 
1530.9 1208.15 
374.901 1199.13 
1329.91 1193.14 
1601.91 1190.17 
1258.89 1162.13 
382.888 1136.14 
849.914 1134.13 
-275.105 1112.13 
811.897 1102.15 
-398.101 1101.14 
733.919 1098.14 
-1317.09 1095.12 
-750.104 1093.14 
1465.91 1086.14 
-342.104 1072.12 
-401.11 1071.13 
1163.92 1049.14 
54.8684 1042.13 
-365.098 1033.13 
-658.092 1018.15 
1390.9 1011.14 
1367.88 997.147 
228.91 983.157 
-701.104 978.13 
-72.1009 977.136 
-812.079 970.135 
447.884 958.136 
-1553.12 943.148 
-1145.11 937.14 
-251.093 920.145 
-1298.1 912.156 
-806.08 908.141 
575.902 906.146 
1451.92 900.145 
-400.103 880.15 
197.902 861.16 
-350.122 839.156 
-1.09097 822.164 
1382.89 821.141 
1354.91 816.148 
998.886 778.127 
1037.91 767.134 
1298.91 762.125 
-235.091 759.141 
379.905 758.151 
1222.9 743.13 
323.893 721.125 
1482.91 719.119 
1390.89 709.139 
-304.103 698.14 
1306.9 697.124 
-1091.08 693.14 
1043.9 692.127 
-122.09 680.138 
654.898 660.134 
-864.112 650.122 
605.909 649.143 
1453.9 644.152 
118.885 643.158 
-943.095 637.145 
1286.89 633.141 
-1468.1 615.127 
1189.91 612.141 
1119.89 593.142 
1426.9 589.135 
-626.112 570.114 
-858.102 565.149 
1147.89 556.157 
-391.09 550.139 
-613.104 543.155 
-628.096 528.143 
1151.89 521.147 
-783.108 517.124 
465.891 515.135 
-1118.06 513.158 
760.871 512.134 
1341.88 492.143 
-928.106 475.148 
-1288.1 467.149 
-243.104 452.133 
-558.093 449.128 
-1592.09 429.145 
537.898 426.144 
-1283.1 422.154 
-1146.1 422.157 
1538.9 393.131 
-421.106 391.126 
1021.91 357.137 
-1507.11 344.151 
547.912 343.148 
1314.9 338.133 
1128.89 333.132 
851.887 328.154 
1462.9 326.132 
-272.104 324.153 
-537.1 322.153 
776.605 297.99 
776.497 296.836 
394.894 287.14 
208.905 285.152 
102.903 282.143 
386.804 275.937 
-867.104 272.137 
-593.11 268.13 
-898.089 260.131 
561.901 256.136 
448.907 253.133 
1431.91 252.119 
-1204.11 243.133 
-964.113 242.138 
-283.078 237.118 
1407.9 222.149 
-818.11 213.144 
-435.104 213.132 
-200.098 211.163 
-510.084 201.131 
-250.09 163.143 
-1076.12 126.118 
110.915 126.144 
410.892 122.128 
550.912 117.143 
118.89 103.124 
619.9 89.1484 
-2.10012 86.138 
1060.91 80.1316 
267.907 44.1448 
-708.1 43.1465 
397.899 31.1372 
1040.9 30.1334 
1199.13 27.3021 
549.897 28.1504 
-1483.09 23.1318 
1.90537 22.1412 
1197.63 25.6401 
1180.9 14.1302 
-354.086 12.1448 
-1346.1 5.14293 
1323.9 4.12767 
-308.093 -5.86281 
-557.064 -14.8715 
-778.093 -19.8421 
1160.92 -30.8488 
1450.89 -31.872 
141.901 -35.8551 
1464.9 -50.8743 
-729.103 -50.8622 
96.8976 -51.8606 
1057.89 -55.8511 
-552.101 -58.8671 
-1272.11 -87.8308 
1525.9 -91.8634 
-1055.1 -112.864 
1539.89 -129.844 
305.905 -130.85 
984.902 -132.851 
728.892 -134.871 
-241.097 -136.865 
499.934 -148.862 
961.902 -149.869 
-1141.1 -163.856 
430.898 -184.847 
339.922 -195.86 
1376.88 -202.86 
753.905 -203.877 
1050.89 -209.848 
126.887 -225.851 
1116.89 -226.869 
321.925 -227.849 
873.915 -233.851 
-1029.09 -238.855 
-496.123 -244.854 
-1381.09 -254.872 
1044.9 -256.852 
-469.095 -265.876 
970.897 -274.845 
-1574.11 -276.841 
-1083.1 -295.858 
639.884 -298.866 
1391.9 -332.857 
-1081.12 -332.842 
-571.122 -334.86 
1089.89 -336.875 
-336.1 -337.862 
642.907 -344.862 
1532.91 -359.865 
694.89 -364.85 
-330.123 -386.047 
1434.9 -394.848 
1284.92 -404.853 
1464.89 -409.852 
1241.91 -421.867 
1486.89 -439.873 
1438.89 -444.863 
-531.104 -459.873 
-1481.09 -468.862 
-553.101 -471.87 
120.902 -472.86 
1552.9 -476.868 
1424.9 -477.875 
266.913 -486.854 
826.905 -489.839 
551.898 -504.867 
-1152.1 -520.877 
-451.088 -520.862 
-287.104 -527.875 
507.897 -535.867 
565.912 -538.85 
998.888 -543.866 
-612.098 -544.858 
-145.118 -550.876 
1517.9 -554.851 
-201.087 -554.854 
886.897 -556.841 
866.901 -568.864 
1302.9 -571.859 
699.903 -590.852 
957.896 -590.856 
1241.89 -602.864 
427.915 -625.853 
-197.095 -627.869 
789.904 -632.849 
-1380.1 -633.868 
-20.1021 -647.858 
75.8957 -652.858 
691.908 -665.856 
-1135.17 -679.072 
-519.115 -679.868 
-1338.11 -688.858 
-1137.46 -682.595 
-68.0958 -690.867 
958.913 -693.879 
379.892 -703.877 
265.884 -708.873 
498.899 -708.858 
236.915 -719.859 
-23.6319 -733.898 
-1561.09 -734.856 
-1107.1 -734.865 
1034.92 -735.869 
1149.9 -741.874 
-23.8666 -734.616 
1601.9 -744.859 
-1371.09 -759.864 
-85.1072 -765.846 
-309.091 -769.861 
711.906 -773.874 
-244.111 -778.853 
1266.89 -785.866 
1105.92 -789.873 
-79.0908 -792.849 
1607.91 -807.844 
218.928 -812.848 
-802.102 -816.848 
-158.088 -818.856 
818.888 -824.856 
1306.9 -825.856 
-243.096 -837.852 
-888.108 -840.85 
1288.92 -841.85 
1092.92 -850.862 
1152.9 -850.865 
981.906 -863.858 
-967.095 -870.859 
266.923 -871.871 
-260.105 -876.864 
1093.92 -895.856 
425.905 -896.885 
922.899 -909.868 
610.896 -948.879 
1110.9 -952.854 
447.9 -958.847 
95.9093 -960.87 
659.913 -960.872 
-986.093 -970.847 
497.902 -970.847 
-1399.1 -979.861 
391.899 -981.855 
-1012.11 -991.844 
-115.102 -992.853 
1072.91 -994.853 
550.878 -1003.87 
567.889 -1003.86 
-537.084 -1004.86 
572.572 -1012.27 
871.905 -1047.87 
-24.1085 -1055.85 
1356.91 -1058.84 
1153.9 -1059.86 
751.896 -1078.85 
415.905 -1088.85 
1251.9 -1092.86 
1120.89 -1104.86 
1056.9 -1120.86 
1169.89 -1119.85 
644.932 -1127.85 
823.901 -1129.87 
1397.9 -1131.85 
234.896 -1138.85 
493.107 -1141.73 
1285.9 -1152.86 
88.9178 -1175.86 
-1598.11 -1178.86 
-878.087 -1191.86 
408.886 -1191.87 
36.8966 -1192.85 
1280.9 -1192.86 
1498.91 -1198.87 
956.891 -1210.85 
