542.914 1204.13 
1150.89 1206.13 
-1448.08 1196.12 
-60.0834 1196.15 
-1338.11 1191.15 
-665.104 1191.11 
-234.093 1188.16 
214.9 1177.13 
548.874 1176.13 
1428.89 1171.14 
1467.91 1167.14 
-533.093 1163.15 
-155.109 1151.14 
-376.129 1150.13 
-253.085 1150.14 
-594.127 1143.14 
-1570.13 1132.14 
29.8893 1129.15 
-1213.09 1109.16 
803.897 1090.14 
-977.101 1078.16 
-82.1095 1065.15 
268.889 1065.16 
225.91 1064.13 
23.9083 1055.13 
1392.92 1046.16 
639.882 1044.13 
-48.1085 1041.13 
1236.89 1042.14 
1353.91 1032.15 
-1037.1 1009.12 
646.898 1008.13 
8.89377 1000.14 
-695.089 998.144 
1024.93 994.141 
704.908 987.15 
852.879 986.138 
-997.097 981.144 
-1621.1 977.131 
-378.103 976.146 
-932.111 961.134 
-91.0937 961.16 
1449.91 959.151 
1117.92 957.145 
1067.9 945.15 
-104.101 938.127 
-1281.09 936.152 
-258.104 933.157 
-1218.11 928.14 
-1111.09 927.136 
1047.89 917.146 
1362.9 906.197 
625.892 906.128 
791.9 904.151 
441.902 901.148 
1362.9 906.146 
-709.087 896.142 
-187.124 895.133 
1496.9 894.157 
-629.095 866.123 
1079.89 860.146 
-370.113 858.133 
312.893 858.129 
1141.9 853.141 
-685.093 844.137 
1596.88 843.141 
1142.29 848.35 
897.903 839.143 
-301.098 830.158 
1554.9 827.14 
1325.9 826.141 
-531.12 816.149 
1327.32 823.012 
336.888 814.15 
1582.9 813.165 
-58.1006 796.134 
-108.105 759.138 
-1551.1 746.132 
-850.094 727.139 
-1322.09 726.124 
1417.88 725.151 
572.909 718.154 
381.893 701.153 
470.883 692.157 
1230.89 691.146 
551.878 684.153 
1098.92 684.142 
692.9 678.153 
-917.102 674.126 
972.885 672.144 
376.884 666.146 
1538.88 661.138 
886.894 660.142 
-75.1109 658.154 
106.928 650.156 
1003.92 650.11 
-279.1 616.145 
883.902 613.136 
-777.105 612.134 
866.896 610.126 
1517.9 610.144 
-752.113 596.141 
-1206.11 584.144 
-1562.1 571.164 
-270.106 553.133 
893.901 550.136 
1499.91 549.128 
-39.0686 529.147 
886.906 529.142 
853.901 516.164 
-349.125 505.148 
-968.082 488.139 
291.907 487.147 
1323.89 483.13 
628.89 480.14 
762.9 472.134 
-252.082 468.158 
161.892 449.129 
-144.107 433.124 
-1315.11 430.149 
-805.095 428.152 
709.913 427.133 
467.883 421.141 
988.909 417.132 
-372.12 416.116 
1111.89 412.138 
990.44 405.456 
-1452.11 378.139 
171.9 370.147 
-1045.1 359.145 
-1496.09 358.128 
1287.91 352.133 
1330.89 352.128 
209.899 348.129 
1419.9 347.147 
-522.097 329.134 
-72.1215 322.128 
-1476.12 321.129 
-1397.1 302.14 
1052.89 289.15 
-1528.1 286.148 
4.89036 255.139 
-1282.11 241.13 
-925.094 241.147 
-1455.1 239.154 
-1472.1 237.145 
441.893 232.142 
-489.107 228.132 
-854.099 217.135 
400.936 217.154 
1595.9 205.138 
650.904 198.149 
12.8855 194.139 
-394.106 177.127 
1355.91 173.13 
-1457.09 151.143 
-1392.09 148.123 
-381.102 148.158 
-1412.11 134.148 
-1540.09 129.157 
1349.89 103.159 
1195.91 98.1413 
658.929 94.1476 
1390.9 54.1517 
858.897 54.1412 
297.895 52.1264 
1273.91 47.1466 
1385.19 35.8658 
-632.111 20.1355 
158.899 11.1509 
-314.117 -4.84877 
1044.9 -18.8436 
467.91 -22.8723 
-1534.1 -36.841 
-48.0875 -39.8768 
-664.113 -45.8682 
-122.096 -71.8416 
-190.099 -72.8618 
1051.9 -79.8745 
432.899 -87.8661 
999.89 -92.86 
-1527.49 -111.799 
160.91 -119.875 
1458.91 -123.859 
-832.097 -125.858 
-182.092 -127.873 
1072.89 -134.867 
197.918 -139.856 
460.868 -157.858 
-330.11 -161.87 
-684.088 -165.866 
69.9138 -166.87 
490.906 -170.886 
1609.89 -201.863 
-1234.11 -206.875 
1457.91 -207.864 
-453.096 -208.873 
-1389.1 -236.873 
1060.9 -247.867 
-725.101 -269.865 
-1603.12 -283.872 
-127.102 -284.862 
1146.9 -291.84 
-492.1 -293.858 
1186.89 -300.858 
551.908 -326.864 
764.88 -328.86 
-571.091 -344.847 
264.902 -363.875 
1450.9 -369.837 
1316.9 -380.855 
1096.9 -381.863 
1423.89 -388.868 
-717.095 -396.844 
1189.9 -434.88 
179.89 -438.852 
433.908 -448.851 
1006.9 -448.863 
406.896 -464.861 
-1161.1 -469.868 
-1527.1 -478.857 
1079.89 -481.869 
522.907 -486.863 
482.909 -492.853 
158.908 -499.861 
1445.91 -506.856 
-961.086 -512.867 
-405.099 -514.864 
-1066.12 -525.861 
680.914 -526.86 
-329.085 -580.859 
-1303.11 -596.829 
179.901 -619.872 
-210.36 -643.807 
-579.1 -649.859 
396.908 -661.868 
-1040.09 -662.87 
1199.89 -664.844 
310.919 -673.865 
-432.108 -683.86 
-855.101 -686.866 
-358.122 -690.865 
1371.89 -695.852 
-56.099 -699.866 
-1084.1 -705.86 
385.483 -711.884 
374.186 -715.726 
158.895 -748.865 
-193.092 -794.852 
1346.89 -823.861 
500.899 -825.858 
-208.105 -832.875 
1110.9 -834.868 
1251.9 -834.846 
18.8934 -843.859 
1243.91 -854.844 
-1555.1 -870.8 
-1175.1 -868.849 
19.8858 -868.851 
1242.91 -876.854 
-1555.1 -870.856 
-1489.13 -883.865 
-185.094 -898.869 
-1319.1 -902.838 
-583.09 -910.84 
-718.109 -917.874 
99.904 -921.861 
1161.9 -923.865 
-1348.1 -925.86 
609.908 -930.85 
-1127.13 -940.876 
-958.103 -948.867 
-807.087 -963.873 
-1181.1 -966.859 
1564.9 -974.853 
1542.9 -983.865 
1478.9 -999.872 
-921.113 -1003.87 
856.883 -1013.86 
-686.089 -1036.85 
812.881 -1036.86 
-733.099 -1078.87 
956.923 -1106.85 
-90.0973 -1114.86 
280.908 -1123.86 
-1172.1 -1137.86 
483.908 -1138.86 
1096.92 -1138.87 
-1621.11 -1149.86 
751.879 -1149.85 
