-1040.1 1229.14 
-1039.45 1229.47 
-1038.59 1229.65 
-1037.59 1229.62 
-1036.61 1229.63 
-1035.6 1229.65 
-1034.75 1229.46 
-1039.45 1228.81 
-1038.59 1228.64 
-1037.6 1228.67 
-1036.59 1228.65 
-1035.6 1228.61 
-1038.82 1228.29 
-1037.55 1227.98 
-1036 1228.05 
1363.92 1191.15 
1363.34 1190.13 
1364.01 1190.14 
-1148.09 1175.13 
-1148.66 1174.15 
-1147.98 1174.14 
221.896 1138.14 
219.893 1136.13 
221.815 1136.22 
223.334 1136.27 
221.76 1134.7 
1502.9 1119.15 
663.904 1116.14 
1500.9 1117.15 
1502.81 1117.24 
1504.32 1117.29 
663.341 1115.16 
664.006 1115.16 
511.875 1111.14 
1502.76 1115.72 
511.336 1110.15 
512.001 1110.14 
-941.08 1084.14 
-941.639 1083.16 
-940.978 1083.16 
313.908 1075.15 
313.333 1074.14 
314.013 1074.14 
-1194.08 1056.15 
-1194.66 1055.14 
-1193.98 1055.15 
-1069.12 1048.14 
-1069.67 1047.13 
-1069 1047.13 
-1119.11 1017.15 
351.908 1014.14 
-1119.66 1016.13 
-1119 1016.13 
351.332 1013.11 
351.999 1013.13 
190.927 1006.12 
190.347 1005.13 
191.029 1005.13 
-168.097 997.138 
-1297.1 996.146 
-168.678 996.141 
-167.992 996.141 
-1297.66 995.146 
-1297 995.146 
1415.92 991.157 
1415.33 990.155 
1416.02 990.154 
1444.89 987.131 
1444.33 986.135 
1445 986.135 
448.896 982.149 
448.336 981.147 
448.998 981.154 
-1108.09 977.131 
-1108.67 976.124 
-1107.98 976.121 
-971.103 971.121 
1103.91 969.141 
-971.68 970.134 
-970.987 970.138 
-1017.1 966.126 
1103.34 968.146 
1104.01 968.148 
101.886 963.14 
-1017.68 965.112 
-1016.98 965.123 
-243.084 960.151 
101.334 962.154 
101.989 962.148 
1273.91 959.149 
-243.655 959.141 
-242.973 959.141 
1273.34 958.165 
1274.02 958.166 
-1284.11 940.151 
-1284.66 939.14 
-1284 939.137 
-1218.13 910.152 
109.908 910.144 
-1218.67 909.148 
-1218.01 909.149 
-853.106 906.15 
109.342 909.132 
110.007 909.137 
-853.657 905.165 
-853.003 905.164 
310.907 902.136 
144.897 901.127 
310.332 901.137 
311.005 901.135 
144.342 900.117 
144.999 900.112 
162.886 889.135 
162.329 888.142 
163.018 888.138 
-505.116 867.136 
-505.671 866.148 
-504.989 866.142 
-1028.12 860.15 
-16.1059 859.126 
-1028.68 859.155 
-1028.01 859.155 
-16.6631 858.14 
-15.9972 858.143 
744.904 847.136 
744.34 846.136 
745.011 846.136 
269.902 839.139 
269.336 838.131 
270.008 838.129 
556.886 834.144 
556.328 833.14 
556.999 833.14 
1442.9 824.137 
1442.34 823.147 
1443.02 823.146 
135.889 774.155 
-1341.1 771.135 
135.325 773.151 
136 773.157 
-1341.68 770.129 
-1340.99 770.133 
-1630.1 740.139 
-1630.68 739.137 
-1629.99 739.14 
1523.56 710.193 
1525.85 709.118 
1521.36 708.003 
1523.45 706.698 
1525.93 706.742 
-190.108 701.141 
1523.52 704.61 
-190.668 700.15 
-189.989 700.142 
137.879 697.162 
925.924 697.141 
137.329 696.173 
138 696.163 
925.343 696.15 
926.026 696.149 
-1258.09 681.134 
-1258.68 680.114 
-1257.99 680.121 
778.886 677.134 
776.903 675.136 
778.808 675.224 
780.324 675.285 
-1106.09 672.155 
-902.109 672.152 
-65.0656 669.132 
778.756 673.715 
-1106.66 671.153 
-1105.98 671.16 
-902.664 671.154 
-902.008 671.151 
-65.6648 668.148 
-64.984 668.149 
177.893 653.142 
-497.129 650.148 
123.908 650.132 
175.909 651.15 
177.811 651.222 
179.332 651.271 
-497.665 649.145 
-497.005 649.132 
123.351 649.149 
124.017 649.15 
177.756 649.71 
-354.115 634.137 
-354.693 633.139 
-353.999 633.134 
-231.106 624.131 
-233.101 622.141 
-231.187 622.216 
-229.684 622.266 
-231.243 620.701 
65.8867 610.137 
63.8935 608.151 
65.8053 608.23 
67.3303 608.284 
-1527.08 605.147 
1242.9 605.141 
65.7502 606.715 
-1527.66 604.143 
-1527 604.146 
1240.91 603.151 
1242.81 603.236 
1244.32 603.294 
777.899 598.141 
1242.75 601.708 
777.325 597.147 
778.003 597.147 
394.914 589.139 
394.339 588.167 
395.014 588.165 
256.925 584.154 
256.346 583.146 
257.029 583.144 
1460.91 562.147 
1460.34 561.156 
1461 561.158 
17.9295 556.133 
17.3475 555.118 
18.0128 555.122 
479.891 552.138 
704.911 552.14 
479.322 551.14 
479.996 551.152 
702.883 550.134 
704.816 550.211 
706.327 550.264 
704.753 548.705 
-404.104 543.141 
198.874 541.142 
-404.666 542.127 
-404.003 542.134 
198.34 540.15 
198.987 540.145 
949.913 536.149 
949.336 535.13 
949.997 535.144 
-1317.13 527.137 
-1317.68 526.153 
-1317.01 526.151 
-875.104 522.147 
-875.673 521.151 
-874.996 521.159 
187.88 488.141 
155.89 487.136 
-223.124 484.134 
187.33 487.141 
187.997 487.14 
155.336 486.15 
156.01 486.148 
-223.681 483.155 
-223.003 483.154 
-1053.08 464.144 
-1053.67 463.122 
-1052.99 463.127 
-488.103 460.139 
-490.106 458.139 
-488.183 458.22 
-486.679 458.274 
-431.115 454.143 
-488.237 456.714 
-433.091 452.14 
-431.193 452.22 
-429.679 452.274 
-773.086 447.147 
-431.245 450.709 
-773.665 446.141 
-772.992 446.145 
249.91 443.128 
249.343 442.127 
250.025 442.134 
-804.087 431.134 
-1220.11 429.147 
-804.671 430.129 
-803.988 430.136 
-1220.67 428.143 
-1220 428.149 
-1141.07 417.149 
-1141.68 416.145 
-1140.98 416.147 
22.8735 405.146 
566.939 404.148 
-478.089 403.127 
22.3293 404.143 
23.0028 404.144 
1154.88 401.137 
566.354 403.13 
567.02 403.138 
-478.662 402.11 
-477.979 402.112 
1154.32 400.138 
1155 400.133 
1135.9 392.131 
1133.89 390.137 
1135.82 390.22 
1137.33 390.276 
-1066.14 384.148 
1135.76 388.709 
-1066.68 383.157 
-1066.01 383.157 
-1265.11 378.137 
-1265.66 377.121 
-1264.99 377.124 
-353.11 365.157 
11.9186 364.15 
-353.661 364.143 
-353.003 364.142 
1510.89 361.156 
11.333 363.132 
12.0064 363.142 
1510.34 360.161 
1511 360.154 
937.709 356.11 
933.816 355.272 
955.902 355.155 
936.932 354.202 
938.84 354.238 
932.395 354.122 
955.333 354.155 
956.007 354.154 
937.609 352.709 
47.8836 345.154 
468.887 343.152 
47.3292 344.13 
47.9894 344.131 
468.325 342.141 
469.007 342.138 
-1150.12 331.137 
-1150.67 330.122 
-1150.01 330.124 
840.895 317.146 
-254.098 314.137 
840.339 316.152 
841.008 316.152 
-254.674 313.135 
-253.997 313.134 
-587.122 297.144 
-587.677 296.136 
-587.016 296.141 
-1364.1 266.153 
-1364.66 265.152 
-1363.99 265.149 
-718.113 253.146 
-718.67 252.152 
-718.005 252.153 
650.892 247.123 
650.321 246.113 
650.997 246.118 
-1134.09 233.133 
-1536.11 229.143 
-1136.1 231.122 
-1134.18 231.211 
-1132.67 231.273 
-1536.67 228.138 
-1536.01 228.139 
-1134.24 229.712 
344.904 219.125 
-1258.11 218.134 
344.332 218.123 
345.005 218.137 
-1258.68 217.158 
-1258 217.153 
53.9065 189.147 
-656.115 187.137 
53.3193 188.153 
54.0283 188.146 
-656.664 186.13 
-655.992 186.131 
1572.88 182.143 
1572.33 181.159 
1573 181.16 
-192.095 158.147 
-192.665 157.157 
-191.998 157.159 
-492.112 141.137 
-494.1 139.153 
-492.182 139.219 
-490.669 139.262 
-492.23 137.706 
-500.09 119.138 
-772.074 117.135 
-500.658 118.138 
-499.986 118.143 
-772.652 116.125 
-771.982 116.128 
1299.9 102.139 
462.874 99.147 
1299.32 101.14 
1300.01 101.146 
462.333 98.1098 
463.001 98.1195 
475.898 93.1299 
475.337 92.1272 
476.012 92.1228 
-748.108 85.1479 
-1085.13 82.125 
-748.664 84.1365 
-748.007 84.1356 
-1085.69 81.142 
-1084.99 81.1356 
477.902 75.1262 
477.333 74.1371 
478.01 74.1272 
1056.9 67.1319 
-1240.11 63.1261 
1056.33 66.1321 
1057.01 66.1349 
-1240.66 62.1225 
-1239.99 62.1124 
-1298.1 58.1401 
-1298.66 57.1394 
-1297.99 57.1354 
-1273.07 44.1352 
563.889 41.1455 
-1273.65 43.1424 
-1272.98 43.1435 
563.323 40.1765 
563.998 40.1614 
-331.093 28.1422 
-331.674 27.1593 
-330.991 27.1618 
895.903 23.1485 
895.351 22.1512 
896.009 22.1415 
-1530.09 13.1343 
-1530.67 12.1174 
-1529.98 12.1258 
351.894 9.13719 
351.322 8.13707 
352.005 8.13463 
-1410.1 -0.845474 
39.9092 -1.85707 
-981.1 -3.86183 
-1410.66 -1.85622 
-1409.99 -1.85609 
37.8962 -3.86476 
39.8167 -3.77895 
41.3238 -3.72121 
-981.671 -4.85036 
-980.989 -4.84865 
39.7546 -5.28493 
-1187.09 -15.8521 
130.898 -15.8552 
448.902 -15.8621 
605.898 -18.8501 
-1187.67 -16.8574 
-1186.99 -16.8601 
130.332 -16.8788 
131.012 -16.8754 
448.34 -16.8699 
449.007 -16.8759 
119.902 -20.8578 
605.334 -19.845 
606.008 -19.8466 
117.901 -22.8705 
119.82 -22.7803 
121.319 -22.7194 
119.765 -24.2968 
-528.102 -36.8593 
-528.658 -37.8605 
-527.987 -37.8642 
258.911 -45.8695 
-1087.11 -46.8565 
258.323 -46.8535 
259.008 -46.8518 
-1087.67 -47.8508 
-1086.98 -47.8518 
130.907 -65.8499 
-682.129 -69.8655 
130.334 -66.8386 
131.014 -66.8394 
690.9 -70.859 
-682.68 -70.8465 
-681.989 -70.8555 
690.33 -71.8445 
691.01 -71.8466 
1019.92 -90.8667 
1019.33 -91.8787 
1020.02 -91.877 
200.902 -96.8788 
200.333 -97.8799 
201.018 -97.8782 
1290.88 -105.868 
1290.33 -106.877 
1291.01 -106.878 
331.924 -110.851 
-482.101 -112.86 
331.347 -111.853 
332.017 -111.852 
-482.65 -113.868 
-482.012 -113.863 
-999.106 -131.858 
-1001.11 -133.86 
-999.2 -133.77 
-997.671 -133.709 
-1304.11 -137.864 
-1250.1 -137.847 
-755.104 -137.859 
-663.106 -138.86 
-999.263 -135.281 
-1304.68 -138.882 
-1304 -138.877 
-1250.67 -138.847 
-1249.99 -138.841 
-757.103 -139.865 
-755.18 -139.781 
-753.667 -139.725 
-628.098 -141.853 
-663.675 -139.86 
-662.988 -139.864 
-755.231 -141.303 
-628.648 -142.868 
-627.976 -142.862 
-1256.09 -153.875 
-1256.66 -154.852 
-1255.99 -154.853 
544.882 -190.855 
1615.91 -190.87 
542.888 -192.827 
544.808 -192.75 
546.314 -192.699 
1613.9 -192.854 
1615.82 -192.781 
1617.33 -192.731 
544.758 -194.298 
1615.76 -194.3 
557.91 -205.876 
585.918 -206.872 
557.324 -206.861 
558.02 -206.857 
585.349 -207.883 
586.018 -207.875 
1068.89 -237.87 
1068.35 -238.858 
1069.01 -238.862 
1313.89 -250.856 
1311.9 -252.841 
1313.82 -252.765 
1315.32 -252.715 
1313.77 -254.289 
-34.0879 -265.855 
-34.6715 -266.851 
-33.9821 -266.856 
1173.9 -293.86 
1173.32 -294.876 
1174 -294.87 
128.905 -310.856 
128.329 -311.848 
129.001 -311.841 
-513.089 -318.862 
-513.668 -319.881 
-512.997 -319.872 
328.895 -323.862 
268.871 -325.863 
328.318 -324.867 
328.998 -324.866 
-1321.12 -329.858 
268.323 -326.867 
268.996 -326.865 
-1321.68 -330.856 
-1321.01 -330.854 
-387.122 -338.859 
-387.66 -339.838 
-386.997 -339.844 
-1271.08 -344.867 
-1271.66 -345.87 
-1270.97 -345.87 
1597.88 -352.867 
1597.33 -353.864 
1598 -353.871 
-1529.12 -359.872 
-1529.68 -360.848 
-1529 -360.864 
-555.099 -365.855 
-555.662 -366.862 
-554.998 -366.857 
486.916 -371.866 
486.333 -372.874 
487.02 -372.864 
33.8963 -391.857 
33.3229 -392.861 
34.0067 -392.862 
-1445.09 -399.853 
-1445.66 -400.859 
-1445 -400.854 
-982.088 -410.859 
741.904 -411.86 
-982.653 -411.847 
-981.984 -411.852 
739.886 -413.853 
741.816 -413.773 
743.326 -413.719 
741.755 -415.282 
-545.088 -421.857 
-545.669 -422.864 
-544.983 -422.859 
-1429.07 -429.871 
664.913 -429.851 
-1429.67 -430.865 
-1428.98 -430.862 
662.906 -431.861 
664.828 -431.772 
666.329 -431.712 
1495.91 -434.867 
664.77 -433.299 
1495.33 -435.87 
1496.01 -435.872 
160.908 -445.86 
-995.102 -449.859 
160.351 -446.838 
161.022 -446.843 
-402.102 -450.844 
-995.655 -450.852 
-994.981 -450.855 
-402.668 -451.85 
-402.01 -451.847 
-917.08 -457.842 
99.9009 -457.849 
-917.651 -458.838 
-916.98 -458.843 
-502.101 -461.876 
97.9018 -459.86 
99.8121 -459.764 
101.314 -459.699 
-502.668 -462.869 
-501.992 -462.867 
99.7514 -461.29 
1609.9 -476.864 
1609.34 -477.867 
1610 -477.87 
417.876 -483.859 
417.327 -484.854 
417.99 -484.858 
-1168.11 -497.86 
-635.111 -499.861 
-1168.68 -498.858 
-1168 -498.856 
-1434.1 -502.853 
-635.66 -500.846 
-634.981 -500.856 
-1434.68 -503.837 
-1433.99 -503.836 
-476.434 -527.814 
-474.141 -528.891 
-478.632 -529.993 
-476.548 -531.307 
-474.071 -531.257 
-476.482 -533.392 
-974.094 -541.849 
-974.659 -542.861 
-973.993 -542.861 
170.912 -563.857 
-123.118 -565.862 
170.326 -564.862 
171.009 -564.858 
-123.669 -566.848 
-123.015 -566.858 
980.927 -580.843 
980.346 -581.863 
981.017 -581.86 
-1121.08 -586.847 
380.875 -588.857 
-1121.65 -587.852 
-1120.99 -587.851 
1353.92 -590.842 
380.334 -589.872 
380.997 -589.869 
1353.35 -591.848 
1354.01 -591.848 
-1154.1 -602.855 
-741.43 -603.814 
-1136.07 -605.865 
-739.131 -604.898 
-1154.67 -603.85 
-1153.99 -603.845 
-743.63 -606.004 
-1136.66 -606.868 
-1135.97 -606.861 
-741.535 -607.317 
-739.067 -607.265 
-741.474 -609.397 
197.915 -629.853 
197.333 -630.86 
198.001 -630.86 
783.904 -665.845 
783.327 -666.827 
784.002 -666.833 
656.925 -674.863 
1443.9 -677.868 
656.346 -675.857 
657.022 -675.862 
1443.32 -678.862 
1444.01 -678.86 
-422.099 -689.855 
-422.669 -690.878 
-421.997 -690.878 
-1553.1 -695.858 
-1553.66 -696.854 
-1552.99 -696.858 
185.936 -703.879 
185.343 -704.897 
186.023 -704.891 
-155.096 -742.86 
-860.102 -744.86 
-155.664 -743.846 
-154.976 -743.852 
-362.111 -747.858 
-860.661 -745.857 
-859.994 -745.859 
-362.674 -748.853 
-361.992 -748.849 
-722.116 -758.86 
-722.669 -759.835 
-721.988 -759.842 
634.919 -770.867 
-684.107 -773.869 
634.339 -771.848 
635.022 -771.85 
-684.672 -774.865 
-683.996 -774.864 
-9.08657 -793.857 
-11.0872 -795.877 
-9.16812 -795.785 
-7.66689 -795.721 
-9.22402 -797.303 
-1135.11 -833.848 
-1137.1 -835.849 
-1135.19 -835.77 
-1133.68 -835.715 
-399.08 -839.861 
-1135.25 -837.297 
-399.647 -840.851 
-398.968 -840.852 
-1134.11 -856.863 
-1134.67 -857.836 
-1133.99 -857.84 
740.903 -869.87 
-987.107 -872.865 
740.335 -870.88 
741.009 -870.872 
-987.665 -873.85 
-986.986 -873.86 
-299.098 -882.851 
-301.097 -884.857 
-299.188 -884.767 
-297.683 -884.706 
-299.248 -886.29 
1414.93 -900.867 
593.894 -903.875 
1414.34 -901.878 
1415.01 -901.873 
593.32 -904.885 
594 -904.881 
-446.104 -910.864 
-446.678 -911.857 
-445.997 -911.85 
236.887 -924.867 
236.337 -925.863 
237.014 -925.859 
1083.91 -995.857 
1083.34 -996.871 
1084 -996.869 
1167.9 -1008.86 
1493.89 -1008.85 
1167.34 -1009.86 
1168.02 -1009.87 
1493.32 -1009.86 
1494 -1009.85 
-1612.11 -1019.86 
-1612.68 -1020.84 
-1611.99 -1020.84 
-1198.08 -1053.88 
-472.105 -1054.85 
-1198.67 -1054.86 
-1197.98 -1054.86 
-474.102 -1056.88 
-472.192 -1056.78 
-470.68 -1056.71 
-472.25 -1058.3 
366.89 -1062.85 
366.337 -1063.83 
367.002 -1063.84 
-1507.14 -1068.87 
768.891 -1068.85 
1291.89 -1068.87 
-1507.67 -1069.87 
-1507.01 -1069.87 
-274.104 -1072.85 
768.329 -1069.85 
769.007 -1069.85 
1291.33 -1069.84 
1292.01 -1069.86 
-274.65 -1073.85 
-273.989 -1073.85 
999.914 -1081.87 
999.347 -1082.87 
1000.02 -1082.88 
-59.1214 -1094.87 
-518.111 -1095.86 
-59.6795 -1095.88 
-59.0132 -1095.88 
-518.67 -1096.86 
-518.005 -1096.85 
1138.92 -1120.87 
1138.34 -1121.86 
1139.02 -1121.86 
-464.095 -1128.85 
-193.1 -1128.87 
-1152.11 -1132.86 
-464.67 -1129.87 
-463.986 -1129.87 
-193.674 -1129.87 
-192.995 -1129.86 
-1152.67 -1133.88 
-1151.99 -1133.87 
270.871 -1140.85 
270.319 -1141.85 
270.988 -1141.86 
-1190.09 -1146.86 
1253.87 -1147.86 
-1192.1 -1148.86 
-1190.18 -1148.78 
-1188.68 -1148.72 
-410.111 -1150.86 
1188.91 -1150.86 
1253.31 -1148.85 
1254 -1148.86 
-1206.1 -1153.86 
-1190.24 -1150.29 
-410.684 -1151.87 
-409.997 -1151.87 
1188.34 -1151.85 
1189.02 -1151.86 
-1206.67 -1154.87 
-1206.01 -1154.87 
-553.093 -1162.87 
-553.66 -1163.87 
-552.987 -1163.86 
455.885 -1168.87 
455.333 -1169.86 
455.991 -1169.86 
1176.9 -1174.86 
1176.34 -1175.83 
1177.01 -1175.84 
1110.89 -1200.87 
1110.32 -1201.85 
1111.01 -1201.86 
1052.9 -1205.86 
-618.104 -1206.87 
1052.34 -1206.88 
1052.99 -1206.87 
1137.91 -1209.86 
-618.675 -1207.87 
-618.002 -1207.87 
1137.35 -1210.86 
1138.01 -1210.86 
-799.097 -1227.88 
-800.758 -1229.3 
-799.606 -1229.35 
-797.945 -1229.31 
-799.431 -1231.21 
