568.926 1204.14 
1292.91 1209.14 
-498.102 1197.14 
-1106.11 1188.14 
-110.089 1188.13 
1121.9 1183.14 
536.901 1148.16 
-904.109 1143.15 
-519.11 1122.15 
-1387.1 1110.14 
243.917 1106.14 
-414.102 1093.14 
-1473.1 1090.13 
339.898 1085.17 
129.9 1023.13 
-276.117 1014.14 
1036.9 1008.13 
560.908 1002.13 
-1036.1 991.152 
1399.88 990.146 
1379.89 985.134 
889.899 967.161 
845.883 966.139 
-1024.13 962.139 
1370.9 960.152 
-187.093 940.136 
426.902 920.153 
538.905 917.143 
-1390.1 914.138 
-360.12 897.138 
1454.9 892.142 
-666.088 877.139 
1230.9 858.126 
-248.089 835.15 
964.901 827.141 
534.911 817.147 
613.889 785.153 
1286.9 775.152 
-88.0966 757.134 
1200.9 752.138 
-1619.1 746.145 
335.879 734.117 
1288.9 731.127 
-1316.11 730.158 
180.905 728.133 
-878.102 717.15 
-1207.09 706.142 
-1085.11 696.131 
-1005.11 696.132 
-601.097 696.15 
-925.111 693.132 
-950.103 691.145 
893.912 684.136 
-1100.09 669.135 
722.889 652.151 
-972.102 648.145 
-1439.09 631.14 
-1524.11 629.135 
-800.108 628.124 
-975.084 623.148 
-926.102 614.16 
-1269.1 612.148 
-400.082 611.138 
-1027.09 599.148 
772.923 597.127 
829.89 575.139 
28.894 574.146 
365.902 556.138 
676.897 550.151 
-518.094 529.122 
-844.091 525.154 
860.902 524.144 
-1036.1 518.144 
-917.088 508.137 
41.92 501.147 
-395.09 477.143 
833.901 463.145 
1410.9 462.137 
87.8841 449.127 
-1378.1 443.14 
699.898 437.141 
1539.9 410.141 
-1181.08 401.116 
-113.099 399.15 
-386.098 383.137 
187.894 377.126 
1148.91 377.131 
135.887 343.14 
1052.91 343.143 
272.91 337.131 
1014.88 334.146 
-1088.1 333.137 
-494.114 333.146 
1440.9 326.139 
-1504.09 323.145 
-114.095 290.149 
1097.9 282.135 
1586.91 278.141 
876.907 253.147 
379.898 242.137 
209.893 229.126 
73.8896 195.149 
950.897 194.137 
-638.101 192.148 
18.8893 173.15 
-140.103 164.118 
-318.102 159.151 
1224.89 153.147 
-1049.11 130.145 
1261.9 129.129 
-381.092 118.14 
-1325.09 104.132 
-952.089 83.1542 
772.895 62.1589 
-1252.09 47.1271 
977.923 31.1467 
1164.89 18.1422 
976.903 7.14208 
-1335.1 3.14073 
212.908 2.14098 
288.911 -2.87038 
-1340.09 -0.251602 
-153.113 -11.8644 
-137.102 -19.8606 
-178.111 -19.8683 
1255.9 -25.8696 
84.9061 -26.8543 
396.886 -32.8587 
314.373 -42.2567 
311.012 -44.818 
173.886 -63.8798 
-1128.11 -94.872 
-1024.12 -96.855 
679.905 -110.868 
1132.9 -114.858 
-717.105 -124.854 
-612.092 -142.864 
104.877 -145.875 
6.89109 -153.863 
1414.91 -175.856 
-230.088 -178.851 
-1161.1 -184.863 
-1083.09 -199.86 
-138.089 -199.872 
1386.91 -202.859 
-822.093 -204.871 
447.876 -221.861 
-80.0984 -242.872 
796.895 -243.875 
1526.89 -243.839 
8.89841 -247.863 
1057.88 -257.857 
-526.106 -260.842 
914.915 -260.842 
14.514 -259.153 
28.8829 -265.505 
-1602.09 -294.849 
1088.91 -309.853 
1027.9 -322.867 
-383.086 -326.874 
-760.101 -327.855 
179.888 -342.87 
-1054.1 -345.859 
-1325.09 -348.881 
507.908 -369.859 
548.907 -377.865 
-1363.09 -387.856 
-1166.1 -390.867 
1614.89 -389.878 
-510.091 -415.858 
551.91 -420.863 
825.887 -420.85 
1032.89 -421.872 
-94.1154 -461.863 
104.895 -497.862 
1168.89 -499.871 
-708.099 -517.881 
343.897 -527.842 
1013.9 -528.85 
449.898 -541.854 
419.893 -551.88 
882.887 -556.863 
-1583.1 -560.847 
608.898 -566.842 
-1417.1 -573.871 
-244.104 -583.873 
32.8943 -584.862 
426.884 -607.866 
580.9 -633.848 
-317.307 -646.676 
868.907 -646.861 
-334.082 -651.871 
731.903 -652.874 
-913.106 -665.85 
384.886 -665.846 
536.896 -690.876 
-1385.1 -697.856 
161.911 -700.859 
484.907 -708.866 
254.878 -710.871 
1257.9 -716.865 
-482.082 -735.858 
538.912 -741.855 
-491.776 -745.621 
-1103.08 -758.845 
-47.0888 -764.862 
-1417.1 -788.86 
-810.117 -810.852 
567.886 -816.856 
-273.09 -818.849 
-99.1118 -828.854 
-1374.08 -838.856 
748.909 -855.87 
-1551.1 -882.877 
1016.91 -890.856 
-75.0999 -903.87 
459.901 -918.87 
580.889 -936.855 
640.901 -942.849 
602.898 -943.852 
952.894 -949.859 
-511.102 -961.87 
-202.111 -962.867 
-1035.1 -976.852 
-1084.11 -977.856 
-710.09 -980.857 
439.872 -991.841 
181.901 -993.875 
666.925 -993.841 
-973.089 -1014.86 
-1166.09 -1043.88 
10.8985 -1057.87 
592.916 -1060.87 
-1000.1 -1076.87 
333.905 -1107.85 
438.893 -1113.85 
-720.107 -1130.85 
495.879 -1162.84 
607.89 -1199.86 
