1494.9 1206.15 
-438.107 1192.14 
-1301.1 1172.14 
-520.088 1152.14 
-357.112 1150.14 
-1177.1 1120.15 
-903.084 1117.14 
-785.097 1088.14 
1233.9 1088.14 
-39.1078 1082.14 
-1591.1 1075.14 
-1021.11 1072.11 
871.896 1054.14 
946.909 1036.12 
1199.9 1036.14 
1229.9 1027.13 
904.911 1022.14 
-1163.1 1015.13 
-477.1 1009.14 
-476.985 1007.99 
-1487.11 982.147 
-1062.09 971.145 
368.906 935.135 
-1170.11 931.141 
-1284.1 930.156 
307.91 924.134 
-299.113 921.131 
-796.089 917.146 
780.911 916.127 
63.89 914.127 
565.899 905.135 
-149.104 891.138 
1298.9 889.153 
21.895 886.156 
595.907 882.138 
-913.104 874.111 
401.898 874.129 
-641.101 857.157 
-733.103 855.142 
-999.117 855.121 
-767.105 852.114 
1049.9 841.137 
-1063.07 837.151 
12.8963 833.145 
-508.103 829.139 
-719.1 826.146 
-583.106 827.139 
348.9 825.154 
-457.08 824.12 
-262.105 821.134 
-381.102 816.132 
95.891 811.13 
598.908 810.139 
-491.11 809.144 
-1019.09 808.142 
-1182.12 805.151 
-45.085 799.146 
-175.115 795.146 
-15.8095 767.606 
-16.0464 766.311 
-654.08 748.137 
-121.107 741.143 
-299.1 715.15 
-1494.63 702.594 
-598.092 700.141 
-286.664 702.946 
145.901 690.127 
833.891 687.144 
-86.0915 673.152 
102.901 672.16 
-1614.09 669.141 
1320.91 668.159 
-875.114 656.148 
875.911 647.148 
-535.103 628.148 
-622.1 625.132 
-1039.98 618.136 
-42.1024 618.113 
-111.084 617.154 
-1278.09 609.166 
-1040.29 617.013 
-653.006 599.657 
-648.03 597.945 
-1141.07 593.144 
37.8911 588.156 
-666.186 588.779 
1429.91 581.128 
37.3893 581.503 
1390.9 575.134 
-650.122 572.148 
487.891 568.145 
-521.092 552.148 
1098.89 552.155 
-505.111 546.128 
-302.103 542.148 
284.91 531.135 
264.911 527.118 
-196.109 522.139 
1155.92 522.129 
-246.088 518.132 
-787.091 511.134 
64.8912 511.142 
-1346.1 502.141 
-395.112 499.14 
-1278.09 491.136 
586.891 489.127 
1226.91 489.134 
-217.074 478.158 
317.912 472.144 
-358.097 463.154 
-61.0919 463.149 
306.025 461.394 
-1136.12 453.165 
98.8911 452.146 
-102.108 450.122 
405.878 450.15 
-366.097 443.145 
-1268.1 422.145 
144.899 410.133 
-149.096 403.14 
331.896 388.137 
-935.12 381.115 
-1228.08 370.132 
-416.094 368.146 
96.9038 361.147 
-1447.09 357.14 
-690.096 342.126 
615.903 341.147 
-1395.13 335.128 
962.897 334.136 
-806.09 331.15 
-644.091 323.122 
-846.076 320.163 
-724.097 316.125 
80.9062 305.151 
-220.097 295.135 
-0.112451 295.146 
-76.102 294.152 
220.899 293.139 
-66.0956 273.12 
-402.103 271.133 
-377.102 255.153 
1050.89 253.15 
-734.099 252.125 
39.9046 250.133 
-1601.08 238.12 
-6.09561 231.133 
-518.12 224.153 
288.919 223.121 
-580.099 216.151 
501.911 216.148 
882.907 210.138 
-647.119 195.139 
-1196.11 184.14 
-522.112 171.153 
1005.9 146.152 
430.891 142.155 
756.9 142.121 
-962.104 137.12 
-915.539 130.909 
-691.104 129.148 
736.909 129.124 
-910.683 129.227 
1463.89 100.138 
60.9002 98.1393 
-978.09 81.1448 
-855.092 45.1315 
457.929 14.1377 
490.898 12.1643 
-652.094 0.137803 
-176.121 1.13243 
-1500.02 -11.1442 
1370.91 -9.8578 
-1500.83 -12.4815 
1140.89 -25.8629 
-222.104 -34.8615 
-448.087 -50.8512 
-895.087 -50.8465 
990.905 -69.861 
-922.097 -72.8565 
908.889 -77.8561 
1324.91 -84.8633 
1283.91 -87.8618 
402.897 -88.846 
1411.89 -91.865 
-640.097 -92.86 
-918.091 -95.8615 
1185.9 -95.8469 
522.913 -99.8502 
-927.282 -106.146 
392.896 -114.86 
-511.116 -123.872 
-381.103 -135.866 
1183.9 -139.856 
-612.101 -143.87 
-241.102 -148.855 
-1563.1 -151.872 
-1282.11 -151.854 
1064.7 -154.699 
934.896 -153.874 
376.924 -159.856 
-11.1059 -170.862 
208.895 -172.836 
-826.101 -174.862 
-1113.1 -184.88 
-919.102 -214.878 
-680.104 -224.871 
-78.0746 -235.864 
-355.09 -236.863 
-571.107 -238.866 
-1010.12 -244.86 
-681.11 -244.868 
380.902 -248.863 
1311.9 -253.873 
-228.095 -254.865 
-459.094 -266.875 
-486.139 -274.918 
-836.093 -280.844 
-484.577 -277.394 
-223.1 -294.848 
-49.1027 -300.854 
-834.1 -302.869 
-888.112 -303.86 
-454.094 -306.859 
-528.096 -327.866 
-1031.11 -329.844 
755.894 -329.837 
-599.092 -343.866 
860.881 -347.851 
-500.099 -361.859 
-416.1 -377.868 
-516.102 -377.858 
-151.113 -379.856 
872.898 -382.869 
-162.07 -403.856 
736.909 -419.874 
-38.2069 -426.52 
210.912 -427.855 
-1485.1 -430.862 
-42.377 -427.977 
276.91 -431.856 
-386.09 -437.853 
-247.099 -442.859 
-976.713 -449.442 
-929.13 -462.728 
959.888 -459.846 
181.917 -460.854 
-927.032 -464.284 
1338.89 -470.863 
-499.103 -471.851 
1017.89 -472.869 
209.899 -480.859 
522.924 -490.861 
-207.103 -500.878 
-447.118 -501.862 
-1129.09 -515.848 
388.9 -519.866 
1147.89 -519.847 
-1501.1 -535.851 
-655.098 -546.863 
-174.108 -546.854 
-1459.09 -552.854 
1490.89 -554.862 
-363.113 -572.857 
-685.094 -574.87 
983.894 -581.86 
-544.105 -624.857 
-338.129 -624.853 
-1082.11 -628.853 
-572.093 -642.849 
-351.093 -644.846 
-1036.1 -645.855 
-1234.08 -657.874 
1509.92 -679.869 
775.9 -684.861 
-55.1077 -700.859 
-186.107 -716.86 
-1604.08 -722.851 
-718.123 -727.866 
888.917 -727.865 
-400.118 -728.867 
728.871 -729.858 
822.91 -735.852 
1034.89 -735.871 
684.891 -740.861 
-12.1029 -764.86 
-938.113 -765.865 
-1128.1 -772.854 
316.893 -772.861 
-1022.09 -784.871 
-377.112 -795.861 
-903.096 -811.859 
-195.097 -825.87 
-1034.09 -830.86 
-588.12 -842.851 
-416.091 -843.851 
-180.079 -843.858 
925.911 -844.844 
-185.115 -879.89 
-277.11 -898.85 
1310.88 -901.88 
278.88 -907.868 
623.892 -925.867 
-1495.1 -932.868 
-31.1068 -962.842 
-1077.11 -982.868 
349.895 -993.854 
359.904 -1021.85 
-1114.09 -1028.85 
1095.91 -1037.84 
-1428.11 -1042.84 
-963.104 -1042.86 
-721.083 -1044.87 
889.903 -1049.87 
-400.121 -1062.87 
494.884 -1064.85 
1140.9 -1068.85 
-29.1101 -1075.85 
-914.087 -1079.86 
1362.88 -1089.87 
817.874 -1100.85 
-1440.11 -1111.85 
1161.9 -1111.86 
972.901 -1113.87 
209.902 -1129.86 
-1116.1 -1131.86 
1134.9 -1139.86 
-1550.1 -1141.85 
1088.91 -1143.84 
-221.11 -1149.88 
-890.099 -1154.87 
667.903 -1153.87 
463.892 -1170.88 
65.9005 -1188.86 
-933.089 -1189.87 
-1398.11 -1191.87 
-968.114 -1192.86 
