-1506.1 1229.14 
-1505.41 1229.47 
-1504.61 1229.63 
-1503.6 1229.64 
-1502.6 1229.62 
-1501.6 1229.65 
-1500.76 1229.5 
-1505.41 1228.82 
-1504.61 1228.66 
-1503.58 1228.64 
-1502.62 1228.65 
-1501.6 1228.64 
-1504.81 1228.3 
-1503.56 1228.02 
-1502 1228.06 
-162.092 1217.15 
-27.1018 1215.14 
-162.674 1216.14 
-161.989 1216.14 
-1232.08 1211.14 
-27.666 1214.14 
-26.9948 1214.13 
-1234.1 1209.13 
-1232.18 1209.22 
-1230.67 1209.27 
-1232.25 1207.7 
-695.117 1203.15 
-695.673 1202.14 
-695 1202.14 
96.8968 1192.14 
96.3326 1191.14 
97.0123 1191.14 
969.574 1188.18 
971.878 1187.09 
967.372 1185.99 
969.464 1184.69 
971.938 1184.75 
969.532 1182.61 
-625.109 1171.13 
-673.102 1167.15 
-625.665 1170.12 
-624.999 1170.12 
-673.659 1166.14 
-672.995 1166.14 
-46.0962 1159.13 
-46.6657 1158.15 
-45.9811 1158.15 
796.902 1151.14 
796.335 1150.15 
797.018 1150.15 
-155.087 1130.13 
-1318.11 1129.13 
-155.665 1129.12 
-154.979 1129.13 
-1318.66 1128.12 
-1317.99 1128.12 
441.931 1119.15 
-565.104 1115.15 
441.35 1118.15 
442.011 1118.15 
657.877 1113.14 
-567.102 1113.15 
-565.188 1113.23 
-563.678 1113.29 
657.322 1112.15 
658.005 1112.15 
-565.246 1111.71 
-1411.1 1100.14 
-1411.67 1099.13 
-1410.99 1099.14 
868.889 1093.15 
868.343 1092.15 
868.999 1092.15 
-667.12 1067.14 
-667.675 1066.15 
-667.005 1066.14 
-116.073 1056.14 
-116.662 1055.14 
-115.98 1055.13 
-1391.1 1044.15 
-307.094 1041.15 
-1391.67 1043.15 
-1390.99 1043.15 
-307.662 1040.16 
-306.999 1040.16 
-349.113 1036.14 
-349.682 1035.13 
-349.002 1035.13 
1077.9 1022.15 
1077.32 1021.15 
1078.01 1021.16 
200.902 1008.14 
200.331 1007.14 
201 1007.14 
847.917 1003.14 
209.924 1002.14 
1084.89 1002.13 
847.354 1002.14 
848.019 1002.15 
209.349 1001.15 
210.004 1001.15 
1084.33 1001.13 
1085 1001.13 
92.8756 987.133 
-819.073 984.129 
-651.094 983.122 
92.3229 986.125 
92.9813 986.132 
-819.659 983.133 
-818.981 983.135 
-651.676 982.129 
-650.988 982.127 
-229.084 977.149 
-475.109 976.151 
-229.659 976.143 
-228.976 976.145 
-475.675 975.166 
-474.995 975.159 
743.913 969.141 
-500.088 968.152 
743.344 968.145 
744.02 968.139 
-500.673 967.144 
-499.99 967.149 
-826.082 958.131 
-826.671 957.135 
-825.985 957.134 
-1257.07 924.149 
-510.101 921.148 
-1259.08 922.137 
-1257.16 922.236 
-1255.67 922.302 
696.9 920.146 
-528.103 918.138 
-512.106 919.121 
-510.194 919.219 
-508.675 919.286 
-1257.22 920.716 
-326.095 916.151 
696.332 919.143 
697.014 919.141 
-528.664 917.14 
-528 917.132 
-510.256 917.71 
-326.652 915.15 
-325.995 915.145 
-587.127 907.137 
-587.67 906.143 
-587.003 906.14 
-484.092 901.145 
-1573.11 897.145 
-484.668 900.142 
-483.99 900.135 
-595.098 894.144 
-1573.67 896.146 
-1572.99 896.135 
-595.654 893.15 
-594.986 893.145 
-222.117 889.148 
-1450.1 885.137 
-222.675 888.159 
-221.996 888.159 
-1450.67 884.136 
-1449.99 884.139 
394.9 853.14 
392.9 851.14 
394.816 851.225 
396.321 851.282 
394.76 849.717 
-643.11 842.145 
-645.102 840.147 
-643.187 840.235 
-641.674 840.295 
-643.24 838.71 
1267.92 827.146 
1267.34 826.153 
1268.02 826.147 
-1594.1 810.158 
-1379.11 810.145 
-1594.67 809.154 
-1594 809.156 
-1379.66 809.156 
-1379 809.149 
-365.096 801.136 
-367.101 799.116 
-365.204 799.221 
-363.675 799.295 
288.906 796.132 
-365.277 797.713 
288.343 795.135 
289.009 795.132 
-768.096 787.148 
-497.111 787.14 
-768.67 786.161 
-767.997 786.156 
-497.661 786.146 
-496.997 786.142 
836.909 776.138 
836.35 775.134 
837.014 775.141 
-998.1 769.131 
-692.101 769.145 
-998.667 768.139 
-997.994 768.148 
-694.102 767.136 
-692.19 767.228 
-690.676 767.291 
-692.251 765.708 
-502.091 744.13 
-502.672 743.128 
-501.988 743.137 
542.912 739.133 
-403.107 737.149 
752.917 736.151 
542.329 738.137 
543.005 738.138 
-403.66 736.151 
-402.99 736.151 
752.347 735.139 
753.012 735.149 
545.983 732.705 
546.334 730.119 
547.016 730.118 
-118.111 721.16 
-118.655 720.148 
-117.986 720.149 
838.901 712.14 
341.892 711.134 
-816.108 710.141 
838.343 711.153 
839.022 711.148 
-1004.1 707.138 
341.334 710.128 
342.009 710.125 
-818.096 708.152 
-816.183 708.237 
-814.679 708.293 
-800.081 706.136 
-1130.1 703.133 
-1004.67 706.152 
-1004 706.144 
-816.233 706.714 
-800.661 705.162 
-799.983 705.156 
-1130.66 702.133 
-1129.99 702.127 
1252.87 698.123 
280.911 697.15 
-1153.1 695.148 
1252.31 697.131 
1252.99 697.13 
280.338 696.146 
281.014 696.152 
-1153.68 694.154 
-1153 694.157 
-163.112 691.134 
-401.126 687.141 
-163.656 690.109 
-163 690.105 
-401.682 686.138 
-401.011 686.135 
783.879 681.155 
-772.107 679.156 
783.323 680.15 
783.99 680.15 
-1195.11 676.14 
-257.095 676.158 
-1325.09 675.123 
-772.659 678.179 
-771.99 678.169 
-1195.67 675.144 
-1194.99 675.144 
-257.662 675.155 
-256.998 675.153 
-1325.66 674.134 
-1324.99 674.137 
-1057.1 668.158 
-1561.11 666.146 
-1057.67 667.175 
-1057.01 667.167 
-1561.67 665.142 
-1561 665.141 
-58.072 659.145 
-856.109 655.142 
-58.6453 658.13 
-57.9912 658.133 
-856.675 654.163 
-855.997 654.154 
439.916 651.143 
1159.9 651.134 
439.337 650.133 
440.011 650.132 
1159.32 650.104 
1160 650.112 
93.896 636.158 
1422.94 634.123 
-100.105 632.129 
93.3211 635.148 
94.0024 635.144 
1422.35 633.109 
1423.04 633.107 
-339.106 629.145 
-100.663 631.141 
-99.9965 631.142 
-339.672 628.149 
-339.007 628.147 
-385.088 616.121 
-385.656 615.103 
-384.99 615.116 
139.908 609.135 
-827.089 608.142 
139.348 608.136 
140.014 608.126 
-827.666 607.154 
-826.978 607.15 
-494.418 603.187 
-492.134 602.116 
-496.632 600.999 
-494.557 599.687 
-492.067 599.736 
961.932 597.156 
-381.079 595.148 
-494.486 597.6 
961.346 596.171 
962.014 596.168 
-381.658 594.143 
-380.986 594.141 
-876.076 586.148 
687.873 583.15 
-876.658 585.14 
-875.977 585.137 
-1313.12 580.145 
687.328 582.151 
687.991 582.145 
-1313.67 579.153 
-1312.99 579.153 
335.885 572.139 
335.329 571.141 
335.997 571.145 
-1623.12 552.14 
-1623.68 551.134 
-1623 551.136 
-305.105 546.148 
18.8951 546.142 
-305.667 545.156 
-304.994 545.149 
18.3326 545.119 
19.0047 545.117 
822.911 514.144 
822.34 513.147 
823.006 513.149 
1237.92 507.136 
1106.9 504.138 
1237.34 506.134 
1238.01 506.133 
1106.34 503.127 
1107 503.121 
-1286.09 499.144 
-1286.66 498.131 
-1285.99 498.139 
-537.08 485.151 
-537.653 484.145 
-536.977 484.148 
-529.123 480.142 
-529.815 479.232 
-528.992 479.135 
-622.098 474.151 
-622.652 473.17 
-621.997 473.161 
409.91 466.148 
20.9099 463.141 
-1057.09 462.142 
409.342 465.14 
410.015 465.142 
-619.11 461.152 
-457.094 460.137 
353.884 460.143 
20.347 462.139 
21.0101 462.137 
-1057.65 461.149 
-1056.98 461.14 
-619.672 460.152 
-619.003 460.146 
-457.658 459.143 
-456.982 459.145 
353.322 459.153 
354.004 459.154 
255.898 448.127 
255.321 447.128 
256.011 447.135 
205.893 440.152 
949.889 439.131 
988.881 439.136 
205.342 439.165 
206.008 439.154 
949.324 438.142 
950.01 438.14 
988.319 438.156 
989 438.149 
-509.125 434.126 
-509.673 433.124 
-509.001 433.125 
-237.102 426.15 
-237.681 425.14 
-237.001 425.143 
-1280.12 402.142 
-1280.67 401.145 
-1280 401.146 
711.919 398.148 
428.88 397.144 
711.341 397.139 
712.014 397.142 
428.327 396.154 
429.002 396.152 
1064.88 386.149 
-822.091 383.129 
21.8852 382.135 
277.91 382.149 
1064.33 385.152 
1065.01 385.151 
-822.647 382.138 
-821.983 382.137 
19.9009 380.143 
21.8137 380.211 
23.3298 380.258 
277.343 381.137 
278.008 381.143 
-1280.1 377.125 
21.7655 378.702 
-1280.66 376.107 
-1280 376.111 
-1126.12 371.133 
-1126.68 370.14 
-1126 370.133 
-408.104 362.149 
-318.098 361.14 
-1597.13 358.145 
-408.668 361.157 
-407.992 361.161 
-318.663 360.132 
-317.976 360.132 
-1597.68 357.149 
-1596.99 357.147 
402.929 354.141 
402.344 353.134 
403.032 353.14 
-1618.1 317.153 
1071.91 317.141 
-1618.67 316.138 
-1618 316.147 
1071.34 316.158 
1072.01 316.157 
-1406.11 302.138 
1366.91 300.135 
-1406.68 301.143 
-1406 301.142 
1366.33 299.153 
1367 299.159 
424.911 295.141 
422.899 293.144 
424.819 293.23 
426.331 293.289 
-1556.09 290.135 
424.755 291.706 
522.923 287.152 
-1556.66 289.144 
-1555.98 289.152 
522.333 286.141 
523.014 286.152 
1352.9 278.151 
958.906 275.149 
-307.128 274.138 
1352.34 277.148 
1353.01 277.153 
958.325 274.141 
959.005 274.141 
-307.675 273.127 
-307.006 273.131 
1178.91 264.139 
55.8954 263.132 
-293.109 261.143 
1176.89 262.142 
1178.81 262.234 
1180.32 262.295 
55.3319 262.15 
56.0094 262.144 
-293.66 260.149 
-292.994 260.143 
-38.0781 257.151 
1178.75 260.709 
-38.6461 256.142 
-37.9821 256.145 
1297.89 252.148 
1297.33 251.151 
1298 251.149 
-1307.15 241.143 
-1307.69 240.144 
-1307.01 240.148 
-406.095 233.132 
-406.663 232.125 
-405.991 232.138 
-790.093 226.133 
-790.656 225.122 
-790.004 225.131 
-993.113 203.129 
-993.674 202.127 
-992.999 202.117 
1193.9 193.148 
1191.89 191.109 
1193.8 191.211 
1195.31 191.281 
-1242.09 187.14 
1193.74 189.711 
-1242.66 186.121 
-1241.99 186.131 
-1006.1 182.137 
-1006.66 181.121 
-1005.99 181.119 
1044.89 172.14 
1044.34 171.141 
1045 171.136 
441.873 167.15 
123.883 164.147 
441.339 166.131 
441.98 166.128 
177.912 162.153 
123.312 163.152 
124 163.156 
-365.095 158.149 
-21.1057 158.143 
177.329 161.145 
178.007 161.15 
-365.662 157.157 
-364.986 157.154 
-21.667 157.155 
-20.9938 157.148 
9.91074 152.136 
-580.077 149.129 
9.33933 151.144 
10.0073 151.148 
-580.662 148.136 
-579.973 148.139 
327.886 141.13 
327.334 140.135 
328 140.133 
806.882 134.139 
804.909 132.16 
806.801 132.234 
808.314 132.284 
806.747 130.72 
-965.078 119.137 
1443.91 116.149 
-967.098 117.133 
-965.167 117.224 
-963.67 117.285 
1443.34 115.136 
1444 115.142 
-965.229 115.711 
76.9114 110.134 
76.3231 109.131 
77.0123 109.143 
121.878 104.136 
61.9138 103.127 
121.327 103.125 
121.994 103.128 
61.3358 102.117 
62.0105 102.124 
652.897 99.1339 
652.338 98.1326 
652.993 98.1308 
872.906 95.1301 
1482.88 94.1354 
872.341 94.1401 
873.03 94.1344 
1482.32 93.1432 
1483.01 93.1455 
-1079.09 89.1308 
-1081.1 87.1266 
-1079.17 87.2093 
-1077.66 87.2655 
44.921 85.1351 
815.906 85.1445 
-1079.23 85.7167 
44.3283 84.1412 
45.0045 84.1341 
815.334 84.1326 
816.005 84.1316 
-362.085 73.1399 
-362.663 72.1421 
-361.983 72.1368 
-1060.09 67.1266 
-1060.68 66.1418 
-1059.98 66.1348 
-32.1228 58.1413 
-32.6753 57.1405 
-32.0059 57.1477 
-183.088 53.1409 
-185.1 51.1512 
-183.181 51.2442 
-181.673 51.3066 
-183.246 49.7168 
-1118.1 44.146 
-785.09 44.1345 
-281.095 44.14 
-761.11 43.1369 
-1120.09 42.1324 
-1118.18 42.2192 
-1116.68 42.2782 
-785.671 43.145 
-784.974 43.1461 
-281.668 43.1279 
-280.993 43.1388 
312.911 40.1349 
-761.683 42.1318 
-761.012 42.1317 
-1118.23 40.7015 
312.357 39.1183 
313.014 39.121 
512.879 35.1377 
512.326 34.1346 
513.006 34.1319 
715.893 31.1463 
715.336 30.1422 
716.009 30.1405 
136.904 21.1354 
-720.105 19.1427 
136.323 20.1286 
137.012 20.1306 
-720.673 18.1299 
-720.009 18.1391 
-266.102 15.1344 
-266.661 14.139 
-265.99 14.1355 
-73.1021 9.13695 
-73.6691 8.13121 
-73.0011 8.13292 
958.902 -10.8585 
-702.101 -14.8624 
956.881 -12.8446 
958.807 -12.7627 
960.343 -12.7081 
-654.102 -15.8436 
156.9 -15.8729 
-702.674 -15.841 
-701.984 -15.8378 
958.743 -14.2763 
-654.657 -16.8441 
-653.984 -16.8396 
156.335 -16.8629 
157.016 -16.8611 
95.8961 -27.8506 
-1532.1 -30.872 
95.3283 -28.8501 
95.9981 -28.8505 
-1532.66 -31.8655 
-1531.99 -31.8628 
-109.088 -34.8563 
74.9143 -36.85 
-111.109 -36.8643 
-109.185 -36.7825 
-107.68 -36.7274 
74.3408 -37.8471 
75.0102 -37.8551 
-109.251 -38.286 
-167.1 -44.8563 
-167.67 -45.8682 
-166.993 -45.8676 
259.899 -53.8633 
-1078.11 -54.8567 
-166.099 -56.846 
257.9 -55.875 
259.814 -55.7794 
261.335 -55.7138 
-1078.66 -55.8566 
-1078 -55.8493 
-168.11 -58.856 
-166.188 -58.7656 
-164.663 -58.7044 
259.755 -57.2824 
-166.248 -60.2869 
-1247.11 -65.8557 
-1247.67 -66.8462 
-1247 -66.8438 
-629.121 -73.8539 
-629.672 -74.8477 
-628.988 -74.8551 
-158.117 -78.8623 
-75.1081 -79.8609 
-158.661 -79.8645 
-158.003 -79.858 
-75.6737 -80.8606 
-74.9981 -80.8684 
-822.118 -99.8418 
-674.108 -101.865 
145.894 -101.844 
-822.681 -100.844 
-822.008 -100.845 
-674.677 -102.872 
-673.987 -102.867 
145.336 -102.851 
145.992 -102.855 
909.879 -106.853 
1218.89 -107.85 
909.327 -107.856 
909.999 -107.856 
1218.33 -108.833 
1219 -108.842 
685.909 -114.854 
1159.92 -117.859 
685.329 -115.847 
686.009 -115.838 
-1277.11 -121.86 
37.8966 -121.875 
1159.35 -118.847 
1160.03 -118.851 
571.945 -124.854 
-1277.68 -122.875 
-1277 -122.867 
35.9024 -123.86 
37.8175 -123.787 
39.3269 -123.737 
-465.103 -128.868 
571.362 -125.887 
572.043 -125.877 
37.7632 -125.301 
-465.665 -129.873 
-464.977 -129.866 
-1077.09 -134.876 
1043.89 -134.853 
-1077.67 -135.857 
-1076.97 -135.864 
1043.33 -135.862 
1044.01 -135.865 
511.897 -153.864 
-1082.07 -154.859 
509.902 -155.886 
511.813 -155.792 
513.325 -155.728 
1302.87 -157.872 
-1082.66 -155.863 
-1081.98 -155.86 
-82.0841 -159.865 
511.756 -157.305 
1302.34 -158.867 
1303 -158.869 
-959.1 -163.875 
-82.6674 -160.879 
-81.9947 -160.88 
-959.673 -164.863 
-958.994 -164.865 
408.904 -171.861 
406.895 -173.87 
408.816 -173.779 
410.332 -173.717 
408.757 -175.295 
686.937 -179.855 
-370.093 -180.859 
229.893 -180.861 
686.347 -180.853 
687.017 -180.846 
-370.664 -181.848 
-369.987 -181.851 
229.336 -181.853 
230.007 -181.849 
24.8966 -188.85 
24.3359 -189.858 
24.9966 -189.852 
-91.1022 -201.866 
-479.078 -203.859 
-91.6793 -202.856 
-90.989 -202.855 
553.897 -206.844 
-481.098 -205.866 
-479.179 -205.774 
-477.669 -205.712 
553.338 -207.868 
553.992 -207.86 
-479.247 -207.288 
157.879 -213.87 
157.328 -214.865 
158.005 -214.868 
595.907 -229.855 
1602.93 -232.86 
595.352 -230.861 
596.017 -230.859 
1602.35 -233.846 
1603.03 -233.849 
283.906 -239.858 
-1266.14 -241.859 
409.932 -242.868 
628.893 -242.858 
283.332 -240.855 
284 -240.853 
-948.089 -244.862 
-1266.68 -242.873 
-1266 -242.882 
-814.124 -245.865 
409.349 -243.871 
410.019 -243.87 
628.348 -243.847 
629.003 -243.852 
-948.655 -245.863 
-947.997 -245.863 
-814.664 -246.854 
-814.01 -246.861 
-1597.15 -258.867 
1145.89 -260.865 
-1597.69 -259.87 
-1597.01 -259.871 
-963.084 -262.864 
1145.33 -261.864 
1146 -261.862 
-233.091 -265.863 
-965.102 -264.88 
-963.183 -264.776 
-961.67 -264.707 
-471.099 -269.854 
-233.662 -266.876 
-232.984 -266.873 
-963.251 -266.296 
1168.87 -271.858 
-471.658 -270.848 
-470.992 -270.849 
1168.32 -272.859 
1168.98 -272.86 
-351.09 -293.865 
-351.642 -294.881 
-351.004 -294.874 
-563.093 -301.855 
-863.097 -302.846 
-779.107 -302.859 
-563.667 -302.85 
-562.987 -302.853 
-863.671 -303.846 
-863 -303.845 
-779.687 -303.881 
-779.004 -303.879 
-961.109 -326.852 
-961.665 -327.854 
-960.999 -327.859 
-756.067 -348.863 
206.885 -349.866 
-756.652 -349.864 
-755.98 -349.866 
206.322 -350.86 
207.003 -350.858 
-909.071 -359.865 
324.887 -359.852 
-909.659 -360.855 
-908.976 -360.848 
324.335 -360.87 
324.997 -360.866 
673.884 -370.856 
673.321 -371.842 
674.005 -371.848 
-999.095 -384.868 
-1590.11 -387.856 
-999.663 -385.871 
-998.981 -385.874 
-1590.67 -388.838 
-1590 -388.848 
-555.1 -391.854 
-555.661 -392.871 
-554.995 -392.867 
-876.121 -407.874 
649.884 -408.849 
55.8901 -410.868 
-876.681 -408.849 
-875.998 -408.857 
649.335 -409.848 
650.001 -409.848 
55.3055 -411.859 
55.9963 -411.865 
-31.062 -417.829 
-171.107 -420.853 
-31.6574 -418.854 
-30.9864 -418.846 
-171.666 -421.848 
-170.993 -421.854 
-110.121 -433.854 
-1600.11 -434.86 
1088.92 -436.864 
-110.664 -434.866 
-109.991 -434.875 
-1600.67 -435.853 
-1599.99 -435.858 
1088.35 -437.877 
1089.02 -437.875 
86.8517 -453.87 
-739.093 -454.854 
86.3258 -454.868 
86.9823 -454.868 
-739.666 -455.847 
-739.002 -455.846 
1291.92 -461.874 
1291.33 -462.878 
1292.01 -462.876 
395.9 -469.874 
-255.099 -470.863 
-549.11 -473.847 
395.329 -470.873 
396.013 -470.861 
-257.099 -472.844 
-255.185 -472.775 
-253.669 -472.728 
652.925 -476.863 
-549.676 -474.837 
-548.993 -474.836 
-255.242 -474.302 
652.355 -477.865 
653.017 -477.859 
-924.11 -481.863 
507.891 -482.857 
-924.669 -482.853 
-923.999 -482.849 
505.904 -484.862 
507.801 -484.781 
509.323 -484.725 
-1150.09 -489.861 
507.742 -486.283 
-1150.68 -490.861 
-1150 -490.867 
-1188.11 -509.854 
-149.092 -509.866 
-1188.67 -510.835 
-1188 -510.839 
-149.664 -510.867 
-148.984 -510.867 
926.908 -514.864 
926.331 -515.847 
927.014 -515.848 
1051.89 -518.869 
1051.34 -519.878 
1052 -519.885 
456.915 -527.869 
-1088.11 -531.861 
456.345 -528.869 
457.022 -528.876 
-1088.67 -532.862 
-1088 -532.862 
-514.109 -535.874 
1558.9 -535.857 
-958.129 -539.85 
-514.675 -536.872 
-513.997 -536.875 
1556.9 -537.839 
1558.81 -537.759 
1560.32 -537.705 
-958.658 -540.852 
-958.006 -540.854 
-911.089 -543.856 
1558.76 -539.289 
-911.647 -544.87 
-910.972 -544.875 
1239.89 -559.861 
941.888 -560.863 
-643.103 -561.866 
-882.092 -562.852 
1239.33 -560.864 
1240.01 -560.855 
941.328 -561.87 
942.001 -561.87 
-643.67 -562.855 
-642.992 -562.85 
-882.667 -563.846 
-881.997 -563.849 
-506.121 -566.864 
-506.696 -567.869 
-506.012 -567.872 
-93.0668 -581.865 
-140.101 -583.862 
-93.666 -582.856 
-92.9779 -582.847 
-140.671 -584.865 
-139.992 -584.862 
-73.1144 -587.862 
-73.6815 -588.845 
-73.0021 -588.853 
111.884 -626.854 
731.902 -626.853 
91.8906 -630.862 
111.322 -627.861 
111.992 -627.861 
731.349 -627.856 
732.015 -627.851 
1023.89 -630.856 
91.3386 -631.853 
91.9975 -631.858 
1023.34 -631.855 
1023.99 -631.856 
1167.88 -642.865 
1167.32 -643.842 
1167.99 -643.847 
510.922 -662.845 
510.346 -663.841 
511.021 -663.841 
-221.116 -667.838 
-221.661 -668.859 
-220.988 -668.858 
-188.094 -679.868 
-300.08 -683.858 
-280.089 -683.861 
-188.664 -680.865 
-187.981 -680.865 
-300.659 -684.853 
-299.981 -684.85 
-282.104 -685.864 
-280.171 -685.777 
-278.662 -685.719 
-755.094 -691.863 
-280.227 -687.296 
203.902 -693.852 
77.8755 -694.859 
-755.667 -692.868 
-754.988 -692.863 
203.347 -694.851 
204.014 -694.857 
77.3229 -695.863 
77.9945 -695.854 
1452.9 -700.855 
1452.33 -701.855 
1453 -701.854 
624.906 -705.863 
624.342 -706.855 
625.005 -706.865 
-31.0967 -722.849 
580.873 -722.87 
-31.6532 -723.862 
-31 -723.859 
580.319 -723.864 
580.99 -723.859 
548.914 -733.861 
889.885 -736.853 
548.354 -734.857 
549.017 -734.865 
887.907 -738.853 
889.822 -738.765 
891.327 -738.705 
889.78 -740.281 
989.915 -748.877 
-393.113 -749.86 
989.342 -749.876 
990.026 -749.881 
-845.087 -753.857 
-393.665 -750.861 
-393.008 -750.864 
14.8924 -756.857 
-847.098 -755.867 
-845.165 -755.774 
-843.665 -755.713 
14.3211 -757.875 
14.9937 -757.867 
-845.22 -757.301 
41.8874 -776.863 
801.921 -779.862 
41.3341 -777.855 
41.9977 -777.864 
1102.91 -780.869 
1144.93 -781.857 
262.924 -782.851 
801.329 -780.85 
802.011 -780.848 
1102.34 -781.877 
1103.01 -781.872 
1144.36 -782.859 
1145.01 -782.853 
262.351 -783.842 
263.009 -783.843 
110.909 -788.858 
297.887 -788.869 
110.332 -789.864 
111.01 -789.855 
297.317 -789.861 
298 -789.86 
959.898 -797.853 
266.902 -799.864 
959.345 -798.852 
960.016 -798.86 
266.34 -800.84 
267.017 -800.846 
779.894 -806.848 
777.902 -808.857 
779.812 -808.766 
781.338 -808.703 
-27.1034 -812.862 
779.756 -810.278 
-27.6614 -813.86 
-26.9901 -813.862 
1261.89 -818.841 
-480.113 -822.865 
1261.33 -819.856 
1262 -819.861 
508.906 -825.861 
738.911 -825.862 
-480.669 -823.866 
-479.887 -824.018 
1208.9 -827.853 
508.334 -826.875 
509.016 -826.872 
738.324 -826.87 
739.015 -826.869 
-478.612 -828.431 
-477.205 -829.511 
1208.33 -828.839 
1209 -828.836 
-213.118 -832.855 
-477.683 -831.018 
-476.976 -830.996 
-213.674 -833.86 
-213.001 -833.859 
-480.117 -846.868 
1627.57 -847.824 
-1381.11 -848.862 
1629.85 -848.891 
-480.667 -847.84 
-479.992 -847.847 
1625.36 -849.998 
-1383.1 -850.859 
-1381.18 -850.784 
-1379.68 -850.734 
1627.45 -851.304 
1629.91 -851.266 
-1381.22 -852.292 
1627.52 -853.404 
-1167.09 -860.858 
-1167.67 -861.869 
-1166.99 -861.871 
65.9063 -864.872 
65.3446 -865.865 
66.0226 -865.87 
710.282 -874.802 
713.212 -874.724 
709.326 -875.858 
711.698 -875.857 
714.11 -875.861 
757.894 -879.865 
757.334 -880.864 
758.013 -880.866 
-20.0639 -888.875 
-457.096 -889.838 
10.9216 -890.855 
-20.6718 -889.882 
-19.9812 -889.876 
-457.657 -890.842 
-456.987 -890.845 
10.3366 -891.829 
11.0344 -891.837 
195.908 -894.868 
-110.109 -896.862 
-603.073 -897.852 
-1416.12 -898.866 
195.342 -895.863 
196.015 -895.869 
-112.103 -898.849 
-110.186 -898.77 
-108.661 -898.718 
-603.656 -898.867 
-602.985 -898.866 
-45.0918 -901.867 
-1416.67 -899.872 
-1416 -899.87 
-110.237 -900.29 
361.905 -904.86 
1093.91 -904.87 
-45.6571 -902.875 
-44.9968 -902.87 
-943.099 -907.867 
359.903 -906.852 
361.819 -906.773 
363.327 -906.72 
1030.88 -908.865 
1093.32 -905.869 
1094.01 -905.864 
-943.666 -908.865 
-943.004 -908.876 
361.761 -908.294 
458.905 -912.853 
1030.32 -909.86 
1031.01 -909.865 
458.34 -913.871 
459.019 -913.873 
-6.11575 -927.862 
-6.67739 -928.849 
-5.99929 -928.855 
106.556 -931.818 
108.861 -932.908 
104.364 -934.003 
106.451 -935.318 
108.922 -935.278 
106.517 -937.397 
-576.091 -945.855 
-576.66 -946.85 
-575.992 -946.85 
11.8939 -956.865 
365.348 -957.958 
558.871 -959.866 
11.3376 -957.861 
12.0094 -957.858 
360.899 -960.381 
363.357 -960.135 
365.698 -959.459 
558.324 -960.864 
558.999 -960.874 
360.464 -961.999 
362.132 -962.257 
275.889 -980.873 
275.319 -981.861 
276.004 -981.861 
-498.093 -986.869 
-978.112 -989.86 
-498.665 -987.864 
-497.99 -987.86 
-978.669 -990.849 
-977.78 -991.048 
-973.173 -994.553 
-972.971 -996.705 
-971.999 -996.859 
1409.9 -1006.87 
550.918 -1007.87 
1082.93 -1008.85 
1409.33 -1007.88 
1410 -1007.87 
323.918 -1011.86 
550.342 -1008.88 
551.015 -1008.88 
1082.34 -1009.86 
1083.01 -1009.86 
323.338 -1012.85 
324.029 -1012.85 
1145.89 -1019.87 
-107.08 -1020.85 
1145.34 -1020.85 
1146.01 -1020.86 
-107.661 -1021.88 
-106.99 -1021.87 
-330.104 -1043.85 
-332.102 -1045.86 
-330.195 -1045.77 
-328.676 -1045.72 
-330.257 -1047.29 
470.918 -1053.87 
470.337 -1054.86 
471.025 -1054.86 
-114.087 -1062.87 
-116.099 -1064.88 
-114.171 -1064.78 
-112.672 -1064.72 
-114.228 -1066.29 
870.898 -1085.87 
-380.085 -1088.86 
870.339 -1086.86 
870.995 -1086.86 
-380.673 -1089.87 
-379.988 -1089.86 
-481.085 -1095.87 
-481.657 -1096.87 
-480.978 -1096.87 
27.9132 -1106.87 
27.3293 -1107.87 
28.0173 -1107.87 
1020.9 -1112.85 
1020.34 -1113.84 
1021 -1113.84 
635.904 -1117.85 
-1286.14 -1118.86 
635.334 -1118.86 
636.008 -1118.86 
-1286.68 -1119.86 
-1286.02 -1119.87 
-347.093 -1122.86 
-1432.09 -1123.85 
-482.129 -1126.85 
-349.106 -1124.87 
-347.179 -1124.78 
-345.662 -1124.72 
593.91 -1126.84 
-1432.66 -1124.82 
-1432 -1124.83 
-482.671 -1127.87 
-482.011 -1127.86 
-347.238 -1126.29 
591.908 -1128.87 
593.813 -1128.77 
595.325 -1128.7 
593.748 -1130.29 
-258.118 -1136.86 
-258.673 -1137.85 
-257.999 -1137.85 
-1204.09 -1170.87 
668.879 -1173.85 
-1204.66 -1171.87 
-1203.99 -1171.87 
24.9153 -1174.86 
668.34 -1174.85 
668.992 -1174.85 
24.3294 -1175.86 
25.0146 -1175.86 
-375.091 -1200.87 
-375.662 -1201.86 
-374.979 -1201.86 
-1115.1 -1218.85 
-1115.66 -1219.84 
-1114.99 -1219.85 
