-1183.43 1229.79 
-1182.6 1229.63 
-1181.6 1229.65 
-1180.57 1229.62 
-1179.63 1229.62 
519.9 1229.67 
520.407 1229.65 
521.407 1229.62 
522.393 1229.62 
523.402 1229.63 
-1183.1 1228.66 
-1182.56 1228.62 
-1181.62 1228.58 
-1180.55 1228.61 
-1179.64 1228.61 
-1178.72 1228.41 
518.9 1228.14 
519.598 1228.46 
520.402 1228.62 
521.398 1228.66 
522.41 1228.65 
523.4 1228.63 
524.246 1228.45 
-1181.97 1227.58 
-1180.59 1227.57 
-1179.02 1227.36 
520.255 1227.7 
521.418 1227.64 
523.057 1227.69 
-1181.24 1226.06 
-1179.98 1226.02 
521.749 1227.08 
-1003.12 1221.14 
-105.108 1220.15 
-1003.66 1220.12 
-1003 1220.12 
1374.91 1217.15 
-105.665 1219.15 
-105.004 1219.15 
146.915 1214.12 
-1225.12 1213.14 
440.901 1213.13 
1374.36 1216.13 
1375.02 1216.14 
146.341 1213.13 
147.012 1213.13 
-1225.68 1212.15 
-1225.02 1212.15 
440.319 1212.14 
441.005 1212.14 
1541.02 1203.14 
1540.41 1201.83 
1541.42 1201.71 
-83.1212 1195.15 
1561.91 1195.14 
-85.1051 1193.15 
-83.1874 1193.23 
-81.6708 1193.28 
1559.22 1192.64 
1561.72 1193.15 
1563.33 1193.3 
-83.2316 1191.71 
1555.64 1188.58 
1557.82 1189.85 
1561.16 1191.14 
-222.116 1186.15 
-943.117 1185.13 
111.902 1185.14 
860.911 1184.14 
1554.88 1185.72 
1556.23 1186.06 
-224.105 1184.15 
-222.189 1184.23 
-220.67 1184.28 
-943.671 1184.15 
-942.998 1184.15 
111.331 1184.14 
112.001 1184.14 
860.328 1183.11 
861.006 1183.11 
-363.086 1178.15 
-222.239 1182.71 
-106.084 1176.13 
-363.657 1177.14 
-362.979 1177.13 
-106.659 1175.12 
-105.991 1175.13 
1053.58 1169.18 
-22.1121 1168.13 
751.916 1168.15 
1055.86 1168.09 
1534.93 1167.13 
1051.35 1166.98 
-22.6681 1167.13 
-21.9894 1167.13 
751.332 1167.12 
752.01 1167.13 
1053.45 1165.69 
1055.93 1165.75 
1534.35 1166.15 
1535.02 1166.15 
-854.115 1161.15 
-754.11 1161.14 
1053.5 1163.6 
1437.56 1158.18 
-856.09 1159.15 
-854.177 1159.23 
-852.669 1159.29 
-754.691 1160.15 
-754 1160.15 
786.902 1157.13 
1439.86 1157.09 
1435.36 1155.99 
-854.22 1157.71 
784.891 1155.13 
786.817 1155.22 
788.339 1155.29 
1437.46 1154.7 
1439.94 1154.74 
786.758 1153.71 
-682.107 1148.13 
1096.89 1148.13 
1437.52 1152.6 
-682.662 1147.13 
-681.991 1147.14 
1094.89 1146.12 
1096.81 1146.22 
1098.33 1146.28 
1096.75 1144.7 
1066.9 1139.14 
-555.127 1137.15 
1066.34 1138.13 
1067 1138.13 
1293.89 1135.16 
-555.669 1136.15 
-554.997 1136.15 
1293.32 1134.15 
1294.01 1134.15 
-993.114 1130.14 
-175.11 1130.14 
-993.672 1129.16 
-992.995 1129.15 
-177.099 1128.16 
-175.192 1128.23 
-173.662 1128.28 
-175.248 1126.71 
1580.91 1121.16 
-1568.11 1120.13 
1580.33 1120.15 
1581 1120.15 
-1568.67 1119.13 
-1567.99 1119.13 
-197.067 1113.14 
-197.648 1112.14 
-196.968 1112.14 
916.908 1101.13 
-1068.1 1099.15 
916.34 1100.14 
917.011 1100.14 
-1068.66 1098.15 
-1067.99 1098.15 
869.897 1095.14 
897.905 1094.14 
869.335 1094.14 
870.014 1094.14 
1607.92 1091.14 
897.345 1093.13 
898.01 1093.13 
1313.87 1090.13 
832.896 1089.14 
1247.92 1088.14 
564.919 1087.14 
1607.34 1090.15 
1608.01 1090.15 
1313.32 1089.16 
1313.99 1089.15 
830.9 1087.15 
832.813 1087.23 
834.331 1087.29 
1247.36 1087.13 
1248.02 1087.13 
564.316 1086.14 
565.025 1086.14 
832.758 1085.72 
-1584.12 1077.14 
469.901 1077.15 
1140.91 1077.13 
525.895 1076.16 
-1584.69 1076.12 
-1584.01 1076.13 
469.332 1076.16 
470.009 1076.16 
1140.32 1076.12 
1141.01 1076.13 
525.332 1075.15 
526.001 1075.15 
-1399.09 1067.15 
-1399.65 1066.15 
-1398.98 1066.14 
-827.128 1061.13 
-958.091 1060.15 
1143.89 1058.15 
-827.673 1060.12 
-827.009 1060.12 
-958.662 1059.14 
-957.996 1059.14 
-716.109 1055.14 
29.9037 1054.16 
896.901 1054.15 
1143.33 1057.13 
1143.99 1057.13 
-1386.13 1052.13 
-716.675 1054.14 
-716.012 1054.13 
-504.119 1050.14 
29.3346 1053.15 
29.9999 1053.15 
896.324 1053.15 
896.998 1053.14 
681.907 1049.3 
-1386.68 1051.15 
-1386 1051.14 
-676.091 1046.15 
-504.677 1049.14 
-504.014 1049.14 
679.742 1047.16 
681.787 1047.27 
683.575 1047.35 
-676.654 1045.14 
-675.987 1045.14 
681.701 1045.49 
-1613.08 1036.12 
-1613.66 1035.13 
-1612.98 1035.13 
-375.109 1019.13 
-1071.09 1018.13 
-375.676 1018.16 
-374.992 1018.15 
-1071.67 1017.13 
-1070.99 1017.13 
-431.074 1014.14 
939.882 1014.14 
1043.9 1012.14 
-431.647 1013.13 
-430.979 1013.14 
937.888 1012.12 
939.81 1012.22 
941.325 1012.28 
1043.34 1011.15 
1044 1011.15 
939.762 1010.71 
1100.88 998.146 
1081.91 995.154 
1100.33 997.115 
1101 997.117 
-273.111 992.127 
1079.9 993.132 
1081.82 993.223 
1083.33 993.285 
-269.643 990.591 
-273.448 990.624 
1081.77 991.702 
-270.616 988.622 
-268.572 988.179 
-269.193 986.68 
-894.105 973.136 
1291.92 973.142 
-561.085 971.141 
-217.09 971.13 
196.921 971.149 
-894.676 972.152 
-893.996 972.146 
1291.34 972.158 
1292.01 972.157 
-561.65 970.135 
-560.987 970.129 
-217.661 970.114 
-216.97 970.112 
-149.108 967.143 
196.351 970.139 
197.012 970.147 
1280.92 965.137 
-151.1 965.138 
-149.183 965.231 
-147.666 965.294 
1280.34 964.124 
1281.01 964.13 
-149.234 963.698 
-242.08 958.154 
-242.666 957.164 
-241.981 957.165 
1179.89 945.145 
-1231.1 941.142 
1179.34 944.143 
1180 944.138 
-1233.1 939.143 
-1231.19 939.224 
-1229.67 939.279 
-1231.24 937.72 
-1621.11 930.134 
-1621.66 929.126 
-1620.99 929.127 
108.879 924.133 
-147.093 920.147 
108.328 923.13 
109.001 923.131 
-147.664 919.173 
-146.981 919.172 
-1028.08 908.127 
414.904 908.138 
-1030.11 906.133 
-1028.18 906.215 
-1026.67 906.27 
412.896 906.139 
414.812 906.226 
416.328 906.284 
-1028.24 904.712 
414.749 904.697 
-1108.11 895.146 
-1108.67 894.131 
-1108 894.131 
-867.119 874.144 
-869.102 872.137 
-867.196 872.225 
-865.686 872.285 
-867.247 870.714 
-907.093 864.144 
-1166.1 862.144 
-907.659 863.144 
-906.982 863.144 
1490.9 860.141 
713.911 859.131 
-1166.66 861.136 
-1165.99 861.137 
1490.34 859.17 
1491.03 859.158 
303.88 855.138 
713.326 858.125 
714.004 858.131 
303.322 854.126 
303.992 854.127 
1254.56 847.178 
1256.86 846.09 
1252.36 845.004 
1612.93 843.133 
1254.47 843.706 
1256.93 843.739 
1612.34 842.111 
1613.02 842.12 
1254.55 841.615 
-1289.09 831.139 
-1291.1 829.143 
-1289.17 829.223 
-1287.67 829.276 
1034.9 825.151 
791.875 824.142 
-1289.22 827.717 
1034.33 824.132 
1035.01 824.141 
789.9 822.162 
791.804 822.228 
793.321 822.272 
791.756 820.716 
-1451.12 814.155 
-1451.67 813.133 
-1451.01 813.14 
-314.107 800.153 
269.901 800.138 
-314.682 799.151 
-314.009 799.144 
269.337 799.152 
270.011 799.15 
649.872 796.148 
-68.0612 794.142 
649.326 795.156 
649.997 795.145 
-68.6542 793.136 
-67.9855 793.148 
870.868 765.152 
870.333 764.137 
870.983 764.143 
809.902 760.134 
809.336 759.155 
810.017 759.147 
214.894 755.147 
-1308.12 754.151 
-447.089 754.147 
269.907 753.138 
19.8681 752.128 
148.892 752.142 
-625.095 751.139 
214.328 754.142 
214.997 754.141 
-1308.68 753.153 
-1308.01 753.15 
-447.673 753.136 
-446.997 753.146 
-988.076 749.124 
267.906 751.124 
269.831 751.211 
271.339 751.269 
19.3237 751.143 
20.0039 751.133 
148.331 751.148 
149.001 751.159 
-625.668 750.137 
-625.004 750.144 
620.551 747.18 
-988.658 748.138 
-987.972 748.135 
269.781 749.705 
622.863 746.094 
618.361 745.004 
620.46 743.693 
622.929 743.722 
697.886 739.138 
620.533 741.608 
697.333 738.143 
698.009 738.144 
-64.1217 734.146 
-64.6763 733.142 
-64.0225 733.143 
1460.88 723.137 
509.881 719.149 
1460.33 722.144 
1461 722.148 
509.331 718.153 
509.991 718.145 
981.923 715.131 
1196.9 714.132 
981.345 714.146 
982.019 714.142 
1196.33 713.142 
1197.02 713.136 
1094.91 707.127 
1018.91 705.148 
1094.34 706.124 
1095.01 706.128 
1529.89 703.127 
1018.35 704.152 
1019.02 704.145 
1529.34 702.132 
1530 702.141 
1348.86 693.136 
608.895 692.148 
1348.33 692.132 
1348.99 692.133 
608.331 691.159 
609.001 691.161 
443.906 677.146 
1259.9 676.135 
-1252.11 673.15 
443.343 676.161 
444.016 676.157 
906.891 673.141 
1259.33 675.115 
1260 675.119 
1279.91 671.145 
-1252.66 672.16 
-1251.99 672.158 
904.897 671.122 
906.808 671.221 
908.325 671.289 
1279.34 670.138 
1280.01 670.137 
906.752 669.715 
1248.9 665.14 
1248.33 664.135 
1249 664.136 
1270.91 657.15 
1270.34 656.171 
1271.02 656.16 
-722.103 652.157 
950.908 651.133 
-722.647 651.165 
-721.984 651.158 
-59.1021 647.132 
950.331 650.132 
951.008 650.131 
-59.6668 646.145 
-58.9909 646.141 
-458.079 639.153 
-458.663 638.167 
-457.974 638.16 
-242.108 629.151 
-741.073 626.149 
-242.676 628.156 
-241.991 628.145 
-741.671 625.165 
-740.977 625.168 
526.904 622.142 
526.326 621.17 
527.011 621.163 
1300.92 618.143 
1300.35 617.137 
1301.01 617.139 
1096.92 610.138 
679.888 606.142 
1096.34 609.139 
1097.03 609.141 
679.323 605.14 
679.998 605.139 
-527.08 597.134 
-108.092 597.15 
-527.662 596.135 
-526.977 596.141 
-108.668 596.154 
-107.986 596.15 
-844.111 587.147 
-844.662 586.149 
-844.001 586.143 
416.892 582.152 
-1192.11 578.13 
415.06 580.078 
416.996 581.154 
-1001.09 577.14 
411.282 576.768 
-1192.67 577.132 
-1192.01 577.123 
412.708 576.72 
-1001.65 576.133 
-1000.99 576.129 
-516.123 573.144 
-1119.07 572.133 
717.909 571.141 
-516.657 572.119 
-516.012 572.11 
284.912 569.129 
-1119.66 571.118 
-1118.99 571.13 
129.905 567.148 
717.324 570.125 
718.008 570.127 
284.324 568.118 
285.019 568.121 
127.896 565.146 
129.83 565.219 
131.328 565.267 
129.779 563.707 
-969.091 531.13 
-641.115 531.148 
825.894 531.145 
-969.665 530.127 
-968.988 530.13 
-641.669 530.146 
-640.978 530.146 
825.336 530.148 
826.011 530.145 
-1096.42 525.18 
-1094.15 524.117 
-1098.64 522.994 
-1096.53 521.694 
-1094.08 521.734 
-434.102 516.135 
-1096.46 519.601 
-436.096 514.154 
-434.178 514.227 
-432.665 514.275 
667.881 509.15 
-434.229 512.7 
666.815 507.606 
667.901 507.603 
-1642.78 505.473 
-1641.56 505.14 
561.89 503.139 
-1642.61 504.643 
-1641.58 504.646 
-1642.61 503.637 
-1641.58 503.64 
-1641.42 503.607 
-358.101 500.147 
980.877 500.132 
-1642.59 501.629 
-1641.61 501.632 
561.322 502.148 
562 502.144 
-358.658 499.147 
-357.992 499.147 
980.328 499.164 
981.006 499.157 
68.5215 494.02 
66.4311 491.62 
67.8556 492.104 
67.0041 490.621 
-565.104 474.149 
-1103.09 471.14 
-565.668 473.117 
-564.989 473.126 
578.895 469.156 
-1506.09 468.137 
-1103.67 470.133 
-1102.98 470.139 
578.324 468.154 
579.013 468.148 
-1506.66 467.127 
-1505.99 467.123 
-329.1 464.145 
-329.67 463.133 
-328.997 463.132 
-1237.11 449.138 
-1237.66 448.125 
-1236.98 448.118 
-260.1 407.138 
-260.659 406.171 
-259.98 406.151 
-1218.09 398.141 
169.925 397.134 
-1218.65 397.125 
-1217.99 397.123 
169.344 396.16 
170.021 396.15 
188.916 389.138 
188.335 388.133 
189.02 388.126 
94.8926 380.155 
94.3185 379.157 
95.0012 379.16 
428.902 376.148 
313.889 374.149 
426.91 374.151 
428.822 374.231 
430.328 374.284 
-595.923 370.155 
313.335 373.151 
314.005 373.142 
285.9 368.149 
401.88 368.139 
428.768 372.706 
-596.56 368.723 
-595.475 368.596 
1588.89 365.137 
285.337 367.131 
286 367.145 
399.897 366.179 
401.812 366.234 
403.323 366.269 
1588.34 364.155 
1589 364.152 
-1089.09 360.136 
401.766 364.712 
-1089.67 359.142 
-1088.98 359.147 
671.881 353.14 
669.893 351.165 
671.807 351.239 
673.322 351.288 
-675.124 348.142 
-278.115 345.133 
671.756 349.725 
-677.086 346.156 
-675.185 346.233 
-673.677 346.286 
-280.104 343.135 
-278.188 343.223 
-276.669 343.283 
-675.227 344.703 
-339.108 339.15 
-602.106 338.144 
-278.238 341.71 
-339.662 338.134 
-339 338.136 
-604.099 336.138 
-602.192 336.219 
-600.677 336.274 
-330.083 334.127 
1438.89 332.161 
-602.249 334.706 
-330.67 333.117 
-329.993 333.115 
1438.34 331.155 
1438.99 331.155 
1455.91 320.139 
932.897 317.149 
-1421.11 316.135 
1455.31 319.145 
1456 319.152 
930.899 315.138 
932.807 315.233 
934.329 315.297 
-1423.1 314.144 
-1421.18 314.226 
-1419.67 314.282 
-155.084 312.138 
932.745 313.718 
-1421.23 312.727 
-155.657 311.122 
-154.993 311.126 
250.893 294.136 
250.338 293.141 
251.014 293.139 
-104.091 288.152 
-104.665 287.141 
-103.987 287.154 
-190.122 272.131 
-290.092 269.129 
-190.678 271.106 
-190.017 271.12 
-290.66 268.126 
-289.982 268.139 
807.911 255.142 
-327.085 254.129 
805.897 253.147 
807.822 253.23 
809.331 253.285 
-327.663 253.132 
-326.985 253.132 
807.761 251.711 
948.891 237.133 
948.326 236.137 
949.009 236.134 
1285.89 215.133 
376.913 213.157 
1283.9 213.141 
1285.81 213.225 
1287.33 213.282 
376.342 212.158 
377.005 212.156 
1285.75 211.705 
36.8871 206.146 
36.3202 205.121 
36.988 205.122 
-1501.1 190.134 
-555.099 187.14 
-1606.1 186.14 
-1501.66 189.133 
-1501.01 189.133 
-555.668 186.136 
-554.989 186.135 
-1606.68 185.136 
-1606 185.142 
793.897 181.148 
793.346 180.162 
794.016 180.157 
823.934 157.133 
823.343 156.139 
824.016 156.143 
-1541.12 149.135 
373.903 147.142 
-1541.67 148.142 
-1541 148.14 
373.33 146.13 
374.008 146.135 
-933.083 131.134 
-817.101 128.123 
-933.655 130.13 
-932.975 130.136 
-817.669 127.126 
-816.992 127.123 
1480.87 118.126 
1480.31 117.153 
1481 117.144 
309.893 106.158 
-1641.1 107.14 
-1642.62 106.14 
-1641.41 106.483 
-1640.64 105.811 
-1639.63 104.619 
-1642.62 104.64 
309.331 105.158 
310.002 105.154 
1599.9 102.136 
-1642.61 103.644 
-1642.6 102.625 
-1641.61 102.636 
-1640.6 102.629 
-1639.55 102.75 
-1642.58 100.637 
1599.34 101.14 
1600 101.138 
-1641.46 99.8197 
-862.084 91.1367 
-862.655 90.1202 
-861.988 90.1203 
1526.91 83.1388 
1526.34 82.1498 
1527.01 82.1516 
-598.114 76.1457 
863.883 76.1431 
-598.681 75.1517 
-598.002 75.1579 
863.328 75.173 
864.004 75.1599 
-239.127 67.1318 
848.91 64.1346 
1387.9 64.1413 
-239.678 66.1559 
-239.006 66.1539 
-918.086 60.1493 
848.333 63.1587 
849.007 63.1595 
1387.34 63.1468 
1388 63.1534 
-918.674 59.1557 
-918.002 59.1527 
-1590.11 52.1379 
1629.9 52.1454 
-164.124 49.141 
-1590.66 51.1421 
-1590 51.1449 
1629.33 51.1539 
1630 51.1603 
-164.668 48.1471 
-164.014 48.1417 
604.908 28.1297 
604.333 27.1338 
605.009 27.1368 
-1051.1 16.1399 
-1053.1 14.1462 
-1051.18 14.2302 
-1049.67 14.2867 
-1051.23 12.7154 
373.894 1.13402 
904.888 0.135972 
1079.88 -0.861953 
373.322 0.138779 
374.006 0.141953 
904.324 -0.863296 
905 -0.867202 
1079.32 -1.86391 
1079.99 -1.86696 
-1444.09 -15.8611 
315.895 -15.8466 
-1444.68 -16.8707 
-1444 -16.8635 
315.328 -16.8413 
316.005 -16.8382 
-1424.09 -24.86 
1052.88 -24.8687 
-1424.66 -25.8521 
-1424 -25.8529 
1052.32 -25.8659 
1053 -25.8718 
-156.077 -33.848 
-156.653 -34.8568 
-155.995 -34.856 
1270.9 -38.866 
-1410.11 -41.8416 
1270.33 -39.8705 
1271.01 -39.8685 
-1410.69 -42.8615 
-1409.99 -42.8537 
204.921 -51.8504 
204.338 -52.8652 
205.022 -52.8631 
-1278.1 -70.8607 
508.915 -73.8572 
-1280.1 -72.8858 
-1278.19 -72.7926 
-1276.67 -72.729 
508.327 -74.8635 
509.004 -74.8561 
-1278.24 -74.3008 
-1584.11 -81.8618 
-1584.68 -82.8566 
-1584 -82.8595 
-218.108 -86.8681 
-1186.1 -89.8624 
-218.664 -87.8461 
-217.981 -87.85 
-1186.66 -90.8522 
-1185.98 -90.8515 
635.904 -94.8533 
635.336 -95.8468 
636.002 -95.8607 
995.895 -100.875 
995.344 -101.866 
996.008 -101.87 
1207.9 -109.856 
1207.33 -110.848 
1208 -110.854 
-1199.12 -122.859 
-1199.66 -123.856 
-1199 -123.861 
214.903 -126.843 
214.318 -127.857 
215.004 -127.864 
1053.89 -136.874 
1053.34 -137.883 
1054.01 -137.885 
-477.08 -145.849 
-495.116 -146.862 
-477.662 -146.862 
-476.988 -146.859 
-495.682 -147.882 
-495.015 -147.877 
-50.0901 -154.861 
-140.081 -155.857 
-50.6669 -155.854 
-49.9849 -155.85 
-140.667 -156.853 
-139.989 -156.85 
267.882 -165.848 
267.33 -166.858 
268.003 -166.86 
1557.89 -172.854 
1557.34 -173.859 
1558 -173.856 
-1290.13 -178.864 
-1290.69 -179.857 
-1290 -179.862 
397.939 -186.865 
-344.12 -188.858 
397.354 -187.87 
398.028 -187.859 
-344.683 -189.871 
-343.996 -189.867 
538.894 -199.87 
1616.91 -201.847 
538.329 -200.88 
539.004 -200.878 
1616.33 -202.852 
1617.01 -202.846 
1121.92 -216.869 
-1173.11 -220.855 
1121.34 -217.863 
1122.02 -217.863 
-1173.66 -221.868 
-1173 -221.873 
-936.114 -224.863 
-936.67 -225.853 
-935.999 -225.855 
1217.91 -234.858 
-24.0796 -235.859 
1215.89 -236.86 
1217.82 -236.774 
1219.32 -236.716 
-24.6371 -236.88 
-23.9878 -236.878 
717.905 -242.842 
1217.76 -238.29 
717.327 -243.827 
717.997 -243.827 
-900.076 -253.861 
-902.096 -255.876 
-900.178 -255.779 
-898.659 -255.713 
-900.248 -257.283 
937.863 -268.85 
937.331 -269.865 
937.985 -269.868 
-152.078 -287.856 
-173.09 -288.863 
-301.108 -290.871 
-152.669 -288.885 
-151.998 -288.871 
-173.666 -289.866 
-172.998 -289.869 
-303.103 -292.88 
-301.192 -292.789 
-299.68 -292.727 
-183.087 -294.874 
-301.248 -294.286 
-183.676 -295.863 
-182.991 -295.852 
271.872 -304.854 
-366.094 -308.862 
271.31 -305.854 
271.993 -305.855 
-366.669 -309.873 
-365.99 -309.863 
-1298.11 -315.854 
-611.063 -318.852 
212.906 -318.864 
-1298.67 -316.858 
-1297.99 -316.862 
704.876 -321.869 
-611.659 -319.849 
-610.975 -319.84 
212.327 -319.861 
213.01 -319.867 
704.338 -322.858 
705.005 -322.862 
-1090.12 -327.877 
-1090.68 -328.88 
-1089.99 -328.881 
1410.89 -332.87 
1410.33 -333.868 
1411.02 -333.873 
-318.082 -349.849 
-318.663 -350.86 
-317.989 -350.855 
143.918 -361.853 
279.862 -363.871 
143.351 -362.865 
144.015 -362.861 
279.333 -364.864 
279.997 -364.871 
1123.91 -367.865 
1123.33 -368.843 
1124.01 -368.846 
-528.099 -375.865 
-530.105 -377.886 
-528.187 -377.793 
-526.679 -377.73 
-528.246 -379.293 
-1202.11 -384.868 
-1202.68 -385.865 
-1201.88 -386.036 
-1200.53 -390.634 
-1199.18 -391.616 
-1199.69 -392.99 
-1198.98 -392.961 
-1172.1 -398.861 
-1172.67 -399.864 
-1172 -399.863 
454.901 -402.862 
452.895 -404.863 
454.805 -404.774 
456.327 -404.712 
454.74 -406.284 
-447.079 -427.851 
-447.654 -428.875 
-446.995 -428.871 
-1224.11 -440.852 
-1226.11 -442.85 
-1224.18 -442.759 
-1222.67 -442.698 
-223.098 -445.837 
-1224.23 -444.288 
-223.656 -446.844 
-222.999 -446.845 
-753.075 -456.851 
-753.664 -457.862 
-752.977 -457.849 
-520.115 -462.853 
-520.685 -463.868 
-520.009 -463.86 
294.875 -497.86 
1448.89 -500.85 
294.324 -498.854 
294.996 -498.859 
1448.33 -501.874 
1448.99 -501.868 
-265.091 -508.866 
-265.655 -509.878 
-264.991 -509.881 
-139.102 -520.849 
-139.672 -521.864 
-139.003 -521.856 
-129.097 -528.862 
-131.104 -530.852 
-129.179 -530.771 
-127.675 -530.717 
-257.11 -535.869 
-193.101 -535.851 
-129.236 -532.284 
-990.064 -538.866 
-257.665 -536.85 
-256.998 -536.854 
-193.661 -536.852 
-192.994 -536.854 
-990.646 -539.845 
-989.979 -539.846 
1071.89 -562.842 
1118.91 -565.843 
1071.34 -563.828 
1071.99 -563.834 
1118.34 -566.854 
1119 -566.847 
-1105.14 -573.855 
-864.078 -574.863 
-1105.68 -574.839 
-1105.01 -574.853 
-1625.09 -578.881 
-864.649 -575.858 
-863.979 -575.861 
-1625.67 -579.881 
-1624.99 -579.881 
1262.91 -583.855 
1262.34 -584.856 
1263.02 -584.859 
423.889 -598.865 
1069.89 -600.847 
423.329 -599.875 
423.994 -599.872 
-1122.1 -603.868 
1069.33 -601.841 
1070 -601.845 
1009.89 -605.873 
256.922 -606.865 
-1124.09 -605.889 
-1122.19 -605.789 
-1120.67 -605.721 
1009.33 -606.869 
1010.01 -606.866 
256.329 -607.875 
257.023 -607.859 
-1122.25 -607.301 
582.898 -632.885 
582.323 -633.857 
583.007 -633.856 
-56.095 -641.854 
-56.6709 -642.854 
-56.0028 -642.85 
-841.096 -646.862 
-841.658 -647.864 
-840.992 -647.868 
1125.89 -652.865 
1125.32 -653.882 
1126 -653.883 
-568.083 -667.862 
1029.91 -669.864 
-568.644 -668.858 
-567.977 -668.852 
1027.91 -671.861 
1029.83 -671.777 
1031.33 -671.721 
1029.77 -673.286 
1044.89 -677.864 
1044.33 -678.862 
1045.01 -678.857 
527.896 -688.865 
527.323 -689.871 
528.002 -689.874 
-762.119 -704.863 
-762.676 -705.856 
-762.01 -705.864 
707.907 -721.869 
-1381.1 -724.854 
707.336 -722.86 
708.022 -722.858 
921.876 -726.85 
-1381.66 -725.867 
-1380.99 -725.866 
821.913 -730.851 
921.307 -727.842 
921.993 -727.831 
819.893 -732.854 
821.815 -732.768 
823.326 -732.709 
821.749 -734.284 
-1440.09 -746.857 
998.912 -748.87 
-1440.66 -747.855 
-1439.99 -747.855 
-614.123 -751.864 
998.344 -749.868 
999.018 -749.864 
-614.688 -752.855 
-614.008 -752.857 
1193.9 -760.86 
1193.33 -761.86 
1194 -761.868 
-1425.09 -772.855 
-1425.66 -773.837 
-1424.98 -773.851 
1490.88 -782.853 
1050.88 -783.844 
1025.88 -785.847 
1488.9 -784.834 
1490.81 -784.763 
1492.32 -784.716 
-1145.11 -787.855 
1050.33 -784.859 
1051 -784.863 
1025.33 -786.838 
1026 -786.839 
1490.77 -786.294 
-1145.66 -788.852 
-1144.99 -788.855 
-1012.1 -801.866 
-1014.1 -803.866 
-1012.18 -803.788 
-1010.67 -803.735 
457.914 -806.881 
-1012.24 -805.294 
455.894 -808.876 
457.821 -808.786 
459.336 -808.723 
457.757 -810.285 
-212.076 -819.848 
499.929 -820.861 
-212.666 -820.845 
-211.987 -820.838 
499.342 -821.866 
500.019 -821.859 
376.918 -831.861 
374.912 -833.883 
376.826 -833.777 
378.333 -833.706 
376.763 -835.3 
-301.087 -858.858 
-301.66 -859.859 
-300.988 -859.861 
842.897 -863.857 
842.331 -864.879 
843.006 -864.874 
366.901 -887.874 
373.67 -889.791 
366.33 -888.867 
367.825 -889.219 
373.05 -890.607 
-680.101 -897.872 
-492.07 -900.87 
-680.67 -898.861 
-679.992 -898.861 
-492.653 -901.876 
-491.987 -901.875 
-1.07986 -912.847 
-939.115 -916.856 
-1.65652 -913.829 
-0.979028 -913.83 
-151.101 -917.861 
-939.669 -917.843 
-938.995 -917.845 
-151.664 -918.855 
-150.997 -918.852 
807.077 -927.859 
810.956 -928.665 
94.9051 -929.868 
806.322 -928.858 
808.611 -929.334 
811.562 -929.705 
-1473.13 -933.862 
94.324 -930.852 
95.01 -930.845 
669.895 -934.857 
287.893 -936.868 
-1475.11 -935.844 
-1473.21 -935.763 
-1471.68 -935.708 
669.337 -935.861 
669.998 -935.864 
287.339 -937.862 
288.001 -937.862 
-1473.26 -937.29 
1553.87 -967.862 
1553.32 -968.876 
1553.99 -968.872 
-454.062 -989.88 
-454.661 -990.877 
-453.972 -990.868 
621.891 -996.866 
621.334 -997.865 
622.006 -997.861 
-756.089 -1018.86 
-756.659 -1019.86 
-755.998 -1019.86 
667.901 -1025.86 
667.333 -1026.86 
667.999 -1026.87 
1621.92 -1038.87 
1621.34 -1039.86 
1622.01 -1039.85 
-1019.1 -1067.86 
-1019.66 -1068.85 
-1018.99 -1068.85 
849.9 -1111.86 
849.336 -1112.85 
850.016 -1112.86 
-267.096 -1131.86 
-267.66 -1132.87 
-267.002 -1132.87 
-40.1186 -1138.86 
-40.6687 -1139.87 
-39.9976 -1139.87 
197.888 -1156.86 
-1623.08 -1158.87 
197.327 -1157.86 
197.996 -1157.87 
-1623.67 -1159.87 
-1622.98 -1159.86 
-162.098 -1174.86 
-164.099 -1176.87 
-162.19 -1176.77 
-160.664 -1176.71 
-162.251 -1178.28 
992.876 -1183.84 
-362.1 -1185.86 
-812.102 -1187.87 
992.328 -1184.85 
992.993 -1184.85 
-362.661 -1186.88 
-361.99 -1186.88 
-812.662 -1188.85 
-811.997 -1188.84 
-289.093 -1201.85 
-289.674 -1202.87 
-288.988 -1202.86 
-1044.1 -1221.85 
-1044.65 -1222.86 
-1043.99 -1222.86 
619.889 -1230.22 
616.9 -1231.86 
617.567 -1231.53 
618.411 -1231.39 
619.39 -1231.38 
620.398 -1231.33 
621.405 -1231.36 
622.218 -1231.53 
