-994.1 1228.14 
-995.6 1226.62 
-994.531 1226.78 
-993.243 1226.83 
-995.735 1225.12 
-994.202 1225.23 
-993.028 1225.3 
-994.083 1224.58 
-22.1172 1213.14 
-22.6608 1212.14 
-21.9805 1212.14 
577.911 1202.15 
577.343 1201.13 
578.016 1201.13 
1219.91 1162.14 
684.884 1161.14 
1219.34 1161.15 
1220.02 1161.14 
684.329 1160.13 
685.01 1160.12 
545.917 1152.15 
545.342 1151.12 
546.003 1151.13 
525.918 1137.14 
525.335 1136.12 
526.012 1136.13 
475.903 1111.15 
475.337 1110.15 
476.022 1110.15 
-478.101 1105.13 
99.9042 1105.15 
-478.669 1104.14 
-477.984 1104.14 
99.3391 1104.15 
100.007 1104.14 
-177.116 1093.14 
-177.665 1092.14 
-176.997 1092.14 
-693.09 1086.13 
523.903 1084.13 
-693.67 1085.14 
-692.99 1085.13 
523.328 1083.12 
524.007 1083.12 
1626.89 1078.14 
576.894 1077.14 
1626.34 1077.14 
1627.01 1077.14 
576.334 1076.14 
577.005 1076.14 
410.906 1068.14 
-1356.13 1064.14 
410.323 1067.14 
411.011 1067.14 
-1356.68 1063.13 
-1356 1063.13 
530.928 1059.14 
530.341 1058.12 
531.005 1058.12 
1118.85 1042.14 
1118.33 1041.14 
1118.99 1041.14 
408.913 1036.14 
685.9 1036.13 
408.335 1035.14 
409.006 1035.15 
685.331 1035.14 
686.015 1035.14 
310.901 1015.14 
310.33 1014.14 
311.017 1014.13 
496.914 1009.12 
496.336 1008.13 
497.004 1008.14 
-108.099 1001.14 
-372.117 1000.13 
-108.673 1000.13 
-108.002 1000.13 
-372.672 999.143 
-372.007 999.135 
-79.0993 993.154 
-584.106 992.138 
-79.6631 992.154 
-78.9928 992.147 
-584.671 991.135 
-584.003 991.135 
220.899 983.158 
626.89 981.153 
220.342 982.159 
221.008 982.157 
626.347 980.149 
627.013 980.145 
1399.91 962.14 
1397.9 960.124 
1399.81 960.218 
1401.33 960.283 
1399.75 958.707 
-1492.09 938.149 
-1624.11 936.149 
-1492.66 937.136 
-1491.99 937.145 
-1624.68 935.156 
-1624 935.16 
520.889 930.142 
520.34 929.149 
520.996 929.158 
-1254.08 920.143 
-1256.09 918.135 
-1254.18 918.219 
-1252.67 918.275 
-1254.24 916.713 
299.927 902.141 
299.337 901.127 
300.012 901.131 
-421.086 882.137 
1341.9 882.137 
-421.668 881.137 
-420.992 881.136 
1339.9 880.133 
1341.81 880.223 
1343.33 880.284 
-395.106 874.138 
1341.75 878.697 
-395.664 873.127 
-394.995 873.125 
-1616.1 864.137 
-1616.68 863.126 
-1616 863.133 
6.90378 859.142 
6.33103 858.129 
7.01548 858.129 
-1208.08 849.142 
-1208.65 848.139 
-1207.98 848.136 
168.892 841.146 
168.328 840.145 
168.986 840.145 
-505.109 826.142 
-970.09 825.148 
-505.672 825.138 
-505.012 825.141 
-970.651 824.13 
-969.99 824.133 
1023.9 818.144 
1023.33 817.137 
1024 817.143 
111.902 804.136 
111.343 803.131 
112.012 803.128 
-411.103 786.146 
-411.65 785.135 
-410.993 785.13 
-91.1065 780.141 
-91.6586 779.138 
-90.9977 779.14 
-315.114 765.136 
-317.101 763.121 
-315.194 763.215 
-313.673 763.28 
-315.247 761.711 
446.898 756.148 
446.328 755.159 
446.999 755.155 
-868.083 750.146 
-868.66 749.14 
-867.992 749.149 
547.912 737.152 
547.344 736.144 
548.014 736.136 
-1274.11 726.146 
-1274.68 725.157 
-1273.99 725.15 
280.887 708.14 
-694.102 705.153 
280.319 707.138 
281.002 707.138 
-694.653 704.152 
-694.005 704.152 
-143.107 682.134 
-638.103 679.141 
-143.661 681.153 
-143.002 681.151 
-638.665 678.159 
-637.997 678.15 
-1012.07 586.144 
-209.135 583.124 
-1014.1 584.125 
-1012.18 584.219 
-1010.67 584.283 
-786.105 581.148 
-209.68 582.154 
-209.001 582.151 
-1012.25 582.7 
-786.674 580.145 
-786.011 580.147 
-146.088 574.152 
-146.665 573.166 
-145.984 573.158 
658.899 570.135 
763.924 567.136 
658.334 569.135 
659.011 569.138 
763.335 566.13 
764.029 566.137 
233.896 559.139 
233.331 558.153 
234.011 558.147 
-259.076 505.151 
-259.667 504.153 
-258.981 504.149 
1190.87 496.147 
1190.32 495.146 
1191 495.131 
-939.121 489.132 
-939.686 488.14 
-939 488.148 
1071.9 469.136 
1071.34 468.117 
1072 468.118 
-250.125 444.147 
443.903 441.143 
-250.676 443.128 
-250.015 443.136 
443.339 440.132 
444.007 440.132 
-484.102 422.14 
-486.105 420.166 
-484.188 420.237 
-482.67 420.284 
522.892 418.151 
-484.247 418.72 
522.343 417.133 
522.994 417.135 
1334.9 414.141 
1334.33 413.129 
1335.01 413.135 
1532.89 408.135 
1532.32 407.137 
1533.01 407.129 
-1180.09 398.135 
-1180.66 397.118 
-1179.99 397.121 
768.886 375.128 
768.313 374.12 
769.004 374.12 
117.9 361.155 
117.337 360.151 
118.025 360.147 
472.588 354.181 
474.873 353.104 
998.909 352.142 
470.363 351.986 
472.461 350.682 
474.931 350.733 
996.894 350.133 
998.82 350.224 
1000.33 350.286 
472.524 348.608 
998.759 348.718 
676.944 339.138 
467.932 337.141 
676.351 338.128 
677.028 338.141 
-1168.09 334.136 
467.354 336.131 
468.007 336.127 
-1168.67 333.125 
-1167.99 333.124 
-1049.08 318.144 
-1028.08 317.14 
-1049.67 317.134 
-1048.98 317.134 
-1028.65 316.156 
-1027.98 316.152 
-1363.1 311.136 
-1363.67 310.144 
-1363 310.143 
-1211.07 304.145 
-1211.66 303.136 
-1210.99 303.144 
1417.91 264.148 
754.89 262.129 
1417.33 263.127 
1418 263.135 
754.309 261.131 
755.001 261.129 
1109.91 257.139 
1109.34 256.139 
1110.01 256.14 
682.947 248.156 
147.909 245.148 
682.352 247.147 
683.033 247.154 
145.906 243.137 
147.817 243.226 
149.326 243.286 
147.754 241.717 
-364.108 231.147 
-364.661 230.155 
-363.985 230.143 
-905.086 188.138 
-1547.08 186.142 
-905.663 187.144 
-904.988 187.145 
-1547.64 185.152 
-1546.99 185.145 
-1310.1 180.143 
-1310.67 179.157 
-1309.99 179.156 
-745.108 176.145 
-745.664 175.144 
-744.99 175.143 
16.8989 169.142 
16.3412 168.163 
17.023 168.162 
233.913 159.155 
233.343 158.145 
234.008 158.149 
-152.085 151.131 
-152.672 150.135 
-151.998 150.136 
835.895 142.141 
833.896 140.142 
835.814 140.22 
837.327 140.273 
835.76 138.706 
-495.104 132.139 
125.897 132.132 
-497.097 130.141 
-495.186 130.22 
-493.672 130.273 
125.334 131.143 
126.014 131.133 
-495.242 128.701 
294.888 100.153 
294.333 99.1517 
294.987 99.1582 
1239.91 93.1313 
1239.35 92.1244 
1240.02 92.1311 
319.891 82.1429 
-1255.43 80.1721 
-1253.13 79.1002 
319.324 81.1328 
320 81.1335 
-1257.63 78.0021 
-1255.55 76.6974 
-1253.07 76.7461 
-1255.48 74.6102 
754.892 67.1301 
-1436.12 63.1572 
754.333 66.1263 
755.008 66.1246 
-1436.68 62.1489 
-1436.01 62.1549 
607.9 58.1555 
607.325 57.1606 
608.004 57.1648 
-1000.1 40.1434 
-1000.66 39.1318 
-999.998 39.1413 
380.911 28.1387 
-1325.1 24.134 
380.338 27.1445 
381.009 27.1499 
263.908 22.1299 
-1325.65 23.1183 
-1324.99 23.1113 
261.905 20.1446 
263.814 20.229 
265.349 20.2865 
591.874 17.1506 
48.8966 15.141 
263.749 18.723 
589.896 15.1594 
591.8 15.2241 
593.32 15.2678 
48.3375 14.1265 
49.0062 14.1288 
591.752 13.7184 
-264.108 0.135972 
-266.105 -1.8777 
-264.191 -1.78432 
-262.689 -1.72072 
-264.247 -3.29542 
-256.111 -13.86 
-256.659 -14.8518 
-255.991 -14.8578 
-1050.08 -35.8513 
-1050.66 -36.8355 
-1049.98 -36.8414 
-1491.08 -43.8569 
-1491.66 -44.876 
-1490.98 -44.8601 
1584.88 -47.8633 
1582.91 -49.8583 
1584.81 -49.7789 
1586.34 -49.724 
1584.76 -51.2892 
1574.91 -66.8445 
1574.34 -67.8554 
1575.01 -67.8522 
-580.119 -71.8494 
-580.678 -72.8655 
-580.016 -72.8632 
-870.103 -87.8477 
-457.105 -90.8482 
-870.663 -88.8666 
-869.996 -88.8595 
-457.661 -91.859 
-456.999 -91.8548 
1089.9 -105.851 
1089.34 -106.876 
1089.99 -106.872 
-1448.11 -110.846 
-1448.67 -111.841 
-1448 -111.849 
79.8976 -121.861 
77.8987 -123.875 
79.811 -123.785 
81.3437 -123.722 
79.7535 -125.29 
-670.099 -137.854 
-670.656 -138.852 
-669.992 -138.857 
615.903 -150.868 
615.333 -151.873 
616.017 -151.873 
-937.105 -171.858 
-937.676 -172.858 
-936.998 -172.87 
485.907 -176.853 
483.907 -178.843 
485.829 -178.77 
487.33 -178.721 
485.775 -180.299 
271.873 -193.853 
271.321 -194.841 
271.998 -194.848 
-1604.1 -201.856 
-1604.68 -202.857 
-1604 -202.855 
1247.89 -211.842 
1247.33 -212.822 
1248 -212.828 
-1459.09 -221.849 
-1459.66 -222.861 
-1459.01 -222.85 
-1279.1 -233.874 
-662.095 -234.85 
945.886 -234.881 
-1279.67 -234.859 
-1278.99 -234.853 
-662.663 -235.846 
-662.002 -235.848 
945.321 -235.874 
946.002 -235.875 
683.928 -245.871 
326.904 -248.868 
683.34 -246.856 
684.022 -246.857 
326.336 -249.868 
327.012 -249.875 
-1427.1 -279.861 
-1427.66 -280.868 
-1426.99 -280.865 
-849.077 -321.87 
133.89 -321.873 
-849.668 -322.878 
-848.979 -322.873 
133.331 -322.86 
133.992 -322.86 
690.889 -325.864 
690.325 -326.868 
691.016 -326.865 
321.915 -332.866 
321.328 -333.857 
322.018 -333.859 
1420.89 -346.854 
1420.32 -347.852 
1421.01 -347.858 
741.899 -358.854 
404.885 -359.851 
378.883 -361.843 
741.328 -359.855 
742.001 -359.862 
404.315 -360.867 
404.994 -360.859 
378.321 -362.856 
378.993 -362.864 
-766.058 -370.855 
-1458.1 -371.841 
-766.662 -371.844 
-765.981 -371.845 
-1458.67 -372.848 
-1458 -372.843 
-646.111 -381.859 
-1437.1 -383.859 
-646.669 -382.857 
-645.991 -382.856 
-1437.66 -384.859 
-1436.99 -384.853 
-131.105 -388.86 
-131.66 -389.871 
-130.999 -389.863 
1088.89 -409.856 
1086.9 -411.866 
1088.81 -411.777 
1090.33 -411.716 
1088.75 -413.288 
-790.11 -418.866 
1042.88 -420.849 
-790.673 -419.865 
-790.001 -419.874 
618.883 -424.868 
1042.33 -421.84 
1043 -421.845 
618.324 -425.854 
619 -425.848 
1161.92 -431.864 
1161.33 -432.872 
1162.02 -432.866 
505.868 -440.865 
505.303 -441.871 
505.991 -441.876 
132.902 -453.856 
132.331 -454.858 
133.009 -454.853 
377.891 -466.866 
377.322 -467.858 
378.012 -467.86 
-1344.13 -486.844 
1468.56 -488.822 
-1344.68 -487.852 
-1344.02 -487.849 
1470.88 -489.904 
-667.113 -491.86 
993.915 -491.866 
1159.92 -491.863 
1466.36 -491.002 
1468.45 -492.298 
1470.93 -492.251 
-667.676 -492.862 
-667.008 -492.86 
993.34 -492.87 
994.01 -492.866 
1159.35 -492.855 
1160.02 -492.855 
1468.52 -494.386 
-1615.07 -501.847 
-1617.1 -503.883 
-1615.17 -503.779 
-1613.68 -503.707 
-1615.24 -505.295 
-377.105 -514.857 
-377.669 -515.849 
-376.999 -515.846 
-861.077 -519.851 
-861.653 -520.852 
-860.976 -520.848 
-850.103 -547.861 
-852.103 -549.866 
-850.175 -549.787 
-848.664 -549.733 
1618.89 -552.873 
-850.224 -551.288 
1618.32 -553.872 
1619 -553.874 
-1498.12 -567.862 
-1498.67 -568.863 
-1498 -568.864 
582.895 -575.864 
582.341 -576.862 
583.014 -576.864 
1409.93 -581.846 
243.877 -582.855 
1409.35 -582.844 
1410.03 -582.842 
243.326 -583.873 
243.99 -583.876 
-1081.1 -602.855 
-1081.66 -603.858 
-1080.98 -603.853 
-731.082 -648.861 
-731.668 -649.86 
-730.994 -649.861 
424.888 -653.837 
424.334 -654.849 
424.986 -654.845 
-131.081 -669.867 
-131.67 -670.872 
-130.987 -670.863 
-747.095 -692.865 
-749.108 -694.882 
-747.194 -694.781 
-745.66 -694.709 
-747.262 -696.292 
516.902 -704.872 
516.332 -705.868 
517.023 -705.866 
136.91 -716.871 
136.335 -717.876 
137.018 -717.863 
1525.9 -727.846 
1525.33 -728.856 
1525.99 -728.854 
1445.91 -734.848 
-842.104 -738.85 
1445.34 -735.854 
1446.01 -735.85 
-842.679 -739.854 
-841.988 -739.853 
1175.9 -772.87 
1175.33 -773.842 
1176.02 -773.847 
-255.126 -790.866 
-255.682 -791.861 
-255.004 -791.867 
-50.1011 -805.851 
-50.6665 -806.865 
-49.9877 -806.872 
-1135.12 -818.85 
-1137.1 -820.855 
-1135.19 -820.767 
-1133.68 -820.708 
-545.12 -822.879 
-1135.24 -822.294 
-545.68 -823.877 
-545.012 -823.876 
809.89 -840.853 
-851.095 -842.86 
809.33 -841.841 
809.986 -841.844 
-121.095 -845.882 
-851.666 -843.873 
-851.007 -843.866 
-121.667 -846.884 
-120.986 -846.87 
-1105.1 -862.849 
-954.106 -863.854 
-1105.65 -863.833 
-1104.98 -863.834 
-954.664 -864.858 
-953.997 -864.862 
-675.108 -893.862 
-675.659 -894.864 
-674.993 -894.86 
1593.89 -924.863 
-1445.1 -927.87 
1593.34 -925.872 
1594.01 -925.878 
-1445.67 -928.886 
-1445 -928.888 
752.905 -935.864 
752.346 -936.859 
753.02 -936.863 
-867.096 -956.86 
-479.107 -959.869 
-869.093 -958.857 
-867.182 -958.773 
-865.672 -958.716 
-303.071 -960.852 
-479.673 -960.87 
-478.998 -960.872 
-867.24 -960.296 
-303.657 -961.863 
-302.968 -961.861 
-1078.09 -965.868 
-1078.66 -966.855 
-1077.98 -966.862 
-1312.1 -977.87 
-1312.66 -978.877 
-1312 -978.871 
-1427.1 -994.871 
-911.073 -995.866 
139.926 -997.869 
-1427.67 -995.857 
-1427.01 -995.851 
-911.662 -996.871 
-910.978 -996.868 
139.327 -998.887 
140.011 -998.874 
-124.102 -1007.86 
343.883 -1007.85 
-126.098 -1009.87 
-124.18 -1009.79 
-122.674 -1009.73 
343.321 -1008.87 
343.997 -1008.87 
-124.232 -1011.29 
1075.9 -1032.87 
1075.34 -1033.87 
1076.01 -1033.87 
318.885 -1052.86 
318.334 -1053.85 
319.009 -1053.86 
1367.9 -1060.86 
1367.33 -1061.86 
1368.01 -1061.86 
-927.1 -1067.87 
-929.101 -1069.86 
-927.173 -1069.77 
-925.666 -1069.72 
-927.223 -1071.29 
-271.097 -1086.86 
-273.107 -1088.86 
-271.182 -1088.78 
-269.676 -1088.72 
-271.239 -1090.29 
1634.27 -1098.78 
1634.34 -1099.85 
-1461.08 -1137.86 
-1461.66 -1138.85 
-1460.98 -1138.84 
-294.108 -1147.86 
1424.88 -1149.86 
-294.676 -1148.83 
-293.983 -1148.83 
656.889 -1152.87 
1424.34 -1150.85 
1425.01 -1150.86 
656.338 -1153.86 
657.009 -1153.87 
148.914 -1177.87 
148.331 -1178.87 
149.023 -1178.88 
-833.088 -1218.85 
-833.652 -1219.85 
-832.978 -1219.85 
