997.893 1201.14 
1145.92 1199.14 
-1077.09 1174.14 
211.89 1174.14 
1217.9 1173.14 
-1472.09 1167.15 
-1141.09 1161.14 
474.884 1153.12 
1008.91 1151.15 
1488.91 1125.13 
1094.89 1123.14 
1441.42 1119.9 
1410.9 1118.15 
288.893 1099.15 
1425.03 1096.07 
1431.99 1095.14 
1258.89 1078.13 
531.911 1067.15 
-140.096 1056.15 
-1221.11 1052.15 
-754.084 1052.15 
-147.103 1031.12 
744.904 1022.14 
-62.1112 1020.15 
1064.9 1010.13 
-500.113 993.129 
-1405.09 991.136 
1263.88 989.124 
1231.87 981.152 
-406.106 976.134 
-367.104 971.133 
1130.9 969.137 
1089.9 968.154 
180.887 961.129 
796.904 953.15 
1351.9 932.137 
66.8827 929.013 
-282.106 923.138 
915.898 920.134 
68.4983 926.475 
717.894 915.14 
-1091.08 885.152 
-224.1 879.15 
410.295 874.223 
-338.105 870.119 
498.926 869.148 
418.891 869.261 
1149.91 866.143 
1377.9 859.161 
424.354 857.606 
1315.92 852.123 
763.901 846.123 
1049.8 840.671 
189.886 836.132 
-632.107 808.14 
740.906 801.143 
1134.19 799.217 
1139.23 797.153 
1244.91 794.145 
57.9114 794.13 
1485.91 793.146 
314.92 787.143 
1172.87 785.139 
1183.9 766.136 
-424.132 765.17 
1379.9 760.139 
1518.9 758.141 
1203.9 748.14 
-270.115 745.14 
-685.09 740.138 
-1151.12 739.156 
284.888 739.123 
931.918 738.137 
1125.91 733.14 
1453.91 719.128 
888.916 705.147 
1272.9 705.149 
1454.8 711.711 
1205.9 703.132 
1354.9 688.128 
-1550.1 684.131 
-1005.09 674.154 
1237.89 673.129 
848.911 662.141 
1187.92 658.135 
1296.88 648.135 
145.907 629.116 
1229.76 621.706 
1097.91 612.144 
1227.24 619.476 
1535.9 612.154 
1306.9 600.151 
553.268 588.579 
452.895 588.136 
-729.098 581.126 
236.898 581.145 
86.8928 580.13 
636.901 563.152 
-837.094 560.147 
-785.09 549.146 
970.905 544.145 
1505.9 544.146 
304.91 537.148 
-24.1243 536.124 
1265.9 531.148 
1526.9 520.155 
1477.9 519.142 
777.867 511.13 
1059.9 505.128 
-927.088 500.148 
842.891 492.152 
911.89 489.141 
-1106.09 485.131 
1211.93 480.147 
-1152.11 468.135 
982.899 461.162 
1577.91 448.147 
589.907 446.142 
-1007.08 441.165 
-22.099 438.132 
850.922 437.159 
-849.112 436.14 
1005.88 435.148 
881.899 430.141 
-190.106 431.14 
528.904 430.14 
1596.9 425.149 
-198.777 413.692 
-1327.1 412.135 
-710.086 409.128 
1514.9 395.142 
-13.1049 395.129 
-312.095 392.147 
116.884 388.163 
1211.91 383.13 
1022.92 369.155 
259.917 357.11 
1095.89 353.13 
-1436.13 351.154 
448.892 347.149 
1025.9 332.135 
85.8713 333.145 
-761.103 327.11 
30.9267 327.147 
854.9 322.117 
1065.08 318.234 
471.859 318.105 
1064.86 314.942 
-1144.1 307.136 
470.385 316.429 
334.899 306.153 
1064.55 302.147 
39.8713 292.135 
1000.89 284.141 
-772.096 279.13 
-1158.1 278.139 
897.094 270.144 
668.904 267.135 
779.911 266.137 
-1290.11 262.129 
879.916 259.159 
-579.119 258.128 
-417.088 258.131 
1357.89 256.142 
1520.91 247.143 
-1349.08 245.139 
1416.9 240.139 
-1553.09 227.141 
479.902 227.141 
1454.9 223.124 
594.916 211.141 
-513.112 196.155 
-270.101 194.124 
251.921 181.144 
1059.9 178.13 
-950.104 177.128 
61.9031 170.139 
193.911 170.153 
1330.57 157.9 
-232.112 159.156 
1017.9 157.133 
995.899 153.136 
718.895 150.136 
519.881 149.142 
1330.46 156.683 
-1324.1 147.15 
-543.104 145.146 
541.902 126.129 
1130.9 125.142 
471.903 119.142 
589.896 84.1399 
1357.88 71.1554 
145.884 63.1489 
506.894 58.1648 
700.885 50.1355 
1191.91 47.13 
1564.88 46.1294 
235.901 36.138 
182.905 28.154 
-122.1 15.1252 
274.919 -7.8788 
417.899 -10.8707 
-22.1244 -16.865 
978.9 -17.8502 
1045.9 -22.8585 
-1378.09 -28.8716 
637.894 -31.8642 
1341.9 -38.8699 
-1505.1 -46.8516 
-869.079 -72.8473 
770.892 -79.8511 
828.893 -78.8562 
1550.9 -82.8737 
-58.1 -105.87 
-730.104 -110.865 
175.899 -115.867 
-309.109 -118.869 
600.919 -124.865 
93.9115 -125.869 
1176.9 -132.854 
427.91 -147.866 
1535.89 -151.847 
686.893 -155.865 
87.9101 -173.866 
319.893 -172.864 
765.888 -175.868 
635.903 -177.869 
-881.11 -198.858 
962.904 -200.858 
741.886 -207.839 
-1084.08 -209.844 
1267.92 -210.859 
-1402.09 -211.857 
1186.9 -217.871 
-877.102 -218.852 
-707.1 -219.867 
-1507.1 -238.864 
136.883 -244.868 
1535.9 -251.862 
206.906 -254.862 
483.908 -256.867 
1037.9 -260.869 
-957.101 -264.85 
502.609 -272.868 
510.276 -279.387 
1130.92 -283.859 
843.902 -291.859 
272.912 -298.85 
480.909 -297.864 
-408.121 -307.839 
235.899 -308.846 
1019.9 -309.866 
864.896 -311.86 
1432.92 -318.867 
-977.083 -324.876 
1508.89 -333.859 
1308.9 -337.801 
-677.106 -338.872 
-156.097 -340.869 
403.897 -342.861 
1308.9 -337.851 
449.893 -355.862 
-20.0999 -356.857 
-352.094 -359.887 
-503.098 -377.857 
278.902 -378.865 
1470.89 -383.854 
-172.111 -386.853 
1566.89 -392.846 
873.932 -394.864 
-1060.09 -398.869 
-97.105 -403.862 
-903.115 -419.857 
994.917 -425.852 
-30.1021 -426.868 
-1337.11 -429.867 
-1243.08 -429.878 
757.902 -435.859 
-158.1 -446.863 
1329.91 -446.869 
258.891 -459.861 
-1080.12 -471.867 
883.911 -472.85 
1599.91 -472.853 
-203.11 -475.85 
-499.088 -476.844 
524.896 -490.858 
775.909 -511.847 
723.913 -512.864 
489.897 -516.865 
-1195.11 -523.846 
316.908 -524.868 
40.8983 -540.865 
-1376.1 -544.868 
1461.17 -548.429 
390.897 -549.853 
555.901 -552.857 
513.934 -559.851 
746.906 -571.874 
1448.88 -572.877 
920.903 -575.836 
-1557.1 -588.85 
-1620.11 -588.856 
528.905 -591.872 
1477.88 -593.864 
-1005.1 -602.858 
-908.102 -612.866 
1360.9 -614.848 
594.728 -626.189 
979.902 -631.838 
-518.102 -632.864 
1413.89 -634.866 
-388.086 -635.883 
594.398 -629.852 
-887.105 -637.863 
238.92 -637.875 
155.897 -644.859 
668.889 -645.855 
-513.29 -644.386 
111.913 -648.889 
1166.9 -671.852 
-1209.1 -677.857 
-1441.09 -680.864 
689.912 -680.861 
-411.102 -690.851 
405.905 -698.856 
376.907 -711.862 
20.8928 -715.869 
239.886 -724.856 
-259.105 -738.851 
321.915 -748.849 
-362.105 -749.86 
753.913 -750.849 
1020.91 -765.843 
858.91 -806.851 
536.897 -808.86 
755.907 -839.876 
-410.126 -843.858 
233.899 -845.859 
865.877 -851.87 
-303.103 -852.857 
154.909 -871.858 
-202.097 -873.856 
547.901 -878.857 
277.921 -883.87 
504.902 -908.846 
694.904 -914.848 
121.896 -917.853 
-920.108 -924.824 
860.905 -926.855 
-438.114 -927.854 
124.289 -922.603 
1570.92 -934.873 
898.894 -941.847 
-804.104 -944.861 
281.923 -949.874 
1370.89 -950.862 
1175.9 -951.87 
882.896 -954.855 
679.912 -968.858 
585.904 -973.872 
-766.098 -974.865 
487.899 -988.876 
1281.89 -1006.87 
-1331.13 -1009.86 
1239.89 -1022.87 
332.887 -1023.83 
480.908 -1027.86 
740.909 -1048.85 
869.89 -1047.85 
115.899 -1068.87 
85.8985 -1069.85 
-1254.07 -1073.85 
562.918 -1076.85 
1540.89 -1084.86 
-1054.09 -1090.86 
410.917 -1090.86 
1502.9 -1120.87 
546.902 -1122.86 
-356.101 -1134.87 
-183.118 -1147.86 
553.9 -1148.86 
1574.9 -1148.85 
1092.9 -1149.87 
-256.101 -1151.85 
-323.099 -1156.88 
829.908 -1156.87 
1459.93 -1156.86 
-284.093 -1161.86 
-308.553 -1168.41 
94.9079 -1173.85 
806.905 -1176.85 
1491.91 -1176.86 
530.888 -1207.86 
-435.107 -1211.87 
