-355.11 1207.16 
-1208.12 1196.13 
-308.09 1172.15 
838.899 1171.15 
1406.91 1170.15 
908.899 1162.13 
849.92 1149.14 
-1555.11 1146.11 
-1353.09 1133.13 
1333.89 1132.14 
605.924 1123.14 
-347.111 1110.15 
-1361.09 1107.13 
-974.105 1093.12 
-487.11 1060.17 
1275.89 1056.12 
1244.89 1052.14 
876.891 1042.14 
-1220.09 1022.14 
-77.0944 1011.15 
1231.91 1009.15 
-1540.1 1005.13 
815.901 1003.16 
761.908 1001.13 
-1440.1 991.148 
482.904 988.141 
649.9 985.14 
506.895 984.128 
249.916 978.125 
407.896 958.145 
783.89 953.123 
1165.89 941.151 
1020.89 928.132 
-1203.11 926.129 
-832.098 923.135 
998.902 924.144 
-529.103 918.15 
1396.66 910.356 
458.916 912.129 
657.898 910.153 
1398.31 909.517 
393.895 903.135 
-240.096 899.136 
-1294.09 890.131 
-842.083 877.152 
641.901 864.145 
1549.9 859.143 
-160.112 848.128 
415.894 832.15 
1080.91 827.132 
803.896 814.145 
-823.101 809.154 
-1367.09 807.149 
-130.101 807.146 
-890.108 799.142 
1189.9 798.138 
451.896 783.129 
-114.093 782.116 
-1032.1 773.128 
-1380.09 765.146 
995.879 764.128 
832.887 758.146 
1514.91 758.149 
756.895 751.123 
-1557.1 749.142 
912.898 748.112 
-1505.09 744.17 
-1274.11 740.134 
-912.096 737.148 
-1365.09 726.122 
525.905 726.141 
597.897 721.143 
-1319.12 719.147 
1600.9 718.142 
316.896 715.143 
461.91 711.151 
1417.9 711.143 
670.306 706.996 
216.91 697.135 
675.479 701.93 
-572.098 687.142 
-188.092 684.121 
1054.9 682.145 
-56.1126 674.157 
1549.89 667.155 
906.892 646.146 
-76.0951 646.15 
859.914 641.319 
860.505 639.971 
66.9024 622.135 
-504.086 619.157 
-982.078 618.122 
704.894 593.139 
-826.107 575.137 
893.898 575.151 
328.9 564.109 
-606.098 553.129 
-1419.08 549.126 
403.907 545.139 
689.901 546.128 
1371.9 544.123 
-570.094 543.146 
482.878 540.126 
929.889 538.128 
405.55 529.792 
1455.91 526.152 
-711.098 526.143 
87.8967 521.145 
474.162 522.542 
820.909 518.142 
1400.91 511.126 
-1236.1 488.14 
923.903 486.143 
1512.92 487.137 
-749.094 486.136 
1127.89 475.136 
334.885 467.172 
-844.111 410.142 
1339.9 410.148 
1490.89 394.15 
-111.094 380.135 
-443.103 378.139 
125.898 360.113 
-368.103 358.158 
-111.104 358.139 
380.896 337.136 
1287.91 310.133 
667.902 306.136 
259.894 303.138 
-401.083 291.154 
-505.108 281.026 
769.881 284.138 
-505.108 280.344 
1396.9 270.149 
-884.092 240.125 
671.917 238.12 
1479.89 237.159 
738.892 231.148 
-121.119 225.154 
-1124.11 221.151 
1507.89 217.136 
-1442.11 212.145 
-1334.11 191.136 
-547.1 184.121 
-1601.11 180.153 
-1013.09 172.15 
1505.91 171.133 
-234.088 168.158 
1524.88 163.154 
-513.11 160.152 
1085.89 158.155 
-436.109 157.149 
-695.091 149.126 
1599.89 141.155 
502.904 124.141 
-65.1063 102.14 
594.906 99.1316 
-1474.11 89.1412 
559.889 89.1321 
-550.094 86.1319 
1521.9 82.1081 
-172.121 80.1322 
1006.89 65.1485 
-567.11 55.1372 
275.913 17.1409 
221.9 8.13085 
-609.079 -1.8716 
1545.9 -10.8685 
-528.095 -12.8573 
-1183.11 -21.8549 
-1216.1 -22.8582 
1300.89 -34.8779 
-897.093 -37.8622 
-1136.09 -53.864 
-918.112 -53.8698 
476.897 -59.8672 
1451.91 -60.8505 
1502.9 -61.8458 
-1145.01 -62.2849 
32.9038 -99.8704 
852.894 -110.859 
-889.115 -111.848 
-18.0974 -123.852 
1092.9 -124.857 
-483.097 -128.842 
1180.88 -139.854 
-78.0816 -155.859 
1049.91 -172.863 
1499.91 -180.853 
527.886 -188.87 
485.894 -195.867 
921.907 -195.861 
1155.91 -197.868 
-884.102 -198.848 
273.908 -204.852 
-1376.12 -213.866 
1204.9 -224.866 
471.895 -229.868 
-1447.11 -243.867 
-1526.11 -253.851 
1353.9 -274.869 
-474.118 -299.848 
7.89316 -299.866 
1005.9 -299.856 
-93.0817 -301.87 
-1390.09 -304.853 
1000.07 -317.448 
-863.1 -324.863 
-107.107 -328.856 
984.931 -332.842 
-859.348 -332.645 
-1037.08 -371.861 
178.901 -385.869 
335.902 -391.871 
313.901 -406.849 
-590.087 -424.868 
1552.9 -423.845 
354.904 -435.842 
-1494.1 -436.86 
1497.9 -448.858 
975.892 -450.857 
864.916 -451.861 
730.892 -459.865 
-1535.1 -464.862 
-1017.09 -481.864 
-843.293 -491.539 
-840.269 -495.648 
-707.1 -505.87 
933.889 -526.852 
969.923 -534.871 
617.885 -537.859 
670.663 -553.999 
-1014.11 -558.856 
837.881 -560.87 
-1164.09 -573.873 
1489.91 -578.864 
662.902 -580.845 
-224.11 -585.864 
-1465.11 -595.859 
303.896 -640.84 
470.904 -644.859 
740.895 -648.846 
1105.91 -652.873 
500.893 -657.854 
-174.087 -665.85 
-362.12 -671.85 
-758.097 -680.857 
-787.109 -697.862 
-1265.11 -720.855 
-1117.11 -746.866 
291.911 -760.874 
540.895 -760.878 
1260.9 -762.863 
-69.0792 -763.853 
58.902 -774.87 
1181.9 -784.856 
-1194.11 -788.842 
865.899 -788.843 
-1029.1 -815.858 
-769.118 -819.85 
-211.1 -821.88 
-581.11 -826.876 
837.899 -827.881 
-1077.12 -831.873 
188.899 -837.847 
1230.9 -841.862 
-1192.11 -846.874 
-85.0974 -849.869 
-472.102 -854.87 
-1222.11 -872.863 
-958.103 -881.85 
512.915 -887.86 
1284.92 -888.873 
-280.096 -911.872 
-645.096 -915.867 
443.893 -915.85 
-1024.1 -925.844 
-559.113 -950.862 
-54.0989 -974.857 
-1466.12 -979.853 
640.9 -995.87 
389.906 -998.875 
-515.103 -1002.86 
93.9007 -1020.87 
1602.91 -1038.86 
-1068.08 -1075.85 
-1205.09 -1078.87 
204.897 -1093.86 
-678.079 -1121.88 
805.912 -1145.85 
1275.9 -1145.87 
-1058.08 -1149.88 
-643.103 -1154.85 
347.911 -1158.84 
-345.088 -1174.86 
1428.91 -1195.88 
434.914 -1206.86 
-433.111 -1209.86 
