24.9034 1202.11 
324.914 1181.15 
-1345.09 1171.13 
1414.91 1167.14 
1093.9 1148.14 
1608.91 1145.15 
-557.092 1143.14 
-378.106 1137.15 
904.916 1125.14 
-1182.11 1107.14 
-1049.09 1082.12 
1090.89 1076.13 
-459.094 1055.15 
1325.91 1048.16 
1477.89 1027.13 
508.914 1006.13 
-653.106 982.149 
-1336.1 971.152 
791.901 962.148 
-56.1063 956.144 
1375.25 942.383 
1458.91 941.139 
1375.94 941.073 
-238.105 930.148 
-1607.09 929.144 
784.902 920.126 
122.905 919.139 
-1309.08 900.144 
-858.109 885.137 
-939.119 882.115 
559.905 875.13 
-143.074 848.138 
-1001.1 839.123 
846.909 805.143 
-1128.11 802.128 
1166.89 794.127 
-1565.09 765.127 
184.899 762.154 
1532.91 760.128 
289.899 740.142 
1555.91 739.172 
-1091.1 737.126 
-1270.1 734.133 
53.8878 730.125 
1525.89 714.118 
-415.107 712.153 
454.913 712.12 
-706.113 697.129 
939.897 686.152 
-1572.11 674.148 
667.894 673.145 
612.916 661.136 
941.904 656.15 
-1141.1 647.144 
398.909 642.13 
1160.9 624.134 
836.909 609.131 
496.914 606.129 
1253.91 606.164 
246.893 604.144 
-353.095 591.144 
471.889 588.14 
558.914 567.156 
210.894 564.122 
1587.91 552.146 
-1612.09 550.136 
-1259.1 540.148 
-713.099 537.148 
1491.91 530.138 
-900.096 524.133 
310.903 515.163 
-382.084 502.155 
-99.1037 502.144 
254.904 485.136 
212.901 477.148 
1445.88 474.145 
97.5278 468.248 
100.254 467.702 
164.886 447.133 
622.905 437.148 
-541.095 431.14 
1147.91 432.139 
966.903 426.129 
-106.092 410.13 
-284.086 396.137 
-59.0828 394.156 
562.929 383.135 
1322.92 370.135 
808.888 346.145 
-290.106 342.154 
-648.101 335.141 
-554.095 326.137 
1122.92 326.144 
-349.101 316.119 
-479.098 301.13 
-305.095 285.142 
1023.9 284.125 
-243.087 271.133 
-685.101 261.138 
1010.24 250.123 
1021.69 250.133 
-194.096 227.145 
118.913 227.143 
-925.091 209.146 
-116.096 198.14 
-1047.08 190.123 
1060.15 174.147 
1062.51 174.143 
-824.097 162.136 
621.915 163.154 
1151.88 161.135 
236.889 144.139 
1081.91 137.141 
-1486.1 126.092 
-883.087 115.147 
663.891 100.14 
827.892 93.1362 
-108.114 81.1418 
-140.091 80.1213 
-909.09 62.1459 
-1025.09 59.1474 
1477.42 52.6503 
-27.1242 50.1138 
-537.097 45.1232 
-963.108 33.1249 
1307.91 22.1409 
445.869 21.1582 
-1259.1 18.1273 
-541.082 7.12193 
-804.081 2.13963 
295.89 -2.86098 
176.895 -8.83864 
226.902 -8.84621 
1054.9 -15.8711 
740.9 -34.8678 
-52.1007 -38.855 
-1329.1 -55.8623 
-673.103 -59.8518 
1359.89 -77.8435 
-1554.11 -85.8548 
-1525.11 -86.8677 
710.917 -90.8561 
-26.1314 -91.8469 
-83.0905 -106.854 
-1173.09 -115.865 
-518.095 -118.867 
1100.9 -125.847 
850.896 -128.857 
1370.9 -144.864 
534.923 -148.855 
730.892 -149.875 
-1164.09 -150.857 
1593.9 -176.868 
-380.116 -183.873 
-1233.11 -195.86 
1071.59 -221.886 
1140.91 -230.861 
1070.81 -222.367 
-141.108 -232.873 
-1132.1 -238.869 
582.891 -245.885 
284.877 -246.876 
-121.989 -257.96 
-761.086 -266.868 
-120.027 -260.812 
-1541.09 -273.872 
-667.1 -286.857 
-191.107 -293.842 
-358.105 -308.844 
133.897 -311.858 
-376.091 -317.862 
-1381.09 -321.872 
-746.094 -337.861 
-786.105 -341.868 
-1409.09 -358.863 
-1594.1 -363.847 
630.908 -380.861 
-588.081 -394.868 
783.892 -398.878 
-568.105 -399.854 
1035.89 -402.859 
-565.829 -412.465 
499.46 -448.709 
504.883 -451.573 
-1053.11 -465.861 
-654.106 -466.875 
1430.88 -477.871 
1075.89 -484.863 
1239.9 -490.86 
798.891 -495.861 
831.908 -502.854 
-1195.1 -504.865 
361.917 -508.867 
-119.069 -522.843 
267.916 -555.851 
1099.89 -558.852 
-1112.1 -580.864 
1378.9 -582.869 
-764.094 -612.867 
-134.095 -617.865 
195.889 -631.869 
631.89 -634.854 
-1250.11 -635.856 
-106.101 -645.848 
-763.093 -659.862 
84.9062 -672.875 
-949.076 -680.829 
-580.086 -680.856 
-1110.09 -682.853 
-967.095 -682.86 
-392.105 -694.838 
-644.101 -705.853 
404.919 -708.866 
541.899 -719.886 
-950.104 -728.846 
561.916 -729.858 
-666.097 -730.83 
1065.9 -730.871 
495.9 -740.844 
421.906 -746.864 
-1397.1 -749.861 
-1602.11 -761.844 
-1175.09 -763.858 
1050.91 -768.857 
-1143.1 -783.842 
-1149.1 -811.861 
-1505.11 -812.857 
-679.101 -813.851 
-1610.11 -848.865 
553.911 -848.857 
-1334.1 -853.874 
877.901 -859.878 
468.889 -864.874 
1380.92 -866.856 
901.907 -870.856 
-1051.11 -878.854 
211.896 -901.87 
23.905 -920.297 
936.904 -919.863 
-1591.09 -925.851 
-1512.11 -939.862 
1346.89 -957.873 
-1347.09 -969.883 
-183.088 -971.842 
-1026.1 -983.854 
1557.9 -990.886 
687.911 -1002.87 
-294.091 -1003.84 
384.895 -1006.85 
503.907 -1007.86 
1018.9 -1014.85 
1552.91 -1016.85 
1375.9 -1017.86 
944.895 -1036.87 
-129.083 -1040.87 
-642.089 -1063.86 
553.906 -1091.87 
-1244.12 -1094.84 
-758.073 -1108.85 
704.908 -1131.86 
1431.9 -1142.84 
904.892 -1151.86 
-467.106 -1156.88 
831.9 -1165.86 
1069.9 -1168.87 
225.904 -1193.85 
207.887 -1202.84 
-1092.1 -1205.87 
