-1346.09 1206.16 
293.901 1197.13 
86.9188 1192.14 
180.913 1190.13 
-1222.1 1186.15 
-868.09 1180.14 
-347.095 1169.13 
-720.109 1167.15 
1531.91 1162.14 
837.886 1161.13 
-1566.11 1159.13 
-1528.09 1155.12 
328.89 1147.14 
-791.104 1142.15 
1122.9 1135.15 
28.8926 1131.14 
-374.1 1131.15 
430.878 1111.15 
411.895 1109.15 
330.915 1105.11 
334.241 1096.19 
392.913 1089.15 
837.907 1077.14 
441.904 1073.13 
398.857 1078 
233.892 1072.13 
-394.101 1070.16 
-964.095 1064.13 
-1232.1 1061.13 
-570.11 1058.12 
-524.096 1057.14 
412.897 1051.14 
-1076.66 1042.7 
470.759 1034.66 
-1075.84 1041.27 
516.908 1029.13 
-448.101 1024.14 
-266.076 1024.14 
-201.105 1008.14 
675.906 997.139 
-1478.1 974.147 
-66.0906 972.159 
-1592.1 965.152 
-379.107 961.143 
-977.12 958.117 
-467.1 955.145 
834.904 953.14 
389.884 949.141 
-1012.09 945.159 
471.913 943.127 
628.909 941.139 
1458.91 941.132 
-1264.09 928.127 
1429.88 923.149 
134.891 922.122 
1453.92 915.133 
-822.102 914.128 
178.897 903.147 
667.896 901.146 
-272.091 886.135 
817.892 880.142 
-892.108 876.631 
-882.922 858.361 
-921.123 856.158 
-989.1 855.152 
1419.91 854.131 
244.902 848.138 
-858.261 842.792 
-834.13 842.134 
-884.005 845.547 
-859.721 841.273 
-857.739 838.829 
-1589.1 832.157 
-865.289 830.768 
1453.88 827.156 
120.891 821.154 
385.904 818.144 
-1267.08 814.133 
-333.103 813.148 
-41.1033 811.159 
1300.9 806.139 
-330.099 769.132 
-1028.12 767.129 
921.894 763.157 
-2.08535 758.135 
69.891 757.132 
1096.91 755.143 
395.903 745.154 
531.89 742.144 
-275.089 725.136 
-1079.09 720.155 
-801.096 712.136 
-14.0943 687.139 
1299.89 685.134 
-359.112 665.152 
46.8938 648.147 
-519.089 644.124 
-1583.1 639.15 
-594.091 636.142 
647.892 633.145 
-26.1031 628.124 
308.906 626.134 
-427.115 621.133 
643.288 624.053 
-739.112 605.143 
-608.106 602.139 
659.888 597.114 
931.904 596.135 
1275.9 588.144 
1359.9 583.126 
8.91953 575.149 
730.911 571.178 
1197.9 567.144 
-151.09 557.141 
1234.91 554.142 
1005.89 553.154 
20.895 547.138 
-468.105 535.124 
-927.079 532.134 
1526.89 532.143 
-563.102 526.153 
136.883 518.134 
542.899 513.136 
-921.085 512.137 
1505.93 508.133 
-893.089 502.14 
-124.091 486.152 
1292.9 479.136 
569.898 478.14 
-285.084 473.138 
1524.89 462.154 
1562.88 462.135 
-1366.1 452.138 
864.906 448.125 
1508.89 448.139 
96.8994 440.13 
-864.096 431.148 
1351.89 422.151 
809.903 421.134 
711.871 417.143 
-620.105 416.141 
-1450.07 414.138 
-548.104 405.13 
-1575.11 400.149 
1455.91 399.154 
41.8974 397.126 
271.89 389.143 
433.897 387.122 
1455.18 387.184 
-909.109 368.126 
844.905 364.141 
-1517.09 339.144 
9.89817 340.144 
-69.107 338.126 
-358.101 328.13 
1200.91 319.139 
698.887 317.142 
-61.1093 310.153 
1438.88 308.143 
-454.08 304.129 
-1540.1 295.132 
1208.89 295.121 
-765.109 270.132 
397.906 267.131 
785.915 264.131 
-402.115 252.147 
-538.099 247.116 
-790.092 243.155 
229.908 236.126 
1433.91 214.143 
-415.105 211.163 
-149.116 199.146 
-1291.1 188.14 
192.902 187.131 
1349.89 186.153 
-1197.09 169.129 
-885.103 168.153 
-903.09 167.131 
-233.1 167.144 
2.90269 166.137 
759.897 163.139 
-14.1015 160.145 
-237.456 160.614 
604.891 147.136 
385.911 145.134 
-27.1006 136.136 
553.882 125.136 
71.9021 123.143 
521.887 113.125 
708.895 98.1494 
1364.9 97.1385 
1347.89 91.1396 
-845.095 90.1514 
1406.89 89.1302 
-1585.1 87.1481 
-887.099 79.138 
-625.113 76.1402 
231.892 74.1264 
-439.095 73.129 
-731.085 67.1459 
742.898 66.1164 
-1012.09 47.1345 
-235.103 47.1306 
446.894 46.1507 
499.897 43.1313 
1156.88 44.1433 
883.906 38.1485 
299.901 34.14 
-132.097 30.1263 
37.9112 25.1498 
1340.91 21.1553 
1393.89 -4.8473 
-1373.09 -8.85133 
1181.89 -11.8532 
-958.106 -21.8649 
1359.9 -50.8577 
-334.092 -51.8746 
-365.112 -69.8766 
1156.9 -71.8642 
1078.9 -77.8622 
764.893 -79.8646 
-1097.09 -87.8617 
230.899 -91.8513 
1064.9 -94.8666 
351.892 -95.8815 
-292.088 -105.873 
843.908 -106.852 
93.9094 -107.864 
679.896 -123.874 
1038.9 -131.855 
-287.094 -134.871 
-1212.1 -146.857 
-53.1106 -154.87 
-259.104 -157.848 
-150.106 -161.844 
432.895 -161.85 
-594.104 -176.845 
-1044.11 -177.861 
-380.097 -189.861 
939.918 -191.875 
-507.104 -194.85 
698.904 -198.839 
1530.9 -211.865 
-410.102 -216.856 
31.8972 -238.863 
1260.91 -252.868 
510.898 -254.847 
-566.1 -259.894 
990.874 -264.875 
-320.097 -271.875 
-1497.1 -286.867 
-308.094 -290.886 
775.898 -297.858 
-1276.09 -302.858 
1049.9 -322.864 
441.894 -330.862 
-1316.11 -333.876 
633.905 -334.88 
-764.102 -348.869 
-1564.1 -352.861 
-1054.09 -352.875 
1246.9 -367.864 
-1382.1 -370.873 
-1181.11 -375.867 
-413.097 -377.875 
1099.91 -405.858 
777.913 -413.856 
1111.9 -428.856 
-468.091 -429.87 
-554.097 -434.861 
110.893 -448.862 
277.894 -449.858 
1463.91 -469.858 
223.881 -486.869 
1463.89 -496.871 
347.886 -504.88 
-357.107 -506.86 
65.8895 -507.873 
-1530.1 -519.844 
-1059.09 -529.869 
1543.89 -543.858 
1044.92 -545.87 
-531.096 -548.863 
-1061.1 -555.851 
1155.89 -563.866 
875.898 -566.859 
660.902 -582.851 
1239.9 -589.856 
877.91 -609.867 
934.901 -611.847 
1446.91 -622.864 
-380.092 -632.852 
1477.91 -635.842 
279.906 -636.857 
3.91025 -639.86 
604.898 -645.863 
-429.085 -653.841 
858.889 -674.857 
-351.12 -683.855 
1433.91 -684.863 
-293.092 -689.88 
-1564.09 -692.84 
-1458.09 -693.858 
-805.081 -698.853 
-293.092 -689.991 
227.89 -710.829 
484.902 -725.859 
-485.102 -761.861 
1532.9 -770.872 
-116.092 -773.861 
435.895 -785.848 
704.895 -800.847 
-661.099 -806.872 
-58.1143 -812.83 
-853.111 -815.851 
-102.09 -815.858 
77.9074 -825.865 
-158.113 -833.869 
102.898 -838.854 
517.891 -840.863 
-1286.1 -843.863 
1371.89 -843.856 
-1254.09 -853.839 
1583.89 -856.854 
674.903 -870.857 
639.898 -877.862 
1590.91 -881.863 
183.898 -885.857 
-1613.09 -892.856 
1100.91 -900.849 
-329.093 -907.874 
1374.9 -911.865 
-1436.09 -921.84 
242.923 -924.865 
-1201.1 -925.878 
-1467.08 -931.871 
918.891 -937.848 
-1138.08 -966.865 
-997.099 -981.86 
-63.1124 -994.86 
1453.91 -1036.87 
-311.097 -1038.85 
680.902 -1049.85 
137.915 -1054.86 
-883.112 -1083.86 
-106.119 -1129.87 
1157.9 -1146.88 
155.902 -1167.87 
669.912 -1185.86 
-145.105 -1208.86 
