-1042.42 1229.82 
-1041.61 1229.66 
-1040.58 1229.64 
-1039.6 1229.63 
-1038.59 1229.65 
-1042.1 1228.61 
-1041.61 1228.63 
-1040.58 1228.65 
-1039.61 1228.67 
-1038.58 1228.65 
-82.1 1228.14 
-1040.55 1228.47 
-83.5866 1226.64 
-82.5379 1226.81 
-81.226 1226.86 
-83.7182 1225.15 
-82.1942 1225.27 
-81.0288 1225.34 
-82.0834 1224.58 
1543.9 1217.14 
1543.33 1216.14 
1544 1216.14 
-485.118 1207.14 
-485.673 1206.16 
-485.005 1206.15 
1538.89 1190.15 
1538.32 1189.14 
1539 1189.14 
-231.119 1162.13 
-1062.13 1159.14 
-231.677 1161.14 
-231.007 1161.14 
-825.093 1156.15 
-1062.69 1158.14 
-1062.02 1158.14 
-827.101 1154.14 
-825.19 1154.23 
-823.672 1154.29 
-825.255 1152.71 
1580.87 1148.13 
1580.31 1147.13 
1581 1147.13 
806.881 1130.15 
1096.89 1128.15 
806.337 1129.15 
806.992 1129.15 
520.883 1124.13 
1096.35 1127.15 
1097.01 1127.14 
154.9 1121.14 
518.897 1122.14 
520.809 1122.22 
522.334 1122.28 
154.333 1120.13 
155.003 1120.13 
520.759 1120.71 
-1298.1 1096.16 
-1298.68 1095.14 
-1297.98 1095.15 
680.921 1090.14 
-1225.1 1089.14 
680.334 1089.13 
681.02 1089.14 
-1225.66 1088.16 
-1224.99 1088.16 
749.889 1083.14 
-1310.09 1079.16 
749.337 1082.15 
750.013 1082.15 
-1310.66 1078.13 
-1309.99 1078.14 
1612.9 1069.15 
1610.89 1067.15 
1612.81 1067.23 
1614.33 1067.3 
1612.74 1065.72 
-1180.09 1036.13 
-1180.67 1035.12 
-1179.99 1035.12 
1569.88 1031.13 
1221.92 1028.14 
1569.33 1030.13 
1569.99 1030.13 
1219.89 1026.12 
1221.82 1026.23 
1223.34 1026.3 
1221.75 1024.72 
959.894 1017.13 
959.327 1016.11 
959.992 1016.11 
1216.92 1010.12 
-1293.11 1008.15 
1216.35 1009.12 
1217.01 1009.12 
-47.0979 1005.13 
-1293.67 1007.16 
-1293 1007.16 
-715.111 1004.15 
-47.6591 1004.14 
-46.9853 1004.14 
-715.663 1003.15 
-714.989 1003.15 
277.905 999.127 
277.329 998.131 
278.008 998.134 
-72.0819 992.141 
-72.6546 991.144 
-71.9718 991.143 
-442.089 985.141 
-444.098 983.134 
-442.178 983.228 
-440.666 983.292 
-442.239 981.714 
-499.1 961.149 
-499.666 960.139 
-498.997 960.142 
564.899 955.133 
564.335 954.131 
565.014 954.131 
867.897 926.135 
25.8861 924.155 
867.349 925.139 
868.005 925.137 
25.3379 923.177 
26.003 923.172 
1335.58 895.186 
1337.86 894.114 
1333.37 892.995 
1335.47 891.687 
1337.93 891.731 
512.883 887.139 
1335.54 889.61 
512.319 886.14 
512.99 886.141 
-597.093 865.141 
-597.675 864.126 
-596.994 864.129 
-148.099 861.143 
-148.658 860.131 
-148.003 860.129 
-1337.09 852.14 
-1062.12 852.14 
-568.093 851.131 
-1337.67 851.133 
-1336.98 851.138 
-1062.66 851.14 
-1062 851.136 
-568.658 850.109 
-568.007 850.114 
1423.9 811.145 
1423.33 810.162 
1424.01 810.154 
-429.058 800.131 
-429.655 799.119 
-428.976 799.128 
-1142.1 790.138 
-1144.09 788.132 
-1142.17 788.216 
-1140.68 788.273 
245.911 784.14 
-1142.22 786.705 
245.338 783.125 
246.005 783.126 
-1170.11 769.141 
-1170.66 768.151 
-1169.99 768.146 
712.905 765.133 
1541.88 764.144 
-228.126 763.136 
712.338 764.12 
713.011 764.125 
1541.34 763.145 
1542 763.141 
-228.672 762.144 
-228.006 762.135 
-266.093 755.125 
-266.663 754.108 
-265.978 754.116 
315.889 746.15 
315.327 745.145 
315.992 745.153 
17.9055 741.147 
17.3408 740.139 
17.998 740.141 
1054.92 704.13 
1054.36 703.123 
1055.03 703.122 
44.8845 694.141 
-1146.08 693.136 
44.3174 693.157 
45.0029 693.153 
-1146.67 692.142 
-1145.99 692.145 
-525.104 679.137 
144.875 677.135 
-527.103 677.144 
-525.17 677.218 
-523.666 677.266 
-974.063 674.135 
142.903 675.151 
144.805 675.241 
146.332 675.303 
-525.213 675.718 
-974.651 673.145 
-973.981 673.146 
144.757 673.716 
1629.92 658.146 
1629.34 657.153 
1630.03 657.157 
-936.086 645.137 
-938.087 643.13 
-936.171 643.222 
-934.654 643.285 
-936.229 641.711 
-1139.1 634.145 
-1139.66 633.156 
-1139.01 633.147 
-856.107 627.13 
-856.681 626.122 
-856.007 626.12 
784.905 623.151 
782.91 621.143 
784.82 621.239 
786.312 621.305 
-1396.06 617.143 
784.761 619.706 
-1396.67 616.129 
-1395.98 616.131 
127.931 603.14 
127.345 602.128 
128.011 602.137 
150.926 585.14 
150.352 584.137 
151.032 584.137 
-126.112 573.137 
1176.92 570.143 
-128.094 571.124 
-126.191 571.216 
-124.681 571.279 
1176.34 569.137 
1177.01 569.143 
-126.243 569.713 
-485.085 559.151 
-485.663 558.152 
-485.002 558.146 
812.921 555.143 
812.35 554.128 
813.023 554.127 
43.8924 528.13 
43.3354 527.149 
44.0051 527.134 
-1565.09 522.121 
-645.092 522.138 
-1565.67 521.119 
-1564.98 521.118 
-645.669 521.123 
-644.999 521.131 
648.91 510.147 
648.336 509.146 
649.011 509.145 
826.908 503.146 
122.89 499.14 
826.331 502.147 
827.013 502.152 
122.334 498.14 
123.011 498.132 
-222.099 484.146 
-222.669 483.151 
-221.999 483.152 
265.858 457.136 
265.322 456.121 
265.985 456.128 
308.881 413.139 
308.323 412.13 
309.007 412.131 
1631.9 395.123 
1631.33 394.131 
1632.01 394.13 
-1533.43 384.182 
-1552.08 383.147 
-1530.92 383.069 
-1536.56 382.234 
-1534.4 382.066 
-1552.65 382.162 
-1551.98 382.148 
-1531.08 380.563 
1508.9 377.143 
-1536.57 379.011 
329.911 376.146 
-1534.35 377.699 
-1531.24 377.769 
1508.33 376.152 
1509 376.151 
329.345 375.135 
330.009 375.147 
66.5631 368.177 
201.907 368.131 
68.8686 367.097 
600.905 365.153 
-1175.09 364.151 
64.3586 365.988 
201.317 367.121 
202.001 367.136 
66.4516 364.689 
68.9278 364.75 
600.334 364.145 
601.007 364.14 
-1175.66 363.149 
-1174.99 363.145 
66.5091 362.611 
248.904 347.141 
248.338 346.14 
249.011 346.146 
371.897 339.135 
371.33 338.148 
372.004 338.142 
979.897 325.157 
979.337 324.137 
979.992 324.144 
1204.89 292.134 
1204.33 291.154 
1205 291.15 
1194.89 283.149 
929.887 281.147 
1192.89 281.136 
1194.81 281.224 
1196.32 281.285 
827.902 277.149 
929.349 280.125 
929.998 280.129 
371.886 276.136 
1194.75 279.705 
827.331 276.138 
828 276.138 
369.898 274.155 
371.812 274.229 
373.334 274.279 
1013.91 272.148 
-314.121 268.152 
370.91 270.308 
1013.34 271.145 
1014.01 271.14 
372.903 268.311 
-314.674 267.152 
-314.012 267.151 
368.261 266.132 
76.9226 262.136 
370.361 264.594 
373.088 264.672 
76.347 261.147 
77.0274 261.147 
370.449 262.482 
1172.9 253.143 
-644.076 250.143 
1172.35 252.123 
1173 252.119 
-436.105 247.137 
-644.648 249.132 
-643.976 249.142 
-632.135 246.143 
-436.653 245.606 
-436.007 245.584 
-632.694 245.163 
-632.009 245.162 
-436.658 241.546 
-436.036 241.546 
-436.102 239.561 
-1008.09 229.149 
-1008.65 228.151 
-1007.98 228.15 
1258.88 222.154 
1258.33 221.155 
1259 221.145 
-938.102 204.139 
-938.675 203.12 
-937.99 203.125 
-1331.1 192.131 
-1331.66 191.136 
-1330.98 191.139 
818.912 186.149 
-797.108 183.143 
818.339 185.146 
819.028 185.15 
-797.665 182.139 
-796.981 182.141 
-595.089 167.145 
-595.655 166.135 
-594.996 166.143 
-42.1236 160.149 
-42.689 159.138 
-42.0077 159.141 
829.875 155.135 
142.925 151.149 
829.328 154.145 
829.971 154.145 
142.352 150.146 
143.023 150.141 
699.902 143.146 
488.9 140.128 
699.332 142.135 
700.008 142.139 
488.333 139.132 
489.01 139.131 
-519.089 132.134 
-519.656 131.126 
-518.997 131.133 
-470.093 119.146 
-470.652 118.124 
-469.998 118.13 
-1511.11 107.139 
-1513.09 105.151 
-1511.19 105.23 
-1509.68 105.282 
-1511.24 103.71 
-1073.1 99.1446 
-1073.66 98.1246 
-1073 98.125 
486.562 93.1869 
488.858 92.1062 
484.358 90.9896 
486.448 89.6941 
488.918 89.7422 
486.52 87.6128 
-1534.07 81.1467 
-1326.09 80.13 
-1534.66 80.1307 
-1533.99 80.1412 
-1326.67 79.1173 
-1325.99 79.1214 
396.87 71.1306 
396.314 70.1377 
396.995 70.1389 
693.897 58.1324 
693.327 57.1308 
694.013 57.1317 
1328.9 51.1398 
1328.35 50.1382 
1329.01 50.1365 
1344.92 36.1302 
1342.89 34.1306 
1344.82 34.2207 
1346.33 34.2809 
-294.121 29.1454 
1344.74 32.708 
-294.657 28.1437 
-294.005 28.1348 
-267.091 11.144 
-267.658 10.1282 
-266.997 10.1383 
-1541.1 0.148911 
-248.104 -1.86134 
663.91 -1.85377 
-1541.66 -0.856216 
-1541 -0.858047 
-1228.1 -5.86232 
-248.676 -2.86708 
-247.987 -2.86366 
663.338 -2.86549 
663.999 -2.86867 
1190.9 -8.85463 
-1228.66 -6.86415 
-1228 -6.86269 
-23.0788 -10.8659 
1190.33 -9.8683 
1191 -9.86684 
-23.6496 -11.8704 
-22.9751 -11.8706 
-1100.08 -23.86 
-1100.66 -24.849 
-1099.99 -24.8434 
-275.081 -27.8612 
-275.659 -28.8523 
-274.985 -28.8445 
-1369.08 -45.8633 
-1369.65 -46.8571 
-1368.98 -46.8584 
-522.095 -55.8699 
-522.673 -56.8784 
-521.997 -56.8689 
94.8833 -61.8577 
94.3332 -62.8496 
95.006 -62.8521 
668.916 -66.8451 
607.896 -67.8544 
668.347 -67.849 
669.006 -67.8506 
607.321 -68.8474 
607.999 -68.8515 
552.903 -75.8639 
-568.105 -77.8635 
552.338 -76.8601 
553.014 -76.8631 
-568.652 -78.8524 
-567.98 -78.8548 
-339.094 -85.8539 
-339.643 -86.8655 
-338.995 -86.8605 
650.907 -116.866 
648.894 -118.87 
650.818 -118.784 
652.337 -118.726 
650.759 -120.292 
1521.91 -135.854 
1521.34 -136.848 
1522.01 -136.844 
1502.9 -142.854 
1502.34 -143.876 
1503.02 -143.867 
1502.86 -165.865 
-1099.09 -166.848 
-448.099 -168.844 
49.8907 -168.877 
1160.9 -169.859 
1502.31 -166.842 
1503 -166.848 
-1099.67 -167.864 
-1098.99 -167.852 
-448.664 -169.844 
-447.998 -169.846 
49.3238 -169.872 
50.0064 -169.879 
1160.34 -170.856 
1161.01 -170.855 
385.903 -191.851 
385.335 -192.872 
385.998 -192.866 
478.889 -196.864 
478.333 -197.873 
479.01 -197.874 
-301.096 -210.854 
-303.089 -212.86 
-301.179 -212.777 
-299.677 -212.721 
1610.92 -215.848 
-301.235 -214.293 
1610.33 -216.853 
1611.01 -216.847 
1029.89 -225.85 
1029.33 -226.849 
1030.01 -226.848 
987.927 -232.866 
987.351 -233.875 
988.024 -233.861 
704.9 -239.865 
-846.089 -241.868 
704.336 -240.84 
705.022 -240.847 
-848.093 -243.878 
-846.184 -243.781 
-844.669 -243.714 
-846.248 -245.28 
-315.111 -277.85 
1399.91 -277.86 
292.89 -278.855 
-315.665 -278.85 
-315.009 -278.851 
1399.34 -278.877 
1400.01 -278.872 
292.338 -279.848 
293.003 -279.846 
-219.11 -288.859 
-219.683 -289.853 
-219.003 -289.86 
-840.114 -295.862 
-840.683 -296.863 
-839.997 -296.867 
-661.092 -308.862 
-661.669 -309.868 
-660.977 -309.866 
701.879 -317.876 
701.326 -318.856 
701.994 -318.861 
592.912 -329.857 
590.912 -331.861 
592.817 -331.772 
594.329 -331.711 
592.753 -333.288 
-86.1035 -338.871 
1142.58 -340.818 
-88.0951 -340.857 
-86.1781 -340.772 
-84.6671 -340.714 
1144.85 -341.888 
1140.36 -343.014 
-86.2283 -342.284 
1142.46 -344.303 
1144.92 -344.254 
1484.91 -347.864 
1142.54 -346.385 
1484.33 -348.869 
1485 -348.859 
1405.91 -380.868 
1405.33 -381.849 
1406 -381.852 
1502.88 -388.854 
1502.33 -389.855 
1502.99 -389.858 
4.87278 -393.878 
-1092.09 -397.857 
4.33933 -394.865 
5.00376 -394.871 
-1092.66 -398.859 
-1091.99 -398.854 
719.901 -410.859 
719.33 -411.86 
719.999 -411.859 
-1169.11 -426.857 
-1169.67 -427.857 
-1168.99 -427.857 
805.884 -430.851 
805.329 -431.861 
805.985 -431.855 
-1386.11 -455.849 
-154.109 -455.861 
-783.09 -457.866 
-1386.67 -456.837 
-1385.99 -456.842 
-154.672 -456.879 
-154.004 -456.877 
-783.667 -458.869 
-782.999 -458.868 
-772.1 -481.859 
-772.661 -482.884 
-771.99 -482.88 
1114.89 -488.859 
1114.32 -489.866 
1115.01 -489.866 
-42.075 -498.86 
-42.6569 -499.864 
-41.9754 -499.861 
-441.113 -513.87 
540.93 -516.852 
-441.664 -514.876 
-441.001 -514.869 
540.331 -517.867 
541.019 -517.86 
388.921 -541.86 
949.57 -541.826 
951.866 -542.901 
386.898 -543.872 
388.822 -543.774 
390.331 -543.707 
947.364 -544.003 
949.467 -545.296 
951.926 -545.25 
388.755 -545.288 
119.895 -551.859 
949.53 -547.385 
119.327 -552.859 
119.993 -552.858 
-1370.07 -570.85 
-1108.11 -572.84 
-1370.66 -571.842 
-1369.98 -571.842 
-1108.67 -573.842 
-1107.99 -573.852 
-1344.11 -591.863 
1015.92 -591.851 
-1344.66 -592.856 
-1343.99 -592.859 
1015.35 -592.886 
1016.01 -592.88 
1081.9 -606.873 
1081.33 -607.892 
1082.01 -607.888 
929.907 -652.875 
1128.91 -653.857 
929.337 -653.885 
930.016 -653.88 
1128.34 -654.85 
1129 -654.851 
-372.094 -677.853 
-372.675 -678.85 
-371.986 -678.849 
607.904 -689.87 
-639.101 -693.852 
607.342 -690.858 
608.013 -690.856 
-639.655 -694.849 
-638.994 -694.85 
261.879 -716.865 
261.33 -717.863 
261.993 -717.863 
1119.88 -720.866 
-684.085 -722.863 
1119.33 -721.854 
1120 -721.867 
-684.664 -723.863 
-683.998 -723.858 
-708.083 -727.854 
-761.111 -730.85 
-708.656 -728.841 
-707.99 -728.85 
-761.664 -731.842 
-761.003 -731.842 
-170.122 -736.845 
-1053.08 -737.864 
-836.113 -740.861 
-170.673 -737.839 
-170.009 -737.845 
-1053.65 -738.85 
-1052.98 -738.852 
-836.66 -741.856 
-836 -741.865 
-952.09 -746.87 
-952.662 -747.875 
-951.984 -747.875 
-1334.08 -759.855 
-1334.66 -760.881 
-1333.99 -760.877 
985.933 -767.872 
-851.114 -768.869 
1487.89 -768.863 
-563.082 -771.861 
985.341 -768.889 
986.014 -768.878 
-851.681 -769.854 
-851 -769.859 
1485.89 -770.831 
1487.81 -770.762 
1489.32 -770.716 
-729.109 -773.869 
-563.655 -772.87 
-562.974 -772.869 
1487.76 -772.29 
-729.667 -774.864 
-728.991 -774.865 
286.916 -789.861 
-1489.09 -793.85 
286.348 -790.879 
287.017 -790.874 
-1489.67 -794.854 
-1488.99 -794.851 
-733.115 -798.873 
-685.106 -801.86 
-733.671 -799.874 
-732.994 -799.873 
-685.678 -802.867 
-684.991 -802.865 
1395.88 -819.846 
1395.33 -820.837 
1395.98 -820.828 
-783.111 -829.857 
-783.671 -830.852 
-782.996 -830.856 
-281.098 -834.882 
1358.9 -835.858 
-281.661 -835.874 
-280.981 -835.871 
342.882 -838.854 
1358.33 -836.865 
1359.01 -836.861 
342.334 -839.866 
342.999 -839.864 
-1016.11 -847.867 
-1177.1 -851.87 
-1016.68 -848.859 
-1016 -848.857 
-1177.67 -852.853 
-1176.98 -852.858 
-1257.1 -863.868 
-1257.65 -864.856 
-1256.98 -864.857 
-1614.09 -873.868 
-155.125 -873.843 
-1614.66 -874.868 
-1614 -874.868 
-155.678 -874.835 
-155.006 -874.841 
1468.89 -881.86 
-605.098 -882.856 
1468.34 -882.854 
1469.02 -882.857 
-605.661 -883.851 
-604.983 -883.854 
459.905 -901.852 
457.895 -903.85 
459.817 -903.767 
461.323 -903.711 
-678.084 -909.87 
459.757 -905.284 
-678.659 -910.876 
-677.979 -910.875 
-794.103 -914.844 
-794.678 -915.832 
-793.989 -915.835 
142.888 -919.848 
142.347 -920.851 
142.997 -920.854 
557.917 -935.844 
557.33 -936.857 
558.006 -936.858 
1234.92 -945.858 
411.901 -946.856 
1234.35 -946.867 
1235.02 -946.86 
411.349 -947.865 
412.011 -947.865 
-137.093 -972.864 
-137.66 -973.875 
-136.987 -973.877 
1337.9 -1002.87 
1337.32 -1003.86 
1338.01 -1003.86 
694.911 -1027.86 
694.33 -1028.87 
695.015 -1028.86 
-1134.09 -1038.86 
156.897 -1039.87 
-1134.66 -1039.87 
-1133.99 -1039.86 
-245.108 -1042.86 
156.33 -1040.87 
157.01 -1040.88 
-245.67 -1043.84 
-244.989 -1043.86 
-942.068 -1058.86 
-942.642 -1059.86 
-941.981 -1059.86 
513.866 -1065.85 
513.316 -1066.85 
513.985 -1066.85 
-852.084 -1120.85 
372.893 -1123.88 
-852.671 -1121.87 
-851.984 -1121.87 
372.34 -1124.87 
373.012 -1124.87 
317.924 -1157.87 
317.335 -1158.88 
318.016 -1158.88 
-1271.11 -1185.85 
1184.9 -1185.86 
146.937 -1188.85 
-1271.67 -1186.84 
-1270.99 -1186.85 
1184.34 -1186.87 
1185 -1186.87 
146.352 -1189.86 
147.012 -1189.86 
1431.92 -1194.85 
1431.35 -1195.86 
1432.02 -1195.86 
-44.1038 -1217.86 
-46.1146 -1219.86 
-44.2008 -1219.77 
-42.6767 -1219.71 
-387.102 -1222.85 
1439.9 -1223.85 
-44.2669 -1221.29 
-387.671 -1223.85 
-386.997 -1223.85 
1437.9 -1225.85 
1439.81 -1225.77 
1441.32 -1225.71 
1439.45 -1228.53 
