-1388.1 1228.14 
-1389.56 1226.67 
-1388.52 1226.83 
-1387.22 1226.86 
-1389.72 1225.15 
-1388.19 1225.27 
-1387.04 1225.34 
-1388.08 1224.56 
997.905 1220.15 
-1637.1 1219.78 
-1639.3 1218.58 
-1637.71 1218.29 
-1637 1218.15 
995.901 1218.13 
997.822 1218.22 
999.327 1218.28 
-210.434 1213.18 
89.9122 1212.14 
997.765 1216.71 
-208.128 1212.1 
-212.63 1211 
89.3291 1211.14 
90.001 1211.14 
-210.554 1209.7 
-208.067 1209.75 
-675.098 1205.15 
969.937 1205.12 
-210.483 1207.61 
-675.654 1204.13 
-674.991 1204.13 
969.355 1204.12 
970.031 1204.12 
985.881 1195.15 
985.429 1193.7 
986.781 1193.21 
986.825 1191.28 
988.022 1191.02 
149.922 1182.15 
149.346 1181.14 
150.021 1181.14 
450.876 1177.15 
-1014.13 1175.14 
-445.098 1175.14 
-1431.1 1173.14 
450.338 1176.13 
451 1176.13 
-1014.67 1174.16 
-1013.99 1174.15 
-445.663 1174.16 
-444.987 1174.16 
-1431.66 1172.14 
-1430.99 1172.14 
1152.89 1168.13 
1152.32 1167.12 
1153.01 1167.13 
-1601.09 1139.14 
499.579 1139.18 
501.865 1138.1 
-1601.66 1138.14 
-1601 1138.15 
497.357 1137 
499.455 1135.7 
501.922 1135.76 
499.519 1133.61 
-193.1 1128.12 
1588.92 1128.13 
1613.92 1126.14 
-193.653 1127.12 
-192.998 1127.12 
1588.33 1127.13 
1589.02 1127.14 
-845.091 1122.15 
1613.33 1125.14 
1614.01 1125.15 
-845.661 1121.14 
-844.985 1121.14 
1350.88 1115.14 
1350.34 1114.14 
1351 1114.13 
1575.89 1103.13 
1575.32 1102.14 
1576.01 1102.15 
-64.0966 1088.13 
-66.0983 1086.13 
-64.1897 1086.21 
-62.6782 1086.27 
-64.2519 1084.71 
-92.0845 1074.15 
469.905 1074.15 
-1047.12 1073.14 
-92.6424 1073.14 
-91.997 1073.14 
467.9 1072.12 
469.82 1072.21 
471.339 1072.28 
-1047.67 1072.15 
-1046.99 1072.15 
469.764 1070.71 
1362.94 1065.14 
1362.36 1064.16 
1363.04 1064.17 
1513.9 1058.14 
-491.106 1054.15 
1186.89 1054.14 
1513.32 1057.13 
1513.99 1057.14 
-418.074 1053.14 
-491.678 1053.16 
-490.999 1053.15 
1186.2 1052.35 
1186.92 1052.61 
-654.105 1049.15 
-418.664 1052.16 
-417.961 1052.15 
1183.58 1047.89 
1186.22 1049.15 
1208.88 1046.14 
-654.646 1048.15 
-654.011 1048.14 
-100.093 1045.14 
1179.29 1044.77 
1180.83 1044.77 
1208.32 1045.16 
1209 1045.15 
-100.67 1044.13 
-100.001 1044.14 
257.901 1041.15 
-789.071 1040.14 
255.898 1039.13 
257.806 1039.23 
259.328 1039.3 
-789.647 1039.13 
-788.978 1039.15 
1052.85 1035.15 
257.741 1037.72 
1052.32 1034.15 
1052.99 1034.14 
338.896 1030.13 
-1351.08 1029.13 
1383.91 1027.13 
338.327 1029.14 
339.003 1029.14 
903.895 1026.14 
-1351.66 1028.15 
-1350.97 1028.14 
-792.111 1024.14 
76.8819 1024.13 
1151.9 1023.13 
1381.9 1025.14 
1383.82 1025.22 
1385.33 1025.28 
-940.113 1022.14 
674.93 1022.15 
903.344 1025.14 
904.005 1025.13 
-792.672 1023.14 
-791.998 1023.13 
76.3231 1023.12 
76.9834 1023.13 
-613.086 1019.16 
1151.32 1022.14 
1152.01 1022.13 
1383.75 1023.72 
-940.662 1021.13 
-940.002 1021.14 
674.343 1021.12 
675.018 1021.13 
297.892 1017.13 
-613.66 1018.16 
-612.99 1018.16 
-482.108 1015.15 
297.344 1016.13 
298.006 1016.14 
-482.673 1014.14 
-481.997 1014.14 
-155.09 1000.15 
344.899 998.148 
-155.662 999.134 
-154.98 999.147 
1089.91 996.16 
1197.92 995.124 
344.337 997.159 
345.011 997.157 
792.916 992.144 
1089.34 995.145 
1090.01 995.135 
1197.33 994.11 
1199.4 993.049 
1203.37 991.567 
1244.9 990.135 
776.906 988.138 
792.336 991.14 
793.008 991.152 
212.913 987.148 
1200.96 989.937 
1203.74 989.304 
1205.34 989.277 
1244.35 989.132 
1245 989.13 
-1228.12 985.138 
776.342 987.118 
777.023 987.123 
212.347 986.136 
213.015 986.13 
1203.77 987.708 
-1228.66 984.147 
-1228 984.14 
-781.112 981.144 
1206.95 981.851 
-783.103 979.14 
-781.193 979.218 
-779.671 979.271 
1207.32 979.156 
1208.01 979.155 
-877.11 973.154 
-781.247 977.712 
499.93 973.136 
-877.672 972.16 
-877.008 972.159 
499.339 972.125 
500.016 972.127 
780.901 968.136 
-675.11 965.139 
1489.9 965.144 
780.314 967.15 
781.003 967.145 
-675.667 964.138 
-675 964.129 
439.563 961.177 
1489.34 964.172 
1490.01 964.162 
441.868 960.093 
437.368 959.005 
1294.92 957.15 
-394.101 956.153 
439.456 957.688 
441.925 957.732 
1006.91 955.122 
1294.35 956.135 
1295.02 956.14 
-394.664 955.169 
-394.001 955.163 
439.53 955.606 
1006.33 954.126 
1007.01 954.134 
-1627.13 949.137 
-1627.67 948.122 
-1626.99 948.116 
295.89 939.151 
1094.92 939.135 
-858.086 936.137 
512.902 936.147 
-836.115 935.141 
293.904 937.148 
295.816 937.231 
297.324 937.287 
1094.34 938.13 
1095.02 938.131 
-858.678 935.146 
-857.974 935.144 
82.8968 932.14 
512.323 935.149 
513.012 935.155 
-836.684 934.142 
-836 934.139 
295.768 935.707 
1100.47 931.716 
82.3344 931.119 
83.0035 931.122 
-120.441 927.189 
1100.33 930.123 
1101.01 930.122 
-117.664 925.972 
-123.762 925.193 
-121.402 925.065 
553.899 923.136 
99.8735 922.143 
-901.075 921.14 
-117.753 923.475 
-125.14 922.468 
-115.565 922.523 
-123.113 921.706 
553.336 922.156 
554.015 922.148 
99.3336 921.146 
99.9925 921.142 
-901.67 920.141 
-900.984 920.139 
-266.091 917.143 
-119.66 919.694 
-116.799 919.602 
-123.23 919.009 
789.908 915.132 
505.903 914.138 
1360.89 914.153 
-266.677 916.154 
-265.981 916.153 
-120.475 917.606 
395.908 911.123 
789.344 914.11 
790.024 914.112 
505.338 913.141 
506.001 913.146 
1360.34 913.151 
1360.99 913.152 
91.8943 908.129 
441.906 908.166 
493.897 908.139 
1424.56 908.184 
395.32 910.114 
396.019 910.114 
1426.87 907.105 
91.3418 907.137 
92.0195 907.129 
441.34 907.161 
442.003 907.158 
491.901 906.135 
493.812 906.231 
495.331 906.298 
1422.36 906 
1424.45 904.692 
1426.93 904.738 
30.919 901.142 
472.896 900.139 
493.754 904.712 
1424.52 902.607 
30.3471 900.124 
31.0206 900.126 
472.332 899.142 
473.005 899.143 
661.553 896.184 
321.91 894.139 
663.858 895.106 
659.348 894.012 
321.361 893.145 
322.02 893.139 
661.442 892.702 
663.929 892.751 
661.507 890.609 
776.904 884.154 
776.345 883.158 
777.007 883.152 
-70.1352 878.167 
-70.6669 877.15 
-69.9981 877.146 
-195.091 862.13 
1170.9 862.148 
509.879 861.161 
-195.661 861.153 
-194.993 861.157 
1170.32 861.145 
1171.01 861.145 
509.318 860.156 
509.988 860.151 
592.9 855.143 
538.881 853.146 
1018.9 853.14 
678.892 852.137 
592.337 854.151 
593 854.147 
538.331 852.153 
538.992 852.148 
1018.35 852.157 
1019.02 852.15 
678.343 851.132 
679.005 851.13 
-204.101 842.134 
-642.103 839.142 
-160.094 839.146 
-204.66 841.136 
-203.99 841.134 
-642.675 838.124 
-641.994 838.126 
-572.111 835.139 
-160.664 838.136 
-159.996 838.135 
1153.87 835.139 
1512.91 832.136 
-1600.43 831.188 
-572.674 834.138 
-571.999 834.134 
1153.32 834.123 
1153.98 834.12 
-1597.91 830.068 
-1603.56 829.234 
1512.34 831.131 
1513.02 831.129 
-1601.4 829.072 
-887.131 827.141 
1455.89 826.142 
-1598.08 827.57 
-1603.56 825.995 
-887.667 826.165 
-887.012 826.154 
1455.33 825.14 
1456 825.138 
-1601.37 824.701 
-1598.25 824.772 
1271.9 821.138 
1271.32 820.141 
1272.01 820.144 
-35.1038 816.139 
437.925 814.146 
-35.6802 815.141 
-35.0026 815.146 
-1032.07 811.144 
1084.87 811.144 
437.351 813.143 
438.021 813.145 
-1032.66 810.148 
-1031.98 810.151 
1084.33 810.14 
1084.99 810.136 
-1343.11 804.13 
-1228.08 804.131 
420.883 803.145 
-1343.67 803.117 
-1343.01 803.12 
-1228.66 803.146 
-1227.99 803.152 
420.329 802.15 
421.01 802.142 
355.913 787.137 
1000.89 787.154 
-746.109 786.152 
355.34 786.145 
356.016 786.143 
1000.33 786.152 
1000.99 786.152 
-746.671 785.124 
-745.996 785.117 
-898.101 775.14 
-898.663 774.148 
-897.993 774.146 
-665.105 767.133 
-1404.09 766.125 
222.913 765.143 
-665.672 766.122 
-664.989 766.121 
-1404.66 765.12 
-1404 765.125 
222.325 764.161 
223.014 764.166 
688.876 758.121 
490.881 757.133 
688.309 757.128 
689.005 757.127 
490.338 756.14 
491 756.13 
-457.064 752.138 
-457.657 751.135 
-456.966 751.142 
-159.088 734.132 
-159.654 733.133 
-158.985 733.124 
-385.076 726.128 
624.897 724.135 
-385.654 725.125 
-384.969 725.133 
624.332 723.128 
624.991 723.137 
-933.087 711.153 
-897.099 711.154 
-933.665 710.147 
-932.976 710.147 
-897.666 710.15 
-896.998 710.157 
-662.103 702.144 
-254.112 700.138 
-44.0907 700.13 
766.882 700.124 
-662.667 701.128 
-661.987 701.127 
-256.096 698.154 
-254.181 698.224 
-252.673 698.272 
-46.1016 698.147 
-44.1758 698.226 
-42.6641 698.278 
764.895 698.139 
766.807 698.213 
768.332 698.263 
-254.227 696.723 
-44.2346 696.703 
766.757 696.698 
-424.115 686.131 
740.903 684.155 
-424.667 685.131 
-424.002 685.135 
1306.93 681.145 
740.329 683.167 
741.012 683.16 
409.885 679.14 
641.892 678.151 
1305.79 679.461 
1306.89 679.497 
409.316 678.131 
409.996 678.137 
641.339 677.157 
642.005 677.149 
-1639.52 671.335 
-946.084 670.157 
-1638.29 670.215 
1281.89 669.134 
-1642.1 670.14 
-1641.44 670.473 
516.908 668.147 
-1642.1 669.632 
-1641.61 669.638 
-1642.44 668.49 
-1641.6 668.648 
-1640.6 668.648 
-1638.66 668.579 
-1637.67 668.286 
-946.666 669.124 
-945.997 669.136 
404.91 666.138 
1281.33 668.132 
1282.01 668.128 
-1642.1 666.657 
516.337 667.136 
517.023 667.135 
-1641.42 665.818 
-1640.34 666.052 
352.912 663.145 
404.32 665.116 
405.018 665.121 
352.336 662.15 
353.022 662.146 
17.8851 657.149 
-972.123 654.136 
1118.9 654.152 
1354.9 654.157 
17.3237 656.156 
17.9922 656.16 
-972.675 653.141 
-971.99 653.136 
424.9 650.134 
1118.33 653.137 
1119 653.138 
1354.33 653.162 
1355.01 653.157 
1267.89 648.157 
424.338 649.132 
425.01 649.134 
1267.34 647.142 
1267.99 647.135 
1048.92 640.134 
576.894 639.131 
1048.34 639.146 
1049.03 639.147 
1066.92 636.142 
576.332 638.126 
577.004 638.128 
1066.35 635.14 
1067.02 635.145 
-1274.13 630.146 
646.864 627.153 
-1274.68 629.157 
-1274.01 629.155 
-854.116 625.151 
1365.9 624.123 
646.334 626.151 
646.988 626.147 
-854.678 624.159 
-854.009 624.159 
471.906 621.127 
-1334.08 620.154 
1365.33 623.149 
1366 623.146 
471.33 620.141 
472.013 620.146 
916.893 617.134 
-1334.67 619.146 
-1334 619.146 
916.329 616.141 
916.999 616.14 
1293.9 612.135 
1574.9 612.148 
211.884 609.136 
1293.33 611.118 
1294 611.127 
1574.35 611.145 
1575.01 611.152 
211.335 608.13 
212.007 608.125 
420.89 589.137 
420.325 588.133 
420.996 588.141 
-1087.11 579.128 
-1087.66 578.116 
-1087 578.116 
33.8828 572.144 
-1193.07 571.136 
33.3222 571.167 
34.0025 571.164 
-1193.67 570.129 
-1192.97 570.135 
662.901 566.137 
87.9035 563.153 
662.334 565.135 
663.007 565.134 
586.887 560.145 
87.3337 562.144 
87.9968 562.149 
586.332 559.143 
587.002 559.146 
-201.112 550.148 
-933.093 548.137 
-201.677 549.134 
-201.007 549.138 
-933.676 547.128 
-933.01 547.136 
-360.084 536.148 
-360.681 535.156 
-359.988 535.16 
195.881 529.147 
625.908 527.105 
195.315 528.146 
195.997 528.141 
624.984 524.639 
626.334 524.658 
624.46 522.007 
625.986 522.061 
1346.91 519.153 
1346.34 518.149 
1347 518.157 
298.888 513.139 
298.331 512.111 
299 512.114 
113.894 506.128 
113.324 505.138 
114.007 505.14 
1201.89 502.146 
1201.33 501.144 
1201.99 501.143 
-870.094 496.135 
-870.652 495.139 
-869.978 495.137 
15.8918 492.128 
331.893 489.142 
15.3348 491.14 
16.0188 491.13 
-1507.08 487.137 
-691.126 485.138 
331.333 488.131 
332.002 488.131 
-160.11 484.11 
-1507.66 486.145 
-1506.97 486.152 
-1296.11 481.164 
-691.68 484.128 
-691.015 484.125 
-160.675 483.114 
-160.005 483.109 
-1296.66 480.135 
-1296 480.134 
514.9 472.132 
-738.115 469.153 
-1132.11 468.148 
514.346 471.13 
515.015 471.134 
-738.675 468.155 
-738.002 468.154 
-1132.67 467.143 
-1131.99 467.147 
1575.91 455.137 
1575.33 454.149 
1576.01 454.146 
-458.097 448.144 
-188.101 446.157 
-458.649 447.147 
-457.994 447.146 
-188.681 445.143 
-188.012 445.148 
-627.108 440.117 
-627.664 439.096 
-626.999 439.102 
18.8788 434.146 
18.3504 433.134 
18.9979 433.125 
95.9063 427.129 
1447.9 426.148 
95.3225 426.138 
96.0091 426.143 
-1630.1 422.143 
1445.9 424.134 
1447.82 424.241 
1449.32 424.314 
-751.098 421.139 
-1630.67 421.163 
-1630 421.157 
1447.76 422.698 
-751.658 420.127 
-750.994 420.122 
-459.111 415.148 
-459.669 414.169 
-458.991 414.156 
-700.12 400.147 
-511.086 397.145 
-700.68 399.147 
-699.996 399.146 
592.889 394.138 
-511.659 396.148 
-510.997 396.142 
1226.9 393.142 
488.904 391.145 
592.327 393.146 
593.006 393.148 
-1240.09 389.142 
1226.34 392.12 
1227.02 392.121 
488.345 390.148 
489.023 390.148 
625.898 387.139 
-1240.67 388.137 
-1239.99 388.136 
625.333 386.163 
626.011 386.158 
-998.091 372.15 
106.911 372.148 
-899.096 370.131 
-998.674 371.174 
-997.994 371.175 
106.334 371.148 
107.006 371.141 
-899.665 369.138 
-898.982 369.139 
119.887 349.137 
-49.0974 348.156 
119.331 348.113 
120.009 348.115 
-49.6638 347.167 
-49.0009 347.158 
-1584.1 343.126 
723.909 341.143 
-1584.68 342.125 
-1584 342.128 
721.899 339.138 
723.818 339.226 
725.334 339.285 
723.756 337.708 
178.909 330.132 
178.336 329.125 
179.023 329.127 
-459.095 323.146 
1373.89 320.147 
-459.65 322.144 
-458.984 322.143 
1371.89 318.133 
1373.81 318.215 
1375.32 318.271 
1373.75 316.708 
-88.099 299.135 
317.914 297.127 
-88.6618 298.133 
-87.9901 298.133 
317.332 296.136 
318.019 296.134 
-1439.09 290.156 
-1439.67 289.154 
-1438.99 289.164 
-1448.11 274.141 
-100.096 271.142 
-1448.68 273.147 
-1448 273.149 
915.916 268.146 
-100.669 270.14 
-99.9997 270.138 
915.327 267.137 
916.005 267.139 
188.902 257.148 
188.346 256.139 
189.014 256.132 
1404.88 251.128 
-305.088 249.152 
1404.33 250.134 
1405 250.134 
-305.652 248.154 
-304.984 248.152 
432.911 236.135 
-126.12 233.143 
432.334 235.119 
433.011 235.124 
568.914 230.143 
-126.681 232.144 
-125.992 232.145 
568.34 229.133 
569.005 229.141 
-1288.08 225.134 
1178.87 225.131 
-196.124 223.132 
-1288.67 224.127 
-1287.99 224.128 
-864.108 221.165 
1178.31 224.139 
1178.99 224.139 
-196.672 222.133 
-196.013 222.128 
-864.663 220.155 
-864.011 220.153 
-1150.11 214.153 
-1150.67 213.16 
-1150 213.154 
-1181.1 206.137 
-599.101 205.147 
241.911 205.156 
-610.091 203.141 
-1181.67 205.13 
-1180.99 205.131 
-601.312 203.114 
-599.178 203.237 
-597.681 203.294 
241.333 204.169 
242.001 204.166 
-610.66 202.154 
-609.975 202.134 
-599.231 201.706 
200.895 184.139 
200.331 183.15 
201.013 183.144 
527.895 177.138 
835.901 176.14 
109.906 173.135 
525.889 175.134 
527.806 175.213 
529.33 175.266 
-1559.1 172.153 
835.324 175.138 
836.012 175.138 
1028.87 172.136 
109.322 172.129 
110.015 172.139 
527.747 173.715 
-1559.68 171.143 
-1558.99 171.145 
1028.33 171.143 
1029 171.14 
-38.1054 165.138 
-40.1173 163.136 
-38.2016 163.226 
-36.6778 163.289 
-38.2666 161.719 
797.899 150.148 
-1120.12 146.138 
797.32 149.124 
798.004 149.132 
-1445.08 143.134 
-1120.67 145.172 
-1120 145.161 
-1445.64 142.142 
-1444.97 142.135 
-95.0957 133.126 
1255.91 133.138 
1021.88 132.144 
-95.6671 132.139 
-94.9817 132.135 
1255.34 132.119 
1256.01 132.121 
1021.32 131.148 
1022 131.154 
1220.91 102.151 
-857.091 100.129 
1220.34 101.155 
1221.01 101.142 
-857.664 99.1341 
-856.982 99.1321 
-1419.1 91.1372 
647.93 89.1378 
-1392.11 88.1357 
-1419.67 90.1391 
-1418.99 90.1411 
413.885 86.1324 
647.347 88.123 
648.027 88.1241 
-1394.1 86.1477 
-1392.19 86.2305 
-1390.67 86.2868 
-553.103 84.1426 
413.313 85.1544 
414.004 85.1434 
714.909 82.1293 
-1392.24 84.718 
-553.662 83.1407 
-553.003 83.1471 
-728.092 79.1445 
714.337 81.1296 
715.017 81.1338 
-728.668 78.1471 
-727.985 78.1362 
1182.91 71.1418 
-418.14 70.1422 
7.874 68.1354 
1180.91 69.1452 
1182.82 69.2344 
1184.33 69.2948 
-418.684 69.1374 
-418.017 69.1467 
7.32407 67.1376 
7.98533 67.1348 
1182.75 67.7096 
-1161.07 62.1247 
-1161.65 61.1332 
-1160.98 61.135 
-1634.44 57.1785 
-1632.15 56.1068 
-1637.16 55.4171 
-1635.1 55.1471 
-276.082 53.1407 
-1632.58 53.727 
-1637.17 52.4033 
-276.663 52.1432 
-275.989 52.1384 
-1634.46 51.6091 
-113.125 42.1412 
-113.67 41.1594 
-113.011 41.1523 
421.882 37.1535 
1046.9 34.1365 
421.331 36.1595 
422.005 36.154 
-853.108 31.1399 
1046.33 33.1206 
1047 33.1241 
-853.658 30.138 
-852.991 30.1437 
1221.91 25.1351 
1221.33 24.1284 
1222 24.1356 
-961.077 19.1426 
-1372.12 18.1609 
-1070.09 16.1488 
-961.657 18.1411 
-960.98 18.1448 
-1372.67 17.1611 
-1372.01 17.1702 
-1070.66 15.1426 
-1069.99 15.1451 
552.907 10.1494 
882.892 7.13585 
552.351 9.14549 
553.016 9.14159 
326.892 5.14024 
882.328 6.14391 
882.991 6.14342 
326.337 4.12755 
327 4.12486 
1463.89 -5.84682 
-1053.1 -8.8445 
1463.34 -6.84462 
1463.99 -6.84938 
-1053.66 -9.81483 
-1052.98 -9.81496 
-1325.1 -18.8618 
700.895 -18.859 
-1325.66 -19.8611 
-1325 -19.8652 
700.33 -19.8594 
701.003 -19.8526 
296.898 -25.8523 
296.331 -26.8543 
297.013 -26.8534 
-1148.08 -41.8613 
-1148.66 -42.876 
-1147.98 -42.8718 
-118.123 -59.8635 
-551.109 -63.8526 
-118.677 -60.8623 
-118.008 -60.8598 
-1513.11 -65.8627 
-551.674 -64.8568 
-551.004 -64.8546 
-1513.68 -66.8648 
-1513 -66.8729 
-923.087 -74.8792 
-923.668 -75.8733 
-923.003 -75.8739 
122.932 -83.846 
122.353 -84.8513 
123.026 -84.8507 
-856.102 -90.8684 
-856.669 -91.8695 
-855.973 -91.8701 
334.895 -100.861 
334.345 -101.863 
335.011 -101.871 
477.888 -104.861 
477.338 -105.854 
478.004 -105.862 
-599.115 -112.857 
-599.67 -113.842 
-599 -113.854 
-594.109 -125.864 
-594.655 -126.862 
-593.982 -126.861 
1248.91 -146.868 
1248.33 -147.873 
1249.02 -147.872 
-1363.1 -165.854 
-787.096 -167.872 
-1417.13 -168.874 
-1363.67 -166.847 
-1362.99 -166.847 
-787.667 -168.884 
-786.987 -168.877 
-1417.68 -169.868 
-1417 -169.868 
101.883 -173.86 
-138.097 -175.858 
101.313 -174.86 
101.995 -174.86 
1516.91 -177.856 
-138.66 -176.863 
-137.986 -176.87 
390.865 -180.865 
1516.34 -178.855 
1517.01 -178.857 
390.32 -181.861 
390.997 -181.866 
-1114.11 -187.848 
-1114.67 -188.821 
-1113.99 -188.824 
-850.098 -196.842 
-852.095 -198.869 
-850.187 -198.77 
-848.671 -198.702 
-850.247 -200.298 
-552.098 -204.862 
-552.668 -205.861 
-551.993 -205.865 
1547.89 -210.842 
-1426.1 -211.871 
-904.07 -212.866 
1547.33 -211.84 
1548 -211.842 
-1426.67 -212.866 
-1425.99 -212.864 
-904.655 -213.859 
-903.99 -213.856 
-679.1 -220.847 
633.901 -220.858 
-679.66 -221.834 
-678.983 -221.842 
633.336 -221.857 
634.006 -221.855 
-870.104 -226.87 
-634.432 -226.814 
-631.917 -227.935 
-637.548 -228.764 
-870.658 -227.865 
-869.989 -227.866 
-635.397 -228.933 
-632.075 -230.431 
-637.566 -231.996 
-635.365 -233.298 
-632.015 -233.479 
-629.49 -234.8 
-630.561 -237.144 
-627.989 -237.988 
-1342.1 -246.857 
-1342.67 -247.869 
-1342 -247.871 
-407.104 -250.865 
-216.106 -253.85 
-407.661 -251.855 
-406.994 -251.855 
-216.666 -254.845 
-215.99 -254.85 
1373.88 -264.862 
1373.32 -265.869 
1373.99 -265.874 
828.897 -276.859 
-1014.13 -278.845 
-103.095 -279.866 
828.343 -277.872 
829.002 -277.868 
299.895 -281.858 
-1014.68 -279.836 
-1014.01 -279.844 
-103.669 -280.865 
-102.994 -280.86 
299.336 -282.855 
300.009 -282.862 
-1312.08 -303.857 
-1312.65 -304.881 
-1312 -304.861 
486.884 -307.854 
486.334 -308.844 
486.998 -308.847 
1480.89 -318.865 
1480.35 -319.862 
1481.01 -319.861 
-378.114 -328.858 
-378.665 -329.848 
-378.007 -329.852 
-992.081 -336.862 
575.914 -336.867 
-992.669 -337.87 
-991.982 -337.859 
575.339 -337.868 
576.014 -337.86 
-1611.12 -359.861 
-1613.1 -361.857 
-1611.2 -361.769 
-1609.67 -361.709 
-1292.08 -363.869 
-1611.25 -363.294 
-1294.09 -365.887 
-1292.17 -365.788 
-1290.67 -365.719 
-355.106 -370.859 
-1292.23 -367.296 
-355.673 -371.861 
-354.998 -371.858 
773.897 -374.855 
773.351 -375.871 
774.008 -375.87 
76.872 -385.88 
1027.9 -385.856 
76.318 -386.866 
76.9903 -386.856 
1027.32 -386.874 
1028 -386.865 
279.893 -395.869 
279.344 -396.864 
280.01 -396.873 
945.913 -403.869 
945.351 -404.847 
946.017 -404.847 
39.9084 -412.866 
39.3379 -413.88 
40.0238 -413.872 
52.9033 -417.853 
50.9049 -419.872 
52.8135 -419.78 
54.3275 -419.716 
61.9013 -424.867 
52.753 -421.285 
61.3335 -425.847 
62.0017 -425.847 
1493.89 -431.841 
-464.105 -433.878 
1493.33 -432.85 
1493.99 -432.857 
-464.684 -434.88 
-464 -434.873 
1272.88 -444.848 
1272.33 -445.841 
1273.01 -445.847 
-816.123 -462.858 
-816.669 -463.866 
-816.005 -463.861 
1353.9 -484.866 
1353.35 -485.871 
1354.01 -485.867 
-1137.08 -496.859 
-668.115 -496.866 
311.928 -497.852 
-1137.65 -497.876 
-1136.99 -497.873 
-668.661 -497.854 
-667.995 -497.859 
311.348 -498.868 
312.03 -498.858 
1223.92 -517.86 
-1210.09 -519.847 
1223.34 -518.848 
1224.04 -518.857 
-1210.66 -520.85 
-1210 -520.845 
-999.115 -528.847 
1486.91 -531.862 
-999.665 -529.849 
-998.998 -529.851 
1462.92 -534.864 
-1454.1 -535.854 
1486.34 -532.859 
1487.02 -532.857 
1462.33 -535.878 
1463.01 -535.873 
-1454.66 -536.873 
-1454 -536.858 
1277.91 -543.853 
1277.34 -544.857 
1278.01 -544.855 
45.89 -552.866 
45.3174 -553.854 
45.9911 -553.854 
-1549.12 -571.861 
-1551.11 -573.873 
-1549.2 -573.778 
-1547.67 -573.713 
369.884 -577.863 
-1549.25 -575.29 
-1404.08 -579.879 
369.334 -578.869 
370.003 -578.861 
-1404.67 -580.853 
-1403.98 -580.856 
935.907 -585.837 
935.337 -586.853 
936.009 -586.849 
-181.11 -593.84 
709.899 -593.854 
1197.91 -593.854 
-181.661 -594.828 
-180.999 -594.83 
709.334 -594.866 
710.007 -594.866 
1197.34 -594.856 
1198.01 -594.859 
864.911 -602.855 
864.343 -603.865 
865.015 -603.866 
-1179.11 -616.867 
-1179.67 -617.862 
-1178.99 -617.867 
-1459.11 -629.847 
-1459.67 -630.847 
-1459.01 -630.848 
-1572.08 -641.85 
-1572.67 -642.85 
-1571.98 -642.841 
322.887 -656.84 
322.334 -657.86 
322.993 -657.863 
207.863 -666.846 
207.32 -667.831 
207.99 -667.844 
128.89 -675.86 
128.335 -676.88 
128.999 -676.88 
131.907 -691.86 
131.349 -692.865 
132.019 -692.866 
558.912 -705.873 
573.901 -708.854 
558.334 -706.866 
559.018 -706.855 
-1170.09 -711.853 
573.334 -709.852 
574.017 -709.856 
783.907 -712.859 
-1170.66 -712.86 
-1169.99 -712.853 
-533.116 -715.863 
783.327 -713.85 
784.006 -713.853 
-535.093 -717.861 
-533.186 -717.777 
-531.676 -717.72 
-533.233 -719.289 
-783.101 -724.862 
-783.666 -725.859 
-782.99 -725.863 
-962.097 -730.871 
-962.684 -731.865 
-961.993 -731.856 
-399.079 -762.857 
-136.104 -763.855 
-399.654 -763.843 
-398.997 -763.847 
-136.662 -764.868 
-135.996 -764.862 
629.871 -783.864 
629.327 -784.85 
629.988 -784.851 
530.924 -790.851 
530.353 -791.836 
531.026 -791.843 
693.868 -796.866 
-641.128 -797.863 
-960.12 -798.842 
693.321 -797.854 
694.002 -797.856 
-641.666 -798.836 
-640.999 -798.841 
-960.687 -799.832 
-960.009 -799.84 
-106.103 -810.866 
-108.101 -812.864 
-106.185 -812.773 
-104.672 -812.711 
-106.242 -814.297 
-1005.09 -819.855 
-1005.68 -820.863 
-1004.99 -820.865 
-239.125 -824.864 
-241.094 -826.852 
-239.189 -826.786 
-237.662 -826.741 
-239.23 -828.302 
-290.132 -835.866 
1407.9 -838.86 
-290.669 -836.864 
-289.994 -836.869 
1407.33 -839.862 
1408 -839.854 
1064.89 -847.861 
-1515.07 -848.86 
1064.33 -848.87 
1064.99 -848.869 
-1515.66 -849.868 
-1514.97 -849.864 
-1166.1 -857.858 
535.872 -858.848 
-1166.65 -858.861 
-1166 -858.866 
535.332 -859.847 
535.983 -859.849 
-377.097 -875.86 
-377.668 -876.844 
-376.99 -876.849 
187.907 -887.844 
187.34 -888.846 
188 -888.842 
719.558 -898.818 
721.867 -899.896 
-185.108 -901.856 
717.364 -901.007 
719.457 -902.306 
721.94 -902.259 
-185.664 -902.861 
-184.995 -902.86 
-1484.1 -908.861 
719.53 -904.392 
-1486.11 -910.856 
-1484.19 -910.777 
-1482.67 -910.723 
-1484.25 -912.293 
-610.087 -932.859 
-610.672 -933.856 
-609.989 -933.859 
-203.083 -942.858 
-167.111 -942.877 
-407.104 -944.85 
-205.102 -944.858 
-203.18 -944.772 
-201.674 -944.714 
-167.684 -943.864 
-166.995 -943.861 
-407.662 -945.852 
-406.988 -945.852 
-939.097 -949.838 
1196.89 -949.853 
-203.247 -946.283 
-939.661 -950.848 
-939.003 -950.85 
1194.89 -951.871 
1196.8 -951.776 
1198.32 -951.709 
1196.73 -953.277 
-1563.1 -960.854 
-1563.67 -961.861 
-1563 -961.865 
1470.89 -971.851 
1470.34 -972.843 
1471 -972.843 
617.879 -987.849 
617.326 -988.838 
617.998 -988.848 
559.9 -992.88 
559.329 -993.878 
560.012 -993.881 
-665.128 -1004.87 
-665.68 -1005.88 
-665.006 -1005.87 
-121.083 -1019.86 
-123.098 -1021.87 
-121.17 -1021.77 
-119.673 -1021.71 
-121.23 -1023.28 
-371.113 -1039.86 
1463.89 -1042.86 
-371.67 -1040.84 
-370.995 -1040.84 
-1163.12 -1044.87 
1463.34 -1043.88 
1464 -1043.87 
-1163.69 -1045.85 
-1162.99 -1045.86 
670.89 -1067.86 
670.33 -1068.85 
671.006 -1068.85 
-893.071 -1091.87 
-893.672 -1092.87 
-892.982 -1092.86 
-1547.09 -1097.86 
-1547.67 -1098.86 
-1546.98 -1098.86 
-7.0917 -1108.87 
-495.088 -1109.84 
170.892 -1110.86 
496.898 -1110.86 
-7.64956 -1109.86 
-6.98831 -1109.87 
-495.66 -1110.85 
-494.993 -1110.85 
168.891 -1112.86 
170.809 -1112.77 
172.327 -1112.72 
496.337 -1111.85 
497.017 -1111.86 
170.752 -1114.29 
-1414.09 -1119.85 
-1414.66 -1120.87 
-1413.98 -1120.87 
-443.103 -1131.87 
476.916 -1132.87 
-443.675 -1132.86 
-442.979 -1132.86 
476.342 -1133.87 
477.028 -1133.87 
-1032.09 -1146.85 
-1032.65 -1147.86 
-1032 -1147.85 
1266.92 -1170.86 
-824.094 -1171.87 
1266.33 -1171.87 
1267.02 -1171.86 
-824.664 -1172.88 
-823.992 -1172.88 
456.914 -1196.86 
927.899 -1199.86 
456.337 -1197.85 
457.007 -1197.84 
927.343 -1200.86 
927.998 -1200.86 
-358.108 -1214.86 
-358.655 -1215.84 
-357.988 -1215.84 
-1351.07 -1225.85 
-1352.15 -1227.06 
-1350.98 -1226.99 
