-3.11038 1193.14 
-43.0976 1187.13 
1243.9 1182.12 
-1140.07 1180.13 
839.898 1175.15 
732.908 1168.13 
-283.102 1160.14 
-462.103 1143.12 
1551.89 1142.14 
64.8885 1131.15 
513.905 1125.12 
-52.0987 1119.15 
26.9033 1116.13 
1309.88 1070.14 
-420.089 1063.16 
195.912 1058.15 
1470.91 1050.13 
843.907 1049.13 
-460.098 1034.15 
-1126.09 1031.11 
1125.89 1031.13 
-225.081 1017.61 
-1455.1 1011.16 
228.919 1008.13 
713.921 1004.14 
-350.103 966.154 
22.8866 958.156 
935.918 956.155 
-436.089 934.141 
304.909 926.152 
-98.0856 923.141 
45.8901 922.142 
-519.086 912.156 
-31.1021 911.145 
-801.107 902.147 
-743.122 899.144 
-1514.08 895.142 
1528.92 894.149 
1555.91 872.141 
1614.91 870.144 
-948.099 867.147 
-452.084 866.149 
1136.91 855.157 
258.885 854.122 
-1319.09 847.139 
1040.91 839.134 
-547.113 827.147 
-294.099 819.145 
-28.1197 817.148 
907.893 807.148 
-702.097 803.15 
-1467.1 802.161 
-340.103 801.14 
-4.09622 787.152 
1196.89 784.132 
-696.103 783.147 
6.90867 757.14 
-318.1 749.141 
301.902 717.14 
-790.099 706.136 
-632.1 695.138 
185.9 694.151 
-1180.1 680.162 
253.903 678.153 
-324.119 666.141 
-1042.11 659.134 
547.295 648.134 
559.142 648.151 
977.915 644.135 
855.901 643.154 
1199.89 643.139 
-1508.07 641.156 
492.897 620.133 
56.91 618.123 
335.893 615.143 
-940.093 614.158 
166.887 607.141 
1405.89 603.141 
377.883 602.148 
1282.9 599.137 
711.91 593.137 
-96.0791 592.176 
-775.102 588.138 
-443.099 578.132 
-494.096 574.131 
568.891 570.136 
1372.89 569.133 
1066.91 568.13 
-1504.1 563.15 
118.905 561.138 
-345.078 531.135 
1349.9 505.132 
431.894 498.139 
1551.91 497.13 
-323.112 493.139 
-125.107 489.144 
-690.088 484.186 
1187.89 479.129 
-690.088 484.129 
-356.899 461.095 
-727.129 458.14 
-364.732 459.24 
-30.0927 456.135 
717.908 456.134 
1262.89 450.114 
-389.106 448.15 
1205.9 444.142 
-28.4488 441.804 
538.906 438.152 
-605.088 431.148 
568.903 432.146 
726.888 432.137 
683.903 424.131 
-1261.09 420.161 
81.9122 411.157 
-702.455 401.697 
1475.89 394.139 
-1587.11 389.144 
-345.106 387.16 
-532.073 384.162 
224.904 383.152 
-329.102 371.144 
-301.124 368.131 
720.894 367.153 
247.899 358.151 
-541.729 353.826 
-782.102 355.149 
-119.094 351.148 
245.052 351.306 
-541.679 353.716 
670.909 336.143 
1447.91 332.144 
-267.097 325.156 
979.9 314.125 
474.891 311.131 
170.909 309.167 
-591.098 298.132 
-294.107 291.145 
601.901 283.132 
-761.08 276.159 
1099.92 275.124 
-225.103 265.141 
342.51 263.89 
-1382.08 257.148 
333.18 253.204 
338.357 256.869 
-461.102 243.136 
-873.096 235.145 
-1352.12 215.139 
35.9264 215.139 
-1140.1 213.113 
123.328 171.535 
531.923 171.139 
998.883 169.122 
367.905 165.13 
-115.095 162.14 
773.915 160.16 
-1124.1 159.132 
1383.88 158.114 
670.881 156.145 
-1371.09 148.135 
-587.083 142.13 
-1226.1 140.153 
-1004.09 137.146 
1433.91 136.155 
-531.106 132.138 
843.911 130.14 
-1529.1 128.13 
40.8999 123.147 
464.899 123.137 
492.895 118.141 
-22.088 115.136 
-1354.1 112.135 
945.893 94.1366 
-1195.09 88.1554 
789.903 88.1274 
865.885 75.1512 
-421.111 64.1192 
1046.93 64.129 
1087.89 63.1413 
-82.0854 57.1316 
975.897 56.1383 
457.897 36.1379 
-320.11 32.1304 
-406.114 21.1448 
1520.91 20.1245 
431.895 12.1398 
-965.095 9.14391 
-1338.11 5.14452 
-103.109 4.12169 
109.891 4.14842 
827.899 3.145 
-766.115 -2.86574 
-1478.1 -3.86061 
-1274.14 -5.85646 
-1617.09 -15.8602 
1529.91 -28.8316 
-428.107 -33.8673 
136.902 -34.8703 
568.884 -42.8566 
272.915 -43.8728 
-201.106 -52.8638 
1063.89 -54.8706 
564.913 -64.8738 
1548.9 -71.8557 
163.904 -75.8618 
-280.106 -80.8433 
208.906 -82.8643 
-1304.12 -85.8566 
-694.114 -84.8522 
204.799 -88.7518 
1565.91 -95.8515 
534.911 -96.8578 
436.912 -99.8607 
-255.086 -100.859 
-1519.1 -101.878 
-430.108 -116.843 
614.891 -123.853 
-803.104 -127.881 
-704.099 -130.874 
-1564.09 -131.838 
-208.104 -133.871 
266.903 -134.856 
564.886 -139.88 
-1223.13 -148.851 
-1105.11 -151.852 
-1185.09 -157.849 
-474.07 -156.857 
-644.105 -157.853 
-837.099 -172.865 
426.883 -174.855 
188.677 -178.991 
-1149.08 -187.84 
-483.091 -188.847 
-1089.27 -193.104 
52.8962 -194.856 
-103.12 -196.86 
-809.1 -203.855 
-574.112 -206.86 
-300.091 -208.864 
-393.099 -211.835 
257.906 -222.858 
-354.104 -223.864 
-463.067 -235.853 
-44.1059 -237.865 
678.908 -241.879 
-387.103 -260.865 
-552.102 -264.854 
-151.093 -266.847 
-1351.09 -269.841 
1218.9 -279.858 
-895.09 -282.859 
108.899 -286.863 
-942.109 -293.882 
131.909 -298.862 
773.883 -298.867 
112.3 -293.223 
-326.067 -313.849 
277.905 -315.859 
178.899 -327.861 
562.9 -331.877 
-819.119 -333.866 
-1219.1 -335.874 
224.885 -337.866 
30.8778 -338.857 
74.9046 -348.87 
-363.103 -349.863 
-1181.11 -368.86 
-206.091 -385.871 
-1045.09 -390.869 
-1155.11 -393.874 
243.897 -393.86 
-355.089 -398.836 
-941.098 -399.862 
933.877 -406.856 
-1482.09 -407.875 
395.89 -414.857 
-262.099 -426.858 
-1619.09 -436.853 
-359.097 -437.847 
-410.096 -438.87 
-1561.11 -442.852 
917.913 -445.859 
-526.092 -446.876 
-1210.12 -458.834 
-543.092 -460.865 
-122.091 -460.862 
-854.22 -464.291 
829.901 -464.856 
1550.91 -464.871 
443.904 -470.845 
-790.097 -476.865 
-903.093 -487.858 
747.903 -489.857 
-377.116 -492.858 
-515.103 -495.853 
923.871 -503.861 
-28.1066 -507.859 
995.891 -513.847 
755.901 -516.858 
-796.107 -531.848 
-421.09 -535.861 
-322.096 -540.845 
692.843 -546.03 
-1405.1 -545.856 
692.654 -547.096 
425.904 -560.869 
168.892 -569.852 
396.864 -571.875 
-1332.09 -573.869 
283.897 -574.858 
-259.107 -580.837 
741.891 -591.868 
-985.113 -598.877 
-16.0764 -608.859 
1242.91 -608.847 
-960.098 -621.861 
591.881 -629.851 
-973.696 -633.414 
693.47 -635.863 
-110.115 -639.879 
-837.086 -641.878 
234.905 -651.857 
885.917 -659.856 
-519.096 -662.864 
-1368.1 -663.883 
-269.118 -678.864 
-29.085 -682.858 
-576.114 -690.875 
-187.094 -700.866 
-760.097 -702.865 
-207.09 -712.86 
-311.087 -722.867 
-1034.1 -733.856 
95.9035 -736.867 
895.902 -736.863 
152.9 -740.856 
833.901 -740.859 
1373.89 -757.87 
994.901 -768.868 
107.915 -770.857 
-896.092 -771.866 
-804.104 -774.873 
-695.105 -777.868 
-157.09 -780.863 
1185.9 -780.857 
-1464.12 -796.86 
395.891 -797.862 
-712.095 -808.868 
-754.111 -812.867 
549.909 -816.836 
-545.103 -836.861 
1314.89 -838.865 
-875.088 -842.858 
-741.101 -842.87 
-585.117 -852.866 
1289.88 -852.844 
-973.093 -854.856 
-718.099 -857.848 
-1059.09 -858.862 
-1045.09 -876.848 
-882.098 -879.874 
-809.118 -889.855 
-1592.11 -912.859 
-41.1178 -913.858 
-691.101 -920.86 
-1417.09 -925.866 
-420.1 -927.859 
1060.92 -929.678 
8.91062 -935.859 
-893.111 -943.868 
8.8895 -985.862 
-1235.1 -986.871 
1073.9 -986.863 
-315.114 -996.844 
1359.89 -1001.86 
-388.085 -1012.85 
-459.109 -1041.86 
-1269.11 -1045.86 
-228.079 -1045.86 
-700.099 -1054.85 
-400.107 -1062.86 
-1008.1 -1065.85 
-1563.11 -1066.84 
335.91 -1080.86 
1244.9 -1080.85 
-112.078 -1083.85 
-1004.1 -1089.86 
548.908 -1093.88 
1281.91 -1107.87 
315.891 -1117.86 
-858.111 -1122.86 
217.897 -1123.84 
-1216.1 -1132.85 
-322.097 -1133.85 
-979.091 -1136.87 
-346.094 -1150.86 
144.886 -1161.86 
-854.096 -1163.85 
-93.0932 -1163.85 
-1054.09 -1193.85 
351.895 -1194.86 
-1157.11 -1204.87 
-807.109 -1211.87 
