297.921 1208.16 
297.342 1207.14 
298.012 1207.14 
-545.078 1201.16 
-545.661 1200.15 
-544.98 1200.15 
361.901 1192.15 
359.899 1190.16 
361.822 1190.24 
363.331 1190.29 
361.767 1188.71 
-1204.1 1161.14 
-1448.12 1158.14 
-1204.67 1160.13 
-1204 1160.14 
-1448.68 1157.13 
-1448 1157.13 
-226.109 1153.15 
-1351.08 1149.15 
-226.663 1152.15 
-225.992 1152.14 
-1351.66 1148.16 
-1350.99 1148.16 
130.937 1136.14 
130.352 1135.14 
131.031 1135.14 
-625.089 1127.14 
101.907 1125.16 
-625.652 1126.14 
-624.992 1126.15 
101.339 1124.14 
102.007 1124.15 
-553.081 1119.13 
-553.657 1118.14 
-552.978 1118.13 
586.923 1107.14 
-1425.11 1105.15 
586.341 1106.14 
587.025 1106.14 
-1425.66 1104.16 
-1424.98 1104.15 
-486.108 1100.13 
-486.676 1099.15 
-485.992 1099.15 
196.911 1091.14 
196.33 1090.14 
197.009 1090.15 
-1637.35 1081.72 
-1636.1 1080.13 
-1639.73 1080.28 
-1639.77 1078.67 
-1638.11 1078.12 
-1636.59 1078.62 
-183.12 1057.15 
357.906 1054.16 
-183.67 1056.15 
-182.999 1056.14 
103.893 1052.14 
357.335 1053.16 
358.001 1053.15 
103.351 1051.15 
104.012 1051.15 
364.905 1043.15 
364.347 1042.14 
365.008 1042.14 
643.92 1038.16 
643.341 1037.14 
644.022 1037.15 
364.883 1020.13 
364.316 1019.14 
364.997 1019.14 
507.904 1012.13 
507.345 1011.15 
508.011 1011.15 
119.872 993.159 
119.332 992.138 
119.996 992.137 
-517.113 987.14 
-274.136 987.14 
-519.096 985.138 
-517.196 985.23 
-515.673 985.292 
-274.665 986.134 
-274.017 986.133 
111.895 982.143 
-517.253 983.708 
109.895 980.158 
111.807 980.235 
113.325 980.286 
111.746 978.712 
-610.08 912.145 
506.918 910.15 
-610.657 911.133 
-609.836 911.022 
506.345 909.142 
507.024 909.145 
-607.192 906.533 
-604.953 904.74 
-605.684 904.003 
-604.978 904.031 
0.860571 896.134 
0.322607 895.147 
0.998267 895.144 
418.907 877.151 
418.335 876.149 
419.008 876.148 
-1435.08 865.154 
-1435.67 864.151 
-1434.97 864.154 
-473.096 861.135 
-1397.09 858.135 
-473.659 860.149 
-472.991 860.149 
-1397.67 857.122 
-1396.98 857.128 
-1041.09 849.14 
-1181.11 847.144 
-1041.66 848.137 
-1040.99 848.135 
-1181.67 846.123 
-1181.01 846.124 
-784.108 839.152 
-784.672 838.155 
-783.993 838.138 
-739.113 828.14 
-260.083 828.136 
906.876 825.146 
-739.658 827.142 
-738.99 827.141 
-260.661 827.148 
-259.972 827.141 
906.327 824.137 
906.99 824.134 
-1437.1 813.149 
-939.084 811.144 
-1437.66 812.165 
-1436.98 812.165 
-939.671 810.145 
-938.972 810.148 
-885.096 806.147 
-885.673 805.138 
-884.998 805.141 
-591.054 779.142 
-591.631 778.14 
-590.97 778.144 
1103.89 765.145 
1103.32 764.132 
1104 764.134 
-1626.07 752.143 
-1626.66 751.14 
-1625.97 751.153 
-1540.11 746.131 
-1540.67 745.132 
-1540 745.129 
-270.083 729.145 
-270.662 728.144 
-269.993 728.15 
-1438.09 714.133 
-1438.69 713.122 
-1438 713.13 
-1225.1 698.133 
-1225.66 697.136 
-1224.98 697.135 
286.904 692.152 
286.341 691.141 
287.014 691.137 
-626.107 687.124 
-626.664 686.138 
-625.987 686.132 
1115.9 680.137 
1115.34 679.137 
1116.01 679.139 
-876.097 669.135 
-876.655 668.113 
-876.003 668.111 
1105.92 659.129 
1105.33 658.125 
1106.02 658.133 
610.9 632.128 
610.34 631.13 
611.015 631.128 
-470.093 621.146 
530.906 621.122 
330.919 620.145 
-470.666 620.14 
-470.001 620.137 
530.33 620.124 
531.013 620.131 
330.348 619.141 
331.025 619.14 
-953.086 604.138 
-955.089 602.138 
-953.17 602.221 
-951.679 602.277 
-953.228 600.708 
990.905 588.145 
990.346 587.143 
991 587.149 
44.9151 570.154 
44.3387 569.163 
44.9974 569.16 
487.903 564.134 
487.349 563.148 
488.014 563.151 
344.897 558.135 
344.33 557.141 
345.012 557.143 
1307.92 554.14 
1071.92 551.146 
285.901 550.147 
1307.34 553.149 
1308.02 553.147 
1071.35 550.135 
1072.03 550.135 
285.343 549.137 
286.024 549.139 
-1455.1 541.137 
-1455.66 540.12 
-1455 540.127 
-264.11 537.141 
-264.668 536.148 
-263.999 536.146 
151.913 533.145 
151.336 532.143 
152.027 532.143 
777.936 522.141 
1076.92 521.135 
777.366 521.141 
778.024 521.139 
1076.34 520.144 
1077.03 520.142 
-1426.1 516.145 
645.885 515.138 
-1428.1 514.131 
-1426.2 514.23 
-1424.68 514.299 
645.321 514.13 
645.995 514.136 
-1426.27 512.713 
-602.108 471.138 
-602.666 470.15 
-601.998 470.15 
-215.103 460.139 
-215.731 458.955 
-215.07 458.99 
660.922 455.141 
817.888 455.134 
-217.498 453.681 
-216.328 454.373 
890.909 452.147 
-164.094 451.128 
660.333 454.143 
661.021 454.143 
817.345 454.151 
818.002 454.144 
-217.692 452 
-216.995 452.033 
890.342 451.141 
891.002 451.139 
-166.113 449.138 
-164.195 449.221 
-162.668 449.277 
-164.263 447.718 
-780.434 436.184 
-777.905 435.063 
-783.559 434.24 
-781.395 434.06 
-778.072 432.566 
464.908 430.153 
-783.568 431.011 
1061.89 427.142 
-781.358 429.714 
-778.239 429.789 
464.345 429.168 
465.009 429.169 
1059.91 425.148 
1061.81 425.234 
1063.32 425.293 
1061.76 423.717 
-1462.1 415.144 
1301.88 415.151 
-1462.68 414.173 
-1461.99 414.162 
1301.34 414.146 
1302.25 413.918 
1306.95 410.279 
56.9187 405.143 
1307.04 408.298 
1308 408.136 
-824.089 401.157 
56.3498 404.151 
57.0195 404.146 
1067.91 398.146 
-824.655 400.147 
-823.988 400.147 
-524.099 395.145 
1065.91 396.136 
1067.83 396.228 
1069.33 396.289 
-526.106 393.135 
-524.19 393.223 
-522.68 393.283 
1067.77 394.693 
-524.251 391.709 
1415.91 379.139 
246.918 375.147 
1415.35 378.126 
1416.02 378.124 
-137.114 374.145 
244.897 373.143 
246.82 373.232 
248.337 373.292 
-139.098 372.154 
-137.187 372.237 
-135.675 372.292 
246.752 371.711 
-137.236 370.71 
-1208.1 336.126 
-934.078 336.131 
-147.129 333.134 
-1210.11 334.145 
-1208.18 334.226 
-1206.66 334.281 
-934.659 335.144 
-933.977 335.141 
-147.674 332.135 
-146.995 332.13 
-1208.23 332.709 
578.896 318.138 
578.336 317.143 
579.005 317.137 
1457.9 308.138 
-932.108 307.14 
-25.1084 305.143 
1457.33 307.13 
1458 307.138 
-932.659 306.151 
-931.988 306.143 
-25.6729 304.153 
-25.0001 304.15 
1340.9 291.135 
448.893 289.157 
1340.34 290.129 
1341.01 290.127 
448.355 288.156 
449.009 288.153 
1199.88 256.139 
-1536.11 255.149 
-1064.09 253.147 
28.896 253.144 
1199.31 255.115 
1199.99 255.127 
-1538.1 253.131 
-1536.19 253.222 
-1534.68 253.284 
-1064.66 252.144 
-1063.99 252.148 
28.3469 252.127 
29.0091 252.128 
-1536.24 251.712 
1159.92 239.151 
1159.35 238.132 
1160.01 238.132 
-500.109 228.136 
-500.673 227.132 
-499.993 227.139 
-298.115 223.14 
680.907 221.142 
-298.683 222.151 
-297.996 222.147 
680.34 220.142 
681.012 220.151 
-1076.14 204.138 
1411.89 204.144 
-1076.68 203.124 
-1076.01 203.126 
1411.33 203.139 
1412 203.138 
-989.11 199.139 
-991.102 197.14 
-989.194 197.226 
-987.675 197.286 
553.894 193.129 
1472.59 192.178 
-989.25 195.707 
1474.87 191.098 
553.319 192.118 
554.002 192.125 
1470.36 189.986 
1472.47 188.691 
1474.93 188.744 
-321.109 182.148 
1472.53 186.607 
-321.657 181.151 
-320.997 181.147 
-241.11 178.138 
-241.661 177.161 
-240.996 177.15 
1529.88 158.135 
1529.32 157.155 
1530 157.151 
1021.93 148.133 
1195.17 147.296 
-702.081 145.135 
1019.89 146.131 
1021.82 146.226 
1023.34 146.289 
1196.33 146.139 
1194.41 146.142 
-702.656 144.117 
-701.981 144.126 
1021.75 144.712 
-48.1164 139.158 
-48.668 138.178 
-47.9977 138.162 
1304.89 133.136 
326.911 132.153 
1304.34 132.151 
1305 132.143 
326.346 131.166 
327.014 131.16 
403.91 117.139 
403.323 116.141 
404.012 116.141 
1455.89 110.131 
1455.34 109.134 
1456 109.131 
-1261.09 96.1418 
1260.9 95.1435 
-1190.1 93.1301 
-1261.65 95.1556 
-1260.99 95.1533 
1260.34 94.1546 
1261.01 94.1391 
1594.91 90.1343 
-1190.66 92.1362 
-1189.99 92.1338 
1594.32 89.1236 
1595.01 89.1299 
-227.106 56.1301 
-911.093 55.1494 
-227.998 53.938 
-227.086 54.2617 
-913.094 53.1462 
-911.181 53.2323 
-909.671 53.29 
-228.622 51.3635 
-227.785 51.5298 
-911.241 51.7013 
-53.1085 37.1416 
-55.099 35.1472 
-53.182 35.2283 
-51.6802 35.2829 
829.903 33.1612 
-53.2326 33.7113 
829.341 32.1655 
830.011 32.1753 
-382.079 24.1476 
-170.111 23.1409 
-382.655 23.1351 
-381.978 23.1432 
-170.668 22.1367 
-170.001 22.1423 
906.891 17.1457 
904.894 15.1351 
906.809 15.2314 
908.318 15.2971 
1539.89 13.1449 
906.755 13.7131 
1537.89 11.1271 
1539.81 11.2241 
1541.33 11.2908 
803.887 5.14452 
1539.76 9.70714 
-902.111 1.13487 
803.348 4.12315 
803.994 4.13353 
-1458.08 0.147202 
-902.686 0.136948 
-902.001 0.135361 
-1458.66 -0.862197 
-1457.99 -0.856582 
1465.92 -3.85133 
-1304.11 -7.85805 
1465.34 -4.85133 
1466.02 -4.84743 
-1304.66 -8.86989 
-1304 -8.86952 
1204.91 -11.8677 
-677.114 -12.8631 
706.917 -14.8602 
1204.34 -12.8655 
1205.02 -12.8701 
-677.669 -13.8541 
-676.991 -13.8572 
706.344 -15.8704 
707.016 -15.8644 
718.891 -29.8728 
718.333 -30.8607 
719.01 -30.8628 
-774.085 -50.861 
-45.1099 -51.8782 
-774.657 -51.8665 
-773.997 -51.8631 
-45.6892 -52.8513 
-44.9845 -52.8515 
-1456.09 -57.8652 
-1456.66 -58.864 
-1455.99 -58.8645 
640.893 -64.8591 
1462.91 -65.8529 
640.328 -65.8583 
641.004 -65.8539 
1462.35 -66.8391 
1463.02 -66.8367 
376.889 -83.8663 
376.336 -84.8456 
377.002 -84.8557 
-432.105 -94.8583 
1352.92 -95.8654 
-432.66 -95.8524 
-431.988 -95.862 
-1327.11 -99.854 
1350.9 -97.8682 
1352.83 -97.7754 
1354.33 -97.7132 
-1327.67 -100.848 
-1327 -100.845 
963.911 -103.857 
1352.77 -99.2832 
961.899 -105.865 
963.824 -105.772 
965.323 -105.71 
963.764 -107.29 
879.876 -115.861 
-62.1148 -116.865 
879.33 -116.844 
879.99 -116.852 
-1035.12 -120.854 
-62.679 -117.874 
-61.9995 -117.874 
-1035.67 -121.838 
-1035 -121.844 
64.9077 -132.857 
-823.106 -133.868 
64.3425 -133.859 
65.02 -133.86 
-823.664 -134.864 
-823.008 -134.861 
1324.89 -137.853 
-93.1084 -138.853 
1324.34 -138.851 
1325.02 -138.86 
-93.6688 -139.842 
-92.9926 -139.844 
537.886 -143.865 
7.91184 -146.854 
537.329 -144.872 
538.006 -144.871 
5.90171 -148.858 
7.81943 -148.766 
9.34275 -148.703 
7.75632 -150.285 
1155.93 -158.849 
-90.1001 -159.84 
1.92393 -159.855 
1155.34 -159.855 
1156.02 -159.85 
-90.6629 -160.857 
-90.0066 -160.856 
1.35166 -160.883 
2.00913 -160.871 
1391.92 -170.845 
1391.34 -171.843 
1392.01 -171.84 
70.8699 -184.855 
105.907 -187.857 
70.3266 -185.867 
70.9822 -185.867 
105.341 -188.866 
105.995 -188.869 
501.89 -192.872 
501.32 -193.882 
502.008 -193.884 
610.92 -198.859 
610.331 -199.869 
611.021 -199.862 
1376.88 -205.858 
1376.32 -206.847 
1377 -206.843 
-1419.1 -210.866 
-1419.67 -211.872 
-1419 -211.864 
633.905 -223.866 
103.914 -227.858 
633.338 -224.88 
634.013 -224.873 
1509.93 -227.844 
26.8973 -228.848 
103.335 -228.858 
104.01 -228.852 
1509.34 -228.858 
1510.03 -228.857 
26.3377 -229.856 
26.9929 -229.858 
282.894 -241.853 
282.324 -242.858 
283.001 -242.859 
424.922 -248.849 
424.352 -249.854 
425.023 -249.859 
1263.91 -273.859 
1263.34 -274.86 
1264.01 -274.865 
1369.91 -277.866 
-65.102 -280.87 
1369.34 -278.877 
1370 -278.872 
-65.6676 -281.86 
-64.9899 -281.866 
524.909 -328.838 
405.888 -329.867 
524.343 -329.846 
525.018 -329.851 
403.9 -331.883 
405.812 -331.795 
407.336 -331.734 
405.762 -333.293 
90.933 -347.857 
90.3402 -348.848 
91.0149 -348.849 
-1185.09 -360.851 
-1185.65 -361.837 
-1184.99 -361.835 
1365.93 -372.857 
1624.91 -372.863 
1365.33 -373.869 
1366.02 -373.862 
1624.35 -373.864 
1625 -373.86 
-872.096 -384.861 
590.896 -387.862 
-872.67 -385.86 
-871.989 -385.855 
590.337 -388.862 
591.006 -388.865 
836.903 -416.859 
1306.89 -416.847 
834.901 -418.854 
836.824 -418.777 
838.328 -418.726 
1306.34 -417.845 
1307 -417.849 
836.77 -420.293 
1316.9 -427.877 
1316.34 -428.86 
1317.03 -428.856 
1502.58 -432.821 
1504.86 -433.9 
-574.105 -435.855 
1295.88 -435.866 
1500.37 -435.003 
1502.46 -436.302 
1504.92 -436.266 
-574.669 -436.848 
-574 -436.856 
1295.32 -436.896 
1296 -436.89 
1502.53 -438.388 
1308.89 -445.863 
-757.083 -447.88 
1308.33 -446.845 
1309 -446.855 
-757.666 -448.885 
-756.986 -448.882 
1250.88 -459.84 
1250.34 -460.841 
1251 -460.842 
-1324.09 -466.864 
1632.91 -468.863 
-1326.11 -468.846 
-1324.17 -468.773 
-1322.67 -468.725 
1632.33 -469.877 
1633.01 -469.875 
-1324.22 -470.29 
315.903 -483.869 
315.338 -484.867 
316.018 -484.876 
685.892 -493.871 
685.331 -494.854 
685.994 -494.861 
166.893 -502.855 
166.325 -503.853 
166.995 -503.858 
1325.9 -508.87 
1325.34 -509.874 
1326.01 -509.873 
-74.0984 -514.86 
-76.0969 -516.861 
-74.1845 -516.781 
-72.671 -516.727 
-74.2429 -518.29 
-1386.11 -530.86 
-1386.67 -531.858 
-1386 -531.865 
-918.106 -536.861 
-691.115 -537.85 
-918.669 -537.844 
-917.997 -537.851 
-691.669 -538.847 
-690.982 -538.851 
-222.105 -551.853 
-222.667 -552.855 
-222.008 -552.857 
945.907 -557.871 
945.329 -558.887 
946.003 -558.88 
931.893 -570.863 
931.336 -571.863 
932.002 -571.875 
732.88 -575.855 
732.319 -576.854 
732.999 -576.852 
-1186.09 -587.809 
-1188.15 -589.864 
-1186.19 -589.758 
-1184.6 -589.684 
-1186.27 -591.359 
-276.094 -597.866 
-276.658 -598.856 
-275.981 -598.852 
1345.9 -608.857 
698.918 -610.873 
1345.34 -609.859 
1346.01 -609.856 
458.933 -614.854 
698.318 -611.871 
699.021 -611.87 
458.344 -615.866 
459.024 -615.857 
-599.109 -619.855 
-1305.13 -621.866 
-599.677 -620.856 
-598.996 -620.856 
-1621.09 -624.876 
-1305.67 -622.877 
-1305.01 -622.874 
-1621.67 -625.892 
-1621 -625.884 
-924.085 -633.859 
-926.088 -635.848 
-924.171 -635.78 
-922.662 -635.733 
-924.229 -637.278 
-4.11331 -641.871 
-4.67935 -642.865 
-4.00894 -642.865 
1487.93 -647.858 
1487.36 -648.868 
1488.03 -648.86 
432.896 -659.86 
432.329 -660.87 
433.006 -660.871 
1316.9 -666.857 
1316.35 -667.871 
1317 -667.869 
712.905 -671.859 
712.335 -672.877 
713.005 -672.878 
-559.092 -682.855 
967.879 -685.847 
-559.659 -683.858 
-558.975 -683.865 
967.347 -686.851 
967.984 -686.85 
664.89 -691.856 
-1456.05 -692.863 
664.323 -692.868 
665.002 -692.862 
-1456.65 -693.857 
-1455.97 -693.862 
-1461.1 -702.86 
-1461.67 -703.856 
-1460.99 -703.849 
-871.112 -718.874 
-871.672 -719.885 
-870.991 -719.884 
395.893 -743.858 
395.332 -744.851 
395.999 -744.851 
-124.113 -748.867 
566.907 -749.864 
844.894 -749.865 
1455.9 -750.856 
-124.655 -749.853 
-123.99 -749.866 
566.344 -750.86 
567.017 -750.865 
844.337 -750.867 
845.007 -750.866 
1455.33 -751.882 
1456 -751.883 
1458.89 -771.861 
1382.93 -774.844 
1458.33 -772.85 
1459 -772.847 
124.886 -778.862 
1382.35 -775.835 
1383.03 -775.839 
124.331 -779.865 
124.997 -779.878 
1196.9 -799.857 
1196.33 -800.848 
1197.02 -800.854 
1519.9 -823.861 
1519.32 -824.87 
1520 -824.861 
433.88 -844.871 
1447.92 -844.866 
433.33 -845.872 
434.004 -845.874 
1445.9 -846.853 
1447.82 -846.771 
1449.33 -846.716 
1447.76 -848.284 
868.891 -853.857 
868.328 -854.856 
869.006 -854.859 
-909.118 -862.856 
140.891 -863.875 
398.897 -864.846 
-909.682 -863.856 
-909.002 -863.854 
140.332 -864.856 
141.002 -864.862 
14.902 -868.865 
398.331 -865.858 
399.007 -865.857 
14.3304 -869.852 
15.0165 -869.855 
749.883 -879.852 
-9.0895 -881.86 
660.557 -881.819 
663.073 -882.928 
749.337 -880.844 
750.001 -880.857 
657.44 -883.776 
-9.66128 -882.846 
-8.97878 -882.842 
659.594 -883.94 
662.91 -885.434 
657.427 -886.992 
659.639 -888.299 
662.745 -888.228 
1214.89 -897.854 
1266.89 -899.866 
1214.34 -898.851 
1215.01 -898.851 
1266.33 -900.874 
1267 -900.867 
359.903 -909.865 
656.892 -911.847 
357.898 -911.874 
359.818 -911.782 
361.322 -911.719 
656.325 -912.838 
657.007 -912.835 
1088.89 -915.86 
359.76 -913.291 
839.903 -917.867 
1088.32 -916.865 
1089 -916.869 
839.344 -918.869 
840.016 -918.87 
-457.082 -928.868 
467.909 -929.872 
-457.661 -929.862 
-456.986 -929.86 
467.328 -930.857 
468.008 -930.849 
1139.87 -936.854 
718.864 -938.835 
1139.32 -937.841 
1140 -937.848 
718.327 -939.835 
718.985 -939.848 
1022.89 -946.866 
1022.33 -947.863 
1023 -947.866 
-349.116 -952.862 
-349.671 -953.877 
-349 -953.869 
-774.123 -968.848 
1575.89 -970.87 
-774.667 -969.844 
-774.014 -969.848 
1575.35 -971.838 
1576.01 -971.842 
970.917 -978.854 
849.898 -981.855 
970.337 -979.826 
971.016 -979.83 
849.337 -982.859 
850.011 -982.852 
-590.098 -988.861 
-556.101 -991.868 
-590.666 -989.88 
-589.995 -989.876 
1203.9 -994.849 
-558.104 -993.872 
-556.188 -993.791 
-554.673 -993.735 
-1172.11 -996.854 
1203.33 -995.846 
1204.01 -995.848 
-556.247 -995.289 
1437.91 -999.863 
-1172.67 -997.851 
-1171.99 -997.859 
1437.35 -1000.87 
1438.01 -1000.88 
877.908 -1018.86 
875.9 -1020.85 
877.816 -1020.77 
879.335 -1020.71 
702.907 -1024.86 
877.753 -1022.28 
702.33 -1025.86 
703.013 -1025.86 
-979.099 -1031.85 
-979.671 -1032.87 
-978.991 -1032.86 
1482.9 -1049.85 
1482.33 -1050.84 
1483 -1050.84 
-920.062 -1056.85 
-920.655 -1057.86 
-919.976 -1057.86 
1542.9 -1062.86 
1540.89 -1064.86 
1542.81 -1064.77 
1544.33 -1064.71 
1542.75 -1066.3 
169.914 -1072.86 
169.344 -1073.84 
170.009 -1073.84 
222.889 -1077.88 
222.333 -1078.86 
223.006 -1078.86 
1009.9 -1083.86 
1009.34 -1084.87 
1010.01 -1084.86 
1333.89 -1116.86 
1333.32 -1117.87 
1334.01 -1117.87 
1078.9 -1121.86 
1078.34 -1122.86 
1079 -1122.86 
-968.115 -1127.86 
1353.9 -1128.84 
-970.105 -1129.85 
-968.196 -1129.77 
-966.67 -1129.72 
942.906 -1131.86 
1353.33 -1129.84 
1354 -1129.84 
661.913 -1134.85 
-968.25 -1131.28 
942.337 -1132.86 
943.01 -1132.86 
164.889 -1137.85 
661.343 -1135.85 
662.026 -1135.85 
1516.91 -1140.85 
164.341 -1138.86 
164.996 -1138.86 
301.887 -1143.87 
1514.9 -1142.85 
1516.83 -1142.77 
1518.32 -1142.72 
-353.082 -1147.86 
301.335 -1144.89 
302.002 -1144.89 
779.899 -1147.86 
1516.77 -1144.29 
-353.651 -1148.87 
-352.983 -1148.86 
779.33 -1148.86 
780 -1148.86 
1122.89 -1161.85 
1122.33 -1162.84 
1122.99 -1162.84 
-1631.13 -1181.84 
-1633.1 -1183.86 
-1631.2 -1183.78 
-1629.69 -1183.73 
-1631.24 -1185.3 
79.9087 -1206.85 
79.3371 -1207.87 
80.0085 -1207.87 
1485.94 -1212.85 
1485.35 -1213.88 
1486.02 -1213.87 
-283.109 -1220.88 
-283.682 -1221.86 
-282.992 -1221.86 
1499.91 -1225.86 
-989.081 -1229.23 
1498.85 -1227.04 
1500.01 -1226.97 
-991.301 -1230.46 
-990.254 -1230.41 
-988.593 -1230.37 
-987.424 -1230.41 
