-485.084 1195.13 
-283.089 1191.13 
-665.11 1190.13 
1366.89 1186.14 
1550.89 1113.12 
-1510.09 1102.12 
-1102.11 1078.13 
547.881 1075.14 
761.908 1072.13 
-946.098 1032.15 
-17.0922 1032.15 
-170.109 1024.15 
1369.91 1018.13 
86.9044 1009.15 
-1278.07 996.133 
997.896 993.124 
1247.89 992.141 
735.888 983.151 
902.902 978.145 
1122.9 974.141 
-5.09121 970.142 
1340.9 967.136 
-1077.1 962.145 
-900.084 959.146 
218.89 952.159 
-141.083 937.142 
943.889 933.123 
579.899 907.144 
-1069.08 886.144 
-1418.1 870.136 
1085.92 863.141 
-46.1074 854.143 
-68.1105 848.156 
-459.099 842.139 
-276.099 842.127 
-84.1027 835.142 
972.889 835.164 
1307.89 833.14 
-116.1 803.152 
808.89 795.162 
-1568.13 789.155 
1348.88 788.134 
-336.099 768.13 
496.9 767.16 
-697.112 763.133 
1466.89 762.142 
-862.098 761.135 
428.899 758.138 
1372.91 757.122 
105.898 756.141 
323.888 720.112 
798.875 716.137 
-68.0928 715.132 
34.9078 710.153 
130.889 709.145 
-404.097 704.148 
1476.89 702.151 
-188.111 696.132 
254.902 693.144 
765.908 691.127 
782.901 689.139 
-656.092 686.172 
942.908 669.131 
-1621.09 642.138 
-607.099 636.144 
-191.111 633.138 
912.916 630.122 
-547.076 624.143 
509.901 622.136 
-63.1012 607.128 
424.897 598.136 
1369.88 597.147 
-496.095 592.143 
23.8836 588.126 
482.897 573.139 
1221.11 566.137 
222.889 567.149 
1075.91 562.126 
-1013.09 549.138 
686.921 544.137 
1534.89 543.133 
-885.104 541.153 
-422.11 537.143 
213.884 533.115 
108.909 521.136 
-107.099 514.139 
-1506.11 506.133 
-1288.1 498.135 
-868.09 463.139 
-418.09 462.138 
-733.102 460.141 
-1125.11 456.138 
1502.91 453.137 
-1077.11 449.142 
429.891 444.161 
-109.106 441.127 
-910.103 432.13 
514.902 427.143 
-893.103 413.125 
714.9 412.122 
-828.103 409.135 
-1161.11 408.134 
434.892 402.343 
1301.89 397.135 
434.895 401.012 
1113.91 393.129 
-274.116 391.141 
-943.085 385.155 
647.89 382.144 
-971.107 374.12 
1370.89 373.147 
-511.096 370.133 
407.896 364.139 
851.914 361.148 
527.901 349.144 
377.897 344.148 
432.896 344.141 
-1501.08 336.165 
-1090.12 333.153 
382.559 331.368 
-20.1059 327.124 
416.352 326.789 
405.137 316.429 
-1023.09 310.139 
-297.12 307.145 
227.909 301.153 
-125.098 298.13 
-1390.1 282.149 
-940.082 276.141 
173.893 268.138 
413.792 262.659 
1483.89 260.146 
-170.111 259.153 
406.818 259.599 
-710.122 252.144 
369.903 244.155 
-163.33 241.621 
651.907 239.14 
-291.096 233.133 
113.906 219.141 
1005.91 218.137 
-571.114 205.125 
334.889 200.145 
9.89927 199.142 
1100.91 197.15 
-270.093 195.157 
239.9 193.137 
-737.089 180.141 
34.9081 178.121 
452.892 175.129 
1448.88 171.137 
34.0096 172.272 
614.892 163.132 
1459.8 155.631 
241.91 152.151 
1162.92 152.136 
1494.88 146.125 
-904.121 133.139 
1236.93 132.143 
704.911 127.134 
606.9 117.14 
-328.105 115.139 
-1449.11 109.138 
-1379.09 109.15 
95.8921 107.16 
153.891 99.125 
363.9 100.159 
891.89 95.1245 
-137.103 93.1296 
777.897 92.142 
1002.9 92.1492 
976.892 74.1372 
-1348.09 66.1554 
1290.9 64.1056 
350.898 54.1335 
1259.91 49.1512 
865.886 25.1326 
929.902 26.138 
-96.1205 24.1335 
792.916 21.1394 
-175.106 18.1404 
381.901 15.1494 
83.9107 3.14232 
-1524.1 1.14073 
1449.91 -4.85597 
444.888 -24.8662 
-608.111 -25.8635 
749.876 -26.864 
-1499.11 -28.85 
-1416.1 -28.8506 
-1617.08 -30.8704 
-744.097 -36.8562 
1105.91 -42.8626 
-929.085 -74.8419 
-1533.1 -79.8767 
604.893 -82.8744 
1034.91 -85.8673 
1512.91 -90.8513 
-1131.1 -94.856 
1530.9 -96.8598 
-302.106 -105.87 
-515.094 -114.855 
-721.086 -132.857 
-1413.11 -149.863 
-339.103 -162.806 
-339.103 -162.859 
143.897 -181.841 
403.899 -187.848 
-1230.1 -196.866 
-28.0976 -200.871 
-136.109 -202.843 
-975.108 -205.855 
1160.91 -208.858 
601.894 -216.876 
-1228.08 -219.866 
-704.113 -228.859 
-191.104 -230.872 
252.897 -234.855 
889.888 -241.862 
-1491.09 -249.847 
1347.89 -258.85 
-98.1283 -263.848 
730.9 -263.871 
-696.096 -276.855 
56.9048 -275.856 
600.919 -279.857 
-1246.1 -280.863 
1452.89 -293.85 
1507.91 -301.857 
857.895 -302.871 
814.918 -311.872 
-1104.1 -315.851 
-317.087 -315.856 
970.886 -315.858 
356.915 -317.86 
-1229.12 -344.886 
-159.111 -358.849 
1401.9 -359.855 
-197.107 -361.858 
-1144.09 -364.843 
-337.119 -369.861 
490.894 -375.857 
683.912 -377.856 
-738.098 -378.854 
1033.91 -379.843 
528.899 -395.847 
-316.107 -400.862 
587.899 -406.836 
-338.116 -408.861 
1137.89 -409.859 
-1072.11 -421.863 
62.9078 -427.826 
-118.085 -430.844 
1495.89 -443.856 
-295.087 -444.873 
640.906 -451.852 
-1194.09 -458.858 
709.898 -461.854 
1031.9 -475.872 
1306.89 -476.873 
2.8989 -489.867 
-1504.1 -491.859 
-1579.09 -496.873 
-88.0832 -498.868 
1171.9 -506.857 
-225.108 -507.876 
322.875 -519.883 
430.915 -525.869 
627.904 -527.854 
-10.1027 -534.862 
-569.096 -546.859 
-591.095 -552.855 
1058.9 -551.832 
1312.9 -554.855 
294.427 -557.778 
-1074.09 -557.862 
1098.91 -562.846 
294.868 -560.193 
635.882 -571.868 
-1446.12 -583.859 
-1074.11 -584.859 
-318.096 -587.863 
-738.11 -606.859 
-1053.11 -633.828 
-575.093 -643.869 
-663.108 -662.873 
331.9 -687.871 
1128.92 -698.853 
1529.88 -699.862 
0.901099 -715.864 
-203.113 -716.844 
84.8956 -718.861 
570.911 -720.864 
-1603.1 -721.864 
1569.91 -724.839 
-314.172 -738.755 
-381.099 -739.859 
-312.525 -739.018 
-234.202 -745.2 
-228.508 -748.67 
-211.726 -768.035 
1027.89 -769.856 
104.906 -773.866 
607.884 -785.866 
-175.095 -794.845 
827.906 -802.86 
902.912 -810.847 
1358.89 -819.855 
908.329 -831.449 
912.276 -833.813 
294.906 -840.856 
909.142 -834.326 
924.878 -841.633 
1282.9 -854.876 
898.905 -859.86 
472.903 -859.868 
590.923 -859.867 
918.596 -856.735 
-1424.08 -860.863 
1446.89 -864.861 
-348.092 -865.862 
881.411 -869.892 
232.89 -883.858 
1278.91 -884.835 
-1259.11 -887.864 
1257.91 -891.826 
-253.099 -897.872 
908.895 -897.87 
-1314.08 -905.863 
-783.102 -918.849 
-425.09 -927.849 
-584.11 -940.874 
716.894 -946.834 
-269.104 -952.849 
486.916 -954.87 
820.901 -956.854 
-1017.12 -958.868 
125.911 -962.843 
-1228.1 -964.853 
924.905 -965.886 
-396.097 -968.848 
-199.101 -969.875 
-650.116 -988.866 
841.899 -990.876 
1024.89 -1003.88 
-57.0955 -1013.86 
-243.102 -1034.85 
-393.098 -1037.86 
763.215 -1054.01 
1087.92 -1055.85 
762.951 -1054.57 
-972.086 -1064.86 
-1622.09 -1073.86 
-811.103 -1100.86 
492.916 -1111.84 
-1532.09 -1116.86 
507.556 -1116.72 
113.916 -1129.87 
383.892 -1133.86 
-516.103 -1134.86 
530.759 -1142.01 
605.899 -1140.85 
624.909 -1144.87 
-348.078 -1155.86 
-541.094 -1160.86 
-1098.09 -1165.86 
-1434.1 -1168.87 
622.926 -1173.86 
-1181.1 -1174.85 
326.89 -1178.85 
134.898 -1187.86 
514.912 -1187.84 
661.914 -1193.88 
579.904 -1201.85 
778.897 -1205.86 
13.8854 -1208.87 
-1115.1 -1210.85 
