878.911 1190.14 
-132.095 1184.14 
430.91 1182.14 
-298.097 1170.13 
1114.9 1148.14 
-495.316 1113.54 
-495.357 1113.44 
-210.097 1102.15 
-284.113 1096.15 
-719.103 1091.14 
-616.088 1072.15 
-1347.11 1065.14 
206.891 1062.14 
-395.106 1034.14 
887.908 1030.14 
-282.084 1024.14 
-936.096 1022.15 
405.886 1022.15 
908.923 1011.15 
-1531.1 1001.14 
1582.91 997.134 
863.906 975.141 
-498.105 964.137 
633.918 964.118 
1335.91 963.16 
-62.1054 948.145 
508.904 939.138 
175.886 929.13 
-991.103 918.144 
1543.92 918.14 
1125.89 913.138 
-733.106 911.147 
1169.89 909.148 
1562.91 881.143 
0.908301 877.163 
1185.9 864.136 
-1167.09 854.157 
670.882 791.144 
-323.099 791.14 
-164.099 781.155 
312.887 776.131 
161.913 775.138 
665.916 758.158 
402.906 746.133 
-464.097 742.144 
-561.089 729.152 
-235.108 718.138 
-1523.08 693.155 
573.884 691.152 
446.897 687.137 
145.905 684.153 
-748.079 676.143 
814.902 672.132 
-1356.1 669.153 
-1148.11 644.136 
-1094.08 630.154 
810.119 616.524 
781.898 618.121 
810.167 616.415 
-813.026 605.649 
921.894 579.147 
-1121.1 556.134 
-802.097 551.142 
383.896 545.156 
1336.92 541.139 
730.9 528.131 
-1257.67 506.134 
-325.108 504.141 
-872.117 502.157 
-918.114 501.154 
167.91 480.121 
-101.094 468.142 
840.883 456.132 
957.895 452.151 
1249.89 452.128 
-161.117 448.13 
-84.0982 444.124 
-1269.1 434.144 
110.898 425.123 
1575.91 424.129 
-218.122 421.688 
-214.406 420.598 
582.907 403.156 
202.892 402.145 
625.909 386.132 
-613.095 374.151 
298.905 374.144 
-104.107 373.15 
894.909 373.139 
-903.091 366.152 
1108.92 363.152 
1126.9 352.131 
981.916 350.148 
1146.91 350.15 
-1090.1 340.139 
893.906 340.145 
1296.9 333.136 
-1206.1 313.145 
-772.097 314.108 
16.8886 313.156 
1358.89 300.143 
-1427.09 300.153 
-938.116 296.145 
-1452.09 290.144 
74.8954 288.121 
-1305.09 277.132 
-1388.1 273.126 
-615.1 259.142 
18.9101 252.125 
1285.89 229.145 
-1589.09 221.123 
-94.7796 216.373 
1354.91 215.14 
-96.9409 213.555 
-119.107 202.116 
806.895 201.156 
-1412.09 189.14 
-1395.09 188.139 
1263.89 179.132 
-425.08 178.139 
246.898 178.133 
229.902 171.133 
92.8797 170.154 
-1485.09 139.128 
-556.101 136.122 
-1354.09 132.129 
1493.91 121.14 
-739.096 117.151 
700.91 118.125 
-477.097 115.119 
-225.095 112.137 
-1412.1 107.142 
-530.098 83.1455 
-89.1077 74.1203 
659.892 72.1501 
-1402.1 69.1246 
-1450.11 57.1283 
737.911 57.1573 
-173.081 44.1625 
1233.89 40.1412 
6.90989 33.1256 
-1602.12 26.1466 
630.887 23.1482 
413.893 2.11339 
1484.9 -18.8704 
-34.1155 -35.8566 
-958.106 -42.8345 
-481.076 -47.864 
1489.89 -62.8673 
-418.097 -68.854 
-614.087 -71.8461 
1357.88 -72.8882 
1553.9 -94.8445 
1079.89 -98.8714 
76.894 -104.857 
952.904 -104.851 
-756.101 -105.859 
-0.105127 -111.878 
409.889 -114.865 
-946.1 -123.846 
-1391.09 -136.868 
-384.097 -136.864 
1113.91 -140.882 
-1173.1 -170.846 
1000.89 -203.875 
-479.122 -207.844 
-685.096 -216.864 
572.89 -226.862 
-817.104 -238.873 
501.903 -240.862 
-530.12 -243.85 
1011.91 -253.861 
219.906 -252.855 
506.809 -272.853 
1115.91 -273.844 
190.911 -278.848 
-1340.09 -284.856 
1047.89 -291.855 
-1444.11 -298.861 
1596.9 -301.866 
900.924 -302.857 
97.8994 -313.858 
-433.099 -322.858 
-139.111 -327.867 
253.144 -328.322 
255.493 -328.496 
943.899 -334.859 
-1246.12 -338.854 
1200.91 -342.867 
-745.085 -346.849 
203.89 -352.854 
-1176.09 -354.854 
21.893 -358.885 
77.8816 -363.85 
512.919 -381.858 
-482.1 -382.873 
805.894 -395.848 
1276.89 -399.859 
1422.9 -408.851 
600.902 -409.844 
-1392.09 -418.864 
206.885 -419.85 
-1052.1 -421.845 
-1209.1 -448.866 
-464.095 -448.852 
290.901 -450.855 
1608.9 -459.864 
404.888 -463.859 
-975.08 -464.881 
724.913 -466.846 
328.902 -474.846 
1284.9 -475.857 
-1228.11 -481.846 
-986.477 -480.982 
-315.113 -482.848 
499.897 -490.866 
714.907 -496.876 
987.898 -498.843 
-1434.11 -509.863 
517.904 -509.872 
-137.108 -512.846 
1184.93 -545.853 
-920.073 -546.873 
-224.092 -552.865 
-204.107 -554.856 
-883.095 -559.862 
-325.095 -565.85 
467.889 -572.862 
-349.085 -581.861 
1143.9 -595.85 
1268.9 -596.858 
-437.093 -605.87 
-74.9654 -611.601 
-461.093 -622.844 
658.903 -621.86 
1075.9 -632.861 
952.903 -633.86 
-873.095 -636.857 
262.896 -636.873 
1442.92 -649.866 
125.919 -650.848 
-1519.1 -653.862 
919.906 -655.86 
1459.92 -659.851 
-1018.11 -668.851 
-706.109 -684.87 
495.883 -685.861 
-109.1 -703.863 
96.91 -715.88 
1150.91 -722.858 
-1597.09 -739.859 
-977.104 -740.86 
976.902 -739.863 
-258.084 -759.857 
-1366.09 -764.854 
-576.103 -765.843 
386.899 -773.86 
-549.084 -792.873 
129.893 -797.87 
1062.88 -799.868 
1174.9 -799.869 
-379.688 -814.431 
-379.924 -815.075 
-651.105 -835.317 
55.9128 -843.87 
944.913 -845.872 
152.9 -852.857 
671.895 -852.875 
1352.89 -852.854 
1116.89 -853.859 
840.904 -877.854 
1318.75 -883.133 
801.918 -883.841 
1348.88 -883.878 
-68.1032 -888.848 
1430.9 -890.862 
-476.111 -895.868 
-800.112 -913.869 
-680.111 -914.861 
-129.088 -914.866 
-377.095 -919.855 
1090.9 -922.84 
1001.91 -929.862 
-183.095 -930.86 
-1505.1 -931.861 
-630.11 -934.857 
1156.91 -936.865 
-1484.11 -937.886 
-964.106 -937.877 
564.886 -937.87 
1442.9 -944.85 
268.91 -946.85 
645.89 -946.866 
370.914 -949.866 
514.891 -961.839 
910.898 -965.876 
406.901 -970.284 
351.91 -970.854 
-168.121 -977.868 
841.901 -977.86 
-427.1 -984.866 
286.903 -990.855 
1112.91 -991.861 
-532.086 -992.866 
720.908 -1011.86 
1292.91 -1035.86 
27.9071 -1040.88 
-182.098 -1042.85 
-527.108 -1049.87 
-604.11 -1070.86 
-885.106 -1076.87 
-834.085 -1080.86 
-1045.08 -1088.85 
1194.9 -1096.82 
1194.9 -1096.87 
-539.11 -1109.87 
379.917 -1114.86 
-41.1132 -1117.86 
556.885 -1117.84 
-708.089 -1132.85 
-272.105 -1133.87 
364.906 -1137.87 
144.898 -1138.87 
-895.08 -1150.88 
-935.098 -1154.86 
-768.118 -1159.88 
598.894 -1167.85 
-1249.1 -1171.85 
426.9 -1174.87 
886.905 -1177.86 
-1011.08 -1183.87 
1089.9 -1184.85 
-670.095 -1186.85 
-581.08 -1194.85 
-1206.1 -1198.87 
-1180.11 -1198.84 
774.915 -1202.86 
314.916 -1206.86 
595.914 -1207.86 
