-511.1 1205.14 
1193.89 1206.12 
296.909 1193.15 
-791.102 1169.15 
-808.104 1165.15 
123.899 1162.14 
-1285.08 1148.14 
1049.89 1148.14 
1051.81 1130.92 
1051.9 1130.15 
653.91 1110.14 
1339.9 1088.13 
60.9179 1076.14 
152.9 1057.16 
367.877 1050.15 
748.909 1034.15 
138.898 1032.16 
777.911 1022.13 
669.893 1015.15 
-313.098 1008.16 
-249.089 999.137 
-644.096 991.14 
15.9005 981.144 
245.885 973.12 
1576.9 928.155 
-185.089 923.132 
1608.91 908.145 
900.906 892.141 
1493.89 880.164 
-208.117 859.142 
-1411.09 856.133 
656.907 855.15 
1427.9 855.14 
788.892 854.151 
-104.11 827.142 
-1000.12 815.144 
-1246.11 814.146 
-836.095 810.131 
1116.91 803.14 
-661.091 800.14 
-1593.11 765.146 
275.919 754.134 
-25.0773 748.16 
722.91 743.146 
177.901 710.151 
1519.91 708.127 
-722.088 694.152 
163.899 683.13 
1495.89 661.152 
-609.087 642.143 
-480.117 643.152 
861.904 633.122 
22.8861 632.142 
-1116.11 624.144 
731.893 623.137 
1010.9 609.148 
-1290.12 606.138 
590.919 583.114 
-1463.1 579.15 
-1190.09 578.133 
-871.104 577.14 
336.905 578.135 
1498.91 578.156 
-715.085 573.152 
-1334.09 551.173 
-53.1073 544.132 
1000.9 536.116 
-790.092 525.148 
-1336.11 521.128 
374.909 518.133 
-815.097 503.143 
214.886 489.129 
-311.108 480.143 
-33.106 480.14 
-885.097 453.138 
-1449.11 432.128 
-181.095 402.131 
79.9076 402.135 
1010.9 396.153 
-1134.12 391.137 
-9.11404 345.135 
564.909 335.133 
1432.9 335.139 
513.887 317.143 
85.8894 313.143 
-1446.11 307.167 
-471.107 301.123 
-572.008 294.626 
-565.664 291.496 
1120.92 263.143 
-1125.09 252.146 
1120.05 257.431 
-937.1 242.144 
-174.099 238.134 
-509.103 230.135 
370.901 228.127 
79.922 221.15 
-894.088 217.137 
106.875 213.141 
349.895 213.148 
-1338.11 210.125 
-1244.08 201.137 
1040.9 194.143 
1523.89 178.148 
-1384.1 164.113 
126.913 149.137 
534.906 149.141 
-214.091 148.132 
36.8995 148.12 
-37.0871 140.146 
93.9176 112.131 
785.896 111.147 
1020.91 110.147 
-710.093 109.113 
70.8993 109.138 
136.915 102.128 
-619.095 98.1532 
144.902 81.1135 
-391.087 76.1638 
-910.109 72.1542 
817.891 70.1528 
74.8932 66.1327 
1016.89 58.1221 
1166.16 51.1942 
177.9 47.1551 
-710.094 39.1228 
-17.1106 38.141 
-601.111 8.15807 
-848.099 -17.8606 
-416.1 -17.8571 
15.8934 -20.8444 
716.886 -26.8621 
119.905 -37.8648 
-1272.1 -60.8355 
-1577.1 -65.8598 
1224.91 -70.8549 
375.884 -102.856 
826.909 -118.868 
1508.89 -122.86 
-1499.11 -126.842 
960.883 -141.853 
-1493.1 -172.853 
902.906 -172.86 
947.919 -172.839 
631.893 -179.866 
702.908 -181.864 
937.884 -194.869 
-668.099 -196.848 
232.893 -198.857 
-1151.09 -217.831 
-1598.11 -229.873 
-1528.11 -241.85 
-569.082 -276.851 
-244.121 -277.843 
639.891 -278.859 
-780.113 -282.852 
103.872 -311.862 
-1291.09 -350.853 
483.904 -372.86 
-967.103 -378.866 
-75.1083 -379.857 
-566.095 -381.853 
1170.9 -383.84 
210.879 -402.851 
613.903 -423.837 
979.887 -434.863 
87.8843 -438.849 
1447.89 -468.866 
0.897803 -470.862 
461.916 -492.849 
-1464.08 -494.845 
-669.096 -494.872 
1324.9 -497.853 
575.903 -525.83 
823.89 -537.862 
-255.102 -541.863 
-827.099 -549.866 
951.886 -570.853 
1208.93 -590.86 
-200.111 -593.87 
1491.91 -623.865 
-1183.1 -654.861 
-710.094 -656.848 
-1165.1 -664.858 
438.885 -667.869 
1478.91 -682.869 
-1421.11 -696.862 
89.9114 -737.851 
1582.9 -744.845 
-17.1045 -766.865 
-151.094 -773.883 
-524.094 -774.858 
1540.89 -774.85 
-347.119 -785.856 
-1051.1 -798.849 
-333.073 -809.845 
-1043.84 -813.511 
757.893 -816.867 
-338.1 -829.857 
1506.92 -829.879 
300.905 -835.867 
1414.16 -838.933 
1421.15 -838.417 
233.915 -869.887 
-961.103 -876.854 
-526.097 -879.867 
1181.9 -892.85 
874.892 -911.868 
-1230.09 -914.872 
196.898 -933.855 
-101.094 -939.866 
497.903 -952.85 
-560.089 -955.862 
-64.1276 -992.867 
1290.9 -993.875 
1229.91 -996.859 
-800.102 -1006.85 
104.894 -1016.87 
890.903 -1017.84 
-445.11 -1025.83 
-1387.09 -1039.85 
-545.105 -1056.86 
153.911 -1063.87 
-561.113 -1070.86 
-291.11 -1072.86 
-560.386 -1082.88 
1047.91 -1091.87 
1612.88 -1108.86 
-1217.09 -1116.85 
554.921 -1117.86 
-413.103 -1132.87 
8.91184 -1133.88 
-1135.12 -1155.87 
1071.88 -1155.85 
766.897 -1161.86 
-1301.1 -1168.86 
137.895 -1170.86 
-309.089 -1185.86 
-914.113 -1191.86 
388.894 -1205.88 
-228.103 -1208.86 
1023.91 -1211.86 
