8 3 5 4 7 6 2 17 20 16 10 14 12 19 18 9 13 25 15 11 21 44 30 46 45 24 38 23 26 33 40 31 34 28 22 37 27 35 36 42 32 39 43 29 41 47 52 48 67 53
14 3 13 33 4 34 37 35 36 32 31 12 30 38 67 66 15 16 5 11 65 29 97 63 6 17 8 64 61 62 40 68 99 69 7 39 94 96 95 41 92 18 100 98 20 28 70 19 93 102
4 14 16 5 15 38 37 35 36 17 34 6 33 13 40 67 8 7 32 39 31 12 69 41 30 18 66 19 42 70 68 11 20 43 99 102 44 29 65 97 45 46 100 104 10 71 105 72 63 61
14 16 15 38 5 17 6 37 35 36 40 34 33 39 67 13 69 41 7 8 32 31 70 18 42 12 68 19 30 43 99 66 102 20 44 11 104 97 100 45 105 65 71 46 29 106 72 101 98 139
17 6 16 7 15 40 18 19 8 42 39 41 38 43 20 14 44 45 70 46 72 71 69 74 37 106 35 36 21 76 47 34 105 73 9 102 10 75 104 33 67 13 24 25 23 108 107 110 68 109
17 7 18 19 16 44 8 20 42 40 43 45 46 15 41 72 39 71 74 47 76 21 38 70 73 75 14 9 24 106 10 23 25 113 69 22 110 78 105 77 111 108 107 109 104 102 37 35 36 112
19 20 18 8 44 17 45 46 21 47 42 9 43 16 24 23 10 25 72 74 40 22 76 71 78 75 15 41 77 73 39 113 26 48 38 70 14 111 110 106 27 112 80 150 69 108 107 109 105 52
20 10 9 19 21 25 46 17 24 45 18 44 23 22 26 47 16 27 48 78 42 43 15 40 52 77 14 72 74 76 53 12 49 28 51 11 55 38 41 71 39 80 75 13 30 50 113 73 54 81
24 25 23 21 22 10 48 20 26 78 46 27 45 49 80 47 52 44 51 81 19 77 53 50 82 18 83 79 55 54 115 114 86 17 76 150 152 87 118 28 117 84 56 74 59 75 85 113 116 57
25 24 26 23 21 27 22 48 52 20 49 51 53 55 46 50 78 54 80 45 83 82 81 44 19 47 86 28 77 59 56 18 87 115 79 57 58 84 85 17 118 60 114 117 88 11 116 120 119 121
12 30 29 61 62 13 31 28 63 92 64 60 93 32 33 65 91 66 90 59 89 34 132 130 56 94 14 58 57 131 35 36 37 55 96 133 127 95 129 53 134 26 27 52 128 88 67 126 123 125
30 13 29 31 61 62 32 33 63 64 65 66 34 92 28 93 14 35 36 37 94 96 60 95 91 67 90 59 132 97 133 38 134 130 89 56 131 16 15 58 135 136 57 55 137 26 129 166 27 127
31 30 33 32 66 34 29 65 35 36 37 63 14 64 61 62 67 94 96 97 92 95 38 93 15 16 28 134 99 133 68 137 135 136 17 91 60 69 98 166 168 132 40 90 170 100 39 130 59 131
37 35 36 38 34 33 67 15 16 32 31 66 68 69 99 97 40 39 30 17 65 41 100 98 70 102 29 139 138 63 64 42 104 96 140 18 101 141 43 95 94 61 19 62 103 105 20 173 172 106
16 38 40 39 69 41 17 70 102 37 35 36 42 68 67 104 43 34 105 99 18 101 100 106 33 103 19 71 139 32 72 140 145 141 98 144 107 108 146 44 143 109 138 20 97 31 74 142 66 45
40 17 38 39 41 42 70 69 43 18 19 102 37 35 36 104 105 71 106 67 72 34 68 44 20 45 33 101 74 103 99 46 108 107 100 109 73 145 146 76 144 32 110 139 75 143 31 141 140 47
18 19 40 42 43 41 44 39 20 45 72 71 46 70 74 38 76 73 106 47 75 69 21 105 110 113 108 107 104 109 102 111 24 23 25 22 78 77 37 148 35 36 145 146 112 34 103 144 101 67
19 44 45 46 20 43 42 72 74 76 47 71 75 73 40 113 21 41 39 110 111 77 78 23 24 106 70 22 112 25 109 108 107 105 148 150 38 149 69 104 152 48 146 145 151 102 183 26 80 182
44 45 46 20 47 43 74 72 42 76 21 75 71 73 113 78 77 23 40 24 22 25 41 111 110 39 112 106 70 150 109 48 108 107 149 152 148 105 38 26 80 151 27 114 69 81 104 79 49 183
46 45 44 21 24 47 23 22 25 78 77 76 74 48 72 43 42 75 26 113 71 27 80 73 40 49 150 81 111 52 41 152 112 114 79 39 51 110 53 149 151 82 50 55 70 106 83 38 54 115
23 24 22 25 46 78 45 47 48 44 77 26 80 49 27 81 79 52 114 51 82 76 150 53 152 50 74 83 115 75 113 55 72 54 151 43 42 73 149 86 71 117 112 111 118 116 87 153 84 28
23 24 25 48 78 80 46 49 26 81 47 77 45 27 79 44 82 114 52 51 115 50 83 53 152 150 54 55 117 76 151 86 118 116 113 74 75 153 87 84 149 154 72 85 188 56 112 59 73 43
24 25 48 78 46 26 80 49 45 47 27 77 81 44 52 79 51 82 114 50 53 83 115 54 55 152 150 76 86 117 118 151 74 116 113 75 87 84 72 85 149 153 56 154 59 28 43 42 57 73
25 48 78 26 46 80 27 49 45 47 81 77 52 44 51 82 79 53 50 83 114 115 55 54 86 152 150 76 117 118 87 116 74 84 151 113 75 85 56 59 28 72 57 58 153 154 149 43 42 73
48 26 27 49 52 78 51 46 80 53 45 81 50 47 82 55 83 44 54 77 79 86 115 114 87 56 28 118 84 59 85 117 57 58 116 152 150 76 60 74 120 119 88 121 122 75 113 151 154 72
27 52 53 51 48 55 50 49 54 83 86 82 87 56 59 84 80 57 58 85 28 81 115 118 78 60 88 120 119 117 121 122 79 46 45 89 116 47 77 123 114 44 158 157 154 156 159 160 161 155
52 53 51 55 50 54 48 83 49 86 87 82 56 59 84 57 85 58 28 118 80 81 115 88 60 120 119 121 122 117 78 89 79 116 123 46 158 157 45 114 156 47 77 159 161 160 154 44 155 124
60 59 56 58 57 89 55 53 90 88 52 86 54 123 87 91 61 51 62 127 130 30 50 29 85 125 126 84 132 83 124 131 129 128 92 162 122 120 121 158 119 48 49 93 164 31 161 157 159 160
61 62 30 63 64 31 92 93 65 32 66 94 33 96 95 133 91 34 134 132 135 136 35 36 130 90 37 131 60 166 137 97 129 67 89 167 59 168 127 165 128 207 164 56 203 58 170 57 204 205
31 61 62 63 32 64 65 33 66 92 34 93 94 35 36 37 96 95 67 133 91 97 134 60 132 90 135 136 130 38 131 137 59 166 89 56 129 168 58 127 57 167 99 55 128 165 170 68 207 164
32 33 66 65 63 34 64 35 36 37 62 61 94 96 95 67 92 97 93 38 134 133 137 135 136 99 166 168 68 170 91 98 132 167 169 60 90 207 130 131 69 100 138 165 172 40 171 59 173 39
33 66 34 65 35 36 37 67 97 63 64 96 94 95 62 61 38 99 92 93 68 137 134 98 133 135 136 168 170 100 138 69 172 166 169 173 171 139 167 207 40 39 140 102 141 91 165 41 132 174
34 35 36 37 66 67 65 97 63 64 38 96 94 95 99 62 61 68 92 98 93 69 137 100 134 138 170 133 172 135 136 40 168 39 139 173 102 140 41 166 171 169 141 70 167 101 174 207 104 91
35 36 37 67 66 97 65 38 99 68 63 96 64 95 94 98 69 100 138 62 61 139 39 172 40 173 137 92 102 140 93 141 41 170 134 70 168 171 101 135 136 104 133 174 169 103 166 42 175 105
36 37 67 66 38 97 99 68 65 98 69 100 96 138 95 63 64 94 139 39 40 102 140 172 173 141 41 62 70 61 101 137 104 174 171 170 92 103 93 134 168 175 142 42 105 176 177 135 136 169
37 67 66 38 97 99 68 65 98 69 100 96 138 95 63 64 94 139 39 40 102 140 172 173 141 41 62 70 61 101 137 104 174 171 170 92 103 93 134 168 175 142 42 105 176 177 135 136 169 133
67 38 66 97 99 68 65 98 69 100 96 138 95 63 64 94 139 39 40 102 140 172 173 141 41 70 62 61 101 137 104 174 171 170 103 92 93 134 168 175 42 142 105 176 177 135 136 169 43 133
69 67 39 68 40 99 41 102 70 100 104 139 98 101 97 42 140 103 105 138 141 66 43 106 143 142 145 144 65 71 146 177 173 107 108 72 176 175 172 109 44 174 74 45 96 63 64 73 147 95
41 40 70 69 102 105 104 42 106 43 103 101 71 145 107 108 146 144 109 72 143 68 100 110 73 74 147 139 142 141 148 140 99 67 44 177 76 75 178 45 98 111 179 138 46 113 176 175 180 182
41 70 42 43 69 106 105 71 104 102 72 108 107 109 103 145 101 146 74 73 144 44 110 68 76 143 75 45 148 46 147 100 67 111 99 139 113 141 142 140 47 177 178 112 98 182 183 179 138 180
70 42 105 43 106 104 69 102 71 108 107 109 145 72 146 103 144 101 110 73 74 143 148 147 68 76 44 75 100 142 111 139 141 45 140 113 177 99 46 178 67 179 182 183 180 47 112 218 98 176
43 71 72 74 106 73 70 110 76 108 107 75 44 109 105 45 111 113 148 46 104 146 145 69 47 102 144 112 147 103 183 182 101 143 77 180 186 78 185 149 181 150 68 184 142 220 179 178 218 100
71 72 74 73 106 110 76 75 70 108 107 109 44 105 111 113 45 148 46 146 104 47 145 112 144 69 102 147 183 182 103 77 101 143 180 186 185 78 149 181 150 184 220 218 179 222 142 152 178 68
45 46 47 76 74 72 75 77 78 113 71 73 111 112 110 150 152 149 48 106 151 80 109 70 108 107 148 114 81 79 105 49 183 186 182 185 188 52 146 69 104 145 82 51 223 187 184 102 53 144
46 47 76 78 77 74 75 72 113 73 71 111 150 112 48 152 110 149 80 151 114 81 79 49 106 109 148 70 108 107 52 188 82 105 186 183 51 185 115 182 187 53 50 223 153 83 184 146 55 69
47 78 77 76 74 75 72 113 73 71 150 48 111 80 152 112 149 114 151 110 81 79 49 106 52 82 148 109 51 188 70 108 107 115 53 50 186 83 153 183 187 105 185 55 223 54 182 117 184 224
77 78 76 113 75 74 150 72 152 73 112 111 149 151 114 71 80 48 79 110 81 188 49 187 148 153 186 223 82 106 109 185 115 183 108 107 224 52 182 51 184 70 226 50 225 83 53 117 116 105
49 80 81 82 51 52 50 83 115 78 53 79 54 55 118 117 114 86 77 116 84 87 85 154 120 56 119 121 122 152 57 59 58 153 150 88 151 60 193 158 192 157 188 76 156 155 226 149 113 190
82 50 51 83 81 115 80 52 118 53 54 117 79 86 116 84 55 87 85 78 114 120 119 154 121 122 56 57 77 58 59 88 153 193 192 158 157 152 155 156 190 191 159 160 161 150 60 123 189 151
83 51 54 53 52 86 87 84 55 85 82 118 120 119 121 122 115 56 57 117 58 88 59 81 80 116 158 157 156 159 160 123 155 161 60 193 79 192 154 89 191 194 124 78 190 114 195 189 196 125
52 83 53 54 86 55 87 84 82 85 118 56 57 115 58 120 119 121 59 122 88 81 117 80 116 60 158 157 123 79 89 156 159 160 161 155 193 192 154 78 124 114 194 191 190 90 195 125 77 189
53 55 54 86 83 87 56 84 85 59 57 58 82 118 88 120 119 121 122 60 115 81 80 117 89 123 158 116 157 156 79 159 161 160 78 155 124 193 192 90 154 114 125 126 194 77 127 191 195 190
55 54 86 83 87 56 84 57 85 59 58 88 82 118 120 60 119 121 122 89 123 115 158 81 117 80 157 156 161 159 160 116 124 155 90 193 79 192 125 126 78 194 127 154 195 191 199 196 114 91
86 55 87 83 84 85 56 57 58 59 88 120 119 121 122 118 82 60 123 158 115 89 157 117 156 159 161 160 155 81 116 124 80 193 192 194 125 90 126 195 79 154 191 196 127 199 190 198 197 78
86 56 57 59 87 58 83 85 84 88 60 89 120 122 121 119 123 82 118 158 157 115 161 159 124 160 156 90 117 81 155 80 125 126 127 116 193 192 195 91 194 199 130 79 196 162 128 198 78 154
58 57 59 60 88 86 89 87 123 85 84 83 90 124 122 120 121 119 158 125 126 157 161 127 159 160 156 118 91 130 155 82 162 128 199 129 132 195 198 163 200 196 131 164 193 115 194 61 192 117
58 59 88 60 89 86 123 87 85 84 124 83 122 90 158 121 120 119 125 157 126 161 159 160 127 156 118 155 91 199 130 162 128 195 82 129 198 196 132 200 163 131 194 193 164 192 197 115 117 61
59 88 60 89 86 123 87 85 84 124 90 83 158 122 125 121 120 119 126 157 161 127 159 160 156 91 118 130 162 199 155 128 129 195 132 82 198 200 163 196 131 164 194 193 197 192 115 61 117 62
60 89 88 86 123 87 85 90 84 83 124 125 126 127 122 120 121 158 119 91 157 161 130 159 160 156 128 162 132 118 129 199 131 82 61 155 163 62 164 195 200 198 196 115 194 193 197 192 117 92
89 90 88 123 127 91 125 86 126 124 130 87 132 85 128 129 84 131 162 61 62 158 83 164 161 163 122 121 120 157 119 159 160 199 156 200 92 198 93 195 155 201 118 196 82 197 63 202 237 203
62 92 93 63 64 65 91 132 94 133 130 90 66 131 134 96 95 135 136 129 89 166 127 128 164 137 167 165 203 126 125 204 205 168 162 97 207 201 163 123 67 206 202 88 169 124 170 243 86 87
92 93 63 64 65 91 94 132 133 66 130 131 90 134 96 95 135 136 129 166 89 127 128 137 164 167 165 203 126 204 205 168 125 207 97 162 201 163 206 67 123 202 169 170 88 124 243 86 87 244
64 65 94 92 93 96 66 95 134 133 135 136 137 166 168 97 167 91 207 132 165 170 169 67 131 130 90 205 204 129 203 206 128 208 164 127 99 171 89 201 202 98 245 68 172 126 244 209 243 162
65 94 92 96 93 95 66 134 133 135 136 137 166 168 97 167 207 170 165 169 132 91 67 131 130 205 204 90 206 203 129 208 171 128 164 99 127 89 245 172 98 201 209 202 68 244 243 126 246 173
66 94 96 95 97 92 93 134 137 135 136 133 67 168 166 170 169 167 207 99 165 171 98 68 172 91 132 208 131 173 138 130 209 245 100 205 204 206 90 246 203 129 69 139 174 140 247 128 164 127
96 97 94 95 67 137 92 93 134 99 135 136 168 170 133 68 98 166 169 172 171 138 167 100 207 173 69 208 165 139 209 140 245 91 174 132 141 246 131 102 130 247 90 205 206 204 101 70 129 203
99 97 68 98 100 138 69 139 140 173 172 96 141 102 95 94 101 174 70 104 171 103 175 137 170 142 176 177 105 168 143 209 134 169 92 210 211 144 247 93 136 135 145 106 212 146 246 133 245 208
99 100 98 139 138 140 69 141 102 101 173 97 103 104 172 142 175 174 177 176 70 143 105 211 144 145 212 210 178 146 171 214 106 213 179 96 250 95 107 108 247 248 147 209 251 109 252 94 170 249
102 70 104 101 103 100 139 105 99 141 140 143 142 144 145 106 98 138 177 146 176 107 108 175 109 178 147 71 173 179 214 97 174 72 211 172 148 110 212 218 73 74 213 215 180 216 76 217 75 210
105 104 102 106 103 145 146 101 144 107 108 109 143 71 147 72 110 142 148 73 100 141 139 177 140 74 178 179 99 75 76 180 218 111 176 214 182 175 183 138 98 113 215 217 216 112 181 213 220 211
72 73 74 110 75 106 76 109 108 107 111 148 113 105 112 146 183 145 182 147 104 144 186 180 185 102 181 149 103 77 184 220 143 150 101 222 78 218 219 151 152 179 223 178 221 142 256 217 215 177
74 73 76 75 110 111 113 106 109 112 148 108 107 105 183 182 77 146 149 186 145 185 150 147 104 78 144 184 180 181 152 151 220 102 103 222 143 223 101 219 218 221 188 256 187 224 179 114 178 80
74 75 110 111 76 113 112 148 109 108 107 106 183 182 186 185 149 105 184 77 146 150 181 147 180 145 220 144 222 151 152 223 78 104 219 221 256 103 102 224 143 187 218 188 101 179 259 114 178 255
76 75 113 111 110 112 148 109 106 108 107 77 149 183 150 182 186 78 185 105 152 151 184 146 145 181 147 180 223 220 144 104 222 188 187 114 224 102 103 219 221 143 256 80 101 79 218 259 81 179
76 113 111 112 110 149 148 77 150 109 183 186 108 107 106 185 182 151 152 78 184 223 181 105 220 146 180 222 147 188 187 145 224 114 144 104 221 256 219 259 80 79 260 258 102 103 143 81 218 225
113 111 112 110 77 149 150 148 78 109 106 183 108 107 186 152 151 185 182 184 223 105 181 146 188 220 187 114 180 145 147 224 222 144 80 104 79 221 259 256 219 81 102 260 153 103 258 143 225 218
78 150 152 151 114 149 113 80 79 112 81 188 111 153 187 115 110 223 82 226 224 225 186 185 154 116 117 259 260 183 148 184 83 182 109 118 106 108 107 261 258 181 220 86 227 222 84 87 105 85
80 114 150 152 79 81 151 113 149 82 115 188 153 112 111 187 117 116 83 154 226 118 110 225 223 224 86 186 84 87 185 85 260 259 148 183 184 109 120 119 106 121 122 182 108 107 261 227 190 258
114 81 80 115 153 82 154 116 117 152 151 150 226 188 118 83 225 187 149 84 227 190 228 86 85 229 119 120 87 263 189 121 113 122 224 191 112 192 193 265 223 260 261 259 111 262 264 155 230 157
81 114 115 82 117 116 154 83 153 152 118 150 151 188 226 84 86 87 85 149 119 120 121 122 187 225 190 113 193 192 191 189 229 112 228 227 88 155 263 157 158 224 111 156 265 159 160 223 161 194
115 82 114 117 116 154 118 83 153 152 150 151 84 226 86 87 85 188 119 120 121 122 190 149 193 192 191 189 225 187 229 228 155 263 227 113 157 88 158 156 265 159 160 112 161 194 224 230 264 111
115 117 118 83 116 84 154 86 85 87 119 120 121 122 114 193 192 190 153 191 155 157 88 158 156 189 159 160 161 229 194 152 226 123 150 151 228 230 265 188 89 195 124 196 263 231 232 197 225 227
86 84 87 118 85 120 119 121 122 115 117 88 116 158 157 156 155 159 160 193 161 192 123 154 89 191 194 190 124 114 189 195 196 229 125 197 199 153 126 198 90 127 230 231 232 200 152 162 237 265
85 87 120 119 86 121 122 118 88 158 157 156 159 160 161 155 123 193 117 192 115 194 116 124 89 195 191 196 190 199 197 154 125 198 189 126 90 200 127 229 237 231 236 232 162 233 239 230 241 240
87 120 122 121 119 86 88 118 158 157 156 159 160 161 155 123 193 192 117 124 194 115 89 195 116 196 191 199 125 197 190 198 126 189 154 90 200 127 237 162 236 233 239 229 231 232 241 240 230 163
87 88 120 121 122 119 118 123 158 157 89 156 161 159 160 115 155 124 117 193 192 116 125 194 195 90 126 196 199 127 191 198 197 154 190 200 162 189 91 128 130 163 237 129 236 239 114 132 233 241
120 122 121 119 88 118 158 157 123 156 159 161 160 155 89 124 193 115 117 192 194 116 195 125 196 199 126 191 90 198 197 127 190 154 200 189 162 237 128 236 239 163 233 130 91 241 240 229 129 231
123 89 124 158 161 157 122 121 120 119 159 160 156 125 126 90 155 127 199 195 196 198 118 162 200 194 197 128 193 163 192 130 91 129 237 239 164 236 132 241 240 131 233 117 115 191 238 235 234 116
123 90 125 127 126 124 91 130 128 162 129 132 131 163 158 164 161 199 157 159 160 200 122 156 121 120 119 198 195 201 196 155 197 237 239 202 92 241 240 93 236 118 194 203 238 193 233 192 235 234
91 127 130 132 126 129 128 125 131 162 164 123 124 163 201 200 92 199 93 202 203 198 158 161 159 160 157 204 133 156 237 195 239 241 205 196 240 122 121 120 119 236 197 243 238 155 165 134 206 233
132 130 131 129 127 128 164 126 125 162 92 163 93 201 203 202 123 124 133 204 205 200 199 165 134 166 206 243 135 136 198 167 94 161 241 237 239 158 240 159 160 157 195 236 196 96 207 95 156 238
93 133 134 94 132 135 136 166 131 96 95 130 167 165 129 137 203 204 205 207 168 128 164 206 127 201 169 202 170 126 162 163 125 97 243 244 123 208 124 274 200 245 171 199 275 276 209 99 246 198
133 134 94 135 136 166 132 131 96 95 167 165 130 137 205 204 203 129 207 168 206 164 128 127 169 201 202 170 243 126 162 163 125 97 244 208 274 123 124 200 245 275 171 276 199 209 246 99 198 305
96 95 134 137 135 136 133 168 166 170 167 169 97 207 165 208 171 205 206 204 132 245 209 131 172 99 203 246 130 98 173 244 274 129 276 138 275 164 247 243 128 202 100 201 127 174 277 278 139 279
96 137 134 168 136 135 170 169 97 133 166 207 167 208 165 171 245 209 172 246 99 98 206 173 205 204 138 247 132 276 274 131 203 244 275 100 174 130 277 278 279 139 129 243 140 306 164 210 141 128
137 134 168 136 135 170 97 133 169 166 207 167 208 165 171 245 209 172 99 246 98 173 206 205 204 138 132 247 131 276 203 274 100 244 275 174 130 277 278 139 129 279 140 243 164 141 306 128 210 202
99 98 172 138 173 171 170 137 100 168 139 174 169 209 140 141 134 136 135 208 245 246 247 166 133 207 102 175 210 176 167 101 177 142 211 103 279 104 248 165 212 278 143 277 105 276 250 249 144 280
138 99 100 173 139 140 172 141 174 175 176 177 101 142 102 171 210 211 103 212 247 104 209 248 143 250 214 213 170 178 249 246 251 144 105 252 245 145 279 137 179 146 280 168 208 281 169 106 283 215
100 138 139 140 141 173 172 174 102 101 175 176 142 177 103 104 171 211 210 143 212 105 247 209 144 170 178 145 214 248 146 213 250 137 106 246 179 251 249 168 245 252 169 107 108 279 147 208 109 280
139 140 138 141 101 102 175 173 176 142 177 174 103 172 104 143 211 212 210 105 144 178 214 145 213 146 250 171 179 251 248 106 252 247 249 147 209 107 108 215 218 109 216 283 281 217 280 170 246 279
103 102 104 143 142 177 141 144 140 139 105 145 146 178 176 175 214 179 106 147 138 107 108 211 109 212 213 218 215 174 216 217 173 251 252 148 250 180 172 210 110 254 283 182 253 249 183 248 181 284
104 103 105 143 144 142 141 145 139 140 146 177 106 176 178 107 108 175 138 147 109 179 214 218 211 148 212 174 215 213 173 110 216 217 180 172 251 252 250 182 210 183 254 111 283 181 219 220 253 113
104 143 144 142 145 105 177 146 178 141 140 179 139 147 176 106 214 175 107 108 109 218 215 138 213 211 216 212 217 148 180 174 251 110 252 250 173 254 182 183 283 210 253 181 172 219 220 284 255 111
105 144 145 143 146 106 142 107 108 147 177 109 141 178 140 139 179 176 214 175 218 148 110 215 138 180 216 217 213 211 212 182 183 174 111 254 173 251 181 252 250 220 219 113 172 222 253 283 210 255
145 106 146 144 107 108 109 143 147 148 110 142 178 179 177 218 180 141 182 214 140 139 183 215 176 217 111 216 175 181 220 113 219 213 254 112 222 138 186 185 211 212 184 221 255 253 251 252 174 256
108 107 109 146 145 144 148 110 147 143 182 180 183 111 179 218 178 113 181 142 112 220 177 186 185 215 217 214 222 219 184 216 141 140 139 221 254 176 175 255 256 149 213 138 253 150 211 223 212 251
108 109 146 148 145 147 110 144 182 180 183 143 111 218 181 179 220 178 113 186 112 185 222 219 184 217 215 142 216 214 221 177 254 255 256 141 140 176 139 149 253 175 213 223 150 287 212 211 257 285
109 146 148 145 147 110 144 182 180 183 143 111 218 181 179 220 178 113 186 112 185 222 219 184 217 215 142 216 214 221 177 254 255 256 141 140 176 139 149 253 175 213 223 150 287 212 211 257 285 286
148 146 110 147 145 144 182 183 180 111 143 181 218 220 179 113 186 112 185 222 178 219 184 217 215 221 216 142 214 254 177 256 255 149 141 223 140 176 253 139 213 175 150 287 257 151 286 288 224 285
148 111 183 113 182 112 186 185 146 180 147 181 184 145 220 144 222 149 219 221 150 223 218 256 143 151 179 152 255 178 217 224 215 216 254 187 257 258 188 259 142 287 214 177 260 288 253 114 286 141
112 113 148 183 186 185 149 182 184 150 181 223 220 151 152 222 180 147 224 146 187 221 256 145 219 188 144 259 258 260 114 257 218 255 143 225 287 179 288 217 153 254 261 178 215 216 226 290 289 286
113 149 186 185 150 183 184 223 151 148 182 152 224 181 187 220 188 222 259 180 256 221 260 258 219 114 147 225 146 257 145 153 261 287 144 226 255 288 290 289 218 291 143 254 331 217 179 286 215 216
149 150 186 148 151 152 183 185 182 184 223 188 187 181 224 220 222 114 180 146 147 259 145 256 221 260 219 258 144 225 153 257 226 218 261 143 255 287 288 290 179 289 217 115 254 178 215 291 216 154
153 152 151 150 188 226 115 154 116 117 149 187 225 118 224 227 223 260 261 228 259 263 229 190 189 265 262 191 119 291 120 121 122 186 192 193 185 264 258 333 184 230 155 290 183 289 157 156 158 194
117 116 118 154 119 120 121 122 153 190 193 192 191 189 229 155 226 157 156 158 152 159 160 228 194 161 265 151 150 263 188 230 227 225 264 231 123 195 232 187 196 149 262 197 124 266 198 199 293 261
117 154 118 190 189 191 229 192 153 193 119 120 121 122 228 265 226 155 263 230 194 156 157 158 159 160 264 227 161 231 152 232 188 225 262 151 150 195 196 266 293 187 197 123 124 149 198 261 292 267
118 154 190 119 120 121 122 191 192 193 189 229 153 155 156 157 194 158 228 265 159 160 230 226 161 263 231 264 232 152 227 195 196 188 123 151 197 150 225 266 262 124 293 187 198 199 233 267 149 236
119 120 121 122 193 192 154 155 191 157 156 158 190 159 160 161 189 194 229 123 195 196 230 231 153 124 197 232 265 228 198 199 266 263 226 264 125 233 236 237 200 126 239 267 235 293 152 234 241 240
120 121 122 157 158 156 155 159 160 161 193 192 194 191 123 195 196 190 124 197 189 199 198 154 231 232 229 125 230 200 233 237 236 126 239 266 235 241 240 234 238 127 267 162 163 265 242 268 128 293
121 122 157 158 156 155 159 160 161 193 192 194 191 123 195 196 124 190 197 189 199 198 154 231 125 232 229 200 230 233 237 236 126 239 266 241 235 240 234 127 238 267 162 163 265 242 128 268 293 228
122 157 158 156 155 159 160 161 193 192 194 123 195 191 196 124 190 197 189 199 198 154 231 125 232 229 200 233 237 230 236 126 239 266 241 235 240 234 238 127 267 162 163 265 242 128 268 293 228 270
157 158 156 155 159 160 161 193 192 194 123 195 191 196 124 190 197 199 198 189 125 154 231 232 200 229 237 233 236 126 230 239 241 266 240 235 234 127 238 162 267 163 242 265 128 268 293 228 129 270
124 125 126 158 161 127 157 159 160 199 156 162 198 200 195 128 163 196 155 130 129 197 164 237 239 194 132 241 236 131 240 193 233 238 192 201 235 234 242 202 191 271 270 203 267 268 232 190 269 231
125 126 199 200 162 198 161 127 158 159 160 157 163 195 196 156 128 197 237 239 241 240 236 129 164 155 130 238 233 194 235 131 201 132 234 242 193 202 192 271 270 268 267 269 203 272 273 191 232 295
126 127 162 128 163 129 199 200 164 130 198 131 132 201 161 158 237 239 195 241 159 160 196 240 157 202 236 156 197 238 203 233 235 242 155 234 194 271 270 273 204 272 243 268 269 205 193 192 297 267
127 162 128 163 129 164 130 200 199 131 132 201 198 202 161 237 239 241 158 195 240 159 160 196 157 236 197 156 203 238 233 242 235 234 155 271 194 204 270 273 243 205 272 269 268 193 297 192 267 295
128 162 129 130 164 163 131 132 201 200 199 202 198 203 237 239 161 241 158 240 195 159 160 196 236 157 197 204 156 238 205 242 243 233 235 234 155 271 133 273 270 206 194 272 165 269 268 297 166 134
129 164 162 130 163 131 132 201 202 203 200 199 198 204 241 239 205 237 240 243 236 238 195 161 196 242 197 158 206 159 160 133 273 235 157 233 271 165 156 234 272 270 166 300 269 134 155 167 297 135
164 130 131 132 162 163 201 202 203 200 204 199 205 243 198 133 206 241 239 237 240 165 236 238 242 161 195 196 273 166 158 197 134 159 160 167 271 235 157 135 136 233 272 156 234 270 244 300 304 269
132 131 164 162 163 201 203 202 204 200 205 199 133 243 198 206 165 134 166 241 239 237 240 135 136 161 167 158 236 195 159 160 196 238 157 197 242 156 273 235 233 244 271 207 234 272 270 155 300 137
132 164 201 203 162 163 202 204 205 133 243 206 200 165 199 166 134 135 136 167 198 241 239 237 240 244 207 236 273 238 242 161 195 158 196 159 160 197 271 272 157 235 233 137 270 156 234 305 300 304
164 162 201 203 163 202 204 133 205 165 200 206 243 134 166 199 135 136 167 198 241 239 237 240 207 244 161 236 158 238 195 159 160 196 273 242 157 137 197 156 168 271 235 272 233 234 270 305 300 304
134 166 135 136 167 165 207 137 205 168 204 206 203 169 170 244 243 164 202 201 274 208 275 163 162 245 276 171 246 209 305 277 304 278 200 172 306 346 273 247 345 199 347 300 302 173 307 301 303 279
135 136 166 167 137 207 168 165 169 170 206 205 204 208 203 244 274 245 243 275 276 171 202 164 246 201 209 277 172 163 278 162 306 247 173 305 307 279 347 304 138 346 174 345 308 200 381 273 309 300
136 166 167 207 137 168 165 169 170 206 205 204 208 244 203 274 245 275 243 276 171 246 209 202 164 201 277 278 306 172 163 247 162 307 347 305 279 173 304 346 345 138 308 381 174 309 273 302 300 303
166 167 207 137 168 165 169 170 206 205 204 208 244 203 274 245 275 243 276 171 246 209 202 164 201 277 278 306 172 163 247 162 307 347 305 279 173 304 346 345 138 308 381 174 309 273 302 300 303 200
168 170 169 207 166 167 208 165 245 171 209 246 206 276 274 205 275 172 204 244 247 277 278 173 203 279 306 243 307 138 174 347 308 202 309 210 164 201 139 248 140 141 310 305 163 175 280 348 346 162
139 173 140 141 174 172 175 176 177 142 211 210 212 171 247 248 143 250 209 213 214 178 249 251 252 144 246 145 179 170 279 280 281 146 245 283 215 208 147 169 216 168 218 282 311 217 316 309 308 278
140 141 175 176 177 142 174 173 211 172 143 212 178 214 210 144 213 145 250 179 251 146 252 248 171 249 147 247 215 218 216 283 281 209 217 280 282 279 246 284 316 170 180 254 148 253 245 285 311 315
141 175 176 177 142 174 173 211 212 143 172 214 178 210 213 144 250 179 145 251 252 146 248 249 215 147 171 247 218 216 283 281 217 280 209 282 284 279 316 254 246 253 180 285 148 311 315 317 170 245
175 176 177 142 174 211 143 173 212 214 178 172 213 144 210 179 250 145 251 146 252 248 215 249 147 218 216 283 217 171 247 281 280 209 282 284 254 180 253 316 285 279 148 246 311 315 317 318 312 170
177 176 143 175 178 214 179 144 211 213 212 145 146 215 251 218 147 252 216 250 174 217 173 210 283 249 254 172 180 248 253 284 281 285 148 282 316 280 182 219 255 317 318 181 320 247 315 183 321 319
144 178 145 146 179 177 214 147 218 176 215 175 216 217 213 180 211 212 148 254 251 252 250 182 253 283 174 183 219 181 255 220 284 285 173 222 210 249 221 281 172 282 248 321 185 186 184 256 320 316
145 146 147 178 179 218 177 214 148 180 215 216 217 176 182 175 183 213 254 181 219 220 211 212 222 253 255 251 252 221 186 185 283 250 184 285 284 256 174 173 321 210 286 326 249 330 328 281 320 282
146 147 179 178 218 148 180 177 214 215 217 216 182 183 176 181 254 175 219 220 213 222 255 211 212 253 221 186 185 184 251 252 256 283 250 285 284 174 321 173 286 326 210 330 328 287 249 149 320 323
147 179 148 178 218 180 215 182 214 217 177 216 183 181 220 219 254 176 222 175 213 255 186 221 185 184 253 212 211 256 251 252 285 283 250 284 321 286 174 326 287 330 328 149 173 223 288 257 323 320
180 218 179 148 178 217 215 182 216 183 181 219 214 220 254 222 177 255 221 253 185 186 184 213 256 176 175 285 252 251 212 211 283 284 286 321 326 330 287 328 250 288 257 323 325 324 320 223 329 149
182 183 180 181 220 186 185 184 222 219 218 221 256 179 217 255 178 215 149 254 216 223 214 150 257 287 224 253 177 258 288 151 286 152 259 187 330 326 328 213 260 176 188 285 321 175 289 325 290 284
150 151 152 223 187 188 224 186 185 259 184 260 225 183 153 258 226 182 261 220 181 222 256 257 221 290 289 291 180 219 287 227 288 154 331 333 255 332 263 262 228 218 286 254 363 217 330 328 179 265
152 151 188 187 223 224 153 225 226 186 259 260 185 184 261 183 258 154 182 227 181 220 222 291 256 290 257 289 221 333 180 263 219 228 287 331 262 288 332 265 229 255 190 189 264 191 218 286 363 192
152 188 187 224 223 153 225 226 260 259 186 261 185 184 258 154 183 227 291 182 290 289 257 220 222 181 333 256 263 221 228 262 331 287 288 219 180 332 265 229 264 190 189 255 363 191 286 192 193 405
188 187 153 226 225 224 223 260 259 186 261 154 185 184 258 227 183 291 182 290 263 289 220 333 181 222 228 257 256 262 221 331 265 229 180 287 219 332 190 288 189 264 191 192 193 255 230 363 155 286
226 188 225 154 187 227 263 228 261 224 260 262 259 265 229 291 223 264 190 189 333 191 258 230 192 193 290 332 289 186 185 184 155 231 331 257 194 366 232 293 365 156 157 183 158 364 368 159 160 292
190 229 189 228 226 191 263 265 192 193 227 264 230 225 188 262 155 194 231 156 157 232 187 158 159 160 161 261 293 266 195 291 260 196 224 333 292 197 259 267 223 233 198 332 368 370 371 199 366 234
156 194 157 160 159 193 161 192 158 195 196 197 191 190 198 232 231 199 189 233 236 266 237 230 235 239 234 267 200 240 241 229 238 268 242 293 269 270 162 294 271 265 295 163 297 292 296 335 228 264
157 159 160 161 158 194 195 196 193 192 197 198 199 191 233 237 236 200 239 241 235 240 190 232 234 231 238 189 266 267 230 162 242 268 229 163 270 269 271 294 295 293 164 297 296 265 272 201 335 292
159 158 160 161 195 194 196 193 192 197 198 199 191 237 200 236 233 239 241 240 235 190 234 232 238 231 189 266 267 162 230 242 163 268 229 270 271 269 294 295 164 293 297 296 201 272 265 335 273 202
161 159 160 195 194 196 193 197 192 199 198 200 237 236 191 233 239 241 240 235 234 238 190 162 232 231 189 163 266 267 242 230 268 229 270 271 269 164 294 295 293 201 297 296 272 202 265 273 335 292
160 161 195 196 194 197 193 198 192 199 237 200 236 233 239 191 241 240 235 234 238 232 190 231 267 266 162 189 242 163 230 268 270 229 271 269 294 295 164 293 297 296 272 201 335 273 265 202 292 334
161 195 196 194 197 193 198 192 199 237 200 236 233 239 191 241 240 235 234 238 232 190 231 267 266 162 189 242 163 230 268 270 271 229 269 294 295 164 293 297 296 272 201 335 273 265 202 292 334 264
195 196 194 197 198 199 193 192 200 237 236 233 239 241 240 235 191 234 238 162 232 231 190 267 266 163 242 189 268 230 270 271 269 164 229 295 294 297 296 201 293 272 273 202 335 265 292 334 337 339
163 164 200 201 199 202 198 241 239 237 240 203 236 238 195 196 242 197 235 233 234 271 204 273 243 270 272 205 269 268 297 194 300 295 296 206 267 301 302 299 304 294 165 298 305 339 193 303 192 244
164 201 200 202 199 198 241 239 237 240 203 236 238 242 195 196 197 235 273 271 243 233 204 234 270 272 205 269 297 300 268 296 206 295 301 302 194 304 299 267 298 305 294 165 303 339 341 244 340 193
201 202 203 200 204 199 205 243 198 241 239 237 240 206 236 238 273 242 165 271 272 195 196 235 197 270 233 234 166 300 244 167 304 305 301 297 269 302 299 268 296 298 303 295 207 339 194 341 267 294
167 166 206 205 207 204 244 203 243 168 274 169 202 275 170 201 208 276 245 305 304 346 246 277 345 209 306 278 171 347 381 273 302 303 300 301 380 307 299 344 343 298 200 272 377 379 342 341 247 279
167 207 168 206 169 205 204 170 244 203 274 208 243 275 276 245 202 201 246 171 209 277 278 306 305 347 304 346 307 247 172 345 279 381 173 273 302 300 303 301 308 380 200 299 309 344 343 298 272 377
207 168 206 169 205 204 244 274 170 208 203 275 243 276 245 202 201 246 209 171 277 278 306 305 347 346 304 307 345 247 381 279 172 380 303 302 300 273 301 308 344 173 343 299 309 379 377 298 382 200
169 170 207 208 245 171 246 209 276 274 275 206 205 244 277 278 204 247 172 306 279 173 307 203 243 347 308 174 309 202 210 248 201 310 348 305 346 381 280 345 349 304 249 382 175 380 350 383 211 425
170 208 207 245 246 209 171 276 275 274 277 278 206 247 244 306 205 279 172 307 204 173 347 308 309 203 243 174 210 248 310 348 202 381 280 349 346 201 305 345 382 350 383 249 384 385 425 380 386 304
208 245 171 207 209 246 247 276 172 278 277 275 279 173 274 306 307 206 174 244 205 308 309 204 210 347 248 203 310 243 280 348 249 175 211 349 176 212 350 311 202 250 385 281 386 381 388 383 201 384
209 246 247 172 245 173 208 279 174 210 278 248 277 308 309 307 306 276 207 280 249 175 211 310 212 275 176 250 281 311 347 348 274 177 350 251 349 252 213 385 312 386 282 388 316 313 315 244 206 389
173 174 247 210 209 246 175 248 176 211 245 279 212 249 208 177 250 280 278 251 281 213 309 252 308 277 310 214 307 311 178 306 283 207 282 276 316 312 179 315 313 350 348 314 317 275 215 349 351 318
174 210 175 247 176 211 209 248 212 177 246 249 250 279 245 280 251 213 252 281 208 214 178 309 278 308 283 310 311 277 282 179 316 307 312 315 306 215 313 317 314 216 207 276 284 350 318 218 217 348
210 175 211 176 248 212 247 250 177 249 209 251 213 280 252 279 281 246 214 178 283 245 311 282 309 316 310 308 179 208 312 315 278 313 215 317 314 284 216 277 318 307 319 217 218 350 351 306 285 348
176 211 177 212 213 214 250 210 251 178 252 249 248 179 283 281 215 216 280 218 217 282 247 284 316 285 253 315 317 311 254 318 312 209 279 314 313 319 320 180 310 246 309 321 353 351 308 245 255 352
177 211 212 213 214 178 250 251 252 210 179 249 248 283 215 216 281 218 217 282 280 284 316 247 253 285 254 317 315 318 311 312 314 319 180 313 320 279 209 321 310 246 255 353 351 219 309 352 308 182
214 178 211 212 213 179 251 252 250 215 216 218 217 210 283 249 248 281 254 284 253 282 285 180 280 316 317 247 315 318 320 255 319 219 311 182 312 321 314 181 313 183 220 209 279 222 353 323 221 326
179 214 215 218 216 217 213 212 251 211 252 254 253 283 180 250 284 285 255 219 182 181 249 281 282 321 220 210 320 183 222 221 316 317 318 248 326 319 323 315 286 328 330 256 360 280 324 322 325 314
215 218 214 216 217 213 254 180 253 252 251 212 283 211 285 255 219 284 250 181 182 220 321 222 183 221 320 282 326 323 286 281 249 328 330 256 318 316 317 210 324 319 325 184 360 322 185 186 315 329
181 182 219 220 183 222 218 221 255 217 254 184 256 216 215 185 186 253 214 287 286 288 257 330 326 328 285 321 223 213 325 323 284 324 258 329 327 283 322 252 251 224 320 360 259 212 289 362 290 211
220 222 182 219 183 221 184 256 185 186 255 218 287 254 257 288 217 223 286 216 258 215 330 253 326 328 224 259 325 321 289 329 290 324 260 323 285 331 214 327 187 322 284 360 188 362 213 261 320 283
183 220 222 185 186 184 219 221 256 255 218 223 254 217 257 287 216 215 288 258 224 286 259 253 330 326 328 214 187 260 289 290 321 325 285 188 329 331 324 323 327 213 284 261 322 225 360 283 320 252
186 185 220 184 222 219 221 256 223 255 218 257 287 254 217 258 224 288 216 215 259 286 187 260 253 330 326 328 289 290 188 214 331 321 325 329 285 324 323 261 225 327 213 284 322 291 360 283 362 320
185 186 222 220 256 221 223 219 257 258 287 224 259 288 255 260 187 289 290 286 254 218 331 188 330 217 261 328 326 225 216 215 253 329 291 325 324 327 321 323 333 226 285 322 363 214 332 360 362 284
186 220 222 256 223 221 219 258 257 224 259 287 288 255 260 187 289 290 188 218 286 254 331 261 217 225 330 328 326 216 215 291 253 329 325 324 327 226 321 323 333 285 214 363 322 332 360 362 284 227
220 222 223 256 221 219 224 258 257 259 287 187 260 288 255 188 289 290 218 286 254 331 261 225 217 330 216 328 326 215 291 253 329 325 226 324 327 321 333 323 214 285 363 332 322 360 362 227 284 361
188 224 225 260 223 259 261 226 258 291 290 227 289 333 257 331 256 332 222 262 220 263 287 221 288 228 219 363 265 264 405 255 229 286 406 404 366 365 364 189 190 330 438 328 326 403 329 191 367 254
225 226 224 260 223 259 261 227 258 291 333 290 289 263 262 228 257 331 332 256 222 220 265 221 287 264 288 229 189 190 363 219 405 191 366 365 230 406 255 364 404 192 193 286 438 368 367 330 328 326
190 229 191 230 192 193 265 231 232 228 264 194 266 293 263 292 267 195 196 197 262 227 233 234 235 226 370 371 334 268 236 335 198 294 237 239 238 199 240 241 269 295 368 372 242 270 200 296 225 271
191 229 192 230 193 231 265 232 194 228 264 266 293 263 195 196 197 292 267 262 233 227 234 235 198 236 226 268 237 335 294 199 334 239 370 371 238 240 241 269 295 242 200 270 368 372 271 296 225 297
192 193 229 230 194 231 232 266 265 293 195 196 228 264 197 267 263 233 292 234 235 198 236 237 268 199 239 238 240 241 294 262 335 334 227 269 200 242 295 370 371 270 226 271 296 297 372 368 336 337
193 194 231 230 232 229 195 196 197 266 233 267 198 265 293 236 199 235 234 237 239 228 264 240 241 238 268 200 292 263 294 242 269 295 270 335 271 334 296 297 262 227 370 371 226 272 372 336 337 273
194 231 232 230 195 229 196 197 266 233 198 267 265 199 293 236 235 234 237 239 240 241 228 238 264 200 268 292 263 242 294 269 270 295 335 271 334 296 297 262 227 370 371 272 226 372 336 337 273 338
195 196 197 232 231 266 233 198 236 267 230 235 234 237 199 239 240 241 238 229 200 268 293 242 294 269 270 295 271 265 292 335 296 297 334 264 272 228 273 337 336 263 372 370 371 339 338 201 340 300
196 197 198 199 236 237 233 239 235 240 241 200 234 238 267 242 232 268 266 231 270 271 269 295 294 297 296 230 272 293 273 335 229 201 334 202 337 339 292 336 300 338 340 299 301 298 265 302 341 372
197 198 233 236 199 237 239 235 240 241 234 238 200 267 242 268 232 266 231 270 271 269 295 294 297 296 230 272 293 273 335 201 229 334 337 339 202 292 336 300 338 340 299 301 298 341 302 265 372 303
233 198 236 237 235 239 234 240 241 199 238 200 267 242 268 266 232 270 269 271 231 295 294 297 296 272 230 335 273 293 334 337 339 201 336 229 292 338 300 202 340 299 298 301 341 302 372 265 373 303
199 237 200 239 236 241 240 233 238 235 234 242 270 271 268 267 269 295 297 272 294 296 266 232 201 273 231 202 300 339 335 230 337 301 299 293 336 298 340 302 203 338 334 341 303 243 304 229 292 373
200 237 239 241 240 236 238 233 235 234 242 271 270 268 201 269 267 272 295 297 202 273 296 294 266 232 231 203 300 339 301 335 299 230 298 302 337 243 340 336 338 293 341 303 334 204 304 205 229 305
237 239 241 240 236 238 235 242 233 234 271 270 201 268 269 202 272 273 297 267 295 296 294 203 300 266 232 339 301 299 243 231 302 298 340 337 341 303 335 304 204 338 336 205 305 334 230 293 342 206
202 203 243 204 205 273 206 241 240 239 237 242 272 238 271 236 300 304 270 305 244 301 302 235 299 234 233 297 303 298 269 296 295 268 339 341 340 346 342 274 207 294 343 345 267 344 377 337 338 336
203 243 204 205 206 273 272 304 305 244 300 241 240 239 242 271 237 301 302 238 270 299 236 303 298 297 235 234 269 233 296 341 339 346 295 274 268 342 340 345 207 343 344 377 294 338 337 376 267 375
204 205 243 206 244 305 207 273 304 274 300 302 272 301 241 303 240 239 299 242 271 237 298 346 238 270 236 345 275 341 297 235 343 339 342 234 269 296 233 344 377 340 295 276 268 381 376 208 380 375
205 206 243 244 207 274 305 304 275 273 300 346 302 301 303 345 299 272 276 298 208 343 271 241 242 344 240 341 381 239 342 377 237 238 270 380 339 297 236 340 376 296 245 379 269 235 378 234 347 375
206 243 244 207 274 305 304 275 346 273 300 302 276 345 301 303 299 208 272 298 343 381 344 341 377 271 342 241 242 380 240 239 270 237 238 245 339 297 376 379 347 236 340 378 296 277 269 306 375 235
244 243 274 207 275 305 304 276 346 345 208 302 303 300 273 301 381 299 298 343 344 380 245 377 272 347 342 341 277 379 306 376 378 271 278 246 339 242 241 340 270 240 375 239 297 307 209 238 382 237
208 274 244 275 276 245 246 243 209 277 278 306 347 307 247 279 305 346 381 345 308 304 309 380 382 303 379 302 344 348 300 301 343 273 377 310 299 210 425 349 383 248 298 422 384 378 342 420 416 376
245 246 209 276 277 278 275 306 247 279 307 274 308 347 309 244 310 248 348 210 349 280 350 385 383 243 386 384 388 249 425 381 382 311 387 346 389 345 281 380 211 427 429 250 212 305 426 379 422 392
246 245 247 279 278 277 308 307 210 309 306 248 276 280 310 275 249 347 348 211 311 350 281 349 212 274 250 385 386 388 312 251 389 313 252 316 282 383 351 387 384 315 244 392 213 391 314 425 394 390
248 249 211 212 250 280 247 281 251 252 279 213 311 282 310 283 316 246 309 312 308 315 214 313 314 317 245 318 278 351 350 284 319 307 277 394 348 352 392 389 215 396 349 391 306 388 216 385 285 386
212 250 213 251 252 249 214 248 281 283 280 282 316 215 284 216 315 247 311 317 217 312 318 218 285 314 313 319 253 279 320 254 310 351 353 309 352 321 308 246 354 355 394 396 350 392 360 356 357 391
250 251 213 252 249 214 283 281 248 282 280 316 215 284 216 315 317 311 318 217 312 285 314 218 247 313 319 253 320 254 279 310 353 351 352 321 309 354 355 394 396 308 360 350 246 356 357 392 323 397
251 252 214 250 283 215 216 284 249 281 217 282 285 253 218 316 317 248 254 318 315 320 319 280 314 312 321 313 311 353 255 323 360 355 354 352 322 351 356 357 326 359 324 219 247 358 328 397 325 396
215 216 217 251 252 218 283 250 254 253 284 285 249 281 282 320 316 255 321 317 318 248 219 319 315 280 323 314 312 326 220 360 313 353 328 322 222 221 311 330 286 324 325 357 356 355 354 359 362 329
216 217 218 254 253 285 284 283 255 252 251 219 321 250 320 326 323 220 221 222 328 286 330 282 324 360 325 322 318 317 319 316 281 256 329 249 327 315 362 353 359 357 356 287 361 314 288 358 355 354
217 218 254 253 285 284 255 283 252 251 219 321 320 326 323 250 328 286 330 220 221 222 324 325 360 322 282 318 317 319 329 256 316 281 327 362 315 353 249 359 357 361 356 287 314 288 358 355 354 401
218 254 253 255 285 219 284 321 283 252 251 326 220 221 222 286 323 328 330 320 324 325 256 322 250 360 329 327 282 318 319 317 287 362 316 288 361 359 281 357 353 356 315 358 249 401 257 314 355 354
254 253 219 255 220 285 222 221 284 283 321 252 251 256 286 326 330 328 323 320 250 325 324 287 322 329 360 288 327 282 318 317 319 362 257 316 281 361 249 359 357 315 353 356 358 401 314 355 354 312
221 222 220 255 256 254 287 286 288 257 330 253 326 328 321 325 329 324 323 285 258 327 223 322 284 360 289 331 290 362 259 320 224 361 283 260 359 252 357 251 358 356 401 402 319 318 400 353 261 403
222 221 256 255 287 257 288 254 286 223 258 330 328 326 253 224 259 289 325 329 290 321 260 331 324 323 327 285 322 360 284 362 261 320 361 225 291 283 359 363 252 251 357 358 356 401 403 333 402 332
256 222 255 287 288 257 286 254 330 328 258 326 223 253 325 329 289 324 321 331 290 327 259 323 224 285 260 322 360 362 284 361 320 261 359 363 291 403 357 358 283 401 356 402 225 333 400 332 252 251
256 255 287 257 288 254 286 258 223 330 328 326 253 259 224 289 290 325 329 331 321 260 324 323 327 285 322 360 362 261 284 320 361 291 225 363 283 359 403 357 358 333 401 356 252 402 251 332 400 319
224 259 260 258 257 225 261 256 290 289 287 291 288 331 226 333 255 227 332 286 363 330 328 326 254 262 329 405 263 325 327 324 404 228 406 403 253 323 321 438 322 366 364 265 264 362 365 285 360 361
259 260 258 225 261 290 289 291 257 226 256 331 333 287 288 227 332 363 262 255 263 286 405 228 330 404 328 406 326 329 403 325 264 265 366 327 254 438 364 365 324 323 229 321 253 322 367 437 436 471
226 261 260 259 227 291 333 258 290 262 263 289 332 228 331 257 265 264 363 229 256 288 287 405 366 365 364 406 404 438 368 367 230 369 403 286 255 293 408 471 292 231 330 328 370 371 409 407 232 329
227 261 263 260 228 262 291 259 333 265 264 229 258 332 290 289 230 331 366 257 365 364 363 368 405 367 231 406 293 256 232 288 287 292 404 369 438 370 371 266 408 409 407 471 403 439 267 286 334 255
262 263 228 333 261 291 264 265 332 260 229 366 259 365 364 368 290 230 367 289 258 405 369 406 363 331 293 292 438 408 404 370 371 231 409 232 407 257 266 439 471 288 287 334 403 372 256 437 335 267
263 265 264 262 229 230 293 231 292 232 333 368 366 291 261 365 266 370 371 367 332 364 369 408 409 260 334 267 407 335 259 372 406 405 290 438 439 294 289 363 233 268 404 234 258 235 331 410 236 295
265 230 264 263 231 232 293 266 262 292 267 370 371 334 368 233 335 234 235 268 294 236 367 366 372 369 365 237 409 408 238 239 295 333 269 240 241 364 261 291 242 270 296 297 332 271 407 336 337 439
231 232 293 266 265 264 292 267 263 334 370 371 335 233 262 294 268 234 235 236 372 295 269 368 238 237 239 240 241 270 242 296 409 297 369 336 271 408 367 337 366 365 338 410 407 272 364 339 373 340
232 266 293 267 292 233 265 234 268 335 294 235 334 264 236 295 269 238 237 239 370 371 240 241 270 242 372 296 297 271 263 336 337 338 262 272 368 339 409 340 373 408 369 410 273 367 411 341 298 300
266 293 267 292 233 234 268 294 235 335 334 236 265 295 269 238 237 239 240 264 241 270 242 296 370 371 297 271 372 336 337 263 338 272 339 340 262 373 368 273 409 410 408 369 411 341 298 300 367 299
235 234 236 238 237 239 240 241 242 268 267 270 269 271 295 294 297 266 296 272 273 335 337 339 336 334 293 338 340 300 299 298 301 341 292 302 372 373 303 374 304 342 370 371 411 305 375 343 265 243
235 238 236 268 240 242 239 237 241 270 269 267 271 295 294 297 296 272 266 273 335 337 339 336 334 338 340 300 293 299 298 301 341 302 292 373 372 303 374 342 304 411 370 371 305 375 343 376 412 413
238 236 240 239 237 241 242 268 270 269 271 267 295 294 297 296 272 266 273 335 339 337 336 338 334 300 340 293 299 298 301 341 302 292 373 303 372 374 304 342 305 411 375 343 370 371 376 243 413 412
237 239 240 241 238 242 270 268 271 269 267 295 297 294 296 272 266 273 335 339 337 300 336 340 338 299 301 298 334 302 293 341 303 373 292 304 372 342 374 305 243 343 375 411 376 370 371 377 413 412
239 241 240 238 242 270 271 268 269 267 295 297 272 296 294 273 266 339 300 335 337 301 299 340 336 298 338 302 341 334 293 303 304 373 243 292 342 305 374 372 343 375 376 411 377 344 413 370 371 412
240 241 239 242 270 271 268 269 295 297 267 296 272 294 273 266 339 300 337 335 336 340 299 338 301 298 302 341 334 303 293 304 373 342 374 372 305 292 243 343 375 376 411 377 413 344 412 370 371 410
241 240 242 270 271 268 269 267 295 297 272 296 294 273 266 339 300 335 337 301 299 340 298 336 338 302 341 334 303 293 304 373 243 342 305 292 374 372 343 375 376 411 377 344 413 412 370 371 346 345
241 242 271 270 268 269 295 297 272 267 296 294 273 266 339 300 337 335 301 299 340 298 336 338 302 341 334 303 304 293 373 342 243 305 374 292 372 343 375 376 377 411 344 413 412 370 371 346 345 410
242 271 270 268 269 272 295 297 267 296 273 294 266 300 339 337 301 299 335 298 340 302 336 338 341 303 334 304 293 373 243 342 305 374 292 372 343 375 376 377 411 344 413 412 346 370 371 345 410 378
271 270 269 268 297 272 295 296 273 294 267 339 300 337 340 299 301 298 336 338 302 335 341 266 303 334 304 373 342 374 305 293 372 343 375 243 376 292 377 411 344 413 412 346 345 410 378 370 371 414
244 305 304 274 273 300 302 301 303 346 299 345 298 272 343 341 344 342 275 377 271 381 339 270 380 297 340 376 296 378 375 379 276 269 374 295 338 268 337 416 414 373 413 417 336 294 347 420 422 382
274 275 305 346 276 304 345 381 380 303 302 344 347 343 301 300 377 379 299 273 298 342 306 277 378 376 341 245 382 278 416 272 375 422 420 417 307 414 421 339 246 340 418 374 419 271 415 446 423 413
246 278 277 247 279 276 306 307 308 275 309 347 274 248 310 348 280 349 350 249 385 386 311 388 383 384 425 281 387 389 250 382 312 392 351 381 391 429 313 390 427 394 316 426 282 315 251 393 314 428
247 279 278 277 307 306 308 276 309 248 275 310 347 280 348 274 249 349 350 311 385 386 388 281 250 383 384 389 387 312 425 313 351 392 391 316 390 282 251 394 315 429 382 314 252 393 396 427 395 426
279 248 278 309 308 280 277 249 307 310 306 311 281 250 348 276 350 349 251 312 252 385 313 282 316 388 386 347 315 351 275 389 314 392 283 391 394 387 317 396 390 318 383 384 395 352 393 319 274 429
249 280 281 250 279 311 310 251 252 282 309 316 312 308 315 313 283 314 317 350 351 318 278 319 307 394 348 389 392 352 396 349 284 391 388 277 385 386 395 306 353 393 390 320 387 354 355 285 430 397
281 280 250 251 282 252 311 316 312 315 283 313 314 317 310 318 319 351 279 284 309 352 394 350 308 396 353 392 320 391 389 285 395 354 355 388 385 393 348 349 386 390 397 253 356 278 307 357 387 398
251 252 281 283 282 280 316 315 284 317 311 312 318 314 313 319 285 320 253 351 310 353 352 279 354 355 394 254 396 309 321 392 350 356 357 391 308 397 395 360 389 359 398 358 323 322 393 401 388 400
252 283 281 282 284 316 317 315 318 285 280 319 314 312 253 320 311 313 254 353 321 351 352 355 354 360 356 357 310 396 323 394 397 322 359 358 398 392 401 395 279 255 391 324 362 326 400 361 350 309
283 281 282 284 316 317 318 315 285 319 280 314 312 320 253 313 311 353 254 321 352 351 355 354 360 356 357 323 396 394 322 310 397 359 358 398 401 392 324 362 395 255 326 400 361 391 325 279 328 350
285 254 321 284 323 255 320 326 328 283 330 324 322 360 325 286 329 327 362 319 318 361 359 357 317 356 353 282 358 401 316 355 354 315 400 256 287 314 398 288 281 397 402 312 313 352 435 399 257 311
255 285 321 326 286 328 330 284 323 325 324 320 322 283 329 256 360 327 287 362 288 361 359 319 318 357 356 317 257 358 282 353 401 316 355 354 400 315 281 402 398 314 397 312 313 435 258 352 399 331
286 330 326 256 328 287 321 288 325 323 324 329 285 327 257 322 360 284 362 320 361 258 359 283 331 357 358 356 401 289 290 402 319 400 353 318 317 355 259 354 398 282 403 435 397 316 260 399 315 363
287 257 288 258 286 330 328 289 326 290 331 259 329 325 260 324 327 323 321 322 285 261 362 360 291 363 361 403 284 320 333 359 332 402 401 358 357 356 405 404 283 400 435 436 406 353 398 319 437 355
287 288 258 289 290 331 259 286 260 330 328 326 329 261 325 291 363 327 324 333 332 323 403 321 322 405 362 404 360 361 406 285 402 436 438 359 437 401 358 320 357 356 435 400 284 471 364 470 469 399
259 290 289 260 331 287 288 261 291 333 332 363 286 330 328 405 326 329 404 325 327 403 406 324 323 262 438 321 322 362 364 436 366 437 263 365 361 360 471 402 285 359 401 470 358 367 435 469 357 320
260 261 290 289 291 331 333 287 288 332 363 262 405 286 263 404 406 330 328 326 403 329 438 366 327 325 364 365 324 264 265 323 437 436 471 321 367 322 362 368 361 360 369 402 470 285 469 359 408 401
261 291 290 289 333 331 332 287 288 363 262 405 263 404 406 286 366 438 364 365 330 403 264 328 265 326 329 327 325 324 367 471 368 437 436 323 369 321 322 362 361 360 470 408 402 407 469 409 285 359
291 333 290 289 332 331 262 363 263 405 288 287 406 366 404 365 364 264 438 265 367 403 368 286 471 369 330 437 328 329 436 408 326 327 407 325 409 324 470 370 371 439 292 469 323 293 362 322 402 321
263 264 265 333 366 365 291 332 368 364 367 369 292 408 370 371 293 405 406 409 438 407 363 290 404 289 439 331 266 471 334 372 335 440 267 410 441 403 437 472 436 294 473 470 288 480 287 268 469 336
264 265 333 291 368 366 293 292 365 332 367 364 370 371 369 266 408 409 407 405 406 334 290 438 289 267 363 372 335 439 404 331 294 471 268 410 440 441 295 269 336 337 296 472 403 437 270 473 338 297
265 293 292 368 370 371 366 367 365 266 369 408 364 409 333 334 332 291 407 372 335 267 439 294 406 405 438 268 410 440 295 441 336 404 269 363 337 296 290 471 338 270 289 297 411 373 271 331 473 442
293 292 266 368 370 371 366 367 365 369 333 267 334 408 409 364 335 291 372 332 407 294 268 439 295 269 406 405 410 438 336 296 337 270 440 441 297 404 363 290 338 271 289 373 411 471 331 339 442 340
267 293 268 294 292 335 334 295 269 270 296 297 271 372 370 371 336 337 338 272 339 340 373 273 410 409 341 411 368 298 300 299 374 408 301 369 302 412 367 441 303 342 413 407 440 375 442 439 366 376
268 294 295 269 335 270 296 297 271 334 293 337 336 292 272 338 339 372 340 273 373 370 371 341 300 298 299 301 302 374 411 410 303 342 412 375 413 304 376 409 343 441 442 408 377 368 305 440 344 369
269 295 294 270 296 297 271 335 272 337 336 339 338 334 273 340 300 341 293 298 299 373 301 372 302 292 374 303 342 411 304 370 371 375 412 413 410 376 343 305 377 344 442 441 378 443 414 409 345 346
295 270 297 296 271 294 272 337 339 273 336 335 338 340 300 298 341 299 334 301 302 373 303 374 372 342 293 304 411 292 375 343 376 413 412 305 377 410 344 371 370 378 442 345 414 346 443 441 440 416
271 297 295 296 272 294 273 339 337 300 340 336 338 299 298 301 335 341 302 303 334 373 342 304 374 372 305 343 375 293 376 411 377 413 292 412 344 410 345 378 346 371 370 414 442 443 441 416 380 379
297 272 296 295 273 294 339 300 340 337 299 298 301 338 341 336 302 335 303 304 373 342 334 374 305 343 375 376 372 377 411 344 293 413 412 292 345 346 378 410 414 371 370 442 443 380 416 379 441 417
273 297 296 300 339 295 299 301 298 302 340 341 303 294 337 338 336 304 342 305 373 374 343 335 375 376 377 344 334 413 411 412 346 345 372 378 414 410 380 293 379 416 443 292 442 417 381 415 371 370
300 301 299 302 298 297 339 296 303 341 304 340 295 305 342 338 337 294 336 343 374 373 377 376 375 344 346 345 335 413 378 412 411 334 414 380 372 379 416 381 417 443 410 415 442 293 420 446 274 418
275 276 347 346 381 306 277 345 305 380 278 304 307 379 382 344 343 377 303 422 378 302 420 416 301 425 421 417 300 308 342 376 299 423 383 298 279 424 418 419 384 309 414 348 451 452 375 341 446 448
276 347 306 277 278 307 381 346 382 345 380 308 379 425 279 309 305 348 383 422 384 349 420 423 304 424 344 421 416 427 378 377 426 417 451 452 343 385 419 386 418 310 456 454 388 350 453 428 448 303
277 306 278 347 307 308 279 309 348 381 382 425 383 349 384 346 380 310 345 385 386 379 422 350 388 424 423 427 426 387 305 420 421 456 429 452 428 451 454 416 344 457 419 417 453 304 389 418 280 378
278 306 307 308 347 279 309 348 310 349 350 383 385 384 386 388 425 387 382 280 389 429 427 311 426 381 390 392 428 391 456 424 423 351 393 422 457 394 454 460 380 312 395 313 452 281 451 396 430 379
307 306 308 279 309 347 348 310 349 350 385 386 388 383 384 280 425 387 311 389 382 429 427 392 390 391 426 351 428 456 394 393 312 281 424 313 381 395 423 457 396 460 454 430 422 314 315 316 452 461
308 309 307 310 306 280 348 350 311 349 385 386 388 281 347 389 312 313 351 387 392 391 383 316 384 394 315 282 314 390 396 393 395 429 425 317 352 318 430 283 427 319 428 426 460 382 456 461 353 457
311 281 310 312 313 316 282 315 314 309 351 350 308 317 318 394 392 389 283 396 352 319 391 388 348 385 349 395 386 393 390 353 307 387 284 354 355 430 320 397 306 429 285 398 356 357 384 383 358 400
282 316 315 311 312 313 317 314 283 318 319 351 284 310 352 353 394 396 320 392 354 355 350 391 285 395 389 309 397 393 308 356 357 388 390 398 385 386 349 358 348 359 430 360 321 401 400 387 322 323
316 315 317 318 314 312 319 313 283 311 284 353 320 352 351 354 355 396 285 394 397 356 357 392 395 391 398 310 358 359 360 389 401 393 321 400 350 322 390 323 361 430 362 399 388 385 309 386 324 432
284 316 285 317 318 319 320 315 314 312 313 353 321 311 355 354 360 352 356 357 323 351 322 359 358 397 401 396 398 362 324 394 361 400 326 325 328 395 330 392 327 391 310 329 286 399 389 393 402 350
285 320 318 319 317 321 316 353 360 315 323 322 314 357 356 355 354 359 358 324 312 362 313 401 361 326 325 397 352 398 328 400 330 327 329 311 286 351 396 402 394 399 435 395 392 391 433 432 393 434
320 321 323 360 322 319 318 324 326 317 325 328 362 353 357 359 356 330 361 358 316 329 327 355 354 401 286 315 314 400 398 397 312 313 352 402 399 435 351 396 311 394 287 288 433 395 434 432 392 391
330 328 326 329 325 324 327 288 323 287 321 322 362 360 361 359 320 331 401 358 402 357 356 289 403 400 290 435 398 353 355 354 363 399 319 397 318 436 317 433 437 434 404 432 405 467 316 315 314 352
288 330 331 328 289 326 290 329 325 327 324 323 321 322 363 362 403 360 361 291 332 402 359 404 333 405 401 320 358 357 436 356 406 400 435 437 438 398 399 353 355 354 471 397 469 470 319 433 434 318
331 330 289 328 290 326 329 325 327 324 323 363 321 322 403 362 360 361 291 332 404 402 405 359 333 401 436 358 320 357 406 356 437 435 400 438 399 398 471 353 355 469 354 470 397 433 434 319 318 467
290 331 291 363 333 332 405 404 406 403 330 328 329 438 327 326 325 324 436 364 437 366 471 365 323 362 322 361 321 402 470 360 469 367 435 359 368 401 358 369 400 357 356 399 407 320 480 408 433 434
331 291 333 332 363 405 404 406 403 438 330 328 329 327 326 325 364 366 324 437 436 365 471 323 362 322 361 321 402 470 367 360 469 368 435 369 359 401 358 400 407 357 356 408 399 480 320 433 468 434
333 332 331 363 405 406 404 366 364 365 438 367 403 368 471 369 437 436 408 407 330 409 329 328 327 470 439 326 325 469 370 371 324 292 480 472 293 323 402 362 322 361 321 435 360 440 359 401 473 468
293 370 371 334 335 372 409 368 294 408 369 410 336 367 337 295 407 338 439 296 441 366 365 373 440 411 297 364 340 442 339 412 374 473 413 341 443 298 375 299 342 300 301 472 376 444 474 438 302 406
334 370 371 335 372 294 295 368 336 409 337 296 408 369 297 338 410 367 373 407 411 339 366 340 441 365 439 440 364 374 442 412 341 298 413 299 300 301 473 375 342 302 443 303 376 333 444 343 332 474
295 296 335 297 337 336 334 338 339 340 372 373 341 298 299 300 301 374 302 411 303 342 371 370 410 412 375 413 376 304 343 377 442 441 344 305 443 409 378 440 414 408 345 346 368 369 444 439 415 416
296 297 337 336 339 335 338 340 334 341 298 300 299 373 301 302 372 374 303 342 411 375 304 412 376 413 343 410 377 305 371 370 344 442 378 414 443 441 345 346 440 409 416 415 417 444 379 380 408 474
297 339 337 336 338 340 335 341 298 300 299 301 373 302 334 303 374 342 372 304 411 375 376 343 413 412 377 305 344 410 378 371 370 414 442 345 346 443 441 416 415 417 380 440 379 444 409 474 446 381
339 337 340 338 336 300 298 341 299 301 335 302 373 303 374 334 342 304 375 372 343 411 376 305 413 377 412 344 410 378 345 346 414 371 370 442 443 441 416 380 379 417 415 440 444 381 474 446 409 445
299 301 341 302 300 303 339 340 342 304 343 374 376 338 375 377 305 344 337 373 336 413 345 346 378 412 411 414 380 379 416 335 417 381 443 415 334 372 442 420 410 446 418 419 421 444 445 422 474 448
301 302 300 303 341 339 342 340 304 343 305 374 376 377 375 338 344 337 373 336 345 346 413 378 412 414 411 380 379 416 335 417 381 443 415 334 372 420 442 446 410 418 419 421 444 445 422 448 474 441
301 302 303 341 304 339 340 342 305 343 338 377 374 376 344 337 375 336 373 346 345 413 378 412 414 411 380 335 379 416 381 417 334 443 415 372 420 442 410 446 418 419 421 444 445 422 448 474 441 449
302 303 341 304 342 339 340 305 343 377 376 344 374 375 338 337 345 373 346 336 378 413 412 414 411 380 379 416 381 417 335 415 443 334 420 446 372 418 442 419 421 410 445 444 422 448 474 441 449 475
303 341 304 342 305 339 343 340 377 344 376 375 374 338 345 346 337 373 378 336 413 414 412 380 411 379 416 381 417 415 335 443 420 446 418 334 421 419 442 372 422 410 445 444 448 474 449 451 475 382
304 342 341 343 305 377 344 340 339 376 375 374 345 346 378 338 373 413 337 414 336 380 412 379 416 381 411 417 415 443 420 418 446 421 419 335 422 442 445 444 448 334 410 372 474 449 451 382 447 475
305 343 342 346 341 345 344 377 376 339 340 375 378 374 380 381 379 338 414 413 373 337 416 336 417 412 420 411 415 418 421 446 419 422 443 448 445 382 335 444 442 451 449 452 474 334 447 410 423 372
346 345 343 344 377 342 341 376 380 378 375 381 339 340 379 374 414 416 413 417 338 373 337 420 412 415 336 421 422 418 419 446 411 382 443 448 445 451 449 444 452 423 347 442 447 424 474 335 453 475
307 347 308 309 348 349 383 310 384 425 385 386 350 388 382 387 427 429 389 426 428 456 381 424 423 390 311 392 391 422 457 454 452 393 460 380 451 351 394 453 455 379 421 420 395 430 459 461 346 396
308 309 347 348 349 310 350 385 386 383 388 384 425 387 389 429 382 427 311 390 392 426 391 428 456 351 393 424 394 423 457 460 395 454 312 313 430 396 381 422 461 452 455 451 459 453 314 458 352 315
309 310 348 349 350 385 386 388 311 389 347 387 383 384 392 391 390 351 429 425 394 312 313 393 395 396 427 314 430 315 428 316 426 352 460 456 382 461 457 317 424 318 454 462 423 319 459 455 458 353
310 348 350 349 385 386 388 311 389 387 392 391 347 383 384 351 390 312 394 313 429 393 395 425 396 314 315 316 430 352 427 428 460 426 317 456 461 318 382 457 319 462 424 454 353 423 354 459 355 397
350 311 348 349 385 388 386 389 351 392 391 312 313 387 394 390 396 393 395 314 315 316 352 429 384 383 430 317 318 425 319 347 460 461 427 428 353 354 355 426 397 456 462 457 464 398 465 432 431 459
312 313 351 315 314 316 394 350 392 396 317 352 389 391 318 395 319 388 393 385 390 386 349 353 348 387 354 355 430 397 320 398 429 356 357 461 400 358 384 460 383 359 401 432 399 431 464 433 462 465
313 314 315 316 351 317 352 318 394 319 396 392 353 395 391 354 355 389 393 350 397 390 320 398 430 388 356 385 357 386 387 358 349 400 359 401 348 399 432 360 429 431 433 461 434 361 464 322 435 460
314 315 351 316 352 317 396 394 318 319 392 395 391 353 354 355 389 393 397 350 390 430 398 320 388 356 357 385 386 387 358 400 349 359 401 399 348 432 431 360 433 429 434 461 361 464 435 465 460 322
315 317 316 318 319 352 351 353 396 394 354 355 395 392 397 391 320 393 398 389 356 357 390 358 350 430 400 359 401 388 399 360 385 386 432 387 361 433 431 322 434 362 349 321 435 348 323 402 461 464
316 317 318 319 352 351 353 396 354 355 394 320 397 395 392 391 356 398 357 389 393 358 359 350 390 400 401 430 360 388 399 385 386 321 361 322 432 387 362 433 323 349 434 431 435 348 402 324 461 464
317 318 319 352 353 351 320 354 355 396 394 397 392 395 391 356 357 398 389 393 358 359 350 400 401 360 390 430 321 388 322 399 361 385 362 386 323 432 387 349 433 435 348 434 431 324 402 325 429 461
318 319 353 352 320 354 355 351 397 396 356 357 394 398 358 359 395 401 400 360 392 391 321 393 322 361 389 399 362 323 390 430 350 432 435 433 402 324 434 388 431 325 385 386 327 387 326 329 467 328
319 353 320 354 355 352 397 356 357 351 396 398 358 394 359 401 360 400 395 392 321 322 391 361 362 399 393 323 389 430 390 432 435 324 402 433 434 350 325 431 327 326 388 329 328 467 385 386 387 330
353 354 355 320 352 397 356 357 398 358 351 359 396 401 400 394 360 395 322 361 321 362 392 399 391 323 393 435 389 432 402 430 324 433 390 434 431 325 327 350 326 329 467 328 388 330 465 464 385 386
360 353 357 356 321 359 322 355 354 358 323 401 362 361 397 400 398 324 325 352 326 327 329 328 402 399 330 435 396 351 394 433 395 432 434 392 391 431 393 467 430 389 390 468 465 464 350 466 403 388
323 322 324 360 326 325 328 330 362 329 327 361 359 357 356 358 401 353 400 355 354 402 398 397 435 399 352 433 434 432 396 403 351 467 431 394 395 436 468 331 392 393 391 430 465 437 464 469 466 390
360 362 323 324 361 325 327 359 329 326 358 357 401 328 356 330 400 402 398 353 355 354 435 397 399 433 434 432 352 403 467 431 436 396 468 351 394 395 437 465 469 464 430 393 466 392 331 391 470 363
324 325 360 326 327 329 362 328 330 361 359 357 358 401 356 400 402 353 398 355 354 435 397 399 433 434 403 352 432 467 431 436 396 468 331 351 394 395 437 469 465 363 393 430 464 392 391 466 470 404
325 327 329 326 328 330 362 360 361 359 401 358 357 356 402 400 435 398 353 355 354 399 397 403 433 434 436 432 467 352 331 431 437 468 363 469 396 470 351 394 395 465 404 466 464 430 393 405 392 391
329 327 328 326 330 362 360 361 359 401 358 357 402 356 400 435 398 353 355 354 399 403 397 433 434 436 331 432 467 437 352 363 431 468 469 404 470 396 465 395 394 351 405 466 464 471 430 406 393 438
328 330 329 327 360 362 361 359 358 401 357 356 402 400 435 353 398 355 354 403 397 399 331 433 436 434 363 432 352 467 437 431 468 404 469 396 470 405 351 394 395 465 466 406 464 471 430 393 438 392
329 328 330 362 361 360 359 402 401 358 357 356 400 435 403 398 399 355 354 353 397 436 433 434 331 432 467 437 363 431 468 469 352 404 470 465 405 396 466 471 464 395 406 394 351 438 430 393 392 391
330 329 362 360 361 359 401 358 357 402 356 400 435 403 398 353 355 354 331 399 397 436 433 434 363 432 437 467 352 431 404 468 469 470 405 396 351 406 394 465 395 471 466 438 464 332 430 393 392 391
330 362 360 361 359 402 401 358 357 356 400 435 403 398 399 353 355 354 397 331 436 433 434 437 363 432 467 431 468 469 404 352 470 405 396 465 471 406 466 464 395 438 394 351 430 332 393 392 391 463
362 360 361 359 401 358 357 402 356 400 435 403 331 398 353 355 354 399 397 436 363 433 434 437 432 467 352 404 431 468 469 405 470 396 406 471 351 465 332 394 438 395 466 464 430 393 333 392 391 463
363 332 333 405 404 403 406 438 436 437 471 364 362 366 365 361 402 470 360 469 435 359 401 367 358 400 357 356 399 368 369 480 433 434 468 467 398 407 408 432 472 397 355 439 354 431 353 466 409 465
333 405 363 406 404 364 438 366 365 367 471 403 368 369 437 436 407 408 470 409 439 469 480 472 370 371 402 440 473 435 362 361 468 441 467 360 434 479 433 401 399 410 359 372 466 400 358 432 431 357
363 405 406 366 364 365 404 438 367 368 369 471 403 408 437 407 436 409 439 470 370 371 469 472 480 402 440 362 473 361 435 441 372 468 360 410 334 467 401 359 434 399 433 358 400 479 466 335 357 356
335 372 336 337 371 370 338 410 373 411 340 339 409 441 374 412 442 408 440 341 413 368 369 375 439 407 342 443 376 367 473 343 444 377 414 474 344 378 365 366 475 415 364 445 416 417 472 446 345 447
372 336 337 338 373 371 370 339 340 411 410 374 341 412 413 441 409 442 375 342 440 408 376 443 368 369 343 439 407 377 414 344 367 378 473 444 474 415 475 416 445 417 365 366 345 446 346 364 379 418
337 338 373 340 339 374 411 372 341 412 413 342 375 410 376 343 442 377 443 441 344 371 370 414 378 440 444 415 416 474 409 345 417 346 445 475 473 446 379 408 380 439 418 419 420 407 421 369 447 448
338 340 339 373 374 341 411 372 342 412 375 413 376 410 343 377 442 344 443 414 378 441 371 370 440 444 415 345 416 346 417 474 409 379 445 446 380 475 418 473 419 408 420 439 421 381 448 447 407 369
340 373 339 374 341 411 342 412 375 413 372 376 343 410 377 344 442 443 414 378 441 371 370 415 416 345 444 440 417 346 474 379 445 380 446 475 418 419 420 409 473 421 381 448 447 408 439 449 422 407
340 341 373 374 342 375 376 343 413 377 411 412 344 378 372 414 345 346 410 443 442 416 417 380 379 415 441 444 381 446 420 418 445 474 419 371 370 440 421 475 448 422 447 449 473 409 451 452 450 439
341 374 373 342 375 376 343 413 411 412 377 344 378 414 372 345 410 443 346 442 416 417 415 379 380 441 444 446 445 474 418 420 381 419 440 421 475 371 370 448 422 447 449 473 451 409 450 452 453 439
342 374 343 375 376 373 377 344 413 412 378 411 345 414 346 416 380 379 443 417 415 372 442 410 381 446 420 418 444 419 445 421 474 441 422 448 475 449 447 440 451 452 371 370 382 450 473 453 423 424
343 376 375 377 344 374 378 413 373 345 414 346 412 411 416 380 379 417 415 443 381 420 446 418 419 421 442 445 444 422 410 448 474 372 449 475 447 451 441 452 382 450 453 423 440 424 473 454 455 371
377 344 376 375 378 345 346 374 414 413 380 379 416 417 412 381 373 415 420 411 418 446 443 421 419 422 445 448 444 442 449 474 451 447 382 475 452 410 423 453 450 424 372 441 454 440 455 473 347 426
377 376 378 345 375 346 380 414 379 416 417 374 381 413 415 420 412 418 446 421 419 373 422 443 411 445 448 444 449 451 382 447 452 474 442 423 475 453 450 424 410 454 455 441 372 347 425 426 456 440
346 380 377 381 379 378 376 416 375 414 417 420 421 422 418 415 419 374 413 446 382 448 412 451 445 449 452 373 443 423 424 453 411 447 444 347 450 474 475 454 442 425 455 426 456 427 457 383 384 410
380 381 377 379 378 376 416 375 414 417 420 422 421 418 374 415 419 413 446 382 448 412 451 445 449 452 373 423 443 424 347 453 411 447 444 450 474 454 475 425 442 455 426 456 427 457 383 384 428 410
382 425 383 384 348 349 381 427 424 423 426 422 385 386 456 428 388 380 387 454 429 452 350 451 379 457 420 421 453 455 419 418 448 449 417 389 416 460 459 458 446 390 450 476 378 477 391 392 415 461
349 385 386 388 350 387 384 383 389 429 390 425 392 391 393 427 428 394 351 395 426 460 430 456 396 461 457 382 462 454 424 352 459 423 455 458 477 464 463 476 452 453 465 451 422 431 432 397 354 450
385 386 388 350 387 389 384 383 429 390 391 392 425 393 427 394 395 428 430 460 351 426 396 456 461 457 462 352 454 459 424 382 458 455 423 464 477 463 476 465 453 452 451 431 432 397 422 354 355 466
388 385 386 389 387 392 391 390 351 394 393 395 429 396 430 384 383 352 460 461 425 427 428 426 462 456 457 464 354 397 355 353 465 459 463 431 432 458 454 398 477 455 424 476 382 423 433 434 399 466
394 396 392 352 391 395 389 393 390 430 388 354 355 353 385 386 397 387 398 429 461 432 356 357 400 431 399 460 464 358 433 465 401 434 462 359 384 467 383 463 435 428 360 466 361 427 468 402 362 425
396 394 395 354 355 353 397 392 391 393 398 430 389 390 356 357 400 358 399 432 401 359 431 433 434 388 387 386 464 385 435 465 461 467 360 361 402 429 460 462 362 468 463 466 384 428 383 427 459 477
355 354 397 356 357 398 358 359 400 401 396 360 399 361 394 362 395 435 402 432 433 434 392 391 393 431 430 467 390 389 465 464 468 461 388 466 387 386 385 462 463 460 429 436 469 403 479 428 470 437
355 397 398 356 357 358 400 401 359 399 396 360 361 394 395 435 432 433 362 434 402 431 393 392 391 430 467 390 465 389 464 468 461 466 462 388 463 387 460 386 385 429 436 469 479 403 478 470 437 428
397 398 356 357 358 400 401 359 399 396 360 361 394 435 432 395 433 362 434 402 431 393 392 391 430 467 390 465 389 464 468 461 466 462 388 463 387 460 386 385 429 436 469 479 403 478 470 437 428 477
357 358 359 401 400 398 397 361 360 362 399 402 435 433 434 432 396 431 467 395 394 468 430 393 465 392 391 464 466 390 389 436 403 461 463 469 462 437 460 470 387 388 386 479 385 429 478 477 480 459
358 359 401 400 398 361 397 360 362 399 402 435 433 434 432 431 396 467 395 394 468 430 393 465 392 391 464 466 390 389 436 403 461 463 469 462 437 470 460 387 388 479 386 385 429 478 480 477 459 471
401 359 400 398 361 362 397 360 402 399 435 433 434 432 431 467 396 468 395 394 465 430 464 393 391 466 392 436 403 390 469 389 463 461 437 462 470 460 479 387 388 429 386 478 385 480 471 477 404 459
401 361 400 360 362 398 402 397 399 435 433 434 432 467 431 396 468 395 394 465 430 464 393 403 436 392 391 466 469 390 437 389 463 461 470 462 460 479 387 388 429 386 385 478 480 471 404 363 477 459
362 361 401 400 402 398 397 435 399 433 434 432 467 431 396 403 468 394 395 436 465 393 430 392 464 391 437 466 469 390 470 389 463 461 462 363 404 460 479 387 388 471 386 385 429 480 405 478 406 438
362 401 402 400 435 398 399 397 433 434 432 467 431 403 468 436 396 465 437 469 395 394 464 466 430 470 393 391 392 463 390 461 462 389 363 404 479 471 460 480 478 405 387 406 438 388 429 386 385 477
401 402 400 435 398 399 397 433 434 432 467 403 431 436 468 396 437 469 465 395 394 464 466 470 430 393 392 391 363 463 390 404 461 389 462 471 479 405 480 460 406 438 478 387 388 429 386 385 477 459
405 404 406 438 403 437 471 436 364 365 366 470 469 367 402 480 369 368 407 435 472 408 439 468 467 401 409 434 399 433 400 466 432 479 431 398 473 465 440 397 478 464 370 371 463 441 462 410 461 477
365 366 367 369 368 438 406 407 405 408 404 409 471 439 371 370 472 437 470 440 480 436 403 473 469 441 410 372 442 479 468 474 475 478 411 444 466 443 467 402 435 412 434 433 373 447 445 463 465 431
366 367 368 369 408 407 438 406 409 405 439 404 471 370 371 472 440 437 470 441 480 473 436 403 410 469 372 442 411 479 474 475 444 443 468 478 412 466 373 467 402 435 413 445 447 434 433 463 374 465
367 368 369 408 407 438 406 409 405 439 404 471 370 371 472 440 437 470 441 480 473 403 436 372 410 469 442 411 479 474 475 444 443 468 478 412 373 466 467 402 435 413 445 447 434 433 374 463 465 431
369 368 408 407 409 439 371 370 438 406 405 471 440 404 441 472 473 410 372 480 437 470 442 469 436 403 411 474 443 475 444 412 373 479 478 413 445 374 468 447 466 415 450 467 375 414 476 446 477 449
369 408 409 407 370 371 439 438 440 406 372 441 410 405 471 472 473 404 442 480 411 437 470 469 436 373 412 474 443 403 444 475 413 374 479 445 478 447 375 415 414 468 450 466 376 446 449 448 476 418
408 409 407 439 371 370 440 438 441 406 410 372 472 473 471 405 404 442 480 470 411 437 469 474 443 436 412 444 475 373 403 413 479 445 374 478 447 415 375 450 414 468 466 446 449 476 376 448 477 418
371 409 372 408 407 410 439 441 440 411 442 373 473 412 443 472 374 413 474 438 444 406 375 475 471 480 405 376 414 445 404 415 447 377 378 470 446 417 416 437 418 469 419 450 448 449 479 478 420 421
409 372 408 407 410 439 441 440 411 442 373 473 412 443 472 374 413 474 438 444 406 375 475 471 480 405 376 414 445 404 415 447 377 378 470 446 417 416 437 418 469 419 450 448 449 479 478 420 421 436
410 411 373 441 409 440 442 412 408 374 413 439 407 443 473 375 444 376 474 414 475 377 415 378 445 472 416 417 446 447 418 419 448 449 420 379 421 480 450 380 438 471 451 422 453 452 406 381 478 479
374 411 412 413 375 376 410 442 443 377 414 378 441 444 415 416 440 474 417 445 446 475 379 418 380 419 420 473 421 447 448 409 449 381 439 422 408 450 451 407 452 453 423 472 424 382 455 454 476 458
375 413 376 412 411 377 414 378 443 442 416 415 410 417 444 379 446 380 445 474 418 441 420 419 421 475 448 381 440 447 422 449 473 451 450 452 453 423 382 424 409 439 454 455 408 407 472 476 458 457
376 413 377 378 414 412 411 416 443 417 415 379 380 446 418 442 420 444 445 419 421 381 474 448 410 422 475 447 449 441 451 452 450 453 440 423 382 473 424 454 455 476 458 426 457 456 439 459 477 425
377 378 413 414 412 416 417 379 380 415 411 443 446 420 418 381 419 421 445 444 442 422 448 474 449 475 447 410 451 452 450 441 382 453 423 424 440 473 454 455 476 426 456 457 458 425 459 477 427 428
378 414 380 379 413 416 417 381 412 415 420 418 446 421 419 443 411 422 445 448 444 449 442 451 474 447 382 452 475 423 453 450 410 424 441 454 455 440 473 426 425 456 457 476 458 427 459 477 428 383
414 416 417 379 380 415 413 420 418 446 419 421 381 412 422 443 445 448 444 449 451 411 447 474 452 475 382 442 423 453 450 424 454 455 410 441 426 456 457 425 476 473 458 440 459 427 477 428 383 384
380 416 381 417 420 421 422 418 414 419 446 415 448 382 451 449 452 445 423 424 453 413 447 443 450 444 412 454 475 474 455 425 426 456 411 457 427 442 458 476 428 459 383 384 477 410 441 473 429 478
381 416 420 417 422 421 414 418 419 446 415 382 448 451 452 449 423 445 424 413 453 447 443 450 412 444 454 474 475 425 455 426 456 411 427 457 442 383 428 384 458 459 476 477 410 429 441 460 473 478
420 422 416 382 417 421 418 419 414 446 415 451 448 423 452 424 449 453 445 425 454 447 413 450 426 455 443 456 444 427 412 383 457 384 475 474 428 458 459 476 411 477 442 429 460 387 386 385 478 388
422 423 424 452 451 425 421 420 453 454 426 419 448 418 427 456 449 383 384 455 457 446 417 416 428 450 415 447 459 458 445 476 414 429 477 460 475 387 444 386 385 474 388 462 461 443 478 413 463 390
384 425 427 426 429 428 456 387 386 385 457 388 424 454 460 423 455 459 458 390 461 389 452 453 477 462 451 476 393 430 391 422 392 450 449 463 395 421 448 394 420 464 419 418 396 447 465 478 446 417
425 427 429 426 428 456 387 386 385 457 388 460 454 424 423 459 455 390 458 461 389 452 453 462 477 476 451 393 430 391 392 422 450 463 395 449 448 421 394 464 420 419 396 418 465 447 478 446 466 417
386 388 387 389 390 429 391 392 393 395 394 430 460 425 396 427 428 461 426 456 462 457 459 464 454 458 463 455 424 465 477 476 423 431 432 397 453 452 466 398 451 433 434 478 467 399 450 422 468 479
388 387 389 390 429 391 392 393 430 395 394 460 425 427 396 428 461 426 456 462 457 459 464 454 458 463 455 477 424 465 476 423 431 432 397 453 452 466 451 398 434 433 478 467 399 450 422 468 479 449
388 429 390 389 393 391 392 460 430 461 395 428 427 394 425 396 426 462 456 457 459 464 463 458 454 477 465 455 476 424 431 423 432 466 453 397 452 478 434 433 467 451 398 450 479 468 399 449 422 400
389 390 391 392 429 393 395 394 430 396 460 461 427 425 428 426 456 462 457 464 459 463 458 465 454 477 455 424 431 476 432 397 423 466 398 453 433 434 452 467 399 478 451 468 450 400 479 422 449 401
391 392 390 393 394 395 396 430 429 461 460 462 428 464 427 397 465 425 431 432 463 456 426 457 398 459 433 434 458 399 477 466 467 400 454 476 455 468 424 401 435 478 423 479 453 452 402 451 450 449
393 391 392 430 395 394 396 429 461 460 462 464 428 465 463 427 431 432 397 456 426 457 425 459 433 434 398 458 466 477 467 399 476 455 454 468 400 478 424 479 435 401 423 453 452 402 450 451 449 422
392 393 395 394 396 430 429 461 460 397 464 462 432 431 465 398 463 428 433 434 399 427 467 400 456 426 466 457 425 459 401 458 468 477 435 476 455 454 478 402 479 424 423 453 452 450 451 469 449 422
394 395 393 396 430 429 461 460 397 464 462 432 431 465 398 428 463 433 399 434 427 400 467 456 425 426 457 466 459 401 468 458 477 435 476 455 454 402 478 479 424 423 453 452 450 451 469 449 422 448
395 430 394 396 461 429 460 464 462 465 431 432 397 463 398 433 434 428 399 467 427 466 400 456 457 459 426 468 477 458 425 435 401 476 478 455 454 479 402 424 423 453 452 450 451 469 449 447 470 480
396 395 430 397 398 461 429 432 431 460 464 465 399 462 433 400 434 401 463 467 435 428 466 468 427 402 456 457 426 459 425 477 458 476 478 479 455 454 424 423 453 469 452 450 451 436 470 449 480 447
396 430 397 461 429 432 464 431 460 398 465 462 433 399 434 463 400 467 466 401 428 435 468 427 457 456 459 426 477 402 458 425 476 478 479 455 454 424 423 453 469 452 450 451 470 436 480 449 447 437
430 397 398 432 431 461 399 464 400 429 433 465 434 460 462 401 467 463 435 466 468 402 428 427 456 457 459 426 477 458 425 476 478 479 455 454 424 469 423 453 436 470 452 450 451 480 437 449 403 447
398 400 399 401 432 433 435 434 431 402 467 430 465 464 468 466 461 463 462 460 429 469 436 479 478 403 470 437 477 428 459 458 476 457 427 456 480 426 455 425 454 471 424 472 404 453 450 423 452 438
400 401 399 435 433 432 434 402 431 467 430 468 465 464 466 461 463 462 460 436 469 403 429 479 470 437 478 477 459 428 458 480 476 457 427 456 426 471 455 454 425 404 472 438 424 450 453 405 406 423
435 433 434 400 432 402 401 467 431 468 465 464 466 430 463 469 461 436 462 470 479 437 403 460 478 429 480 477 459 476 458 428 471 457 456 427 455 426 404 472 454 438 425 405 406 450 453 424 423 452
401 435 402 433 434 432 431 467 468 465 464 430 466 436 469 463 403 461 462 437 470 460 479 478 429 480 477 471 459 458 476 428 404 457 427 456 426 455 472 438 405 406 454 425 450 453 424 423 452 447
402 435 433 434 432 467 431 468 465 464 430 466 436 403 469 437 463 461 470 462 479 460 478 429 480 471 404 477 459 458 476 428 457 405 438 427 406 456 472 426 455 454 425 450 453 424 423 452 473 447
435 433 434 467 432 431 468 436 403 469 437 465 466 470 464 430 463 479 462 461 471 480 404 478 460 405 438 406 477 429 472 476 459 458 428 457 456 455 427 426 454 473 450 425 453 439 424 447 407 475
436 437 404 470 469 471 405 406 438 435 468 467 434 433 480 432 431 466 472 479 465 464 463 478 407 439 462 408 473 461 430 409 477 476 460 440 458 459 441 475 455 429 457 474 450 428 447 456 444 454
405 406 438 471 437 436 470 469 480 407 472 439 408 468 435 409 467 434 479 433 466 473 440 431 432 478 465 441 464 463 462 410 477 475 442 474 476 461 444 458 459 430 460 447 450 443 455 445 457 411
406 438 471 437 436 470 469 407 480 408 439 472 409 468 435 473 467 440 479 434 433 466 441 431 432 478 465 464 463 410 442 475 474 462 477 476 444 461 458 459 443 447 450 430 460 411 445 455 412 457
438 471 437 436 470 469 407 480 439 408 472 409 473 468 440 435 479 467 466 441 434 433 478 431 432 465 410 463 464 442 475 474 444 462 477 476 443 458 461 447 459 450 411 445 460 430 455 412 449 457
439 408 409 440 441 472 473 410 438 471 480 442 470 474 411 437 475 469 444 443 412 436 479 478 445 413 447 450 415 466 468 446 414 476 449 448 477 418 419 463 458 417 467 453 455 459 416 451 465 421
409 439 440 441 410 473 472 438 442 471 480 411 474 443 412 470 444 475 437 469 413 436 445 479 447 478 415 414 450 446 449 448 466 418 476 468 417 419 416 477 453 458 421 463 451 455 420 459 452 467
439 440 441 410 473 472 442 438 411 471 480 443 412 474 444 475 413 470 437 469 445 447 479 436 415 414 478 450 446 449 448 418 417 419 416 476 477 466 421 453 468 420 451 458 455 452 459 463 422 454
441 442 440 411 412 443 473 413 439 444 474 475 414 445 415 472 447 446 417 416 418 419 448 449 450 420 421 480 451 453 452 422 478 479 476 471 455 423 477 438 458 454 424 470 459 469 457 456 426 437
412 413 442 443 441 414 444 440 474 415 445 475 416 473 417 446 418 447 419 448 420 439 421 449 450 422 451 472 452 453 423 424 455 454 476 480 478 458 477 459 479 457 456 426 428 427 425 471 463 470
413 443 442 414 444 415 474 441 445 416 417 475 446 440 418 419 447 420 448 473 421 449 450 422 451 452 453 439 423 424 472 455 454 476 458 477 459 478 457 456 426 480 479 427 428 425 463 462 460 466
414 443 442 415 416 444 417 445 474 446 418 419 475 420 441 421 448 447 449 440 422 451 473 450 452 453 423 424 454 455 439 476 472 458 477 459 457 456 426 478 427 425 428 479 480 463 462 460 429 461
416 417 415 446 418 420 419 443 445 421 444 448 422 474 449 447 475 451 442 452 450 453 423 424 454 441 455 473 440 476 458 426 457 456 459 477 425 427 428 478 472 479 439 460 462 429 463 480 461 466
446 417 418 445 419 416 448 420 421 444 449 447 443 474 422 475 451 450 452 453 423 442 424 454 455 476 458 457 473 459 456 426 441 477 440 427 428 425 478 479 472 460 462 463 429 480 461 439 466 464
417 420 418 446 419 421 422 448 445 449 451 447 452 443 444 453 423 450 474 475 424 454 442 455 426 456 457 476 458 425 459 427 477 428 441 473 440 478 460 429 479 462 463 472 461 480 439 466 464 465
420 418 446 419 421 448 422 445 449 451 447 452 443 444 453 423 450 474 475 424 454 455 442 426 456 457 476 458 459 425 427 477 428 473 441 440 478 460 429 479 462 463 472 461 480 439 466 464 465 430
419 446 421 420 448 449 422 451 445 452 447 453 450 423 424 444 475 474 443 454 455 426 457 456 476 458 459 477 427 442 425 428 478 473 441 460 429 440 479 462 463 461 472 480 466 464 465 439 430 468
421 446 448 420 449 422 451 445 452 447 453 450 423 424 444 475 454 474 455 443 426 457 456 476 458 459 427 477 425 428 442 478 473 460 441 429 462 479 440 463 461 472 466 464 480 465 430 439 468 431
421 422 446 448 451 449 452 423 445 453 447 424 450 454 444 475 455 443 474 426 456 457 425 458 427 476 459 428 477 442 478 460 429 473 441 462 479 461 463 440 472 464 466 465 480 430 439 468 431 467
422 448 446 451 449 452 423 453 445 447 424 450 454 455 444 475 474 443 426 456 457 458 425 476 427 459 428 477 442 478 460 429 473 462 479 463 461 441 440 472 464 466 465 480 430 439 468 431 467 432
451 452 448 423 446 449 424 453 454 450 447 445 455 426 456 425 457 427 444 475 458 428 459 476 474 443 477 429 460 478 442 462 461 463 479 473 441 464 440 466 430 465 472 480 431 468 467 432 439 434
424 452 451 453 454 455 449 426 448 456 450 457 427 425 428 446 458 447 459 476 477 445 475 429 460 444 474 462 478 461 463 443 479 464 430 465 466 442 473 431 472 480 468 441 440 467 432 434 433 469
454 452 453 451 426 455 456 457 427 449 425 448 450 428 458 459 476 447 446 477 445 429 460 475 462 461 478 444 474 463 443 479 464 430 465 466 442 473 431 468 480 472 432 467 441 440 434 433 469 470
427 426 456 428 457 454 429 455 452 453 459 451 458 460 476 477 449 461 450 448 462 447 430 446 463 445 478 464 465 475 479 466 444 474 431 432 443 468 467 434 433 473 480 442 472 435 469 470 441 440
456 427 428 457 454 455 459 458 453 429 452 476 477 460 451 450 461 462 449 448 447 463 478 446 430 464 445 479 465 475 466 474 444 431 432 468 467 443 434 433 480 473 472 442 469 435 470 440 441 436
428 456 457 454 429 455 459 458 460 477 453 476 452 461 451 462 450 449 463 448 430 447 478 464 446 465 479 445 466 475 431 474 444 432 468 467 434 433 443 480 473 472 442 435 469 470 440 441 436 437
456 457 459 454 429 460 458 455 477 476 461 462 453 452 463 451 450 449 430 478 464 448 447 465 479 466 446 445 431 475 432 468 467 474 444 434 433 480 443 473 472 435 469 442 470 440 441 436 437 471
460 461 456 457 462 430 459 458 477 454 463 455 464 476 465 453 452 478 431 466 451 450 432 479 449 467 434 433 468 448 447 446 445 475 435 474 444 480 469 470 472 443 473 436 437 442 440 471 441 439
461 460 464 462 465 431 432 463 434 433 466 467 468 459 477 457 456 458 476 478 435 479 455 454 453 450 452 469 451 449 480 470 447 436 448 437 475 445 472 446 474 444 471 473 443 442 438 440 441 439
432 467 434 433 465 464 468 466 463 435 462 461 479 460 478 469 477 470 459 476 458 436 480 437 457 456 455 454 472 471 450 453 452 447 449 451 475 473 448 438 474 445 444 446 439 440 443 442 441 0
434 433 467 465 468 464 435 466 463 461 462 479 460 469 478 436 470 477 459 458 476 437 480 457 456 455 454 471 472 450 453 452 447 449 451 475 438 473 448 474 445 444 446 439 440 443 441 442 0 0
434 467 435 468 465 464 466 463 462 469 461 479 436 470 460 478 437 480 477 459 476 458 457 471 456 455 472 454 450 438 453 447 452 473 449 475 451 448 474 445 444 439 446 440 441 443 442 0 0 0
467 468 435 465 464 466 463 462 469 461 479 436 470 478 460 437 480 477 459 476 458 457 471 456 455 472 454 450 453 438 447 452 473 449 475 451 448 474 445 444 439 446 440 441 443 442 0 0 0 0
467 468 465 466 436 464 469 437 470 463 479 462 461 478 480 460 471 477 459 476 458 472 438 457 456 455 454 450 473 453 447 475 452 449 451 439 474 448 445 444 440 446 441 442 443 0 0 0 0 0
437 469 470 471 468 438 480 467 466 479 472 465 464 478 463 462 439 473 461 477 476 460 458 459 440 475 455 441 457 450 474 447 456 444 454 453 442 445 449 452 448 443 451 446 0 0 0 0 0 0
470 469 471 438 480 468 467 472 466 479 465 478 464 463 439 473 462 477 461 440 476 458 459 460 441 475 474 450 455 447 457 444 442 456 454 445 453 449 443 452 448 451 446 0 0 0 0 0 0 0
471 470 469 480 439 472 473 440 468 479 467 441 466 478 465 463 442 464 475 474 444 477 476 462 443 447 458 450 459 461 445 455 460 449 457 453 448 454 446 456 452 451 0 0 0 0 0 0 0 0
440 441 473 472 442 480 471 474 475 444 443 470 469 479 445 478 447 450 446 449 476 448 466 477 468 458 453 463 455 459 451 452 467 465 454 464 462 457 456 461 460 0 0 0 0 0 0 0 0 0
441 473 442 472 474 443 444 475 445 480 447 446 450 449 471 448 478 479 470 476 453 451 469 477 452 455 458 459 454 466 463 457 468 456 462 465 464 467 460 461 0 0 0 0 0 0 0 0 0 0
442 473 443 474 444 475 472 445 447 480 446 450 449 448 478 479 451 453 471 452 476 455 477 470 458 454 459 469 457 466 463 456 462 468 465 464 460 461 467 0 0 0 0 0 0 0 0 0 0 0
443 444 474 473 475 445 447 446 448 449 472 450 451 453 452 480 476 455 478 454 477 479 458 459 457 456 471 463 470 466 469 462 460 461 464 468 465 467 0 0 0 0 0 0 0 0 0 0 0 0
444 474 445 475 446 447 448 449 473 450 451 452 453 455 454 472 476 458 477 478 459 457 456 479 480 463 462 460 466 461 470 464 469 465 471 468 467 0 0 0 0 0 0 0 0 0 0 0 0 0
474 475 445 447 446 448 449 450 473 451 453 452 455 476 454 458 477 472 478 459 457 479 456 480 463 462 460 466 461 464 465 470 469 468 471 467 0 0 0 0 0 0 0 0 0 0 0 0 0 0
447 446 475 448 474 449 450 451 453 452 455 454 476 458 473 477 459 457 456 478 479 472 463 462 460 480 461 466 464 465 468 470 469 467 471 0 0 0 0 0 0 0 0 0 0 0 0 0 0 0
448 449 447 451 452 450 453 475 474 454 455 476 458 457 456 459 477 473 478 479 460 462 463 472 461 480 466 464 465 468 467 469 470 471 0 0 0 0 0 0 0 0 0 0 0 0 0 0 0 0
450 449 448 475 453 474 451 452 455 454 476 458 477 459 457 456 478 473 479 463 462 460 472 461 480 466 464 465 468 469 467 470 471 0 0 0 0 0 0 0 0 0 0 0 0 0 0 0 0 0
449 451 452 453 450 454 475 455 474 476 458 457 456 459 477 478 473 460 479 462 463 461 472 466 464 480 465 468 467 469 470 471 0 0 0 0 0 0 0 0 0 0 0 0 0 0 0 0 0 0
451 450 453 452 454 455 475 474 476 458 457 459 456 477 478 460 479 473 462 463 461 472 466 464 480 465 468 467 469 470 471 0 0 0 0 0 0 0 0 0 0 0 0 0 0 0 0 0 0 0
453 452 451 455 454 476 475 458 459 477 457 474 456 478 479 460 462 463 473 461 466 472 464 480 465 468 467 469 470 471 0 0 0 0 0 0 0 0 0 0 0 0 0 0 0 0 0 0 0 0
452 453 454 455 456 457 458 476 459 475 477 474 478 460 462 461 463 479 473 464 466 465 472 480 468 467 469 470 471 0 0 0 0 0 0 0 0 0 0 0 0 0 0 0 0 0 0 0 0 0
453 454 455 456 457 458 459 476 477 475 474 460 478 462 461 463 479 473 464 466 465 472 480 468 467 469 470 471 0 0 0 0 0 0 0 0 0 0 0 0 0 0 0 0 0 0 0 0 0 0
454 455 457 456 458 476 459 477 475 474 478 460 462 463 461 479 464 473 466 465 472 480 468 467 469 470 471 0 0 0 0 0 0 0 0 0 0 0 0 0 0 0 0 0 0 0 0 0 0 0
455 457 456 458 459 476 477 460 462 478 461 463 475 474 479 464 465 466 473 468 480 467 472 469 470 471 0 0 0 0 0 0 0 0 0 0 0 0 0 0 0 0 0 0 0 0 0 0 0 0
458 457 459 476 456 477 460 478 462 461 463 475 479 474 464 466 465 473 468 480 467 472 469 470 471 0 0 0 0 0 0 0 0 0 0 0 0 0 0 0 0 0 0 0 0 0 0 0 0 0
457 459 458 476 477 460 462 461 463 478 464 479 465 466 475 474 468 467 480 473 472 469 470 471 0 0 0 0 0 0 0 0 0 0 0 0 0 0 0 0 0 0 0 0 0 0 0 0 0 0
459 458 476 477 460 462 461 463 478 464 479 465 466 475 474 468 467 480 473 472 469 470 471 0 0 0 0 0 0 0 0 0 0 0 0 0 0 0 0 0 0 0 0 0 0 0 0 0 0 0
459 476 477 460 462 478 463 461 479 464 466 465 475 474 468 467 480 473 472 469 470 471 0 0 0 0 0 0 0 0 0 0 0 0 0 0 0 0 0 0 0 0 0 0 0 0 0 0 0 0
477 476 460 462 478 463 461 479 464 465 466 475 474 468 467 480 472 473 469 470 471 0 0 0 0 0 0 0 0 0 0 0 0 0 0 0 0 0 0 0 0 0 0 0 0 0 0 0 0 0
461 462 463 477 464 476 465 478 466 479 467 468 475 480 469 474 470 472 473 471 0 0 0 0 0 0 0 0 0 0 0 0 0 0 0 0 0 0 0 0 0 0 0 0 0 0 0 0 0 0
462 463 464 465 477 466 476 478 479 467 468 469 480 475 470 472 474 473 471 0 0 0 0 0 0 0 0 0 0 0 0 0 0 0 0 0 0 0 0 0 0 0 0 0 0 0 0 0 0 0
463 464 465 477 466 476 478 479 468 467 480 469 475 470 472 474 473 471 0 0 0 0 0 0 0 0 0 0 0 0 0 0 0 0 0 0 0 0 0 0 0 0 0 0 0 0 0 0 0 0
464 465 466 478 479 477 476 468 467 480 469 470 472 475 474 473 471 0 0 0 0 0 0 0 0 0 0 0 0 0 0 0 0 0 0 0 0 0 0 0 0 0 0 0 0 0 0 0 0 0
465 466 467 468 479 478 477 476 469 480 470 472 475 471 474 473 0 0 0 0 0 0 0 0 0 0 0 0 0 0 0 0 0 0 0 0 0 0 0 0 0 0 0 0 0 0 0 0 0 0
466 467 468 479 478 477 476 469 480 470 472 471 475 473 474 0 0 0 0 0 0 0 0 0 0 0 0 0 0 0 0 0 0 0 0 0 0 0 0 0 0 0 0 0 0 0 0 0 0 0
468 467 479 478 477 469 476 480 470 472 471 475 473 474 0 0 0 0 0 0 0 0 0 0 0 0 0 0 0 0 0 0 0 0 0 0 0 0 0 0 0 0 0 0 0 0 0 0 0 0
468 469 479 470 478 480 477 476 471 472 473 475 474 0 0 0 0 0 0 0 0 0 0 0 0 0 0 0 0 0 0 0 0 0 0 0 0 0 0 0 0 0 0 0 0 0 0 0 0 0
469 479 470 478 480 477 476 472 471 473 475 474 0 0 0 0 0 0 0 0 0 0 0 0 0 0 0 0 0 0 0 0 0 0 0 0 0 0 0 0 0 0 0 0 0 0 0 0 0 0
470 480 471 479 472 478 473 477 476 475 474 0 0 0 0 0 0 0 0 0 0 0 0 0 0 0 0 0 0 0 0 0 0 0 0 0 0 0 0 0 0 0 0 0 0 0 0 0 0 0
480 471 472 479 478 473 477 476 475 474 0 0 0 0 0 0 0 0 0 0 0 0 0 0 0 0 0 0 0 0 0 0 0 0 0 0 0 0 0 0 0 0 0 0 0 0 0 0 0 0
480 472 479 473 478 475 474 477 476 0 0 0 0 0 0 0 0 0 0 0 0 0 0 0 0 0 0 0 0 0 0 0 0 0 0 0 0 0 0 0 0 0 0 0 0 0 0 0 0 0
480 473 479 478 475 474 476 477 0 0 0 0 0 0 0 0 0 0 0 0 0 0 0 0 0 0 0 0 0 0 0 0 0 0 0 0 0 0 0 0 0 0 0 0 0 0 0 0 0 0
474 475 480 478 479 476 477 0 0 0 0 0 0 0 0 0 0 0 0 0 0 0 0 0 0 0 0 0 0 0 0 0 0 0 0 0 0 0 0 0 0 0 0 0 0 0 0 0 0 0
475 476 478 477 479 480 0 0 0 0 0 0 0 0 0 0 0 0 0 0 0 0 0 0 0 0 0 0 0 0 0 0 0 0 0 0 0 0 0 0 0 0 0 0 0 0 0 0 0 0
476 477 478 479 480 0 0 0 0 0 0 0 0 0 0 0 0 0 0 0 0 0 0 0 0 0 0 0 0 0 0 0 0 0 0 0 0 0 0 0 0 0 0 0 0 0 0 0 0 0
477 478 479 480 0 0 0 0 0 0 0 0 0 0 0 0 0 0 0 0 0 0 0 0 0 0 0 0 0 0 0 0 0 0 0 0 0 0 0 0 0 0 0 0 0 0 0 0 0 0
478 479 480 0 0 0 0 0 0 0 0 0 0 0 0 0 0 0 0 0 0 0 0 0 0 0 0 0 0 0 0 0 0 0 0 0 0 0 0 0 0 0 0 0 0 0 0 0 0 0
479 480 0 0 0 0 0 0 0 0 0 0 0 0 0 0 0 0 0 0 0 0 0 0 0 0 0 0 0 0 0 0 0 0 0 0 0 0 0 0 0 0 0 0 0 0 0 0 0 0
480 0 0 0 0 0 0 0 0 0 0 0 0 0 0 0 0 0 0 0 0 0 0 0 0 0 0 0 0 0 0 0 0 0 0 0 0 0 0 0 0 0 0 0 0 0 0 0 0 0
0 0 0 0 0 0 0 0 0 0 0 0 0 0 0 0 0 0 0 0 0 0 0 0 0 0 0 0 0 0 0 0 0 0 0 0 0 0 0 0 0 0 0 0 0 0 0 0 0 0
