8 3 5 4 7
14 3 13 33 4
4 14 2 16 5
3 14 16 15 38
17 6 16 4 7
17 5 7 18 19
19 6 20 18 8
7 1 20 6 10
24 25 23 21 22
25 9 24 26 23
12 30 29 61 62
30 11 13 29 31
31 30 33 32 12
4 2 3 37 35
16 38 4 40 39
15 5 40 4 17
6 5 18 16 7
19 44 7 6 45
18 44 45 7 46
46 7 45 19 44
23 24 9 22 25
23 24 21 9 25
24 22 9 21 25
23 9 22 25 21
9 10 24 23 22
27 52 10 53 51
26 52 53 51 55
60 59 56 58 57
61 62 30 12 63
12 29 13 31 11
13 32 30 33 66
33 66 31 34 13
32 34 35 36 37
35 36 37 33 32
36 37 34 67 33
35 37 34 67 33
36 35 34 67 33
15 14 4 16 69
41 40 70 15 69
41 39 16 70 15
39 40 70 42 105
43 71 72 41 40
42 71 72 74 18
45 19 46 18 20
46 44 19 47 20
45 44 20 47 19
46 45 77 44 78
49 22 24 25 23
82 48 50 51 83
83 51 54 53 52
50 52 83 53 54
53 27 51 55 26
52 55 54 51 86
86 53 55 51 50
53 54 52 86 56
58 57 59 55 60
58 56 59 88 60
57 56 59 88 60
56 58 57 60 28
59 89 28 56 58
62 29 92 11 30
61 29 92 93 63
64 65 94 29 92
63 65 94 92 29
66 64 63 94 96
32 65 33 31 34
37 36 35 34 99
99 100 98 139 138
102 39 70 104 38
41 39 105 104 40
72 43 73 42 74
74 71 73 43 76
74 72 75 110 111
76 75 72 73 113
76 113 74 73 111
75 74 113 73 72
78 47 150 152 46
77 47 22 21 23
114 81 80 115 153
81 79 48 49 114
80 79 115 82 49
115 49 117 118 83
50 51 54 86 84
85 87 120 119 86
84 87 120 122 121
54 87 55 85 84
85 86 84 54 83
123 57 58 56 87
60 58 123 90 57
91 127 130 89 132
132 130 131 90 129
93 62 61 63 64
92 133 62 63 64
96 95 64 65 63
96 94 137 65 64
95 94 65 137 64
67 66 36 35 37
138 99 100 173 68
68 98 100 138 67
98 99 69 101 102
103 102 104 143 142
104 101 69 103 70
104 102 105 70 69
103 102 105 101 70
104 70 107 108 103
108 107 109 105 146
108 109 106 146 148
107 109 106 146 148
108 107 106 148 146
73 148 71 111 72
112 113 75 73 110
111 113 75 149 76
75 76 111 112 74
79 80 153 152 81
82 117 116 81 118
117 154 115 118 82
116 115 118 82 154
117 82 83 115 119
120 121 122 85 84
119 121 122 85 84
122 120 119 85 84
121 120 119 85 84
88 124 89 125 58
123 125 126 199 200
126 127 162 124 128
125 127 162 128 124
126 128 125 162 129
129 164 127 162 130
164 130 131 132 127
132 91 131 129 128
132 130 129 91 164
131 130 91 129 128
134 166 135 136 93
135 136 166 133 167
136 134 166 167 133
135 134 166 167 133
168 170 169 95 96
100 139 173 140 99
140 141 100 138 98
139 100 138 175 176
140 139 100 175 176
177 176 101 143 103
103 144 101 178 145
145 146 143 105 147
146 144 105 147 143
145 144 147 105 107
146 145 144 180 218
110 108 107 180 147
150 151 112 152 223
152 151 149 77 188
152 150 149 188 187
151 150 188 149 114
226 114 188 79 225
116 117 115 153 79
156 194 157 160 159
157 159 160 161 158
156 159 158 160 161
157 161 159 160 156
160 161 157 156 158
159 161 156 157 158
159 160 158 157 156
163 126 128 125 127
164 128 126 125 127
129 163 162 131 130
167 166 206 205 207
135 136 167 134 133
166 207 165 136 135
137 169 170 207 136
168 170 137 208 207
169 168 137 208 245
209 246 247 172 245
173 174 138 98 171
172 174 138 98 210
173 210 172 138 175
176 211 177 141 212
175 177 211 142 141
142 176 175 141 214
179 214 143 215 142
178 215 218 214 216
181 182 219 220 147
220 222 182 219 183
183 181 220 148 180
182 181 186 185 148
186 222 220 181 183
186 184 183 182 220
185 184 183 182 220
224 225 260 151 223
187 151 225 152 226
190 229 191 230 192
189 191 229 192 230
190 189 192 193 229
193 191 155 194 190
192 191 155 194 190
155 193 192 156 195
196 197 198 161 160
195 197 198 233 161
196 195 233 198 236
199 237 200 239 196
198 200 237 239 124
199 198 237 239 241
202 164 163 203 128
203 164 243 163 204
204 202 205 201 243
203 206 165 202 201
204 206 203 165 243
205 204 165 244 243
167 166 136 135 168
169 170 246 209 168
246 171 245 247 208
211 212 173 175 172
212 175 176 250 213
211 250 251 213 175
251 252 214 212 250
178 179 213 215 177
216 217 218 179 254
215 217 218 254 179
216 215 218 254 179
217 215 216 179 147
221 222 220 181 255
181 222 221 219 182
256 222 219 220 181
181 221 219 184 182
224 259 187 260 258
259 223 260 187 258
226 187 188 261 260
153 225 188 227 187
262 263 228 226 225
263 265 264 262 229
189 190 265 230 191
189 229 232 190 191
232 266 230 293 191
231 266 230 293 267
235 234 236 238 237
235 233 238 236 268
234 233 238 236 240
237 239 240 241 238
239 241 236 240 238
240 241 236 235 239
241 237 240 236 238
241 239 237 238 236
240 239 237 236 238
238 271 270 240 241
205 203 206 202 244
243 205 204 165 167
246 208 209 171 278
245 209 208 247 171
209 279 246 171 248
249 280 281 250 247
281 248 280 250 210
251 252 212 211 249
252 250 213 283 212
251 250 213 283 212
285 254 321 217 216
253 216 255 215 218
219 254 221 286 330
221 222 220 287 219
287 288 258 256 289
259 290 289 257 260
260 224 258 223 261
259 224 261 187 258
291 260 225 259 333
263 227 228 264 265
228 262 264 265 227
265 228 263 262 229
264 228 229 263 189
232 231 267 293 230
268 266 294 234 233
269 295 294 234 270
295 270 268 297 296
271 269 242 297 295
270 242 269 297 272
273 271 297 270 296
272 300 301 299 271
275 244 276 206 207
276 274 347 306 277
275 277 306 274 278
278 306 307 276 308
277 307 306 308 279
247 308 309 278 246
249 311 248 281 310
249 282 316 280 250
316 315 317 318 281
252 251 284 282 213
285 283 320 253 318
284 253 320 321 323
330 328 326 329 325
257 256 286 221 255
287 257 256 286 221
290 331 258 257 259
258 257 291 259 260
333 261 332 290 260
293 370 371 334 335
292 266 231 232 230
295 268 269 296 267
296 297 294 268 270
297 295 269 270 271
269 295 270 271 272
299 301 341 302 300
300 273 272 374 376
301 302 299 298 303
302 299 300 298 303
301 299 303 300 298
302 301 299 298 304
305 303 302 301 300
304 303 346 302 345
277 307 278 347 276
306 278 277 308 309
309 307 310 279 278
308 310 279 307 348
309 350 308 311 348
312 313 280 351 315
313 314 315 316 311
312 314 315 351 316
313 312 317 316 318
314 316 317 312 313
282 315 317 314 312
318 319 315 316 314
317 319 315 316 314
318 317 353 315 314
284 285 319 360 353
323 322 324 360 326
360 362 323 324 361
324 322 321 325 360
325 323 327 329 322
324 329 327 328 326
328 330 325 324 286
329 325 324 328 326
330 326 325 286 329
327 325 324 328 330
328 326 286 325 329
289 290 257 363 258
333 291 405 363 406
291 332 261 290 227
292 336 294 337 293
294 336 337 295 267
337 338 373 340 339
336 338 340 339 373
336 340 339 341 296
340 341 338 298 299
339 341 338 337 298
298 299 340 339 342
343 376 341 375 377
377 344 342 376 375
377 343 376 378 345
344 343 305 304 342
345 344 380 305 381
306 307 277 276 275
349 385 386 388 350
348 385 386 388 350
388 385 386 349 389
394 396 392 313 352
396 394 351 314 395
354 319 356 318 357
355 353 397 398 356
354 353 397 398 356
357 358 359 401 400
358 359 355 354 353
401 359 357 356 400
358 401 357 356 361
322 362 361 323 359
362 359 401 360 322
361 322 360 359 324
405 404 406 332 331
365 366 367 369 368
366 364 367 368 369
365 364 367 368 369
369 368 365 366 408
367 369 408 365 366
408 367 368 409 407
292 409 372 408 368
292 409 372 408 368
334 335 410 371 370
374 338 411 336 337
375 373 413 376 342
376 374 413 342 377
375 377 343 342 344
344 343 376 378 342
414 344 377 416 376
380 416 381 417 420
379 381 345 416 378
380 379 345 346 420
422 423 424 452 451
384 425 427 426 429
383 425 427 429 426
386 388 349 387 350
385 388 349 387 350
386 388 385 429 390
386 385 387 349 350
391 392 390 388 393
393 391 389 392 430
392 393 389 395 394
391 389 394 395 393
395 390 391 392 430
396 395 351 392 391
393 394 396 391 392
394 395 352 351 392
398 354 355 400 353
397 400 355 354 356
435 433 434 400 398
358 398 356 357 359
358 359 400 357 356
435 401 400 361 399
436 437 404 363 470
405 406 438 363 471
406 404 438 363 332
405 438 404 363 471
439 408 409 369 367
409 369 407 367 368
408 369 407 439 368
441 442 440 411 372
412 373 413 442 374
413 411 374 443 373
412 375 374 411 376
378 416 417 415 413
446 417 418 445 419
420 414 379 415 418
416 420 418 415 446
419 446 421 420 448
418 421 446 448 420
421 418 419 422 417
420 419 418 422 448
421 420 419 451 418
424 452 451 453 454
423 454 452 453 451
383 384 427 426 456
456 427 428 457 454
426 428 456 457 425
456 427 457 426 459
387 460 428 384 427
393 390 395 391 461
432 467 434 433 465
431 434 433 467 399
434 432 467 399 431
433 432 467 431 399
402 399 433 400 434
437 403 469 470 471
436 470 469 471 403
406 404 405 471 364
407 408 409 440 369
441 473 410 439 442
410 442 473 439 411
443 441 410 411 412
444 442 474 412 413
474 475 443 445 447
447 446 415 444 475
418 419 415 448 421
450 449 445 448 475
449 419 418 446 451
448 451 450 447 453
447 449 453 448 452
452 453 449 423 448
453 423 424 449 448
452 451 423 449 454
455 424 457 456 453
454 458 457 459 476
426 457 428 427 454
456 428 426 459 455
459 476 477 455 457
458 477 476 457 455
461 462 429 428 459
462 460 463 464 430
461 463 460 464 465
462 464 465 466 461
465 463 466 431 462
464 431 466 463 467
465 468 464 463 467
434 468 433 431 432
467 466 431 434 433
470 437 436 480 468
469 437 436 480 471
438 437 470 404 406
480 473 439 470 440
440 441 472 442 474
444 475 445 443 447
474 444 445 447 443
477 458 459 455 457
476 458 459 455 457
479 477 463 476 466
478 466 463 477 480
470 469 479 471 478
